0	-0.000112442
5.49106e-14	-0.000113465
1.09821e-13	-0.000114491
1.64732e-13	-0.000115521
2.19642e-13	-0.000116554
2.74553e-13	-0.000117591
3.29464e-13	-0.000118631
3.84374e-13	-0.000119674
4.39285e-13	-0.00012072
4.94195e-13	-0.000121769
5.49106e-13	-0.00012282
6.04017e-13	-0.000123875
6.58927e-13	-0.000124932
7.13838e-13	-0.000125992
7.68748e-13	-0.000127053
8.23659e-13	-0.000128118
8.78569e-13	-0.000129184
9.3348e-13	-0.000130252
9.88391e-13	-0.000131322
1.0433e-12	-0.000132393
1.09821e-12	-0.000133466
1.15312e-12	-0.000134541
1.20803e-12	-0.000135616
1.26294e-12	-0.000136693
1.31785e-12	-0.000137771
1.37276e-12	-0.000138849
1.42768e-12	-0.000139928
1.48259e-12	-0.000141007
1.5375e-12	-0.000142086
1.59241e-12	-0.000143166
1.64732e-12	-0.000144245
1.70223e-12	-0.000145324
1.75714e-12	-0.000146403
1.81205e-12	-0.000147481
1.86696e-12	-0.000148558
1.92187e-12	-0.000149634
1.97678e-12	-0.000150708
2.03169e-12	-0.000151781
2.0866e-12	-0.000152853
2.14151e-12	-0.000153922
2.19642e-12	-0.000154989
2.25133e-12	-0.000156054
2.30624e-12	-0.000157116
2.36116e-12	-0.000158176
2.41607e-12	-0.000159232
2.47098e-12	-0.000160285
2.52589e-12	-0.000161334
2.5808e-12	-0.00016238
2.63571e-12	-0.000163421
2.69062e-12	-0.000164458
2.74553e-12	-0.000165491
2.80044e-12	-0.000166519
2.85535e-12	-0.000167541
2.91026e-12	-0.000168558
2.96517e-12	-0.000169569
3.02008e-12	-0.000170574
3.07499e-12	-0.000171573
3.1299e-12	-0.000172565
3.18481e-12	-0.000173551
3.23973e-12	-0.000174529
3.29464e-12	-0.000175499
3.34955e-12	-0.000176462
3.40446e-12	-0.000177416
3.45937e-12	-0.000178362
3.51428e-12	-0.000179299
3.56919e-12	-0.000180227
3.6241e-12	-0.000181145
3.67901e-12	-0.000182053
3.73392e-12	-0.000182951
3.78883e-12	-0.000183838
3.84374e-12	-0.000184715
3.89865e-12	-0.000185579
3.95356e-12	-0.000186432
4.00847e-12	-0.000187273
4.06338e-12	-0.000188101
4.11829e-12	-0.000188916
4.17321e-12	-0.000189718
4.22812e-12	-0.000190506
4.28303e-12	-0.000191279
4.33794e-12	-0.000192038
4.39285e-12	-0.000192782
4.44776e-12	-0.00019351
4.50267e-12	-0.000194223
4.55758e-12	-0.000194918
4.61249e-12	-0.000195597
4.6674e-12	-0.000196259
4.72231e-12	-0.000196902
4.77722e-12	-0.000197527
4.83213e-12	-0.000198133
4.88704e-12	-0.00019872
4.94195e-12	-0.000199287
4.99686e-12	-0.000199834
5.05177e-12	-0.00020036
5.10669e-12	-0.000200864
5.1616e-12	-0.000201346
5.21651e-12	-0.000201806
5.27142e-12	-0.000202243
5.32633e-12	-0.000202656
5.38124e-12	-0.000203045
5.43615e-12	-0.000203409
5.49106e-12	-0.000203748
5.54597e-12	-0.000204061
5.60088e-12	-0.000204348
5.65579e-12	-0.000204607
5.7107e-12	-0.000204839
5.76561e-12	-0.000205042
5.82052e-12	-0.000205216
5.87543e-12	-0.000205361
5.93034e-12	-0.000205476
5.98525e-12	-0.000205559
6.04017e-12	-0.000205611
6.09508e-12	-0.000205631
6.14999e-12	-0.000205617
6.2049e-12	-0.000205571
6.25981e-12	-0.00020549
6.31472e-12	-0.000205373
6.36963e-12	-0.000205222
6.42454e-12	-0.000205033
6.47945e-12	-0.000204808
6.53436e-12	-0.000204544
6.58927e-12	-0.000204242
6.64418e-12	-0.000203901
6.69909e-12	-0.000203519
6.754e-12	-0.000203096
6.80891e-12	-0.000202632
6.86382e-12	-0.000202125
6.91873e-12	-0.000201575
6.97365e-12	-0.00020098
7.02856e-12	-0.000200341
7.08347e-12	-0.000199655
7.13838e-12	-0.000198923
7.19329e-12	-0.000198144
7.2482e-12	-0.000197316
7.30311e-12	-0.000196439
7.35802e-12	-0.000195512
7.41293e-12	-0.000194533
7.46784e-12	-0.000193503
7.52275e-12	-0.00019242
7.57766e-12	-0.000191283
7.63257e-12	-0.000190092
7.68748e-12	-0.000188844
7.74239e-12	-0.000187541
7.7973e-12	-0.000186179
7.85221e-12	-0.000184759
7.90713e-12	-0.00018328
7.96204e-12	-0.00018174
8.01695e-12	-0.000180139
8.07186e-12	-0.000178475
8.12677e-12	-0.000176747
8.18168e-12	-0.000174955
8.23659e-12	-0.000173098
8.2915e-12	-0.000171173
8.34641e-12	-0.000169181
8.40132e-12	-0.00016712
8.45623e-12	-0.000164989
8.51114e-12	-0.000162787
8.56605e-12	-0.000160513
8.62096e-12	-0.000158166
8.67587e-12	-0.000155744
8.73078e-12	-0.000153247
8.78569e-12	-0.000150673
8.84061e-12	-0.000148021
8.89552e-12	-0.00014529
8.95043e-12	-0.000142479
9.00534e-12	-0.000139586
9.06025e-12	-0.000136611
9.11516e-12	-0.000133551
9.17007e-12	-0.000130407
9.22498e-12	-0.000127176
9.27989e-12	-0.000123858
9.3348e-12	-0.000120451
9.38971e-12	-0.000116953
9.44462e-12	-0.000113364
9.49953e-12	-0.000109683
9.55444e-12	-0.000105907
9.60935e-12	-0.000102036
9.66426e-12	-9.80676e-05
9.71918e-12	-9.40015e-05
9.77409e-12	-8.98358e-05
9.829e-12	-8.55693e-05
9.88391e-12	-8.12005e-05
9.93882e-12	-7.6728e-05
9.99373e-12	-7.21505e-05
1.00486e-11	-6.74664e-05
1.01035e-11	-6.26745e-05
1.01585e-11	-5.77731e-05
1.02134e-11	-5.27609e-05
1.02683e-11	-4.76364e-05
1.03232e-11	-4.23981e-05
1.03781e-11	-3.70445e-05
1.0433e-11	-3.15741e-05
1.04879e-11	-2.59853e-05
1.05428e-11	-2.02767e-05
1.05977e-11	-1.44468e-05
1.06527e-11	-8.4938e-06
1.07076e-11	-2.41633e-06
1.07625e-11	3.78726e-06
1.08174e-11	1.01185e-05
1.08723e-11	1.65791e-05
1.09272e-11	2.31706e-05
1.09821e-11	2.98947e-05
1.1037e-11	3.67529e-05
1.10919e-11	4.3747e-05
1.11469e-11	5.08786e-05
1.12018e-11	5.81493e-05
1.12567e-11	6.55609e-05
1.13116e-11	7.31151e-05
1.13665e-11	8.08136e-05
1.14214e-11	8.86581e-05
1.14763e-11	9.66503e-05
1.15312e-11	0.000104792
1.15861e-11	0.000113085
1.1641e-11	0.000121531
1.1696e-11	0.000130132
1.17509e-11	0.000138889
1.18058e-11	0.000147805
1.18607e-11	0.000156881
1.19156e-11	0.000166119
1.19705e-11	0.000175521
1.20254e-11	0.000185089
1.20803e-11	0.000194824
1.21352e-11	0.000204729
1.21902e-11	0.000214805
1.22451e-11	0.000225054
1.23e-11	0.000235479
1.23549e-11	0.000246081
1.24098e-11	0.000256862
1.24647e-11	0.000267823
1.25196e-11	0.000278968
1.25745e-11	0.000290298
1.26294e-11	0.000301814
1.26843e-11	0.000313519
1.27393e-11	0.000325415
1.27942e-11	0.000337505
1.28491e-11	0.000349788
1.2904e-11	0.000362269
1.29589e-11	0.000374949
1.30138e-11	0.00038783
1.30687e-11	0.000400914
1.31236e-11	0.000414203
1.31785e-11	0.000427699
1.32335e-11	0.000441405
1.32884e-11	0.000455322
1.33433e-11	0.000469452
1.33982e-11	0.000483798
1.34531e-11	0.000498362
1.3508e-11	0.000513146
1.35629e-11	0.000528152
1.36178e-11	0.000543382
1.36727e-11	0.000558838
1.37276e-11	0.000574523
1.37826e-11	0.000590439
1.38375e-11	0.000606588
1.38924e-11	0.000622972
1.39473e-11	0.000639593
1.40022e-11	0.000656454
1.40571e-11	0.000673556
1.4112e-11	0.000690903
1.41669e-11	0.000708495
1.42218e-11	0.000726337
1.42768e-11	0.000744429
1.43317e-11	0.000762774
1.43866e-11	0.000781374
1.44415e-11	0.000800232
1.44964e-11	0.00081935
1.45513e-11	0.00083873
1.46062e-11	0.000858375
1.46611e-11	0.000878286
1.4716e-11	0.000898466
1.47709e-11	0.000918918
1.48259e-11	0.000939643
1.48808e-11	0.000960645
1.49357e-11	0.000981925
1.49906e-11	0.00100349
1.50455e-11	0.00102533
1.51004e-11	0.00104746
1.51553e-11	0.00106987
1.52102e-11	0.00109258
1.52651e-11	0.00111558
1.53201e-11	0.00113887
1.5375e-11	0.00116247
1.54299e-11	0.00118636
1.54848e-11	0.00121055
1.55397e-11	0.00123505
1.55946e-11	0.00125985
1.56495e-11	0.00128496
1.57044e-11	0.00131039
1.57593e-11	0.00133612
1.58143e-11	0.00136218
1.58692e-11	0.00138855
1.59241e-11	0.00141525
1.5979e-11	0.00144226
1.60339e-11	0.00146961
1.60888e-11	0.00149728
1.61437e-11	0.00152528
1.61986e-11	0.00155361
1.62535e-11	0.00158228
1.63084e-11	0.00161129
1.63634e-11	0.00164064
1.64183e-11	0.00167033
1.64732e-11	0.00170036
1.65281e-11	0.00173075
1.6583e-11	0.00176148
1.66379e-11	0.00179256
1.66928e-11	0.001824
1.67477e-11	0.0018558
1.68026e-11	0.00188795
1.68576e-11	0.00192047
1.69125e-11	0.00195335
1.69674e-11	0.00198659
1.70223e-11	0.0020202
1.70772e-11	0.00205419
1.71321e-11	0.00208855
1.7187e-11	0.00212328
1.72419e-11	0.00215839
1.72968e-11	0.00219388
1.73517e-11	0.00222976
1.74067e-11	0.00226601
1.74616e-11	0.00230266
1.75165e-11	0.00233969
1.75714e-11	0.00237712
1.76263e-11	0.00241494
1.76812e-11	0.00245315
1.77361e-11	0.00249177
1.7791e-11	0.00253078
1.78459e-11	0.0025702
1.79009e-11	0.00261002
1.79558e-11	0.00265025
1.80107e-11	0.00269089
1.80656e-11	0.00273194
1.81205e-11	0.0027734
1.81754e-11	0.00281528
1.82303e-11	0.00285757
1.82852e-11	0.00290029
1.83401e-11	0.00294343
1.8395e-11	0.00298699
1.845e-11	0.00303098
1.85049e-11	0.00307539
1.85598e-11	0.00312024
1.86147e-11	0.00316552
1.86696e-11	0.00321123
1.87245e-11	0.00325738
1.87794e-11	0.00330396
1.88343e-11	0.00335099
1.88892e-11	0.00339846
1.89442e-11	0.00344637
1.89991e-11	0.00349473
1.9054e-11	0.00354353
1.91089e-11	0.00359278
1.91638e-11	0.00364249
1.92187e-11	0.00369265
1.92736e-11	0.00374326
1.93285e-11	0.00379432
1.93834e-11	0.00384585
1.94384e-11	0.00389784
1.94933e-11	0.00395028
1.95482e-11	0.00400319
1.96031e-11	0.00405656
1.9658e-11	0.0041104
1.97129e-11	0.00416471
1.97678e-11	0.00421948
1.98227e-11	0.00427473
1.98776e-11	0.00433044
1.99325e-11	0.00438663
1.99875e-11	0.0044433
2.00424e-11	0.00450044
2.00973e-11	0.00455806
2.01522e-11	0.00461615
2.02071e-11	0.00467473
2.0262e-11	0.00473378
2.03169e-11	0.00479332
2.03718e-11	0.00485334
2.04267e-11	0.00491384
2.04817e-11	0.00497483
2.05366e-11	0.00503631
2.05915e-11	0.00509827
2.06464e-11	0.00516072
2.07013e-11	0.00522366
2.07562e-11	0.00528708
2.08111e-11	0.005351
2.0866e-11	0.00541541
2.09209e-11	0.00548031
2.09758e-11	0.00554571
2.10308e-11	0.00561159
2.10857e-11	0.00567797
2.11406e-11	0.00574485
2.11955e-11	0.00581222
2.12504e-11	0.00588008
2.13053e-11	0.00594844
2.13602e-11	0.00601729
2.14151e-11	0.00608664
2.147e-11	0.00615649
2.1525e-11	0.00622683
2.15799e-11	0.00629767
2.16348e-11	0.006369
2.16897e-11	0.00644083
2.17446e-11	0.00651316
2.17995e-11	0.00658598
2.18544e-11	0.0066593
2.19093e-11	0.00673312
2.19642e-11	0.00680743
2.20191e-11	0.00688223
2.20741e-11	0.00695753
2.2129e-11	0.00703333
2.21839e-11	0.00710961
2.22388e-11	0.00718639
2.22937e-11	0.00726366
2.23486e-11	0.00734143
2.24035e-11	0.00741968
2.24584e-11	0.00749843
2.25133e-11	0.00757766
2.25683e-11	0.00765738
2.26232e-11	0.00773759
2.26781e-11	0.00781828
2.2733e-11	0.00789946
2.27879e-11	0.00798112
2.28428e-11	0.00806326
2.28977e-11	0.00814589
2.29526e-11	0.00822899
2.30075e-11	0.00831257
2.30624e-11	0.00839662
2.31174e-11	0.00848115
2.31723e-11	0.00856615
2.32272e-11	0.00865162
2.32821e-11	0.00873755
2.3337e-11	0.00882396
2.33919e-11	0.00891083
2.34468e-11	0.00899816
2.35017e-11	0.00908594
2.35566e-11	0.00917419
2.36116e-11	0.00926289
2.36665e-11	0.00935204
2.37214e-11	0.00944164
2.37763e-11	0.00953169
2.38312e-11	0.00962218
2.38861e-11	0.00971311
2.3941e-11	0.00980448
2.39959e-11	0.00989629
2.40508e-11	0.00998852
2.41058e-11	0.0100812
2.41607e-11	0.0101743
2.42156e-11	0.0102678
2.42705e-11	0.0103617
2.43254e-11	0.0104561
2.43803e-11	0.0105508
2.44352e-11	0.010646
2.44901e-11	0.0107415
2.4545e-11	0.0108375
2.45999e-11	0.0109338
2.46549e-11	0.0110306
2.47098e-11	0.0111277
2.47647e-11	0.0112252
2.48196e-11	0.0113231
2.48745e-11	0.0114213
2.49294e-11	0.01152
2.49843e-11	0.011619
2.50392e-11	0.0117183
2.50941e-11	0.011818
2.51491e-11	0.011918
2.5204e-11	0.0120184
2.52589e-11	0.0121191
2.53138e-11	0.0122202
2.53687e-11	0.0123215
2.54236e-11	0.0124232
2.54785e-11	0.0125252
2.55334e-11	0.0126275
2.55883e-11	0.0127302
2.56432e-11	0.0128331
2.56982e-11	0.0129363
2.57531e-11	0.0130397
2.5808e-11	0.0131435
2.58629e-11	0.0132475
2.59178e-11	0.0133518
2.59727e-11	0.0134563
2.60276e-11	0.0135611
2.60825e-11	0.0136661
2.61374e-11	0.0137713
2.61924e-11	0.0138768
2.62473e-11	0.0139825
2.63022e-11	0.0140884
2.63571e-11	0.0141945
2.6412e-11	0.0143008
2.64669e-11	0.0144072
2.65218e-11	0.0145139
2.65767e-11	0.0146207
2.66316e-11	0.0147277
2.66865e-11	0.0148348
2.67415e-11	0.0149421
2.67964e-11	0.0150495
2.68513e-11	0.015157
2.69062e-11	0.0152647
2.69611e-11	0.0153724
2.7016e-11	0.0154803
2.70709e-11	0.0155882
2.71258e-11	0.0156962
2.71807e-11	0.0158042
2.72357e-11	0.0159124
2.72906e-11	0.0160205
2.73455e-11	0.0161287
2.74004e-11	0.016237
2.74553e-11	0.0163452
2.75102e-11	0.0164535
2.75651e-11	0.0165617
2.762e-11	0.0166699
2.76749e-11	0.0167781
2.77298e-11	0.0168862
2.77848e-11	0.0169943
2.78397e-11	0.0171023
2.78946e-11	0.0172103
2.79495e-11	0.0173182
2.80044e-11	0.0174259
2.80593e-11	0.0175335
2.81142e-11	0.0176411
2.81691e-11	0.0177484
2.8224e-11	0.0178556
2.8279e-11	0.0179627
2.83339e-11	0.0180696
2.83888e-11	0.0181762
2.84437e-11	0.0182827
2.84986e-11	0.018389
2.85535e-11	0.018495
2.86084e-11	0.0186008
2.86633e-11	0.0187063
2.87182e-11	0.0188115
2.87732e-11	0.0189165
2.88281e-11	0.0190211
2.8883e-11	0.0191254
2.89379e-11	0.0192294
2.89928e-11	0.0193331
2.90477e-11	0.0194363
2.91026e-11	0.0195392
2.91575e-11	0.0196417
2.92124e-11	0.0197438
2.92673e-11	0.0198454
2.93223e-11	0.0199466
2.93772e-11	0.0200474
2.94321e-11	0.0201477
2.9487e-11	0.0202474
2.95419e-11	0.0203467
2.95968e-11	0.0204454
2.96517e-11	0.0205436
2.97066e-11	0.0206413
2.97615e-11	0.0207383
2.98165e-11	0.0208348
2.98714e-11	0.0209306
2.99263e-11	0.0210258
2.99812e-11	0.0211204
3.00361e-11	0.0212142
3.0091e-11	0.0213074
3.01459e-11	0.0213999
3.02008e-11	0.0214917
3.02557e-11	0.0215827
3.03106e-11	0.021673
3.03656e-11	0.0217624
3.04205e-11	0.0218511
3.04754e-11	0.0219389
3.05303e-11	0.0220259
3.05852e-11	0.022112
3.06401e-11	0.0221973
3.0695e-11	0.0222816
3.07499e-11	0.0223651
3.08048e-11	0.0224475
3.08598e-11	0.022529
3.09147e-11	0.0226096
3.09696e-11	0.0226891
3.10245e-11	0.0227676
3.10794e-11	0.022845
3.11343e-11	0.0229213
3.11892e-11	0.0229966
3.12441e-11	0.0230707
3.1299e-11	0.0231437
3.13539e-11	0.0232156
3.14089e-11	0.0232862
3.14638e-11	0.0233556
3.15187e-11	0.0234239
3.15736e-11	0.0234908
3.16285e-11	0.0235565
3.16834e-11	0.0236209
3.17383e-11	0.0236839
3.17932e-11	0.0237456
3.18481e-11	0.0238059
3.19031e-11	0.0238648
3.1958e-11	0.0239223
3.20129e-11	0.0239784
3.20678e-11	0.024033
3.21227e-11	0.0240861
3.21776e-11	0.0241376
3.22325e-11	0.0241876
3.22874e-11	0.0242361
3.23423e-11	0.0242829
3.23973e-11	0.0243281
3.24522e-11	0.0243717
3.25071e-11	0.0244136
3.2562e-11	0.0244538
3.26169e-11	0.0244923
3.26718e-11	0.024529
3.27267e-11	0.0245639
3.27816e-11	0.024597
3.28365e-11	0.0246283
3.28914e-11	0.0246577
3.29464e-11	0.0246852
3.30013e-11	0.0247109
3.30562e-11	0.0247345
3.31111e-11	0.0247562
3.3166e-11	0.0247759
3.32209e-11	0.0247936
3.32758e-11	0.0248092
3.33307e-11	0.0248227
3.33856e-11	0.0248341
3.34406e-11	0.0248433
3.34955e-11	0.0248504
3.35504e-11	0.0248553
3.36053e-11	0.024858
3.36602e-11	0.0248583
3.37151e-11	0.0248564
3.377e-11	0.0248522
3.38249e-11	0.0248457
3.38798e-11	0.0248367
3.39347e-11	0.0248254
3.39897e-11	0.0248116
3.40446e-11	0.0247953
3.40995e-11	0.0247766
3.41544e-11	0.0247553
3.42093e-11	0.0247314
3.42642e-11	0.024705
3.43191e-11	0.0246759
3.4374e-11	0.0246442
3.44289e-11	0.0246098
3.44839e-11	0.0245727
3.45388e-11	0.0245329
3.45937e-11	0.0244902
3.46486e-11	0.0244448
3.47035e-11	0.0243965
3.47584e-11	0.0243453
3.48133e-11	0.0242913
3.48682e-11	0.0242343
3.49231e-11	0.0241743
3.4978e-11	0.0241113
3.5033e-11	0.0240453
3.50879e-11	0.0239763
3.51428e-11	0.0239041
3.51977e-11	0.0238288
3.52526e-11	0.0237503
3.53075e-11	0.0236687
3.53624e-11	0.0235838
3.54173e-11	0.0234956
3.54722e-11	0.0234042
3.55272e-11	0.0233094
3.55821e-11	0.0232113
3.5637e-11	0.0231098
3.56919e-11	0.0230048
3.57468e-11	0.0228964
3.58017e-11	0.0227845
3.58566e-11	0.022669
3.59115e-11	0.02255
3.59664e-11	0.0224274
3.60213e-11	0.0223012
3.60763e-11	0.0221713
3.61312e-11	0.0220377
3.61861e-11	0.0219003
3.6241e-11	0.0217593
3.62959e-11	0.0216144
3.63508e-11	0.0214656
3.64057e-11	0.0213131
3.64606e-11	0.0211566
3.65155e-11	0.0209961
3.65705e-11	0.0208317
3.66254e-11	0.0206634
3.66803e-11	0.0204909
3.67352e-11	0.0203144
3.67901e-11	0.0201338
3.6845e-11	0.019949
3.68999e-11	0.0197601
3.69548e-11	0.019567
3.70097e-11	0.0193696
3.70647e-11	0.0191679
3.71196e-11	0.018962
3.71745e-11	0.0187517
3.72294e-11	0.018537
3.72843e-11	0.0183179
3.73392e-11	0.0180943
3.73941e-11	0.0178663
3.7449e-11	0.0176337
3.75039e-11	0.0173966
3.75588e-11	0.0171549
3.76138e-11	0.0169086
3.76687e-11	0.0166576
3.77236e-11	0.016402
3.77785e-11	0.0161416
3.78334e-11	0.0158765
3.78883e-11	0.0156065
3.79432e-11	0.0153318
3.79981e-11	0.0150522
3.8053e-11	0.0147677
3.8108e-11	0.0144783
3.81629e-11	0.0141839
3.82178e-11	0.0138846
3.82727e-11	0.0135802
3.83276e-11	0.0132708
3.83825e-11	0.0129562
3.84374e-11	0.0126366
3.84923e-11	0.0123118
3.85472e-11	0.0119818
3.86021e-11	0.0116466
3.86571e-11	0.0113061
3.8712e-11	0.0109603
3.87669e-11	0.0106092
3.88218e-11	0.0102528
3.88767e-11	0.00989097
3.89316e-11	0.00952373
3.89865e-11	0.00915104
3.90414e-11	0.00877287
3.90963e-11	0.00838919
3.91513e-11	0.00799997
3.92062e-11	0.00760517
3.92611e-11	0.00720476
3.9316e-11	0.00679872
3.93709e-11	0.006387
3.94258e-11	0.00596959
3.94807e-11	0.00554645
3.95356e-11	0.00511755
3.95905e-11	0.00468285
3.96454e-11	0.00424234
3.97004e-11	0.00379598
3.97553e-11	0.00334373
3.98102e-11	0.00288558
3.98651e-11	0.00242149
3.992e-11	0.00195143
3.99749e-11	0.00147537
4.00298e-11	0.000993293
4.00847e-11	0.000505159
4.01396e-11	1.09428e-05
4.01946e-11	-0.000489383
4.02495e-11	-0.000995845
4.03044e-11	-0.00150847
4.03593e-11	-0.00202729
4.04142e-11	-0.00255233
4.04691e-11	-0.00308361
4.0524e-11	-0.00362117
4.05789e-11	-0.00416502
4.06338e-11	-0.00471519
4.06887e-11	-0.00527172
4.07437e-11	-0.00583462
4.07986e-11	-0.00640392
4.08535e-11	-0.00697964
4.09084e-11	-0.00756181
4.09633e-11	-0.00815046
4.10182e-11	-0.0087456
4.10731e-11	-0.00934726
4.1128e-11	-0.00995546
4.11829e-11	-0.0105702
4.12379e-11	-0.0111916
4.12928e-11	-0.0118196
4.13477e-11	-0.0124542
4.14026e-11	-0.0130954
4.14575e-11	-0.0137433
4.15124e-11	-0.014398
4.15673e-11	-0.0150593
4.16222e-11	-0.0157274
4.16771e-11	-0.0164022
4.17321e-11	-0.0170838
4.1787e-11	-0.0177722
4.18419e-11	-0.0184675
4.18968e-11	-0.0191695
4.19517e-11	-0.0198784
4.20066e-11	-0.0205942
4.20615e-11	-0.0213168
4.21164e-11	-0.0220463
4.21713e-11	-0.0227828
4.22262e-11	-0.0235262
4.22812e-11	-0.0242765
4.23361e-11	-0.0250338
4.2391e-11	-0.0257981
4.24459e-11	-0.0265693
4.25008e-11	-0.0273476
4.25557e-11	-0.0281329
4.26106e-11	-0.0289252
4.26655e-11	-0.0297245
4.27204e-11	-0.0305309
4.27754e-11	-0.0313444
4.28303e-11	-0.0321649
4.28852e-11	-0.0329925
4.29401e-11	-0.0338272
4.2995e-11	-0.034669
4.30499e-11	-0.035518
4.31048e-11	-0.036374
4.31597e-11	-0.0372372
4.32146e-11	-0.0381075
4.32695e-11	-0.0389849
4.33245e-11	-0.0398695
4.33794e-11	-0.0407612
4.34343e-11	-0.0416601
4.34892e-11	-0.0425662
4.35441e-11	-0.0434794
4.3599e-11	-0.0443998
4.36539e-11	-0.0453274
4.37088e-11	-0.0462621
4.37637e-11	-0.047204
4.38187e-11	-0.0481531
4.38736e-11	-0.0491094
4.39285e-11	-0.0500728
4.39834e-11	-0.0510434
4.40383e-11	-0.0520212
4.40932e-11	-0.0530061
4.41481e-11	-0.0539983
4.4203e-11	-0.0549976
4.42579e-11	-0.056004
4.43128e-11	-0.0570176
4.43678e-11	-0.0580384
4.44227e-11	-0.0590663
4.44776e-11	-0.0601014
4.45325e-11	-0.0611436
4.45874e-11	-0.0621929
4.46423e-11	-0.0632493
4.46972e-11	-0.0643129
4.47521e-11	-0.0653835
4.4807e-11	-0.0664612
4.4862e-11	-0.067546
4.49169e-11	-0.0686379
4.49718e-11	-0.0697368
4.50267e-11	-0.0708428
4.50816e-11	-0.0719558
4.51365e-11	-0.0730758
4.51914e-11	-0.0742028
4.52463e-11	-0.0753368
4.53012e-11	-0.0764778
4.53562e-11	-0.0776257
4.54111e-11	-0.0787805
4.5466e-11	-0.0799423
4.55209e-11	-0.0811109
4.55758e-11	-0.0822864
4.56307e-11	-0.0834688
4.56856e-11	-0.084658
4.57405e-11	-0.085854
4.57954e-11	-0.0870568
4.58503e-11	-0.0882664
4.59053e-11	-0.0894826
4.59602e-11	-0.0907056
4.60151e-11	-0.0919353
4.607e-11	-0.0931717
4.61249e-11	-0.0944146
4.61798e-11	-0.0956642
4.62347e-11	-0.0969204
4.62896e-11	-0.0981831
4.63445e-11	-0.0994522
4.63995e-11	-0.100728
4.64544e-11	-0.10201
4.65093e-11	-0.103299
4.65642e-11	-0.104594
4.66191e-11	-0.105895
4.6674e-11	-0.107202
4.67289e-11	-0.108516
4.67838e-11	-0.109836
4.68387e-11	-0.111163
4.68936e-11	-0.112495
4.69486e-11	-0.113834
4.70035e-11	-0.115178
4.70584e-11	-0.116529
4.71133e-11	-0.117886
4.71682e-11	-0.119248
4.72231e-11	-0.120617
4.7278e-11	-0.121991
4.73329e-11	-0.123372
4.73878e-11	-0.124758
4.74428e-11	-0.126149
4.74977e-11	-0.127547
4.75526e-11	-0.12895
4.76075e-11	-0.130358
4.76624e-11	-0.131773
4.77173e-11	-0.133192
4.77722e-11	-0.134617
4.78271e-11	-0.136048
4.7882e-11	-0.137483
4.79369e-11	-0.138924
4.79919e-11	-0.140371
4.80468e-11	-0.141822
4.81017e-11	-0.143278
4.81566e-11	-0.14474
4.82115e-11	-0.146206
4.82664e-11	-0.147678
4.83213e-11	-0.149154
4.83762e-11	-0.150635
4.84311e-11	-0.152121
4.84861e-11	-0.153611
4.8541e-11	-0.155106
4.85959e-11	-0.156606
4.86508e-11	-0.15811
4.87057e-11	-0.159618
4.87606e-11	-0.161131
4.88155e-11	-0.162648
4.88704e-11	-0.164169
4.89253e-11	-0.165694
4.89802e-11	-0.167224
4.90352e-11	-0.168757
4.90901e-11	-0.170294
4.9145e-11	-0.171835
4.91999e-11	-0.17338
4.92548e-11	-0.174929
4.93097e-11	-0.176481
4.93646e-11	-0.178036
4.94195e-11	-0.179595
4.94744e-11	-0.181158
4.95294e-11	-0.182724
4.95843e-11	-0.184293
4.96392e-11	-0.185865
4.96941e-11	-0.18744
4.9749e-11	-0.189018
4.98039e-11	-0.190599
4.98588e-11	-0.192182
4.99137e-11	-0.193769
4.99686e-11	-0.195358
5.00236e-11	-0.196949
5.00785e-11	-0.198543
5.01334e-11	-0.200139
5.01883e-11	-0.201738
5.02432e-11	-0.203339
5.02981e-11	-0.204941
5.0353e-11	-0.206546
5.04079e-11	-0.208152
5.04628e-11	-0.209761
5.05177e-11	-0.211371
5.05727e-11	-0.212982
5.06276e-11	-0.214596
5.06825e-11	-0.21621
5.07374e-11	-0.217826
5.07923e-11	-0.219443
5.08472e-11	-0.221061
5.09021e-11	-0.22268
5.0957e-11	-0.2243
5.10119e-11	-0.22592
5.10669e-11	-0.227541
5.11218e-11	-0.229163
5.11767e-11	-0.230786
5.12316e-11	-0.232408
5.12865e-11	-0.234031
5.13414e-11	-0.235654
5.13963e-11	-0.237277
5.14512e-11	-0.2389
5.15061e-11	-0.240523
5.1561e-11	-0.242146
5.1616e-11	-0.243768
5.16709e-11	-0.245389
5.17258e-11	-0.24701
5.17807e-11	-0.24863
5.18356e-11	-0.250249
5.18905e-11	-0.251867
5.19454e-11	-0.253484
5.20003e-11	-0.2551
5.20552e-11	-0.256714
5.21102e-11	-0.258327
5.21651e-11	-0.259939
5.222e-11	-0.261548
5.22749e-11	-0.263156
5.23298e-11	-0.264762
5.23847e-11	-0.266365
5.24396e-11	-0.267967
5.24945e-11	-0.269566
5.25494e-11	-0.271163
5.26043e-11	-0.272757
5.26593e-11	-0.274348
5.27142e-11	-0.275936
5.27691e-11	-0.277522
5.2824e-11	-0.279104
5.28789e-11	-0.280683
5.29338e-11	-0.282259
5.29887e-11	-0.283831
5.30436e-11	-0.2854
5.30985e-11	-0.286965
5.31535e-11	-0.288525
5.32084e-11	-0.290082
5.32633e-11	-0.291635
5.33182e-11	-0.293183
5.33731e-11	-0.294727
5.3428e-11	-0.296267
5.34829e-11	-0.297801
5.35378e-11	-0.299331
5.35927e-11	-0.300856
5.36477e-11	-0.302375
5.37026e-11	-0.30389
5.37575e-11	-0.305399
5.38124e-11	-0.306902
5.38673e-11	-0.3084
5.39222e-11	-0.309892
5.39771e-11	-0.311377
5.4032e-11	-0.312857
5.40869e-11	-0.314331
5.41418e-11	-0.315798
5.41968e-11	-0.317258
5.42517e-11	-0.318712
5.43066e-11	-0.320159
5.43615e-11	-0.321599
5.44164e-11	-0.323032
5.44713e-11	-0.324457
5.45262e-11	-0.325875
5.45811e-11	-0.327286
5.4636e-11	-0.328689
5.4691e-11	-0.330084
5.47459e-11	-0.331471
5.48008e-11	-0.33285
5.48557e-11	-0.33422
5.49106e-11	-0.335582
5.49655e-11	-0.336935
5.50204e-11	-0.33828
5.50753e-11	-0.339616
5.51302e-11	-0.340942
5.51851e-11	-0.34226
5.52401e-11	-0.343568
5.5295e-11	-0.344866
5.53499e-11	-0.346155
5.54048e-11	-0.347434
5.54597e-11	-0.348703
5.55146e-11	-0.349962
5.55695e-11	-0.35121
5.56244e-11	-0.352449
5.56793e-11	-0.353676
5.57343e-11	-0.354893
5.57892e-11	-0.356099
5.58441e-11	-0.357294
5.5899e-11	-0.358478
5.59539e-11	-0.35965
5.60088e-11	-0.360811
5.60637e-11	-0.36196
5.61186e-11	-0.363097
5.61735e-11	-0.364222
5.62284e-11	-0.365336
5.62834e-11	-0.366437
5.63383e-11	-0.367525
5.63932e-11	-0.368601
5.64481e-11	-0.369664
5.6503e-11	-0.370714
5.65579e-11	-0.371752
5.66128e-11	-0.372776
5.66677e-11	-0.373786
5.67226e-11	-0.374783
5.67776e-11	-0.375767
5.68325e-11	-0.376736
5.68874e-11	-0.377692
5.69423e-11	-0.378633
5.69972e-11	-0.379561
5.70521e-11	-0.380473
5.7107e-11	-0.381372
5.71619e-11	-0.382255
5.72168e-11	-0.383124
5.72717e-11	-0.383977
5.73267e-11	-0.384815
5.73816e-11	-0.385638
5.74365e-11	-0.386445
5.74914e-11	-0.387237
5.75463e-11	-0.388013
5.76012e-11	-0.388773
5.76561e-11	-0.389517
5.7711e-11	-0.390244
5.77659e-11	-0.390955
5.78209e-11	-0.39165
5.78758e-11	-0.392328
5.79307e-11	-0.392989
5.79856e-11	-0.393633
5.80405e-11	-0.394259
5.80954e-11	-0.394869
5.81503e-11	-0.395461
5.82052e-11	-0.396035
5.82601e-11	-0.396592
5.83151e-11	-0.39713
5.837e-11	-0.397651
5.84249e-11	-0.398154
5.84798e-11	-0.398638
5.85347e-11	-0.399103
5.85896e-11	-0.39955
5.86445e-11	-0.399978
5.86994e-11	-0.400388
5.87543e-11	-0.400778
5.88092e-11	-0.401149
5.88642e-11	-0.401501
5.89191e-11	-0.401833
5.8974e-11	-0.402146
5.90289e-11	-0.402438
5.90838e-11	-0.402711
5.91387e-11	-0.402964
5.91936e-11	-0.403197
5.92485e-11	-0.403409
5.93034e-11	-0.403601
5.93584e-11	-0.403773
5.94133e-11	-0.403923
5.94682e-11	-0.404053
5.95231e-11	-0.404162
5.9578e-11	-0.40425
5.96329e-11	-0.404316
5.96878e-11	-0.404361
5.97427e-11	-0.404385
5.97976e-11	-0.404387
5.98525e-11	-0.404367
5.99075e-11	-0.404326
5.99624e-11	-0.404262
6.00173e-11	-0.404176
6.00722e-11	-0.404068
6.01271e-11	-0.403938
6.0182e-11	-0.403785
6.02369e-11	-0.40361
6.02918e-11	-0.403411
6.03467e-11	-0.40319
6.04017e-11	-0.402946
6.04566e-11	-0.402679
6.05115e-11	-0.402389
6.05664e-11	-0.402075
6.06213e-11	-0.401738
6.06762e-11	-0.401378
6.07311e-11	-0.400993
6.0786e-11	-0.400585
6.08409e-11	-0.400154
6.08958e-11	-0.399698
6.09508e-11	-0.399218
6.10057e-11	-0.398714
6.10606e-11	-0.398185
6.11155e-11	-0.397633
6.11704e-11	-0.397055
6.12253e-11	-0.396453
6.12802e-11	-0.395827
6.13351e-11	-0.395176
6.139e-11	-0.394499
6.1445e-11	-0.393798
6.14999e-11	-0.393072
6.15548e-11	-0.392321
6.16097e-11	-0.391544
6.16646e-11	-0.390742
6.17195e-11	-0.389915
6.17744e-11	-0.389062
6.18293e-11	-0.388183
6.18842e-11	-0.387279
6.19391e-11	-0.386349
6.19941e-11	-0.385394
6.2049e-11	-0.384412
6.21039e-11	-0.383404
6.21588e-11	-0.382371
6.22137e-11	-0.381311
6.22686e-11	-0.380225
6.23235e-11	-0.379113
6.23784e-11	-0.377974
6.24333e-11	-0.376809
6.24883e-11	-0.375617
6.25432e-11	-0.374399
6.25981e-11	-0.373154
6.2653e-11	-0.371883
6.27079e-11	-0.370585
6.27628e-11	-0.36926
6.28177e-11	-0.367908
6.28726e-11	-0.36653
6.29275e-11	-0.365124
6.29825e-11	-0.363691
6.30374e-11	-0.362232
6.30923e-11	-0.360745
6.31472e-11	-0.359231
6.32021e-11	-0.35769
6.3257e-11	-0.356122
6.33119e-11	-0.354526
6.33668e-11	-0.352903
6.34217e-11	-0.351253
6.34766e-11	-0.349576
6.35316e-11	-0.347871
6.35865e-11	-0.346138
6.36414e-11	-0.344378
6.36963e-11	-0.342591
6.37512e-11	-0.340776
6.38061e-11	-0.338933
6.3861e-11	-0.337063
6.39159e-11	-0.335166
6.39708e-11	-0.33324
6.40258e-11	-0.331288
6.40807e-11	-0.329307
6.41356e-11	-0.327299
6.41905e-11	-0.325263
6.42454e-11	-0.3232
6.43003e-11	-0.321108
6.43552e-11	-0.31899
6.44101e-11	-0.316843
6.4465e-11	-0.314669
6.45199e-11	-0.312467
6.45749e-11	-0.310237
6.46298e-11	-0.30798
6.46847e-11	-0.305695
6.47396e-11	-0.303383
6.47945e-11	-0.301043
6.48494e-11	-0.298675
6.49043e-11	-0.296279
6.49592e-11	-0.293856
6.50141e-11	-0.291406
6.50691e-11	-0.288928
6.5124e-11	-0.286422
6.51789e-11	-0.283889
6.52338e-11	-0.281328
6.52887e-11	-0.27874
6.53436e-11	-0.276125
6.53985e-11	-0.273482
6.54534e-11	-0.270812
6.55083e-11	-0.268114
6.55632e-11	-0.26539
6.56182e-11	-0.262638
6.56731e-11	-0.259859
6.5728e-11	-0.257053
6.57829e-11	-0.254219
6.58378e-11	-0.251359
6.58927e-11	-0.248472
6.59476e-11	-0.245558
6.60025e-11	-0.242617
6.60574e-11	-0.239649
6.61124e-11	-0.236654
6.61673e-11	-0.233633
6.62222e-11	-0.230585
6.62771e-11	-0.227511
6.6332e-11	-0.22441
6.63869e-11	-0.221283
6.64418e-11	-0.21813
6.64967e-11	-0.21495
6.65516e-11	-0.211744
6.66066e-11	-0.208513
6.66615e-11	-0.205255
6.67164e-11	-0.201971
6.67713e-11	-0.198662
6.68262e-11	-0.195326
6.68811e-11	-0.191966
6.6936e-11	-0.188579
6.69909e-11	-0.185168
6.70458e-11	-0.18173
6.71007e-11	-0.178268
6.71557e-11	-0.174781
6.72106e-11	-0.171268
6.72655e-11	-0.167731
6.73204e-11	-0.164169
6.73753e-11	-0.160582
6.74302e-11	-0.156971
6.74851e-11	-0.153335
6.754e-11	-0.149675
6.75949e-11	-0.145991
6.76499e-11	-0.142282
6.77048e-11	-0.13855
6.77597e-11	-0.134794
6.78146e-11	-0.131014
6.78695e-11	-0.127211
6.79244e-11	-0.123384
6.79793e-11	-0.119534
6.80342e-11	-0.115661
6.80891e-11	-0.111765
6.8144e-11	-0.107846
6.8199e-11	-0.103904
6.82539e-11	-0.0999394
6.83088e-11	-0.0959527
6.83637e-11	-0.0919436
6.84186e-11	-0.0879125
6.84735e-11	-0.0838594
6.85284e-11	-0.0797846
6.85833e-11	-0.0756881
6.86382e-11	-0.0715701
6.86932e-11	-0.0674308
6.87481e-11	-0.0632704
6.8803e-11	-0.059089
6.88579e-11	-0.0548868
6.89128e-11	-0.050664
6.89677e-11	-0.0464208
6.90226e-11	-0.0421572
6.90775e-11	-0.0378736
6.91324e-11	-0.0335701
6.91873e-11	-0.0292468
6.92423e-11	-0.024904
6.92972e-11	-0.0205419
6.93521e-11	-0.0161606
6.9407e-11	-0.0117603
6.94619e-11	-0.00734121
6.95168e-11	-0.00290355
6.95717e-11	0.00155249
6.96266e-11	0.00602672
6.96815e-11	0.0105189
6.97365e-11	0.0150289
6.97914e-11	0.0195565
6.98463e-11	0.0241015
6.99012e-11	0.0286636
6.99561e-11	0.0332426
7.0011e-11	0.0378384
7.00659e-11	0.0424508
7.01208e-11	0.0470794
7.01757e-11	0.0517241
7.02306e-11	0.0563847
7.02856e-11	0.061061
7.03405e-11	0.0657526
7.03954e-11	0.0704595
7.04503e-11	0.0751813
7.05052e-11	0.0799179
7.05601e-11	0.084669
7.0615e-11	0.0894344
7.06699e-11	0.0942138
7.07248e-11	0.0990071
7.07798e-11	0.103814
7.08347e-11	0.108634
7.08896e-11	0.113467
7.09445e-11	0.118313
7.09994e-11	0.123172
7.10543e-11	0.128043
7.11092e-11	0.132926
7.11641e-11	0.137821
7.1219e-11	0.142728
7.1274e-11	0.147646
7.13289e-11	0.152575
7.13838e-11	0.157515
7.14387e-11	0.162466
7.14936e-11	0.167427
7.15485e-11	0.172398
7.16034e-11	0.177378
7.16583e-11	0.182369
7.17132e-11	0.187369
7.17681e-11	0.192377
7.18231e-11	0.197395
7.1878e-11	0.202421
7.19329e-11	0.207455
7.19878e-11	0.212497
7.20427e-11	0.217547
7.20976e-11	0.222604
7.21525e-11	0.227669
7.22074e-11	0.23274
7.22623e-11	0.237818
7.23173e-11	0.242902
7.23722e-11	0.247992
7.24271e-11	0.253088
7.2482e-11	0.258189
7.25369e-11	0.263296
7.25918e-11	0.268408
7.26467e-11	0.273524
7.27016e-11	0.278644
7.27565e-11	0.283769
7.28114e-11	0.288897
7.28664e-11	0.294029
7.29213e-11	0.299163
7.29762e-11	0.304301
7.30311e-11	0.309442
7.3086e-11	0.314584
7.31409e-11	0.319729
7.31958e-11	0.324876
7.32507e-11	0.330023
7.33056e-11	0.335172
7.33606e-11	0.340322
7.34155e-11	0.345473
7.34704e-11	0.350623
7.35253e-11	0.355774
7.35802e-11	0.360924
7.36351e-11	0.366073
7.369e-11	0.371222
7.37449e-11	0.376369
7.37998e-11	0.381515
7.38547e-11	0.386659
7.39097e-11	0.3918
7.39646e-11	0.39694
7.40195e-11	0.402076
7.40744e-11	0.407209
7.41293e-11	0.412339
7.41842e-11	0.417466
7.42391e-11	0.422588
7.4294e-11	0.427706
7.43489e-11	0.432819
7.44039e-11	0.437928
7.44588e-11	0.443031
7.45137e-11	0.448129
7.45686e-11	0.45322
7.46235e-11	0.458306
7.46784e-11	0.463385
7.47333e-11	0.468458
7.47882e-11	0.473523
7.48431e-11	0.478581
7.4898e-11	0.483631
7.4953e-11	0.488674
7.50079e-11	0.493708
7.50628e-11	0.498733
7.51177e-11	0.503749
7.51726e-11	0.508757
7.52275e-11	0.513754
7.52824e-11	0.518742
7.53373e-11	0.52372
7.53922e-11	0.528687
7.54472e-11	0.533643
7.55021e-11	0.538588
7.5557e-11	0.543522
7.56119e-11	0.548444
7.56668e-11	0.553354
7.57217e-11	0.558252
7.57766e-11	0.563137
7.58315e-11	0.56801
7.58864e-11	0.572869
7.59414e-11	0.577714
7.59963e-11	0.582546
7.60512e-11	0.587363
7.61061e-11	0.592166
7.6161e-11	0.596954
7.62159e-11	0.601727
7.62708e-11	0.606485
7.63257e-11	0.611227
7.63806e-11	0.615953
7.64355e-11	0.620662
7.64905e-11	0.625356
7.65454e-11	0.630032
7.66003e-11	0.634691
7.66552e-11	0.639332
7.67101e-11	0.643956
7.6765e-11	0.648562
7.68199e-11	0.653149
7.68748e-11	0.657718
7.69297e-11	0.662267
7.69847e-11	0.666798
7.70396e-11	0.671309
7.70945e-11	0.675799
7.71494e-11	0.68027
7.72043e-11	0.684721
7.72592e-11	0.68915
7.73141e-11	0.693559
7.7369e-11	0.697946
7.74239e-11	0.702312
7.74788e-11	0.706656
7.75338e-11	0.710977
7.75887e-11	0.715277
7.76436e-11	0.719553
7.76985e-11	0.723807
7.77534e-11	0.728037
7.78083e-11	0.732243
7.78632e-11	0.736426
7.79181e-11	0.740585
7.7973e-11	0.744719
7.8028e-11	0.748829
7.80829e-11	0.752914
7.81378e-11	0.756973
7.81927e-11	0.761007
7.82476e-11	0.765015
7.83025e-11	0.768997
7.83574e-11	0.772953
7.84123e-11	0.776883
7.84672e-11	0.780785
7.85221e-11	0.784661
7.85771e-11	0.788509
7.8632e-11	0.79233
7.86869e-11	0.796122
7.87418e-11	0.799887
7.87967e-11	0.803624
7.88516e-11	0.807331
7.89065e-11	0.81101
7.89614e-11	0.81466
7.90163e-11	0.818281
7.90713e-11	0.821871
7.91262e-11	0.825433
7.91811e-11	0.828964
7.9236e-11	0.832464
7.92909e-11	0.835935
7.93458e-11	0.839374
7.94007e-11	0.842782
7.94556e-11	0.84616
7.95105e-11	0.849505
7.95655e-11	0.852819
7.96204e-11	0.856102
7.96753e-11	0.859352
7.97302e-11	0.862569
7.97851e-11	0.865754
7.984e-11	0.868907
7.98949e-11	0.872026
7.99498e-11	0.875112
8.00047e-11	0.878165
8.00596e-11	0.881184
8.01146e-11	0.884169
8.01695e-11	0.88712
8.02244e-11	0.890037
8.02793e-11	0.892919
8.03342e-11	0.895767
8.03891e-11	0.89858
8.0444e-11	0.901358
8.04989e-11	0.904101
8.05538e-11	0.906808
8.06088e-11	0.90948
8.06637e-11	0.912116
8.07186e-11	0.914716
8.07735e-11	0.917279
8.08284e-11	0.919807
8.08833e-11	0.922298
8.09382e-11	0.924752
8.09931e-11	0.92717
8.1048e-11	0.92955
8.11029e-11	0.931894
8.11579e-11	0.9342
8.12128e-11	0.936469
8.12677e-11	0.9387
8.13226e-11	0.940893
8.13775e-11	0.943048
8.14324e-11	0.945165
8.14873e-11	0.947244
8.15422e-11	0.949285
8.15971e-11	0.951287
8.16521e-11	0.95325
8.1707e-11	0.955174
8.17619e-11	0.95706
8.18168e-11	0.958907
8.18717e-11	0.960714
8.19266e-11	0.962482
8.19815e-11	0.964211
8.20364e-11	0.9659
8.20913e-11	0.967549
8.21462e-11	0.969159
8.22012e-11	0.970729
8.22561e-11	0.972258
8.2311e-11	0.973748
8.23659e-11	0.975197
8.24208e-11	0.976606
8.24757e-11	0.977975
8.25306e-11	0.979303
8.25855e-11	0.980591
8.26404e-11	0.981838
8.26954e-11	0.983044
8.27503e-11	0.984209
8.28052e-11	0.985333
8.28601e-11	0.986417
8.2915e-11	0.987459
8.29699e-11	0.98846
8.30248e-11	0.989419
8.30797e-11	0.990338
8.31346e-11	0.991215
8.31895e-11	0.992051
8.32445e-11	0.992845
8.32994e-11	0.993597
8.33543e-11	0.994308
8.34092e-11	0.994978
8.34641e-11	0.995605
8.3519e-11	0.996191
8.35739e-11	0.996735
8.36288e-11	0.997238
8.36837e-11	0.997698
8.37387e-11	0.998117
8.37936e-11	0.998493
8.38485e-11	0.998828
8.39034e-11	0.999121
8.39583e-11	0.999372
8.40132e-11	0.999581
8.40681e-11	0.999747
8.4123e-11	0.999872
8.41779e-11	0.999955
8.42329e-11	0.999995
8.42878e-11	0.999994
8.43427e-11	0.999951
8.43976e-11	0.999865
8.44525e-11	0.999738
8.45074e-11	0.999568
8.45623e-11	0.999357
8.46172e-11	0.999103
8.46721e-11	0.998807
8.4727e-11	0.99847
8.4782e-11	0.998091
8.48369e-11	0.997669
8.48918e-11	0.997206
8.49467e-11	0.996701
8.50016e-11	0.996154
8.50565e-11	0.995565
8.51114e-11	0.994935
8.51663e-11	0.994263
8.52212e-11	0.993549
8.52762e-11	0.992794
8.53311e-11	0.991997
8.5386e-11	0.991158
8.54409e-11	0.990279
8.54958e-11	0.989358
8.55507e-11	0.988395
8.56056e-11	0.987391
8.56605e-11	0.986347
8.57154e-11	0.985261
8.57703e-11	0.984134
8.58253e-11	0.982966
8.58802e-11	0.981757
8.59351e-11	0.980507
8.599e-11	0.979217
8.60449e-11	0.977886
8.60998e-11	0.976515
8.61547e-11	0.975103
8.62096e-11	0.973651
8.62645e-11	0.972159
8.63195e-11	0.970627
8.63744e-11	0.969054
8.64293e-11	0.967442
8.64842e-11	0.96579
8.65391e-11	0.964098
8.6594e-11	0.962367
8.66489e-11	0.960596
8.67038e-11	0.958786
8.67587e-11	0.956937
8.68136e-11	0.955049
8.68686e-11	0.953122
8.69235e-11	0.951156
8.69784e-11	0.949151
8.70333e-11	0.947108
8.70882e-11	0.945027
8.71431e-11	0.942907
8.7198e-11	0.94075
8.72529e-11	0.938554
8.73078e-11	0.93632
8.73628e-11	0.934049
8.74177e-11	0.931741
8.74726e-11	0.929395
8.75275e-11	0.927012
8.75824e-11	0.924592
8.76373e-11	0.922135
8.76922e-11	0.919642
8.77471e-11	0.917112
8.7802e-11	0.914546
8.78569e-11	0.911943
8.79119e-11	0.909305
8.79668e-11	0.906631
8.80217e-11	0.903921
8.80766e-11	0.901176
8.81315e-11	0.898396
8.81864e-11	0.895581
8.82413e-11	0.892731
8.82962e-11	0.889846
8.83511e-11	0.886927
8.84061e-11	0.883973
8.8461e-11	0.880986
8.85159e-11	0.877965
8.85708e-11	0.87491
8.86257e-11	0.871822
8.86806e-11	0.8687
8.87355e-11	0.865546
8.87904e-11	0.862359
8.88453e-11	0.859139
8.89003e-11	0.855887
8.89552e-11	0.852602
8.90101e-11	0.849286
8.9065e-11	0.845938
8.91199e-11	0.842559
8.91748e-11	0.839149
8.92297e-11	0.835707
8.92846e-11	0.832235
8.93395e-11	0.828732
8.93944e-11	0.825199
8.94494e-11	0.821636
8.95043e-11	0.818043
8.95592e-11	0.814421
8.96141e-11	0.810769
8.9669e-11	0.807088
8.97239e-11	0.803379
8.97788e-11	0.79964
8.98337e-11	0.795874
8.98886e-11	0.792079
8.99436e-11	0.788257
8.99985e-11	0.784407
9.00534e-11	0.780529
9.01083e-11	0.776625
9.01632e-11	0.772694
9.02181e-11	0.768736
9.0273e-11	0.764752
9.03279e-11	0.760742
9.03828e-11	0.756707
9.04377e-11	0.752645
9.04927e-11	0.748559
9.05476e-11	0.744448
9.06025e-11	0.740312
9.06574e-11	0.736152
9.07123e-11	0.731967
9.07672e-11	0.727759
9.08221e-11	0.723527
9.0877e-11	0.719272
9.09319e-11	0.714994
9.09869e-11	0.710694
9.10418e-11	0.706371
9.10967e-11	0.702025
9.11516e-11	0.697658
9.12065e-11	0.693269
9.12614e-11	0.688859
9.13163e-11	0.684428
9.13712e-11	0.679977
9.14261e-11	0.675505
9.1481e-11	0.671012
9.1536e-11	0.6665
9.15909e-11	0.661969
9.16458e-11	0.657418
9.17007e-11	0.652848
9.17556e-11	0.648259
9.18105e-11	0.643652
9.18654e-11	0.639027
9.19203e-11	0.634385
9.19752e-11	0.629725
9.20302e-11	0.625047
9.20851e-11	0.620353
9.214e-11	0.615642
9.21949e-11	0.610915
9.22498e-11	0.606172
9.23047e-11	0.601413
9.23596e-11	0.596639
9.24145e-11	0.59185
9.24694e-11	0.587046
9.25244e-11	0.582228
9.25793e-11	0.577395
9.26342e-11	0.572549
9.26891e-11	0.567689
9.2744e-11	0.562816
9.27989e-11	0.55793
9.28538e-11	0.553032
9.29087e-11	0.548121
9.29636e-11	0.543198
9.30185e-11	0.538263
9.30735e-11	0.533317
9.31284e-11	0.52836
9.31833e-11	0.523392
9.32382e-11	0.518414
9.32931e-11	0.513426
9.3348e-11	0.508427
9.34029e-11	0.50342
9.34578e-11	0.498403
9.35127e-11	0.493377
9.35677e-11	0.488342
9.36226e-11	0.483299
9.36775e-11	0.478248
9.37324e-11	0.47319
9.37873e-11	0.468124
9.38422e-11	0.463051
9.38971e-11	0.457972
9.3952e-11	0.452885
9.40069e-11	0.447793
9.40618e-11	0.442695
9.41168e-11	0.437592
9.41717e-11	0.432483
9.42266e-11	0.427369
9.42815e-11	0.422251
9.43364e-11	0.417128
9.43913e-11	0.412002
9.44462e-11	0.406872
9.45011e-11	0.401738
9.4556e-11	0.396602
9.4611e-11	0.391462
9.46659e-11	0.38632
9.47208e-11	0.381176
9.47757e-11	0.376031
9.48306e-11	0.370883
9.48855e-11	0.365735
9.49404e-11	0.360585
9.49953e-11	0.355435
9.50502e-11	0.350284
9.51051e-11	0.345134
9.51601e-11	0.339983
9.5215e-11	0.334834
9.52699e-11	0.329685
9.53248e-11	0.324537
9.53797e-11	0.31939
9.54346e-11	0.314246
9.54895e-11	0.309103
9.55444e-11	0.303963
9.55993e-11	0.298825
9.56543e-11	0.293691
9.57092e-11	0.288559
9.57641e-11	0.283431
9.5819e-11	0.278307
9.58739e-11	0.273187
9.59288e-11	0.268071
9.59837e-11	0.26296
9.60386e-11	0.257854
9.60935e-11	0.252752
9.61484e-11	0.247657
9.62034e-11	0.242567
9.62583e-11	0.237483
9.63132e-11	0.232406
9.63681e-11	0.227335
9.6423e-11	0.222271
9.64779e-11	0.217214
9.65328e-11	0.212165
9.65877e-11	0.207123
9.66426e-11	0.20209
9.66976e-11	0.197064
9.67525e-11	0.192047
9.68074e-11	0.187039
9.68623e-11	0.18204
9.69172e-11	0.17705
9.69721e-11	0.17207
9.7027e-11	0.1671
9.70819e-11	0.16214
9.71368e-11	0.15719
9.71918e-11	0.15225
9.72467e-11	0.147322
9.73016e-11	0.142405
9.73565e-11	0.137499
9.74114e-11	0.132605
9.74663e-11	0.127722
9.75212e-11	0.122852
9.75761e-11	0.117994
9.7631e-11	0.113149
9.76859e-11	0.108316
9.77409e-11	0.103497
9.77958e-11	0.0986912
9.78507e-11	0.0938989
9.79056e-11	0.0891204
9.79605e-11	0.0843559
9.80154e-11	0.0796058
9.80703e-11	0.0748701
9.81252e-11	0.0701493
9.81801e-11	0.0654434
9.82351e-11	0.0607527
9.829e-11	0.0560775
9.83449e-11	0.051418
9.83998e-11	0.0467743
9.84547e-11	0.0421467
9.85096e-11	0.0375355
9.85645e-11	0.0329408
9.86194e-11	0.0283628
9.86743e-11	0.0238018
9.87292e-11	0.019258
9.87842e-11	0.0147316
9.88391e-11	0.0102228
9.8894e-11	0.00573171
9.89489e-11	0.00125868
9.90038e-11	-0.00319616
9.90587e-11	-0.00763259
9.91136e-11	-0.0120504
9.91685e-11	-0.0164495
9.92234e-11	-0.0208295
9.92784e-11	-0.0251904
9.93333e-11	-0.0295319
9.93882e-11	-0.0338539
9.94431e-11	-0.0381561
9.9498e-11	-0.0424384
9.95529e-11	-0.0467006
9.96078e-11	-0.0509425
9.96627e-11	-0.055164
9.97176e-11	-0.0593648
9.97725e-11	-0.0635448
9.98275e-11	-0.0677039
9.98824e-11	-0.0718417
9.99373e-11	-0.0759583
9.99922e-11	-0.0800534
1.00047e-10	-0.0841268
1.00102e-10	-0.0881785
1.00157e-10	-0.0922082
1.00212e-10	-0.0962157
1.00267e-10	-0.100201
1.00322e-10	-0.104164
1.00377e-10	-0.108104
1.00431e-10	-0.112022
1.00486e-10	-0.115916
1.00541e-10	-0.119788
1.00596e-10	-0.123637
1.00651e-10	-0.127462
1.00706e-10	-0.131264
1.00761e-10	-0.135042
1.00816e-10	-0.138797
1.00871e-10	-0.142527
1.00926e-10	-0.146234
1.00981e-10	-0.149917
1.01035e-10	-0.153575
1.0109e-10	-0.157209
1.01145e-10	-0.160819
1.012e-10	-0.164404
1.01255e-10	-0.167965
1.0131e-10	-0.1715
1.01365e-10	-0.175011
1.0142e-10	-0.178497
1.01475e-10	-0.181957
1.0153e-10	-0.185393
1.01585e-10	-0.188803
1.0164e-10	-0.192188
1.01694e-10	-0.195547
1.01749e-10	-0.19888
1.01804e-10	-0.202188
1.01859e-10	-0.20547
1.01914e-10	-0.208726
1.01969e-10	-0.211956
1.02024e-10	-0.21516
1.02079e-10	-0.218338
1.02134e-10	-0.22149
1.02189e-10	-0.224615
1.02244e-10	-0.227714
1.02298e-10	-0.230787
1.02353e-10	-0.233833
1.02408e-10	-0.236852
1.02463e-10	-0.239845
1.02518e-10	-0.242811
1.02573e-10	-0.24575
1.02628e-10	-0.248663
1.02683e-10	-0.251548
1.02738e-10	-0.254407
1.02793e-10	-0.257238
1.02848e-10	-0.260042
1.02902e-10	-0.26282
1.02957e-10	-0.26557
1.03012e-10	-0.268293
1.03067e-10	-0.270988
1.03122e-10	-0.273657
1.03177e-10	-0.276298
1.03232e-10	-0.278911
1.03287e-10	-0.281498
1.03342e-10	-0.284057
1.03397e-10	-0.286588
1.03452e-10	-0.289092
1.03506e-10	-0.291568
1.03561e-10	-0.294017
1.03616e-10	-0.296438
1.03671e-10	-0.298832
1.03726e-10	-0.301198
1.03781e-10	-0.303536
1.03836e-10	-0.305847
1.03891e-10	-0.30813
1.03946e-10	-0.310385
1.04001e-10	-0.312613
1.04056e-10	-0.314813
1.0411e-10	-0.316985
1.04165e-10	-0.31913
1.0422e-10	-0.321247
1.04275e-10	-0.323336
1.0433e-10	-0.325398
1.04385e-10	-0.327432
1.0444e-10	-0.329438
1.04495e-10	-0.331417
1.0455e-10	-0.333368
1.04605e-10	-0.335291
1.0466e-10	-0.337187
1.04715e-10	-0.339056
1.04769e-10	-0.340896
1.04824e-10	-0.342709
1.04879e-10	-0.344495
1.04934e-10	-0.346253
1.04989e-10	-0.347984
1.05044e-10	-0.349687
1.05099e-10	-0.351363
1.05154e-10	-0.353011
1.05209e-10	-0.354632
1.05264e-10	-0.356226
1.05319e-10	-0.357792
1.05373e-10	-0.359332
1.05428e-10	-0.360844
1.05483e-10	-0.362329
1.05538e-10	-0.363787
1.05593e-10	-0.365217
1.05648e-10	-0.366621
1.05703e-10	-0.367998
1.05758e-10	-0.369348
1.05813e-10	-0.370671
1.05868e-10	-0.371968
1.05923e-10	-0.373237
1.05977e-10	-0.37448
1.06032e-10	-0.375697
1.06087e-10	-0.376886
1.06142e-10	-0.37805
1.06197e-10	-0.379187
1.06252e-10	-0.380297
1.06307e-10	-0.381381
1.06362e-10	-0.38244
1.06417e-10	-0.383472
1.06472e-10	-0.384477
1.06527e-10	-0.385457
1.06581e-10	-0.386411
1.06636e-10	-0.38734
1.06691e-10	-0.388242
1.06746e-10	-0.389119
1.06801e-10	-0.38997
1.06856e-10	-0.390796
1.06911e-10	-0.391596
1.06966e-10	-0.392371
1.07021e-10	-0.393121
1.07076e-10	-0.393845
1.07131e-10	-0.394545
1.07185e-10	-0.395219
1.0724e-10	-0.395869
1.07295e-10	-0.396494
1.0735e-10	-0.397094
1.07405e-10	-0.39767
1.0746e-10	-0.398221
1.07515e-10	-0.398748
1.0757e-10	-0.39925
1.07625e-10	-0.399728
1.0768e-10	-0.400183
1.07735e-10	-0.400613
1.07789e-10	-0.401019
1.07844e-10	-0.401402
1.07899e-10	-0.401761
1.07954e-10	-0.402097
1.08009e-10	-0.402409
1.08064e-10	-0.402698
1.08119e-10	-0.402963
1.08174e-10	-0.403206
1.08229e-10	-0.403425
1.08284e-10	-0.403622
1.08339e-10	-0.403796
1.08394e-10	-0.403947
1.08448e-10	-0.404076
1.08503e-10	-0.404183
1.08558e-10	-0.404267
1.08613e-10	-0.404329
1.08668e-10	-0.404369
1.08723e-10	-0.404388
1.08778e-10	-0.404384
1.08833e-10	-0.404359
1.08888e-10	-0.404313
1.08943e-10	-0.404245
1.08998e-10	-0.404156
1.09052e-10	-0.404045
1.09107e-10	-0.403914
1.09162e-10	-0.403762
1.09217e-10	-0.403589
1.09272e-10	-0.403396
1.09327e-10	-0.403182
1.09382e-10	-0.402948
1.09437e-10	-0.402694
1.09492e-10	-0.40242
1.09547e-10	-0.402126
1.09602e-10	-0.401812
1.09656e-10	-0.401478
1.09711e-10	-0.401125
1.09766e-10	-0.400753
1.09821e-10	-0.400361
1.09876e-10	-0.399951
1.09931e-10	-0.399521
1.09986e-10	-0.399073
1.10041e-10	-0.398606
1.10096e-10	-0.398121
1.10151e-10	-0.397617
1.10206e-10	-0.397096
1.1026e-10	-0.396556
1.10315e-10	-0.395998
1.1037e-10	-0.395422
1.10425e-10	-0.394829
1.1048e-10	-0.394219
1.10535e-10	-0.393591
1.1059e-10	-0.392946
1.10645e-10	-0.392284
1.107e-10	-0.391605
1.10755e-10	-0.390909
1.1081e-10	-0.390197
1.10864e-10	-0.389468
1.10919e-10	-0.388723
1.10974e-10	-0.387963
1.11029e-10	-0.387186
1.11084e-10	-0.386393
1.11139e-10	-0.385584
1.11194e-10	-0.384761
1.11249e-10	-0.383921
1.11304e-10	-0.383067
1.11359e-10	-0.382197
1.11414e-10	-0.381313
1.11469e-10	-0.380414
1.11523e-10	-0.3795
1.11578e-10	-0.378572
1.11633e-10	-0.37763
1.11688e-10	-0.376673
1.11743e-10	-0.375702
1.11798e-10	-0.374718
1.11853e-10	-0.37372
1.11908e-10	-0.372709
1.11963e-10	-0.371684
1.12018e-10	-0.370646
1.12073e-10	-0.369595
1.12127e-10	-0.368531
1.12182e-10	-0.367454
1.12237e-10	-0.366365
1.12292e-10	-0.365263
1.12347e-10	-0.364149
1.12402e-10	-0.363023
1.12457e-10	-0.361885
1.12512e-10	-0.360735
1.12567e-10	-0.359573
1.12622e-10	-0.3584
1.12677e-10	-0.357216
1.12731e-10	-0.35602
1.12786e-10	-0.354813
1.12841e-10	-0.353596
1.12896e-10	-0.352367
1.12951e-10	-0.351129
1.13006e-10	-0.349879
1.13061e-10	-0.34862
1.13116e-10	-0.34735
1.13171e-10	-0.34607
1.13226e-10	-0.344781
1.13281e-10	-0.343482
1.13335e-10	-0.342173
1.1339e-10	-0.340855
1.13445e-10	-0.339528
1.135e-10	-0.338192
1.13555e-10	-0.336847
1.1361e-10	-0.335493
1.13665e-10	-0.33413
1.1372e-10	-0.332759
1.13775e-10	-0.33138
1.1383e-10	-0.329992
1.13885e-10	-0.328597
1.13939e-10	-0.327193
1.13994e-10	-0.325782
1.14049e-10	-0.324364
1.14104e-10	-0.322938
1.14159e-10	-0.321504
1.14214e-10	-0.320064
1.14269e-10	-0.318617
1.14324e-10	-0.317162
1.14379e-10	-0.315701
1.14434e-10	-0.314234
1.14489e-10	-0.31276
1.14543e-10	-0.31128
1.14598e-10	-0.309794
1.14653e-10	-0.308301
1.14708e-10	-0.306803
1.14763e-10	-0.305299
1.14818e-10	-0.30379
1.14873e-10	-0.302275
1.14928e-10	-0.300756
1.14983e-10	-0.29923
1.15038e-10	-0.2977
1.15093e-10	-0.296165
1.15148e-10	-0.294626
1.15202e-10	-0.293082
1.15257e-10	-0.291533
1.15312e-10	-0.28998
1.15367e-10	-0.288423
1.15422e-10	-0.286862
1.15477e-10	-0.285297
1.15532e-10	-0.283728
1.15587e-10	-0.282155
1.15642e-10	-0.280579
1.15697e-10	-0.279
1.15752e-10	-0.277418
1.15806e-10	-0.275832
1.15861e-10	-0.274243
1.15916e-10	-0.272652
1.15971e-10	-0.271058
1.16026e-10	-0.269461
1.16081e-10	-0.267861
1.16136e-10	-0.26626
1.16191e-10	-0.264656
1.16246e-10	-0.26305
1.16301e-10	-0.261442
1.16356e-10	-0.259833
1.1641e-10	-0.258221
1.16465e-10	-0.256608
1.1652e-10	-0.254994
1.16575e-10	-0.253378
1.1663e-10	-0.251761
1.16685e-10	-0.250142
1.1674e-10	-0.248523
1.16795e-10	-0.246903
1.1685e-10	-0.245282
1.16905e-10	-0.243661
1.1696e-10	-0.242039
1.17014e-10	-0.240416
1.17069e-10	-0.238794
1.17124e-10	-0.237171
1.17179e-10	-0.235547
1.17234e-10	-0.233924
1.17289e-10	-0.232302
1.17344e-10	-0.230679
1.17399e-10	-0.229057
1.17454e-10	-0.227435
1.17509e-10	-0.225814
1.17564e-10	-0.224193
1.17618e-10	-0.222573
1.17673e-10	-0.220954
1.17728e-10	-0.219336
1.17783e-10	-0.217719
1.17838e-10	-0.216104
1.17893e-10	-0.214489
1.17948e-10	-0.212876
1.18003e-10	-0.211265
1.18058e-10	-0.209655
1.18113e-10	-0.208047
1.18168e-10	-0.20644
1.18223e-10	-0.204836
1.18277e-10	-0.203233
1.18332e-10	-0.201633
1.18387e-10	-0.200034
1.18442e-10	-0.198438
1.18497e-10	-0.196844
1.18552e-10	-0.195253
1.18607e-10	-0.193664
1.18662e-10	-0.192078
1.18717e-10	-0.190494
1.18772e-10	-0.188914
1.18827e-10	-0.187336
1.18881e-10	-0.185761
1.18936e-10	-0.184189
1.18991e-10	-0.18262
1.19046e-10	-0.181055
1.19101e-10	-0.179493
1.19156e-10	-0.177934
1.19211e-10	-0.176379
1.19266e-10	-0.174827
1.19321e-10	-0.173278
1.19376e-10	-0.171734
1.19431e-10	-0.170193
1.19485e-10	-0.168656
1.1954e-10	-0.167123
1.19595e-10	-0.165594
1.1965e-10	-0.164069
1.19705e-10	-0.162548
1.1976e-10	-0.161031
1.19815e-10	-0.159519
1.1987e-10	-0.15801
1.19925e-10	-0.156507
1.1998e-10	-0.155008
1.20035e-10	-0.153513
1.20089e-10	-0.152023
1.20144e-10	-0.150537
1.20199e-10	-0.149057
1.20254e-10	-0.147581
1.20309e-10	-0.14611
1.20364e-10	-0.144644
1.20419e-10	-0.143182
1.20474e-10	-0.141726
1.20529e-10	-0.140275
1.20584e-10	-0.138829
1.20639e-10	-0.137389
1.20693e-10	-0.135953
1.20748e-10	-0.134523
1.20803e-10	-0.133099
1.20858e-10	-0.131679
1.20913e-10	-0.130266
1.20968e-10	-0.128857
1.21023e-10	-0.127455
1.21078e-10	-0.126058
1.21133e-10	-0.124666
1.21188e-10	-0.123281
1.21243e-10	-0.121901
1.21298e-10	-0.120527
1.21352e-10	-0.119158
1.21407e-10	-0.117796
1.21462e-10	-0.11644
1.21517e-10	-0.11509
1.21572e-10	-0.113745
1.21627e-10	-0.112407
1.21682e-10	-0.111075
1.21737e-10	-0.109749
1.21792e-10	-0.10843
1.21847e-10	-0.107116
1.21902e-10	-0.105809
1.21956e-10	-0.104508
1.22011e-10	-0.103214
1.22066e-10	-0.101925
1.22121e-10	-0.100644
1.22176e-10	-0.0993685
1.22231e-10	-0.0980998
1.22286e-10	-0.0968375
1.22341e-10	-0.0955818
1.22396e-10	-0.0943326
1.22451e-10	-0.0930901
1.22506e-10	-0.0918542
1.2256e-10	-0.090625
1.22615e-10	-0.0894024
1.2267e-10	-0.0881865
1.22725e-10	-0.0869774
1.2278e-10	-0.0857751
1.22835e-10	-0.0845795
1.2289e-10	-0.0833908
1.22945e-10	-0.0822089
1.23e-10	-0.0810338
1.23055e-10	-0.0798656
1.2311e-10	-0.0787043
1.23164e-10	-0.0775499
1.23219e-10	-0.0764025
1.23274e-10	-0.075262
1.23329e-10	-0.0741284
1.23384e-10	-0.0730019
1.23439e-10	-0.0718824
1.23494e-10	-0.0707698
1.23549e-10	-0.0696643
1.23604e-10	-0.0685658
1.23659e-10	-0.0674744
1.23714e-10	-0.0663901
1.23768e-10	-0.0653128
1.23823e-10	-0.0642426
1.23878e-10	-0.0631796
1.23933e-10	-0.0621236
1.23988e-10	-0.0610748
1.24043e-10	-0.060033
1.24098e-10	-0.0589985
1.24153e-10	-0.057971
1.24208e-10	-0.0569507
1.24263e-10	-0.0559376
1.24318e-10	-0.0549316
1.24372e-10	-0.0539328
1.24427e-10	-0.0529411
1.24482e-10	-0.0519566
1.24537e-10	-0.0509793
1.24592e-10	-0.0500092
1.24647e-10	-0.0490462
1.24702e-10	-0.0480904
1.24757e-10	-0.0471418
1.24812e-10	-0.0462004
1.24867e-10	-0.0452661
1.24922e-10	-0.044339
1.24977e-10	-0.0434191
1.25031e-10	-0.0425063
1.25086e-10	-0.0416008
1.25141e-10	-0.0407023
1.25196e-10	-0.0398111
1.25251e-10	-0.038927
1.25306e-10	-0.03805
1.25361e-10	-0.0371801
1.25416e-10	-0.0363174
1.25471e-10	-0.0354619
1.25526e-10	-0.0346134
1.25581e-10	-0.0337721
1.25635e-10	-0.0329378
1.2569e-10	-0.0321107
1.25745e-10	-0.0312906
1.258e-10	-0.0304776
1.25855e-10	-0.0296717
1.2591e-10	-0.0288728
1.25965e-10	-0.028081
1.2602e-10	-0.0272962
1.26075e-10	-0.0265184
1.2613e-10	-0.0257476
1.26185e-10	-0.0249838
1.26239e-10	-0.0242269
1.26294e-10	-0.023477
1.26349e-10	-0.0227341
1.26404e-10	-0.0219981
1.26459e-10	-0.021269
1.26514e-10	-0.0205468
1.26569e-10	-0.0198315
1.26624e-10	-0.0191231
1.26679e-10	-0.0184215
1.26734e-10	-0.0177267
1.26789e-10	-0.0170388
1.26843e-10	-0.0163576
1.26898e-10	-0.0156832
1.26953e-10	-0.0150156
1.27008e-10	-0.0143547
1.27063e-10	-0.0137005
1.27118e-10	-0.013053
1.27173e-10	-0.0124122
1.27228e-10	-0.011778
1.27283e-10	-0.0111505
1.27338e-10	-0.0105296
1.27393e-10	-0.00991524
1.27447e-10	-0.00930746
1.27502e-10	-0.00870623
1.27557e-10	-0.00811152
1.27612e-10	-0.0075233
1.27667e-10	-0.00694156
1.27722e-10	-0.00636626
1.27777e-10	-0.00579738
1.27832e-10	-0.0052349
1.27887e-10	-0.00467879
1.27942e-10	-0.00412903
1.27997e-10	-0.0035856
1.28052e-10	-0.00304846
1.28106e-10	-0.00251758
1.28161e-10	-0.00199296
1.28216e-10	-0.00147455
1.28271e-10	-0.000962326
1.28326e-10	-0.000456268
1.28381e-10	4.36543e-05
1.28436e-10	0.000537469
1.28491e-10	0.0010252
1.28546e-10	0.00150689
1.28601e-10	0.00198255
1.28656e-10	0.00245221
1.2871e-10	0.00291591
1.28765e-10	0.00337368
1.2882e-10	0.00382553
1.28875e-10	0.00427151
1.2893e-10	0.00471164
1.28985e-10	0.00514595
1.2904e-10	0.00557447
1.29095e-10	0.00599724
1.2915e-10	0.00641427
1.29205e-10	0.00682561
1.2926e-10	0.00723128
1.29314e-10	0.00763132
1.29369e-10	0.00802575
1.29424e-10	0.00841461
1.29479e-10	0.00879793
1.29534e-10	0.00917573
1.29589e-10	0.00954806
1.29644e-10	0.00991494
1.29699e-10	0.0102764
1.29754e-10	0.0106325
1.29809e-10	0.0109832
1.29864e-10	0.0113286
1.29918e-10	0.0116688
1.29973e-10	0.0120037
1.30028e-10	0.0123333
1.30083e-10	0.0126578
1.30138e-10	0.0129771
1.30193e-10	0.0132913
1.30248e-10	0.0136004
1.30303e-10	0.0139044
1.30358e-10	0.0142035
1.30413e-10	0.0144975
1.30468e-10	0.0147866
1.30522e-10	0.0150708
1.30577e-10	0.01535
1.30632e-10	0.0156245
1.30687e-10	0.0158941
1.30742e-10	0.0161589
1.30797e-10	0.0164189
1.30852e-10	0.0166743
1.30907e-10	0.0169249
1.30962e-10	0.0171709
1.31017e-10	0.0174123
1.31072e-10	0.0176491
1.31126e-10	0.0178814
1.31181e-10	0.0181091
1.31236e-10	0.0183324
1.31291e-10	0.0185512
1.31346e-10	0.0187656
1.31401e-10	0.0189757
1.31456e-10	0.0191813
1.31511e-10	0.0193827
1.31566e-10	0.0195798
1.31621e-10	0.0197727
1.31676e-10	0.0199613
1.31731e-10	0.0201458
1.31785e-10	0.0203262
1.3184e-10	0.0205024
1.31895e-10	0.0206746
1.3195e-10	0.0208427
1.32005e-10	0.0210068
1.3206e-10	0.021167
1.32115e-10	0.0213232
1.3217e-10	0.0214756
1.32225e-10	0.021624
1.3228e-10	0.0217687
1.32335e-10	0.0219095
1.32389e-10	0.0220466
1.32444e-10	0.0221799
1.32499e-10	0.0223096
1.32554e-10	0.0224356
1.32609e-10	0.0225579
1.32664e-10	0.0226767
1.32719e-10	0.0227919
1.32774e-10	0.0229036
1.32829e-10	0.0230118
1.32884e-10	0.0231165
1.32939e-10	0.0232178
1.32993e-10	0.0233158
1.33048e-10	0.0234103
1.33103e-10	0.0235015
1.33158e-10	0.0235895
1.33213e-10	0.0236742
1.33268e-10	0.0237556
1.33323e-10	0.0238339
1.33378e-10	0.0239089
1.33433e-10	0.0239809
1.33488e-10	0.0240498
1.33543e-10	0.0241156
1.33597e-10	0.0241784
1.33652e-10	0.0242381
1.33707e-10	0.0242949
1.33762e-10	0.0243488
1.33817e-10	0.0243998
1.33872e-10	0.0244479
1.33927e-10	0.0244931
1.33982e-10	0.0245356
1.34037e-10	0.0245753
1.34092e-10	0.0246122
1.34147e-10	0.0246464
1.34201e-10	0.0246779
1.34256e-10	0.0247068
1.34311e-10	0.0247331
1.34366e-10	0.0247568
1.34421e-10	0.0247779
1.34476e-10	0.0247965
1.34531e-10	0.0248126
1.34586e-10	0.0248262
1.34641e-10	0.0248374
1.34696e-10	0.0248462
1.34751e-10	0.0248526
1.34806e-10	0.0248566
1.3486e-10	0.0248584
1.34915e-10	0.0248578
1.3497e-10	0.024855
1.35025e-10	0.02485
1.3508e-10	0.0248428
1.35135e-10	0.0248334
1.3519e-10	0.0248218
1.35245e-10	0.0248082
1.353e-10	0.0247925
1.35355e-10	0.0247747
1.3541e-10	0.0247548
1.35464e-10	0.024733
1.35519e-10	0.0247092
1.35574e-10	0.0246835
1.35629e-10	0.0246558
1.35684e-10	0.0246263
1.35739e-10	0.0245949
1.35794e-10	0.0245617
1.35849e-10	0.0245266
1.35904e-10	0.0244898
1.35959e-10	0.0244512
1.36014e-10	0.0244109
1.36068e-10	0.0243689
1.36123e-10	0.0243252
1.36178e-10	0.0242799
1.36233e-10	0.0242329
1.36288e-10	0.0241844
1.36343e-10	0.0241343
1.36398e-10	0.0240826
1.36453e-10	0.0240294
1.36508e-10	0.0239748
1.36563e-10	0.0239186
1.36618e-10	0.023861
1.36672e-10	0.023802
1.36727e-10	0.0237416
1.36782e-10	0.0236798
1.36837e-10	0.0236167
1.36892e-10	0.0235522
1.36947e-10	0.0234864
1.37002e-10	0.0234194
1.37057e-10	0.0233511
1.37112e-10	0.0232816
1.37167e-10	0.0232109
1.37222e-10	0.023139
1.37276e-10	0.0230659
1.37331e-10	0.0229917
1.37386e-10	0.0229163
1.37441e-10	0.0228399
1.37496e-10	0.0227624
1.37551e-10	0.0226839
1.37606e-10	0.0226043
1.37661e-10	0.0225237
1.37716e-10	0.0224421
1.37771e-10	0.0223596
1.37826e-10	0.0222761
1.37881e-10	0.0221917
1.37935e-10	0.0221064
1.3799e-10	0.0220202
1.38045e-10	0.0219332
1.381e-10	0.0218453
1.38155e-10	0.0217566
1.3821e-10	0.021667
1.38265e-10	0.0215767
1.3832e-10	0.0214857
1.38375e-10	0.0213939
1.3843e-10	0.0213013
1.38485e-10	0.0212081
1.38539e-10	0.0211142
1.38594e-10	0.0210196
1.38649e-10	0.0209243
1.38704e-10	0.0208284
1.38759e-10	0.020732
1.38814e-10	0.0206349
1.38869e-10	0.0205372
1.38924e-10	0.020439
1.38979e-10	0.0203402
1.39034e-10	0.0202409
1.39089e-10	0.0201411
1.39143e-10	0.0200408
1.39198e-10	0.01994
1.39253e-10	0.0198388
1.39308e-10	0.0197371
1.39363e-10	0.019635
1.39418e-10	0.0195325
1.39473e-10	0.0194295
1.39528e-10	0.0193262
1.39583e-10	0.0192226
1.39638e-10	0.0191186
1.39693e-10	0.0190142
1.39747e-10	0.0189096
1.39802e-10	0.0188046
1.39857e-10	0.0186993
1.39912e-10	0.0185938
1.39967e-10	0.018488
1.40022e-10	0.018382
1.40077e-10	0.0182757
1.40132e-10	0.0181692
1.40187e-10	0.0180625
1.40242e-10	0.0179557
1.40297e-10	0.0178486
1.40351e-10	0.0177414
1.40406e-10	0.017634
1.40461e-10	0.0175265
1.40516e-10	0.0174188
1.40571e-10	0.0173111
1.40626e-10	0.0172032
1.40681e-10	0.0170952
1.40736e-10	0.0169872
1.40791e-10	0.0168791
1.40846e-10	0.016771
1.40901e-10	0.0166628
1.40955e-10	0.0165546
1.4101e-10	0.0164463
1.41065e-10	0.0163381
1.4112e-10	0.0162299
1.41175e-10	0.0161216
1.4123e-10	0.0160134
1.41285e-10	0.0159053
1.4134e-10	0.0157971
1.41395e-10	0.0156891
1.4145e-10	0.0155811
1.41505e-10	0.0154732
1.4156e-10	0.0153653
1.41614e-10	0.0152576
1.41669e-10	0.0151499
1.41724e-10	0.0150424
1.41779e-10	0.014935
1.41834e-10	0.0148278
1.41889e-10	0.0147206
1.41944e-10	0.0146137
1.41999e-10	0.0145069
1.42054e-10	0.0144002
1.42109e-10	0.0142938
1.42164e-10	0.0141875
1.42218e-10	0.0140814
1.42273e-10	0.0139755
1.42328e-10	0.0138698
1.42383e-10	0.0137644
1.42438e-10	0.0136592
1.42493e-10	0.0135542
1.42548e-10	0.0134494
1.42603e-10	0.0133449
1.42658e-10	0.0132406
1.42713e-10	0.0131366
1.42768e-10	0.0130329
1.42822e-10	0.0129295
1.42877e-10	0.0128263
1.42932e-10	0.0127234
1.42987e-10	0.0126208
1.43042e-10	0.0125185
1.43097e-10	0.0124165
1.43152e-10	0.0123149
1.43207e-10	0.0122135
1.43262e-10	0.0121125
1.43317e-10	0.0120118
1.43372e-10	0.0119114
1.43426e-10	0.0118114
1.43481e-10	0.0117117
1.43536e-10	0.0116124
1.43591e-10	0.0115135
1.43646e-10	0.0114149
1.43701e-10	0.0113166
1.43756e-10	0.0112188
1.43811e-10	0.0111213
1.43866e-10	0.0110242
1.43921e-10	0.0109275
1.43976e-10	0.0108312
1.4403e-10	0.0107352
1.44085e-10	0.0106397
1.4414e-10	0.0105446
1.44195e-10	0.0104498
1.4425e-10	0.0103555
1.44305e-10	0.0102616
1.4436e-10	0.0101681
1.44415e-10	0.0100751
1.4447e-10	0.00998244
1.44525e-10	0.00989023
1.4458e-10	0.00979846
1.44635e-10	0.00970712
1.44689e-10	0.00961621
1.44744e-10	0.00952575
1.44799e-10	0.00943573
1.44854e-10	0.00934616
1.44909e-10	0.00925704
1.44964e-10	0.00916837
1.45019e-10	0.00908015
1.45074e-10	0.00899239
1.45129e-10	0.0089051
1.45184e-10	0.00881826
1.45239e-10	0.00873188
1.45293e-10	0.00864598
1.45348e-10	0.00856054
1.45403e-10	0.00847557
1.45458e-10	0.00839107
1.45513e-10	0.00830705
1.45568e-10	0.0082235
1.45623e-10	0.00814043
1.45678e-10	0.00805784
1.45733e-10	0.00797573
1.45788e-10	0.0078941
1.45843e-10	0.00781296
1.45897e-10	0.00773229
1.45952e-10	0.00765212
1.46007e-10	0.00757243
1.46062e-10	0.00749323
1.46117e-10	0.00741452
1.46172e-10	0.0073363
1.46227e-10	0.00725856
1.46282e-10	0.00718132
1.46337e-10	0.00710458
1.46392e-10	0.00702832
1.46447e-10	0.00695256
1.46501e-10	0.00687729
1.46556e-10	0.00680252
1.46611e-10	0.00672824
1.46666e-10	0.00665446
1.46721e-10	0.00658118
1.46776e-10	0.00650839
1.46831e-10	0.00643609
1.46886e-10	0.00636429
1.46941e-10	0.00629299
1.46996e-10	0.00622218
1.47051e-10	0.00615188
1.47105e-10	0.00608206
1.4716e-10	0.00601274
1.47215e-10	0.00594392
1.4727e-10	0.0058756
1.47325e-10	0.00580777
1.4738e-10	0.00574043
1.47435e-10	0.00567359
1.4749e-10	0.00560724
1.47545e-10	0.00554139
1.476e-10	0.00547603
1.47655e-10	0.00541116
1.47709e-10	0.00534678
1.47764e-10	0.0052829
1.47819e-10	0.0052195
1.47874e-10	0.00515659
1.47929e-10	0.00509418
1.47984e-10	0.00503225
1.48039e-10	0.0049708
1.48094e-10	0.00490985
1.48149e-10	0.00484937
1.48204e-10	0.00478939
1.48259e-10	0.00472988
1.48314e-10	0.00467086
1.48368e-10	0.00461231
1.48423e-10	0.00455425
1.48478e-10	0.00449666
1.48533e-10	0.00443955
1.48588e-10	0.00438292
1.48643e-10	0.00432676
1.48698e-10	0.00427108
1.48753e-10	0.00421586
1.48808e-10	0.00416112
1.48863e-10	0.00410684
1.48918e-10	0.00405304
1.48972e-10	0.00399969
1.49027e-10	0.00394682
1.49082e-10	0.0038944
1.49137e-10	0.00384245
1.49192e-10	0.00379095
1.49247e-10	0.00373991
1.49302e-10	0.00368933
1.49357e-10	0.0036392
1.49412e-10	0.00358953
1.49467e-10	0.0035403
1.49522e-10	0.00349153
1.49576e-10	0.0034432
1.49631e-10	0.00339532
1.49686e-10	0.00334788
1.49741e-10	0.00330088
1.49796e-10	0.00325433
1.49851e-10	0.00320821
1.49906e-10	0.00316252
1.49961e-10	0.00311727
1.50016e-10	0.00307246
1.50071e-10	0.00302807
1.50126e-10	0.00298411
1.5018e-10	0.00294057
1.50235e-10	0.00289746
1.5029e-10	0.00285478
1.50345e-10	0.00281251
1.504e-10	0.00277066
1.50455e-10	0.00272922
1.5051e-10	0.0026882
1.50565e-10	0.00264759
1.5062e-10	0.00260739
1.50675e-10	0.00256759
1.5073e-10	0.0025282
1.50784e-10	0.00248921
1.50839e-10	0.00245063
1.50894e-10	0.00241244
1.50949e-10	0.00237464
1.51004e-10	0.00233724
1.51059e-10	0.00230024
1.51114e-10	0.00226362
1.51169e-10	0.00222738
1.51224e-10	0.00219153
1.51279e-10	0.00215607
1.51334e-10	0.00212098
1.51389e-10	0.00208627
1.51443e-10	0.00205194
1.51498e-10	0.00201798
1.51553e-10	0.00198439
1.51608e-10	0.00195117
1.51663e-10	0.00191831
1.51718e-10	0.00188582
1.51773e-10	0.00185369
1.51828e-10	0.00182192
1.51883e-10	0.00179051
1.51938e-10	0.00175945
1.51993e-10	0.00172874
1.52047e-10	0.00169838
1.52102e-10	0.00166837
1.52157e-10	0.0016387
1.52212e-10	0.00160937
1.52267e-10	0.00158039
1.52322e-10	0.00155174
1.52377e-10	0.00152343
1.52432e-10	0.00149545
1.52487e-10	0.0014678
1.52542e-10	0.00144048
1.52597e-10	0.00141348
1.52651e-10	0.00138681
1.52706e-10	0.00136045
1.52761e-10	0.00133442
1.52816e-10	0.0013087
1.52871e-10	0.0012833
1.52926e-10	0.00125821
1.52981e-10	0.00123342
1.53036e-10	0.00120895
1.53091e-10	0.00118477
1.53146e-10	0.0011609
1.53201e-10	0.00113733
1.53255e-10	0.00111406
1.5331e-10	0.00109108
1.53365e-10	0.00106839
1.5342e-10	0.00104599
1.53475e-10	0.00102388
1.5353e-10	0.00100206
1.53585e-10	0.000980515
1.5364e-10	0.000959254
1.53695e-10	0.000938271
1.5375e-10	0.000917564
1.53805e-10	0.00089713
1.53859e-10	0.000876967
1.53914e-10	0.000857074
1.53969e-10	0.000837447
1.54024e-10	0.000818084
1.54079e-10	0.000798983
1.54134e-10	0.000780142
1.54189e-10	0.000761559
1.54244e-10	0.00074323
1.54299e-10	0.000725155
1.54354e-10	0.00070733
1.54409e-10	0.000689754
1.54464e-10	0.000672423
1.54518e-10	0.000655337
1.54573e-10	0.000638492
1.54628e-10	0.000621886
1.54683e-10	0.000605518
1.54738e-10	0.000589385
1.54793e-10	0.000573484
1.54848e-10	0.000557814
1.54903e-10	0.000542373
1.54958e-10	0.000527157
1.55013e-10	0.000512166
1.55068e-10	0.000497397
1.55122e-10	0.000482848
1.55177e-10	0.000468516
1.55232e-10	0.000454399
1.55287e-10	0.000440496
1.55342e-10	0.000426805
1.55397e-10	0.000413322
1.55452e-10	0.000400047
1.55507e-10	0.000386976
1.55562e-10	0.000374109
1.55617e-10	0.000361442
1.55672e-10	0.000348974
1.55726e-10	0.000336703
1.55781e-10	0.000324627
1.55836e-10	0.000312743
1.55891e-10	0.00030105
1.55946e-10	0.000289546
1.56001e-10	0.000278229
1.56056e-10	0.000267096
1.56111e-10	0.000256147
1.56166e-10	0.000245378
1.56221e-10	0.000234788
1.56276e-10	0.000224375
1.5633e-10	0.000214137
1.56385e-10	0.000204072
1.5644e-10	0.000194178
1.56495e-10	0.000184454
1.5655e-10	0.000174897
1.56605e-10	0.000165506
1.5666e-10	0.000156279
1.56715e-10	0.000147213
1.5677e-10	0.000138308
1.56825e-10	0.000129561
1.5688e-10	0.00012097
1.56934e-10	0.000112535
1.56989e-10	0.000104252
1.57044e-10	9.61198e-05
1.57099e-10	8.81373e-05
1.57154e-10	8.03025e-05
1.57209e-10	7.26136e-05
1.57264e-10	6.50688e-05
1.57319e-10	5.76665e-05
1.57374e-10	5.0405e-05
1.57429e-10	4.32825e-05
1.57484e-10	3.62974e-05
1.57538e-10	2.94481e-05
1.57593e-10	2.27328e-05
1.57648e-10	1.61499e-05
1.57703e-10	9.69792e-06
1.57758e-10	3.37509e-06
1.57813e-10	-2.82014e-06
1.57868e-10	-8.88937e-06
1.57923e-10	-1.48342e-05
1.57978e-10	-2.06561e-05
1.58033e-10	-2.63568e-05
1.58088e-10	-3.19377e-05
1.58143e-10	-3.74004e-05
1.58197e-10	-4.27464e-05
1.58252e-10	-4.79771e-05
1.58307e-10	-5.30942e-05
1.58362e-10	-5.80991e-05
1.58417e-10	-6.29932e-05
1.58472e-10	-6.7778e-05
1.58527e-10	-7.2455e-05
1.58582e-10	-7.70256e-05
1.58637e-10	-8.14912e-05
1.58692e-10	-8.58532e-05
1.58747e-10	-9.0113e-05
1.58801e-10	-9.42721e-05
1.58856e-10	-9.83318e-05
1.58911e-10	-0.000102293
1.58966e-10	-0.000106158
1.59021e-10	-0.000109928
1.59076e-10	-0.000113603
1.59131e-10	-0.000117186
1.59186e-10	-0.000120678
1.59241e-10	-0.000124079
1.59296e-10	-0.000127392
1.59351e-10	-0.000130617
1.59405e-10	-0.000133755
1.5946e-10	-0.000136809
1.59515e-10	-0.000139779
1.5957e-10	-0.000142666
1.59625e-10	-0.000145472
1.5968e-10	-0.000148198
1.59735e-10	-0.000150845
1.5979e-10	-0.000153413
1.59845e-10	-0.000155906
1.599e-10	-0.000158323
1.59955e-10	-0.000160665
1.60009e-10	-0.000162934
1.60064e-10	-0.000165132
1.60119e-10	-0.000167258
1.60174e-10	-0.000169314
1.60229e-10	-0.000171302
1.60284e-10	-0.000173222
1.60339e-10	-0.000175075
1.60394e-10	-0.000176863
1.60449e-10	-0.000178586
1.60504e-10	-0.000180246
1.60559e-10	-0.000181843
1.60613e-10	-0.000183379
1.60668e-10	-0.000184855
1.60723e-10	-0.000186271
1.60778e-10	-0.000187628
1.60833e-10	-0.000188928
1.60888e-10	-0.000190172
1.60943e-10	-0.00019136
1.60998e-10	-0.000192493
1.61053e-10	-0.000193572
1.61108e-10	-0.000194599
1.61163e-10	-0.000195574
1.61218e-10	-0.000196498
1.61272e-10	-0.000197372
1.61327e-10	-0.000198197
1.61382e-10	-0.000198973
1.61437e-10	-0.000199702
1.61492e-10	-0.000200384
1.61547e-10	-0.000201021
1.61602e-10	-0.000201612
1.61657e-10	-0.00020216
1.61712e-10	-0.000202664
1.61767e-10	-0.000203125
1.61822e-10	-0.000203545
1.61876e-10	-0.000203924
1.61931e-10	-0.000204263
1.61986e-10	-0.000204563
1.62041e-10	-0.000204824
1.62096e-10	-0.000205047
1.62151e-10	-0.000205233
1.62206e-10	-0.000205382
1.62261e-10	-0.000205496
1.62316e-10	-0.000205575
1.62371e-10	-0.000205619
1.62426e-10	-0.00020563
1.6248e-10	-0.000205609
1.62535e-10	-0.000205555
1.6259e-10	-0.000205469
1.62645e-10	-0.000205352
1.627e-10	-0.000205206
1.62755e-10	-0.00020503
1.6281e-10	-0.000204824
1.62865e-10	-0.000204591
1.6292e-10	-0.00020433
1.62975e-10	-0.000204041
1.6303e-10	-0.000203727
1.63084e-10	-0.000203386
1.63139e-10	-0.00020302
1.63194e-10	-0.00020263
1.63249e-10	-0.000202215
1.63304e-10	-0.000201777
1.63359e-10	-0.000201315
1.63414e-10	-0.000200831
1.63469e-10	-0.000200326
1.63524e-10	-0.000199799
1.63579e-10	-0.000199251
1.63634e-10	-0.000198682
1.63688e-10	-0.000198094
1.63743e-10	-0.000197487
1.63798e-10	-0.00019686
1.63853e-10	-0.000196216
1.63908e-10	-0.000195553
1.63963e-10	-0.000194873
1.64018e-10	-0.000194176
1.64073e-10	-0.000193463
1.64128e-10	-0.000192734
1.64183e-10	-0.000191989
1.64238e-10	-0.000191229
1.64292e-10	-0.000190454
1.64347e-10	-0.000189666
1.64402e-10	-0.000188863
1.64457e-10	-0.000188047
1.64512e-10	-0.000187218
1.64567e-10	-0.000186377
1.64622e-10	-0.000185523
1.64677e-10	-0.000184657
1.64732e-10	-0.00018378
1.64787e-10	-0.000182892
1.64842e-10	-0.000181994
1.64897e-10	-0.000181085
1.64951e-10	-0.000180166
1.65006e-10	-0.000179238
1.65061e-10	-0.0001783
1.65116e-10	-0.000177354
1.65171e-10	-0.000176399
1.65226e-10	-0.000175436
1.65281e-10	-0.000174465
1.65336e-10	-0.000173486
1.65391e-10	-0.0001725
1.65446e-10	-0.000171508
1.65501e-10	-0.000170508
1.65555e-10	-0.000169503
1.6561e-10	-0.000168491
1.65665e-10	-0.000167474
1.6572e-10	-0.000166451
1.65775e-10	-0.000165423
1.6583e-10	-0.00016439
1.65885e-10	-0.000163353
1.6594e-10	-0.000162311
1.65995e-10	-0.000161265
1.6605e-10	-0.000160216
1.66105e-10	-0.000159163
1.66159e-10	-0.000158106
1.66214e-10	-0.000157047
1.66269e-10	-0.000155984
1.66324e-10	-0.000154919
1.66379e-10	-0.000153852
1.66434e-10	-0.000152782
1.66489e-10	-0.000151711
1.66544e-10	-0.000150638
1.66599e-10	-0.000149563
1.66654e-10	-0.000148487
1.66709e-10	-0.00014741
1.66763e-10	-0.000146332
1.66818e-10	-0.000145253
1.66873e-10	-0.000144174
1.66928e-10	-0.000143095
1.66983e-10	-0.000142015
1.67038e-10	-0.000140936
1.67093e-10	-0.000139857
1.67148e-10	-0.000138778
1.67203e-10	-0.0001377
1.67258e-10	-0.000136622
1.67313e-10	-0.000135545
1.67367e-10	-0.00013447
1.67422e-10	-0.000133396
1.67477e-10	-0.000132323
1.67532e-10	-0.000131251
1.67587e-10	-0.000130181
1.67642e-10	-0.000129113
1.67697e-10	-0.000128047
1.67752e-10	-0.000126984
1.67807e-10	-0.000125922
1.67862e-10	-0.000124862
1.67917e-10	-0.000123805
1.67972e-10	-0.000122751
1.68026e-10	-0.0001217
1.68081e-10	-0.000120651
1.68136e-10	-0.000119605
1.68191e-10	-0.000118562
1.68246e-10	-0.000117522
1.68301e-10	-0.000116486
1.68356e-10	-0.000115453
1.68411e-10	-0.000114424
1.68466e-10	-0.000113398
