% time-domain voltage integration by openEMS v0.0.36-93-g7b9cd51 @Thu Sep 24 15:46:47 2026
% start-coordinates: (0.0583,0,0.000150397) m -> [75,3,5]
% stop-coordinates: (0.0583,0,0.0021) m -> [75,3,7]
% t/s	voltage
0	-0
3.62409918691e-12	-0
7.24819837381e-12	-0
1.08722975607e-11	-0
1.44963967476e-11	-0
1.81204959345e-11	-0
2.17445951214e-11	-6.48707434268e-36
2.53686943083e-11	-1.18421536545e-31
2.89927934952e-11	-1.01092370478e-28
3.26168926822e-11	-2.46289431217e-26
3.62409918691e-11	-2.37997814083e-24
3.9865091056e-11	-1.12724419469e-22
4.34891902429e-11	-3.03245538424e-21
4.71132894298e-11	-5.16998610344e-20
5.07373886167e-11	-6.06651870177e-19
5.43614878036e-11	-5.22193806069e-18
5.79855869905e-11	-3.4662476655e-17
6.16096861774e-11	-1.8456924683e-16
6.52337853643e-11	-8.1342598863e-16
6.88578845512e-11	-3.04120016989e-15
7.24819837381e-11	-9.82779950865e-15
7.6106082925e-11	-2.77900007287e-14
7.97301821119e-11	-6.90375135396e-14
8.33542812988e-11	-1.49323126563e-13
8.69783804857e-11	-2.7115468074e-13
9.06024796726e-11	-3.64281508062e-13
9.42265788595e-11	-1.26283358601e-13
9.78506780465e-11	1.3414939732e-12
1.01474777233e-10	6.2731138643e-12
1.0509887642e-10	1.95973103197e-11
1.08722975607e-10	5.1218060175e-11
1.12347074794e-10	1.19502819099e-10
1.15971173981e-10	2.56096345519e-10
1.19595273168e-10	5.11751592491e-10
1.23219372355e-10	9.62064469756e-10
1.26843471542e-10	1.71073888389e-09
1.30467570729e-10	2.88623935862e-09
1.34091669916e-10	4.62553395586e-09
1.37715769102e-10	7.03621771958e-09
1.41339868289e-10	1.01261414809e-08
1.44963967476e-10	1.36881590507e-08
1.48588066663e-10	1.71275400529e-08
1.5221216585e-10	1.92216598194e-08
1.55836265037e-10	1.78072285806e-08
1.59460364224e-10	9.39952438106e-09
1.63084463411e-10	-1.12372073868e-08
1.66708562598e-10	-5.15299740655e-08
1.70332661785e-10	-1.21486449345e-07
1.73956760971e-10	-2.33948245665e-07
1.77580860158e-10	-4.04602090498e-07
1.81204959345e-10	-6.51631069104e-07
1.84829058532e-10	-9.94889418848e-07
1.88453157719e-10	-1.45450800915e-06
1.92077256906e-10	-2.04886649158e-06
1.95701356093e-10	-2.79194000541e-06
1.9932545528e-10	-3.69007074141e-06
2.02949554467e-10	-4.7383101105e-06
2.06573653654e-10	-5.91651564719e-06
2.10197752841e-10	-7.18552007584e-06
2.13821852027e-10	-8.48368813422e-06
2.17445951214e-10	-9.72429825197e-06
2.21070050401e-10	-1.07942753402e-05
2.24694149588e-10	-1.15547295536e-05
2.28318248775e-10	-1.18437983474e-05
2.31942347962e-10	-1.14822055366e-05
2.35566447149e-10	-1.02815888567e-05
2.39190546336e-10	-8.05546687843e-06
2.42814645523e-10	-4.63240047566e-06
2.4643874471e-10	1.29527963466e-07
2.50062843896e-10	6.32787021004e-06
2.53686943083e-10	1.40017091326e-05
2.5731104227e-10	2.31192302635e-05
2.60935141457e-10	3.3568030176e-05
2.64559240644e-10	4.51487667306e-05
2.68183339831e-10	5.75729045522e-05
2.71807439018e-10	7.04655203663e-05
2.75431538205e-10	8.33735957713e-05
2.79055637392e-10	9.57808024395e-05
2.82679736579e-10	0.000107128582385
2.86303835766e-10	0.000116843777505
2.89927934952e-10	0.000124370455524
2.93552034139e-10	0.000129204314362
2.97176133326e-10	0.000130926522615
3.00800232513e-10	0.000129233503685
3.044243317e-10	0.000123960326164
3.08048430887e-10	0.000115096383524
3.11672530074e-10	0.000102792249891
3.15296629261e-10	8.73592725839e-05
3.18920728448e-10	6.92620333211e-05
3.22544827635e-10	4.91046193929e-05
3.26168926822e-10	2.7610041343e-05
3.29793026008e-10	5.59262872457e-06
3.33417125195e-10	-1.60788836183e-05
3.37041224382e-10	-3.65254886674e-05
3.40665323569e-10	-5.49090209461e-05
3.44289422756e-10	-7.04836966179e-05
3.47913521943e-10	-8.26440227684e-05
3.5153762113e-10	-9.09608606889e-05
3.55161720317e-10	-9.52022692218e-05
3.58785819504e-10	-9.53369581111e-05
3.62409918691e-10	-9.15231576073e-05
3.66034017877e-10	-8.40873890411e-05
3.69658117064e-10	-7.34996774554e-05
3.73282216251e-10	-6.03492144364e-05
3.76906315438e-10	-4.53219590781e-05
3.80530414625e-10	-2.91773976642e-05
3.84154513812e-10	-1.27200248699e-05
3.87778612999e-10	3.23926775536e-06
3.91402712186e-10	1.79319376912e-05
3.95026811373e-10	3.0686957416e-05
3.9865091056e-10	4.0983107283e-05
4.02275009747e-10	4.84865613544e-05
4.05899108933e-10	5.30647894266e-05
4.0952320812e-10	5.47726358491e-05
4.13147307307e-10	5.38153135494e-05
4.16771406494e-10	5.04990930494e-05
4.20395505681e-10	4.51850301033e-05
4.24019604868e-10	3.82574207833e-05
4.27643704055e-10	3.01135482914e-05
4.31267803242e-10	2.11698024941e-05
4.34891902429e-10	1.18730467875e-05
4.38516001616e-10	2.7011233783e-06
4.42140100802e-10	-5.85832185607e-06
4.45764199989e-10	-1.33524931698e-05
4.49388299176e-10	-1.94220444882e-05
4.53012398363e-10	-2.38544098465e-05
4.5663649755e-10	-2.66121155619e-05
4.60260596737e-10	-2.7821306503e-05
4.63884695924e-10	-2.77216136055e-05
4.67508795111e-10	-2.65904059233e-05
4.71132894298e-10	-2.46682793659e-05
4.74756993485e-10	-2.21104928642e-05
4.78381092672e-10	-1.89830591353e-05
4.82005191858e-10	-1.53027626766e-05
4.85629291045e-10	-1.11047354494e-05
4.89253390232e-10	-6.50688957649e-06
4.92877489419e-10	-1.7416039384e-06
4.96501588606e-10	2.86407379235e-06
5.00125687793e-10	6.95640653703e-06
5.0374978698e-10	1.02478918507e-05
5.07373886167e-10	1.25981509882e-05
5.10997985354e-10	1.40482131883e-05
5.14622084541e-10	1.47906198436e-05
5.18246183728e-10	1.50824839693e-05
5.21870282914e-10	1.51333067606e-05
5.25494382101e-10	1.50114674398e-05
5.29118481288e-10	1.46090430917e-05
5.32742580475e-10	1.3683102452e-05
5.36366679662e-10	1.19624769468e-05
5.39990778849e-10	9.28034103254e-06
5.43614878036e-10	5.68071754969e-06
5.47238977223e-10	1.45255751249e-06
5.5086307641e-10	-2.92734353025e-06
5.54487175597e-10	-6.9266511673e-06
5.58111274783e-10	-1.01163309409e-05
5.6173537397e-10	-1.22950496007e-05
5.65359473157e-10	-1.35285174565e-05
5.68983572344e-10	-1.40858551276e-05
5.72607671531e-10	-1.42971093737e-05
5.76231770718e-10	-1.43878655763e-05
5.79855869905e-10	-1.43601955642e-05
5.83479969092e-10	-1.39713588396e-05
5.87104068279e-10	-1.28258982386e-05
5.90728167466e-10	-1.05492022158e-05
5.94352266653e-10	-6.97724772181e-06
5.97976365839e-10	-2.28384345746e-06
6.01600465026e-10	3.01080535792e-06
6.05224564213e-10	8.16403542103e-06
6.088486634e-10	1.24270832202e-05
6.12472762587e-10	1.52749125846e-05
6.16096861774e-10	1.65609098985e-05
6.19720960961e-10	1.65349626968e-05
6.23345060148e-10	1.57148945163e-05
6.26969159335e-10	1.46610957472e-05
6.30593258522e-10	1.37430752147e-05
6.34217357708e-10	1.29920881591e-05
6.37841456895e-10	1.21012756154e-05
6.41465556082e-10	1.05771243852e-05
6.45089655269e-10	7.98457301698e-06
6.48713754456e-10	4.18820616233e-06
6.52337853643e-10	-5.10496036554e-07
6.5596195283e-10	-5.40394262316e-06
6.59586052017e-10	-9.57581357852e-06
6.63210151204e-10	-1.21970654163e-05
6.66834250391e-10	-1.28088474867e-05
6.70458349578e-10	-1.14815140932e-05
6.74082448764e-10	-8.78282912709e-06
6.77706547951e-10	-5.56404995677e-06
6.81330647138e-10	-2.64411025341e-06
6.84954746325e-10	-5.14495276605e-07
6.88578845512e-10	8.19294299959e-07
6.92202944699e-10	1.7970952797e-06
6.95827043886e-10	3.07944389988e-06
6.99451143073e-10	5.22715220086e-06
7.0307524226e-10	8.41271707941e-06
7.06699341447e-10	1.22818771615e-05
7.10323440634e-10	1.60271583809e-05
7.1394753982e-10	1.86536385627e-05
7.17571639007e-10	1.93392893379e-05
7.21195738194e-10	1.7750636971e-05
7.24819837381e-10	1.41868645187e-05
7.28443936568e-10	9.49032778408e-06
7.32068035755e-10	4.75199590255e-06
7.35692134942e-10	9.2434072485e-07
7.39316234129e-10	-1.5093681327e-06
7.42940333316e-10	-2.68016185601e-06
7.46564432503e-10	-3.23745308606e-06
7.50188531689e-10	-4.04972649903e-06
7.53812630876e-10	-5.81988388149e-06
7.57436730063e-10	-8.76504577718e-06
7.6106082925e-10	-1.24882587897e-05
7.64684928437e-10	-1.60959245932e-05
7.68309027624e-10	-1.85205653906e-05
7.71933126811e-10	-1.89273378055e-05
7.75557225998e-10	-1.70462967617e-05
7.79181325185e-10	-1.32974055305e-05
7.82805424372e-10	-8.65415336193e-06
7.86429523559e-10	-4.29468548191e-06
7.90053622745e-10	-1.17422978008e-06
7.93677721932e-10	3.14227776244e-07
7.97301821119e-10	4.59682020448e-07
8.00925920306e-10	8.80747101917e-08
8.04550019493e-10	2.10688064328e-07
8.0817411868e-10	1.60300703556e-06
8.11798217867e-10	4.47687358474e-06
8.15422317054e-10	8.37094228245e-06
8.19046416241e-10	1.23033901218e-05
8.22670515428e-10	1.51302378981e-05
8.26294614614e-10	1.59748074111e-05
8.29918713801e-10	1.45635608533e-05
8.33542812988e-10	1.1337388969e-05
8.37166912175e-10	7.29182761461e-06
8.40791011362e-10	3.60624727591e-06
8.44415110549e-10	1.20566861028e-06
8.48039209736e-10	4.2557793023e-07
8.51663308923e-10	9.09234060487e-07
8.5528740811e-10	1.77369605581e-06
8.58911507297e-10	1.97682527414e-06
8.62535606484e-10	7.41711872365e-07
8.6615970567e-10	-2.12279084622e-06
8.69783804857e-10	-6.12578378423e-06
8.73407904044e-10	-1.02565782072e-05
8.77032003231e-10	-1.33458788696e-05
8.80656102418e-10	-1.44916616591e-05
8.84280201605e-10	-1.33907524287e-05
8.87904300792e-10	-1.04500784346e-05
8.91528399979e-10	-6.6339246132e-06
8.95152499166e-10	-3.10383501301e-06
8.98776598353e-10	-7.90126563288e-07
9.0240069754e-10	-5.97844658223e-08
9.06024796726e-10	-6.06509054535e-07
9.09648895913e-10	-1.60038169383e-06
9.132729951e-10	-2.0340582978e-06
9.16897094287e-10	-1.12975109801e-06
9.20521193474e-10	1.34594537826e-06
9.24145292661e-10	4.97369592267e-06
9.27769391848e-10	8.81751395809e-06
9.31393491035e-10	1.17537733786e-05
9.35017590222e-10	1.28747376493e-05
9.38641689409e-10	1.18191971978e-05
9.42265788595e-10	8.90790965968e-06
9.45889887782e-10	5.03037841781e-06
9.49513986969e-10	1.32400867869e-06
9.53138086156e-10	-1.23504977978e-06
9.56762185343e-10	-2.17382773826e-06
9.6038628453e-10	-1.66919852518e-06
9.64010383717e-10	-4.48508814088e-07
9.67634482904e-10	5.12099290972e-07
9.71258582091e-10	3.74420572768e-07
9.74882681278e-10	-1.23398842788e-06
9.78506780465e-10	-4.06795010122e-06
9.82130879651e-10	-7.34031300453e-06
9.85754978838e-10	-9.99814812985e-06
9.89379078025e-10	-1.11015251605e-05
9.93003177212e-10	-1.01705919633e-05
9.96627276399e-10	-7.37356458558e-06
1.00025137559e-09	-3.4818578456e-06
1.00387547477e-09	3.96759311627e-07
1.00749957396e-09	3.21014869087e-06
1.01112367315e-09	4.33318484738e-06
1.01474777233e-09	3.77804514073e-06
1.01837187152e-09	2.16672540887e-06
1.02199597071e-09	4.79854222135e-07
1.02562006989e-09	-3.21101957468e-07
1.02924416908e-09	3.40971631374e-07
1.03286826827e-09	2.43724710458e-06
1.03649236746e-09	5.33282479864e-06
1.04011646664e-09	8.00884708951e-06
1.04374056583e-09	9.43194038427e-06
1.04736466502e-09	8.94045047062e-06
1.0509887642e-09	6.50670938285e-06
1.05461286339e-09	2.77139849914e-06
1.05823696258e-09	-1.17091587981e-06
1.06186106176e-09	-4.16223889488e-06
1.06548516095e-09	-5.40075075151e-06
1.06910926014e-09	-4.73027319003e-06
1.07273335932e-09	-2.68797265335e-06
1.07635745851e-09	-2.93808533058e-07
1.0799815577e-09	1.33766856436e-06
1.08360565688e-09	1.41796886055e-06
1.08722975607e-09	-2.15437776063e-07
1.09085385526e-09	-3.02898229165e-06
1.09447795445e-09	-5.97993403062e-06
1.09810205363e-09	-7.89772570897e-06
1.10172615282e-09	-7.92515311332e-06
1.10535025201e-09	-5.85661064179e-06
1.10897435119e-09	-2.2403030755e-06
1.11259845038e-09	1.80434807362e-06
1.11622254957e-09	4.99337613746e-06
1.11984664875e-09	6.35629567114e-06
1.12347074794e-09	5.59944305678e-06
1.12709484713e-09	3.21250752222e-06
1.13071894631e-09	2.76695626411e-07
1.1343430455e-09	-1.95046123963e-06
1.13796714469e-09	-2.51491508152e-06
1.14159124388e-09	-1.13059893181e-06
1.14521534306e-09	1.70577561676e-06
1.14883944225e-09	4.89330216169e-06
1.15246354144e-09	7.13650979378e-06
1.15608764062e-09	7.43785960822e-06
1.15971173981e-09	5.49012440842e-06
1.163335839e-09	1.8146724301e-06
1.16695993818e-09	-2.41631536824e-06
1.17058403737e-09	-5.81382528253e-06
1.17420813656e-09	-7.29697740098e-06
1.17783223574e-09	-6.50348738418e-06
1.18145633493e-09	-3.92189525655e-06
1.18508043412e-09	-6.94728939266e-07
1.18870453331e-09	1.82837453622e-06
1.19232863249e-09	2.61225673626e-06
1.19595273168e-09	1.33231753807e-06
1.19957683087e-09	-1.50250690467e-06
1.20320093005e-09	-4.74344966506e-06
1.20682502924e-09	-7.03961927684e-06
1.21044912843e-09	-7.3568330663e-06
1.21407322761e-09	-5.38273252459e-06
1.2176973268e-09	-1.66143246361e-06
1.22132142599e-09	2.60020709675e-06
1.22494552517e-09	5.9863621118e-06
1.22856962436e-09	7.41135659155e-06
1.23219372355e-09	6.53181086818e-06
1.23581782273e-09	3.86784313378e-06
1.23944192192e-09	5.86755234622e-07
1.24306602111e-09	-1.96097425942e-06
1.2466901203e-09	-2.76716190228e-06
1.25031421948e-09	-1.54850232548e-06
1.25393831867e-09	1.15644945708e-06
1.25756241786e-09	4.20586582095e-06
1.26118651704e-09	6.30002705293e-06
1.26481061623e-09	6.48364118661e-06
1.26843471542e-09	4.51599959206e-06
1.2720588146e-09	9.68532447132e-07
1.27568291379e-09	-2.98895713513e-06
1.27930701298e-09	-6.03343232797e-06
1.28293111216e-09	-7.19330205357e-06
1.28655521135e-09	-6.2137810346e-06
1.29017931054e-09	-3.63879200904e-06
1.29380340973e-09	-5.79986370042e-07
1.29742750891e-09	1.72968989887e-06
1.3010516081e-09	2.41608825036e-06
1.30467570729e-09	1.28885154993e-06
1.30829980647e-09	-1.10808279885e-06
1.31192390566e-09	-3.72854691477e-06
1.31554800485e-09	-5.44009060377e-06
1.31917210403e-09	-5.46104774912e-06
1.32279620322e-09	-3.65531201396e-06
1.32642030241e-09	-5.77763387355e-07
1.33004440159e-09	2.74264340305e-06
1.33366850078e-09	5.19780405739e-06
1.33729259997e-09	6.0199474774e-06
1.34091669916e-09	5.06356201413e-06
1.34454079834e-09	2.84030534203e-06
1.34816489753e-09	2.97878429478e-07
1.35178899672e-09	-1.56277297947e-06
1.3554130959e-09	-2.07461218338e-06
1.35903719509e-09	-1.14386878636e-06
1.36266129428e-09	7.44246349882e-07
1.36628539346e-09	2.74152705515e-06
1.36990949265e-09	3.97836510047e-06
1.37353359184e-09	3.89560193526e-06
1.37715769102e-09	2.44402590965e-06
1.38078179021e-09	8.58725410779e-08
1.3844058894e-09	-2.39306189087e-06
1.38802998858e-09	-4.18452322037e-06
1.39165408777e-09	-4.75689392943e-06
1.39527818696e-09	-4.03956096307e-06
1.39890228615e-09	-2.42599375611e-06
1.40252638533e-09	-5.99515786348e-07
1.40615048452e-09	7.43069861642e-07
1.40977458371e-09	1.15612685647e-06
1.41339868289e-09	5.95018093463e-07
1.41702278208e-09	-5.99239058374e-07
1.42064688127e-09	-1.86064477248e-06
1.42427098045e-09	-2.62907542492e-06
1.42789507964e-09	-2.55767909607e-06
1.43151917883e-09	-1.62431211947e-06
1.43514327801e-09	-1.16886873514e-07
1.4387673772e-09	1.48896913288e-06
1.44239147639e-09	2.70804781621e-06
1.44601557558e-09	3.21383515711e-06
1.44963967476e-09	2.9395043839e-06
1.45326377395e-09	2.07940186669e-06
1.45688787314e-09	9.97417956228e-07
1.46051197232e-09	8.13920877363e-08
1.46413607151e-09	-3.97142983388e-07
1.4677601707e-09	-3.64765874394e-07
1.47138426988e-09	5.4643041203e-08
1.47500836907e-09	6.11618737878e-07
1.47863246826e-09	1.03544525132e-06
1.48225656744e-09	1.12738823077e-06
1.48588066663e-09	8.13649407405e-07
1.48950476582e-09	1.51816198724e-07
1.49312886501e-09	-7.00146358668e-07
1.49675296419e-09	-1.53520707613e-06
1.50037706338e-09	-2.15445686536e-06
1.50400116257e-09	-2.41821314262e-06
1.50762526175e-09	-2.28060446261e-06
1.51124936094e-09	-1.79877679329e-06
1.51487346013e-09	-1.11421815063e-06
1.51849755931e-09	-4.11074630335e-07
1.5221216585e-09	1.35549875324e-07
1.52574575769e-09	4.06205536763e-07
1.52936985687e-09	3.67836726411e-07
1.53299395606e-09	8.30448456668e-08
1.53661805525e-09	-3.03846942273e-07
1.54024215443e-09	-6.04090210743e-07
1.54386625362e-09	-6.40988453426e-07
1.54749035281e-09	-3.14495991915e-07
1.551114452e-09	3.48581217224e-07
1.55473855118e-09	1.18329276688e-06
1.55836265037e-09	1.92929223886e-06
1.56198674956e-09	2.31969355013e-06
1.56561084874e-09	2.18470225377e-06
1.56923494793e-09	1.52634189021e-06
1.57285904712e-09	5.30466110149e-07
1.5764831463e-09	-4.92826188747e-07
1.58010724549e-09	-1.21917723561e-06
1.58373134468e-09	-1.4289784076e-06
1.58735544386e-09	-1.09117931402e-06
1.59097954305e-09	-3.80298658342e-07
1.59460364224e-09	3.8207248565e-07
1.59822774143e-09	8.44348704732e-07
1.60185184061e-09	7.60884262263e-07
1.6054759398e-09	9.67380486827e-08
1.60910003899e-09	-9.43775688711e-07
1.61272413817e-09	-1.98376886829e-06
1.61634823736e-09	-2.61613956809e-06
1.61997233655e-09	-2.56713562408e-06
1.62359643573e-09	-1.8127377075e-06
1.62722053492e-09	-5.9625445914e-07
1.63084463411e-09	6.62945268459e-07
1.63446873329e-09	1.53211476572e-06
1.63809283248e-09	1.73310621676e-06
1.64171693167e-09	1.24801397305e-06
1.64534103086e-09	3.22755099091e-07
1.64896513004e-09	-6.30625834219e-07
1.65258922923e-09	-1.19454242054e-06
1.65621332842e-09	-1.10912502294e-06
1.6598374276e-09	-3.76153089121e-07
1.66346152679e-09	7.36875421126e-07
1.66708562598e-09	1.79775983611e-06
1.67070972516e-09	2.37952002635e-06
1.67433382435e-09	2.23256228082e-06
1.67795792354e-09	1.38776130143e-06
1.68158202272e-09	1.45627392811e-07
1.68520612191e-09	-1.04547649471e-06
1.6888302211e-09	-1.77045282612e-06
1.69245432028e-09	-1.81073909289e-06
1.69607841947e-09	-1.22322762763e-06
1.69970251866e-09	-3.059315965e-07
1.70332661785e-09	5.29967657315e-07
1.70695071703e-09	9.26147080804e-07
1.71057481622e-09	7.15340860324e-07
1.71419891541e-09	-1.8992016404e-08
1.71782301459e-09	-9.8160576556e-07
1.72144711378e-09	-1.78545423068e-06
1.72507121297e-09	-2.10577320559e-06
1.72869531215e-09	-1.80867795052e-06
1.73231941134e-09	-1.0019752068e-06
1.73594351053e-09	1.28956940681e-08
1.73956760971e-09	8.6766024765e-07
1.7431917089e-09	1.27841796882e-06
1.74681580809e-09	1.15610779972e-06
1.75043990728e-09	6.29620501513e-07
1.75406400646e-09	-2.29682250996e-08
1.75768810565e-09	-4.99848361812e-07
1.76131220484e-09	-6.00369226333e-07
1.76493630402e-09	-2.97630865731e-07
1.76856040321e-09	2.65182464432e-07
1.7721845024e-09	8.45217812184e-07
1.77580860158e-09	1.2037582735e-06
1.77943270077e-09	1.20054255603e-06
1.78305679996e-09	8.43068249878e-07
1.78668089914e-09	2.74763170438e-07
1.79030499833e-09	-2.91350428228e-07
1.79392909752e-09	-6.64900156266e-07
1.79755319671e-09	-7.55902192395e-07
1.80117729589e-09	-6.04358767475e-07
1.80480139508e-09	-3.49524732712e-07
1.80842549427e-09	-1.55044409311e-07
1.81204959345e-09	-1.2885348788e-07
1.81567369264e-09	-2.77161401385e-07
1.81929779183e-09	-5.1226518849e-07
1.82292189101e-09	-7.06183797661e-07
1.8265459902e-09	-7.58826260494e-07
1.83017008939e-09	-6.45210512573e-07
1.83379418857e-09	-4.21483477453e-07
1.83741828776e-09	-1.90735260475e-07
1.84104238695e-09	-4.82685331704e-08
1.84466648613e-09	-3.39684578243e-08
1.84829058532e-09	-1.12891545001e-07
1.85191468451e-09	-1.92483796013e-07
1.8555387837e-09	-1.69805032257e-07
1.85916288288e-09	1.23429124699e-08
1.86278698207e-09	3.26995177602e-07
1.86641108126e-09	6.63421261038e-07
1.87003518044e-09	8.71954142667e-07
1.87365927963e-09	8.35978681835e-07
1.87728337882e-09	5.36659577222e-07
1.880907478e-09	7.57424825082e-08
1.88453157719e-09	-3.60278278322e-07
1.88815567638e-09	-5.82365402124e-07
1.89177977556e-09	-4.89062010445e-07
1.89540387475e-09	-1.21008564946e-07
1.89902797394e-09	3.48436749675e-07
1.90265207313e-09	6.84766504833e-07
1.90627617231e-09	6.95342293966e-07
1.9099002715e-09	3.18424731915e-07
1.91352437069e-09	-3.4027600293e-07
1.91714846987e-09	-1.04145595969e-06
1.92077256906e-09	-1.5054156961e-06
1.92439666825e-09	-1.52822630639e-06
1.92802076743e-09	-1.07417943696e-06
1.93164486662e-09	-3.03203687935e-07
1.93526896581e-09	4.83968037202e-07
1.93889306499e-09	9.65914622952e-07
1.94251716418e-09	9.38089186775e-07
1.94614126337e-09	4.08402684116e-07
1.94976536256e-09	-3.9562968368e-07
1.95338946174e-09	-1.11636536815e-06
1.95701356093e-09	-1.41690676969e-06
1.96063766012e-09	-1.12855779832e-06
1.9642617593e-09	-3.2983594167e-07
1.96788585849e-09	6.79387866853e-07
1.97150995768e-09	1.49844771613e-06
1.97513405686e-09	1.79126777766e-06
1.97875815605e-09	1.42776926282e-06
1.98238225524e-09	5.42346796806e-07
1.98600635442e-09	-5.15452690308e-07
1.98963045361e-09	-1.32006678655e-06
1.9932545528e-09	-1.5440005825e-06
1.99687865199e-09	-1.09701436202e-06
2.00050275117e-09	-1.70142989475e-07
2.00412685036e-09	8.36686155026e-07
2.00775094955e-09	1.47898265368e-06
2.01137504873e-09	1.45645518046e-06
2.01499914792e-09	7.45867751561e-07
2.01862324711e-09	-3.82337866256e-07
2.02224734629e-09	-1.47337104295e-06
2.02587144548e-09	-2.07894041182e-06
2.02949554467e-09	-1.94711250856e-06
2.03311964385e-09	-1.12968210431e-06
2.03674374304e-09	3.84328293634e-08
2.04036784223e-09	1.07855976239e-06
2.04399194141e-09	1.56700386356e-06
2.0476160406e-09	1.31075100285e-06
2.05124013979e-09	4.27961630578e-07
2.05486423898e-09	-6.99026003304e-07
2.05848833816e-09	-1.58097475378e-06
2.06211243735e-09	-1.82533085535e-06
2.06573653654e-09	-1.30383537567e-06
2.06936063572e-09	-2.12143564937e-07
2.07298473491e-09	1.00653075208e-06
2.0766088341e-09	1.84632273204e-06
2.08023293328e-09	1.95400014036e-06
2.08385703247e-09	1.28253178389e-06
2.08748113166e-09	1.13610878927e-07
2.09110523084e-09	-1.0616975743e-06
2.09472933003e-09	-1.75258611534e-06
2.09835342922e-09	-1.67718752664e-06
2.10197752841e-09	-8.80748913801e-07
2.10560162759e-09	2.85442268932e-07
2.10922572678e-09	1.31351910682e-06
2.11284982597e-09	1.7521749669e-06
2.11647392515e-09	1.39649154107e-06
2.12009802434e-09	3.75544232156e-07
2.12372212353e-09	-8.9744348486e-07
2.12734622271e-09	-1.89467610312e-06
2.1309703219e-09	-2.19483058572e-06
2.13459442109e-09	-1.66470891827e-06
2.13821852027e-09	-5.21620428628e-07
2.14184261946e-09	7.53721906221e-07
2.14546671865e-09	1.62069167686e-06
2.14909081784e-09	1.71196288079e-06
2.15271491702e-09	9.93544290395e-07
2.15633901621e-09	-2.19306915739e-07
2.1599631154e-09	-1.39748863148e-06
2.16358721458e-09	-2.02478355504e-06
2.16721131377e-09	-1.8177492791e-06
2.17083541296e-09	-8.45112694492e-07
2.17445951214e-09	5.00294618178e-07
2.17808361133e-09	1.66439210147e-06
2.18170771052e-09	2.16121759422e-06
2.1853318097e-09	1.77622300157e-06
2.18895590889e-09	6.59938862668e-07
2.19258000808e-09	-7.28042110154e-07
2.19620410726e-09	-1.80687769102e-06
2.19982820645e-09	-2.11855856946e-06
2.20345230564e-09	-1.52627819716e-06
2.20707640483e-09	-2.79371509038e-07
2.21070050401e-09	1.08804317733e-06
2.2143246032e-09	1.98363602522e-06
2.21794870239e-09	2.01090236374e-06
2.22157280157e-09	1.13965835169e-06
2.22519690076e-09	-2.80180305623e-07
2.22882099995e-09	-1.66624229792e-06
2.23244509913e-09	-2.44675277372e-06
2.23606919832e-09	-2.2973836451e-06
2.23969329751e-09	-1.27474477551e-06
2.24331739669e-09	2.05480262139e-07
2.24694149588e-09	1.53659038915e-06
2.25056559507e-09	2.1680566249e-06
2.25418969426e-09	1.83390014286e-06
2.25781379344e-09	6.68150548222e-07
2.26143789263e-09	-8.44043356096e-07
2.26506199182e-09	-2.06435515793e-06
2.268686091e-09	-2.46889260325e-06
2.27231019019e-09	-1.87172244637e-06
2.27593428938e-09	-5.06722479088e-07
2.27955838856e-09	1.06940551348e-06
2.28318248775e-09	2.21066864015e-06
2.28680658694e-09	2.45133756493e-06
2.29043068612e-09	1.69664406258e-06
2.29405478531e-09	2.57916404678e-07
2.2976788845e-09	-1.27825703089e-06
2.30130298369e-09	-2.28954863246e-06
2.30492708287e-09	-2.36912271134e-06
2.30855118206e-09	-1.48900733166e-06
2.31217528125e-09	-1.22197041375e-08
2.31579938043e-09	1.45264863249e-06
2.31942347962e-09	2.2982186465e-06
2.32304757881e-09	2.16818406784e-06
2.32667167799e-09	1.1067344019e-06
2.33029577718e-09	-4.57439320201e-07
2.33391987637e-09	-1.88842798821e-06
2.33754397555e-09	-2.6076097015e-06
2.34116807474e-09	-2.33204170286e-06
2.34479217393e-09	-1.18653869663e-06
2.34841627311e-09	3.5503368423e-07
2.3520403723e-09	1.6691670055e-06
2.35566447149e-09	2.23662448207e-06
2.35928857068e-09	1.8467078462e-06
2.36291266986e-09	6.74057247352e-07
2.36653676905e-09	-7.97799913244e-07
2.37016086824e-09	-1.97226458454e-06
2.37378496742e-09	-2.37752334442e-06
2.37740906661e-09	-1.85353314919e-06
2.3810331658e-09	-6.14462010162e-07
2.38465726498e-09	8.39851622914e-07
2.38828136417e-09	1.92835676671e-06
2.39190546336e-09	2.22546950113e-06
2.39552956254e-09	1.63126338748e-06
2.39915366173e-09	4.04389453479e-07
2.40277776092e-09	-9.52611486582e-07
2.40640186011e-09	-1.9031395766e-06
2.41002595929e-09	-2.09091842862e-06
2.41365005848e-09	-1.47260351469e-06
2.41727415767e-09	-3.20606044824e-07
2.42089825685e-09	8.95817080959e-07
2.42452235604e-09	1.69934136807e-06
2.42814645523e-09	1.78765000669e-06
2.43177055441e-09	1.14351931302e-06
2.4353946536e-09	3.28114646564e-08
2.43901875279e-09	-1.10574015366e-06
2.44264285197e-09	-1.83541632737e-06
2.44626695116e-09	-1.89152743246e-06
2.44989105035e-09	-1.27906982073e-06
2.45351514954e-09	-2.60382506667e-07
2.45713924872e-09	7.59187443578e-07
2.46076334791e-09	1.39614053296e-06
2.4643874471e-09	1.43493971905e-06
2.46801154628e-09	8.98344580946e-07
2.47163564547e-09	2.1533240302e-08
2.47525974466e-09	-8.51058246099e-07
2.47888384384e-09	-1.39896653195e-06
2.48250794303e-09	-1.43879657344e-06
2.48613204222e-09	-9.79439789717e-07
2.4897561414e-09	-2.06560830662e-07
2.49338024059e-09	5.9302851696e-07
2.49700433978e-09	1.13741643304e-06
2.50062843896e-09	1.2483981493e-06
2.50425253815e-09	9.08425377588e-07
2.50787663734e-09	2.57295681649e-07
2.51150073653e-09	-4.6666239939e-07
2.51512483571e-09	-1.01592553392e-06
2.5187489349e-09	-1.2179701514e-06
2.52237303409e-09	-1.02584398576e-06
2.52599713327e-09	-5.22282384452e-07
2.52962123246e-09	1.1617836293e-07
2.53324533165e-09	6.78669820786e-07
2.53686943083e-09	9.83070947314e-07
2.54049353002e-09	9.28262792854e-07
2.54411762921e-09	5.2400177708e-07
2.54774172839e-09	-1.08512034913e-07
2.55136582758e-09	-7.68509877958e-07
2.55498992677e-09	-1.23493326498e-06
2.55861402596e-09	-1.33821041004e-06
2.56223812514e-09	-1.021757015e-06
2.56586222433e-09	-3.70025276197e-07
2.56948632352e-09	4.098402826e-07
2.5731104227e-09	1.0513487041e-06
2.57673452189e-09	1.31775200884e-06
2.58035862108e-09	1.08886327155e-06
2.58398272026e-09	4.1441611387e-07
2.58760681945e-09	-4.87890297052e-07
2.59123091864e-09	-1.29640794455e-06
2.59485501782e-09	-1.69557876006e-06
2.59847911701e-09	-1.4972167719e-06
2.6021032162e-09	-7.26772412918e-07
2.60572731539e-09	3.64644215267e-07
2.60935141457e-09	1.37718555493e-06
2.61297551376e-09	1.90746089856e-06
2.61659961295e-09	1.70957207501e-06
2.62022371213e-09	8.07127491953e-07
2.62384781132e-09	-4.94825393105e-07
2.62747191051e-09	-1.71063888388e-06
2.63109600969e-09	-2.35581612174e-06
2.63472010888e-09	-2.14090738382e-06
2.63834420807e-09	-1.10063903946e-06
2.64196830725e-09	3.98810861668e-07
2.64559240644e-09	1.78488647862e-06
2.64921650563e-09	2.49540477171e-06
2.65284060481e-09	2.20526615635e-06
2.656464704e-09	9.72469621274e-07
2.66008880319e-09	-7.61535105198e-07
2.66371290238e-09	-2.32730789662e-06
2.66733700156e-09	-3.08534384885e-06
2.67096110075e-09	-2.68743889364e-06
2.67458519994e-09	-1.23413275332e-06
2.67820929912e-09	7.42273854826e-07
2.68183339831e-09	2.47239955797e-06
2.6854574975e-09	3.25068162965e-06
2.68908159668e-09	2.72490524367e-06
2.69270569587e-09	1.05454569166e-06
2.69632979506e-09	-1.13207526908e-06
2.69995389424e-09	-2.97319201081e-06
2.70357799343e-09	-3.71298904156e-06
2.70720209262e-09	-3.01142631542e-06
2.71082619181e-09	-1.09741000642e-06
2.71445029099e-09	1.30257666342e-06
2.71807439018e-09	3.23964371773e-06
2.72169848937e-09	3.91781219378e-06
2.72532258855e-09	3.0208195767e-06
2.72894668774e-09	8.56590759213e-07
2.73257078693e-09	-1.74627442107e-06
2.73619488611e-09	-3.75628246729e-06
2.7398189853e-09	-4.34990892018e-06
2.74344308449e-09	-3.2507848573e-06
2.74706718367e-09	-8.57286096334e-07
2.75069128286e-09	1.90025986058e-06
2.75431538205e-09	3.92169158658e-06
2.75793948124e-09	4.377195296e-06
2.76156358042e-09	3.04808924056e-06
2.76518767961e-09	4.28322515234e-07
2.7688117788e-09	-2.45945747679e-06
2.77243587798e-09	-4.4642042667e-06
2.77605997717e-09	-4.7658497806e-06
2.77968407636e-09	-3.21044183238e-06
2.78330817554e-09	-3.84099656969e-07
2.78693227473e-09	2.60822173459e-06
2.79055637392e-09	4.57616658878e-06
2.7941804731e-09	4.71931247148e-06
2.79780457229e-09	2.95456726462e-06
2.80142867148e-09	-3.92645080893e-08
2.80505277066e-09	-3.08236980118e-06
2.80867686985e-09	-4.96043190878e-06
2.81230096904e-09	-4.91101553735e-06
2.81592506823e-09	-2.93401728868e-06
2.81954916741e-09	2.01182153603e-07
2.8231732666e-09	3.25700091253e-06
2.82679736579e-09	5.0184098086e-06
2.83042146497e-09	4.77709090774e-06
2.83404556416e-09	2.61578134086e-06
2.83766966335e-09	-6.21042090643e-07
2.84129376253e-09	-3.65906731759e-06
2.84491786172e-09	-5.29770159119e-06
2.84854196091e-09	-4.88607099669e-06
2.85216606009e-09	-2.58271469988e-06
2.85579015928e-09	7.04939665752e-07
2.85941425847e-09	3.67868761941e-06
2.86303835766e-09	5.16381885518e-06
2.86666245684e-09	4.57514636309e-06
2.87028655603e-09	2.14852340719e-06
2.87391065522e-09	-1.154432411e-06
2.8775347544e-09	-4.02993737225e-06
2.88115885359e-09	-5.34927960416e-06
2.88478295278e-09	-4.60323497009e-06
2.88840705196e-09	-2.09760054304e-06
2.89203115115e-09	1.17435436664e-06
2.89565525034e-09	3.9284860236e-06
2.89927934952e-09	5.09580473818e-06
2.90290344871e-09	4.23823172468e-06
2.9065275479e-09	1.71261763171e-06
2.91015164709e-09	-1.47780028215e-06
2.91377574627e-09	-4.08292788734e-06
2.91739984546e-09	-5.09687470185e-06
2.92102394465e-09	-4.14751417566e-06
2.92464804383e-09	-1.63280847687e-06
2.92827214302e-09	1.44644383226e-06
2.93189624221e-09	3.88705291243e-06
2.93552034139e-09	4.75600597838e-06
2.93914444058e-09	3.74790602109e-06
2.94276853977e-09	1.28966992463e-06
2.94639263895e-09	-1.64222356602e-06
2.95001673814e-09	-3.91258305399e-06
2.95364083733e-09	-4.66900507945e-06
2.95726493651e-09	-3.66137305718e-06
2.9608890357e-09	-1.32067521008e-06
2.96451313489e-09	1.42551385807e-06
2.96813723408e-09	3.52152676442e-06
2.97176133326e-09	4.18987042394e-06
2.97538543245e-09	3.21872755649e-06
2.97900953164e-09	1.02501725507e-06
2.98263363082e-09	-1.52412249577e-06
2.98625773001e-09	-3.45554832393e-06
2.9898818292e-09	-4.06273943554e-06
2.99350592838e-09	-3.16340776862e-06
2.99713002757e-09	-1.14795818718e-06
3.00075412676e-09	1.19078018201e-06
3.00437822594e-09	2.97219423828e-06
3.00800232513e-09	3.56026106374e-06
3.01162642432e-09	2.78832800404e-06
3.01525052351e-09	9.97774222355e-07
3.01887462269e-09	-1.11260304436e-06
3.02249872188e-09	-2.76009853906e-06
3.02612282107e-09	-3.36705943482e-06
3.02974692025e-09	-2.75978914033e-06
3.03337101944e-09	-1.21061675884e-06
3.03699511863e-09	6.82630954429e-07
3.04061921781e-09	2.22736835553e-06
3.044243317e-09	2.8884738299e-06
3.04786741619e-09	2.47033079859e-06
3.05149151537e-09	1.16807096617e-06
3.05511561456e-09	-5.22443592388e-07
3.05873971375e-09	-1.99467430662e-06
3.06236381294e-09	-2.74828812508e-06
3.06598791212e-09	-2.55486088463e-06
3.06961201131e-09	-1.52013035404e-06
3.0732361105e-09	-2.95522841753e-08
3.07686020968e-09	1.39517797493e-06
3.08048430887e-09	2.27524753882e-06
3.08410840806e-09	2.32974943515e-06
3.08773250724e-09	1.55991222073e-06
3.09135660643e-09	2.40145521246e-07
3.09498070562e-09	-1.1776234885e-06
3.0986048048e-09	-2.2142820626e-06
3.10222890399e-09	-2.52094963571e-06
3.10585300318e-09	-1.99359448061e-06
3.10947710237e-09	-8.07859265706e-07
3.11310120155e-09	6.37662125769e-07
3.11672530074e-09	1.85219690252e-06
3.12034939993e-09	2.41599488504e-06
3.12397349911e-09	2.12265337041e-06
3.1275975983e-09	1.05409353068e-06
3.13122169749e-09	-4.38522818058e-07
3.13484579667e-09	-1.84504671097e-06
3.13846989586e-09	-2.66582065933e-06
3.14209399505e-09	-2.58686401367e-06
3.14571809423e-09	-1.60103621738e-06
3.14934219342e-09	-2.79152239102e-08
3.15296629261e-09	1.58339670975e-06
3.15659039179e-09	2.64264429006e-06
3.16021449098e-09	2.7350132541e-06
3.16383859017e-09	1.78567614739e-06
3.16746268936e-09	1.05456226862e-07
3.17108678854e-09	-1.70728122839e-06
3.17471088773e-09	-2.97897400969e-06
3.17833498692e-09	-3.2119864386e-06
3.1819590861e-09	-2.28012609682e-06
3.18558318529e-09	-4.92071201563e-07
3.18920728448e-09	1.50718304326e-06
3.19283138366e-09	2.96703126423e-06
3.19645548285e-09	3.31288538291e-06
3.20007958204e-09	2.37375579104e-06
3.20370368122e-09	4.65615975997e-07
3.20732778041e-09	-1.7100732066e-06
3.2109518796e-09	-3.32305711481e-06
3.21457597879e-09	-3.73308921553e-06
3.21820007797e-09	-2.74721463711e-06
3.22182417716e-09	-7.10244478341e-07
3.22544827635e-09	1.61455352554e-06
3.22907237553e-09	3.33324823032e-06
3.23269647472e-09	3.76790745804e-06
3.23632057391e-09	2.72577005944e-06
3.23994467309e-09	5.83754925287e-07
3.24356877228e-09	-1.84774566492e-06
3.24719287147e-09	-3.63206896736e-06
3.25081697065e-09	-4.06808743492e-06
3.25444106984e-09	-2.96714398473e-06
3.25806516903e-09	-7.35785079087e-07
3.26168926822e-09	1.77226056053e-06
3.2653133674e-09	3.58295676506e-06
3.26893746659e-09	3.98266047341e-06
3.27256156578e-09	2.80297325617e-06
3.27618566496e-09	4.9363178789e-07
3.27980976415e-09	-2.04925527214e-06
3.28343386334e-09	-3.83421752304e-06
3.28705796252e-09	-4.16482811261e-06
3.29068206171e-09	-2.91376932182e-06
3.2943061609e-09	-5.71646566527e-07
3.29793026008e-09	1.94735289938e-06
3.30155435927e-09	3.66442668565e-06
3.30517845846e-09	3.91800222133e-06
3.30880255764e-09	2.61946985347e-06
3.31242665683e-09	2.84581957999e-07
3.31605075602e-09	-2.17095282551e-06
3.31967485521e-09	-3.79100725922e-06
3.32329895439e-09	-3.95362457084e-06
3.32692305358e-09	-2.61260152001e-06
3.33054715277e-09	-3.10824340488e-07
3.33417125195e-09	2.04005218052e-06
3.33779535114e-09	3.5238080045e-06
3.34141945033e-09	3.58085208063e-06
3.34504354951e-09	2.22109824222e-06
3.3486676487e-09	6.90169482676e-09
3.35229174789e-09	-2.18161380872e-06
3.35591584707e-09	-3.49910430941e-06
3.35953994626e-09	-3.46299503917e-06
3.36316404545e-09	-2.12958229895e-06
3.36678814464e-09	-5.49745049483e-08
3.37041224382e-09	1.93618043909e-06
3.37403634301e-09	3.0790325809e-06
3.3776604422e-09	2.96335110761e-06
3.38128454138e-09	1.68148059743e-06
3.38490864057e-09	-2.25062489534e-07
3.38853273976e-09	-1.99357521069e-06
3.39215683894e-09	-2.94790999078e-06
3.39578093813e-09	-2.75991175158e-06
3.39940503732e-09	-1.56189307177e-06
3.4030291365e-09	1.29104192226e-07
3.40665323569e-09	1.63527721497e-06
3.41027733488e-09	2.39229979115e-06
3.41390143407e-09	2.16142194631e-06
3.41752553325e-09	1.09968387108e-06
3.42114963244e-09	-3.28937460381e-07
3.42477373163e-09	-1.55499338916e-06
3.42839783081e-09	-2.130397462e-06
3.43202193e-09	-1.89148207141e-06
3.43564602919e-09	-9.99268067403e-07
3.43927012837e-09	1.49304296926e-07
3.44289422756e-09	1.09566887829e-06
3.44651832675e-09	1.50383357322e-06
3.45014242593e-09	1.28037149238e-06
3.45376652512e-09	5.85779844187e-07
3.45739062431e-09	-2.57556585836e-07
3.46101472349e-09	-9.1346238662e-07
3.46463882268e-09	-1.16778377901e-06
3.46826292187e-09	-9.95849774199e-07
3.47188702106e-09	-5.41638875973e-07
3.47551112024e-09	-2.98341045202e-08
3.47913521943e-09	3.41136548343e-07
3.48275931862e-09	4.75448388215e-07
3.4863834178e-09	3.96734975538e-07
3.49000751699e-09	2.08471732321e-07
3.49363161618e-09	2.50783811495e-08
3.49725571536e-09	-8.81347741455e-08
3.50087981455e-09	-1.37778645382e-07
3.50450391374e-09	-1.80041062947e-07
3.50812801292e-09	-2.69440612044e-07
3.51175211211e-09	-4.09302131743e-07
3.5153762113e-09	-5.34829354137e-07
3.51900031049e-09	-5.41909365381e-07
3.52262440967e-09	-3.49719478265e-07
3.52624850886e-09	3.57981768673e-08
3.52987260805e-09	4.96104775038e-07
3.53349670723e-09	8.33871197869e-07
3.53712080642e-09	8.58256314018e-07
3.54074490561e-09	4.8447461154e-07
3.54436900479e-09	-2.02325676213e-07
3.54799310398e-09	-9.56818482223e-07
3.55161720317e-09	-1.46163350223e-06
3.55524130235e-09	-1.46191723616e-06
3.55886540154e-09	-8.88541435984e-07
3.56248950073e-09	8.77252670506e-08
3.56611359992e-09	1.10261927944e-06
3.5697376991e-09	1.73475569909e-06
3.57336179829e-09	1.68098847553e-06
3.57698589748e-09	8.97831512248e-07
3.58060999666e-09	-3.55685564557e-07
3.58423409585e-09	-1.60075492772e-06
3.58785819504e-09	-2.32267717593e-06
3.59148229422e-09	-2.18494747628e-06
3.59510639341e-09	-1.18394238768e-06
3.5987304926e-09	3.26177932664e-07
3.60235459178e-09	1.7580508711e-06
3.60597869097e-09	2.52161299841e-06
3.60960279016e-09	2.26908770173e-06
3.61322688934e-09	1.05186049382e-06
3.61685098853e-09	-6.80881797166e-07
3.62047508772e-09	-2.24871979526e-06
3.62409918691e-09	-3.00929923469e-06
3.62772328609e-09	-2.6229854484e-06
3.63134738528e-09	-1.20327155173e-06
3.63497148447e-09	7.13072296321e-07
3.63859558365e-09	2.37005241388e-06
3.64221968284e-09	3.09266965814e-06
3.64584378203e-09	2.56344512195e-06
3.64946788121e-09	9.61579900149e-07
3.6530919804e-09	-1.09627968925e-06
3.65671607959e-09	-2.79455122154e-06
3.66034017877e-09	-3.44421488307e-06
3.66396427796e-09	-2.76433746649e-06
3.66758837715e-09	-1.00400703218e-06
3.67121247634e-09	1.14870003642e-06
3.67483657552e-09	2.83748516949e-06
3.67846067471e-09	3.38114892884e-06
3.6820847739e-09	2.55047260111e-06
3.68570887308e-09	6.6524970066e-07
3.68933297227e-09	-1.52989599655e-06
3.69295707146e-09	-3.16196764061e-06
3.69658117064e-09	-3.57926217021e-06
3.70020526983e-09	-2.61313056171e-06
3.70382936902e-09	-6.46275623239e-07
3.7074534682e-09	1.53982387019e-06
3.71107756739e-09	3.07713446546e-06
3.71470166658e-09	3.35745369284e-06
3.71832576577e-09	2.27462598446e-06
3.72194986495e-09	2.65351641104e-07
3.72557396414e-09	-1.86713796779e-06
3.72919806333e-09	-3.27593943439e-06
3.73282216251e-09	-3.40916500363e-06
3.7364462617e-09	-2.22827529228e-06
3.74007036089e-09	-2.18255244988e-07
3.74369446007e-09	1.81270536359e-06
3.74731855926e-09	3.06067653355e-06
3.75094265845e-09	3.0467660963e-06
3.75456675763e-09	1.80166600217e-06
3.75819085682e-09	-1.57017288061e-07
3.76181495601e-09	-2.04122710556e-06
3.76543905519e-09	-3.11095811867e-06
3.76906315438e-09	-2.96601729133e-06
3.77268725357e-09	-1.69553484852e-06
3.77631135276e-09	1.69759655222e-07
3.77993545194e-09	1.87906013593e-06
3.78355955113e-09	2.7644341003e-06
3.78718365032e-09	2.50339064678e-06
3.7908077495e-09	1.23685776998e-06
3.79443184869e-09	-5.01014525867e-07
3.79805594788e-09	-2.00840480602e-06
3.80168004706e-09	-2.70137553571e-06
3.80530414625e-09	-2.34191779214e-06
3.80892824544e-09	-1.11836976657e-06
3.81255234462e-09	4.48596345848e-07
3.81617644381e-09	1.72826807443e-06
3.819800543e-09	2.23504997621e-06
3.82342464219e-09	1.81235293439e-06
3.82704874137e-09	6.76512968312e-07
3.83067284056e-09	-6.88969976181e-07
3.83429693975e-09	-1.73820924942e-06
3.83792103893e-09	-2.08109375421e-06
3.84154513812e-09	-1.62777055834e-06
3.84516923731e-09	-6.0680117997e-07
3.84879333649e-09	5.44336302255e-07
3.85241743568e-09	1.36598347922e-06
3.85604153487e-09	1.56097297577e-06
3.85966563405e-09	1.10241161622e-06
3.86328973324e-09	2.24489205891e-07
3.86691383243e-09	-6.92159915161e-07
3.87053793162e-09	-1.28588040127e-06
3.8741620308e-09	-1.35717050398e-06
3.87778612999e-09	-9.3295902559e-07
3.88141022918e-09	-2.32432491032e-07
3.88503432836e-09	4.40870323359e-07
3.88865842755e-09	8.29297036375e-07
3.89228252674e-09	8.1814577868e-07
3.89590662592e-09	4.64557224689e-07
3.89953072511e-09	-4.61787239558e-08
3.9031548243e-09	-4.91105808464e-07
3.90677892348e-09	-7.0538122543e-07
3.91040302267e-09	-6.42977255438e-07
3.91402712186e-09	-3.79815446649e-07
3.91765122104e-09	-6.35654773262e-08
3.92127532023e-09	1.62619727462e-07
3.92489941942e-09	2.24637872748e-07
3.92852351861e-09	1.40596947418e-07
3.93214761779e-09	-4.60781113265e-09
3.93577171698e-09	-1.14959714637e-07
3.93939581617e-09	-1.37581391613e-07
3.94301991535e-09	-8.62835793924e-08
3.94664401454e-09	-2.4915661534e-08
3.95026811373e-09	-2.27341896419e-08
3.95389221291e-09	-1.08741023297e-07
3.9575163121e-09	-2.50084355002e-07
3.96114041129e-09	-3.66536497154e-07
3.96476451047e-09	-3.73150982114e-07
3.96838860966e-09	-2.29525095818e-07
3.97201270885e-09	2.94591440131e-08
3.97563680804e-09	2.99198461562e-07
3.97926090722e-09	4.47798143455e-07
3.98288500641e-09	3.78902797138e-07
3.9865091056e-09	8.5901842084e-08
3.99013320478e-09	-3.30541901405e-07
3.99375730397e-09	-6.96078785722e-07
3.99738140316e-09	-8.36593187614e-07
4.00100550234e-09	-6.61475226593e-07
4.00462960153e-09	-2.15655099112e-07
4.00825370072e-09	3.27967974556e-07
4.0118777999e-09	7.37077613167e-07
4.01550189909e-09	8.21212381652e-07
4.01912599828e-09	5.20661160408e-07
4.02275009747e-09	-5.89600119838e-08
4.02637419665e-09	-6.83967613213e-07
4.02999829584e-09	-1.08804972854e-06
4.03362239503e-09	-1.08636315588e-06
4.03724649421e-09	-6.59408186721e-07
4.0408705934e-09	3.05000367185e-08
4.04449469259e-09	7.00278235399e-07
4.04811879177e-09	1.06224915442e-06
4.05174289096e-09	9.48525070044e-07
4.05536699015e-09	3.89297106551e-07
4.05899108933e-09	-3.9113714223e-07
4.06261518852e-09	-1.06406741907e-06
4.06623928771e-09	-1.33597191621e-06
4.0698633869e-09	-1.07823689177e-06
4.07348748608e-09	-3.88505782212e-07
4.07711158527e-09	4.45562655216e-07
4.08073568446e-09	1.06729169147e-06
4.08435978364e-09	1.20455453612e-06
4.08798388283e-09	7.89340774077e-07
4.09160798202e-09	-9.09784914072e-09
4.0952320812e-09	-8.53220015529e-07
4.09885618039e-09	-1.37964829605e-06
4.10248027958e-09	-1.3553346605e-06
4.10610437876e-09	-7.80621789431e-07
4.10972847795e-09	1.05637541381e-07
4.11335257714e-09	9.2421103659e-07
4.11697667632e-09	1.31671862391e-06
4.12060077551e-09	1.1025984179e-06
4.1242248747e-09	3.6274094839e-07
4.12784897389e-09	-5.89205562562e-07
4.13147307307e-09	-1.33909213673e-06
4.13509717226e-09	-1.55218498321e-06
4.13872127145e-09	-1.12282475584e-06
4.14234537063e-09	-2.26105210999e-07
4.14596946982e-09	7.53152690436e-07
4.14959356901e-09	1.38525945204e-06
4.15321766819e-09	1.38340453759e-06
4.15684176738e-09	7.32617351673e-07
4.16046586657e-09	-2.97681818751e-07
4.16408996575e-09	-1.26471850592e-06
4.16771406494e-09	-1.74128169306e-06
4.17133816413e-09	-1.50273777422e-06
4.17496226332e-09	-6.30931651813e-07
4.1785863625e-09	5.12107433792e-07
4.18221046169e-09	1.43331016034e-06
4.18583456088e-09	1.71982654251e-06
4.18945866006e-09	1.22270546399e-06
4.19308275925e-09	1.31323512065e-07
4.19670685844e-09	-1.0977332181e-06
4.20033095762e-09	-1.93125700321e-06
4.20395505681e-09	-1.99019100933e-06
4.207579156e-09	-1.220321451e-06
4.21120325518e-09	7.34738136998e-08
4.21482735437e-09	1.34820965059e-06
4.21845145356e-09	2.05078404747e-06
4.22207555275e-09	1.85681912512e-06
4.22569965193e-09	8.17451336843e-07
4.22932375112e-09	-6.50836454952e-07
4.23294785031e-09	-1.93328926912e-06
4.23657194949e-09	-2.47365565542e-06
4.24019604868e-09	-2.0137199499e-06
4.24382014787e-09	-7.13417847464e-07
4.24744424705e-09	9.03184513845e-07
4.25106834624e-09	2.15900107037e-06
4.25469244543e-09	2.50721004136e-06
4.25831654461e-09	1.76837764343e-06
4.2619406438e-09	2.18922966866e-07
4.26556474299e-09	-1.51190837983e-06
4.26918884217e-09	-2.69856241175e-06
4.27281294136e-09	-2.82372741367e-06
4.27643704055e-09	-1.80301708497e-06
4.28006113974e-09	-3.19859685405e-08
4.28368523892e-09	1.76827649057e-06
4.28730933811e-09	2.84589708599e-06
4.2909334373e-09	2.73210889645e-06
4.29455753648e-09	1.4435819935e-06
4.29818163567e-09	-5.13592951279e-07
4.30180573486e-09	-2.34344793171e-06
4.30542983404e-09	-3.28417115725e-06
4.30905393323e-09	-2.92513601607e-06
4.31267803242e-09	-1.3851148708e-06
4.3163021316e-09	7.25446142269e-07
4.31992623079e-09	2.54693026136e-06
4.32355032998e-09	3.32173544848e-06
4.32717442917e-09	2.71040198641e-06
4.33079852835e-09	9.39601306982e-07
4.33442262754e-09	-1.28211782169e-06
4.33804672673e-09	-3.0497235457e-06
4.34167082591e-09	-3.63214985555e-06
4.3452949251e-09	-2.77528340575e-06
4.34891902429e-09	-8.11167566894e-07
4.35254312347e-09	1.4719124124e-06
4.35616722266e-09	3.14764707809e-06
4.35979132185e-09	3.52831756345e-06
4.36341542103e-09	2.44692344609e-06
4.36703952022e-09	3.29316875991e-07
4.37066361941e-09	-1.97407865699e-06
4.3742877186e-09	-3.53091758143e-06
4.37791181778e-09	-3.70536730543e-06
4.38153591697e-09	-2.41861991412e-06
4.38516001616e-09	-1.84366328426e-07
4.38878411534e-09	2.09746067981e-06
4.39240821453e-09	3.50526198645e-06
4.39603231372e-09	3.46996421285e-06
4.3996564129e-09	2.00581288823e-06
4.40328051209e-09	-2.96233331198e-07
4.40690461128e-09	-2.5094346654e-06
4.41052871046e-09	-3.7462129967e-06
4.41415280965e-09	-3.51521407538e-06
4.41777690884e-09	-1.91616356915e-06
4.42140100802e-09	4.04182330271e-07
4.42502510721e-09	2.51492693337e-06
4.4286492064e-09	3.57540540108e-06
4.43227330559e-09	3.17091189572e-06
4.43589740477e-09	1.47512790249e-06
4.43952150396e-09	-8.24463583626e-07
4.44314560315e-09	-2.80620196236e-06
4.44676970233e-09	-3.68565594044e-06
4.45039380152e-09	-3.12774329814e-06
4.45401790071e-09	-1.37456527227e-06
4.45764199989e-09	8.60261138769e-07
4.46126609908e-09	2.68405790393e-06
4.46489019827e-09	3.38401258659e-06
4.46851429745e-09	2.70615350928e-06
4.47213839664e-09	9.45829611965e-07
4.47576249583e-09	-1.18172178531e-06
4.47938659502e-09	-2.83341643126e-06
4.4830106942e-09	-3.37325872124e-06
4.48663479339e-09	-2.61683914005e-06
4.49025889258e-09	-8.92370024985e-07
4.49388299176e-09	1.10141951382e-06
4.49750709095e-09	2.5794312819e-06
4.50113119014e-09	2.98030789736e-06
4.50475528932e-09	2.18024243281e-06
4.50837938851e-09	5.27931746319e-07
4.5120034877e-09	-1.30744678017e-06
4.51562758688e-09	-2.60925389739e-06
4.51925168607e-09	-2.89435860168e-06
4.52287578526e-09	-2.09202110568e-06
4.52649988445e-09	-5.5359971185e-07
4.53012398363e-09	1.1017425976e-06
4.53374808282e-09	2.23749088946e-06
4.53737218201e-09	2.44447460318e-06
4.54099628119e-09	1.68609238926e-06
4.54462038038e-09	2.93648859895e-07
4.54824447957e-09	-1.17784227882e-06
4.55186857875e-09	-2.17130204305e-06
4.55549267794e-09	-2.33842123976e-06
4.55911677713e-09	-1.65950643805e-06
4.56274087631e-09	-4.32563467712e-07
4.5663649755e-09	8.5732959576e-07
4.56998907469e-09	1.73087610733e-06
4.57361317387e-09	1.89269803741e-06
4.57723727306e-09	1.32756170501e-06
4.58086137225e-09	2.86008006611e-07
4.58448547144e-09	-8.27158132211e-07
4.58810957062e-09	-1.61074450489e-06
4.59173366981e-09	-1.809837471e-06
4.595357769e-09	-1.39356944828e-06
4.59898186818e-09	-5.47238336424e-07
4.60260596737e-09	4.09703822868e-07
4.60623006656e-09	1.14365943205e-06
4.60985416574e-09	1.42028949313e-06
4.61347826493e-09	1.17467276084e-06
4.61710236412e-09	5.18703622276e-07
4.6207264633e-09	-3.09131792164e-07
4.62435056249e-09	-1.03003523577e-06
4.62797466168e-09	-1.41565135436e-06
4.63159876087e-09	-1.3553918734e-06
4.63522286005e-09	-8.82438783378e-07
4.63884695924e-09	-1.5644424245e-07
4.64247105843e-09	5.88794328849e-07
4.64609515761e-09	1.11568606087e-06
4.6497192568e-09	1.25292969244e-06
4.65334335599e-09	9.47780407046e-07
4.65696745517e-09	2.86504903357e-07
4.66059155436e-09	-5.25180666955e-07
4.66421565355e-09	-1.22032570005e-06
4.66783975273e-09	-1.55411652258e-06
4.67146385192e-09	-1.38897465263e-06
4.67508795111e-09	-7.51486737727e-07
4.6787120503e-09	1.61983297886e-07
4.68233614948e-09	1.04034423032e-06
4.68596024867e-09	1.56041286914e-06
4.68958434786e-09	1.50516976305e-06
4.69320844704e-09	8.54100917991e-07
4.69683254623e-09	-1.90981648274e-07
4.70045664542e-09	-1.26288699676e-06
4.7040807446e-09	-1.95524788182e-06
4.70770484379e-09	-1.97626565068e-06
4.71132894298e-09	-1.27197978372e-06
4.71495304216e-09	-6.6990384795e-08
4.71857714135e-09	1.20200844833e-06
4.72220124054e-09	2.04298098083e-06
4.72582533972e-09	2.09970585274e-06
4.72944943891e-09	1.3033319135e-06
4.7330735381e-09	-8.10815574681e-08
4.73669763729e-09	-1.53901257249e-06
4.74032173647e-09	-2.49710279832e-06
4.74394583566e-09	-2.54924279375e-06
4.74756993485e-09	-1.6291002396e-06
4.75119403403e-09	-5.51882264332e-08
4.75481813322e-09	1.57648821641e-06
4.75844223241e-09	2.61787835143e-06
4.76206633159e-09	2.62708272203e-06
4.76569043078e-09	1.55619179054e-06
4.76931452997e-09	-2.11238635472e-07
4.77293862915e-09	-1.99554614255e-06
4.77656272834e-09	-3.08261354576e-06
4.78018682753e-09	-3.01085924548e-06
4.78381092672e-09	-1.76753118808e-06
4.7874350259e-09	1.88866923878e-07
4.79105912509e-09	2.09681124375e-06
4.79468322428e-09	3.1888872627e-06
4.79830732346e-09	3.00178874113e-06
4.80193142265e-09	1.57321269967e-06
4.80555552184e-09	-5.5786123454e-07
4.80917962102e-09	-2.55447756103e-06
4.81280372021e-09	-3.61138745575e-06
4.8164278194e-09	-3.2811117876e-06
4.82005191858e-09	-1.66381184386e-06
4.82367601777e-09	6.19925152989e-07
4.82730011696e-09	2.66745740873e-06
4.83092421615e-09	3.65201083241e-06
4.83454831533e-09	3.15779971061e-06
4.83817241452e-09	1.35609468543e-06
4.84179651371e-09	-1.05277582918e-06
4.84542061289e-09	-3.11201830527e-06
4.84904471208e-09	-3.98987816652e-06
4.85266881127e-09	-3.31709111379e-06
4.85629291045e-09	-1.34279588337e-06
4.85991700964e-09	1.15725316618e-06
4.86354110883e-09	3.18648505981e-06
4.86716520801e-09	3.92666527205e-06
4.8707893072e-09	3.06929280214e-06
4.87441340639e-09	9.44562913219e-07
4.87803750557e-09	-1.60614200695e-06
4.88166160476e-09	-3.5648961898e-06
4.88528570395e-09	-4.14508747326e-06
4.88890980314e-09	-3.10840187012e-06
4.89253390232e-09	-8.63046295763e-07
4.89615800151e-09	1.6974574919e-06
4.8997821007e-09	3.55116151241e-06
4.90340619988e-09	3.95699635192e-06
4.90703029907e-09	2.75246640058e-06
4.91065439826e-09	4.19316904754e-07
4.91427849744e-09	-2.10970796388e-06
4.91790259663e-09	-3.82543419164e-06
4.92152669582e-09	-4.04690518963e-06
4.925150795e-09	-2.693209467e-06
4.92877489419e-09	-3.12838551508e-07
4.93239899338e-09	2.13979797081e-06
4.93602309257e-09	3.68895308611e-06
4.93964719175e-09	3.72747848587e-06
4.94327129094e-09	2.25547353239e-06
4.94689539013e-09	-1.2639353919e-07
4.95051948931e-09	-2.46291907047e-06
4.9541435885e-09	-3.82884087458e-06
4.95776768769e-09	-3.69662336652e-06
4.96139178687e-09	-2.14077962823e-06
4.96501588606e-09	2.00426661934e-07
4.96863998525e-09	2.38746386572e-06
4.97226408443e-09	3.55831684828e-06
4.97588818362e-09	3.27011923673e-06
4.97951228281e-09	1.66720224115e-06
4.983136382e-09	-5.88431142035e-07
4.98676048118e-09	-2.59193723195e-06
4.99038458037e-09	-3.5607697555e-06
4.99400867956e-09	-3.14161860615e-06
4.99763277874e-09	-1.53833238414e-06
5.00125687793e-09	5.84959884975e-07
5.00488097712e-09	2.38009343434e-06
5.0085050763e-09	3.15492809477e-06
5.01212917549e-09	2.64059059418e-06
5.01575327468e-09	1.08309062341e-06
5.01937737386e-09	-8.71478746944e-07
5.02300147305e-09	-2.44534624017e-06
5.02662557224e-09	-3.0399007187e-06
5.03024967143e-09	-2.46427390493e-06
5.03387377061e-09	-9.93832429685e-07
5.0374978698e-09	7.58530845246e-07
5.04112196899e-09	2.09888796121e-06
5.04474606817e-09	2.52897547171e-06
5.04837016736e-09	1.93159783635e-06
5.05199426655e-09	5.95318134344e-07
5.05561836573e-09	-9.21866600834e-07
5.05924246492e-09	-2.02643036573e-06
5.06286656411e-09	-2.32224300589e-06
5.06649066329e-09	-1.75097704869e-06
5.07011476248e-09	-5.91221791524e-07
5.07373886167e-09	6.73005715157e-07
5.07736296085e-09	1.55436131877e-06
5.08098706004e-09	1.75039758687e-06
5.08461115923e-09	1.2454384688e-06
5.08823525842e-09	2.92485687226e-07
5.0918593576e-09	-7.08397124072e-07
5.09548345679e-09	-1.37882949502e-06
5.09910755598e-09	-1.50594431148e-06
5.10273165516e-09	-1.10626234573e-06
5.10635575435e-09	-3.92021419771e-07
5.10997985354e-09	3.35694075204e-07
5.11360395272e-09	8.14339330191e-07
5.11722805191e-09	9.13785214607e-07
5.1208521511e-09	6.63487398356e-07
5.12447625028e-09	2.12853922932e-07
5.12810034947e-09	-2.48261823543e-07
5.13172444866e-09	-5.68753883101e-07
5.13534854785e-09	-6.83318390315e-07
5.13897264703e-09	-6.13850431819e-07
5.14259674622e-09	-4.34451898457e-07
5.14622084541e-09	-2.23842370417e-07
5.14984494459e-09	-3.10273811088e-08
5.15346904378e-09	1.31052816599e-07
5.15709314297e-09	2.65647088327e-07
5.16071724215e-09	3.63772429068e-07
5.16434134134e-09	3.89706066528e-07
5.16796544053e-09	2.93486724701e-07
5.17158953971e-09	4.71258339019e-08
5.1752136389e-09	-3.1719802962e-07
5.17883773809e-09	-6.93257149464e-07
5.18246183728e-09	-9.28339716211e-07
5.18608593646e-09	-8.86283544332e-07
5.18971003565e-09	-5.19872052962e-07
5.19333413484e-09	8.50123349494e-08
5.19695823402e-09	7.20630680462e-07
5.20058233321e-09	1.12835162724e-06
5.2042064324e-09	1.1046131192e-06
5.20783053158e-09	5.98517956973e-07
5.21145463077e-09	-2.4456562997e-07
5.21507872996e-09	-1.11912292766e-06
5.21870282914e-09	-1.66953455505e-06
5.22232692833e-09	-1.63521690411e-06
5.22595102752e-09	-9.71467684963e-07
5.2295751267e-09	1.08960765743e-07
5.23319922589e-09	1.20023808847e-06
5.23682332508e-09	1.85651595075e-06
5.24044742427e-09	1.77604016471e-06
5.24407152345e-09	9.38592577882e-07
5.24769562264e-09	-3.65417371029e-07
5.25131972183e-09	-1.63514110341e-06
5.25494382101e-09	-2.35364558421e-06
5.2585679202e-09	-2.20003150275e-06
5.26219201939e-09	-1.19131878762e-06
5.26581611857e-09	3.0754460667e-07
5.26944021776e-09	1.71604227717e-06
5.27306431695e-09	2.46414828098e-06
5.27668841613e-09	2.22387737381e-06
5.28031251532e-09	1.05255440985e-06
5.28393661451e-09	-6.14879681393e-07
5.2875607137e-09	-2.12735804439e-06
5.29118481288e-09	-2.87356249373e-06
5.29480891207e-09	-2.53100023428e-06
5.29843301126e-09	-1.20612207866e-06
5.30205711044e-09	5.96633896066e-07
5.30568120963e-09	2.16830252953e-06
5.30930530882e-09	2.87715243985e-06
5.312929408e-09	2.42474175138e-06
5.31655350719e-09	9.71670189642e-07
5.32017760638e-09	-9.20057615872e-07
5.32380170556e-09	-2.50634732879e-06
5.32742580475e-09	-3.15591387334e-06
5.33104990394e-09	-2.6027062745e-06
5.33467400313e-09	-1.0548490792e-06
5.33829810231e-09	8.83994019318e-07
5.3419222015e-09	2.45146816269e-06
5.34554630069e-09	3.02820137676e-06
5.34917039987e-09	2.38431505295e-06
5.35279449906e-09	7.72074344013e-07
5.35641859825e-09	-1.17331613581e-06
5.36004269743e-09	-2.68632925327e-06
5.36366679662e-09	-3.17503054248e-06
5.36729089581e-09	-2.45485878736e-06
5.37091499499e-09	-8.18498463673e-07
5.37453909418e-09	1.084644353e-06
5.37816319337e-09	2.50891338283e-06
5.38178729255e-09	2.90671255243e-06
5.38541139174e-09	2.14005902421e-06
5.38903549093e-09	5.27033137132e-07
5.39265959012e-09	-1.29130300763e-06
5.3962836893e-09	-2.60741285274e-06
5.39990778849e-09	-2.92411795044e-06
5.40353188768e-09	-2.14320033365e-06
5.40715598686e-09	-5.93790147718e-07
5.41078008605e-09	1.10664318242e-06
5.41440418524e-09	2.3001156535e-06
5.41802828442e-09	2.5450089538e-06
5.42165238361e-09	1.78027462994e-06
5.4252764828e-09	3.35476727287e-07
5.42890058198e-09	-1.21183248325e-06
5.43252468117e-09	-2.26941727988e-06
5.43614878036e-09	-2.45900596951e-06
5.43977287955e-09	-1.75058480067e-06
5.44339697873e-09	-4.55794349818e-07
5.44702107792e-09	9.09462443133e-07
5.45064517711e-09	1.83229911954e-06
5.45426927629e-09	1.99594643391e-06
5.45789337548e-09	1.38621757628e-06
5.46151747467e-09	2.76888286521e-07
5.46514157385e-09	-8.923415038e-07
5.46876567304e-09	-1.69124808735e-06
5.47238977223e-09	-1.85764429261e-06
5.47601387141e-09	-1.38079653311e-06
5.4796379706e-09	-4.83871694712e-07
5.48326206979e-09	4.79031811551e-07
5.48688616898e-09	1.16435916198e-06
5.49051026816e-09	1.36157862585e-06
