% time-domain current integration by openEMS v0.0.36-93-g7b9cd51 @Thu Sep 24 15:46:47 2026
% start-coordinates: (0.00695,-0.0023,0.000514862) m -> [9,1,6]
% stop-coordinates: (0.007,0.0006,0.000514862) m -> [10,4,6]
% t/s	current
2.74552968705e-14	0
3.65155448378e-12	-1.84600423836e-09
7.27565367068e-12	-3.39495231927e-09
1.08997528576e-11	-1.19957777045e-09
1.45238520445e-11	8.88565665491e-09
1.81479512314e-11	3.63356846833e-08
2.17720504183e-11	9.25055800849e-08
2.53961496052e-11	1.86520551892e-07
2.90202487921e-11	3.13839734645e-07
3.2644347979e-11	4.37732467162e-07
3.62684471659e-11	4.72825348652e-07
3.98925463528e-11	2.78823705457e-07
4.35166455397e-11	-3.18692457313e-07
4.71407447266e-11	-1.4659435692e-06
5.07648439135e-11	-3.18383968079e-06
5.43889431005e-11	-5.26518442712e-06
5.80130422874e-11	-7.21939886716e-06
6.16371414743e-11	-8.32337082102e-06
6.52612406612e-11	-7.80454138294e-06
6.88853398481e-11	-5.12180486112e-06
7.2509439035e-11	-2.47114400054e-07
7.61335382219e-11	6.18281546849e-06
7.97576374088e-11	1.29439322336e-05
8.33817365957e-11	1.85368153325e-05
8.70058357826e-11	2.16316984734e-05
9.06299349695e-11	2.14747451537e-05
9.42540341564e-11	1.80955794349e-05
9.78781333433e-11	1.22503915918e-05
1.0150223253e-10	5.15160127179e-06
1.05126331717e-10	-1.88479714325e-06
1.08750430904e-10	-7.73405827204e-06
1.12374530091e-10	-1.16256414913e-05
1.15998629278e-10	-1.31842271003e-05
1.19622728465e-10	-1.24074949781e-05
1.23246827652e-10	-9.63396269071e-06
1.26870926839e-10	-5.50931508769e-06
1.30495026025e-10	-9.14798249596e-07
1.34119125212e-10	3.18360912388e-06
1.37743224399e-10	5.95872188569e-06
1.41367323586e-10	6.94990103511e-06
1.44991422773e-10	6.19591037321e-06
1.4861552196e-10	4.19779280492e-06
1.52239621147e-10	1.71363831214e-06
1.55863720334e-10	-5.2682378282e-07
1.59487819521e-10	-2.06103959499e-06
1.63111918708e-10	-2.78354264083e-06
1.66736017895e-10	-2.86579279418e-06
1.70360117081e-10	-2.57647980106e-06
1.73984216268e-10	-2.10971666093e-06
1.77608315455e-10	-1.51662470671e-06
1.81232414642e-10	-7.5418859069e-07
1.84856513829e-10	1.96903698679e-07
1.88480613016e-10	1.23664187868e-06
1.92104712203e-10	2.13297221308e-06
1.9572881139e-10	2.60513184003e-06
1.99352910577e-10	2.45419823841e-06
2.02977009764e-10	1.66786503542e-06
2.0660110895e-10	4.44003489974e-07
2.10225208137e-10	-8.82365554844e-07
2.13849307324e-10	-1.97133113033e-06
2.17473406511e-10	-2.60226829596e-06
2.21097505698e-10	-2.73269142781e-06
2.24721604885e-10	-2.4698033485e-06
2.28345704072e-10	-1.97864301299e-06
2.31969803259e-10	-1.38424275065e-06
2.35593902446e-10	-7.23211883269e-07
2.39218001633e-10	3.42210455528e-08
2.4284210082e-10	9.12451014301e-07
2.46466200006e-10	1.85913199857e-06
2.50090299193e-10	2.7235341804e-06
2.5371439838e-10	3.30104035129e-06
2.57338497567e-10	3.42167595591e-06
2.60962596754e-10	3.03403339785e-06
2.64586695941e-10	2.23554184231e-06
2.68210795128e-10	1.23265454022e-06
2.71834894315e-10	2.51292192388e-07
2.75458993502e-10	-5.57247233246e-07
2.79083092689e-10	-1.16436274311e-06
2.82707191876e-10	-1.64323660101e-06
2.86331291062e-10	-2.09431686926e-06
2.89955390249e-10	-2.55980808106e-06
2.93579489436e-10	-2.97690075968e-06
2.97203588623e-10	-3.19768378176e-06
3.0082768781e-10	-3.0646410778e-06
3.04451786997e-10	-2.49849335887e-06
3.08075886184e-10	-1.54913243477e-06
3.11699985371e-10	-3.83703024909e-07
3.15324084558e-10	7.79781885285e-07
3.18948183745e-10	1.75504521849e-06
3.22572282931e-10	2.44245006797e-06
3.26196382118e-10	2.83441477222e-06
3.29820481305e-10	2.97658425552e-06
3.33444580492e-10	2.9144639484e-06
3.37068679679e-10	2.66168217422e-06
3.40692778866e-10	2.20537322093e-06
3.44316878053e-10	1.54020369791e-06
3.4794097724e-10	7.0609650038e-07
3.51565076427e-10	-1.99444770033e-07
3.55189175614e-10	-1.04472746898e-06
3.58813274801e-10	-1.71050464814e-06
3.62437373987e-10	-2.13361931856e-06
3.66061473174e-10	-2.32144043366e-06
3.69685572361e-10	-2.33010950978e-06
3.73309671548e-10	-2.22184235099e-06
3.76933770735e-10	-2.02768319468e-06
3.80557869922e-10	-1.73826344962e-06
3.84181969109e-10	-1.32576747092e-06
3.87806068296e-10	-7.79421270636e-07
3.91430167483e-10	-1.30327833858e-07
3.9505426667e-10	5.49244418835e-07
3.98678365856e-10	1.17071624572e-06
4.02302465043e-10	1.66173128946e-06
4.0592656423e-10	1.98551742869e-06
4.09550663417e-10	2.13846260522e-06
4.13174762604e-10	2.1320884116e-06
4.16798861791e-10	1.97363806365e-06
4.20422960978e-10	1.66092229392e-06
4.24047060165e-10	1.19523542708e-06
4.27671159352e-10	6.02885961598e-07
4.31295258539e-10	-5.00157142369e-08
4.34919357726e-10	-6.64088986468e-07
4.38543456912e-10	-1.13579926619e-06
4.42167556099e-10	-1.39535904964e-06
4.45791655286e-10	-1.43374268191e-06
4.49415754473e-10	-1.30245950913e-06
4.5303985366e-10	-1.08539029497e-06
4.56663952847e-10	-8.58044472807e-07
4.60288052034e-10	-6.55040196307e-07
4.63912151221e-10	-4.62878631424e-07
4.67536250408e-10	-2.39333132868e-07
4.71160349595e-10	5.41029692158e-08
4.74784448782e-10	4.24583021186e-07
4.78408547968e-10	8.38997721075e-07
4.82032647155e-10	1.23538075059e-06
4.85656746342e-10	1.54591975843e-06
4.89280845529e-10	1.71991848674e-06
4.92904944716e-10	1.73704756889e-06
4.96529043903e-10	1.60874276389e-06
5.0015314309e-10	1.37041865855e-06
5.03777242277e-10	1.06830145796e-06
5.07401341464e-10	7.47142451019e-07
5.11025440651e-10	4.41893348579e-07
5.14649539837e-10	1.73426315087e-07
5.18273639024e-10	-5.11695290584e-08
5.21897738211e-10	-2.34836079471e-07
5.25521837398e-10	-3.84843815482e-07
5.29145936585e-10	-5.06292224145e-07
5.32770035772e-10	-5.97031089455e-07
5.36394134959e-10	-6.46732303267e-07
5.40018234146e-10	-6.41916926725e-07
5.43642333333e-10	-5.7580854218e-07
5.4726643252e-10	-4.58080279486e-07
5.50890531707e-10	-3.17974439668e-07
5.54514630893e-10	-1.9644798499e-07
5.5813873008e-10	-1.2969655927e-07
5.61762829267e-10	-1.32097596861e-07
5.65386928454e-10	-1.88350355756e-07
5.69011027641e-10	-2.6038338774e-07
5.72635126828e-10	-3.05627338548e-07
5.76259226015e-10	-2.9761326914e-07
5.79883325202e-10	-2.38119852725e-07
5.83507424389e-10	-1.54541936581e-07
5.87131523576e-10	-8.5272390038e-08
5.90755622762e-10	-6.05470589221e-08
5.94379721949e-10	-8.77233503616e-08
5.98003821136e-10	-1.47956129126e-07
6.01627920323e-10	-2.03944438226e-07
6.0525201951e-10	-2.14701813661e-07
6.08876118697e-10	-1.51652159275e-07
6.12500217884e-10	-9.35953181624e-09
6.16124317071e-10	1.92105972019e-07
6.19748416258e-10	4.13237813746e-07
6.23372515445e-10	6.06836238148e-07
6.26996614632e-10	7.31057468784e-07
6.30620713818e-10	7.6083267686e-07
6.34244813005e-10	6.94616403507e-07
6.37868912192e-10	5.543498105e-07
6.41493011379e-10	3.78791156663e-07
6.45117110566e-10	2.10743351658e-07
6.48741209753e-10	8.18252701151e-08
6.5236530894e-10	9.90779014387e-10
6.55989408127e-10	-4.81390713958e-08
6.59613507314e-10	-9.81474528317e-08
6.63237606501e-10	-1.80192287758e-07
6.66861705688e-10	-3.06295902419e-07
6.70485804874e-10	-4.60339833808e-07
6.74109904061e-10	-6.0336384422e-07
6.77734003248e-10	-6.90884462529e-07
6.81358102435e-10	-6.93162064636e-07
6.84982201622e-10	-6.08469463259e-07
6.88606300809e-10	-4.62699006221e-07
6.92230399996e-10	-2.95995363331e-07
6.95854499183e-10	-1.44172545902e-07
6.9947859837e-10	-2.44412774464e-08
7.03102697557e-10	6.77896991874e-08
7.06726796743e-10	1.50510658159e-07
7.1035089593e-10	2.40589059786e-07
7.13974995117e-10	3.41553970884e-07
7.17599094304e-10	4.39743757852e-07
7.21223193491e-10	5.10106190177e-07
7.24847292678e-10	5.28583086634e-07
7.28471391865e-10	4.84025861169e-07
7.32095491052e-10	3.83686369787e-07
7.35719590239e-10	2.50732483664e-07
7.39343689426e-10	1.15226072239e-07
7.42967788613e-10	3.2443292497e-09
7.46591887799e-10	-7.0989962353e-08
7.50215986986e-10	-1.08062046422e-07
7.53840086173e-10	-1.20782686963e-07
7.5746418536e-10	-1.2803657512e-07
7.61088284547e-10	-1.47588139043e-07
7.64712383734e-10	-1.89094265579e-07
7.68336482921e-10	-2.49645154327e-07
7.71960582108e-10	-3.1328499972e-07
7.75584681295e-10	-3.55200768354e-07
7.79208780482e-10	-3.50866571353e-07
7.82832879668e-10	-2.87127846832e-07
7.86456978855e-10	-1.70388176457e-07
7.90081078042e-10	-2.75633418312e-08
7.93705177229e-10	1.02459864593e-07
7.97329276416e-10	1.83897327588e-07
8.00953375603e-10	1.99204663431e-07
8.0457747479e-10	1.57019940161e-07
8.08201573977e-10	8.82407533709e-08
8.11825673164e-10	3.1986299831e-08
8.15449772351e-10	1.77809145185e-08
8.19073871538e-10	5.24820862324e-08
8.22697970724e-10	1.18369676727e-07
8.26322069911e-10	1.82540546234e-07
8.29946169098e-10	2.12940463484e-07
8.33570268285e-10	1.93434885887e-07
8.37194367472e-10	1.30491642381e-07
8.40818466659e-10	4.91153215876e-08
8.44442565846e-10	-1.94061868797e-08
8.48066665033e-10	-5.19588496672e-08
8.5169076422e-10	-4.32636397818e-08
8.55314863407e-10	-6.83749945551e-09
8.58938962594e-10	3.2550982354e-08
8.6256306178e-10	5.07988460186e-08
8.66187160967e-10	3.50550450889e-08
8.69811260154e-10	-1.14293232656e-08
8.73435359341e-10	-7.16405637036e-08
8.77059458528e-10	-1.22489709042e-07
8.80683557715e-10	-1.44393254686e-07
8.84307656902e-10	-1.28964757096e-07
8.87931756089e-10	-8.21821828367e-08
8.91555855276e-10	-2.24599308041e-08
8.95179954463e-10	2.61933035262e-08
8.98804053649e-10	4.38786145196e-08
9.02428152836e-10	2.34769341745e-08
9.06052252023e-10	-2.47886635663e-08
9.0967635121e-10	-7.59677192264e-08
9.13300450397e-10	-1.00352679056e-07
9.16924549584e-10	-7.66222143511e-08
9.20548648771e-10	-2.85889178997e-09
9.24172747958e-10	1.00358455768e-07
9.27796847145e-10	1.97355092268e-07
9.31420946332e-10	2.51934352491e-07
9.35045045519e-10	2.43022270752e-07
9.38669144705e-10	1.74228830474e-07
9.42293243892e-10	7.25265323354e-08
9.45917343079e-10	-2.31066632495e-08
9.49541442266e-10	-7.83733753451e-08
9.53165541453e-10	-7.82648470476e-08
9.5678964064e-10	-3.29932206e-08
9.60413739827e-10	2.70458819784e-08
9.64037839014e-10	6.51993588008e-08
9.67661938201e-10	5.50505419028e-08
9.71286037388e-10	-7.99473642843e-09
9.74910136574e-10	-1.04969814174e-07
9.78534235761e-10	-2.01949433176e-07
9.82158334948e-10	-2.64597332489e-07
9.85782434135e-10	-2.7202105457e-07
9.89406533322e-10	-2.24180041641e-07
9.93030632509e-10	-1.40232842227e-07
9.96654731696e-10	-4.9800803481e-08
1.00027883088e-09	1.88391702238e-08
1.00390293007e-09	4.9203141117e-08
1.00752702926e-09	4.1832556974e-08
1.01115112844e-09	1.30422694866e-08
1.01477522763e-09	-1.22851346873e-08
1.01839932682e-09	-1.14401466078e-08
1.022023426e-09	2.60117474227e-08
1.02564752519e-09	9.29034840169e-08
1.02927162438e-09	1.66657613931e-07
1.03289572356e-09	2.18642838945e-07
1.03651982275e-09	2.26777885359e-07
1.04014392194e-09	1.85752725201e-07
1.04376802113e-09	1.09876779675e-07
1.04739212031e-09	2.71720601575e-08
1.0510162195e-09	-3.27025198033e-08
1.05464031869e-09	-5.14819724629e-08
1.05826441787e-09	-3.01662339552e-08
1.06188851706e-09	1.15662732725e-08
1.06551261625e-09	4.42985026439e-08
1.06913671543e-09	4.25582697972e-08
1.07276081462e-09	-3.14672776724e-09
1.07638491381e-09	-8.11958500435e-08
1.08000901299e-09	-1.63248813578e-07
1.08363311218e-09	-2.16762131799e-07
1.08725721137e-09	-2.19500989829e-07
1.09088131056e-09	-1.69561687358e-07
1.09450540974e-09	-8.63669455953e-08
1.09812950893e-09	-1.83468351622e-09
1.10175360812e-09	5.34854152079e-08
1.1053777073e-09	6.30029077797e-08
1.10900180649e-09	3.02435161359e-08
1.11262590568e-09	-2.38274679987e-08
1.11625000486e-09	-7.02767479765e-08
1.11987410405e-09	-8.42175964522e-08
1.12349820324e-09	-5.47517160499e-08
1.12712230242e-09	1.09384110658e-08
1.13074640161e-09	9.05016364072e-08
1.1343705008e-09	1.55162055648e-07
1.13799459999e-09	1.81152856271e-07
1.14161869917e-09	1.593271719e-07
1.14524279836e-09	9.90535369283e-08
1.14886689755e-09	2.44655495862e-08
1.15249099673e-09	-3.55300713295e-08
1.15611509592e-09	-5.93685527406e-08
1.15973919511e-09	-4.18412540171e-08
1.16336329429e-09	4.06194633484e-09
1.16698739348e-09	5.30756061323e-08
1.17061149267e-09	7.88150842368e-08
1.17423559185e-09	6.53647020954e-08
1.17785969104e-09	1.41655522867e-08
1.18148379023e-09	-5.6514750213e-08
1.18510788942e-09	-1.1937753186e-07
1.1887319886e-09	-1.50007991806e-07
1.19235608779e-09	-1.37517702115e-07
1.19598018698e-09	-8.93688323345e-08
1.19960428616e-09	-2.80007341757e-08
1.20322838535e-09	1.94911695672e-08
1.20685248454e-09	3.37225642966e-08
1.21047658372e-09	1.17879004335e-08
1.21410068291e-09	-3.18269535171e-08
1.2177247821e-09	-7.25005975255e-08
1.22134888128e-09	-8.70624035088e-08
1.22497298047e-09	-6.43488462515e-08
1.22859707966e-09	-9.90702542225e-09
1.23222117884e-09	5.69042235554e-08
1.23584527803e-09	1.11416987636e-07
1.23946937722e-09	1.34034905841e-07
1.24309347641e-09	1.18043644193e-07
1.24671757559e-09	7.19433899121e-08
1.25034167478e-09	1.58195092581e-08
1.25396577397e-09	-2.704287283e-08
1.25758987315e-09	-3.97883788139e-08
1.26121397234e-09	-1.90222895213e-08
1.26483807153e-09	2.35944419558e-08
1.26846217071e-09	6.63427002223e-08
1.2720862699e-09	8.68850449365e-08
1.27571036909e-09	7.20200645787e-08
1.27933446827e-09	2.36470256709e-08
1.28295856746e-09	-4.19249488459e-08
1.28658266665e-09	-1.0083368096e-07
1.29020676584e-09	-1.31582964968e-07
1.29383086502e-09	-1.23977045519e-07
1.29745496421e-09	-8.31946138646e-08
1.3010790634e-09	-2.74825993074e-08
1.30470316258e-09	1.95697946737e-08
1.30832726177e-09	3.90861956134e-08
1.31195136096e-09	2.50247662592e-08
1.31557546014e-09	-1.31869146713e-08
1.31919955933e-09	-5.49406493633e-08
1.32282365852e-09	-7.79125173267e-08
1.3264477577e-09	-6.83993732764e-08
1.33007185689e-09	-2.77021126038e-08
1.33369595608e-09	2.86052088683e-08
1.33732005527e-09	7.80093785124e-08
1.34094415445e-09	1.01354480364e-07
1.34456825364e-09	9.13085358434e-08
1.34819235283e-09	5.49684493478e-08
1.35181645201e-09	9.9831964917e-09
1.3554405512e-09	-2.36330013337e-08
1.35906465039e-09	-3.23614059994e-08
1.36268874957e-09	-1.46817624724e-08
1.36631284876e-09	1.87194757473e-08
1.36993694795e-09	4.98599419529e-08
1.37356104713e-09	6.1576265864e-08
1.37718514632e-09	4.5201677068e-08
1.38080924551e-09	4.6179202684e-09
1.38443334469e-09	-4.50925448092e-08
1.38805744388e-09	-8.42134966206e-08
1.39168154307e-09	-9.7097633045e-08
1.39530564226e-09	-7.91834651181e-08
1.39892974144e-09	-3.91734786831e-08
1.40255384063e-09	4.84173057202e-09
1.40617793982e-09	3.33569865063e-08
1.409802039e-09	3.40402230847e-08
1.41342613819e-09	7.19523152171e-09
1.41705023738e-09	-3.43087016574e-08
1.42067433656e-09	-7.04477827185e-08
1.42429843575e-09	-8.26697501566e-08
1.42792253494e-09	-6.21814351121e-08
1.43154663412e-09	-1.42774192469e-08
1.43517073331e-09	4.32364828384e-08
1.4387948325e-09	8.73872068041e-08
1.44241893169e-09	1.00110710832e-07
1.44604303087e-09	7.65372121236e-08
1.44966713006e-09	2.76727227799e-08
1.45329122925e-09	-2.42892461699e-08
1.45691532843e-09	-5.59272166356e-08
1.46053942762e-09	-5.31934283288e-08
1.46416352681e-09	-1.78500876302e-08
1.46778762599e-09	3.33750485026e-08
1.47141172518e-09	7.63302452356e-08
1.47503582437e-09	9.01238692563e-08
1.47865992355e-09	6.63548576085e-08
1.48228402274e-09	1.28229888929e-08
1.48590812193e-09	-4.96705112596e-08
1.48953222112e-09	-9.60464561217e-08
1.4931563203e-09	-1.07686616957e-07
1.49678041949e-09	-8.05445239394e-08
1.50040451868e-09	-2.71842459654e-08
1.50402861786e-09	2.84165668774e-08
1.50765271705e-09	6.12428081581e-08
1.51127681624e-09	5.62647315405e-08
1.51490091542e-09	1.53033994366e-08
1.51852501461e-09	-4.35403713084e-08
1.5221491138e-09	-9.36535116125e-08
1.52577321298e-09	-1.11385730861e-07
1.52939731217e-09	-8.64313705051e-08
1.53302141136e-09	-2.65114756814e-08
1.53664551054e-09	4.55430857471e-08
1.54026960973e-09	1.00979292483e-07
1.54389370892e-09	1.171764481e-07
1.54751780811e-09	8.74174190812e-08
1.55114190729e-09	2.42455016064e-08
1.55476600648e-09	-4.51387052181e-08
1.55839010567e-09	-9.017779945e-08
1.56201420485e-09	-9.01998973291e-08
1.56563830404e-09	-4.38071303677e-08
1.56926240323e-09	2.97888789191e-08
1.57288650241e-09	9.86367325595e-08
1.5765106016e-09	1.3174692981e-07
1.58013470079e-09	1.12588054435e-07
1.58375879997e-09	4.65871288213e-08
1.58738289916e-09	-4.08566762644e-08
1.59100699835e-09	-1.1487759366e-07
1.59463109754e-09	-1.45675130625e-07
1.59825519672e-09	-1.2106012548e-07
1.60187929591e-09	-5.17031040204e-08
1.6055033951e-09	3.30530731674e-08
1.60912749428e-09	9.7252907949e-08
1.61275159347e-09	1.13343908481e-07
1.61637569266e-09	7.38847205639e-08
1.61999979184e-09	-4.96813168382e-09
1.62362389103e-09	-8.99885037597e-08
1.62724799022e-09	-1.44754324083e-07
1.6308720894e-09	-1.44961518345e-07
1.63449618859e-09	-8.88218920636e-08
1.63812028778e-09	2.08248374101e-09
1.64174438697e-09	9.17183484717e-08
1.64536848615e-09	1.44397944268e-07
1.64899258534e-09	1.39489500839e-07
1.65261668453e-09	7.98285952897e-08
1.65624078371e-09	-9.43655109609e-09
1.6598648829e-09	-9.1014840109e-08
1.66348898209e-09	-1.30765315021e-07
1.66711308127e-09	-1.11805078973e-07
1.67073718046e-09	-4.17050785018e-08
1.67436127965e-09	5.03100991978e-08
1.67798537883e-09	1.25386762306e-07
1.68160947802e-09	1.51262767645e-07
1.68523357721e-09	1.15926958699e-07
1.68885767639e-09	3.2840898001e-08
1.69248177558e-09	-6.46807123417e-08
1.69610587477e-09	-1.37376957809e-07
1.69972997396e-09	-1.56400801643e-07
1.70335407314e-09	-1.15151905788e-07
1.70697817233e-09	-3.17016457529e-08
1.71060227152e-09	5.88440016713e-08
1.7142263707e-09	1.18919771808e-07
1.71785046989e-09	1.2391870996e-07
1.72147456908e-09	7.21165491768e-08
1.72509866826e-09	-1.46787595412e-08
1.72872276745e-09	-1.00205703291e-07
1.73234686664e-09	-1.48799784938e-07
1.73597096582e-09	-1.40063178833e-07
1.73959506501e-09	-7.72546471239e-08
1.7432191642e-09	1.42883376242e-08
1.74684326339e-09	9.78925029926e-08
1.75046736257e-09	1.40698148243e-07
1.75409146176e-09	1.26975820081e-07
1.75771556095e-09	6.40595843038e-08
1.76133966013e-09	-2.12401154442e-08
1.76496375932e-09	-9.3864791495e-08
1.76858785851e-09	-1.24756269315e-07
1.77221195769e-09	-1.0232797365e-07
1.77583605688e-09	-3.67405128543e-08
1.77946015607e-09	4.45374723768e-08
1.78308425525e-09	1.08090588924e-07
1.78670835444e-09	1.28149494572e-07
1.79033245363e-09	9.69715117094e-08
1.79395655282e-09	2.76706231261e-08
1.797580652e-09	-5.16124813998e-08
1.80120475119e-09	-1.09532273029e-07
1.80482885038e-09	-1.24428609638e-07
1.80845294956e-09	-9.2719929512e-08
1.81207704875e-09	-2.95063138367e-08
1.81570114794e-09	3.83238933921e-08
1.81932524712e-09	8.34788096427e-08
1.82294934631e-09	8.91715146167e-08
1.8265734455e-09	5.51895524836e-08
1.83019754468e-09	-2.79956657856e-09
1.83382164387e-09	-6.03089631568e-08
1.83744574306e-09	-9.42442142104e-08
1.84106984224e-09	-9.20130815985e-08
1.84469394143e-09	-5.60903430369e-08
1.84831804062e-09	-2.16314033352e-09
1.85194213981e-09	4.79934243458e-08
1.85556623899e-09	7.56472147145e-08
1.85919033818e-09	7.24293798271e-08
1.86281443737e-09	4.27806838843e-08
1.86643853655e-09	9.81841719039e-10
1.87006263574e-09	-3.54680338432e-08
1.87368673493e-09	-5.31126893577e-08
1.87731083411e-09	-4.73242174337e-08
1.8809349333e-09	-2.31137331497e-08
1.88455903249e-09	7.91145815526e-09
1.88818313167e-09	3.28456479792e-08
1.89180723086e-09	4.26212984905e-08
1.89543133005e-09	3.51491564743e-08
1.89905542924e-09	1.52985073498e-08
1.90267952842e-09	-7.99360311277e-09
1.90630362761e-09	-2.58932182362e-08
1.9099277268e-09	-3.3344669248e-08
1.91355182598e-09	-3.05268059719e-08
1.91717592517e-09	-2.16263877917e-08
1.92080002436e-09	-1.20297398709e-08
1.92442412354e-09	-5.4187019316e-09
1.92804822273e-09	-2.3933690585e-09
1.93167232192e-09	-1.18007315031e-09
1.9352964211e-09	4.53645343512e-10
1.93892052029e-09	3.24110427385e-09
1.94254461948e-09	5.70636071728e-09
1.94616871867e-09	5.10658759723e-09
1.94979281785e-09	-6.3376903725e-10
1.95341691704e-09	-1.10115223606e-08
1.95704101623e-09	-2.22685176965e-08
1.96066511541e-09	-2.85329591065e-08
1.9642892146e-09	-2.44613627132e-08
1.96791331379e-09	-8.366219717e-09
1.97153741297e-09	1.58710626863e-08
1.97516151216e-09	3.93421792921e-08
1.97878561135e-09	5.13636067012e-08
1.98240971053e-09	4.44023626756e-08
1.98603380972e-09	1.82433232965e-08
1.98965790891e-09	-1.86995041673e-08
1.99328200809e-09	-5.20238643276e-08
1.99690610728e-09	-6.72185791473e-08
2.00053020647e-09	-5.61014203981e-08
2.00415430566e-09	-2.1069556766e-08
2.00777840484e-09	2.49319711543e-08
2.01140250403e-09	6.31314236443e-08
2.01502660322e-09	7.63964536077e-08
2.0186507024e-09	5.66346507469e-08
2.02227480159e-09	9.04284647163e-09
2.02589890078e-09	-4.901323436e-08
2.02952299996e-09	-9.42707245599e-08
2.03314709915e-09	-1.06932290578e-07
2.03677119834e-09	-7.93771732788e-08
2.04039529752e-09	-2.0257107991e-08
2.04401939671e-09	4.80292996485e-08
2.0476434959e-09	9.79607150953e-08
2.05126759509e-09	1.08223815687e-07
2.05489169427e-09	7.2939293716e-08
2.05851579346e-09	4.84576556659e-09
2.06213989265e-09	-6.9210187803e-08
2.06576399183e-09	-1.18802276461e-07
2.06938809102e-09	-1.22291339721e-07
2.07301219021e-09	-7.61112275427e-08
2.07663628939e-09	3.0546842833e-09
2.08026038858e-09	8.4269700551e-08
2.08388448777e-09	1.34455632406e-07
2.08750858695e-09	1.31990375962e-07
2.09113268614e-09	7.60430509672e-08
2.09475678533e-09	-1.23069447966e-08
2.09838088452e-09	-9.80519487825e-08
2.1020049837e-09	-1.46391414546e-07
2.10562908289e-09	-1.37068752792e-07
2.10925318208e-09	-7.30233580271e-08
2.11287728126e-09	2.03868069093e-08
2.11650138045e-09	1.05483152879e-07
2.12012547964e-09	1.47423378394e-07
2.12374957882e-09	1.28394290755e-07
2.12737367801e-09	5.5062873372e-08
2.1309977772e-09	-4.38434533123e-08
2.13462187638e-09	-1.2880903455e-07
2.13824597557e-09	-1.6537869385e-07
2.14187007476e-09	-1.38206686984e-07
2.14549417395e-09	-5.75310465933e-08
2.14911827313e-09	4.46302479418e-08
2.15274237232e-09	1.27319935928e-07
2.15636647151e-09	1.57278066126e-07
2.15999057069e-09	1.22526984114e-07
2.16361466988e-09	3.73309632096e-08
2.16723876907e-09	-6.36674144516e-08
2.17086286825e-09	-1.39554373391e-07
2.17448696744e-09	-1.59694224067e-07
2.17811106663e-09	-1.16074900802e-07
2.18173516581e-09	-2.63518966648e-08
2.185359265e-09	7.33576044354e-08
2.18898336419e-09	1.43024806221e-07
2.19260746337e-09	1.54861837132e-07
2.19623156256e-09	1.04427243741e-07
2.19985566175e-09	1.23585524037e-08
2.20347976094e-09	-8.40539513547e-08
2.20710386012e-09	-1.46154079061e-07
2.21072795931e-09	-1.49616781187e-07
2.2143520585e-09	-9.41819138234e-08
2.21797615768e-09	-3.42304806722e-09
2.22160025687e-09	8.53155768255e-08
2.22522435606e-09	1.36316273824e-07
2.22884845524e-09	1.29873527044e-07
2.23247255443e-09	6.98213540318e-08
2.23609665362e-09	-1.86427904225e-08
2.2397207528e-09	-9.95612907673e-08
2.24334485199e-09	-1.40859285125e-07
2.24696895118e-09	-1.27054903487e-07
2.25059305037e-09	-6.50531930546e-08
2.25421714955e-09	1.9109702265e-08
2.25784124874e-09	9.12291966415e-08
2.26146534793e-09	1.22952258153e-07
2.26508944711e-09	1.03103957372e-07
2.2687135463e-09	4.17467589386e-08
2.27233764549e-09	-3.46860247191e-08
2.27596174467e-09	-9.47521883177e-08
2.27958584386e-09	-1.1496397434e-07
2.28320994305e-09	-8.89838744911e-08
2.28683404223e-09	-2.93191035894e-08
2.29045814142e-09	3.86092828819e-08
2.29408224061e-09	8.72771295235e-08
2.2977063398e-09	9.82281704864e-08
2.30133043898e-09	6.89891095362e-08
2.30495453817e-09	1.33259403512e-08
2.30857863736e-09	-4.50361881121e-08
2.31220273654e-09	-8.25529866688e-08
2.31582683573e-09	-8.54454285104e-08
2.31945093492e-09	-5.48981375914e-08
2.3230750341e-09	-5.78372016946e-09
2.32669913329e-09	4.03540880711e-08
2.33032323248e-09	6.4704543945e-08
2.33394733166e-09	5.89092934433e-08
2.33757143085e-09	2.77970002571e-08
2.34119553004e-09	-1.36798412598e-08
2.34481962922e-09	-4.74912980053e-08
2.34844372841e-09	-6.0350949127e-08
2.3520678276e-09	-4.88565348178e-08
2.35569192679e-09	-2.00750136514e-08
2.35931602597e-09	1.22464003383e-08
2.36294012516e-09	3.40766028728e-08
2.36656422435e-09	3.71360364682e-08
2.37018832353e-09	2.20850715493e-08
2.37381242272e-09	-2.34045050007e-09
2.37743652191e-09	-2.38597568369e-08
2.38106062109e-09	-3.25235021137e-08
2.38468472028e-09	-2.5240906254e-08
2.38830881947e-09	-6.89854440239e-09
2.39193291865e-09	1.24987096228e-08
2.39555701784e-09	2.29898837745e-08
2.39918111703e-09	1.95614706655e-08
2.40280521622e-09	4.47036718754e-09
2.4064293154e-09	-1.41510589913e-08
2.41005341459e-09	-2.64668535976e-08
2.41367751378e-09	-2.58197587755e-08
2.41730161296e-09	-1.20556773453e-08
2.42092571215e-09	8.3034761289e-09
2.42454981134e-09	2.50210181463e-08
2.42817391052e-09	2.89874630965e-08
2.43179800971e-09	1.67629412573e-08
2.4354221089e-09	-7.3487593788e-09
2.43904620808e-09	-3.27569402714e-08
2.44267030727e-09	-4.72410093266e-08
2.44629440646e-09	-4.27572928174e-08
2.44991850565e-09	-1.96344238645e-08
2.45354260483e-09	1.29140040883e-08
2.45716670402e-09	4.05643483248e-08
2.46079080321e-09	5.02859087703e-08
2.46441490239e-09	3.64079326687e-08
2.46803900158e-09	3.63768437595e-09
2.47166310077e-09	-3.45883854891e-08
2.47528719995e-09	-6.16848154777e-08
2.47891129914e-09	-6.501687011e-08
2.48253539833e-09	-4.16369445588e-08
2.48615949751e-09	-1.1120229737e-11
2.4897835967e-09	4.30651709848e-08
2.49340769589e-09	6.92266297619e-08
2.49703179507e-09	6.64185364485e-08
2.50065589426e-09	3.44290569387e-08
2.50427999345e-09	-1.44349359132e-08
2.50790409264e-09	-6.00653322635e-08
2.51152819182e-09	-8.29682420544e-08
2.51515229101e-09	-7.26934743511e-08
2.5187763902e-09	-3.26063407385e-08
2.52240048938e-09	2.11817123841e-08
2.52602458857e-09	6.64135981765e-08
2.52964868776e-09	8.39356602e-08
2.53327278694e-09	6.57786642932e-08
2.53689688613e-09	1.8652196232e-08
2.54052098532e-09	-3.86206444603e-08
2.5441450845e-09	-8.26385075925e-08
2.54776918369e-09	-9.50227203589e-08
2.55139328288e-09	-7.01293103589e-08
2.55501738207e-09	-1.76257959339e-08
2.55864148125e-09	4.11820302304e-08
2.56226558044e-09	8.20635364107e-08
2.56588967963e-09	8.79748185412e-08
2.56951377881e-09	5.62591111475e-08
2.573137878e-09	-8.14308620534e-11
2.57676197719e-09	-5.7793705821e-08
2.58038607637e-09	-9.30773396135e-08
2.58401017556e-09	-9.14337903168e-08
2.58763427475e-09	-5.36280282404e-08
2.59125837393e-09	4.76260897386e-09
2.59488247312e-09	5.98550258246e-08
2.59850657231e-09	8.92493901006e-08
2.6021306715e-09	8.11818665625e-08
2.60575477068e-09	3.92529955207e-08
2.60937886987e-09	-1.9119852368e-08
2.61300296906e-09	-6.99016595718e-08
2.61662706824e-09	-9.24070917563e-08
2.62025116743e-09	-7.78240405452e-08
2.62387526662e-09	-3.2781699133e-08
2.6274993658e-09	2.35960300188e-08
2.63112346499e-09	6.78725697867e-08
2.63474756418e-09	8.21023604658e-08
2.63837166336e-09	6.11654513705e-08
2.64199576255e-09	1.45427314635e-08
2.64561986174e-09	-3.80392179977e-08
2.64924396092e-09	-7.49757447238e-08
2.65286806011e-09	-8.16991345687e-08
2.6564921593e-09	-5.64258542113e-08
2.66011625849e-09	-1.0489289437e-08
2.66374035767e-09	3.66195429535e-08
2.66736445686e-09	6.55058087773e-08
2.67098855605e-09	6.49024514132e-08
2.67461265523e-09	3.61301957241e-08
2.67823675442e-09	-7.75147057652e-09
2.68186085361e-09	-4.78033825857e-08
2.68548495279e-09	-6.74156694913e-08
2.68910905198e-09	-5.9240868211e-08
2.69273315117e-09	-2.79699392536e-08
2.69635725035e-09	1.21938743547e-08
2.69998134954e-09	4.39965788246e-08
2.70360544873e-09	5.45502842897e-08
2.70722954792e-09	4.05644264845e-08
2.7108536471e-09	9.24160836746e-09
2.71447774629e-09	-2.52464431583e-08
2.71810184548e-09	-4.80590038876e-08
2.72172594466e-09	-5.00410521909e-08
2.72535004385e-09	-3.14032426729e-08
2.72897414304e-09	-1.32145017151e-09
2.73259824222e-09	2.63744173168e-08
2.73622234141e-09	3.94844121843e-08
2.7398464406e-09	3.27974163383e-08
2.74347053978e-09	1.02216963782e-08
2.74709463897e-09	-1.73000849202e-08
2.75071873816e-09	-3.70460000454e-08
2.75434283735e-09	-4.03410780336e-08
2.75796693653e-09	-2.63727013561e-08
2.76159103572e-09	-2.26418617189e-09
2.76521513491e-09	2.04701482431e-08
2.76883923409e-09	3.1261379263e-08
2.77246333328e-09	2.52867273787e-08
2.77608743247e-09	5.56842438826e-09
2.77971153165e-09	-1.85010318177e-08
2.78333563084e-09	-3.54507108113e-08
2.78695973003e-09	-3.70365036417e-08
2.79058382921e-09	-2.21386162735e-08
2.7942079284e-09	2.57523202762e-09
2.79783202759e-09	2.55806398286e-08
2.80145612677e-09	3.5830503009e-08
2.80508022596e-09	2.79964353922e-08
2.80870432515e-09	5.1419175584e-09
2.81232842434e-09	-2.24863647702e-08
2.81595252352e-09	-4.21008437002e-08
2.81957662271e-09	-4.42362413366e-08
2.8232007219e-09	-2.71893476622e-08
2.82682482108e-09	1.99721239547e-09
2.83044892027e-09	3.05219494123e-08
2.83407301946e-09	4.53877682105e-08
2.83769711864e-09	3.92056840326e-08
2.84132121783e-09	1.37170745873e-08
2.84494531702e-09	-2.06403019121e-08
2.8485694162e-09	-4.89779772295e-08
2.85219351539e-09	-5.8388515356e-08
2.85581761458e-09	-4.38295408856e-08
2.85944171377e-09	-1.0700960118e-08
2.86306581295e-09	2.7107462941e-08
2.86668991214e-09	5.30833368373e-08
2.87031401133e-09	5.5374602681e-08
2.87393811051e-09	3.2161974417e-08
2.8775622097e-09	-7.2560988329e-09
2.88118630889e-09	-4.62659599521e-08
2.88481040807e-09	-6.80090010974e-08
2.88843450726e-09	-6.26308391816e-08
2.89205860645e-09	-3.16590700322e-08
2.89568270563e-09	1.24048922245e-08
2.89930680482e-09	5.11560500627e-08
2.90293090401e-09	6.79531382275e-08
2.9065550032e-09	5.50722560888e-08
2.91017910238e-09	1.72475580484e-08
2.91380320157e-09	-2.99949718396e-08
2.91742730076e-09	-6.66984121267e-08
2.92105139994e-09	-7.6980811059e-08
2.92467549913e-09	-5.59543700263e-08
2.92829959832e-09	-1.20500578404e-08
2.9319236975e-09	3.63874015363e-08
2.93554779669e-09	6.8873319492e-08
2.93917189588e-09	7.14811605462e-08
2.94279599506e-09	4.2792201782e-08
2.94642009425e-09	-5.41937961174e-09
2.95004419344e-09	-5.31009902716e-08
2.95366829262e-09	-8.02588075999e-08
2.95729239181e-09	-7.53248272645e-08
2.960916491e-09	-4.01018738216e-08
2.96454059019e-09	1.08649071962e-08
2.96816468937e-09	5.62354252054e-08
2.97178878856e-09	7.68099255311e-08
2.97541288775e-09	6.37236823309e-08
2.97903698693e-09	2.23239560171e-08
2.98266108612e-09	-2.99745828158e-08
2.98628518531e-09	-7.10580891905e-08
2.98990928449e-09	-8.35481444028e-08
2.99353338368e-09	-6.21847391358e-08
2.99715748287e-09	-1.6030243799e-08
3.00078158205e-09	3.54438576267e-08
3.00440568124e-09	7.06155987018e-08
3.00802978043e-09	7.47839408177e-08
3.01165387962e-09	4.63067628687e-08
3.0152779788e-09	-2.77179523778e-09
3.01890207799e-09	-5.17700478042e-08
3.02252617718e-09	-8.00228434628e-08
3.02615027636e-09	-7.56135065672e-08
3.02977437555e-09	-4.04355908756e-08
3.03339847474e-09	1.05521253957e-08
3.03702257392e-09	5.56403314533e-08
3.04064667311e-09	7.56677209779e-08
3.0442707723e-09	6.22090112756e-08
3.04789487148e-09	2.11470894129e-08
3.05151897067e-09	-2.99068858567e-08
3.05514306986e-09	-6.92365134114e-08
3.05876716905e-09	-8.02730610872e-08
3.06239126823e-09	-5.85600545833e-08
3.06601536742e-09	-1.35292381742e-08
3.06963946661e-09	3.56096307996e-08
3.07326356579e-09	6.80126746033e-08
3.07688766498e-09	6.99907118928e-08
3.08051176417e-09	4.07863822716e-08
3.08413586335e-09	-7.10789738179e-09
3.08775996254e-09	-5.32266888342e-08
3.09138406173e-09	-7.7853897551e-08
3.09500816091e-09	-7.04709464117e-08
3.0986322601e-09	-3.42862627178e-08
3.10225635929e-09	1.51300127982e-08
3.10588045847e-09	5.65882380954e-08
3.10950455766e-09	7.24033810684e-08
3.11312865685e-09	5.59449127024e-08
3.11675275604e-09	1.44085801068e-08
3.12037685522e-09	-3.43827011307e-08
3.12400095441e-09	-6.963244914e-08
3.1276250536e-09	-7.63806085047e-08
3.13124915278e-09	-5.18180662823e-08
3.13487325197e-09	-6.42017772279e-09
3.13849735116e-09	4.0497280196e-08
3.14212145034e-09	6.89343977456e-08
3.14574554953e-09	6.67241906172e-08
3.14936964872e-09	3.47391626576e-08
3.1529937479e-09	-1.34278872466e-08
3.15661784709e-09	-5.7227534711e-08
3.16024194628e-09	-7.79691760044e-08
3.16386604547e-09	-6.68269279913e-08
3.16749014465e-09	-2.85969807834e-08
3.17111424384e-09	2.03956780354e-08
3.17473834303e-09	5.93252522663e-08
3.17836244221e-09	7.17243082704e-08
3.1819865414e-09	5.24144248004e-08
3.18561064059e-09	9.61733093163e-09
3.18923473977e-09	-3.85810920989e-08
3.19285883896e-09	-7.1850180916e-08
3.19648293815e-09	-7.61656124837e-08
3.20010703733e-09	-4.97005814282e-08
3.20373113652e-09	-3.5971550183e-09
3.20735523571e-09	4.26994120062e-08
3.2109793349e-09	6.96720476867e-08
3.21460343408e-09	6.59978383055e-08
3.21822753327e-09	3.33225287363e-08
3.22185163246e-09	-1.4464638376e-08
3.22547573164e-09	-5.71956206841e-08
3.22909983083e-09	-7.69884849205e-08
3.23272393002e-09	-6.57302408058e-08
3.2363480292e-09	-2.83834360459e-08
3.23997212839e-09	1.92555269507e-08
3.24359622758e-09	5.72712508529e-08
3.24722032676e-09	6.9938174363e-08
3.25084442595e-09	5.22173735362e-08
3.25446852514e-09	1.17384439946e-08
3.25809262433e-09	-3.4482432909e-08
3.26171672351e-09	-6.71975541877e-08
3.2653408227e-09	-7.29785440967e-08
3.26896492189e-09	-4.97640080255e-08
3.27258902107e-09	-7.59664953165e-09
3.27621312026e-09	3.5735581605e-08
3.27983721945e-09	6.22620746071e-08
3.28346131863e-09	6.13229502733e-08
3.28708541782e-09	3.38603101113e-08
3.29070951701e-09	-8.23716295173e-09
3.29433361619e-09	-4.7323432284e-08
3.29795771538e-09	-6.74064111195e-08
3.30158181457e-09	-6.0700536153e-08
3.30520591375e-09	-3.06150127471e-08
3.30883001294e-09	9.93350202094e-09
3.31245411213e-09	4.40484484443e-08
3.31607821132e-09	5.79244314736e-08
3.3197023105e-09	4.64678429068e-08
3.32332640969e-09	1.5159367095e-08
3.32695050888e-09	-2.24953780048e-08
3.33057460806e-09	-5.08220026063e-08
3.33419870725e-09	-5.85630957062e-08
3.33782280644e-09	-4.33677733724e-08
3.34144690562e-09	-1.24211068098e-08
3.34507100481e-09	2.09379837912e-08
3.348695104e-09	4.29988205042e-08
3.35231920318e-09	4.53226647323e-08
3.35594330237e-09	2.79522929247e-08
3.35956740156e-09	-1.03032582466e-09
3.36319150075e-09	-2.92183948147e-08
3.36681559993e-09	-4.51825528103e-08
3.37043969912e-09	-4.31279971735e-08
3.37406379831e-09	-2.49928557849e-08
3.37768789749e-09	7.6755340972e-10
3.38131199668e-09	2.30689654046e-08
3.38493609587e-09	3.29998179893e-08
3.38856019505e-09	2.74207980766e-08
3.39218429424e-09	9.8989731967e-09
3.39580839343e-09	-1.13034106519e-08
3.39943249261e-09	-2.71031250776e-08
3.4030565918e-09	-3.14947961044e-08
3.40668069099e-09	-2.38307009681e-08
3.41030479018e-09	-8.59362536687e-09
3.41392888936e-09	7.01110147716e-09
3.41755298855e-09	1.63797118091e-08
3.42117708774e-09	1.63034243883e-08
3.42480118692e-09	8.04168820423e-09
3.42842528611e-09	-3.67639096943e-09
3.4320493853e-09	-1.30990294167e-08
3.43567348448e-09	-1.6207730269e-08
3.43929758367e-09	-1.24696741821e-08
3.44292168286e-09	-4.78263073589e-09
3.44654578204e-09	2.25212160032e-09
3.45016988123e-09	4.84051776439e-09
3.45379398042e-09	1.96228433502e-09
3.4574180796e-09	-4.22428136915e-09
3.46104217879e-09	-9.68118918365e-09
3.46466627798e-09	-1.07877378142e-08
3.46829037717e-09	-6.39627018018e-09
3.47191447635e-09	1.44048817319e-09
3.47553857554e-09	8.434194676e-09
3.47916267473e-09	1.02541726221e-08
3.48278677391e-09	4.86065010463e-09
3.4864108731e-09	-6.16299367096e-09
3.49003497229e-09	-1.79995236493e-08
3.49365907147e-09	-2.46715359253e-08
3.49728317066e-09	-2.19099920429e-08
3.50090726985e-09	-9.52777146068e-09
3.50453136903e-09	7.92914001124e-09
3.50815546822e-09	2.28148397952e-08
3.51177956741e-09	2.77167906404e-08
3.5154036666e-09	1.90588949067e-08
3.51902776578e-09	-7.55130347141e-10
3.52265186497e-09	-2.38791635354e-08
3.52627596416e-09	-4.01648456716e-08
3.52990006334e-09	-4.16251353386e-08
3.53352416253e-09	-2.62489834313e-08
3.53714826172e-09	6.50215659093e-10
3.5407723609e-09	2.82497651938e-08
3.54439646009e-09	4.45763959078e-08
3.54802055928e-09	4.16653804791e-08
3.55164465846e-09	1.93061193698e-08
3.55526875765e-09	-1.43033798139e-08
3.55889285684e-09	-4.54999700139e-08
3.56251695603e-09	-6.07002732522e-08
3.56614105521e-09	-5.23028944599e-08
3.5697651544e-09	-2.24015135331e-08
3.57338925359e-09	1.75033427752e-08
3.57701335277e-09	5.09330568832e-08
3.58063745196e-09	6.32836290038e-08
3.58426155115e-09	4.82259814305e-08
3.58788565033e-09	1.08053264114e-08
3.59150974952e-09	-3.42193011704e-08
3.59513384871e-09	-6.82383074491e-08
3.59875794789e-09	-7.65095791166e-08
3.60238204708e-09	-5.44969367411e-08
3.60600614627e-09	-1.01592485535e-08
3.60963024545e-09	3.88864087597e-08
3.61325434464e-09	7.23618001075e-08
3.61687844383e-09	7.5698814328e-08
3.62050254302e-09	4.63654465932e-08
3.6241266422e-09	-4.58274795889e-09
3.62775074139e-09	-5.66392195367e-08
3.63137484058e-09	-8.81289281551e-08
3.63499893976e-09	-8.52829415976e-08
3.63862303895e-09	-4.82803628188e-08
3.64224713814e-09	8.4430062941e-09
3.64587123732e-09	6.18750064518e-08
3.64949533651e-09	8.98246739212e-08
3.6531194357e-09	8.01639856718e-08
3.65674353488e-09	3.60399354804e-08
3.66036763407e-09	-2.51273206686e-08
3.66399173326e-09	-7.85401255143e-08
3.66761583245e-09	-1.02084442233e-07
3.67123993163e-09	-8.547310415e-08
3.67486403082e-09	-3.47331940986e-08
3.67848813001e-09	2.99297759909e-08
3.68211222919e-09	8.21808043838e-08
3.68573632838e-09	1.00314522911e-07
3.68936042757e-09	7.63310055163e-08
3.69298452675e-09	1.94715532587e-08
3.69660862594e-09	-4.7359080213e-08
3.70023272513e-09	-9.68803277601e-08
3.70385682431e-09	-1.08648492869e-07
3.7074809235e-09	-7.75109683104e-08
3.71110502269e-09	-1.58097375191e-08
3.71472912188e-09	5.15469729123e-08
3.71835322106e-09	9.71840776742e-08
3.72197732025e-09	1.02395638635e-07
3.72560141944e-09	6.47970495038e-08
3.72922551862e-09	-5.87335513558e-10
3.73284961781e-09	-6.73281235208e-08
3.736473717e-09	-1.0829303676e-07
3.74009781618e-09	-1.06715148718e-07
3.74372191537e-09	-6.31068388657e-08
3.74734601456e-09	4.88629492423e-09
3.75097011374e-09	6.96650914733e-08
3.75459421293e-09	1.04950473201e-07
3.75821831212e-09	9.65089483884e-08
3.7618424113e-09	4.78966768469e-08
3.76546651049e-09	-2.10778434706e-08
3.76909060968e-09	-8.2481712127e-08
3.77271470887e-09	-1.11611264231e-07
3.77633880805e-09	-9.69337108359e-08
3.77996290724e-09	-4.46474643923e-08
3.78358700643e-09	2.39452582207e-08
3.78721110561e-09	8.11307714343e-08
3.7908352048e-09	1.040000015e-07
3.79445930399e-09	8.36737754639e-08
3.79808340317e-09	2.87715344882e-08
3.80170750236e-09	-3.82495741746e-08
3.80533160155e-09	-9.03189629753e-08
3.80895570073e-09	-1.0676398432e-07
3.81257979992e-09	-8.15583689473e-08
3.81620389911e-09	-2.54892373874e-08
3.8198279983e-09	3.84846430279e-08
3.82345209748e-09	8.46953582823e-08
3.82707619667e-09	9.50967660174e-08
3.83070029586e-09	6.62970620624e-08
3.83432439504e-09	1.05956523555e-08
3.83794849423e-09	-4.92755809489e-08
3.84157259342e-09	-8.94492728776e-08
3.8451966926e-09	-9.44561904248e-08
3.84882079179e-09	-6.32059453665e-08
3.85244489098e-09	-9.06344421736e-09
3.85606899016e-09	4.58720101904e-08
3.85969308935e-09	7.98359636178e-08
3.86331718854e-09	8.00803974244e-08
3.86694128773e-09	4.76515573666e-08
3.87056538691e-09	-3.51616469274e-09
3.8741894861e-09	-5.26188372874e-08
3.87781358529e-09	-8.04897553053e-08
3.88143768447e-09	-7.70828378904e-08
3.88506178366e-09	-4.50387531714e-08
3.88868588285e-09	1.91051041654e-09
3.89230998203e-09	4.48229506844e-08
3.89593408122e-09	6.71930919793e-08
3.89955818041e-09	6.13156174722e-08
3.90318227959e-09	3.08849017472e-08
3.90680637878e-09	-1.10269393616e-08
3.91043047797e-09	-4.75776325004e-08
3.91405457715e-09	-6.49822524679e-08
3.91767867634e-09	-5.77294869686e-08
3.92130277553e-09	-3.01956895044e-08
3.92492687472e-09	5.72674618837e-09
3.9285509739e-09	3.57969760501e-08
3.93217507309e-09	4.90969362943e-08
3.93579917228e-09	4.19359267312e-08
3.93942327146e-09	1.86564061977e-08
3.94304737065e-09	-1.07187325682e-08
3.94667146984e-09	-3.47817206148e-08
3.95029556902e-09	-4.51559429848e-08
3.95391966821e-09	-3.93618293515e-08
3.9575437674e-09	-2.11504751491e-08
3.96116786658e-09	1.56404400542e-09
3.96479196577e-09	2.01405434552e-08
3.96841606496e-09	2.85324208704e-08
3.97204016415e-09	2.51701521847e-08
3.97566426333e-09	1.28653416809e-08
3.97928836252e-09	-2.94075053198e-09
3.98291246171e-09	-1.66004578972e-08
3.98653656089e-09	-2.42411282159e-08
3.99016066008e-09	-2.46550886374e-08
3.99378475927e-09	-1.90123223831e-08
3.99740885845e-09	-9.84934267478e-09
4.00103295764e-09	1.9485080216e-11
4.00465705683e-09	8.27270163484e-09
4.00828115601e-09	1.3361781015e-08
4.0119052552e-09	1.44434864069e-08
4.01552935439e-09	1.12738947067e-08
4.01915345358e-09	4.22023882507e-09
4.02277755276e-09	-5.55213297559e-09
4.02640165195e-09	-1.58910253845e-08
4.03002575114e-09	-2.38156037113e-08
4.03364985032e-09	-2.62157175968e-08
4.03727394951e-09	-2.10588062544e-08
4.0408980487e-09	-8.65740634737e-09
4.04452214788e-09	7.7258679454e-09
4.04814624707e-09	2.24766836254e-08
4.05177034626e-09	2.95219635404e-08
4.05539444544e-09	2.48847307205e-08
4.05901854463e-09	8.77051942183e-09
4.06264264382e-09	-1.38511726533e-08
4.066266743e-09	-3.46868986867e-08
4.06989084219e-09	-4.51815829194e-08
4.07351494138e-09	-4.00411046542e-08
4.07713904057e-09	-1.97803728952e-08
4.08076313975e-09	8.89297346873e-09
4.08438723894e-09	3.5205939497e-08
4.08801133813e-09	4.83399915652e-08
4.09163543731e-09	4.18931840329e-08
4.0952595365e-09	1.69198290934e-08
4.09888363569e-09	-1.78470411782e-08
4.10250773487e-09	-4.89706835083e-08
4.10613183406e-09	-6.35546086869e-08
4.10975593325e-09	-5.46443743588e-08
4.11338003243e-09	-2.45009239563e-08
4.11700413162e-09	1.57815307489e-08
4.12062823081e-09	5.03983983435e-08
4.12425233e-09	6.50971969662e-08
4.12787642918e-09	5.30715134062e-08
4.13150052837e-09	1.80484267531e-08
4.13512462756e-09	-2.68095448064e-08
4.13874872674e-09	-6.38509973783e-08
4.14237282593e-09	-7.78928210821e-08
4.14599692512e-09	-6.24621776524e-08
4.1496210243e-09	-2.27477556791e-08
4.15324512349e-09	2.60535735208e-08
4.15686922268e-09	6.45542854727e-08
4.16049332186e-09	7.69406938161e-08
4.16411742105e-09	5.75360488142e-08
4.16774152024e-09	1.34131159513e-08
4.17136561943e-09	-3.81883893397e-08
4.17498971861e-09	-7.66699912447e-08
4.1786138178e-09	-8.63726654643e-08
4.18223791699e-09	-6.29977279232e-08
4.18586201617e-09	-1.54659858254e-08
4.18948611536e-09	3.75243587314e-08
4.19311021455e-09	7.48833457465e-08
4.19673431373e-09	8.15624758843e-08
4.20035841292e-09	5.46249268041e-08
4.20398251211e-09	4.54303261677e-09
4.20760661129e-09	-4.8850402834e-08
4.21123071048e-09	-8.42564134018e-08
4.21485480967e-09	-8.74624035418e-08
4.21847890886e-09	-5.71193048415e-08
4.22210300804e-09	-5.35181543526e-09
4.22572710723e-09	4.71313441608e-08
4.22935120642e-09	7.94001167037e-08
4.2329753056e-09	7.8730309383e-08
4.23659940479e-09	4.56612205824e-08
4.24022350398e-09	-6.36107921892e-09
4.24384760316e-09	-5.64976829764e-08
4.24747170235e-09	-8.4914972831e-08
4.25109580154e-09	-8.06603921433e-08
4.25471990072e-09	-4.58833149253e-08
4.25834399991e-09	5.18736431587e-09
4.2619680991e-09	5.20730161213e-08
4.26559219828e-09	7.62899716733e-08
4.26921629747e-09	6.86852672516e-08
4.27284039666e-09	3.29541016697e-08
4.27646449585e-09	-1.60869895183e-08
4.28008859503e-09	-5.86762816113e-08
4.28371269422e-09	-7.81365443459e-08
4.28733679341e-09	-6.74849829352e-08
4.29096089259e-09	-3.19202868582e-08
4.29458499178e-09	1.36627624769e-08
4.29820909097e-09	5.09378708102e-08
4.30183319015e-09	6.55726850596e-08
4.30545728934e-09	5.27435446429e-08
4.30908138853e-09	1.86532442825e-08
4.31270548771e-09	-2.23661125176e-08
4.3163295869e-09	-5.3884384954e-08
4.31995368609e-09	-6.39775237232e-08
4.32357778528e-09	-4.97623595663e-08
4.32720188446e-09	-1.81382056041e-08
4.33082598365e-09	1.74558678623e-08
4.33445008284e-09	4.2762547281e-08
4.33807418202e-09	4.84744191454e-08
4.34169828121e-09	3.36825642933e-08
4.3453223804e-09	5.69263924888e-09
4.34894647958e-09	-2.34726336146e-08
4.35257057877e-09	-4.22535926248e-08
4.35619467796e-09	-4.41619469882e-08
4.35981877714e-09	-2.99665856573e-08
4.36344287633e-09	-6.78007205934e-09
4.36706697552e-09	1.53643533451e-08
4.37069107471e-09	2.78298593059e-08
4.37431517389e-09	2.67472604065e-08
4.37793927308e-09	1.41550966504e-08
4.38156337227e-09	-3.44142359054e-09
4.38518747145e-09	-1.82522885694e-08
4.38881157064e-09	-2.46273685889e-08
4.39243566983e-09	-2.12566995117e-08
4.39605976901e-09	-1.12109992401e-08
4.3996838682e-09	-2.01782479614e-11
4.40330796739e-09	7.14594605711e-09
4.40693206657e-09	7.85027598482e-09
4.41055616576e-09	3.18442472391e-09
4.41418026495e-09	-3.2289118046e-09
4.41780436413e-09	-7.37815630814e-09
4.42142846332e-09	-7.0427290666e-09
4.42505256251e-09	-2.88156609685e-09
4.4286766617e-09	2.04512184965e-09
4.43230076088e-09	4.03764621737e-09
4.43592486007e-09	9.16869025147e-10
4.43954895926e-09	-6.57198251375e-09
4.44317305844e-09	-1.48528238597e-08
4.44679715763e-09	-1.91686293505e-08
4.45042125682e-09	-1.60677249283e-08
4.454045356e-09	-5.47263168116e-09
4.45766945519e-09	8.75745875817e-09
4.46129355438e-09	2.02340526556e-08
4.46491765356e-09	2.29056364986e-08
4.46854175275e-09	1.40712135277e-08
4.47216585194e-09	-3.88552878761e-09
4.47578995113e-09	-2.4024281231e-08
4.47941405031e-09	-3.75747788439e-08
4.4830381495e-09	-3.77360365178e-08
4.48666224869e-09	-2.29495800141e-08
4.49028634787e-09	1.90180271531e-09
4.49391044706e-09	2.70704383354e-08
4.49753454625e-09	4.17686010223e-08
4.50115864543e-09	3.87896967879e-08
4.50478274462e-09	1.79334165296e-08
4.50840684381e-09	-1.33633637489e-08
4.51203094299e-09	-4.26474215942e-08
4.51565504218e-09	-5.74513983054e-08
4.51927914137e-09	-5.06277899603e-08
4.52290324056e-09	-2.37125146185e-08
4.52652733974e-09	1.3222058115e-08
4.53015143893e-09	4.53809647638e-08
4.53377553812e-09	5.9228099758e-08
4.5373996373e-09	4.81905892968e-08
4.54102373649e-09	1.57007740142e-08
4.54464783568e-09	-2.58264112318e-08
4.54827193486e-09	-5.97608647013e-08
4.55189603405e-09	-7.19413648653e-08
4.55552013324e-09	-5.66035893712e-08
4.55914423242e-09	-1.90438544934e-08
4.56276833161e-09	2.61634323095e-08
4.5663924308e-09	6.08455295037e-08
4.57001652998e-09	7.06012457385e-08
4.57364062917e-09	5.08139308408e-08
4.57726472836e-09	8.8098133233e-09
4.58088882755e-09	-3.88681442587e-08
4.58451292673e-09	-7.30540250515e-08
4.58813702592e-09	-7.97148160814e-08
4.59176112511e-09	-5.57429729042e-08
4.59538522429e-09	-1.03603259305e-08
4.59900932348e-09	3.84795200148e-08
4.60263342267e-09	7.12261112312e-08
4.60625752185e-09	7.45954622516e-08
4.60988162104e-09	4.6976897039e-08
4.61350572023e-09	-8.20777668054e-10
4.61712981941e-09	-4.97997199034e-08
4.6207539186e-09	-8.03677409067e-08
4.62437801779e-09	-8.02300661462e-08
4.62800211698e-09	-4.93810041746e-08
4.63162621616e-09	-1.51164636364e-10
4.63525031535e-09	4.77714081626e-08
4.63887441454e-09	7.52820952243e-08
4.64249851372e-09	7.1536888413e-08
4.64612261291e-09	3.82572444835e-08
4.6497467121e-09	-1.10874385228e-08
4.65337081128e-09	-5.6774439372e-08
4.65699491047e-09	-8.07524855873e-08
4.66061900966e-09	-7.38071790352e-08
4.66424310884e-09	-3.90916987669e-08
4.66786720803e-09	9.27971299802e-09
4.67149130722e-09	5.19817895395e-08
4.67511540641e-09	7.22406170439e-08
4.67873950559e-09	6.24526350634e-08
4.68236360478e-09	2.70764015653e-08
4.68598770397e-09	-1.93618063804e-08
4.68961180315e-09	-5.82788715064e-08
4.69323590234e-09	-7.45204076225e-08
4.69686000153e-09	-6.23173832537e-08
4.70048410071e-09	-2.73156324226e-08
4.7041081999e-09	1.60295030582e-08
4.70773229909e-09	5.04521757705e-08
4.71135639827e-09	6.27942569054e-08
4.71498049746e-09	4.90347602522e-08
4.71860459665e-09	1.55233639276e-08
4.72222869583e-09	-2.3895429635e-08
4.72585279502e-09	-5.36143929253e-08
4.72947689421e-09	-6.24567206842e-08
4.7331009934e-09	-4.7886736354e-08
4.73672509258e-09	-1.66609570584e-08
4.74034919177e-09	1.82530754955e-08
4.74397329096e-09	4.30780566774e-08
4.74759739014e-09	4.87020912487e-08
4.75122148933e-09	3.40381980379e-08
4.75484558852e-09	5.98521321393e-09
4.7584696877e-09	-2.37650059631e-08
4.76209378689e-09	-4.36222045153e-08
4.76571788608e-09	-4.66356198103e-08
4.76934198526e-09	-3.28614113698e-08
4.77296608445e-09	-8.83449402522e-09
4.77659018364e-09	1.54574788525e-08
4.78021428283e-09	3.07297476354e-08
4.78383838201e-09	3.19284616523e-08
4.7874624812e-09	1.98468157464e-08
4.79108658039e-09	3.17784465409e-10
4.79471067957e-09	-1.85232629235e-08
4.79833477876e-09	-2.96206650319e-08
4.80195887795e-09	-2.96522593146e-08
4.80558297713e-09	-1.99249381438e-08
4.80920707632e-09	-5.31500665701e-09
4.81283117551e-09	8.08042877054e-09
4.81645527469e-09	1.55002339852e-08
4.82007937388e-09	1.51787933333e-08
4.82370347307e-09	8.55235793296e-09
4.82732757226e-09	-8.37343139271e-10
4.83095167144e-09	-9.11956199445e-09
4.83457577063e-09	-1.36678606211e-08
4.83819986982e-09	-1.38572566755e-08
4.841823969e-09	-1.08418216627e-08
4.84544806819e-09	-6.60037802191e-09
4.84907216738e-09	-2.8579500988e-09
4.85269626656e-09	-3.9476555358e-10
4.85632036575e-09	9.82772974112e-10
4.85994446494e-09	1.8759975795e-09
4.86356856412e-09	2.60147969833e-09
4.86719266331e-09	2.80020229226e-09
4.8708167625e-09	1.61098301366e-09
4.87444086168e-09	-1.63369717754e-09
4.87806496087e-09	-6.67504362895e-09
4.88168906006e-09	-1.20187078068e-08
4.88531315925e-09	-1.5332149772e-08
4.88893725843e-09	-1.45003689056e-08
4.89256135762e-09	-8.80602613051e-09
4.89618545681e-09	3.58257590261e-10
4.89980955599e-09	9.69545244089e-09
4.90343365518e-09	1.52085970484e-08
4.90705775437e-09	1.39227038787e-08
4.91068185355e-09	5.40346656308e-09
4.91430595274e-09	-7.67117658285e-09
4.91793005193e-09	-2.03022665346e-08
4.92155415111e-09	-2.70913247391e-08
4.9251782503e-09	-2.45748417171e-08
4.92880234949e-09	-1.29466739551e-08
4.93242644868e-09	3.68658392702e-09
4.93605054786e-09	1.87360846837e-08
4.93967464705e-09	2.5781485391e-08
4.94329874624e-09	2.13393924753e-08
4.94692284542e-09	6.54190124294e-09
4.95054694461e-09	-1.3046930647e-08
4.9541710438e-09	-2.95383628668e-08
4.95779514298e-09	-3.5922521846e-08
4.96141924217e-09	-2.9060398532e-08
4.96504334136e-09	-1.1211312767e-08
4.96866744054e-09	1.06718518467e-08
4.97229153973e-09	2.76556946233e-08
4.97591563892e-09	3.24948032926e-08
4.97953973811e-09	2.27697416477e-08
4.98316383729e-09	2.07631956073e-09
4.98678793648e-09	-2.1288162344e-08
4.99041203567e-09	-3.76685989067e-08
4.99403613485e-09	-4.00951378765e-08
4.99766023404e-09	-2.7271752856e-08
5.00128433323e-09	-4.23993506971e-09
5.00490843241e-09	1.96045490952e-08
5.0085325316e-09	3.43730661712e-08
5.01215663079e-09	3.37982122289e-08
5.01578072997e-09	1.79123116339e-08
5.01940482916e-09	-6.86273882167e-09
5.02302892835e-09	-3.03091134413e-08
5.02665302753e-09	-4.26198027981e-08
5.03027712672e-09	-3.85321357044e-08
5.03390122591e-09	-1.96159941623e-08
5.0375253251e-09	6.30525853751e-09
5.04114942428e-09	2.83751884211e-08
5.04477352347e-09	3.72821524763e-08
5.04839762266e-09	2.92259798584e-08
5.05202172184e-09	7.55572227007e-09
5.05564582103e-09	-1.86052915296e-08
5.05926992022e-09	-3.82196745363e-08
5.0628940194e-09	-4.30030553389e-08
5.06651811859e-09	-3.09181444891e-08
5.07014221778e-09	-7.06508096471e-09
5.07376631696e-09	1.84667925396e-08
5.07739041615e-09	3.48485613699e-08
5.08101451534e-09	3.5078880245e-08
5.08463861453e-09	1.90006108625e-08
5.08826271371e-09	-6.58174847956e-09
5.0918868129e-09	-3.07520195975e-08
5.09551091209e-09	-4.3116365589e-08
5.09913501127e-09	-3.82913896146e-08
5.10275911046e-09	-1.82656343384e-08
5.10638320965e-09	8.39890024196e-09
5.11000730883e-09	3.02193718937e-08
5.11363140802e-09	3.77462257006e-08
5.11725550721e-09	2.76409650724e-08
5.12087960639e-09	4.14813605687e-09
5.12450370558e-09	-2.26908234424e-08
5.12812780477e-09	-4.13246574738e-08
5.13175190396e-09	-4.36215792377e-08
5.13537600314e-09	-2.83907013454e-08
5.13900010233e-09	-1.97164684579e-09
5.14262420152e-09	2.43888944595e-08
5.1462483007e-09	3.92785075576e-08
5.14987239989e-09	3.60412215628e-08
5.15349649908e-09	1.57400474876e-08
5.15712059826e-09	-1.3160743606e-08
5.16074469745e-09	-3.83006302229e-08
5.16436879664e-09	-4.8715563139e-08
5.16799289582e-09	-3.96139583358e-08
5.17161699501e-09	-1.45406424679e-08
5.1752410942e-09	1.6006886483e-08
5.17886519339e-09	3.89989516236e-08
5.18248929257e-09	4.44253167586e-08
5.18611339176e-09	2.96050775006e-08
5.18973749095e-09	4.48070136549e-10
5.19336159013e-09	-3.09236369844e-08
5.19698568932e-09	-5.12055002844e-08
5.20060978851e-09	-5.15155704761e-08
5.20423388769e-09	-3.12557872917e-08
5.20785798688e-09	1.46159517822e-09
5.21148208607e-09	3.30537517357e-08
5.21510618525e-09	5.01018426746e-08
5.21873028444e-09	4.50598705015e-08
5.22235438363e-09	1.95728091512e-08
5.22597848281e-09	-1.60334963084e-08
5.229602582e-09	-4.69659084956e-08
5.23322668119e-09	-6.01472223138e-08
5.23685078038e-09	-4.97328471738e-08
5.24047487956e-09	-1.96674783126e-08
5.24409897875e-09	1.78426855513e-08
5.24772307794e-09	4.73273118473e-08
5.25134717712e-09	5.64204505338e-08
5.25497127631e-09	4.10312175347e-08
5.2585953755e-09	7.14520487222e-09
5.26221947468e-09	-3.15258006367e-08
5.26584357387e-09	-5.90865170125e-08
5.26946767306e-09	-6.40072599367e-08
5.27309177224e-09	-4.39544081132e-08
5.27671587143e-09	-6.86567114272e-09
5.28033997062e-09	3.21994662045e-08
5.28396406981e-09	5.72206104721e-08
5.28758816899e-09	5.78218575242e-08
5.29121226818e-09	3.35726468847e-08
5.29483636737e-09	-5.78047743005e-09
5.29846046655e-09	-4.42869314554e-08
5.30208456574e-09	-6.62944188434e-08
5.30570866493e-09	-6.2817328228e-08
5.30933276411e-09	-3.51963933554e-08
5.3129568633e-09	5.45549427855e-09
5.31658096249e-09	4.27435509209e-08
5.32020506167e-09	6.16181168311e-08
5.32382916086e-09	5.44688596449e-08
5.32745326005e-09	2.41873348017e-08
5.33107735924e-09	-1.70032503632e-08
5.33470145842e-09	-5.250719326e-08
5.33832555761e-09	-6.80929659325e-08
5.3419496568e-09	-5.76167877853e-08
5.34557375598e-09	-2.5454394148e-08
5.34919785517e-09	1.53544839065e-08
5.35282195436e-09	4.84511737397e-08
5.35644605354e-09	6.07404260222e-08
5.36007015273e-09	4.75880526096e-08
5.36369425192e-09	1.45439082999e-08
5.3673183511e-09	-2.5036996476e-08
5.37094245029e-09	-5.5407149091e-08
5.37456654948e-09	-6.47159552614e-08
5.37819064866e-09	-4.96416987517e-08
5.38181474785e-09	-1.65472808789e-08
5.38543884704e-09	2.12055049076e-08
5.38906294623e-09	4.86834998981e-08
5.39268704541e-09	5.53222641031e-08
5.3963111446e-09	3.89980776561e-08
5.39993524379e-09	6.66335742139e-09
5.40355934297e-09	-2.8643379224e-08
5.40718344216e-09	-5.30911883345e-08
5.41080754135e-09	-5.74983296531e-08
5.41443164053e-09	-4.07752906995e-08
5.41805573972e-09	-1.00597894459e-08
5.42167983891e-09	2.23405205446e-08
5.42530393809e-09	4.38992877605e-08
5.42892803728e-09	4.67300544926e-08
5.43255213647e-09	3.04384251137e-08
5.43617623566e-09	1.98498306681e-09
5.43980033484e-09	-2.729279025e-08
5.44342443403e-09	-4.62300171478e-08
5.44704853322e-09	-4.80930637536e-08
5.4506726324e-09	-3.2954829976e-08
5.45429673159e-09	-7.32574223505e-09
5.45792083078e-09	1.86715354289e-08
5.46154492996e-09	3.53121833996e-08
5.46516902915e-09	3.69090393804e-08
5.46879312834e-09	2.36967263589e-08
5.47241722752e-09	1.35965716463e-09
5.47604132671e-09	-2.14066631088e-08
5.4796654259e-09	-3.62918370911e-08
5.48328952509e-09	-3.83830887074e-08
5.48691362427e-09	-2.77085412392e-08
5.49053772346e-09	-8.88457929449e-09
