0	-0.000112442
5.23522e-14	-0.000113417
1.04704e-13	-0.000114395
1.57057e-13	-0.000115377
2.09409e-13	-0.000116361
2.61761e-13	-0.000117349
3.14113e-13	-0.00011834
3.66466e-13	-0.000119333
4.18818e-13	-0.000120329
4.7117e-13	-0.000121328
5.23522e-13	-0.00012233
5.75874e-13	-0.000123334
6.28227e-13	-0.000124341
6.80579e-13	-0.00012535
7.32931e-13	-0.000126361
7.85283e-13	-0.000127374
8.37636e-13	-0.000128389
8.89988e-13	-0.000129406
9.4234e-13	-0.000130424
9.94692e-13	-0.000131445
1.04704e-12	-0.000132466
1.0994e-12	-0.000133489
1.15175e-12	-0.000134514
1.2041e-12	-0.000135539
1.25645e-12	-0.000136566
1.30881e-12	-0.000137593
1.36116e-12	-0.000138621
1.41351e-12	-0.000139649
1.46586e-12	-0.000140678
1.51821e-12	-0.000141707
1.57057e-12	-0.000142737
1.62292e-12	-0.000143766
1.67527e-12	-0.000144795
1.72762e-12	-0.000145823
1.77998e-12	-0.000146851
1.83233e-12	-0.000147879
1.88468e-12	-0.000148905
1.93703e-12	-0.000149931
1.98938e-12	-0.000150955
2.04174e-12	-0.000151977
2.09409e-12	-0.000152999
2.14644e-12	-0.000154018
2.19879e-12	-0.000155035
2.25115e-12	-0.000156051
2.3035e-12	-0.000157063
2.35585e-12	-0.000158074
2.4082e-12	-0.000159081
2.46055e-12	-0.000160085
2.51291e-12	-0.000161087
2.56526e-12	-0.000162084
2.61761e-12	-0.000163079
2.66996e-12	-0.000164069
2.72232e-12	-0.000165055
2.77467e-12	-0.000166037
2.82702e-12	-0.000167014
2.87937e-12	-0.000167987
2.93172e-12	-0.000168954
2.98408e-12	-0.000169916
3.03643e-12	-0.000170872
3.08878e-12	-0.000171823
3.14113e-12	-0.000172768
3.19349e-12	-0.000173706
3.24584e-12	-0.000174637
3.29819e-12	-0.000175562
3.35054e-12	-0.000176479
3.40289e-12	-0.000177389
3.45525e-12	-0.000178292
3.5076e-12	-0.000179186
3.55995e-12	-0.000180071
3.6123e-12	-0.000180949
3.66466e-12	-0.000181817
3.71701e-12	-0.000182676
3.76936e-12	-0.000183525
3.82171e-12	-0.000184364
3.87406e-12	-0.000185194
3.92642e-12	-0.000186012
3.97877e-12	-0.00018682
4.03112e-12	-0.000187616
4.08347e-12	-0.000188401
4.13583e-12	-0.000189174
4.18818e-12	-0.000189934
4.24053e-12	-0.000190682
4.29288e-12	-0.000191417
4.34523e-12	-0.000192138
4.39759e-12	-0.000192846
4.44994e-12	-0.000193539
4.50229e-12	-0.000194218
4.55464e-12	-0.000194882
4.607e-12	-0.00019553
4.65935e-12	-0.000196163
4.7117e-12	-0.000196779
4.76405e-12	-0.000197379
4.8164e-12	-0.000197962
4.86876e-12	-0.000198527
4.92111e-12	-0.000199074
4.97346e-12	-0.000199603
5.02581e-12	-0.000200114
5.07817e-12	-0.000200605
5.13052e-12	-0.000201076
5.18287e-12	-0.000201527
5.23522e-12	-0.000201958
5.28757e-12	-0.000202367
5.33993e-12	-0.000202755
5.39228e-12	-0.00020312
5.44463e-12	-0.000203463
5.49698e-12	-0.000203783
5.54934e-12	-0.00020408
5.60169e-12	-0.000204352
5.65404e-12	-0.000204599
5.70639e-12	-0.000204822
5.75874e-12	-0.000205018
5.8111e-12	-0.000205189
5.86345e-12	-0.000205332
5.9158e-12	-0.000205448
5.96815e-12	-0.000205536
6.02051e-12	-0.000205596
6.07286e-12	-0.000205627
6.12521e-12	-0.000205628
6.17756e-12	-0.000205598
6.22991e-12	-0.000205538
6.28227e-12	-0.000205446
6.33462e-12	-0.000205323
6.38697e-12	-0.000205166
6.43932e-12	-0.000204976
6.49168e-12	-0.000204752
6.54403e-12	-0.000204494
6.59638e-12	-0.0002042
6.64873e-12	-0.000203871
6.70108e-12	-0.000203504
6.75344e-12	-0.000203101
6.80579e-12	-0.000202659
6.85814e-12	-0.000202179
6.91049e-12	-0.00020166
6.96285e-12	-0.000201101
7.0152e-12	-0.0002005
7.06755e-12	-0.000199859
7.1199e-12	-0.000199175
7.17225e-12	-0.000198448
7.22461e-12	-0.000197678
7.27696e-12	-0.000196863
7.32931e-12	-0.000196003
7.38166e-12	-0.000195097
7.43402e-12	-0.000194144
7.48637e-12	-0.000193143
7.53872e-12	-0.000192095
7.59107e-12	-0.000190997
7.64343e-12	-0.000189849
7.69578e-12	-0.000188651
7.74813e-12	-0.000187401
7.80048e-12	-0.000186099
7.85283e-12	-0.000184743
7.90519e-12	-0.000183333
7.95754e-12	-0.000181869
8.00989e-12	-0.000180348
8.06224e-12	-0.000178771
8.1146e-12	-0.000177136
8.16695e-12	-0.000175443
8.2193e-12	-0.00017369
8.27165e-12	-0.000171877
8.324e-12	-0.000170002
8.37636e-12	-0.000168066
8.42871e-12	-0.000166066
8.48106e-12	-0.000164002
8.53341e-12	-0.000161874
8.58577e-12	-0.000159679
8.63812e-12	-0.000157417
8.69047e-12	-0.000155088
8.74282e-12	-0.000152689
8.79517e-12	-0.000150221
8.84753e-12	-0.000147681
8.89988e-12	-0.00014507
8.95223e-12	-0.000142385
9.00458e-12	-0.000139626
9.05694e-12	-0.000136793
9.10929e-12	-0.000133883
9.16164e-12	-0.000130895
9.21399e-12	-0.00012783
9.26634e-12	-0.000124685
9.3187e-12	-0.000121459
9.37105e-12	-0.000118152
9.4234e-12	-0.000114762
9.47575e-12	-0.000111289
9.52811e-12	-0.00010773
9.58046e-12	-0.000104085
9.63281e-12	-0.000100353
9.68516e-12	-9.65318e-05
9.73751e-12	-9.26214e-05
9.78987e-12	-8.86201e-05
9.84222e-12	-8.45267e-05
9.89457e-12	-8.03401e-05
9.94692e-12	-7.6059e-05
9.99928e-12	-7.16822e-05
1.00516e-11	-6.72084e-05
1.0104e-11	-6.26365e-05
1.01563e-11	-5.79651e-05
1.02087e-11	-5.31931e-05
1.0261e-11	-4.8319e-05
1.03134e-11	-4.33417e-05
1.03657e-11	-3.82598e-05
1.04181e-11	-3.30721e-05
1.04704e-11	-2.77772e-05
1.05228e-11	-2.23738e-05
1.05751e-11	-1.68605e-05
1.06275e-11	-1.12361e-05
1.06799e-11	-5.4991e-06
1.07322e-11	3.51775e-07
1.07846e-11	6.31793e-06
1.08369e-11	1.24007e-05
1.08893e-11	1.86016e-05
1.09416e-11	2.49219e-05
1.0994e-11	3.13631e-05
1.10463e-11	3.79266e-05
1.10987e-11	4.46139e-05
1.1151e-11	5.14263e-05
1.12034e-11	5.83653e-05
1.12557e-11	6.54324e-05
1.13081e-11	7.26291e-05
1.13604e-11	7.99569e-05
1.14128e-11	8.74172e-05
1.14651e-11	9.50115e-05
1.15175e-11	0.000102741
1.15698e-11	0.000110608
1.16222e-11	0.000118614
1.16745e-11	0.00012676
1.17269e-11	0.000135047
1.17793e-11	0.000143478
1.18316e-11	0.000152053
1.1884e-11	0.000160775
1.19363e-11	0.000169645
1.19887e-11	0.000178665
1.2041e-11	0.000187836
1.20934e-11	0.00019716
1.21457e-11	0.000206638
1.21981e-11	0.000216272
1.22504e-11	0.000226064
1.23028e-11	0.000236015
1.23551e-11	0.000246128
1.24075e-11	0.000256403
1.24598e-11	0.000266843
1.25122e-11	0.000277449
1.25645e-11	0.000288222
1.26169e-11	0.000299165
1.26692e-11	0.00031028
1.27216e-11	0.000321567
1.27739e-11	0.000333029
1.28263e-11	0.000344668
1.28786e-11	0.000356485
1.2931e-11	0.000368482
1.29834e-11	0.00038066
1.30357e-11	0.000393022
1.30881e-11	0.00040557
1.31404e-11	0.000418304
1.31928e-11	0.000431228
1.32451e-11	0.000444342
1.32975e-11	0.000457649
1.33498e-11	0.00047115
1.34022e-11	0.000484848
1.34545e-11	0.000498743
1.35069e-11	0.000512839
1.35592e-11	0.000527136
1.36116e-11	0.000541637
1.36639e-11	0.000556344
1.37163e-11	0.000571258
1.37686e-11	0.000586381
1.3821e-11	0.000601716
1.38733e-11	0.000617264
1.39257e-11	0.000633027
1.3978e-11	0.000649006
1.40304e-11	0.000665205
1.40827e-11	0.000681624
1.41351e-11	0.000698267
1.41875e-11	0.000715134
1.42398e-11	0.000732227
1.42922e-11	0.000749549
1.43445e-11	0.000767102
1.43969e-11	0.000784887
1.44492e-11	0.000802907
1.45016e-11	0.000821164
1.45539e-11	0.000839659
1.46063e-11	0.000858394
1.46586e-11	0.000877372
1.4711e-11	0.000896594
1.47633e-11	0.000916063
1.48157e-11	0.00093578
1.4868e-11	0.000955748
1.49204e-11	0.000975968
1.49727e-11	0.000996443
1.50251e-11	0.00101717
1.50774e-11	0.00103816
1.51298e-11	0.00105942
1.51821e-11	0.00108093
1.52345e-11	0.00110271
1.52869e-11	0.00112475
1.53392e-11	0.00114707
1.53916e-11	0.00116965
1.54439e-11	0.00119251
1.54963e-11	0.00121564
1.55486e-11	0.00123905
1.5601e-11	0.00126274
1.56533e-11	0.00128671
1.57057e-11	0.00131096
1.5758e-11	0.0013355
1.58104e-11	0.00136033
1.58627e-11	0.00138544
1.59151e-11	0.00141085
1.59674e-11	0.00143655
1.60198e-11	0.00146255
1.60721e-11	0.00148884
1.61245e-11	0.00151544
1.61768e-11	0.00154233
1.62292e-11	0.00156953
1.62815e-11	0.00159704
1.63339e-11	0.00162485
1.63862e-11	0.00165297
1.64386e-11	0.00168141
1.6491e-11	0.00171016
1.65433e-11	0.00173923
1.65957e-11	0.00176861
1.6648e-11	0.00179832
1.67004e-11	0.00182835
1.67527e-11	0.0018587
1.68051e-11	0.00188938
1.68574e-11	0.00192039
1.69098e-11	0.00195172
1.69621e-11	0.00198339
1.70145e-11	0.0020154
1.70668e-11	0.00204774
1.71192e-11	0.00208042
1.71715e-11	0.00211345
1.72239e-11	0.00214681
1.72762e-11	0.00218052
1.73286e-11	0.00221458
1.73809e-11	0.00224898
1.74333e-11	0.00228374
1.74856e-11	0.00231885
1.7538e-11	0.00235431
1.75903e-11	0.00239013
1.76427e-11	0.00242631
1.76951e-11	0.00246285
1.77474e-11	0.00249975
1.77998e-11	0.00253702
1.78521e-11	0.00257465
1.79045e-11	0.00261265
1.79568e-11	0.00265102
1.80092e-11	0.00268976
1.80615e-11	0.00272888
1.81139e-11	0.00276837
1.81662e-11	0.00280824
1.82186e-11	0.00284849
1.82709e-11	0.00288912
1.83233e-11	0.00293014
1.83756e-11	0.00297154
1.8428e-11	0.00301332
1.84803e-11	0.00305549
1.85327e-11	0.00309806
1.8585e-11	0.00314101
1.86374e-11	0.00318436
1.86897e-11	0.00322811
1.87421e-11	0.00327225
1.87944e-11	0.00331679
1.88468e-11	0.00336173
1.88992e-11	0.00340707
1.89515e-11	0.00345282
1.90039e-11	0.00349897
1.90562e-11	0.00354553
1.91086e-11	0.00359249
1.91609e-11	0.00363987
1.92133e-11	0.00368766
1.92656e-11	0.00373586
1.9318e-11	0.00378447
1.93703e-11	0.0038335
1.94227e-11	0.00388295
1.9475e-11	0.00393282
1.95274e-11	0.0039831
1.95797e-11	0.00403381
1.96321e-11	0.00408494
1.96844e-11	0.0041365
1.97368e-11	0.00418848
1.97891e-11	0.00424088
1.98415e-11	0.00429372
1.98938e-11	0.00434698
1.99462e-11	0.00440068
1.99986e-11	0.0044548
2.00509e-11	0.00450936
2.01033e-11	0.00456436
2.01556e-11	0.00461978
2.0208e-11	0.00467565
2.02603e-11	0.00473195
2.03127e-11	0.00478869
2.0365e-11	0.00484586
2.04174e-11	0.00490348
2.04697e-11	0.00496154
2.05221e-11	0.00502004
2.05744e-11	0.00507898
2.06268e-11	0.00513836
2.06791e-11	0.00519819
2.07315e-11	0.00525847
2.07838e-11	0.00531918
2.08362e-11	0.00538035
2.08885e-11	0.00544196
2.09409e-11	0.00550402
2.09932e-11	0.00556653
2.10456e-11	0.00562948
2.10979e-11	0.00569288
2.11503e-11	0.00575674
2.12027e-11	0.00582104
2.1255e-11	0.00588579
2.13074e-11	0.00595099
2.13597e-11	0.00601665
2.14121e-11	0.00608275
2.14644e-11	0.0061493
2.15168e-11	0.00621631
2.15691e-11	0.00628377
2.16215e-11	0.00635167
2.16738e-11	0.00642003
2.17262e-11	0.00648884
2.17785e-11	0.0065581
2.18309e-11	0.00662781
2.18832e-11	0.00669797
2.19356e-11	0.00676859
2.19879e-11	0.00683965
2.20403e-11	0.00691116
2.20926e-11	0.00698312
2.2145e-11	0.00705553
2.21973e-11	0.00712839
2.22497e-11	0.0072017
2.2302e-11	0.00727545
2.23544e-11	0.00734966
2.24068e-11	0.0074243
2.24591e-11	0.00749939
2.25115e-11	0.00757493
2.25638e-11	0.00765091
2.26162e-11	0.00772733
2.26685e-11	0.0078042
2.27209e-11	0.0078815
2.27732e-11	0.00795924
2.28256e-11	0.00803743
2.28779e-11	0.00811605
2.29303e-11	0.0081951
2.29826e-11	0.00827459
2.3035e-11	0.00835451
2.30873e-11	0.00843486
2.31397e-11	0.00851565
2.3192e-11	0.00859686
2.32444e-11	0.0086785
2.32967e-11	0.00876056
2.33491e-11	0.00884305
2.34014e-11	0.00892595
2.34538e-11	0.00900928
2.35061e-11	0.00909302
2.35585e-11	0.00917718
2.36109e-11	0.00926175
2.36632e-11	0.00934674
2.37156e-11	0.00943213
2.37679e-11	0.00951792
2.38203e-11	0.00960413
2.38726e-11	0.00969073
2.3925e-11	0.00977773
2.39773e-11	0.00986512
2.40297e-11	0.00995291
2.4082e-11	0.0100411
2.41344e-11	0.0101297
2.41867e-11	0.0102186
2.42391e-11	0.0103079
2.42914e-11	0.0103977
2.43438e-11	0.0104877
2.43961e-11	0.0105782
2.44485e-11	0.010669
2.45008e-11	0.0107602
2.45532e-11	0.0108518
2.46055e-11	0.0109437
2.46579e-11	0.0110359
2.47103e-11	0.0111286
2.47626e-11	0.0112215
2.4815e-11	0.0113148
2.48673e-11	0.0114085
2.49197e-11	0.0115024
2.4972e-11	0.0115967
2.50244e-11	0.0116914
2.50767e-11	0.0117863
2.51291e-11	0.0118816
2.51814e-11	0.0119772
2.52338e-11	0.012073
2.52861e-11	0.0121692
2.53385e-11	0.0122657
2.53908e-11	0.0123625
2.54432e-11	0.0124596
2.54955e-11	0.0125569
2.55479e-11	0.0126545
2.56002e-11	0.0127524
2.56526e-11	0.0128506
2.57049e-11	0.012949
2.57573e-11	0.0130477
2.58096e-11	0.0131466
2.5862e-11	0.0132458
2.59144e-11	0.0133452
2.59667e-11	0.0134448
2.60191e-11	0.0135447
2.60714e-11	0.0136448
2.61238e-11	0.0137451
2.61761e-11	0.0138456
2.62285e-11	0.0139463
2.62808e-11	0.0140472
2.63332e-11	0.0141482
2.63855e-11	0.0142495
2.64379e-11	0.0143509
2.64902e-11	0.0144525
2.65426e-11	0.0145543
2.65949e-11	0.0146562
2.66473e-11	0.0147582
2.66996e-11	0.0148604
2.6752e-11	0.0149627
2.68043e-11	0.0150651
2.68567e-11	0.0151676
2.6909e-11	0.0152703
2.69614e-11	0.015373
2.70137e-11	0.0154758
2.70661e-11	0.0155787
2.71185e-11	0.0156817
2.71708e-11	0.0157847
2.72232e-11	0.0158878
2.72755e-11	0.0159909
2.73279e-11	0.016094
2.73802e-11	0.0161972
2.74326e-11	0.0163004
2.74849e-11	0.0164036
2.75373e-11	0.0165068
2.75896e-11	0.01661
2.7642e-11	0.0167132
2.76943e-11	0.0168163
2.77467e-11	0.0169194
2.7799e-11	0.0170224
2.78514e-11	0.0171254
2.79037e-11	0.0172283
2.79561e-11	0.0173311
2.80084e-11	0.0174338
2.80608e-11	0.0175364
2.81131e-11	0.0176389
2.81655e-11	0.0177413
2.82178e-11	0.0178436
2.82702e-11	0.0179456
2.83226e-11	0.0180476
2.83749e-11	0.0181493
2.84273e-11	0.0182509
2.84796e-11	0.0183523
2.8532e-11	0.0184534
2.85843e-11	0.0185544
2.86367e-11	0.0186551
2.8689e-11	0.0187556
2.87414e-11	0.0188558
2.87937e-11	0.0189557
2.88461e-11	0.0190554
2.88984e-11	0.0191547
2.89508e-11	0.0192538
2.90031e-11	0.0193525
2.90555e-11	0.0194509
2.91078e-11	0.019549
2.91602e-11	0.0196467
2.92125e-11	0.019744
2.92649e-11	0.0198409
2.93172e-11	0.0199374
2.93696e-11	0.0200335
2.9422e-11	0.0201292
2.94743e-11	0.0202244
2.95267e-11	0.0203192
2.9579e-11	0.0204135
2.96314e-11	0.0205073
2.96837e-11	0.0206006
2.97361e-11	0.0206934
2.97884e-11	0.0207856
2.98408e-11	0.0208773
2.98931e-11	0.0209684
2.99455e-11	0.0210589
2.99978e-11	0.0211489
3.00502e-11	0.0212382
3.01025e-11	0.0213269
3.01549e-11	0.021415
3.02072e-11	0.0215023
3.02596e-11	0.0215891
3.03119e-11	0.0216751
3.03643e-11	0.0217604
3.04166e-11	0.0218449
3.0469e-11	0.0219287
3.05213e-11	0.0220118
3.05737e-11	0.0220941
3.06261e-11	0.0221756
3.06784e-11	0.0222562
3.07308e-11	0.022336
3.07831e-11	0.022415
3.08355e-11	0.0224931
3.08878e-11	0.0225703
3.09402e-11	0.0226466
3.09925e-11	0.022722
3.10449e-11	0.0227964
3.10972e-11	0.0228699
3.11496e-11	0.0229424
3.12019e-11	0.0230138
3.12543e-11	0.0230843
3.13066e-11	0.0231537
3.1359e-11	0.0232221
3.14113e-11	0.0232894
3.14637e-11	0.0233555
3.1516e-11	0.0234206
3.15684e-11	0.0234845
3.16207e-11	0.0235473
3.16731e-11	0.0236089
3.17254e-11	0.0236692
3.17778e-11	0.0237284
3.18302e-11	0.0237863
3.18825e-11	0.023843
3.19349e-11	0.0238983
3.19872e-11	0.0239524
3.20396e-11	0.0240051
3.20919e-11	0.0240565
3.21443e-11	0.0241065
3.21966e-11	0.0241551
3.2249e-11	0.0242023
3.23013e-11	0.0242481
3.23537e-11	0.0242924
3.2406e-11	0.0243352
3.24584e-11	0.0243765
3.25107e-11	0.0244163
3.25631e-11	0.0244546
3.26154e-11	0.0244913
3.26678e-11	0.0245264
3.27201e-11	0.0245598
3.27725e-11	0.0245916
3.28248e-11	0.0246218
3.28772e-11	0.0246503
3.29296e-11	0.024677
3.29819e-11	0.024702
3.30343e-11	0.0247253
3.30866e-11	0.0247468
3.3139e-11	0.0247665
3.31913e-11	0.0247843
3.32437e-11	0.0248003
3.3296e-11	0.0248144
3.33484e-11	0.0248266
3.34007e-11	0.0248368
3.34531e-11	0.0248451
3.35054e-11	0.0248515
3.35578e-11	0.0248558
3.36101e-11	0.0248581
3.36625e-11	0.0248583
3.37148e-11	0.0248565
3.37672e-11	0.0248525
3.38195e-11	0.0248464
3.38719e-11	0.0248382
3.39242e-11	0.0248277
3.39766e-11	0.0248151
3.40289e-11	0.0248002
3.40813e-11	0.0247831
3.41337e-11	0.0247636
3.4186e-11	0.0247419
3.42384e-11	0.0247178
3.42907e-11	0.0246913
3.43431e-11	0.0246624
3.43954e-11	0.0246312
3.44478e-11	0.0245974
3.45001e-11	0.0245612
3.45525e-11	0.0245225
3.46048e-11	0.0244812
3.46572e-11	0.0244374
3.47095e-11	0.024391
3.47619e-11	0.024342
3.48142e-11	0.0242904
3.48666e-11	0.024236
3.49189e-11	0.024179
3.49713e-11	0.0241193
3.50236e-11	0.0240568
3.5076e-11	0.0239915
3.51283e-11	0.0239234
3.51807e-11	0.0238524
3.5233e-11	0.0237786
3.52854e-11	0.023702
3.53378e-11	0.0236223
3.53901e-11	0.0235398
3.54425e-11	0.0234542
3.54948e-11	0.0233657
3.55472e-11	0.0232741
3.55995e-11	0.0231794
3.56519e-11	0.0230816
3.57042e-11	0.0229807
3.57566e-11	0.0228767
3.58089e-11	0.0227695
3.58613e-11	0.0226591
3.59136e-11	0.0225454
3.5966e-11	0.0224284
3.60183e-11	0.0223082
3.60707e-11	0.0221846
3.6123e-11	0.0220577
3.61754e-11	0.0219274
3.62277e-11	0.0217937
3.62801e-11	0.0216565
3.63324e-11	0.0215158
3.63848e-11	0.0213717
3.64371e-11	0.021224
3.64895e-11	0.0210727
3.65419e-11	0.0209179
3.65942e-11	0.0207594
3.66466e-11	0.0205973
3.66989e-11	0.0204315
3.67513e-11	0.020262
3.68036e-11	0.0200887
3.6856e-11	0.0199117
3.69083e-11	0.0197308
3.69607e-11	0.0195462
3.7013e-11	0.0193577
3.70654e-11	0.0191652
3.71177e-11	0.0189689
3.71701e-11	0.0187686
3.72224e-11	0.0185644
3.72748e-11	0.0183561
3.73271e-11	0.0181438
3.73795e-11	0.0179274
3.74318e-11	0.017707
3.74842e-11	0.0174824
3.75365e-11	0.0172536
3.75889e-11	0.0170207
3.76413e-11	0.0167835
3.76936e-11	0.0165421
3.7746e-11	0.0162964
3.77983e-11	0.0160464
3.78507e-11	0.0157921
3.7903e-11	0.0155335
3.79554e-11	0.0152704
3.80077e-11	0.0150029
3.80601e-11	0.014731
3.81124e-11	0.0144545
3.81648e-11	0.0141736
3.82171e-11	0.0138881
3.82695e-11	0.0135981
3.83218e-11	0.0133035
3.83742e-11	0.0130042
3.84265e-11	0.0127003
3.84789e-11	0.0123918
3.85312e-11	0.0120785
3.85836e-11	0.0117604
3.86359e-11	0.0114376
3.86883e-11	0.01111
3.87406e-11	0.0107776
3.8793e-11	0.0104403
3.88454e-11	0.0100982
3.88977e-11	0.00975114
3.89501e-11	0.00939915
3.90024e-11	0.00904219
3.90548e-11	0.00868025
3.91071e-11	0.00831329
3.91595e-11	0.00794128
3.92118e-11	0.0075642
3.92642e-11	0.00718202
3.93165e-11	0.00679472
3.93689e-11	0.00640226
3.94212e-11	0.00600463
3.94736e-11	0.00560178
3.95259e-11	0.00519371
3.95783e-11	0.00478037
3.96306e-11	0.00436176
3.9683e-11	0.00393783
3.97353e-11	0.00350856
3.97877e-11	0.00307393
3.984e-11	0.00263392
3.98924e-11	0.00218849
3.99447e-11	0.00173763
3.99971e-11	0.0012813
4.00495e-11	0.000819486
4.01018e-11	0.00035216
4.01542e-11	-0.000120703
4.02065e-11	-0.000599125
4.02589e-11	-0.00108313
4.03112e-11	-0.00157275
4.03636e-11	-0.00206799
4.04159e-11	-0.00256889
4.04683e-11	-0.00307547
4.05206e-11	-0.00358775
4.0573e-11	-0.00410575
4.06253e-11	-0.00462949
4.06777e-11	-0.00515901
4.073e-11	-0.00569431
4.07824e-11	-0.00623543
4.08347e-11	-0.00678238
4.08871e-11	-0.00733518
4.09394e-11	-0.00789386
4.09918e-11	-0.00845843
4.10441e-11	-0.00902892
4.10965e-11	-0.00960535
4.11488e-11	-0.0101877
4.12012e-11	-0.0107761
4.12536e-11	-0.0113704
4.13059e-11	-0.0119708
4.13583e-11	-0.0125772
4.14106e-11	-0.0131897
4.1463e-11	-0.0138082
4.15153e-11	-0.0144328
4.15677e-11	-0.0150635
4.162e-11	-0.0157004
4.16724e-11	-0.0163434
4.17247e-11	-0.0169925
4.17771e-11	-0.0176478
4.18294e-11	-0.0183093
4.18818e-11	-0.018977
4.19341e-11	-0.0196509
4.19865e-11	-0.0203311
4.20388e-11	-0.0210175
4.20912e-11	-0.0217102
4.21435e-11	-0.0224092
4.21959e-11	-0.0231144
4.22482e-11	-0.023826
4.23006e-11	-0.0245438
4.2353e-11	-0.025268
4.24053e-11	-0.0259986
4.24577e-11	-0.0267355
4.251e-11	-0.0274788
4.25624e-11	-0.0282284
4.26147e-11	-0.0289845
4.26671e-11	-0.0297469
4.27194e-11	-0.0305158
4.27718e-11	-0.0312911
4.28241e-11	-0.0320728
4.28765e-11	-0.0328609
4.29288e-11	-0.0336555
4.29812e-11	-0.0344565
4.30335e-11	-0.035264
4.30859e-11	-0.036078
4.31382e-11	-0.0368985
4.31906e-11	-0.0377254
4.32429e-11	-0.0385588
4.32953e-11	-0.0393987
4.33476e-11	-0.0402451
4.34e-11	-0.0410981
4.34523e-11	-0.0419575
4.35047e-11	-0.0428234
4.35571e-11	-0.0436959
4.36094e-11	-0.0445748
4.36618e-11	-0.0454603
4.37141e-11	-0.0463523
4.37665e-11	-0.0472508
4.38188e-11	-0.0481559
4.38712e-11	-0.0490674
4.39235e-11	-0.0499855
4.39759e-11	-0.0509101
4.40282e-11	-0.0518413
4.40806e-11	-0.0527789
4.41329e-11	-0.0537231
4.41853e-11	-0.0546738
4.42376e-11	-0.055631
4.429e-11	-0.0565947
4.43423e-11	-0.0575649
4.43947e-11	-0.0585416
4.4447e-11	-0.0595248
4.44994e-11	-0.0605145
4.45517e-11	-0.0615107
4.46041e-11	-0.0625133
4.46564e-11	-0.0635224
4.47088e-11	-0.064538
4.47612e-11	-0.06556
4.48135e-11	-0.0665885
4.48659e-11	-0.0676234
4.49182e-11	-0.0686647
4.49706e-11	-0.0697125
4.50229e-11	-0.0707666
4.50753e-11	-0.0718271
4.51276e-11	-0.072894
4.518e-11	-0.0739673
4.52323e-11	-0.0750469
4.52847e-11	-0.0761329
4.5337e-11	-0.0772251
4.53894e-11	-0.0783237
4.54417e-11	-0.0794286
4.54941e-11	-0.0805397
4.55464e-11	-0.0816571
4.55988e-11	-0.0827808
4.56511e-11	-0.0839106
4.57035e-11	-0.0850467
4.57558e-11	-0.0861889
4.58082e-11	-0.0873373
4.58606e-11	-0.0884919
4.59129e-11	-0.0896525
4.59653e-11	-0.0908193
4.60176e-11	-0.0919921
4.607e-11	-0.093171
4.61223e-11	-0.0943559
4.61747e-11	-0.0955468
4.6227e-11	-0.0967437
4.62794e-11	-0.0979466
4.63317e-11	-0.0991553
4.63841e-11	-0.10037
4.64364e-11	-0.101591
4.64888e-11	-0.102817
4.65411e-11	-0.104049
4.65935e-11	-0.105287
4.66458e-11	-0.106531
4.66982e-11	-0.10778
4.67505e-11	-0.109035
4.68029e-11	-0.110296
4.68552e-11	-0.111563
4.69076e-11	-0.112835
4.69599e-11	-0.114112
4.70123e-11	-0.115395
4.70647e-11	-0.116684
4.7117e-11	-0.117978
4.71694e-11	-0.119277
4.72217e-11	-0.120582
4.72741e-11	-0.121892
4.73264e-11	-0.123207
4.73788e-11	-0.124528
4.74311e-11	-0.125854
4.74835e-11	-0.127185
4.75358e-11	-0.128521
4.75882e-11	-0.129862
4.76405e-11	-0.131209
4.76929e-11	-0.13256
4.77452e-11	-0.133916
4.77976e-11	-0.135277
4.78499e-11	-0.136643
4.79023e-11	-0.138014
4.79546e-11	-0.13939
4.8007e-11	-0.14077
4.80593e-11	-0.142155
4.81117e-11	-0.143545
4.8164e-11	-0.144939
4.82164e-11	-0.146337
4.82688e-11	-0.147741
4.83211e-11	-0.149148
4.83735e-11	-0.15056
4.84258e-11	-0.151976
4.84782e-11	-0.153397
4.85305e-11	-0.154821
4.85829e-11	-0.15625
4.86352e-11	-0.157683
4.86876e-11	-0.15912
4.87399e-11	-0.16056
4.87923e-11	-0.162005
4.88446e-11	-0.163454
4.8897e-11	-0.164906
4.89493e-11	-0.166362
4.90017e-11	-0.167822
4.9054e-11	-0.169285
4.91064e-11	-0.170752
4.91587e-11	-0.172222
4.92111e-11	-0.173696
4.92634e-11	-0.175173
4.93158e-11	-0.176653
4.93681e-11	-0.178136
4.94205e-11	-0.179623
4.94729e-11	-0.181113
4.95252e-11	-0.182605
4.95776e-11	-0.184101
4.96299e-11	-0.185599
4.96823e-11	-0.1871
4.97346e-11	-0.188604
4.9787e-11	-0.190111
4.98393e-11	-0.19162
4.98917e-11	-0.193131
4.9944e-11	-0.194645
4.99964e-11	-0.196161
5.00487e-11	-0.19768
5.01011e-11	-0.1992
5.01534e-11	-0.200723
5.02058e-11	-0.202248
5.02581e-11	-0.203774
5.03105e-11	-0.205303
5.03628e-11	-0.206833
5.04152e-11	-0.208365
5.04675e-11	-0.209899
5.05199e-11	-0.211434
5.05723e-11	-0.21297
5.06246e-11	-0.214508
5.0677e-11	-0.216048
5.07293e-11	-0.217588
5.07817e-11	-0.219129
5.0834e-11	-0.220672
5.08864e-11	-0.222215
5.09387e-11	-0.223759
5.09911e-11	-0.225304
5.10434e-11	-0.22685
5.10958e-11	-0.228396
5.11481e-11	-0.229942
5.12005e-11	-0.231489
5.12528e-11	-0.233036
5.13052e-11	-0.234584
5.13575e-11	-0.236131
5.14099e-11	-0.237678
5.14622e-11	-0.239226
5.15146e-11	-0.240773
5.15669e-11	-0.24232
5.16193e-11	-0.243866
5.16716e-11	-0.245412
5.1724e-11	-0.246957
5.17764e-11	-0.248502
5.18287e-11	-0.250046
5.18811e-11	-0.251589
5.19334e-11	-0.25313
5.19858e-11	-0.254671
5.20381e-11	-0.256211
5.20905e-11	-0.257749
5.21428e-11	-0.259286
5.21952e-11	-0.260821
5.22475e-11	-0.262355
5.22999e-11	-0.263887
5.23522e-11	-0.265417
5.24046e-11	-0.266945
5.24569e-11	-0.268471
5.25093e-11	-0.269995
5.25616e-11	-0.271517
5.2614e-11	-0.273036
5.26663e-11	-0.274553
5.27187e-11	-0.276067
5.2771e-11	-0.277578
5.28234e-11	-0.279087
5.28757e-11	-0.280593
5.29281e-11	-0.282095
5.29805e-11	-0.283595
5.30328e-11	-0.285091
5.30852e-11	-0.286583
5.31375e-11	-0.288073
5.31899e-11	-0.289558
5.32422e-11	-0.29104
5.32946e-11	-0.292518
5.33469e-11	-0.293992
5.33993e-11	-0.295462
5.34516e-11	-0.296927
5.3504e-11	-0.298388
5.35563e-11	-0.299845
5.36087e-11	-0.301297
5.3661e-11	-0.302745
5.37134e-11	-0.304188
5.37657e-11	-0.305625
5.38181e-11	-0.307058
5.38704e-11	-0.308485
5.39228e-11	-0.309908
5.39751e-11	-0.311324
5.40275e-11	-0.312735
5.40798e-11	-0.314141
5.41322e-11	-0.31554
5.41846e-11	-0.316934
5.42369e-11	-0.318322
5.42893e-11	-0.319703
5.43416e-11	-0.321078
5.4394e-11	-0.322447
5.44463e-11	-0.323809
5.44987e-11	-0.325165
5.4551e-11	-0.326513
5.46034e-11	-0.327855
5.46557e-11	-0.32919
5.47081e-11	-0.330517
5.47604e-11	-0.331837
5.48128e-11	-0.33315
5.48651e-11	-0.334455
5.49175e-11	-0.335752
5.49698e-11	-0.337042
5.50222e-11	-0.338323
5.50745e-11	-0.339597
5.51269e-11	-0.340862
5.51792e-11	-0.342118
5.52316e-11	-0.343367
5.5284e-11	-0.344606
5.53363e-11	-0.345837
5.53887e-11	-0.347059
5.5441e-11	-0.348272
5.54934e-11	-0.349476
5.55457e-11	-0.35067
5.55981e-11	-0.351855
5.56504e-11	-0.353031
5.57028e-11	-0.354197
5.57551e-11	-0.355353
5.58075e-11	-0.356499
5.58598e-11	-0.357635
5.59122e-11	-0.35876
5.59645e-11	-0.359876
5.60169e-11	-0.36098
5.60692e-11	-0.362075
5.61216e-11	-0.363158
5.61739e-11	-0.364231
5.62263e-11	-0.365292
5.62786e-11	-0.366343
5.6331e-11	-0.367382
5.63833e-11	-0.368409
5.64357e-11	-0.369425
5.64881e-11	-0.37043
5.65404e-11	-0.371422
5.65928e-11	-0.372403
5.66451e-11	-0.373371
5.66975e-11	-0.374328
5.67498e-11	-0.375272
5.68022e-11	-0.376203
5.68545e-11	-0.377122
5.69069e-11	-0.378028
5.69592e-11	-0.378921
5.70116e-11	-0.379801
5.70639e-11	-0.380668
5.71163e-11	-0.381522
5.71686e-11	-0.382362
5.7221e-11	-0.383188
5.72733e-11	-0.384001
5.73257e-11	-0.384801
5.7378e-11	-0.385586
5.74304e-11	-0.386357
5.74827e-11	-0.387114
5.75351e-11	-0.387856
5.75874e-11	-0.388584
5.76398e-11	-0.389297
5.76922e-11	-0.389996
5.77445e-11	-0.39068
5.77969e-11	-0.391348
5.78492e-11	-0.392002
5.79016e-11	-0.39264
5.79539e-11	-0.393263
5.80063e-11	-0.393871
5.80586e-11	-0.394462
5.8111e-11	-0.395038
5.81633e-11	-0.395598
5.82157e-11	-0.396142
5.8268e-11	-0.39667
5.83204e-11	-0.397182
5.83727e-11	-0.397677
5.84251e-11	-0.398155
5.84774e-11	-0.398617
5.85298e-11	-0.399062
5.85821e-11	-0.399491
5.86345e-11	-0.399902
5.86868e-11	-0.400296
5.87392e-11	-0.400672
5.87915e-11	-0.401032
5.88439e-11	-0.401373
5.88963e-11	-0.401697
5.89486e-11	-0.402004
5.9001e-11	-0.402292
5.90533e-11	-0.402562
5.91057e-11	-0.402814
5.9158e-11	-0.403048
5.92104e-11	-0.403264
5.92627e-11	-0.403461
5.93151e-11	-0.403639
5.93674e-11	-0.403799
5.94198e-11	-0.40394
5.94721e-11	-0.404062
5.95245e-11	-0.404165
5.95768e-11	-0.404248
5.96292e-11	-0.404312
5.96815e-11	-0.404357
5.97339e-11	-0.404383
5.97862e-11	-0.404388
5.98386e-11	-0.404374
5.98909e-11	-0.404341
5.99433e-11	-0.404287
5.99957e-11	-0.404213
6.0048e-11	-0.404119
6.01004e-11	-0.404004
6.01527e-11	-0.40387
6.02051e-11	-0.403714
6.02574e-11	-0.403538
6.03098e-11	-0.403342
6.03621e-11	-0.403124
6.04145e-11	-0.402886
6.04668e-11	-0.402627
6.05192e-11	-0.402346
6.05715e-11	-0.402045
6.06239e-11	-0.401722
6.06762e-11	-0.401377
6.07286e-11	-0.401012
6.07809e-11	-0.400624
6.08333e-11	-0.400215
6.08856e-11	-0.399784
6.0938e-11	-0.399332
6.09903e-11	-0.398857
6.10427e-11	-0.39836
6.1095e-11	-0.397841
6.11474e-11	-0.3973
6.11998e-11	-0.396737
6.12521e-11	-0.396151
6.13045e-11	-0.395543
6.13568e-11	-0.394912
6.14092e-11	-0.394258
6.14615e-11	-0.393582
6.15139e-11	-0.392883
6.15662e-11	-0.392161
6.16186e-11	-0.391416
6.16709e-11	-0.390648
6.17233e-11	-0.389857
6.17756e-11	-0.389043
6.1828e-11	-0.388205
6.18803e-11	-0.387345
6.19327e-11	-0.38646
6.1985e-11	-0.385553
6.20374e-11	-0.384621
6.20897e-11	-0.383666
6.21421e-11	-0.382688
6.21944e-11	-0.381686
6.22468e-11	-0.38066
6.22991e-11	-0.37961
6.23515e-11	-0.378536
6.24039e-11	-0.377438
6.24562e-11	-0.376316
6.25086e-11	-0.37517
6.25609e-11	-0.374
6.26133e-11	-0.372806
6.26656e-11	-0.371587
6.2718e-11	-0.370344
6.27703e-11	-0.369077
6.28227e-11	-0.367785
6.2875e-11	-0.366469
6.29274e-11	-0.365128
6.29797e-11	-0.363763
6.30321e-11	-0.362373
6.30844e-11	-0.360959
6.31368e-11	-0.35952
6.31891e-11	-0.358056
6.32415e-11	-0.356568
6.32938e-11	-0.355054
6.33462e-11	-0.353516
6.33985e-11	-0.351953
6.34509e-11	-0.350366
6.35033e-11	-0.348753
6.35556e-11	-0.347115
6.3608e-11	-0.345453
6.36603e-11	-0.343765
6.37127e-11	-0.342053
6.3765e-11	-0.340315
6.38174e-11	-0.338552
6.38697e-11	-0.336765
6.39221e-11	-0.334952
6.39744e-11	-0.333114
6.40268e-11	-0.331251
6.40791e-11	-0.329363
6.41315e-11	-0.32745
6.41838e-11	-0.325511
6.42362e-11	-0.323548
6.42885e-11	-0.321559
6.43409e-11	-0.319545
6.43932e-11	-0.317506
6.44456e-11	-0.315442
6.44979e-11	-0.313353
6.45503e-11	-0.311238
6.46026e-11	-0.309099
6.4655e-11	-0.306934
6.47074e-11	-0.304744
6.47597e-11	-0.302529
6.48121e-11	-0.300289
6.48644e-11	-0.298023
6.49168e-11	-0.295733
6.49691e-11	-0.293418
6.50215e-11	-0.291077
6.50738e-11	-0.288711
6.51262e-11	-0.286321
6.51785e-11	-0.283905
6.52309e-11	-0.281465
6.52832e-11	-0.278999
6.53356e-11	-0.276509
6.53879e-11	-0.273994
6.54403e-11	-0.271454
6.54926e-11	-0.268889
6.5545e-11	-0.266299
6.55973e-11	-0.263684
6.56497e-11	-0.261045
6.5702e-11	-0.258381
6.57544e-11	-0.255693
6.58067e-11	-0.25298
6.58591e-11	-0.250242
6.59115e-11	-0.24748
6.59638e-11	-0.244694
6.60162e-11	-0.241883
6.60685e-11	-0.239047
6.61209e-11	-0.236188
6.61732e-11	-0.233304
6.62256e-11	-0.230396
6.62779e-11	-0.227464
6.63303e-11	-0.224508
6.63826e-11	-0.221528
6.6435e-11	-0.218524
6.64873e-11	-0.215496
6.65397e-11	-0.212445
6.6592e-11	-0.20937
6.66444e-11	-0.206271
6.66967e-11	-0.203148
6.67491e-11	-0.200002
6.68014e-11	-0.196833
6.68538e-11	-0.19364
6.69061e-11	-0.190424
6.69585e-11	-0.187185
6.70108e-11	-0.183923
6.70632e-11	-0.180638
6.71156e-11	-0.17733
6.71679e-11	-0.173999
6.72203e-11	-0.170646
6.72726e-11	-0.16727
6.7325e-11	-0.163871
6.73773e-11	-0.16045
6.74297e-11	-0.157007
6.7482e-11	-0.153541
6.75344e-11	-0.150053
6.75867e-11	-0.146544
6.76391e-11	-0.143012
6.76914e-11	-0.139459
6.77438e-11	-0.135884
6.77961e-11	-0.132287
6.78485e-11	-0.128669
6.79008e-11	-0.125029
6.79532e-11	-0.121369
6.80055e-11	-0.117687
6.80579e-11	-0.113984
6.81102e-11	-0.110261
6.81626e-11	-0.106516
6.8215e-11	-0.102751
6.82673e-11	-0.0989661
6.83197e-11	-0.0951604
6.8372e-11	-0.0913344
6.84244e-11	-0.0874884
6.84767e-11	-0.0836225
6.85291e-11	-0.0797367
6.85814e-11	-0.0758313
6.86338e-11	-0.0719064
6.86861e-11	-0.0679621
6.87385e-11	-0.0639985
6.87908e-11	-0.0600159
6.88432e-11	-0.0560144
6.88955e-11	-0.051994
6.89479e-11	-0.047955
6.90002e-11	-0.0438975
6.90526e-11	-0.0398217
6.91049e-11	-0.0357278
6.91573e-11	-0.0316158
6.92096e-11	-0.0274859
6.9262e-11	-0.0233384
6.93143e-11	-0.0191733
6.93667e-11	-0.0149909
6.94191e-11	-0.0107912
6.94714e-11	-0.00657454
6.95238e-11	-0.00234101
6.95761e-11	0.00190922
6.96285e-11	0.00617596
6.96808e-11	0.010459
6.97332e-11	0.0147583
6.97855e-11	0.0190735
6.98379e-11	0.0234046
6.98902e-11	0.0277513
6.99426e-11	0.0321134
6.99949e-11	0.0364908
7.00473e-11	0.0408833
7.00996e-11	0.0452906
7.0152e-11	0.0497127
7.02043e-11	0.0541493
7.02567e-11	0.0586002
7.0309e-11	0.0630652
7.03614e-11	0.0675442
7.04137e-11	0.0720369
7.04661e-11	0.0765431
7.05184e-11	0.0810627
7.05708e-11	0.0855954
7.06232e-11	0.0901411
7.06755e-11	0.0946995
7.07279e-11	0.0992704
7.07802e-11	0.103854
7.08326e-11	0.108449
7.08849e-11	0.113056
7.09373e-11	0.117675
7.09896e-11	0.122306
7.1042e-11	0.126948
7.10943e-11	0.1316
7.11467e-11	0.136264
7.1199e-11	0.140938
7.12514e-11	0.145623
7.13037e-11	0.150318
7.13561e-11	0.155023
7.14084e-11	0.159738
7.14608e-11	0.164462
7.15131e-11	0.169195
7.15655e-11	0.173938
7.16178e-11	0.178689
7.16702e-11	0.183449
7.17225e-11	0.188218
7.17749e-11	0.192994
7.18273e-11	0.197779
7.18796e-11	0.202571
7.1932e-11	0.207371
7.19843e-11	0.212178
7.20367e-11	0.216991
7.2089e-11	0.221812
7.21414e-11	0.226639
7.21937e-11	0.231473
7.22461e-11	0.236313
7.22984e-11	0.241158
7.23508e-11	0.246009
7.24031e-11	0.250865
7.24555e-11	0.255727
7.25078e-11	0.260593
7.25602e-11	0.265464
7.26125e-11	0.270339
7.26649e-11	0.275218
7.27172e-11	0.280101
7.27696e-11	0.284988
7.28219e-11	0.289878
7.28743e-11	0.294771
7.29267e-11	0.299667
7.2979e-11	0.304566
7.30314e-11	0.309467
7.30837e-11	0.31437
7.31361e-11	0.319275
7.31884e-11	0.324181
7.32408e-11	0.329089
7.32931e-11	0.333998
7.33455e-11	0.338907
7.33978e-11	0.343818
7.34502e-11	0.348728
7.35025e-11	0.353639
7.35549e-11	0.358549
7.36072e-11	0.363459
7.36596e-11	0.368368
7.37119e-11	0.373277
7.37643e-11	0.378184
7.38166e-11	0.383089
7.3869e-11	0.387993
7.39213e-11	0.392894
7.39737e-11	0.397794
7.4026e-11	0.40269
7.40784e-11	0.407584
7.41308e-11	0.412475
7.41831e-11	0.417362
7.42355e-11	0.422246
7.42878e-11	0.427126
7.43402e-11	0.432002
7.43925e-11	0.436873
7.44449e-11	0.44174
7.44972e-11	0.446601
7.45496e-11	0.451458
7.46019e-11	0.456309
7.46543e-11	0.461154
7.47066e-11	0.465993
7.4759e-11	0.470826
7.48113e-11	0.475652
7.48637e-11	0.480471
7.4916e-11	0.485284
7.49684e-11	0.490089
7.50207e-11	0.494886
7.50731e-11	0.499676
7.51254e-11	0.504457
7.51778e-11	0.50923
7.52301e-11	0.513994
7.52825e-11	0.518749
7.53349e-11	0.523495
7.53872e-11	0.528231
7.54396e-11	0.532958
7.54919e-11	0.537674
7.55443e-11	0.542381
7.55966e-11	0.547076
7.5649e-11	0.551761
7.57013e-11	0.556435
7.57537e-11	0.561097
7.5806e-11	0.565748
7.58584e-11	0.570387
7.59107e-11	0.575013
7.59631e-11	0.579628
7.60154e-11	0.584229
7.60678e-11	0.588817
7.61201e-11	0.593393
7.61725e-11	0.597954
7.62248e-11	0.602502
7.62772e-11	0.607036
7.63295e-11	0.611556
7.63819e-11	0.616061
7.64343e-11	0.620551
7.64866e-11	0.625027
7.6539e-11	0.629487
7.65913e-11	0.633931
7.66437e-11	0.638359
7.6696e-11	0.642772
7.67484e-11	0.647168
7.68007e-11	0.651547
7.68531e-11	0.655909
7.69054e-11	0.660255
7.69578e-11	0.664582
7.70101e-11	0.668893
7.70625e-11	0.673185
7.71148e-11	0.677459
7.71672e-11	0.681715
7.72195e-11	0.685952
7.72719e-11	0.69017
7.73242e-11	0.694369
7.73766e-11	0.698549
7.74289e-11	0.702709
7.74813e-11	0.706849
7.75336e-11	0.710969
7.7586e-11	0.715068
7.76384e-11	0.719147
7.76907e-11	0.723205
7.77431e-11	0.727242
7.77954e-11	0.731257
7.78478e-11	0.735251
7.79001e-11	0.739223
7.79525e-11	0.743173
7.80048e-11	0.7471
7.80572e-11	0.751005
7.81095e-11	0.754887
7.81619e-11	0.758747
7.82142e-11	0.762582
7.82666e-11	0.766395
7.83189e-11	0.770183
7.83713e-11	0.773948
7.84236e-11	0.777689
7.8476e-11	0.781405
7.85283e-11	0.785096
7.85807e-11	0.788763
7.8633e-11	0.792404
7.86854e-11	0.79602
7.87377e-11	0.799611
7.87901e-11	0.803176
7.88425e-11	0.806715
7.88948e-11	0.810228
7.89472e-11	0.813714
7.89995e-11	0.817174
7.90519e-11	0.820607
7.91042e-11	0.824013
7.91566e-11	0.827391
7.92089e-11	0.830742
7.92613e-11	0.834066
7.93136e-11	0.837362
7.9366e-11	0.840629
7.94183e-11	0.843869
7.94707e-11	0.84708
7.9523e-11	0.850262
7.95754e-11	0.853416
7.96277e-11	0.85654
7.96801e-11	0.859635
7.97324e-11	0.862701
7.97848e-11	0.865737
7.98371e-11	0.868743
7.98895e-11	0.87172
7.99418e-11	0.874666
7.99942e-11	0.877582
8.00466e-11	0.880467
8.00989e-11	0.883322
8.01513e-11	0.886145
8.02036e-11	0.888938
8.0256e-11	0.891699
8.03083e-11	0.894429
8.03607e-11	0.897127
8.0413e-11	0.899794
8.04654e-11	0.902429
8.05177e-11	0.905031
8.05701e-11	0.907602
8.06224e-11	0.91014
8.06748e-11	0.912645
8.07271e-11	0.915118
8.07795e-11	0.917557
8.08318e-11	0.919964
8.08842e-11	0.922338
8.09365e-11	0.924678
8.09889e-11	0.926985
8.10412e-11	0.929258
8.10936e-11	0.931498
8.1146e-11	0.933703
8.11983e-11	0.935875
8.12507e-11	0.938012
8.1303e-11	0.940115
8.13554e-11	0.942183
8.14077e-11	0.944218
8.14601e-11	0.946217
8.15124e-11	0.948181
8.15648e-11	0.950111
8.16171e-11	0.952005
8.16695e-11	0.953865
8.17218e-11	0.955689
8.17742e-11	0.957477
8.18265e-11	0.95923
8.18789e-11	0.960948
8.19312e-11	0.962629
8.19836e-11	0.964275
8.20359e-11	0.965885
8.20883e-11	0.967459
8.21406e-11	0.968996
8.2193e-11	0.970498
8.22453e-11	0.971963
8.22977e-11	0.973391
8.23501e-11	0.974783
8.24024e-11	0.976139
8.24548e-11	0.977458
8.25071e-11	0.97874
8.25595e-11	0.979985
8.26118e-11	0.981193
8.26642e-11	0.982364
8.27165e-11	0.983498
8.27689e-11	0.984595
8.28212e-11	0.985654
8.28736e-11	0.986676
8.29259e-11	0.987661
8.29783e-11	0.988609
8.30306e-11	0.989519
8.3083e-11	0.990391
8.31353e-11	0.991226
8.31877e-11	0.992023
8.324e-11	0.992782
8.32924e-11	0.993504
8.33447e-11	0.994188
8.33971e-11	0.994834
8.34494e-11	0.995442
8.35018e-11	0.996012
8.35542e-11	0.996544
8.36065e-11	0.997039
8.36589e-11	0.997495
8.37112e-11	0.997913
8.37636e-11	0.998293
8.38159e-11	0.998635
8.38683e-11	0.998939
8.39206e-11	0.999204
8.3973e-11	0.999432
8.40253e-11	0.999621
8.40777e-11	0.999772
8.413e-11	0.999885
8.41824e-11	0.99996
8.42347e-11	0.999996
8.42871e-11	0.999994
8.43394e-11	0.999954
8.43918e-11	0.999876
8.44441e-11	0.99976
8.44965e-11	0.999605
8.45488e-11	0.999412
8.46012e-11	0.999181
8.46535e-11	0.998912
8.47059e-11	0.998605
8.47583e-11	0.998259
8.48106e-11	0.997876
8.4863e-11	0.997454
8.49153e-11	0.996995
8.49677e-11	0.996497
8.502e-11	0.995961
8.50724e-11	0.995388
8.51247e-11	0.994776
8.51771e-11	0.994126
8.52294e-11	0.993439
8.52818e-11	0.992714
8.53341e-11	0.991951
8.53865e-11	0.991151
8.54388e-11	0.990312
8.54912e-11	0.989436
8.55435e-11	0.988523
8.55959e-11	0.987572
8.56482e-11	0.986584
8.57006e-11	0.985558
8.57529e-11	0.984495
8.58053e-11	0.983395
8.58577e-11	0.982258
8.591e-11	0.981083
8.59624e-11	0.979872
8.60147e-11	0.978623
8.60671e-11	0.977338
8.61194e-11	0.976016
8.61718e-11	0.974657
8.62241e-11	0.973261
8.62765e-11	0.97183
8.63288e-11	0.970361
8.63812e-11	0.968856
8.64335e-11	0.967315
8.64859e-11	0.965738
8.65382e-11	0.964125
8.65906e-11	0.962476
8.66429e-11	0.960791
8.66953e-11	0.95907
8.67476e-11	0.957314
8.68e-11	0.955522
8.68523e-11	0.953695
8.69047e-11	0.951833
8.6957e-11	0.949935
8.70094e-11	0.948002
8.70618e-11	0.946034
8.71141e-11	0.944032
8.71665e-11	0.941995
8.72188e-11	0.939923
8.72712e-11	0.937817
8.73235e-11	0.935676
8.73759e-11	0.933502
8.74282e-11	0.931293
8.74806e-11	0.92905
8.75329e-11	0.926774
8.75853e-11	0.924464
8.76376e-11	0.922121
8.769e-11	0.919744
8.77423e-11	0.917334
8.77947e-11	0.914892
8.7847e-11	0.912416
8.78994e-11	0.909907
8.79517e-11	0.907367
8.80041e-11	0.904793
8.80564e-11	0.902188
8.81088e-11	0.89955
8.81611e-11	0.89688
8.82135e-11	0.894179
8.82659e-11	0.891446
8.83182e-11	0.888682
8.83706e-11	0.885887
8.84229e-11	0.88306
8.84753e-11	0.880203
8.85276e-11	0.877315
8.858e-11	0.874396
8.86323e-11	0.871447
8.86847e-11	0.868468
8.8737e-11	0.865459
8.87894e-11	0.86242
8.88417e-11	0.859352
8.88941e-11	0.856254
8.89464e-11	0.853127
8.89988e-11	0.84997
8.90511e-11	0.846786
8.91035e-11	0.843572
8.91558e-11	0.84033
8.92082e-11	0.83706
8.92605e-11	0.833761
8.93129e-11	0.830435
8.93652e-11	0.827081
8.94176e-11	0.8237
8.947e-11	0.820292
8.95223e-11	0.816856
8.95747e-11	0.813394
8.9627e-11	0.809905
8.96794e-11	0.80639
8.97317e-11	0.802849
8.97841e-11	0.799282
8.98364e-11	0.795689
8.98888e-11	0.79207
8.99411e-11	0.788426
8.99935e-11	0.784757
9.00458e-11	0.781064
9.00982e-11	0.777345
9.01505e-11	0.773603
9.02029e-11	0.769836
9.02552e-11	0.766045
9.03076e-11	0.76223
9.03599e-11	0.758392
9.04123e-11	0.754531
9.04646e-11	0.750647
9.0517e-11	0.74674
9.05694e-11	0.74281
9.06217e-11	0.738858
9.06741e-11	0.734884
9.07264e-11	0.730889
9.07788e-11	0.726871
9.08311e-11	0.722832
9.08835e-11	0.718773
9.09358e-11	0.714692
9.09882e-11	0.71059
9.10405e-11	0.706469
9.10929e-11	0.702327
9.11452e-11	0.698165
9.11976e-11	0.693984
9.12499e-11	0.689783
9.13023e-11	0.685563
9.13546e-11	0.681324
9.1407e-11	0.677067
9.14593e-11	0.672791
9.15117e-11	0.668497
9.1564e-11	0.664185
9.16164e-11	0.659855
9.16687e-11	0.655509
9.17211e-11	0.651145
9.17735e-11	0.646764
9.18258e-11	0.642366
9.18782e-11	0.637952
9.19305e-11	0.633523
9.19829e-11	0.629077
9.20352e-11	0.624615
9.20876e-11	0.620139
9.21399e-11	0.615647
9.21923e-11	0.611141
9.22446e-11	0.60662
9.2297e-11	0.602085
9.23493e-11	0.597535
9.24017e-11	0.592972
9.2454e-11	0.588396
9.25064e-11	0.583806
9.25587e-11	0.579203
9.26111e-11	0.574588
9.26634e-11	0.56996
9.27158e-11	0.565321
9.27681e-11	0.560669
9.28205e-11	0.556005
9.28728e-11	0.551331
9.29252e-11	0.546645
9.29776e-11	0.541948
9.30299e-11	0.537241
9.30823e-11	0.532523
9.31346e-11	0.527796
9.3187e-11	0.523059
9.32393e-11	0.518312
9.32917e-11	0.513556
9.3344e-11	0.508791
9.33964e-11	0.504017
9.34487e-11	0.499235
9.35011e-11	0.494445
9.35534e-11	0.489647
9.36058e-11	0.484841
9.36581e-11	0.480028
9.37105e-11	0.475208
9.37628e-11	0.470381
9.38152e-11	0.465548
9.38675e-11	0.460708
9.39199e-11	0.455862
9.39722e-11	0.451011
9.40246e-11	0.446154
9.4077e-11	0.441292
9.41293e-11	0.436425
9.41817e-11	0.431553
9.4234e-11	0.426677
9.42864e-11	0.421797
9.43387e-11	0.416913
9.43911e-11	0.412025
9.44434e-11	0.407134
9.44958e-11	0.40224
9.45481e-11	0.397343
9.46005e-11	0.392443
9.46528e-11	0.387542
9.47052e-11	0.382638
9.47575e-11	0.377732
9.48099e-11	0.372825
9.48622e-11	0.367917
9.49146e-11	0.363007
9.49669e-11	0.358097
9.50193e-11	0.353187
9.50716e-11	0.348276
9.5124e-11	0.343366
9.51763e-11	0.338456
9.52287e-11	0.333546
9.52811e-11	0.328637
9.53334e-11	0.323729
9.53858e-11	0.318823
9.54381e-11	0.313918
9.54905e-11	0.309016
9.55428e-11	0.304115
9.55952e-11	0.299216
9.56475e-11	0.294321
9.56999e-11	0.289428
9.57522e-11	0.284538
9.58046e-11	0.279652
9.58569e-11	0.274769
9.59093e-11	0.26989
9.59616e-11	0.265015
9.6014e-11	0.260145
9.60663e-11	0.255279
9.61187e-11	0.250418
9.6171e-11	0.245562
9.62234e-11	0.240712
9.62757e-11	0.235867
9.63281e-11	0.231028
9.63804e-11	0.226195
9.64328e-11	0.221368
9.64852e-11	0.216548
9.65375e-11	0.211735
9.65899e-11	0.206929
9.66422e-11	0.20213
9.66946e-11	0.197338
9.67469e-11	0.192554
9.67993e-11	0.187778
9.68516e-11	0.183011
9.6904e-11	0.178252
9.69563e-11	0.173501
9.70087e-11	0.168759
9.7061e-11	0.164027
9.71134e-11	0.159303
9.71657e-11	0.15459
9.72181e-11	0.149886
9.72704e-11	0.145192
9.73228e-11	0.140508
9.73751e-11	0.135835
9.74275e-11	0.131172
9.74798e-11	0.12652
9.75322e-11	0.121879
9.75845e-11	0.11725
9.76369e-11	0.112632
9.76893e-11	0.108026
9.77416e-11	0.103431
9.7794e-11	0.0988493
9.78463e-11	0.0942795
9.78987e-11	0.0897223
9.7951e-11	0.0851778
9.80034e-11	0.0806463
9.80557e-11	0.0761279
9.81081e-11	0.0716229
9.81604e-11	0.0671315
9.82128e-11	0.0626538
9.82651e-11	0.0581901
9.83175e-11	0.0537405
9.83698e-11	0.0493052
9.84222e-11	0.0448845
9.84745e-11	0.0404785
9.85269e-11	0.0360874
9.85792e-11	0.0317114
9.86316e-11	0.0273507
9.86839e-11	0.0230054
9.87363e-11	0.0186758
9.87887e-11	0.014362
9.8841e-11	0.0100643
9.88934e-11	0.00578267
9.89457e-11	0.00151744
9.89981e-11	-0.00273125
9.90504e-11	-0.00696324
9.91028e-11	-0.0111784
9.91551e-11	-0.0153764
9.92075e-11	-0.0195573
9.92598e-11	-0.0237207
9.93122e-11	-0.0278667
9.93645e-11	-0.0319949
9.94169e-11	-0.0361052
9.94692e-11	-0.0401975
9.95216e-11	-0.0442717
9.95739e-11	-0.0483274
9.96263e-11	-0.0523647
9.96786e-11	-0.0563833
9.9731e-11	-0.0603832
9.97833e-11	-0.064364
9.98357e-11	-0.0683258
9.9888e-11	-0.0722683
9.99404e-11	-0.0761915
9.99928e-11	-0.0800951
1.00045e-10	-0.083979
1.00097e-10	-0.0878431
1.0015e-10	-0.0916873
1.00202e-10	-0.0955114
1.00255e-10	-0.0993152
1.00307e-10	-0.103099
1.00359e-10	-0.106862
1.00412e-10	-0.110604
1.00464e-10	-0.114326
1.00516e-10	-0.118027
1.00569e-10	-0.121706
1.00621e-10	-0.125365
1.00673e-10	-0.129003
1.00726e-10	-0.132619
1.00778e-10	-0.136213
1.0083e-10	-0.139787
1.00883e-10	-0.143338
1.00935e-10	-0.146868
1.00987e-10	-0.150375
1.0104e-10	-0.153861
1.01092e-10	-0.157324
1.01145e-10	-0.160766
1.01197e-10	-0.164185
1.01249e-10	-0.167581
1.01302e-10	-0.170955
1.01354e-10	-0.174307
1.01406e-10	-0.177636
1.01459e-10	-0.180941
1.01511e-10	-0.184224
1.01563e-10	-0.187484
1.01616e-10	-0.190721
1.01668e-10	-0.193935
1.0172e-10	-0.197126
1.01773e-10	-0.200293
1.01825e-10	-0.203437
1.01877e-10	-0.206557
1.0193e-10	-0.209654
1.01982e-10	-0.212727
1.02034e-10	-0.215776
1.02087e-10	-0.218802
1.02139e-10	-0.221803
1.02192e-10	-0.224781
1.02244e-10	-0.227735
1.02296e-10	-0.230665
1.02349e-10	-0.233571
1.02401e-10	-0.236452
1.02453e-10	-0.239309
1.02506e-10	-0.242142
1.02558e-10	-0.244951
1.0261e-10	-0.247735
1.02663e-10	-0.250495
1.02715e-10	-0.253231
1.02767e-10	-0.255941
1.0282e-10	-0.258628
1.02872e-10	-0.261289
1.02924e-10	-0.263926
1.02977e-10	-0.266538
1.03029e-10	-0.269126
1.03082e-10	-0.271688
1.03134e-10	-0.274226
1.03186e-10	-0.276739
1.03239e-10	-0.279227
1.03291e-10	-0.28169
1.03343e-10	-0.284129
1.03396e-10	-0.286542
1.03448e-10	-0.28893
1.035e-10	-0.291293
1.03553e-10	-0.293632
1.03605e-10	-0.295945
1.03657e-10	-0.298233
1.0371e-10	-0.300496
1.03762e-10	-0.302734
1.03814e-10	-0.304946
1.03867e-10	-0.307134
1.03919e-10	-0.309297
1.03972e-10	-0.311434
1.04024e-10	-0.313546
1.04076e-10	-0.315633
1.04129e-10	-0.317695
1.04181e-10	-0.319732
1.04233e-10	-0.321743
1.04286e-10	-0.32373
1.04338e-10	-0.325691
1.0439e-10	-0.327627
1.04443e-10	-0.329538
1.04495e-10	-0.331424
1.04547e-10	-0.333284
1.046e-10	-0.33512
1.04652e-10	-0.33693
1.04704e-10	-0.338716
1.04757e-10	-0.340476
1.04809e-10	-0.342211
1.04862e-10	-0.343922
1.04914e-10	-0.345607
1.04966e-10	-0.347267
1.05019e-10	-0.348902
1.05071e-10	-0.350513
1.05123e-10	-0.352098
1.05176e-10	-0.353659
1.05228e-10	-0.355195
1.0528e-10	-0.356706
1.05333e-10	-0.358192
1.05385e-10	-0.359653
1.05437e-10	-0.36109
1.0549e-10	-0.362502
1.05542e-10	-0.36389
1.05594e-10	-0.365253
1.05647e-10	-0.366591
1.05699e-10	-0.367905
1.05751e-10	-0.369194
1.05804e-10	-0.370459
1.05856e-10	-0.3717
1.05909e-10	-0.372916
1.05961e-10	-0.374109
1.06013e-10	-0.375276
1.06066e-10	-0.37642
1.06118e-10	-0.37754
1.0617e-10	-0.378636
1.06223e-10	-0.379707
1.06275e-10	-0.380755
1.06327e-10	-0.381779
1.0638e-10	-0.382779
1.06432e-10	-0.383755
1.06484e-10	-0.384708
1.06537e-10	-0.385637
1.06589e-10	-0.386543
1.06641e-10	-0.387425
1.06694e-10	-0.388283
1.06746e-10	-0.389119
1.06799e-10	-0.389931
1.06851e-10	-0.39072
1.06903e-10	-0.391486
1.06956e-10	-0.392228
1.07008e-10	-0.392948
1.0706e-10	-0.393645
1.07113e-10	-0.394319
1.07165e-10	-0.394971
1.07217e-10	-0.395599
1.0727e-10	-0.396206
1.07322e-10	-0.396789
1.07374e-10	-0.397351
1.07427e-10	-0.39789
1.07479e-10	-0.398407
1.07531e-10	-0.398901
1.07584e-10	-0.399374
1.07636e-10	-0.399825
1.07689e-10	-0.400254
1.07741e-10	-0.400661
1.07793e-10	-0.401046
1.07846e-10	-0.40141
1.07898e-10	-0.401752
1.0795e-10	-0.402073
1.08003e-10	-0.402373
1.08055e-10	-0.402651
1.08107e-10	-0.402909
1.0816e-10	-0.403145
1.08212e-10	-0.403361
1.08264e-10	-0.403555
1.08317e-10	-0.403729
1.08369e-10	-0.403883
1.08421e-10	-0.404016
1.08474e-10	-0.404128
1.08526e-10	-0.40422
1.08579e-10	-0.404292
1.08631e-10	-0.404344
1.08683e-10	-0.404377
1.08736e-10	-0.404389
1.08788e-10	-0.404381
1.0884e-10	-0.404354
1.08893e-10	-0.404307
1.08945e-10	-0.404241
1.08997e-10	-0.404156
1.0905e-10	-0.404051
1.09102e-10	-0.403928
1.09154e-10	-0.403785
1.09207e-10	-0.403624
1.09259e-10	-0.403444
1.09311e-10	-0.403245
1.09364e-10	-0.403028
1.09416e-10	-0.402792
1.09469e-10	-0.402538
1.09521e-10	-0.402266
1.09573e-10	-0.401976
1.09626e-10	-0.401668
1.09678e-10	-0.401343
1.0973e-10	-0.400999
1.09783e-10	-0.400638
1.09835e-10	-0.40026
1.09887e-10	-0.399865
1.0994e-10	-0.399452
1.09992e-10	-0.399022
1.10044e-10	-0.398576
1.10097e-10	-0.398112
1.10149e-10	-0.397632
1.10201e-10	-0.397135
1.10254e-10	-0.396622
1.10306e-10	-0.396093
1.10358e-10	-0.395548
1.10411e-10	-0.394986
1.10463e-10	-0.394409
1.10516e-10	-0.393815
1.10568e-10	-0.393207
1.1062e-10	-0.392582
1.10673e-10	-0.391943
1.10725e-10	-0.391288
1.10777e-10	-0.390617
1.1083e-10	-0.389932
1.10882e-10	-0.389232
1.10934e-10	-0.388518
1.10987e-10	-0.387788
1.11039e-10	-0.387045
1.11091e-10	-0.386286
1.11144e-10	-0.385514
1.11196e-10	-0.384728
1.11248e-10	-0.383927
1.11301e-10	-0.383113
1.11353e-10	-0.382285
1.11406e-10	-0.381444
1.11458e-10	-0.380589
1.1151e-10	-0.379721
1.11563e-10	-0.378839
1.11615e-10	-0.377945
1.11667e-10	-0.377038
1.1172e-10	-0.376118
1.11772e-10	-0.375185
1.11824e-10	-0.37424
1.11877e-10	-0.373283
1.11929e-10	-0.372313
1.11981e-10	-0.371332
1.12034e-10	-0.370338
1.12086e-10	-0.369332
1.12138e-10	-0.368315
1.12191e-10	-0.367286
1.12243e-10	-0.366246
1.12296e-10	-0.365195
1.12348e-10	-0.364132
1.124e-10	-0.363059
1.12453e-10	-0.361974
1.12505e-10	-0.360879
1.12557e-10	-0.359773
1.1261e-10	-0.358657
1.12662e-10	-0.35753
1.12714e-10	-0.356394
1.12767e-10	-0.355247
1.12819e-10	-0.35409
1.12871e-10	-0.352923
1.12924e-10	-0.351747
1.12976e-10	-0.350561
1.13028e-10	-0.349365
1.13081e-10	-0.348161
1.13133e-10	-0.346947
1.13186e-10	-0.345724
1.13238e-10	-0.344493
1.1329e-10	-0.343252
1.13343e-10	-0.342003
1.13395e-10	-0.340746
1.13447e-10	-0.33948
1.135e-10	-0.338206
1.13552e-10	-0.336923
1.13604e-10	-0.335633
1.13657e-10	-0.334335
1.13709e-10	-0.333029
1.13761e-10	-0.331716
1.13814e-10	-0.330395
1.13866e-10	-0.329067
1.13918e-10	-0.327732
1.13971e-10	-0.32639
1.14023e-10	-0.32504
1.14076e-10	-0.323684
1.14128e-10	-0.322322
1.1418e-10	-0.320952
1.14233e-10	-0.319576
1.14285e-10	-0.318194
1.14337e-10	-0.316806
1.1439e-10	-0.315412
1.14442e-10	-0.314012
1.14494e-10	-0.312606
1.14547e-10	-0.311194
1.14599e-10	-0.309777
1.14651e-10	-0.308354
1.14704e-10	-0.306926
1.14756e-10	-0.305493
1.14808e-10	-0.304055
1.14861e-10	-0.302612
1.14913e-10	-0.301164
1.14965e-10	-0.299711
1.15018e-10	-0.298254
1.1507e-10	-0.296792
1.15123e-10	-0.295326
1.15175e-10	-0.293856
1.15227e-10	-0.292382
1.1528e-10	-0.290904
1.15332e-10	-0.289422
1.15384e-10	-0.287936
1.15437e-10	-0.286446
1.15489e-10	-0.284953
1.15541e-10	-0.283457
1.15594e-10	-0.281957
1.15646e-10	-0.280454
1.15698e-10	-0.278948
1.15751e-10	-0.277439
1.15803e-10	-0.275928
1.15855e-10	-0.274413
1.15908e-10	-0.272896
1.1596e-10	-0.271377
1.16013e-10	-0.269855
1.16065e-10	-0.268331
1.16117e-10	-0.266805
1.1617e-10	-0.265276
1.16222e-10	-0.263746
1.16274e-10	-0.262214
1.16327e-10	-0.26068
1.16379e-10	-0.259145
1.16431e-10	-0.257608
1.16484e-10	-0.256069
1.16536e-10	-0.25453
1.16588e-10	-0.252989
1.16641e-10	-0.251447
1.16693e-10	-0.249904
1.16745e-10	-0.24836
1.16798e-10	-0.246815
1.1685e-10	-0.24527
1.16903e-10	-0.243724
1.16955e-10	-0.242177
1.17007e-10	-0.240631
1.1706e-10	-0.239083
1.17112e-10	-0.237536
1.17164e-10	-0.235989
1.17217e-10	-0.234441
1.17269e-10	-0.232894
1.17321e-10	-0.231347
1.17374e-10	-0.2298
1.17426e-10	-0.228253
1.17478e-10	-0.226707
1.17531e-10	-0.225162
1.17583e-10	-0.223617
1.17635e-10	-0.222073
1.17688e-10	-0.22053
1.1774e-10	-0.218987
1.17793e-10	-0.217446
1.17845e-10	-0.215906
1.17897e-10	-0.214367
1.1795e-10	-0.212829
1.18002e-10	-0.211293
1.18054e-10	-0.209758
1.18107e-10	-0.208224
1.18159e-10	-0.206692
1.18211e-10	-0.205162
1.18264e-10	-0.203634
1.18316e-10	-0.202107
1.18368e-10	-0.200583
1.18421e-10	-0.19906
1.18473e-10	-0.19754
1.18525e-10	-0.196022
1.18578e-10	-0.194506
1.1863e-10	-0.192992
1.18682e-10	-0.191481
1.18735e-10	-0.189972
1.18787e-10	-0.188466
1.1884e-10	-0.186962
1.18892e-10	-0.185461
1.18944e-10	-0.183963
1.18997e-10	-0.182468
1.19049e-10	-0.180975
1.19101e-10	-0.179486
1.19154e-10	-0.178
1.19206e-10	-0.176517
1.19258e-10	-0.175037
1.19311e-10	-0.17356
1.19363e-10	-0.172087
1.19415e-10	-0.170617
1.19468e-10	-0.16915
1.1952e-10	-0.167687
1.19572e-10	-0.166228
1.19625e-10	-0.164772
1.19677e-10	-0.16332
1.1973e-10	-0.161872
1.19782e-10	-0.160428
1.19834e-10	-0.158987
1.19887e-10	-0.157551
1.19939e-10	-0.156118
1.19991e-10	-0.15469
1.20044e-10	-0.153266
1.20096e-10	-0.151846
1.20148e-10	-0.15043
1.20201e-10	-0.149018
1.20253e-10	-0.147611
1.20305e-10	-0.146208
1.20358e-10	-0.14481
1.2041e-10	-0.143417
1.20462e-10	-0.142027
1.20515e-10	-0.140643
1.20567e-10	-0.139263
1.2062e-10	-0.137888
1.20672e-10	-0.136517
1.20724e-10	-0.135152
1.20777e-10	-0.133791
1.20829e-10	-0.132435
1.20881e-10	-0.131085
1.20934e-10	-0.129739
1.20986e-10	-0.128398
1.21038e-10	-0.127062
1.21091e-10	-0.125732
1.21143e-10	-0.124406
1.21195e-10	-0.123086
1.21248e-10	-0.121771
1.213e-10	-0.120462
1.21352e-10	-0.119157
1.21405e-10	-0.117858
1.21457e-10	-0.116565
1.2151e-10	-0.115277
1.21562e-10	-0.113994
1.21614e-10	-0.112717
1.21667e-10	-0.111446
1.21719e-10	-0.11018
1.21771e-10	-0.10892
1.21824e-10	-0.107665
1.21876e-10	-0.106416
1.21928e-10	-0.105173
1.21981e-10	-0.103935
1.22033e-10	-0.102704
1.22085e-10	-0.101478
1.22138e-10	-0.100258
1.2219e-10	-0.0990439
1.22242e-10	-0.0978356
1.22295e-10	-0.0966333
1.22347e-10	-0.095437
1.224e-10	-0.0942466
1.22452e-10	-0.0930623
1.22504e-10	-0.0918839
1.22557e-10	-0.0907117
1.22609e-10	-0.0895455
1.22661e-10	-0.0883854
1.22714e-10	-0.0872314
1.22766e-10	-0.0860836
1.22818e-10	-0.0849419
1.22871e-10	-0.0838064
1.22923e-10	-0.0826771
1.22975e-10	-0.0815541
1.23028e-10	-0.0804372
1.2308e-10	-0.0793267
1.23132e-10	-0.0782224
1.23185e-10	-0.0771244
1.23237e-10	-0.0760327
1.23289e-10	-0.0749473
1.23342e-10	-0.0738683
1.23394e-10	-0.0727956
1.23447e-10	-0.0717293
1.23499e-10	-0.0706693
1.23551e-10	-0.0696158
1.23604e-10	-0.0685686
1.23656e-10	-0.0675279
1.23708e-10	-0.0664936
1.23761e-10	-0.0654657
1.23813e-10	-0.0644443
1.23865e-10	-0.0634293
1.23918e-10	-0.0624208
1.2397e-10	-0.0614187
1.24022e-10	-0.0604232
1.24075e-10	-0.0594341
1.24127e-10	-0.0584515
1.24179e-10	-0.0574753
1.24232e-10	-0.0565057
1.24284e-10	-0.0555426
1.24337e-10	-0.054586
1.24389e-10	-0.0536359
1.24441e-10	-0.0526924
1.24494e-10	-0.0517553
1.24546e-10	-0.0508248
1.24598e-10	-0.0499008
1.24651e-10	-0.0489833
1.24703e-10	-0.0480723
1.24755e-10	-0.0471679
1.24808e-10	-0.0462699
1.2486e-10	-0.0453785
1.24912e-10	-0.0444937
1.24965e-10	-0.0436153
1.25017e-10	-0.0427435
1.25069e-10	-0.0418781
1.25122e-10	-0.0410193
1.25174e-10	-0.040167
1.25227e-10	-0.0393212
1.25279e-10	-0.0384819
1.25331e-10	-0.037649
1.25384e-10	-0.0368227
1.25436e-10	-0.0360029
1.25488e-10	-0.0351895
1.25541e-10	-0.0343826
1.25593e-10	-0.0335821
1.25645e-10	-0.0327881
1.25698e-10	-0.0320006
1.2575e-10	-0.0312195
1.25802e-10	-0.0304448
1.25855e-10	-0.0296765
1.25907e-10	-0.0289147
1.25959e-10	-0.0281592
1.26012e-10	-0.0274101
1.26064e-10	-0.0266674
1.26117e-10	-0.0259311
1.26169e-10	-0.0252011
1.26221e-10	-0.0244775
1.26274e-10	-0.0237602
1.26326e-10	-0.0230493
1.26378e-10	-0.0223446
1.26431e-10	-0.0216462
1.26483e-10	-0.0209541
1.26535e-10	-0.0202683
1.26588e-10	-0.0195887
1.2664e-10	-0.0189153
1.26692e-10	-0.0182482
1.26745e-10	-0.0175872
1.26797e-10	-0.0169325
1.26849e-10	-0.0162839
1.26902e-10	-0.0156415
1.26954e-10	-0.0150052
1.27007e-10	-0.0143751
1.27059e-10	-0.013751
1.27111e-10	-0.0131331
1.27164e-10	-0.0125212
1.27216e-10	-0.0119153
1.27268e-10	-0.0113155
1.27321e-10	-0.0107217
1.27373e-10	-0.0101339
1.27425e-10	-0.00955206
1.27478e-10	-0.00897618
1.2753e-10	-0.00840624
1.27582e-10	-0.00784221
1.27635e-10	-0.00728407
1.27687e-10	-0.00673181
1.27739e-10	-0.0061854
1.27792e-10	-0.00564482
1.27844e-10	-0.00511004
1.27896e-10	-0.00458106
1.27949e-10	-0.00405784
1.28001e-10	-0.00354037
1.28054e-10	-0.00302862
1.28106e-10	-0.00252256
1.28158e-10	-0.00202219
1.28211e-10	-0.00152746
1.28263e-10	-0.00103836
1.28315e-10	-0.000554871
1.28368e-10	-7.69609e-05
1.2842e-10	0.000395391
1.28472e-10	0.000862209
1.28525e-10	0.00132352
1.28577e-10	0.00177934
1.28629e-10	0.0022297
1.28682e-10	0.00267463
1.28734e-10	0.00311415
1.28786e-10	0.00354828
1.28839e-10	0.00397706
1.28891e-10	0.0044005
1.28944e-10	0.00481863
1.28996e-10	0.00523148
1.29048e-10	0.00563907
1.29101e-10	0.00604143
1.29153e-10	0.00643859
1.29205e-10	0.00683057
1.29258e-10	0.0072174
1.2931e-10	0.00759911
1.29362e-10	0.00797572
1.29415e-10	0.00834726
1.29467e-10	0.00871376
1.29519e-10	0.00907524
1.29572e-10	0.00943174
1.29624e-10	0.00978328
1.29676e-10	0.0101299
1.29729e-10	0.0104716
1.29781e-10	0.0108084
1.29834e-10	0.0111404
1.29886e-10	0.0114675
1.29938e-10	0.0117899
1.29991e-10	0.0121075
1.30043e-10	0.0124203
1.30095e-10	0.0127285
1.30148e-10	0.013032
1.302e-10	0.0133308
1.30252e-10	0.013625
1.30305e-10	0.0139146
1.30357e-10	0.0141997
1.30409e-10	0.0144802
1.30462e-10	0.0147562
1.30514e-10	0.0150277
1.30566e-10	0.0152948
1.30619e-10	0.0155574
1.30671e-10	0.0158157
1.30724e-10	0.0160696
1.30776e-10	0.0163192
1.30828e-10	0.0165645
1.30881e-10	0.0168055
1.30933e-10	0.0170423
1.30985e-10	0.0172748
1.31038e-10	0.0175032
1.3109e-10	0.0177274
1.31142e-10	0.0179475
1.31195e-10	0.0181635
1.31247e-10	0.0183754
1.31299e-10	0.0185833
1.31352e-10	0.0187872
1.31404e-10	0.0189871
1.31456e-10	0.0191831
1.31509e-10	0.0193752
1.31561e-10	0.0195633
1.31613e-10	0.0197476
1.31666e-10	0.0199281
1.31718e-10	0.0201048
1.31771e-10	0.0202777
1.31823e-10	0.0204469
1.31875e-10	0.0206124
1.31928e-10	0.0207741
1.3198e-10	0.0209323
1.32032e-10	0.0210868
1.32085e-10	0.0212377
1.32137e-10	0.0213851
1.32189e-10	0.0215289
1.32242e-10	0.0216692
1.32294e-10	0.0218061
1.32346e-10	0.0219395
1.32399e-10	0.0220695
1.32451e-10	0.0221961
1.32503e-10	0.0223194
1.32556e-10	0.0224393
1.32608e-10	0.022556
1.32661e-10	0.0226693
1.32713e-10	0.0227795
1.32765e-10	0.0228864
1.32818e-10	0.0229902
1.3287e-10	0.0230908
1.32922e-10	0.0231882
1.32975e-10	0.0232826
1.33027e-10	0.0233739
1.33079e-10	0.0234622
1.33132e-10	0.0235475
1.33184e-10	0.0236298
1.33236e-10	0.0237091
1.33289e-10	0.0237856
1.33341e-10	0.0238591
1.33393e-10	0.0239298
1.33446e-10	0.0239976
1.33498e-10	0.0240626
1.33551e-10	0.0241249
1.33603e-10	0.0241844
1.33655e-10	0.0242411
1.33708e-10	0.0242952
1.3376e-10	0.0243466
1.33812e-10	0.0243954
1.33865e-10	0.0244416
1.33917e-10	0.0244851
1.33969e-10	0.0245262
1.34022e-10	0.0245646
1.34074e-10	0.0246006
1.34126e-10	0.0246341
1.34179e-10	0.0246652
1.34231e-10	0.0246938
1.34283e-10	0.0247201
1.34336e-10	0.024744
1.34388e-10	0.0247655
1.34441e-10	0.0247847
1.34493e-10	0.0248017
1.34545e-10	0.0248163
1.34598e-10	0.0248288
1.3465e-10	0.024839
1.34702e-10	0.0248471
1.34755e-10	0.024853
1.34807e-10	0.0248567
1.34859e-10	0.0248584
1.34912e-10	0.024858
1.34964e-10	0.0248555
1.35016e-10	0.024851
1.35069e-10	0.0248445
1.35121e-10	0.024836
1.35173e-10	0.0248255
1.35226e-10	0.0248132
1.35278e-10	0.0247989
1.35331e-10	0.0247827
1.35383e-10	0.0247647
1.35435e-10	0.0247449
1.35488e-10	0.0247232
1.3554e-10	0.0246998
1.35592e-10	0.0246746
1.35645e-10	0.0246477
1.35697e-10	0.0246191
1.35749e-10	0.0245888
1.35802e-10	0.0245568
1.35854e-10	0.0245232
1.35906e-10	0.024488
1.35959e-10	0.0244511
1.36011e-10	0.0244127
1.36063e-10	0.0243728
1.36116e-10	0.0243313
1.36168e-10	0.0242884
1.3622e-10	0.0242439
1.36273e-10	0.024198
1.36325e-10	0.0241507
1.36378e-10	0.024102
1.3643e-10	0.0240518
1.36482e-10	0.0240003
1.36535e-10	0.0239475
1.36587e-10	0.0238933
1.36639e-10	0.0238378
1.36692e-10	0.023781
1.36744e-10	0.023723
1.36796e-10	0.0236637
1.36849e-10	0.0236032
1.36901e-10	0.0235416
1.36953e-10	0.0234787
1.37006e-10	0.0234147
1.37058e-10	0.0233495
1.3711e-10	0.0232832
1.37163e-10	0.0232158
1.37215e-10	0.0231474
1.37268e-10	0.0230779
1.3732e-10	0.0230073
1.37372e-10	0.0229357
1.37425e-10	0.0228632
1.37477e-10	0.0227896
1.37529e-10	0.0227151
1.37582e-10	0.0226396
1.37634e-10	0.0225632
1.37686e-10	0.022486
1.37739e-10	0.0224078
1.37791e-10	0.0223287
1.37843e-10	0.0222488
1.37896e-10	0.0221681
1.37948e-10	0.0220865
1.38e-10	0.0220042
1.38053e-10	0.0219211
1.38105e-10	0.0218372
1.38158e-10	0.0217525
1.3821e-10	0.0216672
1.38262e-10	0.0215811
1.38315e-10	0.0214943
1.38367e-10	0.0214069
1.38419e-10	0.0213188
1.38472e-10	0.02123
1.38524e-10	0.0211406
1.38576e-10	0.0210506
1.38629e-10	0.02096
1.38681e-10	0.0208689
1.38733e-10	0.0207771
1.38786e-10	0.0206848
1.38838e-10	0.020592
1.3889e-10	0.0204987
1.38943e-10	0.0204048
1.38995e-10	0.0203105
1.39048e-10	0.0202157
1.391e-10	0.0201204
1.39152e-10	0.0200247
1.39205e-10	0.0199286
1.39257e-10	0.019832
1.39309e-10	0.019735
1.39362e-10	0.0196377
1.39414e-10	0.01954
1.39466e-10	0.0194419
1.39519e-10	0.0193435
1.39571e-10	0.0192447
1.39623e-10	0.0191456
1.39676e-10	0.0190462
1.39728e-10	0.0189465
1.3978e-10	0.0188466
1.39833e-10	0.0187463
1.39885e-10	0.0186458
1.39938e-10	0.0185451
1.3999e-10	0.0184441
1.40042e-10	0.0183429
1.40095e-10	0.0182415
1.40147e-10	0.01814
1.40199e-10	0.0180382
1.40252e-10	0.0179363
1.40304e-10	0.0178341
1.40356e-10	0.0177319
1.40409e-10	0.0176295
1.40461e-10	0.017527
1.40513e-10	0.0174244
1.40566e-10	0.0173216
1.40618e-10	0.0172188
1.4067e-10	0.0171159
1.40723e-10	0.0170129
1.40775e-10	0.0169099
1.40827e-10	0.0168068
1.4088e-10	0.0167037
1.40932e-10	0.0166005
1.40985e-10	0.0164973
1.41037e-10	0.0163941
1.41089e-10	0.0162909
1.41142e-10	0.0161877
1.41194e-10	0.0160845
1.41246e-10	0.0159814
1.41299e-10	0.0158783
1.41351e-10	0.0157752
1.41403e-10	0.0156722
1.41456e-10	0.0155692
1.41508e-10	0.0154663
1.4156e-10	0.0153635
1.41613e-10	0.0152608
1.41665e-10	0.0151582
1.41717e-10	0.0150557
1.4177e-10	0.0149533
1.41822e-10	0.014851
1.41875e-10	0.0147488
1.41927e-10	0.0146468
1.41979e-10	0.0145449
1.42032e-10	0.0144432
1.42084e-10	0.0143416
1.42136e-10	0.0142402
1.42189e-10	0.0141389
1.42241e-10	0.0140379
1.42293e-10	0.013937
1.42346e-10	0.0138363
1.42398e-10	0.0137358
1.4245e-10	0.0136356
1.42503e-10	0.0135355
1.42555e-10	0.0134357
1.42607e-10	0.013336
1.4266e-10	0.0132367
1.42712e-10	0.0131375
1.42765e-10	0.0130386
1.42817e-10	0.01294
1.42869e-10	0.0128416
1.42922e-10	0.0127434
1.42974e-10	0.0126455
1.43026e-10	0.0125479
1.43079e-10	0.0124506
1.43131e-10	0.0123536
1.43183e-10	0.0122568
1.43236e-10	0.0121604
1.43288e-10	0.0120642
1.4334e-10	0.0119684
1.43393e-10	0.0118728
1.43445e-10	0.0117776
1.43497e-10	0.0116826
1.4355e-10	0.011588
1.43602e-10	0.0114938
1.43655e-10	0.0113998
1.43707e-10	0.0113062
1.43759e-10	0.0112129
1.43812e-10	0.01112
1.43864e-10	0.0110274
1.43916e-10	0.0109352
1.43969e-10	0.0108433
1.44021e-10	0.0107518
1.44073e-10	0.0106607
1.44126e-10	0.0105699
1.44178e-10	0.0104794
1.4423e-10	0.0103894
1.44283e-10	0.0102997
1.44335e-10	0.0102104
1.44387e-10	0.0101215
1.4444e-10	0.010033
1.44492e-10	0.00994482
1.44544e-10	0.00985707
1.44597e-10	0.00976971
1.44649e-10	0.00968274
1.44702e-10	0.00959618
1.44754e-10	0.00951001
1.44806e-10	0.00942425
1.44859e-10	0.0093389
1.44911e-10	0.00925396
1.44963e-10	0.00916942
1.45016e-10	0.0090853
1.45068e-10	0.00900159
1.4512e-10	0.00891831
1.45173e-10	0.00883544
1.45225e-10	0.00875299
1.45277e-10	0.00867097
1.4533e-10	0.00858937
1.45382e-10	0.0085082
1.45434e-10	0.00842745
1.45487e-10	0.00834714
1.45539e-10	0.00826726
1.45592e-10	0.00818781
1.45644e-10	0.00810879
1.45696e-10	0.00803021
1.45749e-10	0.00795207
1.45801e-10	0.00787437
1.45853e-10	0.00779711
1.45906e-10	0.00772028
1.45958e-10	0.0076439
1.4601e-10	0.00756796
1.46063e-10	0.00749247
1.46115e-10	0.00741741
1.46167e-10	0.00734281
1.4622e-10	0.00726865
1.46272e-10	0.00719494
1.46324e-10	0.00712167
1.46377e-10	0.00704885
1.46429e-10	0.00697648
1.46482e-10	0.00690456
1.46534e-10	0.00683309
1.46586e-10	0.00676207
1.46639e-10	0.0066915
1.46691e-10	0.00662138
1.46743e-10	0.00655171
1.46796e-10	0.00648249
1.46848e-10	0.00641372
1.469e-10	0.00634541
1.46953e-10	0.00627754
1.47005e-10	0.00621012
1.47057e-10	0.00614316
1.4711e-10	0.00607665
1.47162e-10	0.00601059
1.47214e-10	0.00594498
1.47267e-10	0.00587981
1.47319e-10	0.0058151
1.47372e-10	0.00575084
1.47424e-10	0.00568703
1.47476e-10	0.00562367
1.47529e-10	0.00556076
1.47581e-10	0.00549829
1.47633e-10	0.00543627
1.47686e-10	0.0053747
1.47738e-10	0.00531358
1.4779e-10	0.0052529
1.47843e-10	0.00519267
1.47895e-10	0.00513288
1.47947e-10	0.00507354
1.48e-10	0.00501464
1.48052e-10	0.00495618
1.48104e-10	0.00489816
1.48157e-10	0.00484058
1.48209e-10	0.00478345
1.48262e-10	0.00472675
1.48314e-10	0.00467049
1.48366e-10	0.00461467
1.48419e-10	0.00455928
1.48471e-10	0.00450433
1.48523e-10	0.00444981
1.48576e-10	0.00439572
1.48628e-10	0.00434206
1.4868e-10	0.00428884
1.48733e-10	0.00423604
1.48785e-10	0.00418368
1.48837e-10	0.00413173
1.4889e-10	0.00408022
1.48942e-10	0.00402913
1.48994e-10	0.00397846
1.49047e-10	0.00392821
1.49099e-10	0.00387838
1.49151e-10	0.00382897
1.49204e-10	0.00377998
1.49256e-10	0.0037314
1.49309e-10	0.00368324
1.49361e-10	0.00363549
1.49413e-10	0.00358815
1.49466e-10	0.00354122
1.49518e-10	0.0034947
1.4957e-10	0.00344859
1.49623e-10	0.00340288
1.49675e-10	0.00335758
1.49727e-10	0.00331267
1.4978e-10	0.00326817
1.49832e-10	0.00322407
1.49884e-10	0.00318036
1.49937e-10	0.00313704
1.49989e-10	0.00309413
1.50041e-10	0.0030516
1.50094e-10	0.00300946
1.50146e-10	0.00296771
1.50199e-10	0.00292635
1.50251e-10	0.00288537
1.50303e-10	0.00284477
1.50356e-10	0.00280456
1.50408e-10	0.00276472
1.5046e-10	0.00272527
1.50513e-10	0.00268618
1.50565e-10	0.00264748
1.50617e-10	0.00260914
1.5067e-10	0.00257117
1.50722e-10	0.00253357
1.50774e-10	0.00249634
1.50827e-10	0.00245947
1.50879e-10	0.00242297
1.50931e-10	0.00238682
1.50984e-10	0.00235103
1.51036e-10	0.0023156
1.51089e-10	0.00228053
1.51141e-10	0.0022458
1.51193e-10	0.00221143
1.51246e-10	0.0021774
1.51298e-10	0.00214373
1.5135e-10	0.00211039
1.51403e-10	0.0020774
1.51455e-10	0.00204475
1.51507e-10	0.00201244
1.5156e-10	0.00198047
1.51612e-10	0.00194883
1.51664e-10	0.00191752
1.51717e-10	0.00188654
1.51769e-10	0.00185589
1.51821e-10	0.00182557
1.51874e-10	0.00179557
1.51926e-10	0.0017659
1.51979e-10	0.00173654
1.52031e-10	0.0017075
1.52083e-10	0.00167878
1.52136e-10	0.00165037
1.52188e-10	0.00162228
1.5224e-10	0.00159449
1.52293e-10	0.00156702
1.52345e-10	0.00153984
1.52397e-10	0.00151298
1.5245e-10	0.00148641
1.52502e-10	0.00146014
1.52554e-10	0.00143417
1.52607e-10	0.0014085
1.52659e-10	0.00138312
1.52711e-10	0.00135803
1.52764e-10	0.00133323
1.52816e-10	0.00130872
1.52869e-10	0.00128449
1.52921e-10	0.00126055
1.52973e-10	0.00123689
1.53026e-10	0.0012135
1.53078e-10	0.00119039
1.5313e-10	0.00116756
1.53183e-10	0.001145
1.53235e-10	0.00112271
1.53287e-10	0.00110069
1.5334e-10	0.00107894
1.53392e-10	0.00105745
1.53444e-10	0.00103622
1.53497e-10	0.00101526
1.53549e-10	0.000994549
1.53601e-10	0.000974097
1.53654e-10	0.0009539
1.53706e-10	0.000933955
1.53758e-10	0.000914261
1.53811e-10	0.000894815
1.53863e-10	0.000875615
1.53916e-10	0.00085666
1.53968e-10	0.000837947
1.5402e-10	0.000819474
1.54073e-10	0.000801239
1.54125e-10	0.000783241
1.54177e-10	0.000765477
1.5423e-10	0.000747946
1.54282e-10	0.000730645
1.54334e-10	0.000713572
1.54387e-10	0.000696726
1.54439e-10	0.000680104
1.54491e-10	0.000663705
1.54544e-10	0.000647527
1.54596e-10	0.000631567
1.54648e-10	0.000615824
1.54701e-10	0.000600296
1.54753e-10	0.000584981
1.54806e-10	0.000569877
1.54858e-10	0.000554982
1.5491e-10	0.000540295
1.54963e-10	0.000525812
1.55015e-10	0.000511534
1.55067e-10	0.000497457
1.5512e-10	0.000483579
1.55172e-10	0.0004699
1.55224e-10	0.000456417
1.55277e-10	0.000443127
1.55329e-10	0.000430031
1.55381e-10	0.000417125
1.55434e-10	0.000404407
1.55486e-10	0.000391877
1.55538e-10	0.000379532
1.55591e-10	0.00036737
1.55643e-10	0.00035539
1.55696e-10	0.00034359
1.55748e-10	0.000331967
1.558e-10	0.000320521
1.55853e-10	0.00030925
1.55905e-10	0.000298151
1.55957e-10	0.000287224
1.5601e-10	0.000276466
1.56062e-10	0.000265875
1.56114e-10	0.000255451
1.56167e-10	0.000245191
1.56219e-10	0.000235093
1.56271e-10	0.000225156
1.56324e-10	0.000215379
1.56376e-10	0.000205759
1.56428e-10	0.000196295
1.56481e-10	0.000186986
1.56533e-10	0.000177829
1.56586e-10	0.000168823
1.56638e-10	0.000159967
1.5669e-10	0.000151258
1.56743e-10	0.000142696
1.56795e-10	0.000134279
1.56847e-10	0.000126004
1.569e-10	0.000117872
1.56952e-10	0.000109879
1.57004e-10	0.000102024
1.57057e-10	9.43071e-05
1.57109e-10	8.67252e-05
1.57161e-10	7.92771e-05
1.57214e-10	7.19615e-05
1.57266e-10	6.47768e-05
1.57318e-10	5.77215e-05
1.57371e-10	5.07942e-05
1.57423e-10	4.39933e-05
1.57475e-10	3.73176e-05
1.57528e-10	3.07654e-05
1.5758e-10	2.43354e-05
1.57633e-10	1.80261e-05
1.57685e-10	1.18361e-05
1.57737e-10	5.76411e-06
1.5779e-10	-1.9138e-07
1.57842e-10	-6.03172e-06
1.57894e-10	-1.17583e-05
1.57947e-10	-1.73724e-05
1.57999e-10	-2.28755e-05
1.58051e-10	-2.82689e-05
1.58104e-10	-3.35539e-05
1.58156e-10	-3.87318e-05
1.58208e-10	-4.3804e-05
1.58261e-10	-4.87718e-05
1.58313e-10	-5.36364e-05
1.58365e-10	-5.83991e-05
1.58418e-10	-6.30613e-05
1.5847e-10	-6.76241e-05
1.58523e-10	-7.20889e-05
1.58575e-10	-7.64569e-05
1.58627e-10	-8.07292e-05
1.5868e-10	-8.49072e-05
1.58732e-10	-8.89921e-05
1.58784e-10	-9.2985e-05
1.58837e-10	-9.68871e-05
1.58889e-10	-0.0001007
1.58941e-10	-0.000104424
1.58994e-10	-0.000108061
1.59046e-10	-0.000111612
1.59098e-10	-0.000115078
1.59151e-10	-0.00011846
1.59203e-10	-0.00012176
1.59255e-10	-0.000124978
1.59308e-10	-0.000128115
1.5936e-10	-0.000131174
1.59413e-10	-0.000134154
1.59465e-10	-0.000137057
1.59517e-10	-0.000139883
1.5957e-10	-0.000142635
1.59622e-10	-0.000145313
1.59674e-10	-0.000147918
1.59727e-10	-0.000150451
1.59779e-10	-0.000152913
1.59831e-10	-0.000155305
1.59884e-10	-0.000157628
1.59936e-10	-0.000159884
1.59988e-10	-0.000162072
1.60041e-10	-0.000164195
1.60093e-10	-0.000166253
1.60145e-10	-0.000168247
1.60198e-10	-0.000170177
1.6025e-10	-0.000172046
1.60303e-10	-0.000173854
1.60355e-10	-0.000175601
1.60407e-10	-0.000177289
1.6046e-10	-0.000178918
1.60512e-10	-0.00018049
1.60564e-10	-0.000182006
1.60617e-10	-0.000183465
1.60669e-10	-0.00018487
1.60721e-10	-0.000186221
1.60774e-10	-0.000187518
1.60826e-10	-0.000188763
1.60878e-10	-0.000189957
1.60931e-10	-0.0001911
1.60983e-10	-0.000192193
1.61035e-10	-0.000193238
1.61088e-10	-0.000194233
1.6114e-10	-0.000195182
1.61193e-10	-0.000196084
1.61245e-10	-0.00019694
1.61297e-10	-0.00019775
1.6135e-10	-0.000198517
1.61402e-10	-0.00019924
1.61454e-10	-0.00019992
1.61507e-10	-0.000200557
1.61559e-10	-0.000201154
1.61611e-10	-0.000201709
1.61664e-10	-0.000202225
1.61716e-10	-0.000202702
1.61768e-10	-0.00020314
1.61821e-10	-0.00020354
1.61873e-10	-0.000203902
1.61925e-10	-0.000204229
1.61978e-10	-0.000204519
1.6203e-10	-0.000204774
1.62082e-10	-0.000204995
1.62135e-10	-0.000205182
1.62187e-10	-0.000205335
1.6224e-10	-0.000205456
1.62292e-10	-0.000205545
1.62344e-10	-0.000205602
1.62397e-10	-0.000205629
1.62449e-10	-0.000205625
1.62501e-10	-0.000205592
1.62554e-10	-0.000205529
1.62606e-10	-0.000205439
1.62658e-10	-0.00020532
1.62711e-10	-0.000205174
1.62763e-10	-0.000205001
1.62815e-10	-0.000204802
1.62868e-10	-0.000204578
1.6292e-10	-0.000204328
1.62972e-10	-0.000204053
1.63025e-10	-0.000203755
1.63077e-10	-0.000203433
1.6313e-10	-0.000203088
1.63182e-10	-0.00020272
1.63234e-10	-0.00020233
1.63287e-10	-0.000201919
1.63339e-10	-0.000201487
1.63391e-10	-0.000201034
1.63444e-10	-0.00020056
1.63496e-10	-0.000200068
1.63548e-10	-0.000199556
1.63601e-10	-0.000199025
1.63653e-10	-0.000198476
1.63705e-10	-0.000197909
1.63758e-10	-0.000197324
1.6381e-10	-0.000196723
1.63862e-10	-0.000196105
1.63915e-10	-0.000195471
1.63967e-10	-0.000194821
1.6402e-10	-0.000194156
1.64072e-10	-0.000193476
1.64124e-10	-0.000192781
1.64177e-10	-0.000192072
1.64229e-10	-0.00019135
1.64281e-10	-0.000190614
1.64334e-10	-0.000189865
1.64386e-10	-0.000189103
1.64438e-10	-0.000188329
1.64491e-10	-0.000187543
1.64543e-10	-0.000186746
1.64595e-10	-0.000185937
1.64648e-10	-0.000185118
1.647e-10	-0.000184288
1.64752e-10	-0.000183447
1.64805e-10	-0.000182597
1.64857e-10	-0.000181737
1.6491e-10	-0.000180868
1.64962e-10	-0.00017999
1.65014e-10	-0.000179104
1.65067e-10	-0.000178209
1.65119e-10	-0.000177306
1.65171e-10	-0.000176395
1.65224e-10	-0.000175477
1.65276e-10	-0.000174552
1.65328e-10	-0.00017362
1.65381e-10	-0.000172681
1.65433e-10	-0.000171736
1.65485e-10	-0.000170785
1.65538e-10	-0.000169828
1.6559e-10	-0.000168865
1.65642e-10	-0.000167897
1.65695e-10	-0.000166924
1.65747e-10	-0.000165947
1.65799e-10	-0.000164964
1.65852e-10	-0.000163978
1.65904e-10	-0.000162987
1.65957e-10	-0.000161993
1.66009e-10	-0.000160995
1.66061e-10	-0.000159993
1.66114e-10	-0.000158988
1.66166e-10	-0.000157981
1.66218e-10	-0.00015697
1.66271e-10	-0.000155957
1.66323e-10	-0.000154942
1.66375e-10	-0.000153924
1.66428e-10	-0.000152905
1.6648e-10	-0.000151883
1.66532e-10	-0.000150861
1.66585e-10	-0.000149836
1.66637e-10	-0.000148811
1.66689e-10	-0.000147784
1.66742e-10	-0.000146757
1.66794e-10	-0.000145729
1.66847e-10	-0.0001447
1.66899e-10	-0.000143671
1.66951e-10	-0.000142642
1.67004e-10	-0.000141613
1.67056e-10	-0.000140584
1.67108e-10	-0.000139555
1.67161e-10	-0.000138526
1.67213e-10	-0.000137498
1.67265e-10	-0.000136471
1.67318e-10	-0.000135445
1.6737e-10	-0.000134419
1.67422e-10	-0.000133395
1.67475e-10	-0.000132372
1.67527e-10	-0.000131351
1.67579e-10	-0.000130331
1.67632e-10	-0.000129312
1.67684e-10	-0.000128295
1.67737e-10	-0.00012728
1.67789e-10	-0.000126267
1.67841e-10	-0.000125257
1.67894e-10	-0.000124248
1.67946e-10	-0.000123242
1.67998e-10	-0.000122238
1.68051e-10	-0.000121236
1.68103e-10	-0.000120238
1.68155e-10	-0.000119242
1.68208e-10	-0.000118248
1.6826e-10	-0.000117258
1.68312e-10	-0.000116271
1.68365e-10	-0.000115286
1.68417e-10	-0.000114305
1.68469e-10	-0.000113327
