2.61761e-14	-0.000112929
7.85283e-14	-0.000113906
1.30881e-13	-0.000114886
1.83233e-13	-0.000115869
2.35585e-13	-0.000116855
2.87937e-13	-0.000117844
3.40289e-13	-0.000118836
3.92642e-13	-0.000119831
4.44994e-13	-0.000120829
4.97346e-13	-0.000121829
5.49698e-13	-0.000122832
6.02051e-13	-0.000123837
6.54403e-13	-0.000124845
7.06755e-13	-0.000125855
7.59107e-13	-0.000126867
8.1146e-13	-0.000127881
8.63812e-13	-0.000128897
9.16164e-13	-0.000129915
9.68516e-13	-0.000130934
1.02087e-12	-0.000131955
1.07322e-12	-0.000132978
1.12557e-12	-0.000134001
1.17793e-12	-0.000135026
1.23028e-12	-0.000136052
1.28263e-12	-0.000137079
1.33498e-12	-0.000138107
1.38733e-12	-0.000139135
1.43969e-12	-0.000140164
1.49204e-12	-0.000141193
1.54439e-12	-0.000142222
1.59674e-12	-0.000143251
1.6491e-12	-0.00014428
1.70145e-12	-0.000145309
1.7538e-12	-0.000146337
1.80615e-12	-0.000147365
1.8585e-12	-0.000148392
1.91086e-12	-0.000149418
1.96321e-12	-0.000150443
2.01556e-12	-0.000151466
2.06791e-12	-0.000152488
2.12027e-12	-0.000153509
2.17262e-12	-0.000154527
2.22497e-12	-0.000155543
2.27732e-12	-0.000156557
2.32967e-12	-0.000157569
2.38203e-12	-0.000158578
2.43438e-12	-0.000159584
2.48673e-12	-0.000160586
2.53908e-12	-0.000161586
2.59144e-12	-0.000162582
2.64379e-12	-0.000163574
2.69614e-12	-0.000164562
2.74849e-12	-0.000165547
2.80084e-12	-0.000166526
2.8532e-12	-0.000167501
2.90555e-12	-0.000168471
2.9579e-12	-0.000169436
3.01025e-12	-0.000170395
3.06261e-12	-0.000171348
3.11496e-12	-0.000172296
3.16731e-12	-0.000173237
3.21966e-12	-0.000174172
3.27201e-12	-0.0001751
3.32437e-12	-0.000176022
3.37672e-12	-0.000176935
3.42907e-12	-0.000177841
3.48142e-12	-0.00017874
3.53378e-12	-0.00017963
3.58613e-12	-0.000180511
3.63848e-12	-0.000181384
3.69083e-12	-0.000182247
3.74318e-12	-0.000183102
3.79554e-12	-0.000183946
3.84789e-12	-0.00018478
3.90024e-12	-0.000185604
3.95259e-12	-0.000186417
4.00495e-12	-0.000187219
4.0573e-12	-0.00018801
4.10965e-12	-0.000188789
4.162e-12	-0.000189556
4.21435e-12	-0.00019031
4.26671e-12	-0.000191051
4.31906e-12	-0.000191779
4.37141e-12	-0.000192494
4.42376e-12	-0.000193194
4.47612e-12	-0.00019388
4.52847e-12	-0.000194552
4.58082e-12	-0.000195208
4.63317e-12	-0.000195848
4.68552e-12	-0.000196473
4.73788e-12	-0.000197081
4.79023e-12	-0.000197672
4.84258e-12	-0.000198247
4.89493e-12	-0.000198803
4.94729e-12	-0.000199341
4.99964e-12	-0.000199861
5.05199e-12	-0.000200362
5.10434e-12	-0.000200843
5.15669e-12	-0.000201304
5.20905e-12	-0.000201745
5.2614e-12	-0.000202165
5.31375e-12	-0.000202564
5.3661e-12	-0.00020294
5.41846e-12	-0.000203295
5.47081e-12	-0.000203626
5.52316e-12	-0.000203934
5.57551e-12	-0.000204219
5.62786e-12	-0.000204479
5.68022e-12	-0.000204714
5.73257e-12	-0.000204923
5.78492e-12	-0.000205107
5.83727e-12	-0.000205264
5.88963e-12	-0.000205394
5.94198e-12	-0.000205496
5.99433e-12	-0.00020557
6.04668e-12	-0.000205615
6.09903e-12	-0.000205631
6.15139e-12	-0.000205617
6.20374e-12	-0.000205572
6.25609e-12	-0.000205496
6.30844e-12	-0.000205388
6.3608e-12	-0.000205248
6.41315e-12	-0.000205075
6.4655e-12	-0.000204869
6.51785e-12	-0.000204628
6.5702e-12	-0.000204352
6.62256e-12	-0.00020404
6.67491e-12	-0.000203692
6.72726e-12	-0.000203307
6.77961e-12	-0.000202885
6.83197e-12	-0.000202424
6.88432e-12	-0.000201925
6.93667e-12	-0.000201385
6.98902e-12	-0.000200806
7.04137e-12	-0.000200185
7.09373e-12	-0.000199522
7.14608e-12	-0.000198817
7.19843e-12	-0.000198068
7.25078e-12	-0.000197276
7.30314e-12	-0.000196438
7.35549e-12	-0.000195555
7.40784e-12	-0.000194626
7.46019e-12	-0.00019365
7.51254e-12	-0.000192625
7.5649e-12	-0.000191552
7.61725e-12	-0.00019043
7.6696e-12	-0.000189257
7.72195e-12	-0.000188033
7.77431e-12	-0.000186756
7.82666e-12	-0.000185428
7.87901e-12	-0.000184045
7.93136e-12	-0.000182608
7.98371e-12	-0.000181115
8.03607e-12	-0.000179567
8.08842e-12	-0.000177961
8.14077e-12	-0.000176297
8.19312e-12	-0.000174574
8.24548e-12	-0.000172791
8.29783e-12	-0.000170947
8.35018e-12	-0.000169042
8.40253e-12	-0.000167074
8.45488e-12	-0.000165042
8.50724e-12	-0.000162946
8.55959e-12	-0.000160785
8.61194e-12	-0.000158557
8.66429e-12	-0.000156261
8.71665e-12	-0.000153897
8.769e-12	-0.000151464
8.82135e-12	-0.00014896
8.8737e-12	-0.000146384
8.92605e-12	-0.000143736
8.97841e-12	-0.000141015
9.03076e-12	-0.000138219
9.08311e-12	-0.000135347
9.13546e-12	-0.000132399
9.18782e-12	-0.000129373
9.24017e-12	-0.000126267
9.29252e-12	-0.000123082
9.34487e-12	-0.000119816
9.39722e-12	-0.000116468
9.44958e-12	-0.000113036
9.50193e-12	-0.00010952
9.55428e-12	-0.000105918
9.60663e-12	-0.00010223
9.65899e-12	-9.84533e-05
9.71134e-12	-9.45879e-05
9.76369e-12	-9.06321e-05
9.81604e-12	-8.6585e-05
9.86839e-12	-8.24451e-05
9.92075e-12	-7.82114e-05
9.9731e-12	-7.38826e-05
1.00255e-11	-6.94575e-05
1.00778e-11	-6.49348e-05
1.01302e-11	-6.03133e-05
1.01825e-11	-5.55918e-05
1.02349e-11	-5.07689e-05
1.02872e-11	-4.58433e-05
1.03396e-11	-4.08139e-05
1.03919e-11	-3.56793e-05
1.04443e-11	-3.04381e-05
1.04966e-11	-2.50891e-05
1.0549e-11	-1.9631e-05
1.06013e-11	-1.40623e-05
1.06537e-11	-8.38174e-06
1.0706e-11	-2.58799e-06
1.07584e-11	3.32036e-06
1.08107e-11	9.34466e-06
1.08631e-11	1.54863e-05
1.09154e-11	2.17468e-05
1.09678e-11	2.81273e-05
1.10201e-11	3.46295e-05
1.10725e-11	4.12547e-05
1.11248e-11	4.80043e-05
1.11772e-11	5.48799e-05
1.12296e-11	6.18828e-05
1.12819e-11	6.90145e-05
1.13343e-11	7.62765e-05
1.13866e-11	8.36704e-05
1.1439e-11	9.11975e-05
1.14913e-11	9.88594e-05
1.15437e-11	0.000106658
1.1596e-11	0.000114594
1.16484e-11	0.000122669
1.17007e-11	0.000130886
1.17531e-11	0.000139245
1.18054e-11	0.000147747
1.18578e-11	0.000156396
1.19101e-11	0.000165192
1.19625e-11	0.000174136
1.20148e-11	0.000183231
1.20672e-11	0.000192479
1.21195e-11	0.000201879
1.21719e-11	0.000211435
1.22242e-11	0.000221148
1.22766e-11	0.00023102
1.23289e-11	0.000241051
1.23813e-11	0.000251245
1.24337e-11	0.000261602
1.2486e-11	0.000272125
1.25384e-11	0.000282814
1.25907e-11	0.000293672
1.26431e-11	0.000304701
1.26954e-11	0.000315902
1.27478e-11	0.000327276
1.28001e-11	0.000338826
1.28525e-11	0.000350554
1.29048e-11	0.00036246
1.29572e-11	0.000374548
1.30095e-11	0.000386818
1.30619e-11	0.000399273
1.31142e-11	0.000411913
1.31666e-11	0.000424742
1.32189e-11	0.000437761
1.32713e-11	0.000450971
1.33236e-11	0.000464375
1.3376e-11	0.000477974
1.34283e-11	0.000491771
1.34807e-11	0.000505766
1.35331e-11	0.000519962
1.35854e-11	0.000534361
1.36378e-11	0.000548965
1.36901e-11	0.000563775
1.37425e-11	0.000578794
1.37948e-11	0.000594022
1.38472e-11	0.000609463
1.38995e-11	0.000625118
1.39519e-11	0.000640989
1.40042e-11	0.000657078
1.40566e-11	0.000673387
1.41089e-11	0.000689918
1.41613e-11	0.000706672
1.42136e-11	0.000723652
1.4266e-11	0.00074086
1.43183e-11	0.000758297
1.43707e-11	0.000775966
1.4423e-11	0.000793868
1.44754e-11	0.000812006
1.45277e-11	0.000830381
1.45801e-11	0.000848996
1.46324e-11	0.000867852
1.46848e-11	0.000886952
1.47372e-11	0.000906297
1.47895e-11	0.00092589
1.48419e-11	0.000945733
1.48942e-11	0.000965826
1.49466e-11	0.000986174
1.49989e-11	0.00100678
1.50513e-11	0.00102764
1.51036e-11	0.00104876
1.5156e-11	0.00107014
1.52083e-11	0.00109179
1.52607e-11	0.0011137
1.5313e-11	0.00113588
1.53654e-11	0.00115832
1.54177e-11	0.00118105
1.54701e-11	0.00120404
1.55224e-11	0.00122731
1.55748e-11	0.00125086
1.56271e-11	0.00127469
1.56795e-11	0.0012988
1.57318e-11	0.0013232
1.57842e-11	0.00134788
1.58365e-11	0.00137285
1.58889e-11	0.00139811
1.59413e-11	0.00142366
1.59936e-11	0.00144951
1.6046e-11	0.00147566
1.60983e-11	0.0015021
1.61507e-11	0.00152885
1.6203e-11	0.00155589
1.62554e-11	0.00158325
1.63077e-11	0.0016109
1.63601e-11	0.00163887
1.64124e-11	0.00166715
1.64648e-11	0.00169575
1.65171e-11	0.00172465
1.65695e-11	0.00175388
1.66218e-11	0.00178342
1.66742e-11	0.00181329
1.67265e-11	0.00184348
1.67789e-11	0.001874
1.68312e-11	0.00190484
1.68836e-11	0.00193601
1.69359e-11	0.00196752
1.69883e-11	0.00199936
1.70406e-11	0.00203153
1.7093e-11	0.00206404
1.71454e-11	0.00209689
1.71977e-11	0.00213009
1.72501e-11	0.00216362
1.73024e-11	0.00219751
1.73548e-11	0.00223174
1.74071e-11	0.00226632
1.74595e-11	0.00230125
1.75118e-11	0.00233654
1.75642e-11	0.00237218
1.76165e-11	0.00240818
1.76689e-11	0.00244453
1.77212e-11	0.00248125
1.77736e-11	0.00251834
1.78259e-11	0.00255579
1.78783e-11	0.0025936
1.79306e-11	0.00263179
1.7983e-11	0.00267035
1.80353e-11	0.00270928
1.80877e-11	0.00274858
1.814e-11	0.00278826
1.81924e-11	0.00282832
1.82448e-11	0.00286876
1.82971e-11	0.00290958
1.83495e-11	0.00295079
1.84018e-11	0.00299238
1.84542e-11	0.00303436
1.85065e-11	0.00307673
1.85589e-11	0.00311949
1.86112e-11	0.00316264
1.86636e-11	0.00320619
1.87159e-11	0.00325013
1.87683e-11	0.00329447
1.88206e-11	0.00333921
1.8873e-11	0.00338435
1.89253e-11	0.00342989
1.89777e-11	0.00347584
1.903e-11	0.0035222
1.90824e-11	0.00356896
1.91347e-11	0.00361613
1.91871e-11	0.00366371
1.92394e-11	0.0037117
1.92918e-11	0.00376011
1.93441e-11	0.00380893
1.93965e-11	0.00385817
1.94489e-11	0.00390783
1.95012e-11	0.00395791
1.95536e-11	0.0040084
1.96059e-11	0.00405932
1.96583e-11	0.00411067
1.97106e-11	0.00416243
1.9763e-11	0.00421463
1.98153e-11	0.00426725
1.98677e-11	0.0043203
1.992e-11	0.00437378
1.99724e-11	0.00442769
2.00247e-11	0.00448203
2.00771e-11	0.00453681
2.01294e-11	0.00459202
2.01818e-11	0.00464766
2.02341e-11	0.00470374
2.02865e-11	0.00476026
2.03388e-11	0.00481722
2.03912e-11	0.00487462
2.04435e-11	0.00493245
2.04959e-11	0.00499073
2.05482e-11	0.00504945
2.06006e-11	0.00510862
2.0653e-11	0.00516822
2.07053e-11	0.00522827
2.07577e-11	0.00528877
2.081e-11	0.00534971
2.08624e-11	0.0054111
2.09147e-11	0.00547293
2.09671e-11	0.00553522
2.10194e-11	0.00559795
2.10718e-11	0.00566113
2.11241e-11	0.00572475
2.11765e-11	0.00578883
2.12288e-11	0.00585336
2.12812e-11	0.00591834
2.13335e-11	0.00598376
2.13859e-11	0.00604964
2.14382e-11	0.00611597
2.14906e-11	0.00618275
2.15429e-11	0.00624998
2.15953e-11	0.00631766
2.16476e-11	0.0063858
2.17e-11	0.00645438
2.17523e-11	0.00652341
2.18047e-11	0.0065929
2.18571e-11	0.00666284
2.19094e-11	0.00673322
2.19618e-11	0.00680406
2.20141e-11	0.00687535
2.20665e-11	0.00694709
2.21188e-11	0.00701927
2.21712e-11	0.00709191
2.22235e-11	0.00716499
2.22759e-11	0.00723852
2.23282e-11	0.0073125
2.23806e-11	0.00738692
2.24329e-11	0.00746179
2.24853e-11	0.00753711
2.25376e-11	0.00761286
2.259e-11	0.00768907
2.26423e-11	0.00776571
2.26947e-11	0.00784279
2.2747e-11	0.00792032
2.27994e-11	0.00799828
2.28517e-11	0.00807668
2.29041e-11	0.00815552
2.29565e-11	0.00823479
2.30088e-11	0.0083145
2.30612e-11	0.00839463
2.31135e-11	0.0084752
2.31659e-11	0.0085562
2.32182e-11	0.00863762
2.32706e-11	0.00871948
2.33229e-11	0.00880175
2.33753e-11	0.00888445
2.34276e-11	0.00896756
2.348e-11	0.0090511
2.35323e-11	0.00913505
2.35847e-11	0.00921942
2.3637e-11	0.00930419
2.36894e-11	0.00938938
2.37417e-11	0.00947498
2.37941e-11	0.00956098
2.38464e-11	0.00964738
2.38988e-11	0.00973418
2.39511e-11	0.00982138
2.40035e-11	0.00990897
2.40558e-11	0.00999696
2.41082e-11	0.0100853
2.41606e-11	0.0101741
2.42129e-11	0.0102632
2.42653e-11	0.0103528
2.43176e-11	0.0104427
2.437e-11	0.0105329
2.44223e-11	0.0106236
2.44747e-11	0.0107146
2.4527e-11	0.0108059
2.45794e-11	0.0108977
2.46317e-11	0.0109898
2.46841e-11	0.0110822
2.47364e-11	0.011175
2.47888e-11	0.0112681
2.48411e-11	0.0113616
2.48935e-11	0.0114554
2.49458e-11	0.0115495
2.49982e-11	0.011644
2.50505e-11	0.0117388
2.51029e-11	0.0118339
2.51552e-11	0.0119293
2.52076e-11	0.0120251
2.52599e-11	0.0121211
2.53123e-11	0.0122174
2.53647e-11	0.0123141
2.5417e-11	0.012411
2.54694e-11	0.0125082
2.55217e-11	0.0126057
2.55741e-11	0.0127035
2.56264e-11	0.0128015
2.56788e-11	0.0128998
2.57311e-11	0.0129983
2.57835e-11	0.0130971
2.58358e-11	0.0131962
2.58882e-11	0.0132955
2.59405e-11	0.013395
2.59929e-11	0.0134947
2.60452e-11	0.0135947
2.60976e-11	0.0136949
2.61499e-11	0.0137953
2.62023e-11	0.0138959
2.62546e-11	0.0139967
2.6307e-11	0.0140977
2.63593e-11	0.0141988
2.64117e-11	0.0143002
2.64641e-11	0.0144017
2.65164e-11	0.0145034
2.65688e-11	0.0146052
2.66211e-11	0.0147072
2.66735e-11	0.0148093
2.67258e-11	0.0149115
2.67782e-11	0.0150139
2.68305e-11	0.0151163
2.68829e-11	0.0152189
2.69352e-11	0.0153216
2.69876e-11	0.0154244
2.70399e-11	0.0155272
2.70923e-11	0.0156302
2.71446e-11	0.0157332
2.7197e-11	0.0158362
2.72493e-11	0.0159393
2.73017e-11	0.0160425
2.7354e-11	0.0161456
2.74064e-11	0.0162488
2.74587e-11	0.016352
2.75111e-11	0.0164552
2.75634e-11	0.0165584
2.76158e-11	0.0166616
2.76682e-11	0.0167647
2.77205e-11	0.0168678
2.77729e-11	0.0169709
2.78252e-11	0.0170739
2.78776e-11	0.0171768
2.79299e-11	0.0172797
2.79823e-11	0.0173825
2.80346e-11	0.0174851
2.8087e-11	0.0175877
2.81393e-11	0.0176901
2.81917e-11	0.0177925
2.8244e-11	0.0178946
2.82964e-11	0.0179966
2.83487e-11	0.0180985
2.84011e-11	0.0182001
2.84534e-11	0.0183016
2.85058e-11	0.0184029
2.85581e-11	0.0185039
2.86105e-11	0.0186048
2.86628e-11	0.0187053
2.87152e-11	0.0188057
2.87675e-11	0.0189058
2.88199e-11	0.0190056
2.88723e-11	0.0191051
2.89246e-11	0.0192043
2.8977e-11	0.0193032
2.90293e-11	0.0194018
2.90817e-11	0.0195
2.9134e-11	0.0195979
2.91864e-11	0.0196954
2.92387e-11	0.0197925
2.92911e-11	0.0198892
2.93434e-11	0.0199855
2.93958e-11	0.0200814
2.94481e-11	0.0201769
2.95005e-11	0.0202719
2.95528e-11	0.0203664
2.96052e-11	0.0204605
2.96575e-11	0.020554
2.97099e-11	0.020647
2.97622e-11	0.0207395
2.98146e-11	0.0208315
2.98669e-11	0.0209229
2.99193e-11	0.0210138
2.99716e-11	0.021104
3.0024e-11	0.0211936
3.00764e-11	0.0212826
3.01287e-11	0.021371
3.01811e-11	0.0214587
3.02334e-11	0.0215458
3.02858e-11	0.0216321
3.03381e-11	0.0217178
3.03905e-11	0.0218027
3.04428e-11	0.0218869
3.04952e-11	0.0219704
3.05475e-11	0.022053
3.05999e-11	0.0221349
3.06522e-11	0.022216
3.07046e-11	0.0222962
3.07569e-11	0.0223756
3.08093e-11	0.0224542
3.08616e-11	0.0225318
3.0914e-11	0.0226086
3.09663e-11	0.0226844
3.10187e-11	0.0227593
3.1071e-11	0.0228333
3.11234e-11	0.0229062
3.11758e-11	0.0229782
3.12281e-11	0.0230492
3.12805e-11	0.0231191
3.13328e-11	0.023188
3.13852e-11	0.0232559
3.14375e-11	0.0233226
3.14899e-11	0.0233882
3.15422e-11	0.0234527
3.15946e-11	0.023516
3.16469e-11	0.0235782
3.16993e-11	0.0236392
3.17516e-11	0.023699
3.1804e-11	0.0237575
3.18563e-11	0.0238148
3.19087e-11	0.0238708
3.1961e-11	0.0239255
3.20134e-11	0.0239789
3.20657e-11	0.024031
3.21181e-11	0.0240817
3.21704e-11	0.024131
3.22228e-11	0.0241789
3.22751e-11	0.0242254
3.23275e-11	0.0242704
3.23799e-11	0.024314
3.24322e-11	0.0243561
3.24846e-11	0.0243966
3.25369e-11	0.0244357
3.25893e-11	0.0244731
3.26416e-11	0.024509
3.2694e-11	0.0245433
3.27463e-11	0.0245759
3.27987e-11	0.0246069
3.2851e-11	0.0246362
3.29034e-11	0.0246639
3.29557e-11	0.0246898
3.30081e-11	0.0247139
3.30604e-11	0.0247363
3.31128e-11	0.0247568
3.31651e-11	0.0247756
3.32175e-11	0.0247925
3.32698e-11	0.0248076
3.33222e-11	0.0248207
3.33745e-11	0.0248319
3.34269e-11	0.0248412
3.34792e-11	0.0248486
3.35316e-11	0.0248539
3.3584e-11	0.0248572
3.36363e-11	0.0248585
3.36887e-11	0.0248576
3.3741e-11	0.0248547
3.37934e-11	0.0248497
3.38457e-11	0.0248426
3.38981e-11	0.0248332
3.39504e-11	0.0248217
3.40028e-11	0.0248079
3.40551e-11	0.0247919
3.41075e-11	0.0247736
3.41598e-11	0.024753
3.42122e-11	0.0247301
3.42645e-11	0.0247048
3.43169e-11	0.0246772
3.43692e-11	0.0246471
3.44216e-11	0.0246146
3.44739e-11	0.0245796
3.45263e-11	0.0245422
3.45786e-11	0.0245022
3.4631e-11	0.0244597
3.46833e-11	0.0244146
3.47357e-11	0.0243669
3.47881e-11	0.0243165
3.48404e-11	0.0242635
3.48928e-11	0.0242079
3.49451e-11	0.0241495
3.49975e-11	0.0240884
3.50498e-11	0.0240245
3.51022e-11	0.0239578
3.51545e-11	0.0238883
3.52069e-11	0.0238159
3.52592e-11	0.0237407
3.53116e-11	0.0236625
3.53639e-11	0.0235814
3.54163e-11	0.0234974
3.54686e-11	0.0234103
3.5521e-11	0.0233202
3.55733e-11	0.0232271
3.56257e-11	0.0231309
3.5678e-11	0.0230316
3.57304e-11	0.0229291
3.57827e-11	0.0228235
3.58351e-11	0.0227147
3.58875e-11	0.0226026
3.59398e-11	0.0224873
3.59922e-11	0.0223687
3.60445e-11	0.0222468
3.60969e-11	0.0221216
3.61492e-11	0.021993
3.62016e-11	0.0218609
3.62539e-11	0.0217255
3.63063e-11	0.0215866
3.63586e-11	0.0214442
3.6411e-11	0.0212983
3.64633e-11	0.0211488
3.65157e-11	0.0209958
3.6568e-11	0.0208391
3.66204e-11	0.0206788
3.66727e-11	0.0205148
3.67251e-11	0.0203472
3.67774e-11	0.0201758
3.68298e-11	0.0200007
3.68821e-11	0.0198217
3.69345e-11	0.019639
3.69868e-11	0.0194524
3.70392e-11	0.0192619
3.70916e-11	0.0190676
3.71439e-11	0.0188693
3.71963e-11	0.018667
3.72486e-11	0.0184607
3.7301e-11	0.0182505
3.73533e-11	0.0180361
3.74057e-11	0.0178177
3.7458e-11	0.0175952
3.75104e-11	0.0173685
3.75627e-11	0.0171377
3.76151e-11	0.0169026
3.76674e-11	0.0166633
3.77198e-11	0.0164198
3.77721e-11	0.016172
3.78245e-11	0.0159198
3.78768e-11	0.0156633
3.79292e-11	0.0154025
3.79815e-11	0.0151372
3.80339e-11	0.0148675
3.80862e-11	0.0145933
3.81386e-11	0.0143146
3.81909e-11	0.0140315
3.82433e-11	0.0137437
3.82957e-11	0.0134514
3.8348e-11	0.0131544
3.84004e-11	0.0128529
3.84527e-11	0.0125466
3.85051e-11	0.0122357
3.85574e-11	0.01192
3.86098e-11	0.0115996
3.86621e-11	0.0112744
3.87145e-11	0.0109444
3.87668e-11	0.0106096
3.88192e-11	0.0102699
3.88715e-11	0.00992528
3.89239e-11	0.00957576
3.89762e-11	0.00922129
3.90286e-11	0.00886185
3.90809e-11	0.0084974
3.91333e-11	0.00812792
3.91856e-11	0.00775338
3.9238e-11	0.00737375
3.92903e-11	0.00698901
3.93427e-11	0.00659914
3.93951e-11	0.00620409
3.94474e-11	0.00580386
3.94998e-11	0.0053984
3.95521e-11	0.0049877
3.96045e-11	0.00457173
3.96568e-11	0.00415046
3.97092e-11	0.00372386
3.97615e-11	0.00329192
3.98139e-11	0.0028546
3.98662e-11	0.00241188
3.99186e-11	0.00196374
3.99709e-11	0.00151015
4.00233e-11	0.00105108
4.00756e-11	0.000586513
4.0128e-11	0.000116422
4.01803e-11	-0.000359217
4.02327e-11	-0.000840428
4.0285e-11	-0.00132724
4.03374e-11	-0.00181966
4.03897e-11	-0.00231773
4.04421e-11	-0.00282147
4.04944e-11	-0.00333089
4.05468e-11	-0.00384603
4.05992e-11	-0.0043669
4.06515e-11	-0.00489353
4.07039e-11	-0.00542594
4.07562e-11	-0.00596414
4.08086e-11	-0.00650817
4.08609e-11	-0.00705805
4.09133e-11	-0.00761378
4.09656e-11	-0.00817541
4.1018e-11	-0.00874294
4.10703e-11	-0.00931639
4.11227e-11	-0.00989579
4.1175e-11	-0.0104812
4.12274e-11	-0.0110725
4.12797e-11	-0.0116699
4.13321e-11	-0.0122733
4.13844e-11	-0.0128827
4.14368e-11	-0.0134982
4.14891e-11	-0.0141197
4.15415e-11	-0.0147474
4.15938e-11	-0.0153812
4.16462e-11	-0.0160211
4.16985e-11	-0.0166671
4.17509e-11	-0.0173194
4.18033e-11	-0.0179778
4.18556e-11	-0.0186424
4.1908e-11	-0.0193132
4.19603e-11	-0.0199902
4.20127e-11	-0.0206735
4.2065e-11	-0.0213631
4.21174e-11	-0.0220589
4.21697e-11	-0.022761
4.22221e-11	-0.0234694
4.22744e-11	-0.0241841
4.23268e-11	-0.0249052
4.23791e-11	-0.0256325
4.24315e-11	-0.0263663
4.24838e-11	-0.0271064
4.25362e-11	-0.0278528
4.25885e-11	-0.0286057
4.26409e-11	-0.0293649
4.26932e-11	-0.0301306
4.27456e-11	-0.0309026
4.27979e-11	-0.0316811
4.28503e-11	-0.032466
4.29026e-11	-0.0332574
4.2955e-11	-0.0340552
4.30074e-11	-0.0348595
4.30597e-11	-0.0356702
4.31121e-11	-0.0364874
4.31644e-11	-0.0373111
4.32168e-11	-0.0381413
4.32691e-11	-0.038978
4.33215e-11	-0.0398211
4.33738e-11	-0.0406708
4.34262e-11	-0.041527
4.34785e-11	-0.0423896
4.35309e-11	-0.0432588
4.35832e-11	-0.0441345
4.36356e-11	-0.0450167
4.36879e-11	-0.0459055
4.37403e-11	-0.0468007
4.37926e-11	-0.0477025
4.3845e-11	-0.0486108
4.38973e-11	-0.0495257
4.39497e-11	-0.050447
4.4002e-11	-0.0513749
4.40544e-11	-0.0523093
4.41068e-11	-0.0532502
4.41591e-11	-0.0541976
4.42115e-11	-0.0551516
4.42638e-11	-0.056112
4.43162e-11	-0.057079
4.43685e-11	-0.0580524
4.44209e-11	-0.0590324
4.44732e-11	-0.0600188
4.45256e-11	-0.0610118
4.45779e-11	-0.0620112
4.46303e-11	-0.0630171
4.46826e-11	-0.0640294
4.4735e-11	-0.0650482
4.47873e-11	-0.0660735
4.48397e-11	-0.0671052
4.4892e-11	-0.0681433
4.49444e-11	-0.0691878
4.49967e-11	-0.0702387
4.50491e-11	-0.0712961
4.51014e-11	-0.0723598
4.51538e-11	-0.0734299
4.52061e-11	-0.0745063
4.52585e-11	-0.0755891
4.53109e-11	-0.0766782
4.53632e-11	-0.0777736
4.54156e-11	-0.0788754
4.54679e-11	-0.0799834
4.55203e-11	-0.0810977
4.55726e-11	-0.0822182
4.5625e-11	-0.0833449
4.56773e-11	-0.0844779
4.57297e-11	-0.085617
4.5782e-11	-0.0867624
4.58344e-11	-0.0879138
4.58867e-11	-0.0890714
4.59391e-11	-0.0902352
4.59914e-11	-0.0914049
4.60438e-11	-0.0925808
4.60961e-11	-0.0937627
4.61485e-11	-0.0949506
4.62008e-11	-0.0961445
4.62532e-11	-0.0973444
4.63055e-11	-0.0985502
4.63579e-11	-0.0997619
4.64102e-11	-0.10098
4.64626e-11	-0.102203
4.6515e-11	-0.103432
4.65673e-11	-0.104667
4.66197e-11	-0.105908
4.6672e-11	-0.107155
4.67244e-11	-0.108407
4.67767e-11	-0.109665
4.68291e-11	-0.110929
4.68814e-11	-0.112198
4.69338e-11	-0.113473
4.69861e-11	-0.114753
4.70385e-11	-0.116039
4.70908e-11	-0.11733
4.71432e-11	-0.118627
4.71955e-11	-0.119929
4.72479e-11	-0.121236
4.73002e-11	-0.122549
4.73526e-11	-0.123867
4.74049e-11	-0.12519
4.74573e-11	-0.126519
4.75096e-11	-0.127852
4.7562e-11	-0.129191
4.76143e-11	-0.130535
4.76667e-11	-0.131884
4.77191e-11	-0.133237
4.77714e-11	-0.134596
4.78238e-11	-0.13596
4.78761e-11	-0.137328
4.79285e-11	-0.138701
4.79808e-11	-0.140079
4.80332e-11	-0.141462
4.80855e-11	-0.142849
4.81379e-11	-0.144241
4.81902e-11	-0.145637
4.82426e-11	-0.147038
4.82949e-11	-0.148444
4.83473e-11	-0.149853
4.83996e-11	-0.151267
4.8452e-11	-0.152686
4.85043e-11	-0.154108
4.85567e-11	-0.155535
4.8609e-11	-0.156966
4.86614e-11	-0.158401
4.87137e-11	-0.15984
4.87661e-11	-0.161282
4.88185e-11	-0.162729
4.88708e-11	-0.164179
4.89232e-11	-0.165634
4.89755e-11	-0.167091
4.90279e-11	-0.168553
4.90802e-11	-0.170018
4.91326e-11	-0.171486
4.91849e-11	-0.172958
4.92373e-11	-0.174434
4.92896e-11	-0.175912
4.9342e-11	-0.177394
4.93943e-11	-0.178879
4.94467e-11	-0.180367
4.9499e-11	-0.181859
4.95514e-11	-0.183353
4.96037e-11	-0.18485
4.96561e-11	-0.186349
4.97084e-11	-0.187852
4.97608e-11	-0.189357
4.98131e-11	-0.190865
4.98655e-11	-0.192375
4.99178e-11	-0.193888
4.99702e-11	-0.195403
5.00226e-11	-0.19692
5.00749e-11	-0.19844
5.01273e-11	-0.199961
5.01796e-11	-0.201485
5.0232e-11	-0.203011
5.02843e-11	-0.204539
5.03367e-11	-0.206068
5.0389e-11	-0.207599
5.04414e-11	-0.209132
5.04937e-11	-0.210666
5.05461e-11	-0.212202
5.05984e-11	-0.213739
5.06508e-11	-0.215278
5.07031e-11	-0.216818
5.07555e-11	-0.218358
5.08078e-11	-0.2199
5.08602e-11	-0.221443
5.09125e-11	-0.222987
5.09649e-11	-0.224532
5.10172e-11	-0.226077
5.10696e-11	-0.227623
5.11219e-11	-0.229169
5.11743e-11	-0.230716
5.12267e-11	-0.232263
5.1279e-11	-0.23381
5.13314e-11	-0.235357
5.13837e-11	-0.236905
5.14361e-11	-0.238452
5.14884e-11	-0.239999
5.15408e-11	-0.241546
5.15931e-11	-0.243093
5.16455e-11	-0.244639
5.16978e-11	-0.246185
5.17502e-11	-0.24773
5.18025e-11	-0.249274
5.18549e-11	-0.250817
5.19072e-11	-0.25236
5.19596e-11	-0.253901
5.20119e-11	-0.255441
5.20643e-11	-0.25698
5.21166e-11	-0.258518
5.2169e-11	-0.260054
5.22213e-11	-0.261588
5.22737e-11	-0.263121
5.2326e-11	-0.264652
5.23784e-11	-0.266181
5.24308e-11	-0.267708
5.24831e-11	-0.269233
5.25355e-11	-0.270756
5.25878e-11	-0.272277
5.26402e-11	-0.273795
5.26925e-11	-0.27531
5.27449e-11	-0.276823
5.27972e-11	-0.278333
5.28496e-11	-0.27984
5.29019e-11	-0.281344
5.29543e-11	-0.282845
5.30066e-11	-0.284343
5.3059e-11	-0.285837
5.31113e-11	-0.287328
5.31637e-11	-0.288816
5.3216e-11	-0.290299
5.32684e-11	-0.291779
5.33207e-11	-0.293255
5.33731e-11	-0.294727
5.34254e-11	-0.296195
5.34778e-11	-0.297658
5.35302e-11	-0.299117
5.35825e-11	-0.300572
5.36349e-11	-0.302022
5.36872e-11	-0.303467
5.37396e-11	-0.304907
5.37919e-11	-0.306342
5.38443e-11	-0.307772
5.38966e-11	-0.309197
5.3949e-11	-0.310617
5.40013e-11	-0.31203
5.40537e-11	-0.313439
5.4106e-11	-0.314841
5.41584e-11	-0.316238
5.42107e-11	-0.317629
5.42631e-11	-0.319013
5.43154e-11	-0.320392
5.43678e-11	-0.321764
5.44201e-11	-0.323129
5.44725e-11	-0.324488
5.45248e-11	-0.32584
5.45772e-11	-0.327185
5.46295e-11	-0.328523
5.46819e-11	-0.329854
5.47343e-11	-0.331178
5.47866e-11	-0.332495
5.4839e-11	-0.333803
5.48913e-11	-0.335105
5.49437e-11	-0.336398
5.4996e-11	-0.337683
5.50484e-11	-0.338961
5.51007e-11	-0.34023
5.51531e-11	-0.341491
5.52054e-11	-0.342744
5.52578e-11	-0.343988
5.53101e-11	-0.345223
5.53625e-11	-0.346449
5.54148e-11	-0.347667
5.54672e-11	-0.348875
5.55195e-11	-0.350074
5.55719e-11	-0.351264
5.56242e-11	-0.352444
5.56766e-11	-0.353615
5.57289e-11	-0.354776
5.57813e-11	-0.355927
5.58336e-11	-0.357068
5.5886e-11	-0.358199
5.59384e-11	-0.359319
5.59907e-11	-0.360429
5.60431e-11	-0.361529
5.60954e-11	-0.362618
5.61478e-11	-0.363696
5.62001e-11	-0.364763
5.62525e-11	-0.365819
5.63048e-11	-0.366863
5.63572e-11	-0.367897
5.64095e-11	-0.368919
5.64619e-11	-0.369929
5.65142e-11	-0.370928
5.65666e-11	-0.371914
5.66189e-11	-0.372889
5.66713e-11	-0.373851
5.67236e-11	-0.374801
5.6776e-11	-0.375739
5.68283e-11	-0.376664
5.68807e-11	-0.377576
5.6933e-11	-0.378476
5.69854e-11	-0.379363
5.70378e-11	-0.380236
5.70901e-11	-0.381097
5.71425e-11	-0.381943
5.71948e-11	-0.382777
5.72472e-11	-0.383597
5.72995e-11	-0.384403
5.73519e-11	-0.385195
5.74042e-11	-0.385973
5.74566e-11	-0.386737
5.75089e-11	-0.387487
5.75613e-11	-0.388222
5.76136e-11	-0.388943
5.7666e-11	-0.389649
5.77183e-11	-0.39034
5.77707e-11	-0.391016
5.7823e-11	-0.391677
5.78754e-11	-0.392323
5.79277e-11	-0.392954
5.79801e-11	-0.393569
5.80324e-11	-0.394169
5.80848e-11	-0.394752
5.81371e-11	-0.39532
5.81895e-11	-0.395872
5.82419e-11	-0.396408
5.82942e-11	-0.396928
5.83466e-11	-0.397431
5.83989e-11	-0.397918
5.84513e-11	-0.398388
5.85036e-11	-0.398842
5.8556e-11	-0.399279
5.86083e-11	-0.399698
5.86607e-11	-0.400101
5.8713e-11	-0.400486
5.87654e-11	-0.400854
5.88177e-11	-0.401205
5.88701e-11	-0.401537
5.89224e-11	-0.401853
5.89748e-11	-0.40215
5.90271e-11	-0.402429
5.90795e-11	-0.402691
5.91318e-11	-0.402934
5.91842e-11	-0.403158
5.92365e-11	-0.403365
5.92889e-11	-0.403552
5.93412e-11	-0.403721
5.93936e-11	-0.403872
5.9446e-11	-0.404003
5.94983e-11	-0.404116
5.95507e-11	-0.404209
5.9603e-11	-0.404283
5.96554e-11	-0.404337
5.97077e-11	-0.404372
5.97601e-11	-0.404388
5.98124e-11	-0.404384
5.98648e-11	-0.40436
5.99171e-11	-0.404316
5.99695e-11	-0.404252
6.00218e-11	-0.404168
6.00742e-11	-0.404064
6.01265e-11	-0.403939
6.01789e-11	-0.403794
6.02312e-11	-0.403629
6.02836e-11	-0.403443
6.03359e-11	-0.403236
6.03883e-11	-0.403008
6.04406e-11	-0.402759
6.0493e-11	-0.402489
6.05453e-11	-0.402198
6.05977e-11	-0.401886
6.06501e-11	-0.401552
6.07024e-11	-0.401197
6.07548e-11	-0.400821
6.08071e-11	-0.400422
6.08595e-11	-0.400002
6.09118e-11	-0.399561
6.09642e-11	-0.399097
6.10165e-11	-0.398611
6.10689e-11	-0.398103
6.11212e-11	-0.397573
6.11736e-11	-0.397021
6.12259e-11	-0.396447
6.12783e-11	-0.395849
6.13306e-11	-0.39523
6.1383e-11	-0.394588
6.14353e-11	-0.393923
6.14877e-11	-0.393235
6.154e-11	-0.392525
6.15924e-11	-0.391791
6.16447e-11	-0.391035
6.16971e-11	-0.390256
6.17495e-11	-0.389453
6.18018e-11	-0.388627
6.18542e-11	-0.387778
6.19065e-11	-0.386905
6.19589e-11	-0.386009
6.20112e-11	-0.38509
6.20636e-11	-0.384147
6.21159e-11	-0.38318
6.21683e-11	-0.38219
6.22206e-11	-0.381176
6.2273e-11	-0.380138
6.23253e-11	-0.379076
6.23777e-11	-0.37799
6.243e-11	-0.37688
6.24824e-11	-0.375746
6.25347e-11	-0.374588
6.25871e-11	-0.373406
6.26394e-11	-0.372199
6.26918e-11	-0.370969
6.27441e-11	-0.369713
6.27965e-11	-0.368434
6.28488e-11	-0.36713
6.29012e-11	-0.365802
6.29536e-11	-0.364449
6.30059e-11	-0.363071
6.30583e-11	-0.361669
6.31106e-11	-0.360243
6.3163e-11	-0.358791
6.32153e-11	-0.357315
6.32677e-11	-0.355814
6.332e-11	-0.354289
6.33724e-11	-0.352738
6.34247e-11	-0.351163
6.34771e-11	-0.349562
6.35294e-11	-0.347937
6.35818e-11	-0.346287
6.36341e-11	-0.344612
6.36865e-11	-0.342912
6.37388e-11	-0.341187
6.37912e-11	-0.339437
6.38435e-11	-0.337662
6.38959e-11	-0.335861
6.39482e-11	-0.334036
6.40006e-11	-0.332186
6.40529e-11	-0.33031
6.41053e-11	-0.328409
6.41577e-11	-0.326484
6.421e-11	-0.324533
6.42624e-11	-0.322557
6.43147e-11	-0.320555
6.43671e-11	-0.318529
6.44194e-11	-0.316477
6.44718e-11	-0.314401
6.45241e-11	-0.312299
6.45765e-11	-0.310172
6.46288e-11	-0.308019
6.46812e-11	-0.305842
6.47335e-11	-0.30364
6.47859e-11	-0.301412
6.48382e-11	-0.299159
6.48906e-11	-0.296881
6.49429e-11	-0.294578
6.49953e-11	-0.29225
6.50476e-11	-0.289897
6.51e-11	-0.287519
6.51523e-11	-0.285116
6.52047e-11	-0.282688
6.5257e-11	-0.280235
6.53094e-11	-0.277757
6.53618e-11	-0.275254
6.54141e-11	-0.272727
6.54665e-11	-0.270174
6.55188e-11	-0.267597
6.55712e-11	-0.264995
6.56235e-11	-0.262368
6.56759e-11	-0.259716
6.57282e-11	-0.25704
6.57806e-11	-0.254339
6.58329e-11	-0.251614
6.58853e-11	-0.248864
6.59376e-11	-0.24609
6.599e-11	-0.243291
6.60423e-11	-0.240468
6.60947e-11	-0.237621
6.6147e-11	-0.234749
6.61994e-11	-0.231853
6.62517e-11	-0.228933
6.63041e-11	-0.225989
6.63564e-11	-0.223021
6.64088e-11	-0.220029
6.64612e-11	-0.217013
6.65135e-11	-0.213974
6.65659e-11	-0.21091
6.66182e-11	-0.207823
6.66706e-11	-0.204712
6.67229e-11	-0.201578
6.67753e-11	-0.198421
6.68276e-11	-0.19524
6.688e-11	-0.192035
6.69323e-11	-0.188808
6.69847e-11	-0.185557
6.7037e-11	-0.182284
6.70894e-11	-0.178987
6.71417e-11	-0.175668
6.71941e-11	-0.172325
6.72464e-11	-0.168961
6.72988e-11	-0.165573
6.73511e-11	-0.162163
6.74035e-11	-0.158731
6.74558e-11	-0.155277
6.75082e-11	-0.1518
6.75605e-11	-0.148301
6.76129e-11	-0.144781
6.76653e-11	-0.141238
6.77176e-11	-0.137674
6.777e-11	-0.134088
6.78223e-11	-0.130481
6.78747e-11	-0.126852
6.7927e-11	-0.123202
6.79794e-11	-0.11953
6.80317e-11	-0.115838
6.80841e-11	-0.112125
6.81364e-11	-0.108391
6.81888e-11	-0.104636
6.82411e-11	-0.100861
6.82935e-11	-0.0970657
6.83458e-11	-0.0932499
6.83982e-11	-0.0894139
6.84505e-11	-0.0855579
6.85029e-11	-0.0816821
6.85552e-11	-0.0777865
6.86076e-11	-0.0738713
6.86599e-11	-0.0699366
6.87123e-11	-0.0659827
6.87646e-11	-0.0620096
6.8817e-11	-0.0580175
6.88694e-11	-0.0540065
6.89217e-11	-0.0499768
6.89741e-11	-0.0459286
6.90264e-11	-0.0418619
6.90788e-11	-0.037777
6.91311e-11	-0.033674
6.91835e-11	-0.0295531
6.92358e-11	-0.0254143
6.92882e-11	-0.021258
6.93405e-11	-0.0170842
6.93929e-11	-0.0128932
6.94452e-11	-0.008685
6.94976e-11	-0.00445987
6.95499e-11	-0.000217973
6.96023e-11	0.00404053
6.96546e-11	0.00831547
6.9707e-11	0.0126067
6.97593e-11	0.0169139
6.98117e-11	0.0212371
6.9864e-11	0.025576
6.99164e-11	0.0299304
6.99688e-11	0.0343002
7.00211e-11	0.0386852
7.00735e-11	0.0430851
7.01258e-11	0.0474999
7.01782e-11	0.0519292
7.02305e-11	0.056373
7.02829e-11	0.060831
7.03352e-11	0.065303
7.03876e-11	0.0697888
7.04399e-11	0.0742883
7.04923e-11	0.0788013
7.05446e-11	0.0833274
7.0597e-11	0.0878667
7.06493e-11	0.0924187
7.07017e-11	0.0969834
7.0754e-11	0.101561
7.08064e-11	0.10615
7.08587e-11	0.110751
7.09111e-11	0.115364
7.09634e-11	0.119989
7.10158e-11	0.124625
7.10681e-11	0.129273
7.11205e-11	0.133931
7.11729e-11	0.1386
7.12252e-11	0.143279
7.12776e-11	0.147969
7.13299e-11	0.152669
7.13823e-11	0.157379
7.14346e-11	0.162098
7.1487e-11	0.166827
7.15393e-11	0.171565
7.15917e-11	0.176312
7.1644e-11	0.181068
7.16964e-11	0.185832
7.17487e-11	0.190605
7.18011e-11	0.195385
7.18534e-11	0.200174
7.19058e-11	0.20497
7.19581e-11	0.209773
7.20105e-11	0.214584
7.20628e-11	0.219401
7.21152e-11	0.224225
7.21675e-11	0.229055
7.22199e-11	0.233892
7.22722e-11	0.238735
7.23246e-11	0.243583
7.2377e-11	0.248436
7.24293e-11	0.253295
7.24817e-11	0.258159
7.2534e-11	0.263028
7.25864e-11	0.267901
7.26387e-11	0.272778
7.26911e-11	0.277659
7.27434e-11	0.282544
7.27958e-11	0.287432
7.28481e-11	0.292324
7.29005e-11	0.297219
7.29528e-11	0.302116
7.30052e-11	0.307016
7.30575e-11	0.311918
7.31099e-11	0.316822
7.31622e-11	0.321728
7.32146e-11	0.326635
7.32669e-11	0.331543
7.33193e-11	0.336452
7.33716e-11	0.341363
7.3424e-11	0.346273
7.34763e-11	0.351184
7.35287e-11	0.356094
7.35811e-11	0.361004
7.36334e-11	0.365914
7.36858e-11	0.370823
7.37381e-11	0.37573
7.37905e-11	0.380636
7.38428e-11	0.385541
7.38952e-11	0.390444
7.39475e-11	0.395344
7.39999e-11	0.400242
7.40522e-11	0.405138
7.41046e-11	0.41003
7.41569e-11	0.414919
7.42093e-11	0.419805
7.42616e-11	0.424687
7.4314e-11	0.429564
7.43663e-11	0.434438
7.44187e-11	0.439307
7.4471e-11	0.444171
7.45234e-11	0.44903
7.45757e-11	0.453884
7.46281e-11	0.458732
7.46805e-11	0.463574
7.47328e-11	0.46841
7.47852e-11	0.47324
7.48375e-11	0.478063
7.48899e-11	0.482879
7.49422e-11	0.487687
7.49946e-11	0.492488
7.50469e-11	0.497282
7.50993e-11	0.502067
7.51516e-11	0.506844
7.5204e-11	0.511613
7.52563e-11	0.516373
7.53087e-11	0.521123
7.5361e-11	0.525864
7.54134e-11	0.530596
7.54657e-11	0.535317
7.55181e-11	0.540029
7.55704e-11	0.54473
7.56228e-11	0.54942
7.56751e-11	0.5541
7.57275e-11	0.558768
7.57798e-11	0.563424
7.58322e-11	0.568069
7.58846e-11	0.572702
7.59369e-11	0.577322
7.59893e-11	0.58193
7.60416e-11	0.586525
7.6094e-11	0.591107
7.61463e-11	0.595675
7.61987e-11	0.60023
7.6251e-11	0.604771
7.63034e-11	0.609298
7.63557e-11	0.61381
7.64081e-11	0.618308
7.64604e-11	0.622791
7.65128e-11	0.627259
7.65651e-11	0.631711
7.66175e-11	0.636147
7.66698e-11	0.640567
7.67222e-11	0.644972
7.67745e-11	0.649359
7.68269e-11	0.65373
7.68792e-11	0.658084
7.69316e-11	0.662421
7.69839e-11	0.66674
7.70363e-11	0.671041
7.70887e-11	0.675324
7.7141e-11	0.679589
7.71934e-11	0.683836
7.72457e-11	0.688064
7.72981e-11	0.692272
7.73504e-11	0.696461
7.74028e-11	0.700631
7.74551e-11	0.704781
7.75075e-11	0.708911
7.75598e-11	0.713021
7.76122e-11	0.71711
7.76645e-11	0.721179
7.77169e-11	0.725226
7.77692e-11	0.729252
7.78216e-11	0.733257
7.78739e-11	0.73724
7.79263e-11	0.741201
7.79786e-11	0.745139
7.8031e-11	0.749056
7.80833e-11	0.752949
7.81357e-11	0.75682
7.8188e-11	0.760667
7.82404e-11	0.764492
7.82928e-11	0.768292
7.83451e-11	0.772069
7.83975e-11	0.775821
7.84498e-11	0.77955
7.85022e-11	0.783253
7.85545e-11	0.786932
7.86069e-11	0.790587
7.86592e-11	0.794215
7.87116e-11	0.797819
7.87639e-11	0.801397
7.88163e-11	0.804949
7.88686e-11	0.808474
7.8921e-11	0.811974
7.89733e-11	0.815447
7.90257e-11	0.818893
7.9078e-11	0.822313
7.91304e-11	0.825705
7.91827e-11	0.82907
7.92351e-11	0.832408
7.92874e-11	0.835717
7.93398e-11	0.838999
7.93922e-11	0.842253
7.94445e-11	0.845478
7.94969e-11	0.848675
7.95492e-11	0.851842
7.96016e-11	0.854981
7.96539e-11	0.858091
7.97063e-11	0.861172
7.97586e-11	0.864223
7.9811e-11	0.867244
7.98633e-11	0.870235
7.99157e-11	0.873197
7.9968e-11	0.876128
8.00204e-11	0.879028
8.00727e-11	0.881898
8.01251e-11	0.884737
8.01774e-11	0.887545
8.02298e-11	0.890322
8.02821e-11	0.893068
8.03345e-11	0.895782
8.03868e-11	0.898465
8.04392e-11	0.901115
8.04915e-11	0.903734
8.05439e-11	0.906321
8.05963e-11	0.908875
8.06486e-11	0.911396
8.0701e-11	0.913885
8.07533e-11	0.916342
8.08057e-11	0.918765
8.0858e-11	0.921155
8.09104e-11	0.923512
8.09627e-11	0.925836
8.10151e-11	0.928126
8.10674e-11	0.930382
8.11198e-11	0.932605
8.11721e-11	0.934793
8.12245e-11	0.936948
8.12768e-11	0.939068
8.13292e-11	0.941154
8.13815e-11	0.943205
8.14339e-11	0.945221
8.14862e-11	0.947203
8.15386e-11	0.94915
8.15909e-11	0.951063
8.16433e-11	0.952939
8.16956e-11	0.954781
8.1748e-11	0.956587
8.18004e-11	0.958358
8.18527e-11	0.960093
8.19051e-11	0.961793
8.19574e-11	0.963457
8.20098e-11	0.965085
8.20621e-11	0.966676
8.21145e-11	0.968232
8.21668e-11	0.969752
8.22192e-11	0.971235
8.22715e-11	0.972682
8.23239e-11	0.974092
8.23762e-11	0.975466
8.24286e-11	0.976803
8.24809e-11	0.978103
8.25333e-11	0.979367
8.25856e-11	0.980593
8.2638e-11	0.981783
8.26903e-11	0.982935
8.27427e-11	0.984051
8.2795e-11	0.985129
8.28474e-11	0.98617
8.28997e-11	0.987173
8.29521e-11	0.98814
8.30045e-11	0.989068
8.30568e-11	0.98996
8.31092e-11	0.990813
8.31615e-11	0.991629
8.32139e-11	0.992407
8.32662e-11	0.993148
8.33186e-11	0.993851
8.33709e-11	0.994516
8.34233e-11	0.995143
8.34756e-11	0.995732
8.3528e-11	0.996283
8.35803e-11	0.996796
8.36327e-11	0.997271
8.3685e-11	0.997708
8.37374e-11	0.998108
8.37897e-11	0.998469
8.38421e-11	0.998791
8.38944e-11	0.999076
8.39468e-11	0.999323
8.39991e-11	0.999531
8.40515e-11	0.999701
8.41039e-11	0.999833
8.41562e-11	0.999927
8.42086e-11	0.999983
8.42609e-11	1
8.43133e-11	0.999979
8.43656e-11	0.99992
8.4418e-11	0.999823
8.44703e-11	0.999687
8.45227e-11	0.999514
8.4575e-11	0.999302
8.46274e-11	0.999052
8.46797e-11	0.998763
8.47321e-11	0.998437
8.47844e-11	0.998072
8.48368e-11	0.99767
8.48891e-11	0.997229
8.49415e-11	0.996751
8.49938e-11	0.996234
8.50462e-11	0.995679
8.50985e-11	0.995086
8.51509e-11	0.994456
8.52032e-11	0.993788
8.52556e-11	0.993081
8.5308e-11	0.992337
8.53603e-11	0.991556
8.54127e-11	0.990736
8.5465e-11	0.989879
8.55174e-11	0.988984
8.55697e-11	0.988052
8.56221e-11	0.987083
8.56744e-11	0.986076
8.57268e-11	0.985031
8.57791e-11	0.98395
8.58315e-11	0.982831
8.58838e-11	0.981675
8.59362e-11	0.980482
8.59885e-11	0.979252
8.60409e-11	0.977985
8.60932e-11	0.976681
8.61456e-11	0.975341
8.61979e-11	0.973964
8.62503e-11	0.97255
8.63026e-11	0.9711
8.6355e-11	0.969613
8.64073e-11	0.96809
8.64597e-11	0.966531
8.65121e-11	0.964936
8.65644e-11	0.963305
8.66168e-11	0.961638
8.66691e-11	0.959935
8.67215e-11	0.958197
8.67738e-11	0.956423
8.68262e-11	0.954613
8.68785e-11	0.952768
8.69309e-11	0.950888
8.69832e-11	0.948973
8.70356e-11	0.947022
8.70879e-11	0.945037
8.71403e-11	0.943018
8.71926e-11	0.940963
8.7245e-11	0.938874
8.72973e-11	0.936751
8.73497e-11	0.934593
8.7402e-11	0.932401
8.74544e-11	0.930176
8.75067e-11	0.927916
8.75591e-11	0.925623
8.76115e-11	0.923297
8.76638e-11	0.920937
8.77162e-11	0.918543
8.77685e-11	0.916117
8.78209e-11	0.913658
8.78732e-11	0.911166
8.79256e-11	0.908641
8.79779e-11	0.906084
8.80303e-11	0.903494
8.80826e-11	0.900873
8.8135e-11	0.898219
8.81873e-11	0.895534
8.82397e-11	0.892817
8.8292e-11	0.890068
8.83444e-11	0.887288
8.83967e-11	0.884477
8.84491e-11	0.881635
8.85014e-11	0.878763
8.85538e-11	0.875859
8.86061e-11	0.872925
8.86585e-11	0.869961
8.87108e-11	0.866967
8.87632e-11	0.863943
8.88156e-11	0.860889
8.88679e-11	0.857806
8.89203e-11	0.854694
8.89726e-11	0.851552
8.9025e-11	0.848382
8.90773e-11	0.845182
8.91297e-11	0.841954
8.9182e-11	0.838698
8.92344e-11	0.835414
8.92867e-11	0.832102
8.93391e-11	0.828762
8.93914e-11	0.825394
8.94438e-11	0.821999
8.94961e-11	0.818578
8.95485e-11	0.815129
8.96008e-11	0.811653
8.96532e-11	0.808151
8.97055e-11	0.804623
8.97579e-11	0.801068
8.98102e-11	0.797488
8.98626e-11	0.793883
8.99149e-11	0.790251
8.99673e-11	0.786595
9.00197e-11	0.782914
9.0072e-11	0.779208
9.01244e-11	0.775477
9.01767e-11	0.771722
9.02291e-11	0.767943
9.02814e-11	0.764141
9.03338e-11	0.760314
9.03861e-11	0.756465
9.04385e-11	0.752592
9.04908e-11	0.748696
9.05432e-11	0.744778
9.05955e-11	0.740837
9.06479e-11	0.736874
9.07002e-11	0.732889
9.07526e-11	0.728883
9.08049e-11	0.724854
9.08573e-11	0.720805
9.09096e-11	0.716735
9.0962e-11	0.712644
9.10143e-11	0.708532
9.10667e-11	0.7044
9.1119e-11	0.700248
9.11714e-11	0.696077
9.12238e-11	0.691886
9.12761e-11	0.687675
9.13285e-11	0.683446
9.13808e-11	0.679198
9.14332e-11	0.674931
9.14855e-11	0.670646
9.15379e-11	0.666343
9.15902e-11	0.662022
9.16426e-11	0.657684
9.16949e-11	0.653329
9.17473e-11	0.648956
9.17996e-11	0.644567
9.1852e-11	0.640161
9.19043e-11	0.63574
9.19567e-11	0.631302
9.2009e-11	0.626848
9.20614e-11	0.622379
9.21137e-11	0.617895
9.21661e-11	0.613396
9.22184e-11	0.608882
9.22708e-11	0.604354
9.23232e-11	0.599812
9.23755e-11	0.595255
9.24279e-11	0.590686
9.24802e-11	0.586103
9.25326e-11	0.581506
9.25849e-11	0.576897
9.26373e-11	0.572276
9.26896e-11	0.567642
9.2742e-11	0.562996
9.27943e-11	0.558339
9.28467e-11	0.553669
9.2899e-11	0.548989
9.29514e-11	0.544298
9.30037e-11	0.539596
9.30561e-11	0.534883
9.31084e-11	0.530161
9.31608e-11	0.525428
9.32131e-11	0.520686
9.32655e-11	0.515935
9.33178e-11	0.511174
9.33702e-11	0.506405
9.34225e-11	0.501627
9.34749e-11	0.496841
9.35273e-11	0.492047
9.35796e-11	0.487245
9.3632e-11	0.482436
9.36843e-11	0.477619
9.37367e-11	0.472796
9.3789e-11	0.467965
9.38414e-11	0.463129
9.38937e-11	0.458286
9.39461e-11	0.453437
9.39984e-11	0.448583
9.40508e-11	0.443724
9.41031e-11	0.438859
9.41555e-11	0.43399
9.42078e-11	0.429116
9.42602e-11	0.424237
9.43125e-11	0.419355
9.43649e-11	0.414469
9.44172e-11	0.40958
9.44696e-11	0.404687
9.45219e-11	0.399792
9.45743e-11	0.394893
9.46266e-11	0.389993
9.4679e-11	0.38509
9.47314e-11	0.380185
9.47837e-11	0.375279
9.48361e-11	0.370371
9.48884e-11	0.365462
9.49408e-11	0.360553
9.49931e-11	0.355642
9.50455e-11	0.350732
9.50978e-11	0.345821
9.51502e-11	0.340911
9.52025e-11	0.336001
9.52549e-11	0.331091
9.53072e-11	0.326183
9.53596e-11	0.321276
9.54119e-11	0.316371
9.54643e-11	0.311467
9.55166e-11	0.306565
9.5569e-11	0.301665
9.56213e-11	0.296768
9.56737e-11	0.291874
9.5726e-11	0.286982
9.57784e-11	0.282094
9.58307e-11	0.27721
9.58831e-11	0.272329
9.59355e-11	0.267452
9.59878e-11	0.262579
9.60402e-11	0.257711
9.60925e-11	0.252848
9.61449e-11	0.24799
9.61972e-11	0.243136
9.62496e-11	0.238289
9.63019e-11	0.233447
9.63543e-11	0.228611
9.64066e-11	0.223781
9.6459e-11	0.218957
9.65113e-11	0.214141
9.65637e-11	0.209331
9.6616e-11	0.204528
9.66684e-11	0.199733
9.67207e-11	0.194945
9.67731e-11	0.190165
9.68254e-11	0.185394
9.68778e-11	0.18063
9.69301e-11	0.175875
9.69825e-11	0.171129
9.70349e-11	0.166392
9.70872e-11	0.161664
9.71396e-11	0.156945
9.71919e-11	0.152236
9.72443e-11	0.147537
9.72966e-11	0.142848
9.7349e-11	0.13817
9.74013e-11	0.133502
9.74537e-11	0.128845
9.7506e-11	0.124198
9.75584e-11	0.119563
9.76107e-11	0.114939
9.76631e-11	0.110327
9.77154e-11	0.105727
9.77678e-11	0.101139
9.78201e-11	0.0965629
9.78725e-11	0.0919993
9.79248e-11	0.0874485
9.79772e-11	0.0829104
9.80295e-11	0.0783855
9.80819e-11	0.0738738
9.81342e-11	0.0693755
9.81866e-11	0.0648909
9.8239e-11	0.0604202
9.82913e-11	0.0559635
9.83437e-11	0.051521
9.8396e-11	0.047093
9.84484e-11	0.0426796
9.85007e-11	0.0382811
9.85531e-11	0.0338975
9.86054e-11	0.0295291
9.86578e-11	0.0251761
9.87101e-11	0.0208387
9.87625e-11	0.0165169
9.88148e-11	0.0122111
9.88672e-11	0.00792144
9.89195e-11	0.003648
9.89719e-11	-0.000608982
9.90242e-11	-0.00484935
9.90766e-11	-0.00907292
9.91289e-11	-0.0132795
9.91813e-11	-0.017469
9.92336e-11	-0.0216412
9.9286e-11	-0.0257959
9.93383e-11	-0.029933
9.93907e-11	-0.0340523
9.94431e-11	-0.0381536
9.94954e-11	-0.0422369
9.95478e-11	-0.0463018
9.96001e-11	-0.0503484
9.96525e-11	-0.0543764
9.97048e-11	-0.0583856
9.97572e-11	-0.062376
9.98095e-11	-0.0663473
9.98619e-11	-0.0702995
9.99142e-11	-0.0742323
9.99666e-11	-0.0781457
1.00019e-10	-0.0820395
1.00071e-10	-0.0859136
1.00124e-10	-0.0897677
1.00176e-10	-0.0936019
1.00228e-10	-0.0974158
1.00281e-10	-0.10121
1.00333e-10	-0.104983
1.00385e-10	-0.108736
1.00438e-10	-0.112468
1.0049e-10	-0.116179
1.00542e-10	-0.119869
1.00595e-10	-0.123538
1.00647e-10	-0.127187
1.007e-10	-0.130813
1.00752e-10	-0.134419
1.00804e-10	-0.138003
1.00857e-10	-0.141565
1.00909e-10	-0.145105
1.00961e-10	-0.148624
1.01014e-10	-0.152121
1.01066e-10	-0.155595
1.01118e-10	-0.159048
1.01171e-10	-0.162478
1.01223e-10	-0.165886
1.01275e-10	-0.169271
1.01328e-10	-0.172634
1.0138e-10	-0.175974
1.01432e-10	-0.179291
1.01485e-10	-0.182586
1.01537e-10	-0.185857
1.01589e-10	-0.189106
1.01642e-10	-0.192331
1.01694e-10	-0.195533
1.01747e-10	-0.198712
1.01799e-10	-0.201868
1.01851e-10	-0.205
1.01904e-10	-0.208108
1.01956e-10	-0.211193
1.02008e-10	-0.214254
1.02061e-10	-0.217292
1.02113e-10	-0.220306
1.02165e-10	-0.223295
1.02218e-10	-0.226261
1.0227e-10	-0.229203
1.02322e-10	-0.232121
1.02375e-10	-0.235014
1.02427e-10	-0.237884
1.02479e-10	-0.240729
1.02532e-10	-0.24355
1.02584e-10	-0.246346
1.02637e-10	-0.249118
1.02689e-10	-0.251866
1.02741e-10	-0.254589
1.02794e-10	-0.257288
1.02846e-10	-0.259961
1.02898e-10	-0.262611
1.02951e-10	-0.265235
1.03003e-10	-0.267835
1.03055e-10	-0.27041
1.03108e-10	-0.27296
1.0316e-10	-0.275486
1.03212e-10	-0.277986
1.03265e-10	-0.280462
1.03317e-10	-0.282913
1.03369e-10	-0.285338
1.03422e-10	-0.287739
1.03474e-10	-0.290115
1.03527e-10	-0.292466
1.03579e-10	-0.294791
1.03631e-10	-0.297092
1.03684e-10	-0.299367
1.03736e-10	-0.301618
1.03788e-10	-0.303843
1.03841e-10	-0.306043
1.03893e-10	-0.308218
1.03945e-10	-0.310368
1.03998e-10	-0.312493
1.0405e-10	-0.314593
1.04102e-10	-0.316667
1.04155e-10	-0.318716
1.04207e-10	-0.320741
1.04259e-10	-0.322739
1.04312e-10	-0.324713
1.04364e-10	-0.326662
1.04417e-10	-0.328585
1.04469e-10	-0.330484
1.04521e-10	-0.332357
1.04574e-10	-0.334205
1.04626e-10	-0.336028
1.04678e-10	-0.337826
1.04731e-10	-0.339599
1.04783e-10	-0.341347
1.04835e-10	-0.34307
1.04888e-10	-0.344767
1.0494e-10	-0.34644
1.04992e-10	-0.348088
1.05045e-10	-0.349711
1.05097e-10	-0.351309
1.05149e-10	-0.352882
1.05202e-10	-0.35443
1.05254e-10	-0.355953
1.05307e-10	-0.357452
1.05359e-10	-0.358926
1.05411e-10	-0.360375
1.05464e-10	-0.361799
1.05516e-10	-0.363199
1.05568e-10	-0.364574
1.05621e-10	-0.365925
1.05673e-10	-0.367251
1.05725e-10	-0.368553
1.05778e-10	-0.36983
1.0583e-10	-0.371083
1.05882e-10	-0.372311
1.05935e-10	-0.373516
1.05987e-10	-0.374696
1.06039e-10	-0.375851
1.06092e-10	-0.376983
1.06144e-10	-0.378091
1.06196e-10	-0.379174
1.06249e-10	-0.380234
1.06301e-10	-0.38127
1.06354e-10	-0.382282
1.06406e-10	-0.38327
1.06458e-10	-0.384235
1.06511e-10	-0.385175
1.06563e-10	-0.386093
1.06615e-10	-0.386987
1.06668e-10	-0.387857
1.0672e-10	-0.388704
1.06772e-10	-0.389528
1.06825e-10	-0.390328
1.06877e-10	-0.391106
1.06929e-10	-0.39186
1.06982e-10	-0.392591
1.07034e-10	-0.393299
1.07086e-10	-0.393985
1.07139e-10	-0.394648
1.07191e-10	-0.395288
1.07244e-10	-0.395905
1.07296e-10	-0.3965
1.07348e-10	-0.397073
1.07401e-10	-0.397623
1.07453e-10	-0.398151
1.07505e-10	-0.398657
1.07558e-10	-0.399141
1.0761e-10	-0.399602
1.07662e-10	-0.400042
1.07715e-10	-0.40046
1.07767e-10	-0.400856
1.07819e-10	-0.401231
1.07872e-10	-0.401584
1.07924e-10	-0.401916
1.07976e-10	-0.402226
1.08029e-10	-0.402515
1.08081e-10	-0.402783
1.08134e-10	-0.40303
1.08186e-10	-0.403256
1.08238e-10	-0.403461
1.08291e-10	-0.403645
1.08343e-10	-0.403809
1.08395e-10	-0.403952
1.08448e-10	-0.404074
1.085e-10	-0.404177
1.08552e-10	-0.404259
1.08605e-10	-0.404321
1.08657e-10	-0.404363
1.08709e-10	-0.404385
1.08762e-10	-0.404387
1.08814e-10	-0.40437
1.08866e-10	-0.404333
1.08919e-10	-0.404277
1.08971e-10	-0.404201
1.09024e-10	-0.404106
1.09076e-10	-0.403992
1.09128e-10	-0.403859
1.09181e-10	-0.403707
1.09233e-10	-0.403536
1.09285e-10	-0.403346
1.09338e-10	-0.403138
1.0939e-10	-0.402912
1.09442e-10	-0.402667
1.09495e-10	-0.402404
1.09547e-10	-0.402123
1.09599e-10	-0.401824
1.09652e-10	-0.401508
1.09704e-10	-0.401173
1.09756e-10	-0.400821
1.09809e-10	-0.400451
1.09861e-10	-0.400065
1.09913e-10	-0.39966
1.09966e-10	-0.399239
1.10018e-10	-0.398801
1.10071e-10	-0.398346
1.10123e-10	-0.397874
1.10175e-10	-0.397386
1.10228e-10	-0.396881
1.1028e-10	-0.39636
1.10332e-10	-0.395822
1.10385e-10	-0.395269
1.10437e-10	-0.394699
1.10489e-10	-0.394114
1.10542e-10	-0.393513
1.10594e-10	-0.392896
1.10646e-10	-0.392264
1.10699e-10	-0.391617
1.10751e-10	-0.390954
1.10803e-10	-0.390277
1.10856e-10	-0.389584
1.10908e-10	-0.388877
1.10961e-10	-0.388155
1.11013e-10	-0.387418
1.11065e-10	-0.386667
1.11118e-10	-0.385902
1.1117e-10	-0.385123
1.11222e-10	-0.384329
1.11275e-10	-0.383522
1.11327e-10	-0.382701
1.11379e-10	-0.381866
1.11432e-10	-0.381018
1.11484e-10	-0.380156
1.11536e-10	-0.379282
1.11589e-10	-0.378394
1.11641e-10	-0.377493
1.11693e-10	-0.376579
1.11746e-10	-0.375653
1.11798e-10	-0.374714
1.11851e-10	-0.373763
1.11903e-10	-0.3728
1.11955e-10	-0.371824
1.12008e-10	-0.370836
1.1206e-10	-0.369837
1.12112e-10	-0.368825
1.12165e-10	-0.367802
1.12217e-10	-0.366768
1.12269e-10	-0.365722
1.12322e-10	-0.364665
1.12374e-10	-0.363597
1.12426e-10	-0.362518
1.12479e-10	-0.361428
1.12531e-10	-0.360328
1.12583e-10	-0.359217
1.12636e-10	-0.358095
1.12688e-10	-0.356963
1.12741e-10	-0.355821
1.12793e-10	-0.354669
1.12845e-10	-0.353508
1.12898e-10	-0.352336
1.1295e-10	-0.351155
1.13002e-10	-0.349964
1.13055e-10	-0.348764
1.13107e-10	-0.347555
1.13159e-10	-0.346337
1.13212e-10	-0.34511
1.13264e-10	-0.343874
1.13316e-10	-0.342629
1.13369e-10	-0.341375
1.13421e-10	-0.340114
1.13473e-10	-0.338844
1.13526e-10	-0.337566
1.13578e-10	-0.336279
1.13631e-10	-0.334985
1.13683e-10	-0.333683
1.13735e-10	-0.332374
1.13788e-10	-0.331057
1.1384e-10	-0.329732
1.13892e-10	-0.328401
1.13945e-10	-0.327062
1.13997e-10	-0.325716
1.14049e-10	-0.324363
1.14102e-10	-0.323004
1.14154e-10	-0.321638
1.14206e-10	-0.320265
1.14259e-10	-0.318886
1.14311e-10	-0.317501
1.14363e-10	-0.31611
1.14416e-10	-0.314713
1.14468e-10	-0.313309
1.1452e-10	-0.311901
1.14573e-10	-0.310486
1.14625e-10	-0.309066
1.14678e-10	-0.307641
1.1473e-10	-0.30621
1.14782e-10	-0.304775
1.14835e-10	-0.303334
1.14887e-10	-0.301888
1.14939e-10	-0.300438
1.14992e-10	-0.298983
1.15044e-10	-0.297524
1.15096e-10	-0.29606
1.15149e-10	-0.294592
1.15201e-10	-0.29312
1.15253e-10	-0.291643
1.15306e-10	-0.290163
1.15358e-10	-0.288679
1.1541e-10	-0.287191
1.15463e-10	-0.2857
1.15515e-10	-0.284205
1.15568e-10	-0.282707
1.1562e-10	-0.281206
1.15672e-10	-0.279702
1.15725e-10	-0.278194
1.15777e-10	-0.276684
1.15829e-10	-0.275171
1.15882e-10	-0.273655
1.15934e-10	-0.272137
1.15986e-10	-0.270616
1.16039e-10	-0.269093
1.16091e-10	-0.267568
1.16143e-10	-0.266041
1.16196e-10	-0.264511
1.16248e-10	-0.26298
1.163e-10	-0.261447
1.16353e-10	-0.259913
1.16405e-10	-0.258376
1.16458e-10	-0.256839
1.1651e-10	-0.2553
1.16562e-10	-0.253759
1.16615e-10	-0.252218
1.16667e-10	-0.250675
1.16719e-10	-0.249132
1.16772e-10	-0.247588
1.16824e-10	-0.246043
1.16876e-10	-0.244497
1.16929e-10	-0.242951
1.16981e-10	-0.241404
1.17033e-10	-0.239857
1.17086e-10	-0.23831
1.17138e-10	-0.236762
1.1719e-10	-0.235215
1.17243e-10	-0.233668
1.17295e-10	-0.23212
1.17348e-10	-0.230573
1.174e-10	-0.229027
1.17452e-10	-0.22748
1.17505e-10	-0.225935
1.17557e-10	-0.224389
1.17609e-10	-0.222845
1.17662e-10	-0.221301
1.17714e-10	-0.219758
1.17766e-10	-0.218217
1.17819e-10	-0.216676
1.17871e-10	-0.215136
1.17923e-10	-0.213598
1.17976e-10	-0.212061
1.18028e-10	-0.210525
1.1808e-10	-0.208991
1.18133e-10	-0.207458
1.18185e-10	-0.205927
1.18238e-10	-0.204398
1.1829e-10	-0.20287
1.18342e-10	-0.201345
1.18395e-10	-0.199821
1.18447e-10	-0.1983
1.18499e-10	-0.19678
1.18552e-10	-0.195263
1.18604e-10	-0.193748
1.18656e-10	-0.192236
1.18709e-10	-0.190726
1.18761e-10	-0.189218
1.18813e-10	-0.187713
1.18866e-10	-0.186211
1.18918e-10	-0.184712
1.1897e-10	-0.183215
1.19023e-10	-0.181721
1.19075e-10	-0.18023
1.19127e-10	-0.178743
1.1918e-10	-0.177258
1.19232e-10	-0.175776
1.19285e-10	-0.174298
1.19337e-10	-0.172823
1.19389e-10	-0.171351
1.19442e-10	-0.169883
1.19494e-10	-0.168418
1.19546e-10	-0.166957
1.19599e-10	-0.1655
1.19651e-10	-0.164046
1.19703e-10	-0.162596
1.19756e-10	-0.161149
1.19808e-10	-0.159707
1.1986e-10	-0.158268
1.19913e-10	-0.156834
1.19965e-10	-0.155404
1.20017e-10	-0.153977
1.2007e-10	-0.152555
1.20122e-10	-0.151137
1.20175e-10	-0.149724
1.20227e-10	-0.148314
1.20279e-10	-0.146909
1.20332e-10	-0.145509
1.20384e-10	-0.144113
1.20436e-10	-0.142721
1.20489e-10	-0.141335
1.20541e-10	-0.139952
1.20593e-10	-0.138575
1.20646e-10	-0.137202
1.20698e-10	-0.135834
1.2075e-10	-0.134471
1.20803e-10	-0.133113
1.20855e-10	-0.131759
1.20907e-10	-0.130411
1.2096e-10	-0.129068
1.21012e-10	-0.127729
1.21065e-10	-0.126396
1.21117e-10	-0.125068
1.21169e-10	-0.123746
1.21222e-10	-0.122428
1.21274e-10	-0.121116
1.21326e-10	-0.119809
1.21379e-10	-0.118507
1.21431e-10	-0.117211
1.21483e-10	-0.11592
1.21536e-10	-0.114635
1.21588e-10	-0.113355
1.2164e-10	-0.112081
1.21693e-10	-0.110812
1.21745e-10	-0.109549
1.21797e-10	-0.108292
1.2185e-10	-0.10704
1.21902e-10	-0.105794
1.21955e-10	-0.104553
1.22007e-10	-0.103319
1.22059e-10	-0.10209
1.22112e-10	-0.100867
1.22164e-10	-0.0996502
1.22216e-10	-0.098439
1.22269e-10	-0.0972337
1.22321e-10	-0.0960344
1.22373e-10	-0.0948411
1.22426e-10	-0.0936537
1.22478e-10	-0.0924724
1.2253e-10	-0.0912971
1.22583e-10	-0.0901278
1.22635e-10	-0.0889647
1.22687e-10	-0.0878076
1.2274e-10	-0.0866567
1.22792e-10	-0.085512
1.22844e-10	-0.0843734
1.22897e-10	-0.083241
1.22949e-10	-0.0821148
1.23002e-10	-0.0809949
1.23054e-10	-0.0798812
1.23106e-10	-0.0787737
1.23159e-10	-0.0776726
1.23211e-10	-0.0765777
1.23263e-10	-0.0754892
1.23316e-10	-0.074407
1.23368e-10	-0.0733311
1.2342e-10	-0.0722616
1.23473e-10	-0.0711985
1.23525e-10	-0.0701418
1.23577e-10	-0.0690914
1.2363e-10	-0.0680475
1.23682e-10	-0.06701
1.23734e-10	-0.0659789
1.23787e-10	-0.0649542
1.23839e-10	-0.063936
1.23892e-10	-0.0629242
1.23944e-10	-0.061919
1.23996e-10	-0.0609201
1.24049e-10	-0.0599278
1.24101e-10	-0.0589419
1.24153e-10	-0.0579626
1.24206e-10	-0.0569897
1.24258e-10	-0.0560234
1.2431e-10	-0.0550635
1.24363e-10	-0.0541102
1.24415e-10	-0.0531633
1.24467e-10	-0.052223
1.2452e-10	-0.0512892
1.24572e-10	-0.050362
1.24624e-10	-0.0494412
1.24677e-10	-0.048527
1.24729e-10	-0.0476193
1.24782e-10	-0.0467181
1.24834e-10	-0.0458234
1.24886e-10	-0.0449353
1.24939e-10	-0.0440537
1.24991e-10	-0.0431786
1.25043e-10	-0.04231
1.25096e-10	-0.0414479
1.25148e-10	-0.0405923
1.252e-10	-0.0397433
1.25253e-10	-0.0389007
1.25305e-10	-0.0380646
1.25357e-10	-0.0372351
1.2541e-10	-0.036412
1.25462e-10	-0.0355954
1.25514e-10	-0.0347852
1.25567e-10	-0.0339815
1.25619e-10	-0.0331843
1.25672e-10	-0.0323935
1.25724e-10	-0.0316092
1.25776e-10	-0.0308313
1.25829e-10	-0.0300598
1.25881e-10	-0.0292948
1.25933e-10	-0.0285361
1.25986e-10	-0.0277839
1.26038e-10	-0.027038
1.2609e-10	-0.0262985
1.26143e-10	-0.0255653
1.26195e-10	-0.0248385
1.26247e-10	-0.0241181
1.263e-10	-0.023404
1.26352e-10	-0.0226961
1.26404e-10	-0.0219946
1.26457e-10	-0.0212994
1.26509e-10	-0.0206104
1.26562e-10	-0.0199277
1.26614e-10	-0.0192512
1.26666e-10	-0.018581
1.26719e-10	-0.0179169
1.26771e-10	-0.0172591
1.26823e-10	-0.0166074
1.26876e-10	-0.015962
1.26928e-10	-0.0153226
1.2698e-10	-0.0146894
1.27033e-10	-0.0140623
1.27085e-10	-0.0134413
1.27137e-10	-0.0128264
1.2719e-10	-0.0122175
1.27242e-10	-0.0116147
1.27294e-10	-0.0110179
1.27347e-10	-0.0104271
1.27399e-10	-0.00984223
1.27451e-10	-0.00926338
1.27504e-10	-0.00869047
1.27556e-10	-0.00812348
1.27609e-10	-0.0075624
1.27661e-10	-0.0070072
1.27713e-10	-0.00645787
1.27766e-10	-0.00591438
1.27818e-10	-0.0053767
1.2787e-10	-0.00484483
1.27923e-10	-0.00431873
1.27975e-10	-0.00379839
1.28027e-10	-0.00328378
1.2808e-10	-0.00277488
1.28132e-10	-0.00227167
1.28184e-10	-0.00177412
1.28237e-10	-0.00128221
1.28289e-10	-0.000795917
1.28341e-10	-0.000315219
1.28394e-10	0.000159908
1.28446e-10	0.00062949
1.28499e-10	0.00109355
1.28551e-10	0.00155211
1.28603e-10	0.0020052
1.28656e-10	0.00245285
1.28708e-10	0.00289507
1.2876e-10	0.00333189
1.28813e-10	0.00376334
1.28865e-10	0.00418944
1.28917e-10	0.00461022
1.2897e-10	0.00502571
1.29022e-10	0.00543593
1.29074e-10	0.0058409
1.29127e-10	0.00624066
1.29179e-10	0.00663523
1.29231e-10	0.00702463
1.29284e-10	0.0074089
1.29336e-10	0.00778805
1.29389e-10	0.00816212
1.29441e-10	0.00853114
1.29493e-10	0.00889513
1.29546e-10	0.00925411
1.29598e-10	0.00960813
1.2965e-10	0.00995719
1.29703e-10	0.0103013
1.29755e-10	0.0106406
1.29807e-10	0.010975
1.2986e-10	0.0113046
1.29912e-10	0.0116293
1.29964e-10	0.0119493
1.30017e-10	0.0122645
1.30069e-10	0.012575
1.30121e-10	0.0128808
1.30174e-10	0.013182
1.30226e-10	0.0134785
1.30279e-10	0.0137704
1.30331e-10	0.0140577
1.30383e-10	0.0143405
1.30436e-10	0.0146187
1.30488e-10	0.0148925
1.3054e-10	0.0151618
1.30593e-10	0.0154267
1.30645e-10	0.0156871
1.30697e-10	0.0159432
1.3075e-10	0.016195
1.30802e-10	0.0164424
1.30854e-10	0.0166855
1.30907e-10	0.0169244
1.30959e-10	0.0171591
1.31011e-10	0.0173895
1.31064e-10	0.0176158
1.31116e-10	0.017838
1.31169e-10	0.018056
1.31221e-10	0.01827
1.31273e-10	0.0184799
1.31326e-10	0.0186858
1.31378e-10	0.0188877
1.3143e-10	0.0190856
1.31483e-10	0.0192796
1.31535e-10	0.0194697
1.31587e-10	0.019656
1.3164e-10	0.0198384
1.31692e-10	0.0200169
1.31744e-10	0.0201917
1.31797e-10	0.0203628
1.31849e-10	0.0205301
1.31901e-10	0.0206937
1.31954e-10	0.0208537
1.32006e-10	0.02101
1.32058e-10	0.0211627
1.32111e-10	0.0213118
1.32163e-10	0.0214574
1.32216e-10	0.0215995
1.32268e-10	0.0217381
1.3232e-10	0.0218732
1.32373e-10	0.0220049
1.32425e-10	0.0221332
1.32477e-10	0.0222582
1.3253e-10	0.0223798
1.32582e-10	0.0224981
1.32634e-10	0.0226131
1.32687e-10	0.0227248
1.32739e-10	0.0228333
1.32791e-10	0.0229387
1.32844e-10	0.0230408
1.32896e-10	0.0231399
1.32948e-10	0.0232358
1.33001e-10	0.0233286
1.33053e-10	0.0234184
1.33106e-10	0.0235052
1.33158e-10	0.023589
1.3321e-10	0.0236698
1.33263e-10	0.0237477
1.33315e-10	0.0238227
1.33367e-10	0.0238948
1.3342e-10	0.023964
1.33472e-10	0.0240305
1.33524e-10	0.0240941
1.33577e-10	0.024155
1.33629e-10	0.0242131
1.33681e-10	0.0242685
1.33734e-10	0.0243213
1.33786e-10	0.0243713
1.33838e-10	0.0244188
1.33891e-10	0.0244637
1.33943e-10	0.024506
1.33996e-10	0.0245457
1.34048e-10	0.024583
1.341e-10	0.0246177
1.34153e-10	0.02465
1.34205e-10	0.0246798
1.34257e-10	0.0247073
1.3431e-10	0.0247323
1.34362e-10	0.024755
1.34414e-10	0.0247754
1.34467e-10	0.0247935
1.34519e-10	0.0248093
1.34571e-10	0.0248228
1.34624e-10	0.0248342
1.34676e-10	0.0248433
1.34728e-10	0.0248503
1.34781e-10	0.0248551
1.34833e-10	0.0248578
1.34886e-10	0.0248584
1.34938e-10	0.024857
1.3499e-10	0.0248535
1.35043e-10	0.024848
1.35095e-10	0.0248405
1.35147e-10	0.024831
1.352e-10	0.0248196
1.35252e-10	0.0248063
1.35304e-10	0.024791
1.35357e-10	0.024774
1.35409e-10	0.024755
1.35461e-10	0.0247343
1.35514e-10	0.0247117
1.35566e-10	0.0246874
1.35618e-10	0.0246614
1.35671e-10	0.0246336
1.35723e-10	0.0246041
1.35775e-10	0.024573
1.35828e-10	0.0245402
1.3588e-10	0.0245058
1.35933e-10	0.0244697
1.35985e-10	0.0244321
1.36037e-10	0.024393
1.3609e-10	0.0243523
1.36142e-10	0.0243101
1.36194e-10	0.0242663
1.36247e-10	0.0242212
1.36299e-10	0.0241745
1.36351e-10	0.0241265
1.36404e-10	0.0240771
1.36456e-10	0.0240262
1.36508e-10	0.0239741
1.36561e-10	0.0239205
1.36613e-10	0.0238657
1.36665e-10	0.0238096
1.36718e-10	0.0237522
1.3677e-10	0.0236935
1.36823e-10	0.0236336
1.36875e-10	0.0235726
1.36927e-10	0.0235103
1.3698e-10	0.0234468
1.37032e-10	0.0233822
1.37084e-10	0.0233165
1.37137e-10	0.0232497
1.37189e-10	0.0231817
1.37241e-10	0.0231128
1.37294e-10	0.0230427
1.37346e-10	0.0229717
1.37398e-10	0.0228996
1.37451e-10	0.0228265
1.37503e-10	0.0227525
1.37555e-10	0.0226775
1.37608e-10	0.0226016
1.3766e-10	0.0225247
1.37713e-10	0.022447
1.37765e-10	0.0223684
1.37817e-10	0.0222889
1.3787e-10	0.0222086
1.37922e-10	0.0221274
1.37974e-10	0.0220455
1.38027e-10	0.0219627
1.38079e-10	0.0218792
1.38131e-10	0.021795
1.38184e-10	0.02171
1.38236e-10	0.0216242
1.38288e-10	0.0215378
1.38341e-10	0.0214507
1.38393e-10	0.0213629
1.38445e-10	0.0212745
1.38498e-10	0.0211854
1.3855e-10	0.0210957
1.38603e-10	0.0210054
1.38655e-10	0.0209145
1.38707e-10	0.0208231
1.3876e-10	0.0207311
1.38812e-10	0.0206385
1.38864e-10	0.0205454
1.38917e-10	0.0204518
1.38969e-10	0.0203577
1.39021e-10	0.0202632
1.39074e-10	0.0201681
1.39126e-10	0.0200726
1.39178e-10	0.0199767
1.39231e-10	0.0198803
1.39283e-10	0.0197836
1.39335e-10	0.0196864
1.39388e-10	0.0195889
1.3944e-10	0.019491
1.39493e-10	0.0193927
1.39545e-10	0.0192941
1.39597e-10	0.0191952
1.3965e-10	0.0190959
1.39702e-10	0.0189964
1.39754e-10	0.0188966
1.39807e-10	0.0187965
1.39859e-10	0.0186961
1.39911e-10	0.0185955
1.39964e-10	0.0184946
1.40016e-10	0.0183936
1.40068e-10	0.0182923
1.40121e-10	0.0181908
1.40173e-10	0.0180891
1.40225e-10	0.0179872
1.40278e-10	0.0178852
1.4033e-10	0.017783
1.40382e-10	0.0176807
1.40435e-10	0.0175783
1.40487e-10	0.0174757
1.4054e-10	0.017373
1.40592e-10	0.0172702
1.40644e-10	0.0171674
1.40697e-10	0.0170644
1.40749e-10	0.0169614
1.40801e-10	0.0168584
1.40854e-10	0.0167552
1.40906e-10	0.0166521
1.40958e-10	0.0165489
1.41011e-10	0.0164457
1.41063e-10	0.0163425
1.41115e-10	0.0162393
1.41168e-10	0.0161361
1.4122e-10	0.016033
1.41272e-10	0.0159298
1.41325e-10	0.0158267
1.41377e-10	0.0157237
1.4143e-10	0.0156207
1.41482e-10	0.0155178
1.41534e-10	0.0154149
1.41587e-10	0.0153122
1.41639e-10	0.0152095
1.41691e-10	0.0151069
1.41744e-10	0.0150044
1.41796e-10	0.0149021
1.41848e-10	0.0147999
1.41901e-10	0.0146978
1.41953e-10	0.0145958
1.42005e-10	0.014494
1.42058e-10	0.0143924
1.4211e-10	0.0142909
1.42162e-10	0.0141895
1.42215e-10	0.0140884
1.42267e-10	0.0139874
1.4232e-10	0.0138866
1.42372e-10	0.0137861
1.42424e-10	0.0136857
1.42477e-10	0.0135855
1.42529e-10	0.0134856
1.42581e-10	0.0133858
1.42634e-10	0.0132863
1.42686e-10	0.0131871
1.42738e-10	0.013088
1.42791e-10	0.0129892
1.42843e-10	0.0128907
1.42895e-10	0.0127925
1.42948e-10	0.0126944
1.43e-10	0.0125967
1.43052e-10	0.0124992
1.43105e-10	0.0124021
1.43157e-10	0.0123052
1.4321e-10	0.0122086
1.43262e-10	0.0121123
1.43314e-10	0.0120162
1.43367e-10	0.0119205
1.43419e-10	0.0118251
1.43471e-10	0.0117301
1.43524e-10	0.0116353
1.43576e-10	0.0115409
1.43628e-10	0.0114468
1.43681e-10	0.011353
1.43733e-10	0.0112595
1.43785e-10	0.0111664
1.43838e-10	0.0110737
1.4389e-10	0.0109813
1.43942e-10	0.0108892
1.43995e-10	0.0107975
1.44047e-10	0.0107062
1.441e-10	0.0106152
1.44152e-10	0.0105246
1.44204e-10	0.0104344
1.44257e-10	0.0103445
1.44309e-10	0.010255
1.44361e-10	0.0101659
1.44414e-10	0.0100772
1.44466e-10	0.00998884
1.44518e-10	0.00990089
1.44571e-10	0.00981334
1.44623e-10	0.00972618
1.44675e-10	0.00963941
1.44728e-10	0.00955305
1.4478e-10	0.00946708
1.44832e-10	0.00938153
1.44885e-10	0.00929638
1.44937e-10	0.00921164
1.44989e-10	0.00912731
1.45042e-10	0.0090434
1.45094e-10	0.0089599
1.45147e-10	0.00887682
1.45199e-10	0.00879416
1.45251e-10	0.00871193
1.45304e-10	0.00863011
1.45356e-10	0.00854873
1.45408e-10	0.00846777
1.45461e-10	0.00838724
1.45513e-10	0.00830714
1.45565e-10	0.00822748
1.45618e-10	0.00814825
1.4567e-10	0.00806945
1.45722e-10	0.00799109
1.45775e-10	0.00791317
1.45827e-10	0.00783568
1.45879e-10	0.00775864
1.45932e-10	0.00768204
1.45984e-10	0.00760588
1.46037e-10	0.00753016
1.46089e-10	0.00745488
1.46141e-10	0.00738006
1.46194e-10	0.00730567
1.46246e-10	0.00723174
1.46298e-10	0.00715825
1.46351e-10	0.00708521
1.46403e-10	0.00701261
1.46455e-10	0.00694047
1.46508e-10	0.00686877
1.4656e-10	0.00679753
1.46612e-10	0.00672673
1.46665e-10	0.00665638
1.46717e-10	0.00658649
1.46769e-10	0.00651704
1.46822e-10	0.00644805
1.46874e-10	0.00637951
1.46927e-10	0.00631142
1.46979e-10	0.00624378
1.47031e-10	0.00617659
1.47084e-10	0.00610985
1.47136e-10	0.00604356
1.47188e-10	0.00597772
1.47241e-10	0.00591234
1.47293e-10	0.0058474
1.47345e-10	0.00578292
1.47398e-10	0.00571888
1.4745e-10	0.00565529
1.47502e-10	0.00559216
1.47555e-10	0.00552947
1.47607e-10	0.00546723
1.47659e-10	0.00540543
1.47712e-10	0.00534409
1.47764e-10	0.00528318
1.47817e-10	0.00522273
1.47869e-10	0.00516272
1.47921e-10	0.00510315
1.47974e-10	0.00504403
1.48026e-10	0.00498535
1.48078e-10	0.00492711
1.48131e-10	0.00486932
1.48183e-10	0.00481196
1.48235e-10	0.00475504
1.48288e-10	0.00469856
1.4834e-10	0.00464252
1.48392e-10	0.00458692
1.48445e-10	0.00453175
1.48497e-10	0.00447701
1.48549e-10	0.00442271
1.48602e-10	0.00436884
1.48654e-10	0.0043154
1.48706e-10	0.00426239
1.48759e-10	0.00420981
1.48811e-10	0.00415765
1.48864e-10	0.00410592
1.48916e-10	0.00405462
1.48968e-10	0.00400374
1.49021e-10	0.00395328
1.49073e-10	0.00390324
1.49125e-10	0.00385362
1.49178e-10	0.00380442
1.4923e-10	0.00375564
1.49282e-10	0.00370727
1.49335e-10	0.00365931
1.49387e-10	0.00361177
1.49439e-10	0.00356464
1.49492e-10	0.00351791
1.49544e-10	0.0034716
1.49596e-10	0.00342569
1.49649e-10	0.00338018
1.49701e-10	0.00333507
1.49754e-10	0.00329037
1.49806e-10	0.00324607
1.49858e-10	0.00320216
1.49911e-10	0.00315865
1.49963e-10	0.00311554
1.50015e-10	0.00307281
1.50068e-10	0.00303048
1.5012e-10	0.00298854
1.50172e-10	0.00294698
1.50225e-10	0.00290581
1.50277e-10	0.00286502
1.50329e-10	0.00282462
1.50382e-10	0.00278459
1.50434e-10	0.00274495
1.50486e-10	0.00270568
1.50539e-10	0.00266678
1.50591e-10	0.00262826
1.50644e-10	0.00259011
1.50696e-10	0.00255233
1.50748e-10	0.00251491
1.50801e-10	0.00247786
1.50853e-10	0.00244117
1.50905e-10	0.00240485
1.50958e-10	0.00236888
1.5101e-10	0.00233327
1.51062e-10	0.00229802
1.51115e-10	0.00226312
1.51167e-10	0.00222857
1.51219e-10	0.00219437
1.51272e-10	0.00216052
1.51324e-10	0.00212702
1.51376e-10	0.00209386
1.51429e-10	0.00206104
1.51481e-10	0.00202855
1.51534e-10	0.00199641
1.51586e-10	0.0019646
1.51638e-10	0.00193313
1.51691e-10	0.00190199
1.51743e-10	0.00187118
1.51795e-10	0.00184069
1.51848e-10	0.00181053
1.519e-10	0.00178069
1.51952e-10	0.00175118
1.52005e-10	0.00172198
1.52057e-10	0.0016931
1.52109e-10	0.00166454
1.52162e-10	0.00163629
1.52214e-10	0.00160835
1.52266e-10	0.00158072
1.52319e-10	0.00155339
1.52371e-10	0.00152637
1.52424e-10	0.00149966
1.52476e-10	0.00147324
1.52528e-10	0.00144712
1.52581e-10	0.0014213
1.52633e-10	0.00139577
1.52685e-10	0.00137054
1.52738e-10	0.0013456
1.5279e-10	0.00132094
1.52842e-10	0.00129657
1.52895e-10	0.00127249
1.52947e-10	0.00124868
1.52999e-10	0.00122516
1.53052e-10	0.00120191
1.53104e-10	0.00117894
1.53156e-10	0.00115625
1.53209e-10	0.00113382
1.53261e-10	0.00111167
1.53313e-10	0.00108978
1.53366e-10	0.00106816
1.53418e-10	0.0010468
1.53471e-10	0.00102571
1.53523e-10	0.00100487
1.53575e-10	0.000984291
1.53628e-10	0.000963967
1.5368e-10	0.000943896
1.53732e-10	0.000924077
1.53785e-10	0.000904507
1.53837e-10	0.000885185
1.53889e-10	0.000866107
1.53942e-10	0.000847273
1.53994e-10	0.00082868
1.54046e-10	0.000810327
1.54099e-10	0.000792211
1.54151e-10	0.00077433
1.54203e-10	0.000756683
1.54256e-10	0.000739267
1.54308e-10	0.00072208
1.54361e-10	0.000705121
1.54413e-10	0.000688387
1.54465e-10	0.000671877
1.54518e-10	0.000655589
1.5457e-10	0.00063952
1.54622e-10	0.000623669
1.54675e-10	0.000608034
1.54727e-10	0.000592612
1.54779e-10	0.000577403
1.54832e-10	0.000562404
1.54884e-10	0.000547613
1.54936e-10	0.000533028
1.54989e-10	0.000518648
1.55041e-10	0.00050447
1.55093e-10	0.000490493
1.55146e-10	0.000476715
1.55198e-10	0.000463134
1.55251e-10	0.000449748
1.55303e-10	0.000436555
1.55355e-10	0.000423554
1.55408e-10	0.000410743
1.5546e-10	0.000398119
1.55512e-10	0.000385681
1.55565e-10	0.000373428
1.55617e-10	0.000361357
1.55669e-10	0.000349467
1.55722e-10	0.000337756
1.55774e-10	0.000326222
1.55826e-10	0.000314864
1.55879e-10	0.000303679
1.55931e-10	0.000292666
1.55983e-10	0.000281824
1.56036e-10	0.00027115
1.56088e-10	0.000260642
1.56141e-10	0.0002503
1.56193e-10	0.000240122
1.56245e-10	0.000230105
1.56298e-10	0.000220248
1.5635e-10	0.000210549
1.56402e-10	0.000201008
1.56455e-10	0.000191621
1.56507e-10	0.000182388
1.56559e-10	0.000173307
1.56612e-10	0.000164376
1.56664e-10	0.000155594
1.56716e-10	0.000146959
1.56769e-10	0.000138469
1.56821e-10	0.000130124
1.56873e-10	0.00012192
1.56926e-10	0.000113858
1.56978e-10	0.000105934
1.57031e-10	9.81487e-05
1.57083e-10	9.04993e-05
1.57135e-10	8.29845e-05
1.57188e-10	7.56028e-05
1.5724e-10	6.83529e-05
1.57292e-10	6.12331e-05
1.57345e-10	5.42419e-05
1.57397e-10	4.7378e-05
1.57449e-10	4.06399e-05
1.57502e-10	3.40261e-05
1.57554e-10	2.75352e-05
1.57606e-10	2.11657e-05
1.57659e-10	1.49163e-05
1.57711e-10	8.78547e-06
1.57763e-10	2.77188e-06
1.57816e-10	-3.12586e-06
1.57868e-10	-8.90914e-06
1.5792e-10	-1.45793e-05
1.57973e-10	-2.01378e-05
1.58025e-10	-2.55858e-05
1.58078e-10	-3.09249e-05
1.5813e-10	-3.61562e-05
1.58182e-10	-4.12811e-05
1.58235e-10	-4.63009e-05
1.58287e-10	-5.12169e-05
1.58339e-10	-5.60304e-05
1.58392e-10	-6.07427e-05
1.58444e-10	-6.53551e-05
1.58496e-10	-6.98687e-05
1.58549e-10	-7.42849e-05
1.58601e-10	-7.86049e-05
1.58653e-10	-8.28299e-05
1.58706e-10	-8.69612e-05
1.58758e-10	-9.09999e-05
1.5881e-10	-9.49473e-05
1.58863e-10	-9.88045e-05
1.58915e-10	-0.000102573
1.58968e-10	-0.000106253
1.5902e-10	-0.000109847
1.59072e-10	-0.000113355
1.59125e-10	-0.000116779
1.59177e-10	-0.00012012
1.59229e-10	-0.000123379
1.59282e-10	-0.000126556
1.59334e-10	-0.000129654
1.59386e-10	-0.000132673
1.59439e-10	-0.000135615
1.59491e-10	-0.000138479
1.59543e-10	-0.000141268
1.59596e-10	-0.000143983
1.59648e-10	-0.000146624
1.597e-10	-0.000149193
1.59753e-10	-0.000151691
1.59805e-10	-0.000154118
1.59858e-10	-0.000156475
1.5991e-10	-0.000158764
1.59962e-10	-0.000160986
1.60015e-10	-0.000163142
1.60067e-10	-0.000165232
1.60119e-10	-0.000167258
1.60172e-10	-0.00016922
1.60224e-10	-0.000171119
1.60276e-10	-0.000172957
1.60329e-10	-0.000174735
1.60381e-10	-0.000176452
1.60433e-10	-0.000178111
1.60486e-10	-0.000179711
1.60538e-10	-0.000181255
1.6059e-10	-0.000182742
1.60643e-10	-0.000184174
1.60695e-10	-0.000185552
1.60748e-10	-0.000186876
1.608e-10	-0.000188147
1.60852e-10	-0.000189367
1.60905e-10	-0.000190535
1.60957e-10	-0.000191653
1.61009e-10	-0.000192722
1.61062e-10	-0.000193741
1.61114e-10	-0.000194714
1.61166e-10	-0.000195639
1.61219e-10	-0.000196517
1.61271e-10	-0.000197351
1.61323e-10	-0.000198139
1.61376e-10	-0.000198884
1.61428e-10	-0.000199585
1.6148e-10	-0.000200244
1.61533e-10	-0.000200861
1.61585e-10	-0.000201437
1.61637e-10	-0.000201972
1.6169e-10	-0.000202468
1.61742e-10	-0.000202925
1.61795e-10	-0.000203344
1.61847e-10	-0.000203726
1.61899e-10	-0.00020407
1.61952e-10	-0.000204378
1.62004e-10	-0.000204651
1.62056e-10	-0.000204889
1.62109e-10	-0.000205093
1.62161e-10	-0.000205263
1.62213e-10	-0.0002054
1.62266e-10	-0.000205504
1.62318e-10	-0.000205577
1.6237e-10	-0.000205619
1.62423e-10	-0.000205631
1.62475e-10	-0.000205612
1.62527e-10	-0.000205564
1.6258e-10	-0.000205488
1.62632e-10	-0.000205383
1.62685e-10	-0.00020525
1.62737e-10	-0.000205091
1.62789e-10	-0.000204905
1.62842e-10	-0.000204693
1.62894e-10	-0.000204456
1.62946e-10	-0.000204194
1.62999e-10	-0.000203907
1.63051e-10	-0.000203597
1.63103e-10	-0.000203263
1.63156e-10	-0.000202907
1.63208e-10	-0.000202528
1.6326e-10	-0.000202127
1.63313e-10	-0.000201705
1.63365e-10	-0.000201263
1.63417e-10	-0.000200799
1.6347e-10	-0.000200316
1.63522e-10	-0.000199814
1.63575e-10	-0.000199292
1.63627e-10	-0.000198753
1.63679e-10	-0.000198194
1.63732e-10	-0.000197619
1.63784e-10	-0.000197026
1.63836e-10	-0.000196416
1.63889e-10	-0.00019579
1.63941e-10	-0.000195148
1.63993e-10	-0.00019449
1.64046e-10	-0.000193818
1.64098e-10	-0.00019313
1.6415e-10	-0.000192429
1.64203e-10	-0.000191713
1.64255e-10	-0.000190983
1.64307e-10	-0.000190241
1.6436e-10	-0.000189486
1.64412e-10	-0.000188718
1.64465e-10	-0.000187938
1.64517e-10	-0.000187146
1.64569e-10	-0.000186343
1.64622e-10	-0.000185529
1.64674e-10	-0.000184704
1.64726e-10	-0.000183869
1.64779e-10	-0.000183023
1.64831e-10	-0.000182168
1.64883e-10	-0.000181304
1.64936e-10	-0.00018043
1.64988e-10	-0.000179548
1.6504e-10	-0.000178657
1.65093e-10	-0.000177758
1.65145e-10	-0.000176852
1.65197e-10	-0.000175937
1.6525e-10	-0.000175015
1.65302e-10	-0.000174087
1.65355e-10	-0.000173151
1.65407e-10	-0.000172209
1.65459e-10	-0.000171261
1.65512e-10	-0.000170307
1.65564e-10	-0.000169347
1.65616e-10	-0.000168382
1.65669e-10	-0.000167411
1.65721e-10	-0.000166436
1.65773e-10	-0.000165456
1.65826e-10	-0.000164472
1.65878e-10	-0.000163483
1.6593e-10	-0.000162491
1.65983e-10	-0.000161494
1.66035e-10	-0.000160494
1.66087e-10	-0.000159491
1.6614e-10	-0.000158485
1.66192e-10	-0.000157476
1.66244e-10	-0.000156464
1.66297e-10	-0.00015545
1.66349e-10	-0.000154433
1.66402e-10	-0.000153415
1.66454e-10	-0.000152394
1.66506e-10	-0.000151372
1.66559e-10	-0.000150349
1.66611e-10	-0.000149324
1.66663e-10	-0.000148298
1.66716e-10	-0.000147271
1.66768e-10	-0.000146243
1.6682e-10	-0.000145214
1.66873e-10	-0.000144186
1.66925e-10	-0.000143157
1.66977e-10	-0.000142127
1.6703e-10	-0.000141098
1.67082e-10	-0.000140069
1.67134e-10	-0.00013904
1.67187e-10	-0.000138012
1.67239e-10	-0.000136985
1.67292e-10	-0.000135958
1.67344e-10	-0.000134932
1.67396e-10	-0.000133907
1.67449e-10	-0.000132884
1.67501e-10	-0.000131861
1.67553e-10	-0.00013084
1.67606e-10	-0.000129821
1.67658e-10	-0.000128803
1.6771e-10	-0.000127788
1.67763e-10	-0.000126774
1.67815e-10	-0.000125762
1.67867e-10	-0.000124752
1.6792e-10	-0.000123745
1.67972e-10	-0.000122739
1.68024e-10	-0.000121737
1.68077e-10	-0.000120737
1.68129e-10	-0.000119739
1.68182e-10	-0.000118745
1.68234e-10	-0.000117753
1.68286e-10	-0.000116764
1.68339e-10	-0.000115778
1.68391e-10	-0.000114795
1.68443e-10	-0.000113816
1.68496e-10	-0.00011284
