% time-domain voltage integration by openEMS v0.0.36-93-g7b9cd51 @Thu Sep 24 16:18:10 2026
% start-coordinates: (0.0583,0,0.000128475) m -> [75,3,5]
% stop-coordinates: (0.0583,0,0.0021) m -> [75,3,7]
% t/s	voltage
0	-0
3.66465582417e-12	-0
7.32931164835e-12	-0
1.09939674725e-11	-0
1.46586232967e-11	-0
1.83232791209e-11	-0
2.1987934945e-11	-1.03894235792e-35
2.56525907692e-11	-1.28403614167e-31
2.93172465934e-11	-1.05627295276e-28
3.29819024176e-11	-2.49937229199e-26
3.66465582417e-11	-2.35713926177e-24
4.03112140659e-11	-1.09294673134e-22
4.39758698901e-11	-2.88518426713e-21
4.76405257142e-11	-4.83784683421e-20
5.13051815384e-11	-5.59681769724e-19
5.49698373626e-11	-4.76244750223e-18
5.86344931868e-11	-3.13409949438e-17
6.22991490109e-11	-1.65968350369e-16
6.59638048351e-11	-7.29906118046e-16
6.96284606593e-11	-2.7330041086e-15
7.32931164835e-11	-8.8768775469e-15
7.69577723076e-11	-2.53115323501e-14
8.06224281318e-11	-6.35799997923e-14
8.4287083956e-11	-1.3937874631e-13
8.79517397801e-11	-2.57310232149e-13
9.16163956043e-11	-3.54481397848e-13
9.52810514285e-11	-1.44889995828e-13
9.89457072527e-11	1.24492064335e-12
1.02610363077e-10	6.03331642458e-12
1.06275018901e-10	1.92104561425e-11
1.09939674725e-10	5.09954821426e-11
1.13604330549e-10	1.20709347032e-10
1.17268986374e-10	2.62322854411e-10
1.20933642198e-10	5.31538875415e-10
1.24598298022e-10	1.01343634873e-09
1.28262953846e-10	1.82828976958e-09
1.3192760967e-10	3.13107445526e-09
1.35592265494e-10	5.09734510157e-09
1.39256921319e-10	7.88480258862e-09
1.42921577143e-10	1.15562772685e-08
1.46586232967e-10	1.59467326011e-08
1.50250888791e-10	2.04553067817e-08
1.53915544615e-10	2.37445183515e-08
1.57580200439e-10	2.33347701162e-08
1.61244856264e-10	1.5094045569e-08
1.64909512088e-10	-7.35687311071e-09
1.68574167912e-10	-5.32755182192e-08
1.72238823736e-10	-1.3538166499e-07
1.7590347956e-10	-2.70272128233e-07
1.79568135384e-10	-4.78508496826e-07
1.83232791209e-10	-7.84193701975e-07
1.86897447033e-10	-1.21384849194e-06
1.90562102857e-10	-1.79441593673e-06
1.94226758681e-10	-2.55026802165e-06
1.97891414505e-10	-3.4991782627e-06
2.0155607033e-10	-4.64732295313e-06
2.05220726154e-10	-5.98352050929e-06
2.08885381978e-10	-7.47306887661e-06
2.12550037802e-10	-9.05175534172e-06
2.16214693626e-10	-1.0620726016e-05
2.1987934945e-10	-1.20431348023e-05
2.23544005275e-10	-1.31435408548e-05
2.27208661099e-10	-1.37109495881e-05
2.30873316923e-10	-1.35064187816e-05
2.34537972747e-10	-1.22755031953e-05
2.38202628571e-10	-9.76557635113e-06
2.41867284395e-10	-5.74723992486e-06
2.4553194022e-10	-3.85660783309e-08
2.49196596044e-10	7.4697564969e-06
2.52861251868e-10	1.67905682247e-05
2.56525907692e-10	2.78200050161e-05
2.60190563516e-10	4.03234330406e-05
2.6385521934e-10	5.39293287147e-05
2.67519875165e-10	6.81335495756e-05
2.71184530989e-10	8.23149603093e-05
2.74849186813e-10	9.57633328653e-05
2.78513842637e-10	0.000107719553853
2.82178498461e-10	0.000117426550787
2.85843154285e-10	0.000124187321489
2.8950781011e-10	0.000127425446408
2.93172465934e-10	0.000126741490021
2.96837121758e-10	0.000121959044918
3.00501777582e-10	0.000113153859274
3.04166433406e-10	0.000100662742625
3.07831089231e-10	8.50701226227e-05
3.11495745055e-10	6.71743473504e-05
3.15160400879e-10	4.79355294374e-05
3.18825056703e-10	2.84109037239e-05
3.22489712527e-10	9.67981179656e-06
3.26154368351e-10	-7.23559458038e-06
3.29819024176e-10	-2.14515350763e-05
3.3348368e-10	-3.22979822158e-05
3.37148335824e-10	-3.93832233385e-05
3.40812991648e-10	-4.26361116297e-05
3.44477647472e-10	-4.23188635068e-05
3.48142303296e-10	-3.90027917092e-05
3.51806959121e-10	-3.35067438755e-05
3.55471614945e-10	-2.68042958851e-05
3.59136270769e-10	-1.99134071863e-05
3.62800926593e-10	-1.37850317969e-05
3.66465582417e-10	-9.20726756704e-06
3.70130238241e-10	-6.73633678616e-06
3.73794894066e-10	-6.65773438868e-06
3.7745954989e-10	-8.97381482901e-06
3.81124205714e-10	-1.34108627208e-05
3.84788861538e-10	-1.94401509361e-05
3.88453517362e-10	-2.63120700765e-05
3.92118173186e-10	-3.31090263899e-05
3.95782829011e-10	-3.88238840969e-05
3.99447484835e-10	-4.24674567512e-05
4.03112140659e-10	-4.31972111983e-05
4.06776796483e-10	-4.0448382606e-05
4.10441452307e-10	-3.40383894581e-05
4.14106108132e-10	-2.42173227889e-05
4.17770763956e-10	-1.16466802638e-05
4.2143541978e-10	2.69112086926e-06
4.25100075604e-10	1.76302633008e-05
4.28764731428e-10	3.1971282624e-05
4.32429387252e-10	4.46071971965e-05
4.36094043077e-10	5.46047522221e-05
4.39758698901e-10	6.12395906501e-05
4.43423354725e-10	6.40051766823e-05
4.47088010549e-10	6.26220517006e-05
4.50752666373e-10	5.70684924242e-05
4.54417322197e-10	4.76320992675e-05
4.58081978022e-10	3.49586753146e-05
4.61746633846e-10	2.00602596578e-05
4.6541128967e-10	4.24790368925e-06
4.69075945494e-10	-1.10215917175e-05
4.72740601318e-10	-2.43602075898e-05
4.76405257142e-10	-3.4671276353e-05
4.80069912967e-10	-4.13133293478e-05
4.83734568791e-10	-4.41558440798e-05
4.87399224615e-10	-4.35125243712e-05
4.91063880439e-10	-3.99847190238e-05
4.94728536263e-10	-3.42774405908e-05
4.98393192087e-10	-2.70595714937e-05
5.02057847912e-10	-1.89123684322e-05
5.05722503736e-10	-1.03674087768e-05
5.0938715956e-10	-1.98933065576e-06
5.13051815384e-10	5.5655474398e-06
5.16716471208e-10	1.15734394512e-05
5.20381127033e-10	1.53677449362e-05
5.24045782857e-10	1.65273681887e-05
5.27710438681e-10	1.50502519318e-05
5.31375094505e-10	1.14257773021e-05
5.35039750329e-10	6.55400378946e-06
5.38704406153e-10	1.5221552303e-06
5.42369061978e-10	-2.68898349987e-06
5.46033717802e-10	-5.46054633332e-06
5.49698373626e-10	-6.65568177283e-06
5.5336302945e-10	-6.56146880829e-06
5.57027685274e-10	-5.68302721149e-06
5.60692341098e-10	-4.4833194579e-06
5.64356996923e-10	-3.18381586339e-06
5.68021652747e-10	-1.71310654196e-06
5.71686308571e-10	1.78714731902e-07
5.75350964395e-10	2.69906689709e-06
5.79015620219e-10	5.79840957471e-06
5.82680276043e-10	9.07517608084e-06
5.86344931868e-10	1.18594377909e-05
5.90009587692e-10	1.34504939524e-05
5.93674243516e-10	1.34060758228e-05
5.9733889934e-10	1.17504766877e-05
6.01003555164e-10	8.99887209016e-06
6.04668210989e-10	5.9757036297e-06
6.08332866813e-10	3.49682386513e-06
6.11997522637e-10	2.04935997772e-06
6.15662178461e-10	1.60678220595e-06
6.19326834285e-10	1.66039959026e-06
6.22991490109e-10	1.45613718416e-06
6.26656145934e-10	3.3559000201e-07
6.30320801758e-10	-1.96528668539e-06
6.33985457582e-10	-5.18875731359e-06
6.37650113406e-10	-8.65360539137e-06
6.4131476923e-10	-1.15326947707e-05
6.44979425054e-10	-1.3182626617e-05
6.48644080879e-10	-1.33755204388e-05
6.52308736703e-10	-1.23298723338e-05
6.55973392527e-10	-1.0533537079e-05
6.59638048351e-10	-8.45105637381e-06
6.63302704175e-10	-6.26129565262e-06
6.66967359999e-10	-3.75537962327e-06
6.70632015824e-10	-4.4812760791e-07
6.74296671648e-10	4.14591465869e-06
6.77961327472e-10	1.01961433074e-05
6.81625983296e-10	1.73447117504e-05
6.8529063912e-10	2.47008365477e-05
6.88955294944e-10	3.10546110995e-05
6.92619950769e-10	3.52303231921e-05
6.96284606593e-10	3.64401357729e-05
6.99949262417e-10	3.44982199749e-05
7.03613918241e-10	2.98155773635e-05
7.07278574065e-10	2.31922558669e-05
7.1094322989e-10	1.55117361373e-05
7.14607885714e-10	7.47957335534e-06
7.18272541538e-10	-4.823343005e-07
7.21937197362e-10	-8.16037470486e-06
7.25601853186e-10	-1.53594851326e-05
7.2926650901e-10	-2.17208416871e-05
7.32931164835e-10	-2.66571032626e-05
7.36595820659e-10	-2.94516507893e-05
7.40260476483e-10	-2.94838923764e-05
7.43925132307e-10	-2.64830637207e-05
7.47589788131e-10	-2.06988820537e-05
7.51254443955e-10	-1.29124862269e-05
7.5491909978e-10	-4.27572916806e-06
7.58583755604e-10	3.96459438434e-06
7.62248411428e-10	1.0754676623e-05
7.65913067252e-10	1.54282483891e-05
7.69577723076e-10	1.77457686732e-05
7.732423789e-10	1.77892175088e-05
7.76907034725e-10	1.57918630066e-05
7.80571690549e-10	1.20063884879e-05
7.84236346373e-10	6.68207155741e-06
7.87901002197e-10	1.46981662397e-07
7.91565658021e-10	-7.07701212832e-06
7.95230313845e-10	-1.42219321333e-05
7.9889496967e-10	-2.03444744784e-05
8.02559625494e-10	-2.45103369707e-05
8.06224281318e-10	-2.60215279013e-05
8.09888937142e-10	-2.45947771873e-05
8.13553592966e-10	-2.04221464628e-05
8.17218248791e-10	-1.40958416068e-05
8.20882904615e-10	-6.43130408662e-06
8.24547560439e-10	1.74063950453e-06
8.28212216263e-10	9.73186536157e-06
8.31876872087e-10	1.70463299582e-05
8.35541527911e-10	2.33138362091e-05
8.39206183736e-10	2.81628463199e-05
8.4287083956e-10	3.11300932481e-05
8.46535495384e-10	3.16922314596e-05
8.50200151208e-10	2.94375049634e-05
8.53864807032e-10	2.43035410676e-05
8.57529462856e-10	1.67503176272e-05
8.61194118681e-10	7.75377611717e-06
8.64858774505e-10	-1.40677593663e-06
8.68523430329e-10	-9.48989213612e-06
8.72188086153e-10	-1.56196726948e-05
8.75852741977e-10	-1.9468558321e-05
8.79517397801e-10	-2.1232736799e-05
8.83182053626e-10	-2.14278891235e-05
8.8684670945e-10	-2.0599415393e-05
8.90511365274e-10	-1.90710838979e-05
8.94176021098e-10	-1.68382264292e-05
8.97840676922e-10	-1.36576775276e-05
9.01505332747e-10	-9.30071985294e-06
9.05169988571e-10	-3.85028914707e-06
9.08834644395e-10	2.11960536944e-06
9.12499300219e-10	7.60664431709e-06
9.16163956043e-10	1.14937408853e-05
9.19828611867e-10	1.29838190333e-05
9.23493267692e-10	1.19459662073e-05
9.27157923516e-10	8.99625513284e-06
9.3082257934e-10	5.26561535708e-06
9.34487235164e-10	1.96059664859e-06
9.38151890988e-10	-8.51969890192e-08
9.41816546812e-10	-6.81862637464e-07
9.45481202637e-10	-2.78282303867e-07
9.49145858461e-10	2.98740836513e-07
9.52810514285e-10	2.46744814802e-07
9.56475170109e-10	-8.31301562698e-07
9.60139825933e-10	-2.72484942343e-06
9.63804481757e-10	-4.68962730338e-06
9.67469137582e-10	-5.78303786369e-06
9.71133793406e-10	-5.32247065621e-06
9.7479844923e-10	-3.24832899423e-06
9.78463105054e-10	-2.00523572857e-07
9.82127760878e-10	2.74761913488e-06
9.85792416702e-10	4.5743719852e-06
9.89457072527e-10	4.77398634757e-06
9.93121728351e-10	3.5723272731e-06
9.96786384175e-10	1.80275827688e-06
1.00045104e-09	5.1792946465e-07
1.00411569582e-09	5.26824905478e-07
1.00778035165e-09	2.05294855959e-06
1.01144500747e-09	4.63890171432e-06
1.0151096633e-09	7.31830300538e-06
1.01877431912e-09	8.98632094959e-06
1.02243897494e-09	8.83113398231e-06
1.02610363077e-09	6.65983839099e-06
1.02976828659e-09	2.97623029155e-06
1.03343294242e-09	-1.23771955884e-06
1.03709759824e-09	-4.94764600489e-06
1.04076225407e-09	-7.49626292418e-06
1.04442690989e-09	-8.8232093276e-06
1.04809156571e-09	-9.37191987305e-06
1.05175622154e-09	-9.75319210283e-06
1.05542087736e-09	-1.03612979956e-05
1.05908553319e-09	-1.11437600481e-05
1.06275018901e-09	-1.16198334581e-05
1.06641484483e-09	-1.11065047577e-05
1.07007950066e-09	-9.02667068203e-06
1.07374415648e-09	-5.16964894359e-06
1.07740881231e-09	1.78665075623e-07
1.08107346813e-09	6.26991550234e-06
1.08473812396e-09	1.20816982871e-05
1.08840277978e-09	1.66086294939e-05
1.0920674356e-09	1.91570215975e-05
1.09573209143e-09	1.95221207377e-05
1.09939674725e-09	1.79661865332e-05
1.10306140308e-09	1.50161317833e-05
1.1067260589e-09	1.12010329758e-05
1.11039071472e-09	6.88022203121e-06
1.11405537055e-09	2.24223001055e-06
1.11772002637e-09	-2.5662145049e-06
1.1213846822e-09	-7.30185547582e-06
1.12504933802e-09	-1.15821146665e-05
1.12871399385e-09	-1.49552870425e-05
1.13237864967e-09	-1.7020003952e-05
1.13604330549e-09	-1.75165846485e-05
1.13970796132e-09	-1.63604054251e-05
1.14337261714e-09	-1.36382657274e-05
1.14703727297e-09	-9.59905219133e-06
1.15070192879e-09	-4.63970826559e-06
1.15436658461e-09	7.31904279405e-07
1.15803124044e-09	5.96365669026e-06
1.16169589626e-09	1.05276851627e-05
1.16536055209e-09	1.3958801901e-05
1.16902520791e-09	1.58630646183e-05
1.17268986374e-09	1.59414450991e-05
1.17635451956e-09	1.40687086514e-05
1.18001917538e-09	1.04097849771e-05
1.18368383121e-09	5.48652576526e-06
1.18734848703e-09	1.05065513623e-07
1.19101314286e-09	-4.86789389242e-06
1.19467779868e-09	-8.78024206941e-06
1.1983424545e-09	-1.13720366244e-05
1.20200711033e-09	-1.27584448819e-05
1.20567176615e-09	-1.32418192607e-05
1.20933642198e-09	-1.30732935304e-05
1.2130010778e-09	-1.22961735087e-05
1.21666573363e-09	-1.07376804408e-05
1.22033038945e-09	-8.13224676222e-06
1.22399504527e-09	-4.31112340493e-06
1.2276597011e-09	6.14906198848e-07
1.23132435692e-09	6.14581279024e-06
1.23498901275e-09	1.14173183192e-05
1.23865366857e-09	1.53945936745e-05
1.24231832439e-09	1.72041886799e-05
1.24598298022e-09	1.64806015164e-05
1.24964763604e-09	1.35540724386e-05
1.25331229187e-09	9.3526253977e-06
1.25697694769e-09	5.03527320461e-06
1.26064160352e-09	1.52563939082e-06
1.26430625934e-09	-8.21384944061e-07
1.26797091516e-09	-2.26288739213e-06
1.27163557099e-09	-3.42312472412e-06
1.27530022681e-09	-4.90564877964e-06
1.27896488264e-09	-6.95565574915e-06
1.28262953846e-09	-9.31374438551e-06
1.28629419428e-09	-1.13044488899e-05
1.28995885011e-09	-1.21128186947e-05
1.29362350593e-09	-1.11428255423e-05
1.29728816176e-09	-8.32072805679e-06
1.30095281758e-09	-4.2107035938e-06
1.30461747341e-09	1.36962455599e-07
1.30828212923e-09	3.57224945446e-06
1.31194678505e-09	5.31030087814e-06
1.31561144088e-09	5.25271576635e-06
1.3192760967e-09	3.99886317837e-06
1.32294075253e-09	2.53492027014e-06
1.32660540835e-09	1.7600782769e-06
1.33027006417e-09	2.08589713679e-06
1.33393472e-09	3.2935862464e-06
1.33759937582e-09	4.68852528002e-06
1.34126403165e-09	5.44989984519e-06
1.34492868747e-09	5.00408845028e-06
1.3485933433e-09	3.26772067183e-06
1.35225799912e-09	6.76903276542e-07
1.35592265494e-09	-1.99606790829e-06
1.35958731077e-09	-3.96217797061e-06
1.36325196659e-09	-4.74328743394e-06
1.36691662242e-09	-4.3647580128e-06
1.37058127824e-09	-3.3195111655e-06
1.37424593406e-09	-2.31115083693e-06
1.37791058989e-09	-1.89908408288e-06
1.38157524571e-09	-2.22540211325e-06
1.38523990154e-09	-2.96306984637e-06
1.38890455736e-09	-3.50161519691e-06
1.39256921319e-09	-3.26272169104e-06
1.39623386901e-09	-1.9775285125e-06
1.39989852483e-09	2.01556126456e-07
1.40356318066e-09	2.78426472278e-06
1.40722783648e-09	5.15535856493e-06
1.41089249231e-09	6.80775519868e-06
1.41455714813e-09	7.49759271912e-06
1.41822180395e-09	7.2723556741e-06
1.42188645978e-09	6.37753896626e-06
1.4255511156e-09	5.09619616196e-06
1.42921577143e-09	3.60354044915e-06
1.43288042725e-09	1.91047118392e-06
1.43654508308e-09	-7.38288221669e-08
1.4402097389e-09	-2.3983945141e-06
1.44387439472e-09	-4.93638964372e-06
1.44753905055e-09	-7.35042567612e-06
1.45120370637e-09	-9.18901844216e-06
1.4548683622e-09	-1.00663056628e-05
1.45853301802e-09	-9.82360711532e-06
1.46219767384e-09	-8.58313740082e-06
1.46586232967e-09	-6.66752919187e-06
1.46952698549e-09	-4.4337300551e-06
1.47319164132e-09	-2.11336896427e-06
1.47685629714e-09	2.54827646984e-07
1.48052095297e-09	2.76632437135e-06
1.48418560879e-09	5.49456001409e-06
1.48785026461e-09	8.31961108361e-06
1.49151492044e-09	1.08417833644e-05
1.49517957626e-09	1.24491193674e-05
1.49884423209e-09	1.25355436467e-05
1.50250888791e-09	1.07825820805e-05
1.50617354374e-09	7.36498645892e-06
1.50983819956e-09	2.96134038535e-06
1.51350285538e-09	-1.4596624851e-06
1.51716751121e-09	-4.99287466482e-06
1.52083216703e-09	-7.12853773166e-06
1.52449682286e-09	-7.90754654645e-06
1.52816147868e-09	-7.8298810422e-06
1.5318261345e-09	-7.56114854994e-06
1.53549079033e-09	-7.57380246341e-06
1.53915544615e-09	-7.88867828305e-06
1.54282010198e-09	-8.04011619948e-06
1.5464847578e-09	-7.29518990283e-06
1.55014941363e-09	-5.04328028228e-06
1.55381406945e-09	-1.18231798751e-06
1.55747872527e-09	3.69224869701e-06
1.5611433811e-09	8.41671180751e-06
1.56480803692e-09	1.16808855637e-05
1.56847269275e-09	1.25622148062e-05
1.57213734857e-09	1.0921165881e-05
1.57580200439e-09	7.46257080664e-06
1.57946666022e-09	3.42942331599e-06
1.58313131604e-09	7.36659875877e-08
1.58679597187e-09	-1.84999490216e-06
1.59046062769e-09	-2.34584734926e-06
1.59412528352e-09	-2.09239067317e-06
1.59778993934e-09	-2.06370566502e-06
1.60145459516e-09	-3.02736123103e-06
1.60511925099e-09	-5.13632664934e-06
1.60878390681e-09	-7.79696483733e-06
1.61244856264e-09	-9.88875649455e-06
1.61611321846e-09	-1.02600241689e-05
1.61977787428e-09	-8.28720817481e-06
1.62344253011e-09	-4.23033134211e-06
1.62710718593e-09	8.06649623541e-07
1.63077184176e-09	5.31454668362e-06
1.63443649758e-09	8.01582984877e-06
1.63810115341e-09	8.39272161102e-06
1.64176580923e-09	6.85668487677e-06
1.64543046505e-09	4.49531177082e-06
1.64909512088e-09	2.54016433132e-06
1.6527597767e-09	1.81449371439e-06
1.65642443253e-09	2.40288136411e-06
1.66008908835e-09	3.66416236375e-06
1.66375374417e-09	4.56039185792e-06
1.6674184e-09	4.15354287497e-06
1.67108305582e-09	2.06230237154e-06
1.67474771165e-09	-1.31846206841e-06
1.67841236747e-09	-4.94675850859e-06
1.6820770233e-09	-7.57490499836e-06
1.68574167912e-09	-8.31282977742e-06
1.68940633494e-09	-7.04134174612e-06
1.69307099077e-09	-4.46112028385e-06
1.69673564659e-09	-1.74490079985e-06
1.70040030242e-09	2.76567444502e-08
1.70406495824e-09	3.61230057422e-07
1.70772961406e-09	-4.78309274854e-07
1.71139426989e-09	-1.66160725712e-06
1.71505892571e-09	-2.2377087987e-06
1.71872358154e-09	-1.58978212994e-06
1.72238823736e-09	2.96180608927e-07
1.72605289319e-09	2.8426687777e-06
1.72971754901e-09	5.14107989602e-06
1.73338220483e-09	6.34490618268e-06
1.73704686066e-09	6.03514058639e-06
1.74071151648e-09	4.40494034137e-06
1.74437617231e-09	2.17042702388e-06
1.74804082813e-09	2.30872498008e-07
1.75170548395e-09	-7.69044234517e-07
1.75537013978e-09	-7.50640495539e-07
1.7590347956e-09	-2.12727208293e-07
1.76269945143e-09	6.9525766002e-08
1.76636410725e-09	-5.0843762267e-07
1.77002876308e-09	-2.03944202326e-06
1.7736934189e-09	-4.05083414989e-06
1.77735807472e-09	-5.74879902615e-06
1.78102273055e-09	-6.40890152681e-06
1.78468738637e-09	-5.70524866816e-06
1.7883520422e-09	-3.83136637083e-06
1.79201669802e-09	-1.38776719893e-06
1.79568135384e-09	8.89431362339e-07
1.79934600967e-09	2.43496020857e-06
1.80301066549e-09	3.07509264985e-06
1.80667532132e-09	3.07271500333e-06
1.81033997714e-09	2.96778642905e-06
1.81400463297e-09	3.26915204596e-06
1.81766928879e-09	4.14127066506e-06
1.82133394461e-09	5.25878772351e-06
1.82499860044e-09	5.93413767547e-06
1.82866325626e-09	5.47456738786e-06
1.83232791209e-09	3.57982787591e-06
1.83599256791e-09	5.53827838701e-07
1.83965722373e-09	-2.79627681721e-06
1.84332187956e-09	-5.51910659397e-06
1.84698653538e-09	-6.94004643265e-06
1.85065119121e-09	-6.92639093813e-06
1.85431584703e-09	-5.88267062085e-06
1.85798050286e-09	-4.50625316262e-06
1.86164515868e-09	-3.43966098626e-06
1.8653098145e-09	-2.97840307439e-06
1.86897447033e-09	-2.9517607345e-06
1.87263912615e-09	-2.82012547359e-06
1.87630378198e-09	-1.95453637275e-06
1.8799684378e-09	1.27973467379e-08
1.88363309362e-09	2.9254251217e-06
1.88729774945e-09	6.07376625794e-06
1.89096240527e-09	8.45111992476e-06
1.8946270611e-09	9.19717160741e-06
1.89829171692e-09	8.01185899491e-06
1.90195637275e-09	5.31702596618e-06
1.90562102857e-09	2.06935061442e-06
1.90928568439e-09	-6.82127236473e-07
1.91295034022e-09	-2.26286138627e-06
1.91661499604e-09	-2.63052788796e-06
1.92027965187e-09	-2.31298787412e-06
1.92394430769e-09	-2.08390545708e-06
1.92760896351e-09	-2.55020952977e-06
1.93127361934e-09	-3.84362522254e-06
1.93493827516e-09	-5.54326152269e-06
1.93860293099e-09	-6.85355485075e-06
1.94226758681e-09	-6.96194115335e-06
1.94593224264e-09	-5.42928898994e-06
1.94959689846e-09	-2.44202018962e-06
1.95326155428e-09	1.20380484248e-06
1.95692621011e-09	4.40571977833e-06
1.96059086593e-09	6.22301877229e-06
1.96425552176e-09	6.2887012291e-06
1.96792017758e-09	4.95450365179e-06
1.9715848334e-09	3.08932317239e-06
1.97524948923e-09	1.63457463032e-06
1.97891414505e-09	1.14770334392e-06
1.98257880088e-09	1.56366681381e-06
1.9862434567e-09	2.27960890697e-06
1.98990811253e-09	2.49744127245e-06
1.99357276835e-09	1.64149636817e-06
1.99723742417e-09	-3.47680334301e-07
2.00090208e-09	-2.96673061939e-06
2.00456673582e-09	-5.35744027275e-06
2.00823139165e-09	-6.67202243676e-06
2.01189604747e-09	-6.44056763122e-06
2.0155607033e-09	-4.78199063991e-06
2.01922535912e-09	-2.35997995901e-06
2.02289001494e-09	-9.16491771363e-08
2.02655467077e-09	1.26614361307e-06
2.03021932659e-09	1.45703410226e-06
2.03388398242e-09	8.19524871076e-07
2.03754863824e-09	8.3727837108e-08
2.04121329406e-09	-2.59678059056e-08
2.04487794989e-09	8.25665310344e-07
2.04854260571e-09	2.41348681129e-06
2.05220726154e-09	4.07194602303e-06
2.05587191736e-09	5.03151886733e-06
2.05953657319e-09	4.79292316413e-06
2.06320122901e-09	3.35694937803e-06
2.06686588483e-09	1.212951517e-06
2.07053054066e-09	-8.90874673587e-07
2.07419519648e-09	-2.28135291991e-06
2.07785985231e-09	-2.64667522742e-06
2.08152450813e-09	-2.15335245457e-06
2.08518916395e-09	-1.34433409471e-06
2.08885381978e-09	-8.63021156761e-07
2.0925184756e-09	-1.12755206771e-06
2.09618313143e-09	-2.11224025293e-06
2.09984778725e-09	-3.34870583174e-06
2.10351244308e-09	-4.15571321355e-06
2.1071770989e-09	-3.98643919652e-06
2.11084175472e-09	-2.71380952199e-06
2.11450641055e-09	-7.04527010953e-07
2.11817106637e-09	1.35642153509e-06
2.1218357222e-09	2.7954559414e-06
2.12550037802e-09	3.26081050162e-06
2.12916503384e-09	2.85904417296e-06
2.13282968967e-09	2.06178316375e-06
2.13649434549e-09	1.44285223769e-06
2.14015900132e-09	1.38445838616e-06
2.14382365714e-09	1.89218533819e-06
2.14748831297e-09	2.59959713844e-06
2.15115296879e-09	2.95356505831e-06
2.15481762461e-09	2.49298716426e-06
2.15848228044e-09	1.09134417414e-06
2.16214693626e-09	-9.51048690467e-07
2.16581159209e-09	-3.01671099123e-06
2.16947624791e-09	-4.4392812697e-06
2.17314090373e-09	-4.80553933357e-06
2.17680555956e-09	-4.14153350903e-06
2.18047021538e-09	-2.88437593099e-06
2.18413487121e-09	-1.65032344057e-06
2.18779952703e-09	-9.18731345223e-07
2.19146418286e-09	-7.9765403882e-07
2.19512883868e-09	-9.92198650351e-07
2.1987934945e-09	-9.88134914337e-07
2.20245815033e-09	-3.48466340228e-07
2.20612280615e-09	1.03271761986e-06
2.20978746198e-09	2.84665594563e-06
2.2134521178e-09	4.49417240134e-06
2.21711677362e-09	5.35369440513e-06
2.22078142945e-09	5.06413624635e-06
2.22444608527e-09	3.69216218132e-06
2.2281107411e-09	1.70691967583e-06
2.23177539692e-09	-2.27138492903e-07
2.23544005275e-09	-1.54569488586e-06
2.23910470857e-09	-2.03140558597e-06
2.24276936439e-09	-1.8917664022e-06
2.24643402022e-09	-1.62532668924e-06
2.25009867604e-09	-1.738261318e-06
2.25376333187e-09	-2.4539214678e-06
2.25742798769e-09	-3.56811494839e-06
2.26109264351e-09	-4.53243734455e-06
2.26475729934e-09	-4.72793772133e-06
2.26842195516e-09	-3.79072207579e-06
2.27208661099e-09	-1.82103451607e-06
2.27575126681e-09	6.32619418184e-07
2.27941592264e-09	2.80748065506e-06
2.28308057846e-09	4.06348306115e-06
2.28674523428e-09	4.16011130255e-06
2.29040989011e-09	3.34294333015e-06
2.29407454593e-09	2.20280918484e-06
2.29773920176e-09	1.37752334695e-06
2.30140385758e-09	1.23785848416e-06
2.3050685134e-09	1.70754094597e-06
2.30873316923e-09	2.3053040934e-06
2.31239782505e-09	2.39407739855e-06
2.31606248088e-09	1.52119702079e-06
2.3197271367e-09	-3.1671644507e-07
2.32339179253e-09	-2.62211420932e-06
2.32705644835e-09	-4.59550926735e-06
2.33072110417e-09	-5.49773943703e-06
2.33438576e-09	-5.00069342024e-06
2.33805041582e-09	-3.35092835257e-06
2.34171507165e-09	-1.26030471392e-06
2.34537972747e-09	4.26948545851e-07
2.34904438329e-09	1.12915270734e-06
2.35270903912e-09	7.91505684106e-07
2.35637369494e-09	-1.07904625679e-07
2.36003835077e-09	-8.11519072386e-07
2.36370300659e-09	-6.71536277252e-07
2.36736766242e-09	5.134652028e-07
2.37103231824e-09	2.37653273416e-06
2.37469697406e-09	4.1362481511e-06
2.37836162989e-09	4.95788003718e-06
2.38202628571e-09	4.35410635191e-06
2.38569094154e-09	2.43506269726e-06
2.38935559736e-09	-1.1603070682e-07
2.39302025318e-09	-2.33926962778e-06
2.39668490901e-09	-3.43272034797e-06
2.40034956483e-09	-3.12097688493e-06
2.40401422066e-09	-1.77865291562e-06
2.40767887648e-09	-2.43670399414e-07
2.41134353231e-09	5.94107532947e-07
2.41500818813e-09	2.31805955764e-07
2.41867284395e-09	-1.19392058195e-06
2.42233749978e-09	-2.96589308846e-06
2.4260021556e-09	-4.13065191651e-06
2.42966681143e-09	-3.96248702828e-06
2.43333146725e-09	-2.32409959722e-06
2.43699612307e-09	2.49554496179e-07
2.4406607789e-09	2.78471310367e-06
2.44432543472e-09	4.30978229815e-06
2.44799009055e-09	4.29750753028e-06
2.45165474637e-09	2.90174523343e-06
2.4553194022e-09	8.78473557009e-07
2.45898405802e-09	-7.73150247824e-07
2.46264871384e-09	-1.28337713079e-06
2.46631336967e-09	-4.77136651966e-07
2.46997802549e-09	1.14224023662e-06
2.47364268132e-09	2.63431439862e-06
2.47730733714e-09	3.0779511917e-06
2.48097199296e-09	2.02647495939e-06
2.48463664879e-09	-2.58373049178e-07
2.48830130461e-09	-2.91055698654e-06
2.49196596044e-09	-4.85544268258e-06
2.49563061626e-09	-5.30855743364e-06
2.49929527209e-09	-4.13753934936e-06
2.50295992791e-09	-1.91483360368e-06
2.50662458373e-09	3.60496514418e-07
2.51028923956e-09	1.73532870917e-06
2.51395389538e-09	1.7426220893e-06
2.51761855121e-09	6.03415102773e-07
2.52128320703e-09	-8.9936766301e-07
2.52494786286e-09	-1.81079809636e-06
2.52861251868e-09	-1.4723993047e-06
2.5322771745e-09	1.50840801183e-07
2.53594183033e-09	2.4379383774e-06
2.53960648615e-09	4.39194235469e-06
2.54327114198e-09	5.10389349984e-06
2.5469357978e-09	4.18313703676e-06
2.55060045362e-09	1.94852231061e-06
2.55426510945e-09	-7.1462218898e-07
2.55792976527e-09	-2.76598188975e-06
2.5615944211e-09	-3.49222182194e-06
2.56525907692e-09	-2.82593151724e-06
2.56892373275e-09	-1.34866741064e-06
2.57258838857e-09	1.85223699711e-08
2.57625304439e-09	4.79511115259e-07
2.57991770022e-09	-2.45832211476e-07
2.58358235604e-09	-1.7909947303e-06
2.58724701187e-09	-3.32834781602e-06
2.59091166769e-09	-3.97562780563e-06
2.59457632351e-09	-3.22657365359e-06
2.59824097934e-09	-1.20373904622e-06
2.60190563516e-09	1.38389037829e-06
2.60557029099e-09	3.55794770712e-06
2.60923494681e-09	4.51546452496e-06
2.61289960264e-09	3.99349835334e-06
2.61656425846e-09	2.38033001665e-06
2.62022891428e-09	5.1733216111e-07
2.62389357011e-09	-7.14949990765e-07
2.62755822593e-09	-8.25285411565e-07
2.63122288176e-09	5.69965803443e-08
2.63488753758e-09	1.2638222131e-06
2.6385521934e-09	1.94045378521e-06
2.64221684923e-09	1.48971741964e-06
2.64588150505e-09	-1.14923356165e-07
2.64954616088e-09	-2.30161739978e-06
2.6532108167e-09	-4.16735173303e-06
2.65687547253e-09	-4.90542532816e-06
2.66054012835e-09	-4.18632009769e-06
2.66420478417e-09	-2.31148447938e-06
2.66786944e-09	-7.14122529999e-08
2.67153409582e-09	1.62307838991e-06
2.67519875165e-09	2.16340066572e-06
2.67886340747e-09	1.52109507212e-06
2.68252806329e-09	2.4796723963e-07
2.68619271912e-09	-8.05392986081e-07
2.68985737494e-09	-9.21305684187e-07
2.69352203077e-09	1.12883011383e-07
2.69718668659e-09	1.88039723525e-06
2.70085134242e-09	3.52657446001e-06
2.70451599824e-09	4.17779074269e-06
2.70818065406e-09	3.38043037118e-06
2.71184530989e-09	1.33980718431e-06
2.71550996571e-09	-1.16174383891e-06
2.71917462154e-09	-3.12732481689e-06
2.72283927736e-09	-3.81141774142e-06
2.72650393318e-09	-3.0635307553e-06
2.73016858901e-09	-1.38775442338e-06
2.73383324483e-09	3.06447248022e-07
2.73749790066e-09	1.14272388885e-06
2.74116255648e-09	6.99528698078e-07
2.74482721231e-09	-7.82957911838e-07
2.74849186813e-09	-2.51053668876e-06
2.75215652395e-09	-3.51288372258e-06
2.75582117978e-09	-3.11840608447e-06
2.7594858356e-09	-1.29932026027e-06
2.76315049143e-09	1.28457294579e-06
2.76681514725e-09	3.57573111387e-06
2.77047980307e-09	4.61020670173e-06
2.7741444589e-09	3.97492038928e-06
2.77780911472e-09	2.00678317697e-06
2.78147377055e-09	-3.65347936793e-07
2.78513842637e-09	-2.06071069897e-06
2.7888030822e-09	-2.35587552311e-06
2.79246773802e-09	-1.22028134797e-06
2.79613239384e-09	6.77989490327e-07
2.79979704967e-09	2.2954307326e-06
2.80346170549e-09	2.71101791327e-06
2.80712636132e-09	1.56761717562e-06
2.81079101714e-09	-7.47105019627e-07
2.81445567296e-09	-3.26515009874e-06
2.81812032879e-09	-4.87628244628e-06
2.82178498461e-09	-4.84020654312e-06
2.82544964044e-09	-3.13580721922e-06
2.82911429626e-09	-4.79856431923e-07
2.83277895209e-09	1.99888393126e-06
2.83644360791e-09	3.28019018525e-06
2.84010826373e-09	2.92144346759e-06
2.84377291956e-09	1.25221707492e-06
2.84743757538e-09	-7.96797493763e-07
2.85110223121e-09	-2.14494392026e-06
2.85476688703e-09	-2.07521125617e-06
2.85843154285e-09	-5.68555620362e-07
2.86209619868e-09	1.69318977328e-06
2.8657608545e-09	3.64902672345e-06
2.86942551033e-09	4.35105590668e-06
2.87309016615e-09	3.39944972438e-06
2.87675482198e-09	1.12411048292e-06
2.8804194778e-09	-1.56659882578e-06
2.88408413362e-09	-3.5972602177e-06
2.88774878945e-09	-4.20818088287e-06
2.89141344527e-09	-3.28703674768e-06
2.8950781011e-09	-1.3981131417e-06
2.89874275692e-09	5.00963651007e-07
2.90240741274e-09	1.51713308583e-06
2.90607206857e-09	1.23555730625e-06
2.90973672439e-09	-1.05140438578e-07
2.91340138022e-09	-1.75115800971e-06
2.91706603604e-09	-2.80871751102e-06
2.92073069187e-09	-2.67108052299e-06
2.92439534769e-09	-1.29584029196e-06
2.92806000351e-09	7.8860826136e-07
2.93172465934e-09	2.73825139629e-06
2.93538931516e-09	3.78162923198e-06
2.93905397099e-09	3.55933025276e-06
2.94271862681e-09	2.26245970225e-06
2.94638328263e-09	5.16122305783e-07
2.95004793846e-09	-9.28547905232e-07
2.95371259428e-09	-1.5432464977e-06
2.95737725011e-09	-1.24742550156e-06
2.96104190593e-09	-4.07684517256e-07
2.96470656176e-09	3.77296544229e-07
2.96837121758e-09	5.91194321942e-07
2.9720358734e-09	5.44164313609e-08
2.97570052923e-09	-1.00394183278e-06
2.97936518505e-09	-2.08072950159e-06
2.98302984088e-09	-2.66069335453e-06
2.9866944967e-09	-2.46810844828e-06
2.99035915252e-09	-1.58601088174e-06
2.99402380835e-09	-3.93440963364e-07
2.99768846417e-09	6.35555188921e-07
3.00135312e-09	1.16519247229e-06
3.00501777582e-09	1.14621518321e-06
3.00868243165e-09	8.10350982761e-07
3.01234708747e-09	5.19491372586e-07
3.01601174329e-09	5.52240905449e-07
3.01967639912e-09	9.41881538097e-07
3.02334105494e-09	1.4545278475e-06
3.02700571077e-09	1.72111134589e-06
3.03067036659e-09	1.45272315422e-06
3.03433502242e-09	6.20367131887e-07
3.03799967824e-09	-5.0433720844e-07
3.04166433406e-09	-1.47489279811e-06
3.04532898989e-09	-1.89810972984e-06
3.04899364571e-09	-1.64263767033e-06
3.05265830154e-09	-9.15371003885e-07
3.05632295736e-09	-1.61608115334e-07
3.05998761318e-09	1.62501033074e-07
3.06365226901e-09	-1.67769794501e-07
3.06731692483e-09	-1.01175761813e-06
3.07098158066e-09	-1.91001524286e-06
3.07464623648e-09	-2.29859745104e-06
3.07831089231e-09	-1.79529325806e-06
3.08197554813e-09	-4.20068133167e-07
3.08564020395e-09	1.36758984581e-06
3.08930485978e-09	2.85015244117e-06
3.0929695156e-09	3.38010988798e-06
3.09663417143e-09	2.70073741149e-06
3.10029882725e-09	1.09536655657e-06
3.10396348307e-09	-7.21205466903e-07
3.1076281389e-09	-1.92886886907e-06
3.11129279472e-09	-1.99199837425e-06
3.11495745055e-09	-9.22670608361e-07
3.11862210637e-09	7.13908050898e-07
3.1222867622e-09	2.05752519378e-06
3.12595141802e-09	2.35583314634e-06
3.12961607384e-09	1.32556372989e-06
3.13328072967e-09	-6.94861626016e-07
3.13694538549e-09	-2.87464683879e-06
3.14061004132e-09	-4.25126597747e-06
3.14427469714e-09	-4.16664300928e-06
3.14793935296e-09	-2.58237585626e-06
3.15160400879e-09	-1.22476029318e-07
3.15526866461e-09	2.18954087927e-06
3.15893332044e-09	3.38980265724e-06
3.16259797626e-09	3.01807222058e-06
3.16626263209e-09	1.33360533994e-06
3.16992728791e-09	-8.05846283924e-07
3.17359194373e-09	-2.34732777926e-06
3.17725659956e-09	-2.5356413289e-06
3.18092125538e-09	-1.26159268632e-06
3.18458591121e-09	8.93706300076e-07
3.18825056703e-09	2.93112975669e-06
3.19191522285e-09	3.88995283629e-06
3.19557987868e-09	3.27916205833e-06
3.1992445345e-09	1.29531098025e-06
3.20290919033e-09	-1.26492780339e-06
3.20657384615e-09	-3.35601146162e-06
3.21023850198e-09	-4.14483054101e-06
3.2139031578e-09	-3.37729716193e-06
3.21756781362e-09	-1.48447824699e-06
3.22123246945e-09	6.25186061143e-07
3.22489712527e-09	1.99246164811e-06
3.2285617811e-09	2.0518334054e-06
3.23222643692e-09	8.80592850194e-07
3.23589109274e-09	-8.63794497263e-07
3.23955574857e-09	-2.27823645105e-06
3.24322040439e-09	-2.64825257545e-06
3.24688506022e-09	-1.77053004791e-06
3.25054971604e-09	-2.03288583744e-08
3.25421437187e-09	1.84825003657e-06
3.25787902769e-09	3.05737250983e-06
3.26154368351e-09	3.14727992645e-06
3.26520833934e-09	2.1564654844e-06
3.26887299516e-09	5.73969636264e-07
3.27253765099e-09	-9.03539088881e-07
3.27620230681e-09	-1.69462313693e-06
3.27986696263e-09	-1.58944342843e-06
3.28353161846e-09	-8.20787505518e-07
3.28719627428e-09	8.04294089107e-08
3.29086093011e-09	5.71665168536e-07
3.29452558593e-09	3.77839953103e-07
3.29819024176e-09	-3.8189874374e-07
3.30185489758e-09	-1.28240004926e-06
3.3055195534e-09	-1.83777848406e-06
3.30918420923e-09	-1.76287062459e-06
3.31284886505e-09	-1.10829566324e-06
3.31651352088e-09	-2.06454519258e-07
3.3201781767e-09	5.25766530757e-07
3.32384283252e-09	8.11141646295e-07
3.32750748835e-09	6.43827483771e-07
3.33117214417e-09	2.69672980835e-07
3.3348368e-09	3.50921078862e-08
3.33850145582e-09	1.86891135456e-07
3.34216611165e-09	7.23102417055e-07
3.34583076747e-09	1.37332108352e-06
3.34949542329e-09	1.72578143065e-06
3.35316007912e-09	1.44911552979e-06
3.35682473494e-09	4.98278126315e-07
3.36048939077e-09	-8.11754659935e-07
3.36415404659e-09	-1.92584619185e-06
3.36781870241e-09	-2.3190372076e-06
3.37148335824e-09	-1.78329804612e-06
3.37514801406e-09	-5.69460731015e-07
3.37881266989e-09	7.07924954213e-07
3.38247732571e-09	1.36808819207e-06
3.38614198154e-09	1.01532229735e-06
3.38980663736e-09	-2.39039870564e-07
3.39347129318e-09	-1.80227843316e-06
3.39713594901e-09	-2.86728680976e-06
3.40080060483e-09	-2.7958730584e-06
3.40446526066e-09	-1.44010078884e-06
3.40812991648e-09	7.50614319145e-07
3.4117945723e-09	2.89385548058e-06
3.41545922813e-09	4.05097728162e-06
3.41912388395e-09	3.65754777931e-06
3.42278853978e-09	1.8129655075e-06
3.4264531956e-09	-7.19978842767e-07
3.43011785143e-09	-2.82991209133e-06
3.43378250725e-09	-3.56084012765e-06
3.43744716307e-09	-2.57253952896e-06
3.4411118189e-09	-3.28538302341e-07
3.44477647472e-09	2.09556554864e-06
3.44844113055e-09	3.5048162772e-06
3.45210578637e-09	3.14826053227e-06
3.45577044219e-09	1.08370515761e-06
3.45943509802e-09	-1.8300053739e-06
3.46309975384e-09	-4.31007447332e-06
3.46676440967e-09	-5.22381293422e-06
3.47042906549e-09	-4.10080804158e-06
3.47409372132e-09	-1.35626974895e-06
3.47775837714e-09	1.87537995089e-06
3.48142303296e-09	4.2290082547e-06
3.48508768879e-09	4.71107426847e-06
3.48875234461e-09	3.14978336746e-06
3.49241700044e-09	2.85129281963e-07
3.49608165626e-09	-2.55527407944e-06
3.49974631209e-09	-4.0574166178e-06
3.50341096791e-09	-3.52549130866e-06
3.50707562373e-09	-1.20578125973e-06
3.51074027956e-09	1.82589374731e-06
3.51440493538e-09	4.16112584389e-06
3.51806959121e-09	4.70506540751e-06
3.52173424703e-09	3.17065359923e-06
3.52539890285e-09	1.98427354547e-07
3.52906355868e-09	-2.94194023809e-06
3.5327282145e-09	-4.92235312777e-06
3.53639287033e-09	-4.93954524927e-06
3.54005752615e-09	-3.055320974e-06
3.54372218198e-09	-1.51344387689e-07
3.5473868378e-09	2.47549738219e-06
3.55105149362e-09	3.69480716245e-06
3.55471614945e-09	3.04261874362e-06
3.55838080527e-09	9.15017153602e-07
3.5620454611e-09	-1.63144179055e-06
3.56571011692e-09	-3.37844346632e-06
3.56937477274e-09	-3.50928831949e-06
3.57303942857e-09	-1.97276781932e-06
3.57670408439e-09	5.17740424755e-07
3.58036874022e-09	2.8374324188e-06
3.58403339604e-09	3.97652900119e-06
3.58769805187e-09	3.48851358467e-06
3.59136270769e-09	1.65934108054e-06
3.59502736351e-09	-6.61654354417e-07
3.59869201934e-09	-2.4712714719e-06
3.60235667516e-09	-3.06478165157e-06
3.60602133099e-09	-2.32727941807e-06
3.60968598681e-09	-7.44868458469e-07
3.61335064263e-09	8.54661692529e-07
3.61701529846e-09	1.70206880057e-06
3.62067995428e-09	1.43980477674e-06
3.62434461011e-09	2.65909854136e-07
3.62800926593e-09	-1.1912293445e-06
3.63167392176e-09	-2.1981009013e-06
3.63533857758e-09	-2.27589057999e-06
3.6390032334e-09	-1.41713812241e-06
3.64266788923e-09	-5.8952530857e-08
3.64633254505e-09	1.16049527321e-06
3.64999720088e-09	1.72759837369e-06
3.6536618567e-09	1.49275632566e-06
3.65732651252e-09	7.1007170277e-07
3.66099116835e-09	-1.27605293443e-07
3.66465582417e-09	-5.60936804561e-07
3.66832048e-09	-3.99562452458e-07
3.67198513582e-09	1.94695555678e-07
3.67564979165e-09	8.11521175592e-07
3.67931444747e-09	1.02230117704e-06
3.68297910329e-09	6.17542639247e-07
3.68664375912e-09	-2.71995919121e-07
3.69030841494e-09	-1.23354234915e-06
3.69397307077e-09	-1.78446035193e-06
3.69763772659e-09	-1.63048102308e-06
3.70130238241e-09	-8.34709481978e-07
3.70496703824e-09	1.97940067892e-07
3.70863169406e-09	9.21089821304e-07
3.71229634989e-09	9.33832637884e-07
3.71596100571e-09	2.04574615026e-07
3.71962566154e-09	-8.9076149834e-07
3.72329031736e-09	-1.74418241272e-06
3.72695497318e-09	-1.82238790103e-06
3.73061962901e-09	-9.50933568333e-07
3.73428428483e-09	5.69854563537e-07
3.73794894066e-09	2.08282236258e-06
3.74161359648e-09	2.87529906018e-06
3.7452782523e-09	2.52395599887e-06
3.74894290813e-09	1.11584859042e-06
3.75260756395e-09	-7.65142459613e-07
3.75627221978e-09	-2.29106962024e-06
3.7599368756e-09	-2.77044983932e-06
3.76360153143e-09	-1.98125189854e-06
3.76726618725e-09	-2.9379592803e-07
3.77093084307e-09	1.48317272419e-06
3.7745954989e-09	2.47206975246e-06
3.77826015472e-09	2.14265978116e-06
3.78192481055e-09	5.77324563267e-07
3.78558946637e-09	-1.54610600589e-06
3.78925412219e-09	-3.25427168946e-06
3.79291877802e-09	-3.72591989617e-06
3.79658343384e-09	-2.67912483309e-06
3.80024808967e-09	-5.14896271397e-07
3.80391274549e-09	1.85271386499e-06
3.80757740132e-09	3.40582516856e-06
3.81124205714e-09	3.48324346078e-06
3.81490671296e-09	2.08161904425e-06
3.81857136879e-09	-1.42294201311e-07
3.82223602461e-09	-2.16949811715e-06
3.82590068044e-09	-3.08226071866e-06
3.82956533626e-09	-2.48055079055e-06
3.83322999208e-09	-6.6260609799e-07
3.83689464791e-09	1.51390636915e-06
3.84055930373e-09	3.0254077501e-06
3.84422395956e-09	3.15054387556e-06
3.84788861538e-09	1.79822467317e-06
3.85155327121e-09	-4.53349585428e-07
3.85521792703e-09	-2.62291840158e-06
3.85888258285e-09	-3.77272328933e-06
3.86254723868e-09	-3.42905644857e-06
3.8662118945e-09	-1.78562177666e-06
3.86987655033e-09	3.9984937672e-07
3.87354120615e-09	2.16108000473e-06
3.87720586197e-09	2.76284043821e-06
3.8808705178e-09	2.02159600349e-06
3.88453517362e-09	3.65603753494e-07
3.88819982945e-09	-1.38444602271e-06
3.89186448527e-09	-2.40307855393e-06
3.8955291411e-09	-2.23450189196e-06
3.89919379692e-09	-9.83631153417e-07
3.90285845274e-09	7.54383194135e-07
3.90652310857e-09	2.18359477344e-06
3.91018776439e-09	2.67488991312e-06
3.91385242022e-09	2.04214896371e-06
3.91751707604e-09	6.04751370759e-07
3.92118173186e-09	-9.82105660796e-07
3.92484638769e-09	-2.04160554063e-06
3.92851104351e-09	-2.18251562956e-06
3.93217569934e-09	-1.45679388197e-06
3.93584035516e-09	-3.02264126617e-07
3.93950501099e-09	6.91161595512e-07
3.94316966681e-09	1.06997892146e-06
3.94683432263e-09	7.19664768667e-07
3.95049897846e-09	-1.10381714435e-07
3.95416363428e-09	-9.57743566232e-07
3.95782829011e-09	-1.38839948249e-06
3.96149294593e-09	-1.20397203318e-06
3.96515760175e-09	-5.18205872879e-07
3.96882225758e-09	3.24285991837e-07
3.9724869134e-09	9.34455286483e-07
3.97615156923e-09	1.07233071844e-06
3.97981622505e-09	7.51905801621e-07
3.98348088088e-09	2.11935038408e-07
3.9871455367e-09	-2.25826877198e-07
3.99081019252e-09	-3.33640315375e-07
3.99447484835e-09	-9.71416049822e-08
3.99813950417e-09	2.84931061856e-07
4.00180416e-09	5.19706325974e-07
4.00546881582e-09	3.92896133405e-07
4.00913347165e-09	-1.00462553831e-07
4.01279812747e-09	-7.41943480875e-07
4.01646278329e-09	-1.20322344799e-06
4.02012743912e-09	-1.22717815998e-06
4.02379209494e-09	-7.76386286816e-07
4.02745675077e-09	-6.56423075895e-08
4.03112140659e-09	5.42608503906e-07
4.03478606241e-09	7.26442948462e-07
4.03845071824e-09	3.78078965468e-07
4.04211537406e-09	-3.28539783823e-07
4.04578002989e-09	-1.01342556036e-06
4.04944468571e-09	-1.27565387231e-06
4.05310934154e-09	-8.99179752878e-07
4.05677399736e-09	2.17449720452e-08
4.06043865318e-09	1.10394262265e-06
4.06410330901e-09	1.84260991887e-06
4.06776796483e-09	1.85229609428e-06
4.07143262066e-09	1.06733889993e-06
4.07509727648e-09	-2.02099027291e-07
4.0787619323e-09	-1.39758418527e-06
4.08242658813e-09	-1.97218776066e-06
4.08609124395e-09	-1.65894701354e-06
4.08975589978e-09	-6.1227135717e-07
4.0934205556e-09	6.54523070409e-07
4.09708521143e-09	1.51086214828e-06
4.10074986725e-09	1.51332329779e-06
4.10441452307e-09	6.24306551344e-07
4.1080791789e-09	-7.61892025025e-07
4.11174383472e-09	-1.99812461688e-06
4.11540849055e-09	-2.48451706852e-06
4.11907314637e-09	-1.95041698703e-06
4.12273780219e-09	-5.88369019283e-07
4.12640245802e-09	1.02313636319e-06
4.13006711384e-09	2.17706309513e-06
4.13373176967e-09	2.36205843862e-06
4.13739642549e-09	1.50508256525e-06
4.14106108132e-09	1.46952223723e-08
4.14472573714e-09	-1.40351181699e-06
4.14839039296e-09	-2.07908516359e-06
4.15205504879e-09	-1.6986859066e-06
4.15571970461e-09	-4.59686305021e-07
4.15938436044e-09	1.02382806233e-06
4.16304901626e-09	2.01754644991e-06
4.16671367208e-09	2.02078553002e-06
4.17037832791e-09	1.00421112847e-06
4.17404298373e-09	-5.79654432897e-07
4.17770763956e-09	-2.01330564664e-06
4.18137229538e-09	-2.65006505629e-06
4.18503695121e-09	-2.21147959678e-06
4.18870160703e-09	-9.11281517801e-07
4.19236626285e-09	6.46677058569e-07
4.19603091868e-09	1.74905824224e-06
4.1996955745e-09	1.90469040717e-06
4.20336023033e-09	1.07529250215e-06
4.20702488615e-09	-3.05009677959e-07
4.21068954197e-09	-1.53673443037e-06
4.2143541978e-09	-1.99418053626e-06
4.21801885362e-09	-1.43353756243e-06
4.22168350945e-09	-1.15010394097e-07
4.22534816527e-09	1.32441054745e-06
4.2290128211e-09	2.18560185772e-06
4.23267747692e-09	2.04966733008e-06
4.23634213274e-09	9.78147980391e-07
4.24000678857e-09	-5.25133138751e-07
4.24367144439e-09	-1.76338070901e-06
4.24733610022e-09	-2.18087552639e-06
4.25100075604e-09	-1.62055388842e-06
4.25466541186e-09	-3.8928877899e-07
4.25833006769e-09	8.93911405342e-07
4.26199472351e-09	1.59288191526e-06
4.26565937934e-09	1.35722693528e-06
4.26932403516e-09	2.93609307533e-07
4.27298869099e-09	-1.07824141082e-06
4.27665334681e-09	-2.07092773508e-06
4.28031800263e-09	-2.16508243511e-06
4.28398265846e-09	-1.2721066156e-06
4.28764731428e-09	2.10953405855e-07
4.29131197011e-09	1.59013927714e-06
4.29497662593e-09	2.21525621669e-06
4.29864128175e-09	1.80160310492e-06
4.30230593758e-09	5.68052996641e-07
4.3059705934e-09	-8.75168396419e-07
4.30963524923e-09	-1.8286400234e-06
4.31329990505e-09	-1.84197398312e-06
4.31696456088e-09	-9.25126613538e-07
4.3206292167e-09	4.62636762677e-07
4.32429387252e-09	1.63340050108e-06
4.32795852835e-09	1.99541801749e-06
4.33162318417e-09	1.33385306356e-06
4.33528784e-09	-8.02876805039e-08
4.33895249582e-09	-1.60612671607e-06
4.34261715164e-09	-2.52806160006e-06
4.34628180747e-09	-2.39751989284e-06
4.34994646329e-09	-1.25849842902e-06
4.35361111912e-09	3.61174443242e-07
4.35727577494e-09	1.69799398009e-06
4.36094043077e-09	2.12442483871e-06
4.36460508659e-09	1.45747065972e-06
4.36826974241e-09	4.76551305084e-08
4.37193439824e-09	-1.39685994327e-06
4.37559905406e-09	-2.15876522702e-06
4.37926370989e-09	-1.85792305274e-06
4.38292836571e-09	-6.27540664766e-07
4.38659302153e-09	9.56092492288e-07
4.39025767736e-09	2.14812996546e-06
4.39392233318e-09	2.3818944328e-06
4.39758698901e-09	1.53019061599e-06
4.40125164483e-09	-3.38947048206e-08
4.40491630066e-09	-1.60441848607e-06
4.40858095648e-09	-2.46639478974e-06
4.4122456123e-09	-2.23205222483e-06
4.41591026813e-09	-1.03056530065e-06
4.41957492395e-09	5.45861553292e-07
4.42323957978e-09	1.72447084879e-06
4.4269042356e-09	1.9292411082e-06
4.43056889142e-09	1.06570675484e-06
4.43423354725e-09	-4.33271850397e-07
4.43789820307e-09	-1.82394182957e-06
4.4415628589e-09	-2.41942339585e-06
4.44522751472e-09	-1.9217242766e-06
4.44889217055e-09	-5.57044423033e-07
4.45255682637e-09	1.04265063783e-06
4.45622148219e-09	2.14418878386e-06
4.45988613802e-09	2.25470398618e-06
4.46355079384e-09	1.34416157493e-06
4.46721544967e-09	-1.46860486439e-07
4.47088010549e-09	-1.51335427745e-06
4.47454476131e-09	-2.11413862417e-06
4.47820941714e-09	-1.67431372233e-06
4.48187407296e-09	-4.21385067284e-07
4.48553872879e-09	1.01713041545e-06
4.48920338461e-09	1.91460162569e-06
4.49286804044e-09	1.80390637183e-06
4.49653269626e-09	7.14005125246e-07
4.50019735208e-09	-8.39059381974e-07
4.50386200791e-09	-2.10668827094e-06
4.50752666373e-09	-2.47829268574e-06
4.51119131956e-09	-1.77928515654e-06
4.51485597538e-09	-3.48940318418e-07
4.51852063121e-09	1.13311654104e-06
4.52218528703e-09	1.97762355469e-06
4.52584994285e-09	1.81024358881e-06
4.52951459868e-09	7.39684267614e-07
4.5331792545e-09	-7.0061126678e-07
4.53684391033e-09	-1.80491980473e-06
4.54050856615e-09	-2.025745232e-06
4.54417322197e-09	-1.23456942447e-06
4.5478378778e-09	2.08433544202e-07
4.55150253362e-09	1.61459070114e-06
4.55516718945e-09	2.29162401411e-06
4.55883184527e-09	1.88247224742e-06
4.5624965011e-09	5.50560002921e-07
4.56616115692e-09	-1.08877659954e-06
4.56982581274e-09	-2.26405515491e-06
4.57349046857e-09	-2.425242144e-06
4.57715512439e-09	-1.51236230295e-06
4.58081978022e-09	1.92859945791e-08
4.58448443604e-09	1.42556663718e-06
4.58814909186e-09	2.03414722932e-06
4.59181374769e-09	1.56154030151e-06
4.59547840351e-09	2.39661638091e-07
4.59914305934e-09	-1.29906069901e-06
4.60280771516e-09	-2.3176303614e-06
4.60647237099e-09	-2.31530293604e-06
4.61013702681e-09	-1.26114309751e-06
4.61380168263e-09	3.84234660089e-07
4.61746633846e-09	1.87328308243e-06
4.62113099428e-09	2.51567684018e-06
4.62479565011e-09	2.00615164658e-06
4.62846030593e-09	5.78021285946e-07
4.63212496175e-09	-1.09957049688e-06
4.63578961758e-09	-2.23875144911e-06
4.6394542734e-09	-2.31210924539e-06
4.64311892923e-09	-1.30576410129e-06
4.64678358505e-09	2.78862732017e-07
4.65044824088e-09	1.67248299476e-06
4.6541128967e-09	2.20785992155e-06
4.65777755252e-09	1.63099164752e-06
4.66144220835e-09	2.09722916367e-07
4.66510686417e-09	-1.40096327073e-06
4.66877152e-09	-2.46505788937e-06
4.67243617582e-09	-2.49990517887e-06
4.67610083164e-09	-1.49090899981e-06
4.67976548747e-09	1.05041232601e-07
4.68343014329e-09	1.56792586381e-06
4.68709479912e-09	2.24301780349e-06
4.69075945494e-09	1.84256177249e-06
4.69442411077e-09	5.7987901414e-07
4.69808876659e-09	-9.31363430823e-07
4.70175342241e-09	-1.96973354605e-06
4.70541807824e-09	-2.05052208457e-06
4.70908273406e-09	-1.15375519272e-06
4.71274738989e-09	2.75835635222e-07
4.71641204571e-09	1.55219555609e-06
4.72007670153e-09	2.07939285701e-06
4.72374135736e-09	1.62663872061e-06
4.72740601318e-09	4.19964941045e-07
4.73107066901e-09	-9.81190950711e-07
4.73473532483e-09	-1.95208434661e-06
4.73839998066e-09	-2.08570190807e-06
4.74206463648e-09	-1.36491888725e-06
4.7457292923e-09	-1.54539412378e-07
4.74939394813e-09	9.7577304814e-07
4.75305860395e-09	1.51540007209e-06
4.75672325978e-09	1.2444461106e-06
4.7603879156e-09	3.28734021338e-07
4.76405257142e-09	-7.66804404861e-07
4.76771722725e-09	-1.50567973378e-06
4.77138188307e-09	-1.53883721055e-06
4.7750465389e-09	-8.6735597904e-07
4.77871119472e-09	1.70236065244e-07
4.78237585055e-09	1.07582022224e-06
4.78604050637e-09	1.43932763308e-06
4.78970516219e-09	1.12954973019e-06
4.79336981802e-09	3.37391071525e-07
4.79703447384e-09	-5.38513297954e-07
4.80069912967e-09	-1.09541393556e-06
4.80436378549e-09	-1.11445417872e-06
4.80802844131e-09	-6.46749676037e-07
4.81169309714e-09	3.23188409368e-08
4.81535775296e-09	5.68878363083e-07
4.81902240879e-09	7.0241158312e-07
4.82268706461e-09	3.84981248658e-07
4.82635172044e-09	-2.05166497125e-07
4.83001637626e-09	-7.58959913583e-07
4.83368103208e-09	-9.94528718934e-07
4.83734568791e-09	-7.99436463694e-07
4.84101034373e-09	-2.85296223979e-07
4.84467499956e-09	2.75316725862e-07
4.84833965538e-09	5.96696686728e-07
4.8520043112e-09	5.33160871896e-07
4.85566896703e-09	1.53602144337e-07
4.85933362285e-09	-3.03028901527e-07
4.86299827868e-09	-5.64689671023e-07
4.8666629345e-09	-4.7788756774e-07
4.87032759033e-09	-9.01045389412e-08
4.87399224615e-09	3.79329641476e-07
4.87765690197e-09	6.60486577431e-07
4.8813215578e-09	5.78425769504e-07
4.88498621362e-09	1.47246920434e-07
4.88865086945e-09	-4.34168924812e-07
4.89231552527e-09	-8.7996579623e-07
4.89598018109e-09	-9.60748309353e-07
4.89964483692e-09	-6.22394431105e-07
4.90330949274e-09	-2.25439813484e-08
4.90697414857e-09	5.37705069803e-07
4.91063880439e-09	7.58991703265e-07
4.91430346022e-09	4.99108054441e-07
4.91796811604e-09	-1.40726523767e-07
4.92163277186e-09	-8.49536675673e-07
4.92529742769e-09	-1.25336319456e-06
4.92896208351e-09	-1.10653424201e-06
4.93262673934e-09	-4.29132931856e-07
4.93629139516e-09	4.85984713805e-07
4.93995605098e-09	1.20769058753e-06
4.94362070681e-09	1.37795450428e-06
4.94728536263e-09	8.93566777904e-07
4.95095001846e-09	-3.51539135579e-08
4.95461467428e-09	-9.79100050813e-07
4.95827933011e-09	-1.49276075945e-06
4.96194398593e-09	-1.3262642824e-06
4.96560864175e-09	-5.47296458819e-07
4.96927329758e-09	4.84354508501e-07
4.9729379534e-09	1.27812695894e-06
4.97660260923e-09	1.43881115378e-06
4.98026726505e-09	8.55426137036e-07
4.98393192087e-09	-2.34697800749e-07
4.9875965767e-09	-1.34263795815e-06
4.99126123252e-09	-1.94840592371e-06
4.99492588835e-09	-1.74724186763e-06
4.99859054417e-09	-8.04079945738e-07
5.0022552e-09	4.64427081681e-07
5.00591985582e-09	1.4792886418e-06
5.00958451164e-09	1.77278016622e-06
5.01324916747e-09	1.21288972821e-06
5.01691382329e-09	6.78389104891e-08
5.02057847912e-09	-1.12158322452e-06
5.02424313494e-09	-1.79785820364e-06
5.02790779077e-09	-1.64694387195e-06
5.03157244659e-09	-7.40306973057e-07
5.03523710241e-09	5.02792076418e-07
5.03890175824e-09	1.51027282413e-06
5.04256641406e-09	1.81737738103e-06
5.04623106989e-09	1.27613290601e-06
5.04989572571e-09	1.21945710418e-07
5.05356038153e-09	-1.13139626023e-06
5.05722503736e-09	-1.92357609308e-06
5.06088969318e-09	-1.90385253518e-06
5.06455434901e-09	-1.09412584948e-06
5.06821900483e-09	1.2025131646e-07
5.07188366066e-09	1.17194294091e-06
5.07554831648e-09	1.58061669708e-06
5.0792129723e-09	1.17918844467e-06
5.08287762813e-09	1.85953147991e-07
5.08654228395e-09	-9.10228493467e-07
5.09020693978e-09	-1.59053422522e-06
5.0938715956e-09	-1.55054584638e-06
5.09753625142e-09	-8.31441909099e-07
5.10120090725e-09	2.16802302333e-07
5.10486556307e-09	1.11111305046e-06
5.1085302189e-09	1.46024902392e-06
5.11219487472e-09	1.13516092881e-06
5.11585953055e-09	3.13867037249e-07
5.11952418637e-09	-6.11898556713e-07
5.12318884219e-09	-1.22203100261e-06
5.12685349802e-09	-1.26138034773e-06
5.13051815384e-09	-7.53160691147e-07
5.13418280967e-09	2.04738026532e-08
5.13784746549e-09	6.62928790973e-07
5.14151212131e-09	8.62512848698e-07
5.14517677714e-09	5.4543721717e-07
5.14884143296e-09	-9.64459268005e-08
5.15250608879e-09	-7.16560677461e-07
5.15617074461e-09	-1.00055939356e-06
5.15983540044e-09	-8.26871925597e-07
5.16350005626e-09	-3.1652581356e-07
5.16716471208e-09	2.46897418066e-07
5.17082936791e-09	5.75729536934e-07
5.17449402373e-09	5.26328605588e-07
5.17815867956e-09	1.62530147563e-07
5.18182333538e-09	-2.90209676734e-07
5.1854879912e-09	-5.691052678e-07
5.18915264703e-09	-5.11993263785e-07
5.19281730285e-09	-1.42446898721e-07
5.19648195868e-09	3.38432226243e-07
5.2001466145e-09	6.51987029698e-07
5.20381127033e-09	5.8917444079e-07
5.20747592615e-09	1.32651809537e-07
5.21114058197e-09	-5.14040856103e-07
5.2148052378e-09	-1.01693461829e-06
5.21846989362e-09	-1.08493253492e-06
5.22213454945e-09	-6.37142569815e-07
5.22579920527e-09	1.31905320444e-07
5.22946386109e-09	8.34971942254e-07
5.23312851692e-09	1.08775478225e-06
