% time-domain current integration by openEMS v0.0.36-93-g7b9cd51 @Thu Sep 24 16:18:10 2026
% start-coordinates: (0.05825,-0.0023,0.00047281) m -> [74,1,6]
% stop-coordinates: (0.0583,0.0006,0.00047281) m -> [75,4,6]
% t/s	current
2.61761130298e-14	0
3.6908319372e-12	0
7.35548776138e-12	0
1.10201435855e-11	0
1.46847994097e-11	0
1.83494552339e-11	0
2.20141110581e-11	5.08635020894e-37
2.56787668822e-11	3.05097152666e-33
2.93434227064e-11	2.3983537889e-30
3.30080785306e-11	5.45733242379e-28
3.66727343548e-11	4.9824140462e-26
4.03373901789e-11	2.24842279054e-24
4.40020460031e-11	5.80938501404e-23
4.76667018273e-11	9.58893373128e-22
5.13313576514e-11	1.09809712657e-20
5.49960134756e-11	9.2964198869e-20
5.86606692998e-11	6.11274685353e-19
6.2325325124e-11	3.24495096089e-18
6.59899809481e-11	1.43383636272e-17
6.96546367723e-11	5.40194534192e-17
7.33192925965e-11	1.76689008154e-16
7.69839484207e-11	5.07585552433e-16
8.06486042448e-11	1.28506576565e-15
8.4313260069e-11	2.84174217496e-15
8.79779158932e-11	5.30617352357e-15
9.16425717173e-11	7.47329969582e-15
9.53072275415e-11	3.65734342361e-15
9.89718833657e-11	-2.3719463622e-14
1.0263653919e-10	-1.19597718231e-13
1.06301195014e-10	-3.85517762462e-13
1.09965850838e-10	-1.03010135144e-12
1.13630506662e-10	-2.44880244554e-12
1.17295162487e-10	-5.33840983571e-12
1.20959818311e-10	-1.08435682308e-11
1.24624474135e-10	-2.0715391208e-11
1.28289129959e-10	-3.743308441e-11
1.31953785783e-10	-6.4195634919e-11
1.35618441607e-10	-1.04632559561e-10
1.39283097432e-10	-1.62011654092e-10
1.42947753256e-10	-2.37649511181e-10
1.4661240908e-10	-3.28163912711e-10
1.50277064904e-10	-4.21178592003e-10
1.53941720728e-10	-4.89114970748e-10
1.57606376552e-10	-4.80833872718e-10
1.61271032377e-10	-3.11139281006e-10
1.64935688201e-10	1.5142023746e-10
1.68600344025e-10	1.09743947263e-09
1.72264999849e-10	2.78849210389e-09
1.75929655673e-10	5.56538637397e-09
1.79594311497e-10	9.84958248296e-09
1.83258967322e-10	1.61340025784e-08
1.86923623146e-10	2.49593448132e-08
1.9058827897e-10	3.68724215605e-08
1.94252934794e-10	5.23640046879e-08
1.97917590618e-10	7.17856281085e-08
2.01582246443e-10	9.52464915827e-08
2.05246902267e-10	1.22495464439e-07
2.08911558091e-10	1.52795536223e-07
2.12576213915e-10	1.84802473768e-07
2.16240869739e-10	2.16462751723e-07
2.19905525563e-10	2.44948694217e-07
2.23570181388e-10	2.66651341008e-07
2.27234837212e-10	2.77249256442e-07
2.30899493036e-10	2.71869623703e-07
2.3456414886e-10	2.45349355055e-07
2.38228804684e-10	1.92593518022e-07
2.41893460508e-10	1.09016049521e-07
2.45558116333e-10	-8.96446650245e-09
2.49222772157e-10	-1.63414000554e-07
2.52887427981e-10	-3.54401890945e-07
2.56552083805e-10	-5.79598520289e-07
2.60216739629e-10	-8.34002207739e-07
2.63881395453e-10	-1.10983387458e-06
2.67546051278e-10	-1.39664530252e-06
2.71210707102e-10	-1.68166252479e-06
2.74875362926e-10	-1.95037932826e-06
2.7854001875e-10	-2.1873966034e-06
2.82204674574e-10	-2.37746826315e-06
2.85869330399e-10	-2.50669381785e-06
2.89533986223e-10	-2.56372959484e-06
2.93198642047e-10	-2.54092674368e-06
2.96863297871e-10	-2.43522822529e-06
3.00527953695e-10	-2.24873247134e-06
3.04192609519e-10	-1.9888254883e-06
3.07857265344e-10	-1.66787276612e-06
3.11521921168e-10	-1.30248633923e-06
3.15186576992e-10	-9.12433677058e-07
3.18851232816e-10	-5.19279296896e-07
3.2251588864e-10	-1.44847930983e-07
3.26180544464e-10	1.9041507926e-07
3.29845200289e-10	4.69069419751e-07
3.33509856113e-10	6.78190417602e-07
3.37174511937e-10	8.10612959867e-07
3.40839167761e-10	8.65721176524e-07
3.44503823585e-10	8.49614252729e-07
3.48168479409e-10	7.74540865223e-07
3.51833135234e-10	6.57583314023e-07
3.55497791058e-10	5.18740819189e-07
3.59162446882e-10	3.78682187829e-07
3.62827102706e-10	2.56499845364e-07
3.6649175853e-10	1.67791569083e-07
3.70156414354e-10	1.23287748011e-07
3.73821070179e-10	1.28101547148e-07
3.77485726003e-10	1.81515105169e-07
3.81150381827e-10	2.77181243291e-07
3.84815037651e-10	4.03627836931e-07
3.88479693475e-10	5.45047612377e-07
3.921443493e-10	6.82464985857e-07
3.95809005124e-10	7.95408709564e-07
3.99473660948e-10	8.64117964738e-07
4.03138316772e-10	8.72122427609e-07
4.06802972596e-10	8.08802610663e-07
4.1046762842e-10	6.71377165418e-07
4.14132284245e-10	4.65785973347e-07
4.17796940069e-10	2.06153757176e-07
4.21461595893e-10	-8.7099252255e-08
4.25126251717e-10	-3.90048342069e-07
4.28790907541e-10	-6.78269316268e-07
4.32455563365e-10	-9.2937403906e-07
4.3612021919e-10	-1.12465045277e-06
4.39784875014e-10	-1.24980942928e-06
4.43449530838e-10	-1.29520435621e-06
4.47114186662e-10	-1.25603628476e-06
4.50778842486e-10	-1.13292537662e-06
4.5444349831e-10	-9.32830687361e-07
4.58108154135e-10	-6.6984574687e-07
4.61772809959e-10	-3.6516425439e-07
4.65437465783e-10	-4.55687541034e-08
4.69102121607e-10	2.59705302597e-07
4.72766777431e-10	5.23228720795e-07
4.76431433255e-10	7.23694711269e-07
4.8009608908e-10	8.49031209782e-07
4.83760744904e-10	8.9736352038e-07
4.87425400728e-10	8.75611135598e-07
4.91090056552e-10	7.96352651378e-07
4.94754712376e-10	6.74217744745e-07
4.98419368201e-10	5.23144080944e-07
5.02084024025e-10	3.55351261305e-07
5.05748679849e-10	1.82014730399e-07
5.09413335673e-10	1.47684513507e-08
5.13077991497e-10	-1.3328454429e-07
5.16742647321e-10	-2.48148808168e-07
5.20407303146e-10	-3.17388156645e-07
5.2407195897e-10	-3.33706225319e-07
5.27736614794e-10	-2.98144442468e-07
5.31401270618e-10	-2.21259682576e-07
5.35065926442e-10	-1.21348733728e-07
5.38730582266e-10	-1.99857250749e-08
5.42395238091e-10	6.36849932789e-08
5.46059893915e-10	1.17816789214e-07
5.49724549739e-10	1.40046580555e-07
5.53389205563e-10	1.36234021397e-07
5.57053861387e-10	1.16400215688e-07
5.60718517211e-10	8.96896992231e-08
5.64383173036e-10	6.05862524594e-08
5.6804782886e-10	2.80023098043e-08
5.71712484684e-10	-1.24596581941e-08
5.75377140508e-10	-6.42747863822e-08
5.79041796332e-10	-1.25977948073e-07
5.82706452157e-10	-1.89499104408e-07
5.86371107981e-10	-2.41917717858e-07
5.90035763805e-10	-2.70083205578e-07
5.93700419629e-10	-2.66101721991e-07
5.97365075453e-10	-2.31150053764e-07
6.01029731277e-10	-1.75723215534e-07
6.04694387102e-10	-1.15964120084e-07
6.08359042926e-10	-6.74874485185e-08
6.1202369875e-10	-3.92914429881e-08
6.15688354574e-10	-3.03668628021e-08
6.19353010398e-10	-3.05064382644e-08
6.23017666222e-10	-2.50207516928e-08
6.26682322047e-10	-1.35726763162e-09
6.30346977871e-10	4.52197213008e-08
6.34011633695e-10	1.09336639298e-07
6.37676289519e-10	1.7757233195e-07
6.41340945343e-10	2.33896940927e-07
6.45005601167e-10	2.65987807779e-07
6.48670256992e-10	2.69556892363e-07
6.52334912816e-10	2.48788609269e-07
6.5599956864e-10	2.12847041325e-07
6.59664224464e-10	1.70287918877e-07
6.63328880288e-10	1.24166589899e-07
6.66993536112e-10	7.02782259054e-08
6.70658191937e-10	-5.38229016911e-10
6.74322847761e-10	-9.70282911794e-08
6.77987503585e-10	-2.21511626819e-07
6.81652159409e-10	-3.65993145124e-07
6.85316815233e-10	-5.12297901878e-07
6.88981471058e-10	-6.36415393274e-07
6.92646126882e-10	-7.15445310107e-07
6.96310782706e-10	-7.34412139991e-07
6.9997543853e-10	-6.90261060754e-07
7.03640094354e-10	-5.91565935792e-07
7.07304750178e-10	-4.54376163361e-07
7.10969406003e-10	-2.96286998491e-07
7.14634061827e-10	-1.31470159204e-07
7.18298717651e-10	3.12667225444e-08
7.21963373475e-10	1.86995777085e-07
7.25628029299e-10	3.31100920903e-07
7.29292685123e-10	4.55931683518e-07
7.32957340948e-10	5.49746914658e-07
7.36621996772e-10	5.98752137648e-07
7.40286652596e-10	5.91480329604e-07
7.4395130842e-10	5.2363100167e-07
7.47615964244e-10	4.01227993052e-07
7.51280620068e-10	2.40638996729e-07
7.54945275893e-10	6.52611333862e-08
7.58609931717e-10	-9.99829836701e-08
7.62274587541e-10	-2.34284499356e-07
7.65939243365e-10	-3.24666842744e-07
7.69603899189e-10	-3.66631752513e-07
7.73268555013e-10	-3.62043067526e-07
7.76933210838e-10	-3.15833915465e-07
7.80597866662e-10	-2.33532418292e-07
7.84262522486e-10	-1.20870296882e-07
7.8792717831e-10	1.46855470007e-08
7.91591834134e-10	1.61891989592e-07
7.95256489959e-10	3.04945388052e-07
7.98921145783e-10	4.25018356509e-07
8.02585801607e-10	5.03877231495e-07
8.06250457431e-10	5.28240775566e-07
8.09915113255e-10	4.93159973303e-07
8.13579769079e-10	4.03117894621e-07
8.17244424904e-10	2.70496514077e-07
8.20909080728e-10	1.12045192679e-07
8.24573736552e-10	-5.52590542213e-08
8.28238392376e-10	-2.17338936181e-07
8.319030482e-10	-3.63976312201e-07
8.35567704024e-10	-4.87501552016e-07
8.39232359849e-10	-5.8035868733e-07
8.42897015673e-10	-6.3348176127e-07
8.46561671497e-10	-6.37075459053e-07
8.50226327321e-10	-5.84006215831e-07
8.53890983145e-10	-4.74281392826e-07
8.57555638969e-10	-3.18097761465e-07
8.61220294794e-10	-1.35401222678e-07
8.64884950618e-10	4.84095679099e-08
8.68549606442e-10	2.09068858226e-07
8.72214262266e-10	3.29648997877e-07
8.7587891809e-10	4.03958864581e-07
8.79543573914e-10	4.36007752569e-07
8.83208229739e-10	4.36035179519e-07
8.86872885563e-10	4.14899773205e-07
8.90537541387e-10	3.79205118861e-07
8.94202197211e-10	3.29265219534e-07
8.97866853035e-10	2.60918397998e-07
9.0153150886e-10	1.70483559714e-07
9.05196164684e-10	6.04327041742e-08
9.08860820508e-10	-5.73915315272e-08
9.12525476332e-10	-1.63309977097e-07
9.16190132156e-10	-2.36062959402e-07
9.1985478798e-10	-2.61116838374e-07
9.23519443805e-10	-2.37000847392e-07
9.27184099629e-10	-1.76464382662e-07
9.30848755453e-10	-1.01754736193e-07
9.34513411277e-10	-3.61527696668e-08
9.38178067101e-10	4.49997727969e-09
9.41842722925e-10	1.68297837888e-08
9.4550737875e-10	9.71434488406e-09
9.49172034574e-10	-8.1445694633e-10
9.52836690398e-10	6.35842489771e-10
9.56501346222e-10	2.1463657518e-08
9.60166002046e-10	5.72794647269e-08
9.6383065787e-10	9.35542843195e-08
9.67495313695e-10	1.12309194833e-07
9.71159969519e-10	1.00992124885e-07
9.74824625343e-10	5.92436677493e-08
9.78489281167e-10	-4.77158312862e-11
9.82153936991e-10	-5.6193179887e-08
9.85818592816e-10	-9.0068681402e-08
9.8948324864e-10	-9.27549095309e-08
9.93147904464e-10	-6.9282478421e-08
9.96812560288e-10	-3.59595446753e-08
1.00047721611e-09	-1.28781696418e-08
1.00414187194e-09	-1.51383332536e-08
1.00780652776e-09	-4.64454146254e-08
1.01147118358e-09	-9.73997131837e-08
1.01513583941e-09	-1.4893149114e-07
1.01880049523e-09	-1.79582329451e-07
1.02246515106e-09	-1.73937436898e-07
1.02612980688e-09	-1.28857720938e-07
1.02979446271e-09	-5.47283107721e-08
1.03345911853e-09	2.90948438675e-08
1.03712377435e-09	1.02681674718e-07
1.04078843018e-09	1.53688247906e-07
1.044453086e-09	1.8123580503e-07
1.04811774183e-09	1.93791876768e-07
1.05178239765e-09	2.02624335088e-07
1.05544705347e-09	2.14643478103e-07
1.0591117093e-09	2.28311861861e-07
1.06277636512e-09	2.34211015027e-07
1.06644102095e-09	2.19402224388e-07
1.07010567677e-09	1.73250143121e-07
1.0737703326e-09	9.23549094978e-08
1.07743498842e-09	-1.6974590622e-08
1.08109964424e-09	-1.39448815162e-07
1.08476430007e-09	-2.5462082931e-07
1.08842895589e-09	-3.42730118064e-07
1.09209361172e-09	-3.90504339975e-07
1.09575826754e-09	-3.94448761654e-07
1.09942292336e-09	-3.6013210547e-07
1.10308757919e-09	-2.98055539361e-07
1.10675223501e-09	-2.18596298396e-07
1.11041689084e-09	-1.28906421537e-07
1.11408154666e-09	-3.3097734331e-08
1.11774620249e-09	6.52807869983e-08
1.12141085831e-09	1.60799785931e-07
1.12507551413e-09	2.45581304625e-07
1.12874016996e-09	3.10746088417e-07
1.13240482578e-09	3.48618669932e-07
1.13606948161e-09	3.5435425616e-07
1.13973413743e-09	3.26564446596e-07
1.14339879325e-09	2.6735850156e-07
1.14706344908e-09	1.82246097324e-07
1.1507281049e-09	7.97871777536e-08
1.15439276073e-09	-2.93669781826e-08
1.15805741655e-09	-1.33978517169e-07
1.16172207238e-09	-2.23610584271e-07
1.1653867282e-09	-2.8925799711e-07
1.16905138402e-09	-3.2340483358e-07
1.17271603985e-09	-3.20489476735e-07
1.17638069567e-09	-2.78544405319e-07
1.1800453515e-09	-2.01486827223e-07
1.18371000732e-09	-1.00271016379e-07
1.18737466315e-09	8.80420181204e-09
1.19103931897e-09	1.08631091678e-07
1.19470397479e-09	1.86595855212e-07
1.19836863062e-09	2.37778209566e-07
1.20203328644e-09	2.64385505488e-07
1.20569794227e-09	2.72076732699e-07
1.20936259809e-09	2.65535021526e-07
1.21302725391e-09	2.45678108968e-07
1.21669190974e-09	2.09606568546e-07
1.22035656556e-09	1.52901776573e-07
1.22402122139e-09	7.31014537791e-08
1.22768587721e-09	-2.69121791519e-08
1.23135053304e-09	-1.36873879342e-07
1.23501518886e-09	-2.39683203063e-07
1.23867984468e-09	-3.15263292805e-07
1.24234450051e-09	-3.47079549101e-07
1.24600915633e-09	-3.28812319594e-07
1.24967381216e-09	-2.67736851356e-07
1.25333846798e-09	-1.82484171773e-07
1.2570031238e-09	-9.56977146416e-08
1.26066777963e-09	-2.50482283803e-08
1.26433243545e-09	2.29227090642e-08
1.26799709128e-09	5.33056798702e-08
1.2716617471e-09	7.79352617997e-08
1.27532640293e-09	1.0799242034e-07
1.27899105875e-09	1.47741332057e-07
1.28265571457e-09	1.91939463434e-07
1.2863203704e-09	2.27646182793e-07
1.28998502622e-09	2.39541435576e-07
1.29364968205e-09	2.16746315118e-07
1.29731433787e-09	1.58556233032e-07
1.30097899369e-09	7.6507390645e-08
1.30464364952e-09	-8.75136496603e-09
1.30830830534e-09	-7.50770254854e-08
1.31197296117e-09	-1.07797703208e-07
1.31563761699e-09	-1.05713581888e-07
1.31930227282e-09	-8.09682489944e-08
1.32296692864e-09	-5.2772826109e-08
1.32663158446e-09	-3.82079861083e-08
1.33029624029e-09	-4.46941790244e-08
1.33396089611e-09	-6.75531595107e-08
1.33762555194e-09	-9.32413470878e-08
1.34129020776e-09	-1.06139985689e-07
1.34495486358e-09	-9.5624116625e-08
1.34861951941e-09	-6.05431935696e-08
1.35228417523e-09	-9.60371693282e-09
1.35594883106e-09	4.22416377432e-08
1.35961348688e-09	7.99448827138e-08
1.36327814271e-09	9.46016598391e-08
1.36694279853e-09	8.70404477382e-08
1.37060745435e-09	6.69814070875e-08
1.37427211018e-09	4.79767976458e-08
1.377936766e-09	4.05334077413e-08
1.38160142183e-09	4.69567851269e-08
1.38526607765e-09	6.05467889159e-08
1.38893073347e-09	6.93780251027e-08
1.3925953893e-09	6.24787759307e-08
1.39626004512e-09	3.51167521728e-08
1.39992470095e-09	-9.24456866613e-09
1.40358935677e-09	-6.07486825288e-08
1.4072540126e-09	-1.07367405633e-07
1.41091866842e-09	-1.39368239616e-07
1.41458332424e-09	-1.5217631244e-07
1.41824798007e-09	-1.46797304978e-07
1.42191263589e-09	-1.2797755744e-07
1.42557729172e-09	-1.01158519783e-07
1.42924194754e-09	-6.9769100719e-08
1.43290660336e-09	-3.41965069595e-08
1.43657125919e-09	7.02683156106e-09
1.44023591501e-09	5.45130056651e-08
1.44390057084e-09	1.05505733927e-07
1.44756522666e-09	1.53252059931e-07
1.45122988249e-09	1.88878530594e-07
1.45489453831e-09	2.04881345667e-07
1.45855919413e-09	1.98269802354e-07
1.46222384996e-09	1.71595090137e-07
1.46588850578e-09	1.31352678068e-07
1.46955316161e-09	8.46902636908e-08
1.47321781743e-09	3.62785321784e-08
1.47688247325e-09	-1.29499078128e-08
1.48054712908e-09	-6.45623146056e-08
1.4842117849e-09	-1.19545816801e-07
1.48787644073e-09	-1.75067043529e-07
1.49154109655e-09	-2.23022624368e-07
1.49520575238e-09	-2.51574022059e-07
1.4988704082e-09	-2.49439409572e-07
1.50253506402e-09	-2.11192926258e-07
1.50619971985e-09	-1.40945957128e-07
1.50986437567e-09	-5.22989687113e-08
1.5135290315e-09	3.58600296124e-08
1.51719368732e-09	1.06090055851e-07
1.52085834314e-09	1.48647671949e-07
1.52452299897e-09	1.64373204825e-07
1.52818765479e-09	1.62897777045e-07
1.53185231062e-09	1.56979893973e-07
1.53551696644e-09	1.55586178607e-07
1.53918162227e-09	1.58949546858e-07
1.54284627809e-09	1.58030744046e-07
1.54651093391e-09	1.38942027661e-07
1.55017558974e-09	9.05844359522e-08
1.55384024556e-09	1.19820038336e-08
1.55750490139e-09	-8.44341059292e-08
1.56116955721e-09	-1.75746038167e-07
1.56483421303e-09	-2.36905307816e-07
1.56849886886e-09	-2.50898239074e-07
1.57216352468e-09	-2.15956831084e-07
1.57582818051e-09	-1.46330165762e-07
1.57949283633e-09	-6.61912693545e-08
1.58315749216e-09	4.71019667714e-10
1.58682214798e-09	3.93791310671e-08
1.5904868038e-09	5.08106197117e-08
1.59415145963e-09	4.78698609641e-08
1.59781611545e-09	4.91519216439e-08
1.60148077128e-09	6.90604196052e-08
1.6051454271e-09	1.09996356912e-07
1.60881008292e-09	1.60007331829e-07
1.61247473875e-09	1.97330749074e-07
1.61613939457e-09	2.00196808464e-07
1.6198040504e-09	1.57573566639e-07
1.62346870622e-09	7.56409690439e-08
1.62713336205e-09	-2.35121966341e-08
1.63079801787e-09	-1.10705791201e-07
1.63446267369e-09	-1.61893098038e-07
1.63812732952e-09	-1.67936420326e-07
1.64179198534e-09	-1.37395787192e-07
1.64545664117e-09	-9.1400373492e-08
1.64912129699e-09	-5.34508757255e-08
1.65278595281e-09	-3.90153473973e-08
1.65645060864e-09	-4.93777818633e-08
1.66011526446e-09	-7.20047594882e-08
1.66377992029e-09	-8.69363105949e-08
1.66744457611e-09	-7.64077867643e-08
1.67110923194e-09	-3.36524088596e-08
1.67477388776e-09	3.30194822595e-08
1.67843854358e-09	1.03023680254e-07
1.68210319941e-09	1.52331352865e-07
1.68576785523e-09	1.64400802305e-07
1.68943251106e-09	1.37858066296e-07
1.69309716688e-09	8.69330065711e-08
1.69676182271e-09	3.43704229522e-08
1.70042647853e-09	5.23365795146e-10
1.70409113435e-09	-5.76007774811e-09
1.70775579018e-09	9.89853710109e-09
1.711420446e-09	3.14620152153e-08
1.71508510183e-09	4.0920124178e-08
1.71874975765e-09	2.68400839332e-08
1.72241441347e-09	-1.06627169316e-08
1.7260790693e-09	-6.02109082593e-08
1.72974372512e-09	-1.04192004358e-07
1.73340838095e-09	-1.26363246977e-07
1.73707303677e-09	-1.18944342375e-07
1.7407376926e-09	-8.61188027557e-08
1.74440234842e-09	-4.21090575742e-08
1.74806700424e-09	-4.35579750047e-09
1.75173166007e-09	1.50312136071e-08
1.75539631589e-09	1.50848080693e-08
1.75906097172e-09	5.81179504522e-09
1.76272562754e-09	2.07201811264e-09
1.76639028336e-09	1.49689682871e-08
1.77005493919e-09	4.56007711591e-08
1.77371959501e-09	8.44328837957e-08
1.77738425084e-09	1.16195941757e-07
1.78104890666e-09	1.27303209752e-07
1.78471356249e-09	1.11911262479e-07
1.78837821831e-09	7.40420347256e-08
1.79204287413e-09	2.53843950304e-08
1.79570752996e-09	-1.98427656528e-08
1.79937218578e-09	-5.07371922254e-08
1.80303684161e-09	-6.39724859752e-08
1.80670149743e-09	-6.46836824103e-08
1.81036615325e-09	-6.33163068642e-08
1.81403080908e-09	-6.95546162888e-08
1.8176954649e-09	-8.62319922135e-08
1.82136012073e-09	-1.06681589784e-07
1.82502477655e-09	-1.1749184381e-07
1.82868943238e-09	-1.05608478407e-07
1.8323540882e-09	-6.59486332211e-08
1.83601874402e-09	-5.13716447159e-09
1.83968339985e-09	6.0826330639e-08
1.84334805567e-09	1.13662068202e-07
1.8470127115e-09	1.40771717838e-07
1.85067736732e-09	1.40014734029e-07
1.85434202314e-09	1.19351284411e-07
1.85800667897e-09	9.21107314866e-08
1.86167133479e-09	7.04447202793e-08
1.86533599062e-09	5.98878955316e-08
1.86900064644e-09	5.71477940525e-08
1.87266530227e-09	5.19754124184e-08
1.87632995809e-09	3.25372653265e-08
1.87999461391e-09	-7.82210030081e-09
1.88365926974e-09	-6.55574865505e-08
1.88732392556e-09	-1.26520617982e-07
1.89098858139e-09	-1.71143213379e-07
1.89465323721e-09	-1.83154256206e-07
1.89831789303e-09	-1.57472840101e-07
1.90198254886e-09	-1.02996544626e-07
1.90564720468e-09	-3.8607655739e-08
1.90931186051e-09	1.55414490166e-08
1.91297651633e-09	4.68745682269e-08
1.91664117216e-09	5.49977130504e-08
1.92030582798e-09	5.01902448491e-08
1.9239704838e-09	4.70762060445e-08
1.92763513963e-09	5.68582123606e-08
1.93129979545e-09	8.16450835828e-08
1.93496445128e-09	1.13141773284e-07
1.9386291071e-09	1.36125876793e-07
1.94229376292e-09	1.35291898573e-07
1.94595841875e-09	1.02698145099e-07
1.94962307457e-09	4.25353334776e-08
1.9532877304e-09	-2.93374675664e-08
1.95695238622e-09	-9.14389701734e-08
1.96061704205e-09	-1.25818232277e-07
1.96428169787e-09	-1.25936395534e-07
1.96794635369e-09	-9.91844331111e-08
1.97161100952e-09	-6.26442329121e-08
1.97527566534e-09	-3.43374431111e-08
1.97894032117e-09	-2.45398368293e-08
1.98260497699e-09	-3.15236867721e-08
1.98626963281e-09	-4.35309353009e-08
1.98993428864e-09	-4.54868889221e-08
1.99359894446e-09	-2.68833773021e-08
1.99726360029e-09	1.28504318297e-08
2.00092825611e-09	6.3694223229e-08
2.00459291194e-09	1.09113877045e-07
2.00825756776e-09	1.33031861083e-07
2.01192222358e-09	1.2679424799e-07
2.01558687941e-09	9.31285200068e-08
2.01925153523e-09	4.51798278789e-08
2.02291619106e-09	7.8300566031e-10
2.02658084688e-09	-2.55967886886e-08
2.0302455027e-09	-2.93813737784e-08
2.03391015853e-09	-1.7495317195e-08
2.03757481435e-09	-4.1867935785e-09
2.04123947018e-09	-3.21253157409e-09
2.044904126e-09	-2.05279508947e-08
2.04856878183e-09	-5.12828499666e-08
2.05223343765e-09	-8.24453678661e-08
2.05589809347e-09	-9.94044242475e-08
2.0595627493e-09	-9.3052392458e-08
2.06322740512e-09	-6.39196073848e-08
2.06689206095e-09	-2.1712160958e-08
2.07055671677e-09	1.91789020221e-08
2.07422137259e-09	4.60087008491e-08
2.07788602842e-09	5.30414183686e-08
2.08155068424e-09	4.36794209691e-08
2.08521534007e-09	2.84594303679e-08
2.08887999589e-09	1.97115550549e-08
2.09254465172e-09	2.5284080607e-08
2.09620930754e-09	4.43828476193e-08
2.09987396336e-09	6.77153408901e-08
2.10353861919e-09	8.20860890371e-08
2.10720327501e-09	7.71910038111e-08
2.11086793084e-09	5.10433295631e-08
2.11453258666e-09	1.1171279013e-08
2.11819724248e-09	-2.90128436831e-08
2.12186189831e-09	-5.66761961807e-08
2.12552655413e-09	-6.5417367523e-08
2.12919120996e-09	-5.76355034809e-08
2.13285586578e-09	-4.25128696691e-08
2.13652052161e-09	-3.09109822183e-08
2.14018517743e-09	-2.98535347554e-08
2.14384983325e-09	-3.91777739139e-08
2.14751448908e-09	-5.17511544729e-08
2.1511791449e-09	-5.70593456928e-08
2.15484380073e-09	-4.6497682149e-08
2.15850845655e-09	-1.79534094258e-08
2.16217311237e-09	2.24928466963e-08
2.1658377682e-09	6.27504306294e-08
2.16950242402e-09	8.99603662674e-08
2.17316707985e-09	9.63396473708e-08
2.17683173567e-09	8.2702378279e-08
2.1804963915e-09	5.77565977267e-08
2.18416104732e-09	3.34599263851e-08
2.18782570314e-09	1.88790565403e-08
2.19149035897e-09	1.57923008004e-08
2.19515501479e-09	1.8312764638e-08
2.19881967062e-09	1.66148250713e-08
2.20248432644e-09	2.65641997288e-09
2.20614898227e-09	-2.51133585039e-08
2.20981363809e-09	-6.03878191896e-08
2.21347829391e-09	-9.15597624385e-08
2.21714294974e-09	-1.06874594508e-07
2.22080760556e-09	-9.97389832946e-08
2.22447226139e-09	-7.17794748084e-08
2.22813691721e-09	-3.22508597606e-08
2.23180157303e-09	5.98164495713e-09
2.23546622886e-09	3.21059943076e-08
2.23913088468e-09	4.20678674118e-08
2.24279554051e-09	3.99961237463e-08
2.24646019633e-09	3.55290872278e-08
2.25012485216e-09	3.82845790625e-08
2.25378950798e-09	5.22748919707e-08
2.2574541638e-09	7.3251072763e-08
2.26111881963e-09	9.05044856836e-08
2.26478347545e-09	9.22829173078e-08
2.26844813128e-09	7.2038773169e-08
2.2721127871e-09	3.22612265791e-08
2.27577744292e-09	-1.60931055149e-08
2.27944209875e-09	-5.82750985245e-08
2.28310675457e-09	-8.22071299922e-08
2.2867714104e-09	-8.36305247276e-08
2.29043606622e-09	-6.75498910141e-08
2.29410072205e-09	-4.53927633259e-08
2.29776537787e-09	-2.92829227533e-08
2.30143003369e-09	-2.61143693336e-08
2.30509468952e-09	-3.42265735753e-08
2.30875934534e-09	-4.43210446122e-08
2.31242400117e-09	-4.4297955526e-08
2.31608865699e-09	-2.57830059525e-08
2.31975331281e-09	1.08637596696e-08
2.32341796864e-09	5.5704795443e-08
2.32708262446e-09	9.32186736691e-08
2.33074728029e-09	1.09365245748e-07
2.33441193611e-09	9.82850991704e-08
2.33807659194e-09	6.52429861248e-08
2.34174124776e-09	2.42657574034e-08
2.34540590358e-09	-8.42428704573e-09
2.34907055941e-09	-2.19723190753e-08
2.35273521523e-09	-1.57519384203e-08
2.35639987106e-09	7.88815679442e-10
2.36006452688e-09	1.31608848264e-08
2.3637291827e-09	9.28518151255e-09
2.36739383853e-09	-1.4229451395e-08
2.37105849435e-09	-4.99758385786e-08
2.37472315018e-09	-8.2859813233e-08
2.378387806e-09	-9.70686002688e-08
2.38205246183e-09	-8.36772002799e-08
2.38571711765e-09	-4.5293969464e-08
2.38938177347e-09	4.58316451457e-09
2.3930464293e-09	4.74028993835e-08
2.39671108512e-09	6.79622047528e-08
2.40037574095e-09	6.14051884895e-08
2.40404039677e-09	3.53905313943e-08
2.40770505259e-09	6.25497698081e-09
2.41136970842e-09	-9.04423380632e-09
2.41503436424e-09	-1.31406951986e-09
2.41869902007e-09	2.62623895964e-08
2.42236367589e-09	5.95730895725e-08
2.42602833172e-09	8.03889577128e-08
2.42969298754e-09	7.52483018118e-08
2.43335764336e-09	4.21509334103e-08
2.43702229919e-09	-8.13436784597e-09
2.44068695501e-09	-5.67618556602e-08
2.44435161084e-09	-8.53004422652e-08
2.44801626666e-09	-8.40844620598e-08
2.45168092248e-09	-5.65452680235e-08
2.45534557831e-09	-1.74948961984e-08
2.45901023413e-09	1.38781679482e-08
2.46267488996e-09	2.30853594019e-08
2.46633954578e-09	7.23450011009e-09
2.47000420161e-09	-2.35723778275e-08
2.47366885743e-09	-5.11008586557e-08
2.47733351325e-09	-5.7880328086e-08
2.48099816908e-09	-3.58949776569e-08
2.4846628249e-09	9.17173537118e-09
2.48832748073e-09	6.02574345976e-08
2.49199213655e-09	9.67398108287e-08
2.49565679237e-09	1.04003888168e-07
2.4993214482e-09	8.01487942681e-08
2.50298610402e-09	3.66689434372e-08
2.50665075985e-09	-7.11830683287e-09
2.51031541567e-09	-3.31679537169e-08
2.5139800715e-09	-3.29853939718e-08
2.51764472732e-09	-1.12468043767e-08
2.52130938314e-09	1.68243214915e-08
2.52497403897e-09	3.30264100512e-08
2.52863869479e-09	2.51214942182e-08
2.53230335062e-09	-7.04100999727e-09
2.53596800644e-09	-5.11021838179e-08
2.53963266226e-09	-8.77611299188e-08
2.54329731809e-09	-9.97852325213e-08
2.54696197391e-09	-8.02078545803e-08
2.55062662974e-09	-3.57769955883e-08
2.55429128556e-09	1.60820459172e-08
2.55795594139e-09	5.53776899892e-08
2.56162059721e-09	6.87938381816e-08
2.56528525303e-09	5.55847208261e-08
2.56894990886e-09	2.73162434894e-08
2.57261456468e-09	1.70001723809e-09
2.57627922051e-09	-6.32677865653e-09
2.57994387633e-09	8.09720202e-09
2.58360853215e-09	3.75183191181e-08
2.58727318798e-09	6.59351755417e-08
2.5909378438e-09	7.66421521803e-08
2.59460249963e-09	6.03894818596e-08
2.59826715545e-09	2.00535357209e-08
2.60193181128e-09	-3.03653244771e-08
2.6055964671e-09	-7.19718116216e-08
2.60926112292e-09	-8.95502765275e-08
2.61292577875e-09	-7.84864937486e-08
2.61659043457e-09	-4.67081200384e-08
2.6202550904e-09	-1.06437738623e-08
2.62391974622e-09	1.28693073975e-08
2.62758440204e-09	1.47790970573e-08
2.63124905787e-09	-1.95994043217e-09
2.63491371369e-09	-2.42492141922e-08
2.63857836952e-09	-3.57896006165e-08
2.64224302534e-09	-2.55737653276e-08
2.64590768117e-09	6.32779784127e-09
2.64957233699e-09	4.85284452623e-08
2.65323699281e-09	8.36388380776e-08
2.65690164864e-09	9.64691011518e-08
2.66056630446e-09	8.11807083778e-08
2.66423096029e-09	4.40195435658e-08
2.66789561611e-09	4.1261527528e-10
2.67156027193e-09	-3.21780575518e-08
2.67522492776e-09	-4.23340900113e-08
2.67888958358e-09	-2.9885292463e-08
2.68255423941e-09	-5.72588021441e-09
2.68621889523e-09	1.37523814558e-08
2.68988355106e-09	1.50207206673e-08
2.69354820688e-09	-5.53231638278e-09
2.6972128627e-09	-3.94445152097e-08
2.70087751853e-09	-7.01164140082e-08
2.70454217435e-09	-8.09890323694e-08
2.70820683018e-09	-6.38998400859e-08
2.711871486e-09	-2.34019701395e-08
2.71553614183e-09	2.51047147515e-08
2.71920079765e-09	6.25014209277e-08
2.72286545347e-09	7.48528066197e-08
2.7265301093e-09	5.97859042273e-08
2.73019476512e-09	2.73689799712e-08
2.73385942095e-09	-4.84363926745e-09
2.73752407677e-09	-2.02560386242e-08
2.74118873259e-09	-1.12060671853e-08
2.74485338842e-09	1.72639751383e-08
2.74851804424e-09	4.96724155141e-08
2.75218270007e-09	6.74842510762e-08
2.75584735589e-09	5.8223722732e-08
2.75951201172e-09	2.19451479211e-08
2.76317666754e-09	-2.81836438631e-08
2.76684132336e-09	-7.16878787443e-08
2.77050597919e-09	-9.0325691815e-08
2.77417063501e-09	-7.67482717379e-08
2.77783529084e-09	-3.80392997101e-08
2.78149994666e-09	7.62658025621e-09
2.78516460248e-09	3.95989019353e-08
2.78882925831e-09	4.44607337613e-08
2.79249391413e-09	2.22148912599e-08
2.79615856996e-09	-1.3905690821e-08
2.79982322578e-09	-4.38413252368e-08
2.80348788161e-09	-5.02771442257e-08
2.80715253743e-09	-2.69460809221e-08
2.81081719325e-09	1.81511055075e-08
2.81448184908e-09	6.61436061478e-08
2.8181465049e-09	9.58259036565e-08
2.82181116073e-09	9.34534298835e-08
2.82547581655e-09	5.92528728305e-08
2.82914047237e-09	7.51092255058e-09
2.8328051282e-09	-3.9924135109e-08
2.83646978402e-09	-6.37180121998e-08
2.84013443985e-09	-5.59331141403e-08
2.84379909567e-09	-2.34869013127e-08
2.8474637515e-09	1.54337040925e-08
2.85112840732e-09	4.01990476462e-08
2.85479306314e-09	3.75434829891e-08
2.85845771897e-09	7.74085062716e-09
2.86212237479e-09	-3.56441489657e-08
2.86578703062e-09	-7.21561548289e-08
2.86945168644e-09	-8.39289739929e-08
2.87311634226e-09	-6.38863468794e-08
2.87678099809e-09	-1.89639965953e-08
2.88044565391e-09	3.30445892871e-08
2.88411030974e-09	7.15220522807e-08
2.88777496556e-09	8.2257571421e-08
2.89143962139e-09	6.36347010641e-08
2.89510427721e-09	2.69383608753e-08
2.89876893303e-09	-9.28681664902e-09
2.90243358886e-09	-2.80958527554e-08
2.90609824468e-09	-2.19827942516e-08
2.90976290051e-09	3.98069754937e-09
2.91342755633e-09	3.50405784388e-08
2.91709221215e-09	5.41065432458e-08
2.92075686798e-09	4.99237167162e-08
2.9244215238e-09	2.22214939782e-08
2.92808617963e-09	-1.84074675502e-08
2.93175083545e-09	-5.55966401805e-08
2.93541549128e-09	-7.47143786839e-08
2.9390801471e-09	-6.92759414278e-08
2.94274480292e-09	-4.34013713857e-08
2.94640945875e-09	-9.37212263352e-09
2.95007411457e-09	1.83842860935e-08
2.9537387704e-09	2.99589579811e-08
2.95740342622e-09	2.41335165185e-08
2.96106808204e-09	8.19033552091e-09
2.96473273787e-09	-6.33489039004e-09
2.96839739369e-09	-9.7013375111e-09
2.97206204952e-09	1.24340215901e-09
2.97572670534e-09	2.1821961127e-08
2.97939136117e-09	4.22368842123e-08
2.98305601699e-09	5.26506305221e-08
2.98672067281e-09	4.7991424168e-08
2.99038532864e-09	3.01386151591e-08
2.99404998446e-09	6.597267177e-09
2.99771464029e-09	-1.34565816268e-08
3.00137929611e-09	-2.36666330977e-08
3.00504395193e-09	-2.32748398332e-08
3.00870860776e-09	-1.6884911247e-08
3.01237326358e-09	-1.14668710083e-08
3.01603791941e-09	-1.22402790126e-08
3.01970257523e-09	-1.96483611603e-08
3.02336723106e-09	-2.90744956999e-08
3.02703188688e-09	-3.3472286276e-08
3.0306965427e-09	-2.74930940236e-08
3.03436119853e-09	-1.0833131725e-08
3.03802585435e-09	1.11178284357e-08
3.04169051018e-09	2.97753626199e-08
3.045355166e-09	3.77239430804e-08
3.04901982182e-09	3.26382298965e-08
3.05268447765e-09	1.86421349468e-08
3.05634913347e-09	4.3187342591e-09
3.0600137893e-09	-1.67576441612e-09
3.06367844512e-09	4.77602579707e-09
3.06734310095e-09	2.07600567848e-08
3.07100775677e-09	3.73394293263e-08
3.07467241259e-09	4.37584972701e-08
3.07833706842e-09	3.29596474558e-08
3.08200172424e-09	5.72665825871e-09
3.08566638007e-09	-2.87859336368e-08
3.08933103589e-09	-5.67230884485e-08
3.09299569171e-09	-6.58986749613e-08
3.09666034754e-09	-5.18489748913e-08
3.10032500336e-09	-2.04630001832e-08
3.10398965919e-09	1.434026764e-08
3.10765431501e-09	3.69636836695e-08
3.11131897084e-09	3.75296131949e-08
3.11498362666e-09	1.67164575515e-08
3.11864828248e-09	-1.4354823108e-08
3.12231293831e-09	-3.91928409726e-08
3.12597759413e-09	-4.36570424256e-08
3.12964224996e-09	-2.27748859771e-08
3.13330690578e-09	1.65055968893e-08
3.1369715616e-09	5.79777221787e-08
3.14063621743e-09	8.32281088492e-08
3.14430087325e-09	8.00275756774e-08
3.14796552908e-09	4.82392721324e-08
3.1516301849e-09	3.77044395705e-10
3.15529484073e-09	-4.37091998151e-08
3.15895949655e-09	-6.57675514049e-08
3.16262415237e-09	-5.75506859946e-08
3.1662888082e-09	-2.46523068625e-08
3.16995346402e-09	1.61326525472e-08
3.17361811985e-09	4.47118466695e-08
3.17728277567e-09	4.70766572391e-08
3.1809474315e-09	2.17311217909e-08
3.18461208732e-09	-1.97335516816e-08
3.18827674314e-09	-5.8038047257e-08
3.19194139897e-09	-7.49929824906e-08
3.19560605479e-09	-6.16662418906e-08
3.19927071062e-09	-2.23804121902e-08
3.20293536644e-09	2.7162201377e-08
3.20660002226e-09	6.67958914846e-08
3.21026467809e-09	8.0800582225e-08
3.21392933391e-09	6.48462190611e-08
3.21759398974e-09	2.77812830518e-08
3.22125864556e-09	-1.26426709102e-08
3.22492330139e-09	-3.8130551161e-08
3.22858795721e-09	-3.83103255785e-08
3.23225261303e-09	-1.52533043973e-08
3.23591726886e-09	1.80468173738e-08
3.23958192468e-09	4.42752643437e-08
3.24324658051e-09	5.00853829521e-08
3.24691123633e-09	3.20818109856e-08
3.25057589215e-09	-2.12602957461e-09
3.25424054798e-09	-3.79021685148e-08
3.2579052038e-09	-6.04163972184e-08
3.26156985963e-09	-6.11281265606e-08
3.26523451545e-09	-4.11371239295e-08
3.26889917128e-09	-1.01392467755e-08
3.2725638271e-09	1.83441031254e-08
3.27622848292e-09	3.32355298838e-08
3.27989313875e-09	3.07901260044e-08
3.28355779457e-09	1.5820763366e-08
3.2872224504e-09	-1.27804711259e-09
3.29088710622e-09	-1.0150808194e-08
3.29455176204e-09	-5.81399284272e-09
3.29821641787e-09	9.09731312504e-09
3.30188107369e-09	2.62343640145e-08
3.30554572952e-09	3.63408076964e-08
3.30921038534e-09	3.41992318909e-08
3.31287504117e-09	2.10487662855e-08
3.31653969699e-09	3.39804850924e-09
3.32020435281e-09	-1.07920659076e-08
3.32386900864e-09	-1.63269664455e-08
3.32753366446e-09	-1.32060478109e-08
3.33119832029e-09	-6.17614404064e-09
3.33486297611e-09	-1.83921744501e-09
3.33852763193e-09	-4.83943463081e-09
3.34219228776e-09	-1.50363241858e-08
3.34585694358e-09	-2.71608016078e-08
3.34952159941e-09	-3.33131282559e-08
3.35318625523e-09	-2.72562026282e-08
3.35685091106e-09	-8.36809910254e-09
3.36051556688e-09	1.70508087649e-08
3.3641802227e-09	3.82316187597e-08
3.36784487853e-09	4.52330723988e-08
3.37150953435e-09	3.44048913803e-08
3.37517419018e-09	1.09261222292e-08
3.378838846e-09	-1.3253966813e-08
3.38250350182e-09	-2.52383607346e-08
3.38616815765e-09	-1.78436927456e-08
3.38983281347e-09	6.36222052819e-09
3.3934974693e-09	3.57944287543e-08
3.39716212512e-09	5.50816032785e-08
3.40082678095e-09	5.23677350373e-08
3.40449143677e-09	2.53048568766e-08
3.40815609259e-09	-1.70880021244e-08
3.41182074842e-09	-5.7735263681e-08
3.41548540424e-09	-7.87923113421e-08
3.41915006007e-09	-6.98707509628e-08
3.42281471589e-09	-3.34382477263e-08
3.42647937171e-09	1.54215893389e-08
3.43014402754e-09	5.52776988627e-08
3.43380868336e-09	6.81140477354e-08
3.43747333919e-09	4.80467861053e-08
3.44113799501e-09	4.61811522356e-09
3.44480265084e-09	-4.12207761258e-08
3.44846730666e-09	-6.67488748718e-08
3.45213196248e-09	-5.82023602647e-08
3.45579661831e-09	-1.74605485626e-08
3.45946127413e-09	3.84685492349e-08
3.46312592996e-09	8.49214671916e-08
3.46679058578e-09	1.00601894815e-07
3.4704552416e-09	7.72070265498e-08
3.47411989743e-09	2.3405332783e-08
3.47778455325e-09	-3.86316649781e-08
3.48144920908e-09	-8.27660926461e-08
3.4851138649e-09	-9.04309018779e-08
3.48877852073e-09	-5.90723239213e-08
3.49244317655e-09	-3.56194007622e-09
3.49610783237e-09	5.03363324356e-08
3.4997724882e-09	7.76641186917e-08
3.50343714402e-09	6.57760637068e-08
3.50710179985e-09	2.02308356734e-08
3.51076645567e-09	-3.77728319734e-08
3.51443111149e-09	-8.12072116219e-08
3.51809576732e-09	-8.96151917118e-08
3.52176042314e-09	-5.83272736776e-08
3.52542507897e-09	-3.70013436557e-10
3.52908973479e-09	5.95796905145e-08
3.53275439062e-09	9.6252961157e-08
3.53641904644e-09	9.48524814248e-08
3.54008370226e-09	5.73028238193e-08
3.54374835809e-09	1.07170994301e-09
3.54741301391e-09	-4.8810051112e-08
3.55107766974e-09	-7.09628977802e-08
3.55474232556e-09	-5.71142635408e-08
3.55840698138e-09	-1.55384913825e-08
3.56207163721e-09	3.30806209092e-08
3.56573629303e-09	6.54173959447e-08
3.56940094886e-09	6.629935001e-08
3.57306560468e-09	3.54586902063e-08
3.57673026051e-09	-1.28259962651e-08
3.58039491633e-09	-5.6780631752e-08
3.58405957215e-09	-7.73086981098e-08
3.58772422798e-09	-6.64329746769e-08
3.5913888838e-09	-3.02500886562e-08
3.59505353963e-09	1.45854830436e-08
3.59871819545e-09	4.88464166892e-08
3.60238285127e-09	5.93532902826e-08
3.6060475071e-09	4.438244261e-08
3.60971216292e-09	1.36577877896e-08
3.61337681875e-09	-1.67853251298e-08
3.61704147457e-09	-3.23289128801e-08
3.6207061304e-09	-2.64723940546e-08
3.62437078622e-09	-3.4274998395e-09
3.62803544204e-09	2.44774689406e-08
3.63170009787e-09	4.3162238228e-08
3.63536475369e-09	4.37006555387e-08
3.63902940952e-09	2.63453312499e-08
3.64269406534e-09	-1.868966093e-10
3.64635872116e-09	-2.35438477603e-08
3.65002337699e-09	-3.40180932312e-08
3.65368803281e-09	-2.903598606e-08
3.65735268864e-09	-1.37401601208e-08
3.66101734446e-09	2.31618546565e-09
3.66468200029e-09	1.04214841201e-08
3.66834665611e-09	7.14502590426e-09
3.67201131193e-09	-4.21122292593e-09
3.67567596776e-09	-1.57092046038e-08
3.67934062358e-09	-1.92250197983e-08
3.68300527941e-09	-1.09462607867e-08
3.68666993523e-09	6.40560404719e-09
3.69033459106e-09	2.48030112004e-08
3.69399924688e-09	3.50313733577e-08
3.6976639027e-09	3.16317603222e-08
3.70132855853e-09	1.60526507642e-08
3.70499321435e-09	-3.77201914148e-09
3.70865787018e-09	-1.73642824564e-08
3.712322526e-09	-1.72248100228e-08
3.71598718182e-09	-3.04019343034e-09
3.71965183765e-09	1.77439858362e-08
3.72331649347e-09	3.34360947818e-08
3.7269811493e-09	3.40267405363e-08
3.73064580512e-09	1.65561750975e-08
3.73431046095e-09	-1.28558657053e-08
3.73797511677e-09	-4.1455162858e-08
3.74163977259e-09	-5.57220758424e-08
3.74530442842e-09	-4.7922124935e-08
3.74896908424e-09	-2.01724574822e-08
3.75263374007e-09	1.60330824173e-08
3.75629839589e-09	4.47992647423e-08
3.75996305171e-09	5.31432178263e-08
3.76362770754e-09	3.72516986147e-08
3.76729236336e-09	4.64006522094e-09
3.77095701919e-09	-2.89941137765e-08
3.77462167501e-09	-4.69572292161e-08
3.77828633084e-09	-3.95035648637e-08
3.78195098666e-09	-8.74211991686e-09
3.78561564248e-09	3.19335740073e-08
3.78928029831e-09	6.379258366e-08
3.79294495413e-09	7.14077330599e-08
3.79660960996e-09	4.99465855341e-08
3.80027426578e-09	7.66868701874e-09
3.8039389216e-09	-3.75988875589e-08
3.80760357743e-09	-6.6445480229e-08
3.81126823325e-09	-6.66576625008e-08
3.81493288908e-09	-3.87666361235e-08
3.8185975449e-09	4.17631973448e-09
3.82226220073e-09	4.25204369492e-08
3.82592685655e-09	5.89392570305e-08
3.82959151237e-09	4.6289684974e-08
3.8332561682e-09	1.08335109772e-08
3.83692082402e-09	-3.06596632527e-08
3.84058547985e-09	-5.86081299048e-08
3.84425013567e-09	-5.95768590017e-08
3.84791479149e-09	-3.24031006471e-08
3.85157944732e-09	1.13093587828e-08
3.85524410314e-09	5.25293515352e-08
3.85890875897e-09	7.34593399443e-08
3.86257341479e-09	6.55167724517e-08
3.86623807062e-09	3.30000169413e-08
3.86990272644e-09	-9.16446118993e-09
3.87356738226e-09	-4.24165733648e-08
3.87723203809e-09	-5.29828128037e-08
3.88089669391e-09	-3.78591238359e-08
3.88456134974e-09	-5.7085620675e-09
3.88822600556e-09	2.75420610762e-08
3.89189066138e-09	4.62051801264e-08
3.89555531721e-09	4.19281747099e-08
3.89921997303e-09	1.71799161564e-08
3.90288462886e-09	-1.63026943056e-08
3.90654928468e-09	-4.31904325637e-08
3.91021394051e-09	-5.16348777069e-08
3.91387859633e-09	-3.84653446872e-08
3.91754325215e-09	-1.02107975408e-08
3.92120790798e-09	2.03317398473e-08
3.9248725638e-09	4.02213871098e-08
3.92853721963e-09	4.223489114e-08
3.93220187545e-09	2.77403913174e-08
3.93586653127e-09	5.40750599853e-09
3.9395311871e-09	-1.34005420094e-08
3.94319584292e-09	-2.01676986222e-08
3.94686049875e-09	-1.29904194068e-08
3.95052515457e-09	3.09972469914e-09
3.9541898104e-09	1.91480058476e-08
3.95785446622e-09	2.69219189164e-08
3.96151912204e-09	2.28222702958e-08
3.96518377787e-09	9.23914988959e-09
3.96884843369e-09	-7.08896497059e-09
3.97251308952e-09	-1.86933792889e-08
3.97617774534e-09	-2.10710169313e-08
3.97984240116e-09	-1.4642996149e-08
3.98350705699e-09	-4.11890255236e-09
3.98717171281e-09	4.28523838636e-09
3.99083636864e-09	6.26730933817e-09
3.99450102446e-09	1.68857605676e-09
3.99816568029e-09	-5.51971179874e-09
4.00183033611e-09	-9.7227967899e-09
4.00549499193e-09	-6.9228511812e-09
4.00915964776e-09	2.7942288483e-09
4.01282430358e-09	1.51020707051e-08
4.01648895941e-09	2.37018031868e-08
4.02015361523e-09	2.38011850229e-08
4.02381827105e-09	1.48816043932e-08
4.02748292688e-09	1.20008702975e-09
4.0311475827e-09	-1.0292413144e-08
4.03481223853e-09	-1.355504331e-08
4.03847689435e-09	-6.71007738262e-09
4.04214155018e-09	6.76014400014e-09
4.045806206e-09	1.95350668974e-08
4.04947086182e-09	2.40236772697e-08
4.05313551765e-09	1.6280703008e-08
4.05680017347e-09	-1.66155222914e-09
4.0604648293e-09	-2.22975131692e-08
4.06412948512e-09	-3.59410314843e-08
4.06779414094e-09	-3.53808680131e-08
4.07145879677e-09	-1.96655172147e-08
4.07512345259e-09	4.96269780825e-09
4.07878810842e-09	2.76724136938e-08
4.08245276424e-09	3.81071920685e-08
4.08611742007e-09	3.14772989896e-08
4.08978207589e-09	1.10994182734e-08
4.09344673171e-09	-1.29937154369e-08
4.09711138754e-09	-2.87861752213e-08
4.10077604336e-09	-2.80731686786e-08
4.10444069919e-09	-1.0499309866e-08
4.10810535501e-09	1.6114023893e-08
4.11177001083e-09	3.93117254305e-08
4.11543466666e-09	4.77691415313e-08
4.11909932248e-09	3.66230068494e-08
4.12276397831e-09	9.91317694599e-09
4.12642863413e-09	-2.10349462293e-08
4.13009328996e-09	-4.26516209018e-08
4.13375794578e-09	-4.53664767974e-08
4.1374226016e-09	-2.81738330443e-08
4.14108725743e-09	7.17382431237e-10
4.14475191325e-09	2.76194427329e-08
4.14841656908e-09	3.98328410256e-08
4.1520812249e-09	3.17519521786e-08
4.15574588072e-09	7.59602070133e-09
4.15941053655e-09	-2.06212540377e-08
4.16307519237e-09	-3.89023959713e-08
4.1667398482e-09	-3.79918319027e-08
4.17040450402e-09	-1.77531678247e-08
4.17406915985e-09	1.28360602147e-08
4.17773381567e-09	3.99577331223e-08
4.18139847149e-09	5.13953644088e-08
4.18506312732e-09	4.21397778894e-08
4.18872778314e-09	1.66336864282e-08
4.19239243897e-09	-1.33202657793e-08
4.19605709479e-09	-3.40334835869e-08
4.19972175062e-09	-3.63122154567e-08
4.20338640644e-09	-1.97975840166e-08
4.20705106226e-09	6.83589451711e-09
4.21071571809e-09	3.00382652085e-08
4.21438037391e-09	3.79860445321e-08
4.21804502974e-09	2.64111488235e-08
4.22170968556e-09	7.30127180937e-10
4.22537434138e-09	-2.66336463994e-08
4.22903899721e-09	-4.2389967092e-08
4.23270365303e-09	-3.88741163704e-08
4.23636830886e-09	-1.76738534918e-08
4.24003296468e-09	1.13000977464e-08
4.24369762051e-09	3.46964128539e-08
4.24736227633e-09	4.20825756464e-08
4.25102693215e-09	3.07621021989e-08
4.25469158798e-09	6.88991486086e-09
4.2583562438e-09	-1.75380225897e-08
4.26202089963e-09	-3.03917779831e-08
4.26568555545e-09	-2.52003946599e-08
4.26935021127e-09	-4.34918412395e-09
4.2730148671e-09	2.19174207672e-08
4.27667952292e-09	4.03624298428e-08
4.28034417875e-09	4.12541112382e-08
4.28400883457e-09	2.33176962183e-08
4.2876734904e-09	-5.43921530038e-09
4.29133814622e-09	-3.15661949912e-08
4.29500280204e-09	-4.279013055e-08
4.29866745787e-09	-3.40666339582e-08
4.30233211369e-09	-9.99640903387e-09
4.30599676952e-09	1.7545874087e-08
4.30966142534e-09	3.52666091885e-08
4.31332608116e-09	3.48479503032e-08
4.31699073699e-09	1.68258740274e-08
4.32065539281e-09	-9.7725267878e-09
4.32432004864e-09	-3.17354498236e-08
4.32798470446e-09	-3.78892046626e-08
4.33164936029e-09	-2.44215545564e-08
4.33531401611e-09	3.13465275958e-09
4.33897867193e-09	3.22682076614e-08
4.34264332776e-09	4.92695058085e-08
4.34630798358e-09	4.58228122113e-08
4.34997263941e-09	2.32160264346e-08
4.35363729523e-09	-8.0507440714e-09
4.35730195105e-09	-3.32460352581e-08
4.36096660688e-09	-4.059457126e-08
4.3646312627e-09	-2.70607074526e-08
4.36829591853e-09	2.19336604435e-10
4.37196057435e-09	2.75318541298e-08
4.37562523018e-09	4.13236165286e-08
4.379289886e-09	3.47092630193e-08
4.38295454182e-09	1.0633109504e-08
4.38661919765e-09	-1.96529139629e-08
4.39028385347e-09	-4.19085210979e-08
4.3939485093e-09	-4.55097115548e-08
4.39761316512e-09	-2.83598442508e-08
4.40127782094e-09	2.06696149085e-09
4.40494247677e-09	3.2052696497e-08
4.40860713259e-09	4.79423434285e-08
4.41227178842e-09	4.25995096975e-08
4.41593644424e-09	1.89324609323e-08
4.41960110007e-09	-1.13580913563e-08
4.42326575589e-09	-3.33962688615e-08
4.42693041171e-09	-3.64282541909e-08
4.43059506754e-09	-1.91299882601e-08
4.43425972336e-09	9.78472236568e-09
4.43792437919e-09	3.59489504831e-08
4.44158903501e-09	4.64382203802e-08
4.44525369083e-09	3.598302456e-08
4.44891834666e-09	9.31860810738e-09
4.45258300248e-09	-2.12673469946e-08
4.45624765831e-09	-4.18144452397e-08
4.45991231413e-09	-4.31545004176e-08
4.46357696996e-09	-2.50430662874e-08
4.46724162578e-09	3.80941056477e-09
4.4709062816e-09	2.97827345008e-08
4.47457093743e-09	4.06853537527e-08
4.47823559325e-09	3.15416315289e-08
4.48190024908e-09	7.08919545289e-09
4.4855649049e-09	-2.03637284812e-08
4.48922956072e-09	-3.68829518038e-08
4.49289421655e-09	-3.38204166894e-08
4.49655887237e-09	-1.22069412356e-08
4.5002235282e-09	1.76856964629e-08
4.50388818402e-09	4.14431298168e-08
4.50755283985e-09	4.76467683086e-08
4.51121749567e-09	3.34134888647e-08
4.51488215149e-09	5.62827473516e-09
4.51854680732e-09	-2.25687522004e-08
4.52221146314e-09	-3.81410636408e-08
4.52587611897e-09	-3.42487496141e-08
4.52954077479e-09	-1.33024151694e-08
4.53320543061e-09	1.42846117157e-08
4.53687008644e-09	3.49858702009e-08
4.54053474226e-09	3.84928711128e-08
4.54419939809e-09	2.26530261216e-08
4.54786405391e-09	-5.30038679614e-09
4.55152870974e-09	-3.19717763375e-08
4.55519336556e-09	-4.41545857655e-08
4.55885802138e-09	-3.53422855426e-08
4.56252267721e-09	-9.13136055658e-09
4.56618733303e-09	2.23404885702e-08
4.56985198886e-09	4.42688623536e-08
4.57351664468e-09	4.64413858481e-08
4.5771813005e-09	2.82013346009e-08
4.58084595633e-09	-1.34560684817e-09
4.58451061215e-09	-2.78704881396e-08
4.58817526798e-09	-3.87400120871e-08
4.5918399238e-09	-2.89324475489e-08
4.59550457963e-09	-3.24923332684e-09
4.59916923545e-09	2.60343213654e-08
4.60283389127e-09	4.48775949735e-08
4.6064985471e-09	4.39493739179e-08
4.61016320292e-09	2.30058923023e-08
4.61382785875e-09	-8.81547101983e-09
4.61749251457e-09	-3.70412216455e-08
4.62115717039e-09	-4.8546738185e-08
4.62482182622e-09	-3.78318034677e-08
4.62848648204e-09	-9.82121850512e-09
4.63215113787e-09	2.2334932126e-08
4.63581579369e-09	4.35310774094e-08
4.63948044952e-09	4.39980709643e-08
4.64314510534e-09	2.3977726471e-08
4.64680976116e-09	-6.52564979831e-09
4.65047441699e-09	-3.26978799592e-08
4.65413907281e-09	-4.20254941957e-08
4.65780372864e-09	-3.00918046037e-08
4.66146838446e-09	-2.42118636251e-09
4.66513304028e-09	2.82732770529e-08
4.66879769611e-09	4.79903796702e-08
4.67246235193e-09	4.77704205082e-08
4.67612700776e-09	2.76851341852e-08
4.67979166358e-09	-3.22266435759e-09
4.68345631941e-09	-3.10300976025e-08
4.68712097523e-09	-4.32893365598e-08
4.69078563105e-09	-3.47930608768e-08
4.69445028688e-09	-1.00302015582e-08
4.6981149427e-09	1.89377775683e-08
4.70177959853e-09	3.82548890343e-08
4.70544425435e-09	3.89163048453e-08
4.70910891018e-09	2.09968522569e-08
4.712773566e-09	-6.59677201753e-09
4.71643822182e-09	-3.06178158382e-08
4.72010287765e-09	-3.98721518025e-08
4.72376753347e-09	-3.03477634134e-08
4.7274321893e-09	-6.7442798013e-09
4.73109684512e-09	2.00611545154e-08
4.73476150094e-09	3.81864921906e-08
4.73842615677e-09	4.00834636594e-08
4.74209081259e-09	2.57077541477e-08
4.74575546842e-09	2.26286234195e-09
4.74942012424e-09	-1.92539317823e-08
4.75308478007e-09	-2.91298292154e-08
4.75674943589e-09	-2.33622401424e-08
4.76041409171e-09	-5.40732347787e-09
4.76407874754e-09	1.55995216744e-08
4.76774340336e-09	2.93331154921e-08
4.77140805919e-09	2.92888095998e-08
4.77507271501e-09	1.58201078904e-08
4.77873737083e-09	-4.28638813332e-09
4.78240202666e-09	-2.13900115398e-08
4.78606668248e-09	-2.77918346114e-08
4.78973133831e-09	-2.12832382829e-08
4.79339599413e-09	-5.79152725777e-09
4.79706064996e-09	1.0953366214e-08
4.80072530578e-09	2.13366107005e-08
4.8043899616e-09	2.1362971836e-08
4.80805461743e-09	1.21858487745e-08
4.81171927325e-09	-8.41009040187e-10
4.81538392908e-09	-1.09552509286e-08
4.8190485849e-09	-1.3245175623e-08
4.82271324072e-09	-6.89795776054e-09
4.82637789655e-09	4.55874626937e-09
4.83004255237e-09	1.51218806366e-08
4.8337072082e-09	1.93842755181e-08
4.83737186402e-09	1.52915475837e-08
4.84103651985e-09	5.15343057117e-09
4.84470117567e-09	-5.6592845965e-09
4.84836583149e-09	-1.16500453728e-08
4.85203048732e-09	-1.01573878197e-08
4.85569514314e-09	-2.70199174146e-09
4.85935979897e-09	6.00454885813e-09
4.86302445479e-09	1.07793649562e-08
4.86668911061e-09	8.85147510843e-09
4.87035376644e-09	1.32004063236e-09
4.87401842226e-09	-7.53392637165e-09
4.87768307809e-09	-1.26126131761e-08
4.88134773391e-09	-1.07311386444e-08
4.88501238974e-09	-2.30448304883e-09
4.88867704556e-09	8.80564954286e-09
4.89234170138e-09	1.71708371965e-08
4.89600635721e-09	1.84925248448e-08
4.89967101303e-09	1.18323573162e-08
4.90333566886e-09	2.84146539631e-10
4.90700032468e-09	-1.03434736332e-08
4.9106649805e-09	-1.43358933613e-08
4.91432963633e-09	-9.06775809995e-09
4.91799429215e-09	3.35845529165e-09
4.92165894798e-09	1.68369087561e-08
4.9253236038e-09	2.41776785259e-08
4.92898825963e-09	2.08255706013e-08
4.93265291545e-09	7.43595052199e-09
4.93631757127e-09	-1.01449675327e-08
4.9399822271e-09	-2.36095871742e-08
4.94364688292e-09	-2.62811425955e-08
4.94731153875e-09	-1.649018877e-08
4.95097619457e-09	1.47826473285e-09
4.95464085039e-09	1.93399269932e-08
4.95830550622e-09	2.87015140543e-08
4.96197016204e-09	2.50272904623e-08
4.96563481787e-09	9.84009140836e-09
4.96929947369e-09	-9.85252235353e-09
4.97296412952e-09	-2.46757689837e-08
4.97662878534e-09	-2.71944387009e-08
4.98029344116e-09	-1.54935086982e-08
4.98395809699e-09	5.65506041994e-09
4.98762275281e-09	2.67306035084e-08
4.99128740864e-09	3.77816000707e-08
4.99495206446e-09	3.31822818112e-08
4.99861672028e-09	1.45191085821e-08
5.00228137611e-09	-9.92366278041e-09
5.00594603193e-09	-2.89728472325e-08
5.00961068776e-09	-3.38705987701e-08
5.01327534358e-09	-2.24720384523e-08
5.01693999941e-09	-2.64498561942e-10
5.02060465523e-09	2.22669243044e-08
5.02426931105e-09	3.45928441448e-08
5.02793396688e-09	3.10166008433e-08
5.0315986227e-09	1.32218724858e-08
5.03526327853e-09	-1.05906092784e-08
5.03892793435e-09	-2.94788478072e-08
5.04259259017e-09	-3.47071491547e-08
5.046257246e-09	-2.36854944546e-08
5.04992190182e-09	-1.17237597408e-09
5.05358655765e-09	2.28199610319e-08
5.05725121347e-09	3.75434758837e-08
5.0609158693e-09	3.64602392722e-08
5.06458052512e-09	2.03146441891e-08
5.06824518094e-09	-3.1944180634e-09
5.07190983677e-09	-2.30666010737e-08
5.07557449259e-09	-3.02455447354e-08
5.07923914842e-09	-2.18821600839e-08
5.08290380424e-09	-2.51762255488e-09
5.08656846006e-09	1.83195201231e-08
5.09023311589e-09	3.0796620365e-08
5.09389777171e-09	2.93748723124e-08
5.09756242754e-09	1.51434829121e-08
5.10122708336e-09	-5.02979746742e-09
5.10489173919e-09	-2.19050253492e-08
5.10855639501e-09	-2.81279106673e-08
5.11222105083e-09	-2.14134630028e-08
5.11588570666e-09	-5.34232214022e-09
5.11955036248e-09	1.24642571819e-08
5.12321501831e-09	2.39336426233e-08
5.12687967413e-09	2.42741187151e-08
5.13054432995e-09	1.41316167657e-08
5.13420898578e-09	-8.68079663707e-10
5.1378736416e-09	-1.30156498912e-08
5.14153829743e-09	-1.64207580866e-08
5.14520295325e-09	-9.90900339559e-09
5.14886760908e-09	2.59206500708e-09
5.1525322649e-09	1.43367824279e-08
5.15619692072e-09	1.94055953529e-08
5.15986157655e-09	1.56977701948e-08
5.16352623237e-09	5.73042502339e-09
5.1671908882e-09	-5.01316321788e-09
5.17085554402e-09	-1.11199724984e-08
5.17452019985e-09	-9.99052307549e-09
5.17818485567e-09	-2.94970181614e-09
5.18184951149e-09	5.67210323155e-09
5.18551416732e-09	1.08925020115e-08
5.18917882314e-09	9.67293090071e-09
5.19284347897e-09	2.5240010082e-09
5.19650813479e-09	-6.65419808143e-09
5.20017279061e-09	-1.24991412775e-08
5.20383744644e-09	-1.10392166519e-08
5.20750210226e-09	-2.05250660912e-09
5.21116675809e-09	1.04136832491e-08
5.21483141391e-09	1.98703027365e-08
5.21849606974e-09	2.0799673095e-08
5.22216072556e-09	1.1859929927e-08
5.22582538138e-09	-2.98199887006e-09
5.22949003721e-09	-1.61982161018e-08
5.23315469303e-09	-2.05394421471e-08
