0	-0.000112442
5.01597e-14	-0.000113376
1.00319e-13	-0.000114313
1.50479e-13	-0.000115253
2.00639e-13	-0.000116196
2.50799e-13	-0.000117142
3.00958e-13	-0.00011809
3.51118e-13	-0.000119042
4.01278e-13	-0.000119995
4.51438e-13	-0.000120952
5.01597e-13	-0.00012191
5.51757e-13	-0.000122871
6.01917e-13	-0.000123835
6.52077e-13	-0.0001248
7.02236e-13	-0.000125768
7.52396e-13	-0.000126737
8.02556e-13	-0.000127708
8.52716e-13	-0.000128681
9.02875e-13	-0.000129656
9.53035e-13	-0.000130633
1.00319e-12	-0.00013161
1.05335e-12	-0.00013259
1.10351e-12	-0.00013357
1.15367e-12	-0.000134551
1.20383e-12	-0.000135534
1.25399e-12	-0.000136517
1.30415e-12	-0.000137502
1.35431e-12	-0.000138486
1.40447e-12	-0.000139472
1.45463e-12	-0.000140458
1.50479e-12	-0.000141443
1.55495e-12	-0.00014243
1.60511e-12	-0.000143416
1.65527e-12	-0.000144402
1.70543e-12	-0.000145387
1.75559e-12	-0.000146373
1.80575e-12	-0.000147357
1.85591e-12	-0.000148341
1.90607e-12	-0.000149324
1.95623e-12	-0.000150306
2.00639e-12	-0.000151287
2.05655e-12	-0.000152267
2.10671e-12	-0.000153245
2.15687e-12	-0.000154221
2.20703e-12	-0.000155195
2.25719e-12	-0.000156168
2.30735e-12	-0.000157138
2.35751e-12	-0.000158106
2.40767e-12	-0.000159071
2.45783e-12	-0.000160033
2.50799e-12	-0.000160993
2.55815e-12	-0.000161949
2.60831e-12	-0.000162902
2.65847e-12	-0.000163852
2.70863e-12	-0.000164798
2.75879e-12	-0.000165739
2.80895e-12	-0.000166677
2.85911e-12	-0.000167611
2.90926e-12	-0.000168539
2.95942e-12	-0.000169464
3.00958e-12	-0.000170383
3.05974e-12	-0.000171296
3.1099e-12	-0.000172205
3.16006e-12	-0.000173108
3.21022e-12	-0.000174004
3.26038e-12	-0.000174895
3.31054e-12	-0.000175779
3.3607e-12	-0.000176657
3.41086e-12	-0.000177527
3.46102e-12	-0.000178391
3.51118e-12	-0.000179247
3.56134e-12	-0.000180095
3.6115e-12	-0.000180935
3.66166e-12	-0.000181767
3.71182e-12	-0.000182591
3.76198e-12	-0.000183406
3.81214e-12	-0.000184212
3.8623e-12	-0.000185008
3.91246e-12	-0.000185795
3.96262e-12	-0.000186572
4.01278e-12	-0.000187338
4.06294e-12	-0.000188094
4.1131e-12	-0.00018884
4.16326e-12	-0.000189574
4.21342e-12	-0.000190296
4.26358e-12	-0.000191007
4.31374e-12	-0.000191706
4.3639e-12	-0.000192392
4.41406e-12	-0.000193065
4.46422e-12	-0.000193726
4.51438e-12	-0.000194372
4.56454e-12	-0.000195005
4.6147e-12	-0.000195624
4.66486e-12	-0.000196228
4.71502e-12	-0.000196818
4.76518e-12	-0.000197392
4.81534e-12	-0.00019795
4.86549e-12	-0.000198492
4.91565e-12	-0.000199018
4.96581e-12	-0.000199527
5.01597e-12	-0.000200019
5.06613e-12	-0.000200494
5.11629e-12	-0.00020095
5.16645e-12	-0.000201388
5.21661e-12	-0.000201807
5.26677e-12	-0.000202207
5.31693e-12	-0.000202587
5.36709e-12	-0.000202947
5.41725e-12	-0.000203287
5.46741e-12	-0.000203605
5.51757e-12	-0.000203903
5.56773e-12	-0.000204178
5.61789e-12	-0.000204431
5.66805e-12	-0.000204661
5.71821e-12	-0.000204868
5.76837e-12	-0.000205052
5.81853e-12	-0.000205211
5.86869e-12	-0.000205345
5.91885e-12	-0.000205454
5.96901e-12	-0.000205538
6.01917e-12	-0.000205595
6.06933e-12	-0.000205626
6.11949e-12	-0.000205629
6.16965e-12	-0.000205605
6.21981e-12	-0.000205552
6.26997e-12	-0.000205471
6.32013e-12	-0.00020536
6.37029e-12	-0.000205219
6.42045e-12	-0.000205049
6.47061e-12	-0.000204847
6.52077e-12	-0.000204613
6.57093e-12	-0.000204347
6.62109e-12	-0.000204049
6.67125e-12	-0.000203718
6.72141e-12	-0.000203352
6.77156e-12	-0.000202952
6.82172e-12	-0.000202517
6.87188e-12	-0.000202047
6.92204e-12	-0.00020154
6.9722e-12	-0.000200996
7.02236e-12	-0.000200415
7.07252e-12	-0.000199796
7.12268e-12	-0.000199137
7.17284e-12	-0.00019844
7.223e-12	-0.000197702
7.27316e-12	-0.000196923
7.32332e-12	-0.000196103
7.37348e-12	-0.000195241
7.42364e-12	-0.000194336
7.4738e-12	-0.000193388
7.52396e-12	-0.000192395
7.57412e-12	-0.000191358
7.62428e-12	-0.000190275
7.67444e-12	-0.000189146
7.7246e-12	-0.000187969
7.77476e-12	-0.000186745
7.82492e-12	-0.000185473
7.87508e-12	-0.000184151
7.92524e-12	-0.000182779
7.9754e-12	-0.000181356
8.02556e-12	-0.000179882
8.07572e-12	-0.000178355
8.12588e-12	-0.000176776
8.17604e-12	-0.000175142
8.2262e-12	-0.000173454
8.27636e-12	-0.000171711
8.32652e-12	-0.000169911
8.37668e-12	-0.000168054
8.42684e-12	-0.000166139
8.477e-12	-0.000164165
8.52716e-12	-0.000162132
8.57732e-12	-0.000160038
8.62748e-12	-0.000157883
8.67764e-12	-0.000155665
8.72779e-12	-0.000153385
8.77795e-12	-0.00015104
8.82811e-12	-0.000148631
8.87827e-12	-0.000146156
8.92843e-12	-0.000143614
8.97859e-12	-0.000141005
9.02875e-12	-0.000138327
9.07891e-12	-0.00013558
9.12907e-12	-0.000132763
9.17923e-12	-0.000129874
9.22939e-12	-0.000126913
9.27955e-12	-0.000123879
9.32971e-12	-0.00012077
9.37987e-12	-0.000117587
9.43003e-12	-0.000114327
9.48019e-12	-0.00011099
9.53035e-12	-0.000107575
9.58051e-12	-0.000104081
9.63067e-12	-0.000100507
9.68083e-12	-9.68514e-05
9.73099e-12	-9.31136e-05
9.78115e-12	-8.92926e-05
9.83131e-12	-8.53873e-05
9.88147e-12	-8.13966e-05
9.93163e-12	-7.73195e-05
9.98179e-12	-7.31548e-05
1.00319e-11	-6.89016e-05
1.00821e-11	-6.45586e-05
1.01323e-11	-6.01248e-05
1.01824e-11	-5.55991e-05
1.02326e-11	-5.09804e-05
1.02827e-11	-4.62675e-05
1.03329e-11	-4.14594e-05
1.03831e-11	-3.65548e-05
1.04332e-11	-3.15526e-05
1.04834e-11	-2.64517e-05
1.05335e-11	-2.12509e-05
1.05837e-11	-1.5949e-05
1.06339e-11	-1.05448e-05
1.0684e-11	-5.03719e-06
1.07342e-11	5.75097e-07
1.07843e-11	6.29326e-06
1.08345e-11	1.21185e-05
1.08847e-11	1.80521e-05
1.09348e-11	2.40952e-05
1.0985e-11	3.02491e-05
1.10351e-11	3.6515e-05
1.10853e-11	4.28943e-05
1.11355e-11	4.93881e-05
1.11856e-11	5.59978e-05
1.12358e-11	6.27246e-05
1.12859e-11	6.95698e-05
1.13361e-11	7.65348e-05
1.13863e-11	8.36208e-05
1.14364e-11	9.08291e-05
1.14866e-11	9.81611e-05
1.15367e-11	0.000105618
1.15869e-11	0.000113202
1.16371e-11	0.000120913
1.16872e-11	0.000128753
1.17374e-11	0.000136723
1.17875e-11	0.000144826
1.18377e-11	0.000153061
1.18879e-11	0.000161432
1.1938e-11	0.000169938
1.19882e-11	0.000178581
1.20383e-11	0.000187364
1.20885e-11	0.000196286
1.21387e-11	0.000205351
1.21888e-11	0.000214558
1.2239e-11	0.00022391
1.22891e-11	0.000233408
1.23393e-11	0.000243053
1.23895e-11	0.000252847
1.24396e-11	0.000262792
1.24898e-11	0.000272889
1.25399e-11	0.000283139
1.25901e-11	0.000293544
1.26403e-11	0.000304105
1.26904e-11	0.000314824
1.27406e-11	0.000325703
1.27907e-11	0.000336743
1.28409e-11	0.000347945
1.28911e-11	0.000359311
1.29412e-11	0.000370843
1.29914e-11	0.000382542
1.30415e-11	0.00039441
1.30917e-11	0.000406448
1.31419e-11	0.000418658
1.3192e-11	0.000431042
1.32422e-11	0.0004436
1.32923e-11	0.000456335
1.33425e-11	0.000469249
1.33927e-11	0.000482343
1.34428e-11	0.000495618
1.3493e-11	0.000509076
1.35431e-11	0.000522719
1.35933e-11	0.000536548
1.36434e-11	0.000550566
1.36936e-11	0.000564773
1.37438e-11	0.000579172
1.37939e-11	0.000593764
1.38441e-11	0.00060855
1.38942e-11	0.000623533
1.39444e-11	0.000638714
1.39946e-11	0.000654095
1.40447e-11	0.000669678
1.40949e-11	0.000685463
1.4145e-11	0.000701454
1.41952e-11	0.000717651
1.42454e-11	0.000734056
1.42955e-11	0.000750672
1.43457e-11	0.000767499
1.43958e-11	0.00078454
1.4446e-11	0.000801796
1.44962e-11	0.000819269
1.45463e-11	0.000836961
1.45965e-11	0.000854873
1.46466e-11	0.000873008
1.46968e-11	0.000891366
1.4747e-11	0.000909951
1.47971e-11	0.000928763
1.48473e-11	0.000947804
1.48974e-11	0.000967076
1.49476e-11	0.000986581
1.49978e-11	0.00100632
1.50479e-11	0.0010263
1.50981e-11	0.00104651
1.51482e-11	0.00106697
1.51984e-11	0.00108766
1.52486e-11	0.0011086
1.52987e-11	0.00112979
1.53489e-11	0.00115122
1.5399e-11	0.0011729
1.54492e-11	0.00119484
1.54994e-11	0.00121702
1.55495e-11	0.00123946
1.55997e-11	0.00126216
1.56498e-11	0.00128511
1.57e-11	0.00130832
1.57502e-11	0.0013318
1.58003e-11	0.00135554
1.58505e-11	0.00137954
1.59006e-11	0.00140381
1.59508e-11	0.00142835
1.6001e-11	0.00145317
1.60511e-11	0.00147825
1.61013e-11	0.00150361
1.61514e-11	0.00152924
1.62016e-11	0.00155516
1.62518e-11	0.00158135
1.63019e-11	0.00160782
1.63521e-11	0.00163458
1.64022e-11	0.00166163
1.64524e-11	0.00168896
1.65026e-11	0.00171658
1.65527e-11	0.00174449
1.66029e-11	0.00177269
1.6653e-11	0.00180119
1.67032e-11	0.00182998
1.67534e-11	0.00185907
1.68035e-11	0.00188846
1.68537e-11	0.00191816
1.69038e-11	0.00194815
1.6954e-11	0.00197845
1.70042e-11	0.00200906
1.70543e-11	0.00203998
1.71045e-11	0.00207121
1.71546e-11	0.00210275
1.72048e-11	0.0021346
1.7255e-11	0.00216677
1.73051e-11	0.00219926
1.73553e-11	0.00223207
1.74054e-11	0.0022652
1.74556e-11	0.00229865
1.75057e-11	0.00233243
1.75559e-11	0.00236653
1.76061e-11	0.00240096
1.76562e-11	0.00243572
1.77064e-11	0.00247081
1.77565e-11	0.00250623
1.78067e-11	0.00254199
1.78569e-11	0.00257809
1.7907e-11	0.00261452
1.79572e-11	0.0026513
1.80073e-11	0.00268841
1.80575e-11	0.00272587
1.81077e-11	0.00276367
1.81578e-11	0.00280182
1.8208e-11	0.00284032
1.82581e-11	0.00287917
1.83083e-11	0.00291837
1.83585e-11	0.00295792
1.84086e-11	0.00299782
1.84588e-11	0.00303809
1.85089e-11	0.00307871
1.85591e-11	0.00311968
1.86093e-11	0.00316102
1.86594e-11	0.00320272
1.87096e-11	0.00324479
1.87597e-11	0.00328722
1.88099e-11	0.00333001
1.88601e-11	0.00337318
1.89102e-11	0.00341671
1.89604e-11	0.00346061
1.90105e-11	0.00350489
1.90607e-11	0.00354954
1.91109e-11	0.00359456
1.9161e-11	0.00363996
1.92112e-11	0.00368574
1.92613e-11	0.0037319
1.93115e-11	0.00377844
1.93617e-11	0.00382536
1.94118e-11	0.00387266
1.9462e-11	0.00392035
1.95121e-11	0.00396842
1.95623e-11	0.00401688
1.96125e-11	0.00406572
1.96626e-11	0.00411496
1.97128e-11	0.00416458
1.97629e-11	0.0042146
1.98131e-11	0.00426501
1.98633e-11	0.00431581
1.99134e-11	0.00436701
1.99636e-11	0.0044186
2.00137e-11	0.00447059
2.00639e-11	0.00452297
2.01141e-11	0.00457576
2.01642e-11	0.00462894
2.02144e-11	0.00468252
2.02645e-11	0.00473651
2.03147e-11	0.0047909
2.03649e-11	0.00484569
2.0415e-11	0.00490088
2.04652e-11	0.00495648
2.05153e-11	0.00501248
2.05655e-11	0.00506889
2.06157e-11	0.00512571
2.06658e-11	0.00518293
2.0716e-11	0.00524056
2.07661e-11	0.0052986
2.08163e-11	0.00535705
2.08665e-11	0.00541591
2.09166e-11	0.00547518
2.09668e-11	0.00553486
2.10169e-11	0.00559496
2.10671e-11	0.00565546
2.11173e-11	0.00571638
2.11674e-11	0.0057777
2.12176e-11	0.00583945
2.12677e-11	0.0059016
2.13179e-11	0.00596417
2.1368e-11	0.00602715
2.14182e-11	0.00609054
2.14684e-11	0.00615435
2.15185e-11	0.00621857
2.15687e-11	0.00628321
2.16188e-11	0.00634826
2.1669e-11	0.00641373
2.17192e-11	0.00647961
2.17693e-11	0.0065459
2.18195e-11	0.00661261
2.18696e-11	0.00667973
2.19198e-11	0.00674726
2.197e-11	0.00681521
2.20201e-11	0.00688357
2.20703e-11	0.00695234
2.21204e-11	0.00702153
2.21706e-11	0.00709112
2.22208e-11	0.00716113
2.22709e-11	0.00723155
2.23211e-11	0.00730238
2.23712e-11	0.00737362
2.24214e-11	0.00744527
2.24716e-11	0.00751733
2.25217e-11	0.00758979
2.25719e-11	0.00766267
2.2622e-11	0.00773595
2.26722e-11	0.00780963
2.27224e-11	0.00788372
2.27725e-11	0.00795821
2.28227e-11	0.0080331
2.28728e-11	0.0081084
2.2923e-11	0.00818409
2.29732e-11	0.00826018
2.30233e-11	0.00833668
2.30735e-11	0.00841356
2.31236e-11	0.00849085
2.31738e-11	0.00856852
2.3224e-11	0.00864659
2.32741e-11	0.00872505
2.33243e-11	0.0088039
2.33744e-11	0.00888313
2.34246e-11	0.00896275
2.34748e-11	0.00904276
2.35249e-11	0.00912315
2.35751e-11	0.00920392
2.36252e-11	0.00928506
2.36754e-11	0.00936659
2.37256e-11	0.00944848
2.37757e-11	0.00953075
2.38259e-11	0.00961339
2.3876e-11	0.0096964
2.39262e-11	0.00977977
2.39764e-11	0.00986351
2.40265e-11	0.00994761
2.40767e-11	0.0100321
2.41268e-11	0.0101169
2.4177e-11	0.010202
2.42272e-11	0.0102876
2.42773e-11	0.0103734
2.43275e-11	0.0104596
2.43776e-11	0.0105462
2.44278e-11	0.0106331
2.4478e-11	0.0107203
2.45281e-11	0.0108079
2.45783e-11	0.0108958
2.46284e-11	0.010984
2.46786e-11	0.0110725
2.47288e-11	0.0111614
2.47789e-11	0.0112505
2.48291e-11	0.01134
2.48792e-11	0.0114298
2.49294e-11	0.0115199
2.49796e-11	0.0116103
2.50297e-11	0.011701
2.50799e-11	0.011792
2.513e-11	0.0118833
2.51802e-11	0.0119749
2.52303e-11	0.0120668
2.52805e-11	0.0121589
2.53307e-11	0.0122513
2.53808e-11	0.012344
2.5431e-11	0.0124369
2.54811e-11	0.0125301
2.55313e-11	0.0126236
2.55815e-11	0.0127173
2.56316e-11	0.0128113
2.56818e-11	0.0129055
2.57319e-11	0.0129999
2.57821e-11	0.0130946
2.58323e-11	0.0131894
2.58824e-11	0.0132846
2.59326e-11	0.0133799
2.59827e-11	0.0134754
2.60329e-11	0.0135712
2.60831e-11	0.0136671
2.61332e-11	0.0137632
2.61834e-11	0.0138596
2.62335e-11	0.0139561
2.62837e-11	0.0140527
2.63339e-11	0.0141496
2.6384e-11	0.0142466
2.64342e-11	0.0143438
2.64843e-11	0.0144411
2.65345e-11	0.0145386
2.65847e-11	0.0146362
2.66348e-11	0.0147339
2.6685e-11	0.0148318
2.67351e-11	0.0149297
2.67853e-11	0.0150278
2.68355e-11	0.015126
2.68856e-11	0.0152243
2.69358e-11	0.0153227
2.69859e-11	0.0154212
2.70361e-11	0.0155197
2.70863e-11	0.0156183
2.71364e-11	0.015717
2.71866e-11	0.0158157
2.72367e-11	0.0159145
2.72869e-11	0.0160133
2.73371e-11	0.0161122
2.73872e-11	0.016211
2.74374e-11	0.0163099
2.74875e-11	0.0164088
2.75377e-11	0.0165076
2.75879e-11	0.0166065
2.7638e-11	0.0167054
2.76882e-11	0.0168042
2.77383e-11	0.0169029
2.77885e-11	0.0170017
2.78387e-11	0.0171004
2.78888e-11	0.017199
2.7939e-11	0.0172975
2.79891e-11	0.017396
2.80393e-11	0.0174943
2.80895e-11	0.0175926
2.81396e-11	0.0176907
2.81898e-11	0.0177887
2.82399e-11	0.0178866
2.82901e-11	0.0179844
2.83403e-11	0.018082
2.83904e-11	0.0181794
2.84406e-11	0.0182767
2.84907e-11	0.0183738
2.85409e-11	0.0184707
2.85911e-11	0.0185673
2.86412e-11	0.0186638
2.86914e-11	0.0187601
2.87415e-11	0.0188561
2.87917e-11	0.0189518
2.88419e-11	0.0190473
2.8892e-11	0.0191426
2.89422e-11	0.0192375
2.89923e-11	0.0193322
2.90425e-11	0.0194265
2.90926e-11	0.0195206
2.91428e-11	0.0196143
2.9193e-11	0.0197076
2.92431e-11	0.0198007
2.92933e-11	0.0198933
2.93434e-11	0.0199856
2.93936e-11	0.0200775
2.94438e-11	0.0201689
2.94939e-11	0.02026
2.95441e-11	0.0203507
2.95942e-11	0.0204408
2.96444e-11	0.0205306
2.96946e-11	0.0206199
2.97447e-11	0.0207087
2.97949e-11	0.020797
2.9845e-11	0.0208848
2.98952e-11	0.020972
2.99454e-11	0.0210588
2.99955e-11	0.0211449
3.00457e-11	0.0212306
3.00958e-11	0.0213156
3.0146e-11	0.0214001
3.01962e-11	0.0214839
3.02463e-11	0.0215672
3.02965e-11	0.0216497
3.03466e-11	0.0217317
3.03968e-11	0.021813
3.0447e-11	0.0218936
3.04971e-11	0.0219735
3.05473e-11	0.0220527
3.05974e-11	0.0221311
3.06476e-11	0.0222089
3.06978e-11	0.0222858
3.07479e-11	0.022362
3.07981e-11	0.0224374
3.08482e-11	0.022512
3.08984e-11	0.0225858
3.09486e-11	0.0226588
3.09987e-11	0.0227309
3.10489e-11	0.0228021
3.1099e-11	0.0228724
3.11492e-11	0.0229419
3.11994e-11	0.0230104
3.12495e-11	0.0230779
3.12997e-11	0.0231446
3.13498e-11	0.0232102
3.14e-11	0.0232749
3.14502e-11	0.0233385
3.15003e-11	0.0234012
3.15505e-11	0.0234628
3.16006e-11	0.0235233
3.16508e-11	0.0235828
3.1701e-11	0.0236411
3.17511e-11	0.0236984
3.18013e-11	0.0237545
3.18514e-11	0.0238095
3.19016e-11	0.0238633
3.19518e-11	0.0239159
3.20019e-11	0.0239673
3.20521e-11	0.0240175
3.21022e-11	0.0240665
3.21524e-11	0.0241141
3.22026e-11	0.0241605
3.22527e-11	0.0242056
3.23029e-11	0.0242494
3.2353e-11	0.0242919
3.24032e-11	0.0243329
3.24534e-11	0.0243726
3.25035e-11	0.0244109
3.25537e-11	0.0244478
3.26038e-11	0.0244833
3.2654e-11	0.0245173
3.27042e-11	0.0245498
3.27543e-11	0.0245808
3.28045e-11	0.0246103
3.28546e-11	0.0246382
3.29048e-11	0.0246646
3.29549e-11	0.0246894
3.30051e-11	0.0247126
3.30553e-11	0.0247341
3.31054e-11	0.0247541
3.31556e-11	0.0247723
3.32057e-11	0.0247889
3.32559e-11	0.0248037
3.33061e-11	0.0248169
3.33562e-11	0.0248282
3.34064e-11	0.0248378
3.34565e-11	0.0248456
3.35067e-11	0.0248516
3.35569e-11	0.0248557
3.3607e-11	0.024858
3.36572e-11	0.0248584
3.37073e-11	0.0248569
3.37575e-11	0.0248534
3.38077e-11	0.024848
3.38578e-11	0.0248406
3.3908e-11	0.0248312
3.39581e-11	0.0248198
3.40083e-11	0.0248063
3.40585e-11	0.0247908
3.41086e-11	0.0247732
3.41588e-11	0.0247535
3.42089e-11	0.0247316
3.42591e-11	0.0247076
3.43093e-11	0.0246814
3.43594e-11	0.0246529
3.44096e-11	0.0246223
3.44597e-11	0.0245894
3.45099e-11	0.0245542
3.45601e-11	0.0245167
3.46102e-11	0.0244768
3.46604e-11	0.0244347
3.47105e-11	0.0243901
3.47607e-11	0.0243431
3.48109e-11	0.0242938
3.4861e-11	0.0242419
3.49112e-11	0.0241876
3.49613e-11	0.0241308
3.50115e-11	0.0240715
3.50617e-11	0.0240096
3.51118e-11	0.0239452
3.5162e-11	0.0238781
3.52121e-11	0.0238085
3.52623e-11	0.0237362
3.53125e-11	0.0236612
3.53626e-11	0.0235835
3.54128e-11	0.0235031
3.54629e-11	0.0234199
3.55131e-11	0.023334
3.55633e-11	0.0232453
3.56134e-11	0.0231537
3.56636e-11	0.0230593
3.57137e-11	0.0229621
3.57639e-11	0.0228619
3.58141e-11	0.0227588
3.58642e-11	0.0226528
3.59144e-11	0.0225437
3.59645e-11	0.0224317
3.60147e-11	0.0223167
3.60649e-11	0.0221986
3.6115e-11	0.0220774
3.61652e-11	0.0219531
3.62153e-11	0.0218257
3.62655e-11	0.0216951
3.63157e-11	0.0215613
3.63658e-11	0.0214244
3.6416e-11	0.0212841
3.64661e-11	0.0211407
3.65163e-11	0.0209939
3.65665e-11	0.0208439
3.66166e-11	0.0206905
3.66668e-11	0.0205337
3.67169e-11	0.0203735
3.67671e-11	0.02021
3.68172e-11	0.020043
3.68674e-11	0.0198725
3.69176e-11	0.0196985
3.69677e-11	0.019521
3.70179e-11	0.0193399
3.7068e-11	0.0191553
3.71182e-11	0.0189671
3.71684e-11	0.0187753
3.72185e-11	0.0185798
3.72687e-11	0.0183806
3.73188e-11	0.0181777
3.7369e-11	0.0179711
3.74192e-11	0.0177607
3.74693e-11	0.0175466
3.75195e-11	0.0173286
3.75696e-11	0.0171068
3.76198e-11	0.0168812
3.767e-11	0.0166516
3.77201e-11	0.0164182
3.77703e-11	0.0161808
3.78204e-11	0.0159394
3.78706e-11	0.0156941
3.79208e-11	0.0154447
3.79709e-11	0.0151914
3.80211e-11	0.0149339
3.80712e-11	0.0146723
3.81214e-11	0.0144067
3.81716e-11	0.0141368
3.82217e-11	0.0138629
3.82719e-11	0.0135847
3.8322e-11	0.0133023
3.83722e-11	0.0130156
3.84224e-11	0.0127247
3.84725e-11	0.0124295
3.85227e-11	0.01213
3.85728e-11	0.0118261
3.8623e-11	0.0115179
3.86732e-11	0.0112052
3.87233e-11	0.0108882
3.87735e-11	0.0105667
3.88236e-11	0.0102407
3.88738e-11	0.00991022
3.8924e-11	0.00957523
3.89741e-11	0.0092357
3.90243e-11	0.0088916
3.90744e-11	0.00854291
3.91246e-11	0.00818961
3.91748e-11	0.00783166
3.92249e-11	0.00746905
3.92751e-11	0.00710176
3.93252e-11	0.00672975
3.93754e-11	0.00635301
3.94256e-11	0.00597151
3.94757e-11	0.00558523
3.95259e-11	0.00519414
3.9576e-11	0.00479823
3.96262e-11	0.00439747
3.96764e-11	0.00399183
3.97265e-11	0.0035813
3.97767e-11	0.00316585
3.98268e-11	0.00274546
3.9877e-11	0.00232011
3.99272e-11	0.00188977
3.99773e-11	0.00145442
4.00275e-11	0.00101405
4.00776e-11	0.000568625
4.01278e-11	0.000118129
4.0178e-11	-0.00033746
4.02281e-11	-0.000798163
4.02783e-11	-0.001264
4.03284e-11	-0.00173499
4.03786e-11	-0.00221117
4.04288e-11	-0.00269253
4.04789e-11	-0.00317912
4.05291e-11	-0.00367094
4.05792e-11	-0.00416802
4.06294e-11	-0.00467037
4.06795e-11	-0.00517803
4.07297e-11	-0.005691
4.07799e-11	-0.0062093
4.083e-11	-0.00673295
4.08802e-11	-0.00726198
4.09303e-11	-0.0077964
4.09805e-11	-0.00833623
4.10307e-11	-0.00888149
4.10808e-11	-0.00943219
4.1131e-11	-0.00998835
4.11811e-11	-0.01055
4.12313e-11	-0.0111171
4.12815e-11	-0.0116898
4.13316e-11	-0.012268
4.13818e-11	-0.0128517
4.14319e-11	-0.013441
4.14821e-11	-0.0140359
4.15323e-11	-0.0146363
4.15824e-11	-0.0152424
4.16326e-11	-0.0158541
4.16827e-11	-0.0164715
4.17329e-11	-0.0170945
4.17831e-11	-0.0177231
4.18332e-11	-0.0183575
4.18834e-11	-0.0189975
4.19335e-11	-0.0196433
4.19837e-11	-0.0202948
4.20339e-11	-0.020952
4.2084e-11	-0.021615
4.21342e-11	-0.0222837
4.21843e-11	-0.0229582
4.22345e-11	-0.0236385
4.22847e-11	-0.0243246
4.23348e-11	-0.0250165
4.2385e-11	-0.0257143
4.24351e-11	-0.0264178
4.24853e-11	-0.0271272
4.25355e-11	-0.0278425
4.25856e-11	-0.0285636
4.26358e-11	-0.0292905
4.26859e-11	-0.0300234
4.27361e-11	-0.0307621
4.27863e-11	-0.0315068
4.28364e-11	-0.0322573
4.28866e-11	-0.0330138
4.29367e-11	-0.0337762
4.29869e-11	-0.0345445
4.30371e-11	-0.0353187
4.30872e-11	-0.0360989
4.31374e-11	-0.036885
4.31875e-11	-0.037677
4.32377e-11	-0.0384751
4.32879e-11	-0.0392791
4.3338e-11	-0.040089
4.33882e-11	-0.0409049
4.34383e-11	-0.0417268
4.34885e-11	-0.0425547
4.35387e-11	-0.0433885
4.35888e-11	-0.0442283
4.3639e-11	-0.0450742
4.36891e-11	-0.0459259
4.37393e-11	-0.0467837
4.37895e-11	-0.0476475
4.38396e-11	-0.0485172
4.38898e-11	-0.049393
4.39399e-11	-0.0502747
4.39901e-11	-0.0511624
4.40403e-11	-0.0520562
4.40904e-11	-0.0529558
4.41406e-11	-0.0538615
4.41907e-11	-0.0547732
4.42409e-11	-0.0556908
4.42911e-11	-0.0566144
4.43412e-11	-0.057544
4.43914e-11	-0.0584795
4.44415e-11	-0.059421
4.44917e-11	-0.0603685
4.45418e-11	-0.0613219
4.4592e-11	-0.0622812
4.46422e-11	-0.0632465
4.46923e-11	-0.0642178
4.47425e-11	-0.0651949
4.47926e-11	-0.066178
4.48428e-11	-0.067167
4.4893e-11	-0.0681618
4.49431e-11	-0.0691626
4.49933e-11	-0.0701693
4.50434e-11	-0.0711818
4.50936e-11	-0.0722002
4.51438e-11	-0.0732244
4.51939e-11	-0.0742545
4.52441e-11	-0.0752904
4.52942e-11	-0.0763321
4.53444e-11	-0.0773796
4.53946e-11	-0.0784329
4.54447e-11	-0.0794919
4.54949e-11	-0.0805568
4.5545e-11	-0.0816273
4.55952e-11	-0.0827036
4.56454e-11	-0.0837856
4.56955e-11	-0.0848733
4.57457e-11	-0.0859667
4.57958e-11	-0.0870658
4.5846e-11	-0.0881704
4.58962e-11	-0.0892807
4.59463e-11	-0.0903967
4.59965e-11	-0.0915181
4.60466e-11	-0.0926452
4.60968e-11	-0.0937778
4.6147e-11	-0.0949159
4.61971e-11	-0.0960595
4.62473e-11	-0.0972086
4.62974e-11	-0.0983632
4.63476e-11	-0.0995231
4.63978e-11	-0.100689
4.64479e-11	-0.101859
4.64981e-11	-0.103035
4.65482e-11	-0.104217
4.65984e-11	-0.105404
4.66486e-11	-0.106596
4.66987e-11	-0.107793
4.67489e-11	-0.108995
4.6799e-11	-0.110203
4.68492e-11	-0.111416
4.68994e-11	-0.112634
4.69495e-11	-0.113857
4.69997e-11	-0.115085
4.70498e-11	-0.116318
4.71e-11	-0.117557
4.71502e-11	-0.1188
4.72003e-11	-0.120048
4.72505e-11	-0.121301
4.73006e-11	-0.122559
4.73508e-11	-0.123822
4.7401e-11	-0.125089
4.74511e-11	-0.126362
4.75013e-11	-0.127639
4.75514e-11	-0.128921
4.76016e-11	-0.130207
4.76518e-11	-0.131498
4.77019e-11	-0.132794
4.77521e-11	-0.134094
4.78022e-11	-0.135398
4.78524e-11	-0.136708
4.79026e-11	-0.138021
4.79527e-11	-0.139339
4.80029e-11	-0.140661
4.8053e-11	-0.141988
4.81032e-11	-0.143319
4.81534e-11	-0.144653
4.82035e-11	-0.145993
4.82537e-11	-0.147336
4.83038e-11	-0.148683
4.8354e-11	-0.150034
4.84041e-11	-0.15139
4.84543e-11	-0.152749
4.85045e-11	-0.154112
4.85546e-11	-0.155479
4.86048e-11	-0.156849
4.86549e-11	-0.158224
4.87051e-11	-0.159602
4.87553e-11	-0.160983
4.88054e-11	-0.162369
4.88556e-11	-0.163757
4.89057e-11	-0.16515
4.89559e-11	-0.166545
4.90061e-11	-0.167944
4.90562e-11	-0.169346
4.91064e-11	-0.170752
4.91565e-11	-0.17216
4.92067e-11	-0.173572
4.92569e-11	-0.174987
4.9307e-11	-0.176405
4.93572e-11	-0.177825
4.94073e-11	-0.179249
4.94575e-11	-0.180676
4.95077e-11	-0.182105
4.95578e-11	-0.183537
4.9608e-11	-0.184971
4.96581e-11	-0.186408
4.97083e-11	-0.187848
4.97585e-11	-0.18929
4.98086e-11	-0.190734
4.98588e-11	-0.192181
4.99089e-11	-0.19363
4.99591e-11	-0.195081
5.00093e-11	-0.196535
5.00594e-11	-0.19799
5.01096e-11	-0.199447
5.01597e-11	-0.200907
5.02099e-11	-0.202368
5.02601e-11	-0.203831
5.03102e-11	-0.205295
5.03604e-11	-0.206761
5.04105e-11	-0.208229
5.04607e-11	-0.209698
5.05109e-11	-0.211169
5.0561e-11	-0.212641
5.06112e-11	-0.214114
5.06613e-11	-0.215588
5.07115e-11	-0.217064
5.07617e-11	-0.21854
5.08118e-11	-0.220018
5.0862e-11	-0.221496
5.09121e-11	-0.222975
5.09623e-11	-0.224455
5.10125e-11	-0.225935
5.10626e-11	-0.227416
5.11128e-11	-0.228898
5.11629e-11	-0.23038
5.12131e-11	-0.231862
5.12633e-11	-0.233344
5.13134e-11	-0.234827
5.13636e-11	-0.23631
5.14137e-11	-0.237792
5.14639e-11	-0.239275
5.15141e-11	-0.240757
5.15642e-11	-0.242239
5.16144e-11	-0.243721
5.16645e-11	-0.245202
5.17147e-11	-0.246683
5.17649e-11	-0.248163
5.1815e-11	-0.249642
5.18652e-11	-0.251121
5.19153e-11	-0.252598
5.19655e-11	-0.254075
5.20157e-11	-0.25555
5.20658e-11	-0.257025
5.2116e-11	-0.258498
5.21661e-11	-0.25997
5.22163e-11	-0.26144
5.22664e-11	-0.262909
5.23166e-11	-0.264376
5.23668e-11	-0.265842
5.24169e-11	-0.267305
5.24671e-11	-0.268767
5.25172e-11	-0.270227
5.25674e-11	-0.271684
5.26176e-11	-0.27314
5.26677e-11	-0.274593
5.27179e-11	-0.276044
5.2768e-11	-0.277492
5.28182e-11	-0.278938
5.28684e-11	-0.28038
5.29185e-11	-0.281821
5.29687e-11	-0.283258
5.30188e-11	-0.284692
5.3069e-11	-0.286123
5.31192e-11	-0.287551
5.31693e-11	-0.288976
5.32195e-11	-0.290397
5.32696e-11	-0.291815
5.33198e-11	-0.293229
5.337e-11	-0.294639
5.34201e-11	-0.296046
5.34703e-11	-0.297448
5.35204e-11	-0.298847
5.35706e-11	-0.300242
5.36208e-11	-0.301632
5.36709e-11	-0.303018
5.37211e-11	-0.304399
5.37712e-11	-0.305776
5.38214e-11	-0.307148
5.38716e-11	-0.308516
5.39217e-11	-0.309878
5.39719e-11	-0.311236
5.4022e-11	-0.312589
5.40722e-11	-0.313936
5.41224e-11	-0.315278
5.41725e-11	-0.316614
5.42227e-11	-0.317945
5.42728e-11	-0.319271
5.4323e-11	-0.32059
5.43732e-11	-0.321904
5.44233e-11	-0.323212
5.44735e-11	-0.324513
5.45236e-11	-0.325809
5.45738e-11	-0.327098
5.4624e-11	-0.328381
5.46741e-11	-0.329657
5.47243e-11	-0.330927
5.47744e-11	-0.332189
5.48246e-11	-0.333445
5.48748e-11	-0.334694
5.49249e-11	-0.335936
5.49751e-11	-0.33717
5.50252e-11	-0.338398
5.50754e-11	-0.339617
5.51256e-11	-0.340829
5.51757e-11	-0.342034
5.52259e-11	-0.343231
5.5276e-11	-0.344419
5.53262e-11	-0.3456
5.53764e-11	-0.346773
5.54265e-11	-0.347937
5.54767e-11	-0.349093
5.55268e-11	-0.350241
5.5577e-11	-0.35138
5.56272e-11	-0.35251
5.56773e-11	-0.353631
5.57275e-11	-0.354743
5.57776e-11	-0.355847
5.58278e-11	-0.356941
5.5878e-11	-0.358025
5.59281e-11	-0.359101
5.59783e-11	-0.360167
5.60284e-11	-0.361223
5.60786e-11	-0.362269
5.61287e-11	-0.363305
5.61789e-11	-0.364332
5.62291e-11	-0.365348
5.62792e-11	-0.366354
5.63294e-11	-0.36735
5.63795e-11	-0.368335
5.64297e-11	-0.36931
5.64799e-11	-0.370274
5.653e-11	-0.371227
5.65802e-11	-0.372169
5.66303e-11	-0.3731
5.66805e-11	-0.374019
5.67307e-11	-0.374928
5.67808e-11	-0.375825
5.6831e-11	-0.37671
5.68811e-11	-0.377584
5.69313e-11	-0.378446
5.69815e-11	-0.379297
5.70316e-11	-0.380135
5.70818e-11	-0.380961
5.71319e-11	-0.381774
5.71821e-11	-0.382576
5.72323e-11	-0.383365
5.72824e-11	-0.384141
5.73326e-11	-0.384905
5.73827e-11	-0.385656
5.74329e-11	-0.386393
5.74831e-11	-0.387118
5.75332e-11	-0.38783
5.75834e-11	-0.388528
5.76335e-11	-0.389213
5.76837e-11	-0.389884
5.77339e-11	-0.390542
5.7784e-11	-0.391186
5.78342e-11	-0.391816
5.78843e-11	-0.392432
5.79345e-11	-0.393034
5.79847e-11	-0.393622
5.80348e-11	-0.394195
5.8085e-11	-0.394754
5.81351e-11	-0.395299
5.81853e-11	-0.395829
5.82355e-11	-0.396344
5.82856e-11	-0.396844
5.83358e-11	-0.397329
5.83859e-11	-0.397799
5.84361e-11	-0.398254
5.84863e-11	-0.398694
5.85364e-11	-0.399118
5.85866e-11	-0.399526
5.86367e-11	-0.399919
5.86869e-11	-0.400296
5.87371e-11	-0.400657
5.87872e-11	-0.401002
5.88374e-11	-0.401332
5.88875e-11	-0.401645
5.89377e-11	-0.401941
5.89879e-11	-0.402221
5.9038e-11	-0.402485
5.90882e-11	-0.402732
5.91383e-11	-0.402963
5.91885e-11	-0.403176
5.92387e-11	-0.403373
5.92888e-11	-0.403552
5.9339e-11	-0.403715
5.93891e-11	-0.40386
5.94393e-11	-0.403987
5.94895e-11	-0.404098
5.95396e-11	-0.404191
5.95898e-11	-0.404266
5.96399e-11	-0.404323
5.96901e-11	-0.404363
5.97403e-11	-0.404384
5.97904e-11	-0.404388
5.98406e-11	-0.404373
5.98907e-11	-0.404341
5.99409e-11	-0.40429
5.9991e-11	-0.40422
6.00412e-11	-0.404132
6.00914e-11	-0.404025
6.01415e-11	-0.4039
6.01917e-11	-0.403756
6.02418e-11	-0.403593
6.0292e-11	-0.403411
6.03422e-11	-0.40321
6.03923e-11	-0.402989
6.04425e-11	-0.40275
6.04926e-11	-0.402491
6.05428e-11	-0.402213
6.0593e-11	-0.401915
6.06431e-11	-0.401598
6.06933e-11	-0.401261
6.07434e-11	-0.400904
6.07936e-11	-0.400527
6.08438e-11	-0.400131
6.08939e-11	-0.399714
6.09441e-11	-0.399277
6.09942e-11	-0.398821
6.10444e-11	-0.398343
6.10946e-11	-0.397846
6.11447e-11	-0.397328
6.11949e-11	-0.39679
6.1245e-11	-0.396231
6.12952e-11	-0.395652
6.13454e-11	-0.395052
6.13955e-11	-0.394431
6.14457e-11	-0.393789
6.14958e-11	-0.393126
6.1546e-11	-0.392442
6.15962e-11	-0.391738
6.16463e-11	-0.391012
6.16965e-11	-0.390265
6.17466e-11	-0.389497
6.17968e-11	-0.388707
6.1847e-11	-0.387896
6.18971e-11	-0.387064
6.19473e-11	-0.38621
6.19974e-11	-0.385334
6.20476e-11	-0.384437
6.20978e-11	-0.383518
6.21479e-11	-0.382578
6.21981e-11	-0.381615
6.22482e-11	-0.380631
6.22984e-11	-0.379625
6.23486e-11	-0.378597
6.23987e-11	-0.377547
6.24489e-11	-0.376474
6.2499e-11	-0.37538
6.25492e-11	-0.374264
6.25994e-11	-0.373125
6.26495e-11	-0.371964
6.26997e-11	-0.370781
6.27498e-11	-0.369576
6.28e-11	-0.368348
6.28502e-11	-0.367097
6.29003e-11	-0.365824
6.29505e-11	-0.364529
6.30006e-11	-0.363211
6.30508e-11	-0.361871
6.3101e-11	-0.360508
6.31511e-11	-0.359122
6.32013e-11	-0.357713
6.32514e-11	-0.356282
6.33016e-11	-0.354828
6.33518e-11	-0.353352
6.34019e-11	-0.351852
6.34521e-11	-0.35033
6.35022e-11	-0.348785
6.35524e-11	-0.347217
6.36026e-11	-0.345626
6.36527e-11	-0.344012
6.37029e-11	-0.342375
6.3753e-11	-0.340715
6.38032e-11	-0.339032
6.38533e-11	-0.337326
6.39035e-11	-0.335597
6.39537e-11	-0.333846
6.40038e-11	-0.332071
6.4054e-11	-0.330273
6.41041e-11	-0.328452
6.41543e-11	-0.326607
6.42045e-11	-0.32474
6.42546e-11	-0.32285
6.43048e-11	-0.320937
6.43549e-11	-0.319
6.44051e-11	-0.31704
6.44553e-11	-0.315058
6.45054e-11	-0.313052
6.45556e-11	-0.311023
6.46057e-11	-0.308971
6.46559e-11	-0.306896
6.47061e-11	-0.304798
6.47562e-11	-0.302677
6.48064e-11	-0.300533
6.48565e-11	-0.298365
6.49067e-11	-0.296175
6.49569e-11	-0.293962
6.5007e-11	-0.291725
6.50572e-11	-0.289466
6.51073e-11	-0.287183
6.51575e-11	-0.284878
6.52077e-11	-0.28255
6.52578e-11	-0.280199
6.5308e-11	-0.277825
6.53581e-11	-0.275428
6.54083e-11	-0.273008
6.54585e-11	-0.270566
6.55086e-11	-0.2681
6.55588e-11	-0.265612
6.56089e-11	-0.263102
6.56591e-11	-0.260568
6.57093e-11	-0.258012
6.57594e-11	-0.255434
6.58096e-11	-0.252832
6.58597e-11	-0.250209
6.59099e-11	-0.247562
6.59601e-11	-0.244894
6.60102e-11	-0.242203
6.60604e-11	-0.239489
6.61105e-11	-0.236754
6.61607e-11	-0.233996
6.62109e-11	-0.231216
6.6261e-11	-0.228413
6.63112e-11	-0.225589
6.63613e-11	-0.222743
6.64115e-11	-0.219874
6.64617e-11	-0.216984
6.65118e-11	-0.214072
6.6562e-11	-0.211138
6.66121e-11	-0.208182
6.66623e-11	-0.205205
6.67125e-11	-0.202206
6.67626e-11	-0.199186
6.68128e-11	-0.196144
6.68629e-11	-0.19308
6.69131e-11	-0.189996
6.69633e-11	-0.18689
6.70134e-11	-0.183763
6.70636e-11	-0.180615
6.71137e-11	-0.177446
6.71639e-11	-0.174256
6.72141e-11	-0.171045
6.72642e-11	-0.167813
6.73144e-11	-0.164561
6.73645e-11	-0.161288
6.74147e-11	-0.157994
6.74649e-11	-0.15468
6.7515e-11	-0.151346
6.75652e-11	-0.147991
6.76153e-11	-0.144617
6.76655e-11	-0.141222
6.77156e-11	-0.137807
6.77658e-11	-0.134373
6.7816e-11	-0.130919
6.78661e-11	-0.127445
6.79163e-11	-0.123951
6.79664e-11	-0.120438
6.80166e-11	-0.116906
6.80668e-11	-0.113355
6.81169e-11	-0.109784
6.81671e-11	-0.106194
6.82172e-11	-0.102586
6.82674e-11	-0.0989585
6.83176e-11	-0.0953126
6.83677e-11	-0.091648
6.84179e-11	-0.0879651
6.8468e-11	-0.0842638
6.85182e-11	-0.0805443
6.85684e-11	-0.0768067
6.86185e-11	-0.0730512
6.86687e-11	-0.0692779
6.87188e-11	-0.0654868
6.8769e-11	-0.0616782
6.88192e-11	-0.0578522
6.88693e-11	-0.0540088
6.89195e-11	-0.0501483
6.89696e-11	-0.0462707
6.90198e-11	-0.0423762
6.907e-11	-0.0384649
6.91201e-11	-0.034537
6.91703e-11	-0.0305926
6.92204e-11	-0.0266318
6.92706e-11	-0.0226549
6.93208e-11	-0.0186618
6.93709e-11	-0.0146529
6.94211e-11	-0.0106281
6.94712e-11	-0.00658775
6.95214e-11	-0.0025319
6.95716e-11	0.00153928
6.96217e-11	0.00562563
6.96719e-11	0.00972702
6.9722e-11	0.0138433
6.97722e-11	0.0179742
6.98224e-11	0.0221197
6.98725e-11	0.0262797
6.99227e-11	0.0304538
6.99728e-11	0.034642
7.0023e-11	0.0388442
7.00732e-11	0.0430601
7.01233e-11	0.0472896
7.01735e-11	0.0515325
7.02236e-11	0.0557886
7.02738e-11	0.0600578
7.0324e-11	0.06434
7.03741e-11	0.0686349
7.04243e-11	0.0729423
7.04744e-11	0.0772621
7.05246e-11	0.0815942
7.05748e-11	0.0859383
7.06249e-11	0.0902943
7.06751e-11	0.0946619
7.07252e-11	0.0990411
7.07754e-11	0.103432
7.08256e-11	0.107833
7.08757e-11	0.112246
7.09259e-11	0.116669
7.0976e-11	0.121103
7.10262e-11	0.125547
7.10764e-11	0.130002
7.11265e-11	0.134467
7.11767e-11	0.138941
7.12268e-11	0.143425
7.1277e-11	0.147919
7.13272e-11	0.152421
7.13773e-11	0.156933
7.14275e-11	0.161454
7.14776e-11	0.165983
7.15278e-11	0.170521
7.15779e-11	0.175067
7.16281e-11	0.179622
7.16783e-11	0.184184
7.17284e-11	0.188754
7.17786e-11	0.193331
7.18287e-11	0.197915
7.18789e-11	0.202507
7.19291e-11	0.207105
7.19792e-11	0.21171
7.20294e-11	0.216322
7.20795e-11	0.22094
7.21297e-11	0.225564
7.21799e-11	0.230193
7.223e-11	0.234829
7.22802e-11	0.239469
7.23303e-11	0.244115
7.23805e-11	0.248766
7.24307e-11	0.253422
7.24808e-11	0.258082
7.2531e-11	0.262746
7.25811e-11	0.267415
7.26313e-11	0.272087
7.26815e-11	0.276763
7.27316e-11	0.281443
7.27818e-11	0.286126
7.28319e-11	0.290812
7.28821e-11	0.295501
7.29323e-11	0.300192
7.29824e-11	0.304886
7.30326e-11	0.309581
7.30827e-11	0.314279
7.31329e-11	0.318979
7.31831e-11	0.323679
7.32332e-11	0.328382
7.32834e-11	0.333085
7.33335e-11	0.337789
7.33837e-11	0.342493
7.34339e-11	0.347198
7.3484e-11	0.351903
7.35342e-11	0.356608
7.35843e-11	0.361312
7.36345e-11	0.366016
7.36847e-11	0.37072
7.37348e-11	0.375422
7.3785e-11	0.380123
7.38351e-11	0.384822
7.38853e-11	0.38952
7.39355e-11	0.394215
7.39856e-11	0.398909
7.40358e-11	0.4036
7.40859e-11	0.408288
7.41361e-11	0.412974
7.41863e-11	0.417656
7.42364e-11	0.422336
7.42866e-11	0.427011
7.43367e-11	0.431683
7.43869e-11	0.43635
7.44371e-11	0.441014
7.44872e-11	0.445673
7.45374e-11	0.450327
7.45875e-11	0.454976
7.46377e-11	0.45962
7.46879e-11	0.464258
7.4738e-11	0.468891
7.47882e-11	0.473518
7.48383e-11	0.478139
7.48885e-11	0.482753
7.49387e-11	0.487361
7.49888e-11	0.491961
7.5039e-11	0.496555
7.50891e-11	0.501141
7.51393e-11	0.50572
7.51895e-11	0.510291
7.52396e-11	0.514854
7.52898e-11	0.519408
7.53399e-11	0.523955
7.53901e-11	0.528492
7.54402e-11	0.53302
7.54904e-11	0.537539
7.55406e-11	0.542049
7.55907e-11	0.546549
7.56409e-11	0.551039
7.5691e-11	0.555519
7.57412e-11	0.559988
7.57914e-11	0.564447
7.58415e-11	0.568895
7.58917e-11	0.573332
7.59418e-11	0.577758
7.5992e-11	0.582172
7.60422e-11	0.586574
7.60923e-11	0.590964
7.61425e-11	0.595342
7.61926e-11	0.599707
7.62428e-11	0.60406
7.6293e-11	0.608399
7.63431e-11	0.612726
7.63933e-11	0.617039
7.64434e-11	0.621338
7.64936e-11	0.625624
7.65438e-11	0.629895
7.65939e-11	0.634153
7.66441e-11	0.638395
7.66942e-11	0.642623
7.67444e-11	0.646836
7.67946e-11	0.651033
7.68447e-11	0.655215
7.68949e-11	0.659381
7.6945e-11	0.663532
7.69952e-11	0.667666
7.70454e-11	0.671784
7.70955e-11	0.675885
7.71457e-11	0.679969
7.71958e-11	0.684037
7.7246e-11	0.688087
7.72962e-11	0.69212
7.73463e-11	0.696135
7.73965e-11	0.700132
7.74466e-11	0.704111
7.74968e-11	0.708071
7.7547e-11	0.712013
7.75971e-11	0.715936
7.76473e-11	0.71984
7.76974e-11	0.723725
7.77476e-11	0.727591
7.77978e-11	0.731437
7.78479e-11	0.735263
7.78981e-11	0.739069
7.79482e-11	0.742855
7.79984e-11	0.74662
7.80486e-11	0.750364
7.80987e-11	0.754088
7.81489e-11	0.757791
7.8199e-11	0.761472
7.82492e-11	0.765132
7.82994e-11	0.76877
7.83495e-11	0.772386
7.83997e-11	0.77598
7.84498e-11	0.779551
7.85e-11	0.7831
7.85502e-11	0.786627
7.86003e-11	0.79013
7.86505e-11	0.793611
7.87006e-11	0.797068
7.87508e-11	0.800502
7.8801e-11	0.803912
7.88511e-11	0.807298
7.89013e-11	0.81066
7.89514e-11	0.813997
7.90016e-11	0.817311
7.90518e-11	0.820599
7.91019e-11	0.823863
7.91521e-11	0.827102
7.92022e-11	0.830316
7.92524e-11	0.833504
7.93025e-11	0.836667
7.93527e-11	0.839804
7.94029e-11	0.842915
7.9453e-11	0.846
7.95032e-11	0.849059
7.95533e-11	0.852092
7.96035e-11	0.855098
7.96537e-11	0.858077
7.97038e-11	0.861029
7.9754e-11	0.863954
7.98041e-11	0.866852
7.98543e-11	0.869722
7.99045e-11	0.872565
7.99546e-11	0.87538
8.00048e-11	0.878168
8.00549e-11	0.880927
8.01051e-11	0.883658
8.01553e-11	0.88636
8.02054e-11	0.889034
8.02556e-11	0.891679
8.03057e-11	0.894296
8.03559e-11	0.896883
8.04061e-11	0.899442
8.04562e-11	0.901971
8.05064e-11	0.90447
8.05565e-11	0.90694
8.06067e-11	0.909381
8.06569e-11	0.911791
8.0707e-11	0.914172
8.07572e-11	0.916522
8.08073e-11	0.918842
8.08575e-11	0.921132
8.09077e-11	0.923391
8.09578e-11	0.92562
8.1008e-11	0.927818
8.10581e-11	0.929985
8.11083e-11	0.93212
8.11585e-11	0.934225
8.12086e-11	0.936298
8.12588e-11	0.93834
8.13089e-11	0.940351
8.13591e-11	0.94233
8.14093e-11	0.944277
8.14594e-11	0.946192
8.15096e-11	0.948076
8.15597e-11	0.949927
8.16099e-11	0.951746
8.16601e-11	0.953533
8.17102e-11	0.955287
8.17604e-11	0.957009
8.18105e-11	0.958699
8.18607e-11	0.960355
8.19109e-11	0.961979
8.1961e-11	0.96357
8.20112e-11	0.965128
8.20613e-11	0.966653
8.21115e-11	0.968145
8.21617e-11	0.969603
8.22118e-11	0.971029
8.2262e-11	0.972421
8.23121e-11	0.973779
8.23623e-11	0.975104
8.24125e-11	0.976395
8.24626e-11	0.977652
8.25128e-11	0.978876
8.25629e-11	0.980066
8.26131e-11	0.981222
8.26633e-11	0.982344
8.27134e-11	0.983432
8.27636e-11	0.984485
8.28137e-11	0.985505
8.28639e-11	0.98649
8.29141e-11	0.987441
8.29642e-11	0.988358
8.30144e-11	0.98924
8.30645e-11	0.990088
8.31147e-11	0.990901
8.31648e-11	0.99168
8.3215e-11	0.992424
8.32652e-11	0.993133
8.33153e-11	0.993808
8.33655e-11	0.994448
8.34156e-11	0.995054
8.34658e-11	0.995624
8.3516e-11	0.99616
8.35661e-11	0.996661
8.36163e-11	0.997127
8.36664e-11	0.997558
8.37166e-11	0.997954
8.37668e-11	0.998315
8.38169e-11	0.998641
8.38671e-11	0.998932
8.39172e-11	0.999188
8.39674e-11	0.999409
8.40176e-11	0.999595
8.40677e-11	0.999746
8.41179e-11	0.999862
8.4168e-11	0.999943
8.42182e-11	0.999989
8.42684e-11	0.999999
8.43185e-11	0.999975
8.43687e-11	0.999915
8.44188e-11	0.999821
8.4469e-11	0.999691
8.45192e-11	0.999526
8.45693e-11	0.999327
8.46195e-11	0.999092
8.46696e-11	0.998822
8.47198e-11	0.998517
8.477e-11	0.998177
8.48201e-11	0.997802
8.48703e-11	0.997392
8.49204e-11	0.996948
8.49706e-11	0.996468
8.50208e-11	0.995953
8.50709e-11	0.995404
8.51211e-11	0.99482
8.51712e-11	0.994201
8.52214e-11	0.993547
8.52716e-11	0.992859
8.53217e-11	0.992135
8.53719e-11	0.991378
8.5422e-11	0.990585
8.54722e-11	0.989758
8.55224e-11	0.988897
8.55725e-11	0.988001
8.56227e-11	0.987071
8.56728e-11	0.986107
8.5723e-11	0.985108
8.57732e-11	0.984075
8.58233e-11	0.983008
8.58735e-11	0.981906
8.59236e-11	0.980771
8.59738e-11	0.979602
8.6024e-11	0.978399
8.60741e-11	0.977162
8.61243e-11	0.975891
8.61744e-11	0.974587
8.62246e-11	0.973249
8.62748e-11	0.971877
8.63249e-11	0.970472
8.63751e-11	0.969034
8.64252e-11	0.967562
8.64754e-11	0.966057
8.65256e-11	0.964519
8.65757e-11	0.962948
8.66259e-11	0.961344
8.6676e-11	0.959707
8.67262e-11	0.958038
8.67764e-11	0.956336
8.68265e-11	0.954601
8.68767e-11	0.952834
8.69268e-11	0.951034
8.6977e-11	0.949203
8.70271e-11	0.947339
8.70773e-11	0.945443
8.71275e-11	0.943515
8.71776e-11	0.941555
8.72278e-11	0.939564
8.72779e-11	0.937541
8.73281e-11	0.935487
8.73783e-11	0.933401
8.74284e-11	0.931284
8.74786e-11	0.929136
8.75287e-11	0.926957
8.75789e-11	0.924747
8.76291e-11	0.922506
8.76792e-11	0.920235
8.77294e-11	0.917933
8.77795e-11	0.915601
8.78297e-11	0.913239
8.78799e-11	0.910847
8.793e-11	0.908424
8.79802e-11	0.905972
8.80303e-11	0.903491
8.80805e-11	0.900979
8.81307e-11	0.898439
8.81808e-11	0.895869
8.8231e-11	0.89327
8.82811e-11	0.890642
8.83313e-11	0.887986
8.83815e-11	0.8853
8.84316e-11	0.882587
8.84818e-11	0.879845
8.85319e-11	0.877075
8.85821e-11	0.874276
8.86323e-11	0.87145
8.86824e-11	0.868597
8.87326e-11	0.865715
8.87827e-11	0.862807
8.88329e-11	0.859871
8.88831e-11	0.856908
8.89332e-11	0.853919
8.89834e-11	0.850902
8.90335e-11	0.847859
8.90837e-11	0.84479
8.91339e-11	0.841695
8.9184e-11	0.838573
8.92342e-11	0.835426
8.92843e-11	0.832253
8.93345e-11	0.829055
8.93847e-11	0.825831
8.94348e-11	0.822582
8.9485e-11	0.819309
8.95351e-11	0.81601
8.95853e-11	0.812687
8.96355e-11	0.80934
8.96856e-11	0.805969
8.97358e-11	0.802573
8.97859e-11	0.799154
8.98361e-11	0.795711
8.98863e-11	0.792245
8.99364e-11	0.788755
8.99866e-11	0.785243
9.00367e-11	0.781707
9.00869e-11	0.778149
9.01371e-11	0.774569
9.01872e-11	0.770966
9.02374e-11	0.767341
9.02875e-11	0.763695
9.03377e-11	0.760026
9.03879e-11	0.756337
9.0438e-11	0.752626
9.04882e-11	0.748894
9.05383e-11	0.745141
9.05885e-11	0.741368
9.06387e-11	0.737574
9.06888e-11	0.73376
9.0739e-11	0.729926
9.07891e-11	0.726073
9.08393e-11	0.7222
9.08894e-11	0.718307
9.09396e-11	0.714395
9.09898e-11	0.710465
9.10399e-11	0.706515
9.10901e-11	0.702548
9.11402e-11	0.698562
9.11904e-11	0.694557
9.12406e-11	0.690536
9.12907e-11	0.686496
9.13409e-11	0.682439
9.1391e-11	0.678365
9.14412e-11	0.674274
9.14914e-11	0.670166
9.15415e-11	0.666042
9.15917e-11	0.661901
9.16418e-11	0.657744
9.1692e-11	0.653572
9.17422e-11	0.649384
9.17923e-11	0.64518
9.18425e-11	0.640962
9.18926e-11	0.636728
9.19428e-11	0.63248
9.1993e-11	0.628217
9.20431e-11	0.62394
9.20933e-11	0.619649
9.21434e-11	0.615344
9.21936e-11	0.611026
9.22438e-11	0.606694
9.22939e-11	0.602349
9.23441e-11	0.597992
9.23942e-11	0.593621
9.24444e-11	0.589239
9.24946e-11	0.584844
9.25447e-11	0.580437
9.25949e-11	0.576018
9.2645e-11	0.571588
9.26952e-11	0.567147
9.27454e-11	0.562695
9.27955e-11	0.558232
9.28457e-11	0.553758
9.28958e-11	0.549274
9.2946e-11	0.54478
9.29962e-11	0.540276
9.30463e-11	0.535763
9.30965e-11	0.53124
9.31466e-11	0.526708
9.31968e-11	0.522168
9.3247e-11	0.517618
9.32971e-11	0.51306
9.33473e-11	0.508494
9.33974e-11	0.50392
9.34476e-11	0.499338
9.34978e-11	0.494749
9.35479e-11	0.490153
9.35981e-11	0.485549
9.36482e-11	0.480939
9.36984e-11	0.476322
9.37486e-11	0.471699
9.37987e-11	0.46707
9.38489e-11	0.462435
9.3899e-11	0.457794
9.39492e-11	0.453148
9.39994e-11	0.448497
9.40495e-11	0.443841
9.40997e-11	0.43918
9.41498e-11	0.434515
9.42e-11	0.429846
9.42502e-11	0.425173
9.43003e-11	0.420496
9.43505e-11	0.415815
9.44006e-11	0.411131
9.44508e-11	0.406445
9.4501e-11	0.401755
9.45511e-11	0.397063
9.46013e-11	0.392369
9.46514e-11	0.387672
9.47016e-11	0.382974
9.47517e-11	0.378274
9.48019e-11	0.373572
9.48521e-11	0.36887
9.49022e-11	0.364166
9.49524e-11	0.359462
9.50025e-11	0.354757
9.50527e-11	0.350053
9.51029e-11	0.345348
9.5153e-11	0.340643
9.52032e-11	0.335938
9.52533e-11	0.331235
9.53035e-11	0.326532
9.53537e-11	0.32183
9.54038e-11	0.31713
9.5454e-11	0.312431
9.55041e-11	0.307734
9.55543e-11	0.303039
9.56045e-11	0.298346
9.56546e-11	0.293656
9.57048e-11	0.288968
9.57549e-11	0.284284
9.58051e-11	0.279602
9.58553e-11	0.274924
9.59054e-11	0.270249
9.59556e-11	0.265578
9.60057e-11	0.260911
9.60559e-11	0.256248
9.61061e-11	0.25159
9.61562e-11	0.246936
9.62064e-11	0.242287
9.62565e-11	0.237643
9.63067e-11	0.233005
9.63569e-11	0.228372
9.6407e-11	0.223744
9.64572e-11	0.219123
9.65073e-11	0.214507
9.65575e-11	0.209898
9.66077e-11	0.205296
9.66578e-11	0.2007
9.6708e-11	0.196111
9.67581e-11	0.19153
9.68083e-11	0.186955
9.68585e-11	0.182388
9.69086e-11	0.177829
9.69588e-11	0.173278
9.70089e-11	0.168735
9.70591e-11	0.164201
9.71093e-11	0.159675
9.71594e-11	0.155158
9.72096e-11	0.150649
9.72597e-11	0.14615
9.73099e-11	0.14166
9.73601e-11	0.13718
9.74102e-11	0.132709
9.74604e-11	0.128249
9.75105e-11	0.123798
9.75607e-11	0.119358
9.76109e-11	0.114928
9.7661e-11	0.110509
9.77112e-11	0.106101
9.77613e-11	0.101703
9.78115e-11	0.0973173
9.78617e-11	0.0929426
9.79118e-11	0.0885796
9.7962e-11	0.0842282
9.80121e-11	0.0798889
9.80623e-11	0.0755616
9.81125e-11	0.0712466
9.81626e-11	0.0669441
9.82128e-11	0.0626542
9.82629e-11	0.0583771
9.83131e-11	0.054113
9.83633e-11	0.049862
9.84134e-11	0.0456244
9.84636e-11	0.0414003
9.85137e-11	0.0371897
9.85639e-11	0.0329931
9.8614e-11	0.0288103
9.86642e-11	0.0246418
9.87144e-11	0.0204875
9.87645e-11	0.0163477
9.88147e-11	0.0122225
9.88648e-11	0.00811207
9.8915e-11	0.00401658
9.89652e-11	-6.38246e-05
9.90153e-11	-0.00412899
9.90655e-11	-0.00817877
9.91156e-11	-0.012213
9.91658e-11	-0.0162316
9.9216e-11	-0.0202343
9.92661e-11	-0.024221
9.93163e-11	-0.0281916
9.93664e-11	-0.032146
9.94166e-11	-0.0360839
9.94668e-11	-0.0400053
9.95169e-11	-0.04391
9.95671e-11	-0.0477978
9.96172e-11	-0.0516688
9.96674e-11	-0.0555226
9.97176e-11	-0.0593591
9.97677e-11	-0.0631783
9.98179e-11	-0.0669801
9.9868e-11	-0.0707641
9.99182e-11	-0.0745305
9.99684e-11	-0.078279
1.00019e-10	-0.0820094
1.00069e-10	-0.0857218
1.00119e-10	-0.0894159
1.00169e-10	-0.0930916
1.00219e-10	-0.0967488
1.00269e-10	-0.100387
1.00319e-10	-0.104007
1.0037e-10	-0.107608
1.0042e-10	-0.111191
1.0047e-10	-0.114754
1.0052e-10	-0.118298
1.0057e-10	-0.121822
1.0062e-10	-0.125328
1.00671e-10	-0.128813
1.00721e-10	-0.13228
1.00771e-10	-0.135726
1.00821e-10	-0.139153
1.00871e-10	-0.14256
1.00921e-10	-0.145946
1.00972e-10	-0.149313
1.01022e-10	-0.15266
1.01072e-10	-0.155986
1.01122e-10	-0.159292
1.01172e-10	-0.162577
1.01222e-10	-0.165842
1.01273e-10	-0.169086
1.01323e-10	-0.17231
1.01373e-10	-0.175513
1.01423e-10	-0.178695
1.01473e-10	-0.181856
1.01523e-10	-0.184995
1.01573e-10	-0.188114
1.01624e-10	-0.191212
1.01674e-10	-0.194288
1.01724e-10	-0.197343
1.01774e-10	-0.200376
1.01824e-10	-0.203388
1.01874e-10	-0.206379
1.01925e-10	-0.209348
1.01975e-10	-0.212295
1.02025e-10	-0.21522
1.02075e-10	-0.218124
1.02125e-10	-0.221005
1.02175e-10	-0.223865
1.02226e-10	-0.226703
1.02276e-10	-0.229518
1.02326e-10	-0.232312
1.02376e-10	-0.235083
1.02426e-10	-0.237832
1.02476e-10	-0.240559
1.02527e-10	-0.243264
1.02577e-10	-0.245946
1.02627e-10	-0.248606
1.02677e-10	-0.251243
1.02727e-10	-0.253858
1.02777e-10	-0.256451
1.02827e-10	-0.25902
1.02878e-10	-0.261567
1.02928e-10	-0.264092
1.02978e-10	-0.266594
1.03028e-10	-0.269073
1.03078e-10	-0.271529
1.03128e-10	-0.273963
1.03179e-10	-0.276373
1.03229e-10	-0.278761
1.03279e-10	-0.281126
1.03329e-10	-0.283468
1.03379e-10	-0.285788
1.03429e-10	-0.288084
1.0348e-10	-0.290357
1.0353e-10	-0.292608
1.0358e-10	-0.294835
1.0363e-10	-0.297039
1.0368e-10	-0.29922
1.0373e-10	-0.301379
1.03781e-10	-0.303514
1.03831e-10	-0.305626
1.03881e-10	-0.307715
1.03931e-10	-0.309781
1.03981e-10	-0.311824
1.04031e-10	-0.313844
1.04081e-10	-0.31584
1.04132e-10	-0.317814
1.04182e-10	-0.319764
1.04232e-10	-0.321692
1.04282e-10	-0.323596
1.04332e-10	-0.325477
1.04382e-10	-0.327336
1.04433e-10	-0.329171
1.04483e-10	-0.330983
1.04533e-10	-0.332771
1.04583e-10	-0.334537
1.04633e-10	-0.33628
1.04683e-10	-0.338
1.04734e-10	-0.339697
1.04784e-10	-0.341371
1.04834e-10	-0.343021
1.04884e-10	-0.344649
1.04934e-10	-0.346254
1.04984e-10	-0.347836
1.05034e-10	-0.349395
1.05085e-10	-0.350931
1.05135e-10	-0.352445
1.05185e-10	-0.353935
1.05235e-10	-0.355403
1.05285e-10	-0.356848
1.05335e-10	-0.35827
1.05386e-10	-0.35967
1.05436e-10	-0.361046
1.05486e-10	-0.362401
1.05536e-10	-0.363732
1.05586e-10	-0.365041
1.05636e-10	-0.366328
1.05687e-10	-0.367592
1.05737e-10	-0.368833
1.05787e-10	-0.370052
1.05837e-10	-0.371249
1.05887e-10	-0.372423
1.05937e-10	-0.373576
1.05988e-10	-0.374706
1.06038e-10	-0.375813
1.06088e-10	-0.376899
1.06138e-10	-0.377962
1.06188e-10	-0.379004
1.06238e-10	-0.380023
1.06288e-10	-0.381021
1.06339e-10	-0.381996
1.06389e-10	-0.38295
1.06439e-10	-0.383882
1.06489e-10	-0.384792
1.06539e-10	-0.385681
1.06589e-10	-0.386548
1.0664e-10	-0.387393
1.0669e-10	-0.388217
1.0674e-10	-0.38902
1.0679e-10	-0.389801
1.0684e-10	-0.390561
1.0689e-10	-0.3913
1.06941e-10	-0.392017
1.06991e-10	-0.392714
1.07041e-10	-0.393389
1.07091e-10	-0.394044
1.07141e-10	-0.394677
1.07191e-10	-0.39529
1.07242e-10	-0.395882
1.07292e-10	-0.396453
1.07342e-10	-0.397004
1.07392e-10	-0.397534
1.07442e-10	-0.398044
1.07492e-10	-0.398534
1.07542e-10	-0.399003
1.07593e-10	-0.399452
1.07643e-10	-0.39988
1.07693e-10	-0.400289
1.07743e-10	-0.400678
1.07793e-10	-0.401047
1.07843e-10	-0.401396
1.07894e-10	-0.401725
1.07944e-10	-0.402034
1.07994e-10	-0.402325
1.08044e-10	-0.402595
1.08094e-10	-0.402846
1.08144e-10	-0.403078
1.08195e-10	-0.403291
1.08245e-10	-0.403485
1.08295e-10	-0.403659
1.08345e-10	-0.403815
1.08395e-10	-0.403952
1.08445e-10	-0.40407
1.08496e-10	-0.404169
1.08546e-10	-0.40425
1.08596e-10	-0.404312
1.08646e-10	-0.404356
1.08696e-10	-0.404381
1.08746e-10	-0.404389
1.08796e-10	-0.404378
1.08847e-10	-0.404349
1.08897e-10	-0.404303
1.08947e-10	-0.404238
1.08997e-10	-0.404156
1.09047e-10	-0.404057
1.09097e-10	-0.403939
1.09148e-10	-0.403805
1.09198e-10	-0.403653
1.09248e-10	-0.403484
1.09298e-10	-0.403297
1.09348e-10	-0.403094
1.09398e-10	-0.402874
1.09449e-10	-0.402637
1.09499e-10	-0.402383
1.09549e-10	-0.402113
1.09599e-10	-0.401826
1.09649e-10	-0.401523
1.09699e-10	-0.401204
1.0975e-10	-0.400869
1.098e-10	-0.400517
1.0985e-10	-0.40015
1.099e-10	-0.399766
1.0995e-10	-0.399367
1.1e-10	-0.398953
1.1005e-10	-0.398522
1.10101e-10	-0.398077
1.10151e-10	-0.397616
1.10201e-10	-0.39714
1.10251e-10	-0.396649
1.10301e-10	-0.396143
1.10351e-10	-0.395622
1.10402e-10	-0.395086
1.10452e-10	-0.394536
1.10502e-10	-0.393972
1.10552e-10	-0.393392
1.10602e-10	-0.392799
1.10652e-10	-0.392191
1.10703e-10	-0.39157
1.10753e-10	-0.390934
1.10803e-10	-0.390285
1.10853e-10	-0.389622
1.10903e-10	-0.388945
1.10953e-10	-0.388255
1.11004e-10	-0.387551
1.11054e-10	-0.386835
1.11104e-10	-0.386105
1.11154e-10	-0.385362
1.11204e-10	-0.384606
1.11254e-10	-0.383837
1.11304e-10	-0.383056
1.11355e-10	-0.382262
1.11405e-10	-0.381456
1.11455e-10	-0.380637
1.11505e-10	-0.379806
1.11555e-10	-0.378964
1.11605e-10	-0.378109
1.11656e-10	-0.377242
1.11706e-10	-0.376364
1.11756e-10	-0.375473
1.11806e-10	-0.374572
1.11856e-10	-0.373659
1.11906e-10	-0.372735
1.11957e-10	-0.371799
1.12007e-10	-0.370853
1.12057e-10	-0.369896
1.12107e-10	-0.368928
1.12157e-10	-0.367949
1.12207e-10	-0.36696
1.12257e-10	-0.36596
1.12308e-10	-0.36495
1.12358e-10	-0.363929
1.12408e-10	-0.362899
1.12458e-10	-0.361859
1.12508e-10	-0.360808
1.12558e-10	-0.359748
1.12609e-10	-0.358679
1.12659e-10	-0.3576
1.12709e-10	-0.356511
1.12759e-10	-0.355414
1.12809e-10	-0.354307
1.12859e-10	-0.353191
1.1291e-10	-0.352066
1.1296e-10	-0.350933
1.1301e-10	-0.34979
1.1306e-10	-0.348639
1.1311e-10	-0.34748
1.1316e-10	-0.346313
1.13211e-10	-0.345137
1.13261e-10	-0.343953
1.13311e-10	-0.342761
1.13361e-10	-0.341561
1.13411e-10	-0.340354
1.13461e-10	-0.339138
1.13511e-10	-0.337916
1.13562e-10	-0.336686
1.13612e-10	-0.335448
1.13662e-10	-0.334204
1.13712e-10	-0.332952
1.13762e-10	-0.331693
1.13812e-10	-0.330428
1.13863e-10	-0.329156
1.13913e-10	-0.327877
1.13963e-10	-0.326592
1.14013e-10	-0.3253
1.14063e-10	-0.324002
1.14113e-10	-0.322698
1.14164e-10	-0.321388
1.14214e-10	-0.320072
1.14264e-10	-0.31875
1.14314e-10	-0.317423
1.14364e-10	-0.316089
1.14414e-10	-0.314751
1.14465e-10	-0.313407
1.14515e-10	-0.312057
1.14565e-10	-0.310703
1.14615e-10	-0.309343
1.14665e-10	-0.307979
1.14715e-10	-0.306609
1.14765e-10	-0.305235
1.14816e-10	-0.303856
1.14866e-10	-0.302473
1.14916e-10	-0.301086
1.14966e-10	-0.299694
1.15016e-10	-0.298297
1.15066e-10	-0.296897
1.15117e-10	-0.295493
1.15167e-10	-0.294085
1.15217e-10	-0.292673
1.15267e-10	-0.291258
1.15317e-10	-0.289838
1.15367e-10	-0.288416
1.15418e-10	-0.28699
1.15468e-10	-0.285561
1.15518e-10	-0.284128
1.15568e-10	-0.282693
1.15618e-10	-0.281255
1.15668e-10	-0.279813
1.15719e-10	-0.278369
1.15769e-10	-0.276923
1.15819e-10	-0.275473
1.15869e-10	-0.274022
1.15919e-10	-0.272568
1.15969e-10	-0.271111
1.16019e-10	-0.269653
1.1607e-10	-0.268192
1.1612e-10	-0.26673
1.1617e-10	-0.265266
1.1622e-10	-0.263799
1.1627e-10	-0.262332
1.1632e-10	-0.260862
1.16371e-10	-0.259391
1.16421e-10	-0.257919
1.16471e-10	-0.256445
1.16521e-10	-0.25497
1.16571e-10	-0.253494
1.16621e-10	-0.252017
1.16672e-10	-0.250539
1.16722e-10	-0.24906
1.16772e-10	-0.247581
1.16822e-10	-0.2461
1.16872e-10	-0.244619
1.16922e-10	-0.243138
1.16973e-10	-0.241656
1.17023e-10	-0.240174
1.17073e-10	-0.238692
1.17123e-10	-0.237209
1.17173e-10	-0.235726
1.17223e-10	-0.234244
1.17273e-10	-0.232761
1.17324e-10	-0.231279
1.17374e-10	-0.229797
1.17424e-10	-0.228315
1.17474e-10	-0.226834
1.17524e-10	-0.225353
1.17574e-10	-0.223873
1.17625e-10	-0.222393
1.17675e-10	-0.220914
1.17725e-10	-0.219436
1.17775e-10	-0.217959
1.17825e-10	-0.216483
1.17875e-10	-0.215008
1.17926e-10	-0.213534
1.17976e-10	-0.212062
1.18026e-10	-0.21059
1.18076e-10	-0.20912
1.18126e-10	-0.207652
1.18176e-10	-0.206184
1.18227e-10	-0.204719
1.18277e-10	-0.203255
1.18327e-10	-0.201793
1.18377e-10	-0.200333
1.18427e-10	-0.198874
1.18477e-10	-0.197417
1.18527e-10	-0.195963
1.18578e-10	-0.19451
1.18628e-10	-0.19306
1.18678e-10	-0.191612
1.18728e-10	-0.190166
1.18778e-10	-0.188723
1.18828e-10	-0.187281
1.18879e-10	-0.185843
1.18929e-10	-0.184407
1.18979e-10	-0.182973
1.19029e-10	-0.181542
1.19079e-10	-0.180114
1.19129e-10	-0.178689
1.1918e-10	-0.177266
1.1923e-10	-0.175847
1.1928e-10	-0.17443
1.1933e-10	-0.173016
1.1938e-10	-0.171606
1.1943e-10	-0.170199
1.19481e-10	-0.168794
1.19531e-10	-0.167393
1.19581e-10	-0.165996
1.19631e-10	-0.164602
1.19681e-10	-0.163211
1.19731e-10	-0.161823
1.19781e-10	-0.16044
1.19832e-10	-0.159059
1.19882e-10	-0.157683
1.19932e-10	-0.15631
1.19982e-10	-0.154941
1.20032e-10	-0.153575
1.20082e-10	-0.152214
1.20133e-10	-0.150856
1.20183e-10	-0.149502
1.20233e-10	-0.148153
1.20283e-10	-0.146807
1.20333e-10	-0.145465
1.20383e-10	-0.144128
1.20434e-10	-0.142795
1.20484e-10	-0.141465
1.20534e-10	-0.140141
1.20584e-10	-0.13882
1.20634e-10	-0.137504
1.20684e-10	-0.136192
1.20734e-10	-0.134885
1.20785e-10	-0.133582
1.20835e-10	-0.132283
1.20885e-10	-0.13099
1.20935e-10	-0.1297
1.20985e-10	-0.128416
1.21035e-10	-0.127136
1.21086e-10	-0.125861
1.21136e-10	-0.12459
1.21186e-10	-0.123325
1.21236e-10	-0.122064
1.21286e-10	-0.120808
1.21336e-10	-0.119557
1.21387e-10	-0.11831
1.21437e-10	-0.117069
1.21487e-10	-0.115833
1.21537e-10	-0.114602
1.21587e-10	-0.113375
1.21637e-10	-0.112154
1.21688e-10	-0.110938
1.21738e-10	-0.109728
1.21788e-10	-0.108522
1.21838e-10	-0.107321
1.21888e-10	-0.106126
1.21938e-10	-0.104936
1.21988e-10	-0.103752
1.22039e-10	-0.102572
1.22089e-10	-0.101398
1.22139e-10	-0.10023
1.22189e-10	-0.0990663
1.22239e-10	-0.0979084
1.22289e-10	-0.096756
1.2234e-10	-0.0956091
1.2239e-10	-0.0944676
1.2244e-10	-0.0933317
1.2249e-10	-0.0922012
1.2254e-10	-0.0910764
1.2259e-10	-0.0899571
1.22641e-10	-0.0888434
1.22691e-10	-0.0877353
1.22741e-10	-0.0866328
1.22791e-10	-0.085536
1.22841e-10	-0.0844448
1.22891e-10	-0.0833594
1.22942e-10	-0.0822796
1.22992e-10	-0.0812056
1.23042e-10	-0.0801373
1.23092e-10	-0.0790747
1.23142e-10	-0.0780179
1.23192e-10	-0.0769669
1.23242e-10	-0.0759216
1.23293e-10	-0.0748822
1.23343e-10	-0.0738486
1.23393e-10	-0.0728208
1.23443e-10	-0.0717989
1.23493e-10	-0.0707828
1.23543e-10	-0.0697726
1.23594e-10	-0.0687683
1.23644e-10	-0.0677698
1.23694e-10	-0.0667773
1.23744e-10	-0.0657906
1.23794e-10	-0.0648099
1.23844e-10	-0.0638351
1.23895e-10	-0.0628662
1.23945e-10	-0.0619032
1.23995e-10	-0.0609462
1.24045e-10	-0.0599951
1.24095e-10	-0.05905
1.24145e-10	-0.0581108
1.24196e-10	-0.0571776
1.24246e-10	-0.0562504
1.24296e-10	-0.0553292
1.24346e-10	-0.0544139
1.24396e-10	-0.0535046
1.24446e-10	-0.0526013
1.24496e-10	-0.0517039
1.24547e-10	-0.0508126
1.24597e-10	-0.0499272
1.24647e-10	-0.0490478
1.24697e-10	-0.0481744
1.24747e-10	-0.047307
1.24797e-10	-0.0464456
1.24848e-10	-0.0455902
1.24898e-10	-0.0447408
1.24948e-10	-0.0438973
1.24998e-10	-0.0430598
1.25048e-10	-0.0422283
1.25098e-10	-0.0414028
1.25149e-10	-0.0405833
1.25199e-10	-0.0397697
1.25249e-10	-0.0389621
1.25299e-10	-0.0381605
1.25349e-10	-0.0373648
1.25399e-10	-0.0365751
1.2545e-10	-0.0357913
1.255e-10	-0.0350135
1.2555e-10	-0.0342416
1.256e-10	-0.0334756
1.2565e-10	-0.0327155
1.257e-10	-0.0319614
1.2575e-10	-0.0312132
1.25801e-10	-0.0304709
1.25851e-10	-0.0297344
1.25901e-10	-0.0290039
1.25951e-10	-0.0282792
1.26001e-10	-0.0275604
1.26051e-10	-0.0268475
1.26102e-10	-0.0261404
1.26152e-10	-0.0254391
1.26202e-10	-0.0247437
1.26252e-10	-0.0240541
1.26302e-10	-0.0233703
1.26352e-10	-0.0226922
1.26403e-10	-0.02202
1.26453e-10	-0.0213535
1.26503e-10	-0.0206928
1.26553e-10	-0.0200379
1.26603e-10	-0.0193886
1.26653e-10	-0.0187451
1.26704e-10	-0.0181073
1.26754e-10	-0.0174752
1.26804e-10	-0.0168488
1.26854e-10	-0.016228
1.26904e-10	-0.0156129
1.26954e-10	-0.0150034
1.27004e-10	-0.0143995
1.27055e-10	-0.0138012
1.27105e-10	-0.0132086
1.27155e-10	-0.0126214
1.27205e-10	-0.0120399
1.27255e-10	-0.0114639
1.27305e-10	-0.0108934
1.27356e-10	-0.0103284
1.27406e-10	-0.00976895
1.27456e-10	-0.00921493
1.27506e-10	-0.00866638
1.27556e-10	-0.00812326
1.27606e-10	-0.00758556
1.27657e-10	-0.00705326
1.27707e-10	-0.00652635
1.27757e-10	-0.0060048
1.27807e-10	-0.0054886
1.27857e-10	-0.00497772
1.27907e-10	-0.00447216
1.27957e-10	-0.00397188
1.28008e-10	-0.00347687
1.28058e-10	-0.00298711
1.28108e-10	-0.00250258
1.28158e-10	-0.00202326
1.28208e-10	-0.00154913
1.28258e-10	-0.00108016
1.28309e-10	-0.000616346
1.28359e-10	-0.000157657
1.28409e-10	0.000295926
1.28459e-10	0.000744424
1.28509e-10	0.00118786
1.28559e-10	0.00162625
1.2861e-10	0.00205963
1.2866e-10	0.002488
1.2871e-10	0.0029114
1.2876e-10	0.00332984
1.2881e-10	0.00374336
1.2886e-10	0.00415196
1.28911e-10	0.00455568
1.28961e-10	0.00495453
1.29011e-10	0.00534854
1.29061e-10	0.00573773
1.29111e-10	0.00612213
1.29161e-10	0.00650175
1.29211e-10	0.00687663
1.29262e-10	0.00724678
1.29312e-10	0.00761223
1.29362e-10	0.007973
1.29412e-10	0.00832912
1.29462e-10	0.00868061
1.29512e-10	0.00902749
1.29563e-10	0.00936979
1.29613e-10	0.00970753
1.29663e-10	0.0100407
1.29713e-10	0.0103694
1.29763e-10	0.0106937
1.29813e-10	0.0110134
1.29864e-10	0.0113287
1.29914e-10	0.0116396
1.29964e-10	0.0119462
1.30014e-10	0.0122483
1.30064e-10	0.0125461
1.30114e-10	0.0128397
1.30165e-10	0.0131289
1.30215e-10	0.0134139
1.30265e-10	0.0136946
1.30315e-10	0.0139711
1.30365e-10	0.0142435
1.30415e-10	0.0145117
1.30465e-10	0.0147757
1.30516e-10	0.0150356
1.30566e-10	0.0152915
1.30616e-10	0.0155433
1.30666e-10	0.0157911
1.30716e-10	0.0160348
1.30766e-10	0.0162746
1.30817e-10	0.0165105
1.30867e-10	0.0167424
1.30917e-10	0.0169704
1.30967e-10	0.0171945
1.31017e-10	0.0174148
1.31067e-10	0.0176312
1.31118e-10	0.0178439
1.31168e-10	0.0180528
1.31218e-10	0.0182579
1.31268e-10	0.0184594
1.31318e-10	0.0186571
1.31368e-10	0.0188511
1.31419e-10	0.0190416
1.31469e-10	0.0192284
1.31519e-10	0.0194116
1.31569e-10	0.0195912
1.31619e-10	0.0197673
1.31669e-10	0.0199399
1.31719e-10	0.0201091
1.3177e-10	0.0202747
1.3182e-10	0.0204369
1.3187e-10	0.0205958
1.3192e-10	0.0207512
1.3197e-10	0.0209033
1.3202e-10	0.0210521
1.32071e-10	0.0211975
1.32121e-10	0.0213397
1.32171e-10	0.0214786
1.32221e-10	0.0216143
1.32271e-10	0.0217468
1.32321e-10	0.0218762
1.32372e-10	0.0220023
1.32422e-10	0.0221254
1.32472e-10	0.0222454
1.32522e-10	0.0223623
1.32572e-10	0.0224761
1.32622e-10	0.022587
1.32673e-10	0.0226948
1.32723e-10	0.0227997
1.32773e-10	0.0229016
1.32823e-10	0.0230007
1.32873e-10	0.0230968
1.32923e-10	0.0231901
1.32973e-10	0.0232805
1.33024e-10	0.0233681
1.33074e-10	0.023453
1.33124e-10	0.023535
1.33174e-10	0.0236144
1.33224e-10	0.023691
1.33274e-10	0.0237649
1.33325e-10	0.0238362
1.33375e-10	0.0239048
1.33425e-10	0.0239708
1.33475e-10	0.0240343
1.33525e-10	0.0240951
1.33575e-10	0.0241535
1.33626e-10	0.0242093
1.33676e-10	0.0242626
1.33726e-10	0.0243135
1.33776e-10	0.0243619
1.33826e-10	0.0244079
1.33876e-10	0.0244515
1.33927e-10	0.0244928
1.33977e-10	0.0245317
1.34027e-10	0.0245683
1.34077e-10	0.0246026
1.34127e-10	0.0246346
1.34177e-10	0.0246644
1.34227e-10	0.0246919
1.34278e-10	0.0247173
1.34328e-10	0.0247405
1.34378e-10	0.0247615
1.34428e-10	0.0247804
1.34478e-10	0.0247972
1.34528e-10	0.0248119
1.34579e-10	0.0248245
1.34629e-10	0.0248351
1.34679e-10	0.0248437
1.34729e-10	0.0248503
1.34779e-10	0.024855
1.34829e-10	0.0248577
1.3488e-10	0.0248585
1.3493e-10	0.0248573
1.3498e-10	0.0248543
1.3503e-10	0.0248495
1.3508e-10	0.0248428
1.3513e-10	0.0248343
1.35181e-10	0.024824
1.35231e-10	0.0248119
1.35281e-10	0.0247981
1.35331e-10	0.0247826
1.35381e-10	0.0247653
1.35431e-10	0.0247464
1.35481e-10	0.0247259
1.35532e-10	0.0247036
1.35582e-10	0.0246798
1.35632e-10	0.0246544
1.35682e-10	0.0246274
1.35732e-10	0.0245988
1.35782e-10	0.0245688
1.35833e-10	0.0245372
1.35883e-10	0.0245041
1.35933e-10	0.0244695
1.35983e-10	0.0244335
1.36033e-10	0.0243961
1.36083e-10	0.0243572
1.36134e-10	0.0243169
1.36184e-10	0.0242753
1.36234e-10	0.0242324
1.36284e-10	0.0241881
1.36334e-10	0.0241424
1.36384e-10	0.0240955
1.36434e-10	0.0240474
1.36485e-10	0.0239979
1.36535e-10	0.0239472
1.36585e-10	0.0238954
1.36635e-10	0.0238423
1.36685e-10	0.023788
1.36735e-10	0.0237326
1.36786e-10	0.023676
1.36836e-10	0.0236183
1.36886e-10	0.0235595
1.36936e-10	0.0234996
1.36986e-10	0.0234387
1.37036e-10	0.0233767
1.37087e-10	0.0233136
1.37137e-10	0.0232496
1.37187e-10	0.0231845
1.37237e-10	0.0231185
1.37287e-10	0.0230515
1.37337e-10	0.0229835
1.37388e-10	0.0229146
1.37438e-10	0.0228449
1.37488e-10	0.0227742
1.37538e-10	0.0227026
1.37588e-10	0.0226302
1.37638e-10	0.0225569
1.37688e-10	0.0224828
1.37739e-10	0.0224079
1.37789e-10	0.0223321
1.37839e-10	0.0222556
1.37889e-10	0.0221784
1.37939e-10	0.0221004
1.37989e-10	0.0220216
1.3804e-10	0.0219421
1.3809e-10	0.0218619
1.3814e-10	0.0217811
1.3819e-10	0.0216995
1.3824e-10	0.0216173
1.3829e-10	0.0215345
1.38341e-10	0.021451
1.38391e-10	0.0213669
1.38441e-10	0.0212822
1.38491e-10	0.021197
1.38541e-10	0.0211111
1.38591e-10	0.0210247
1.38642e-10	0.0209378
1.38692e-10	0.0208503
1.38742e-10	0.0207623
1.38792e-10	0.0206738
1.38842e-10	0.0205848
1.38892e-10	0.0204953
1.38942e-10	0.0204054
1.38993e-10	0.0203151
1.39043e-10	0.0202242
1.39093e-10	0.020133
1.39143e-10	0.0200414
1.39193e-10	0.0199493
1.39243e-10	0.0198569
1.39294e-10	0.0197641
1.39344e-10	0.019671
1.39394e-10	0.0195775
1.39444e-10	0.0194836
1.39494e-10	0.0193895
1.39544e-10	0.019295
1.39595e-10	0.0192002
1.39645e-10	0.0191051
1.39695e-10	0.0190098
1.39745e-10	0.0189142
1.39795e-10	0.0188183
1.39845e-10	0.0187222
1.39896e-10	0.0186259
1.39946e-10	0.0185293
1.39996e-10	0.0184326
1.40046e-10	0.0183356
1.40096e-10	0.0182384
1.40146e-10	0.0181411
1.40196e-10	0.0180436
1.40247e-10	0.017946
1.40297e-10	0.0178481
1.40347e-10	0.0177502
1.40397e-10	0.0176521
1.40447e-10	0.0175539
1.40497e-10	0.0174556
1.40548e-10	0.0173572
1.40598e-10	0.0172588
1.40648e-10	0.0171602
1.40698e-10	0.0170616
1.40748e-10	0.0169629
1.40798e-10	0.0168641
1.40849e-10	0.0167653
1.40899e-10	0.0166665
1.40949e-10	0.0165676
1.40999e-10	0.0164688
1.41049e-10	0.0163699
1.41099e-10	0.016271
1.4115e-10	0.0161721
1.412e-10	0.0160733
1.4125e-10	0.0159745
1.413e-10	0.0158757
1.4135e-10	0.0157769
1.414e-10	0.0156782
1.4145e-10	0.0155795
1.41501e-10	0.015481
1.41551e-10	0.0153824
1.41601e-10	0.015284
1.41651e-10	0.0151857
1.41701e-10	0.0150874
1.41751e-10	0.0149892
1.41802e-10	0.0148912
1.41852e-10	0.0147933
1.41902e-10	0.0146954
1.41952e-10	0.0145978
1.42002e-10	0.0145002
1.42052e-10	0.0144028
1.42103e-10	0.0143055
1.42153e-10	0.0142084
1.42203e-10	0.0141115
1.42253e-10	0.0140147
1.42303e-10	0.0139181
1.42353e-10	0.0138216
1.42404e-10	0.0137254
1.42454e-10	0.0136293
1.42504e-10	0.0135335
1.42554e-10	0.0134378
1.42604e-10	0.0133424
1.42654e-10	0.0132471
1.42704e-10	0.0131521
1.42755e-10	0.0130573
1.42805e-10	0.0129627
1.42855e-10	0.0128684
1.42905e-10	0.0127743
1.42955e-10	0.0126804
1.43005e-10	0.0125868
1.43056e-10	0.0124934
1.43106e-10	0.0124003
1.43156e-10	0.0123075
1.43206e-10	0.0122149
1.43256e-10	0.0121226
1.43306e-10	0.0120306
1.43357e-10	0.0119389
1.43407e-10	0.0118474
1.43457e-10	0.0117562
1.43507e-10	0.0116653
1.43557e-10	0.0115747
1.43607e-10	0.0114845
1.43657e-10	0.0113945
1.43708e-10	0.0113048
1.43758e-10	0.0112154
1.43808e-10	0.0111264
1.43858e-10	0.0110376
1.43908e-10	0.0109492
1.43958e-10	0.0108611
1.44009e-10	0.0107734
1.44059e-10	0.010686
1.44109e-10	0.0105989
1.44159e-10	0.0105121
1.44209e-10	0.0104257
1.44259e-10	0.0103396
1.4431e-10	0.0102539
1.4436e-10	0.0101685
1.4441e-10	0.0100835
1.4446e-10	0.00999881
1.4451e-10	0.00991449
1.4456e-10	0.00983053
1.44611e-10	0.00974694
1.44661e-10	0.00966371
1.44711e-10	0.00958085
1.44761e-10	0.00949835
1.44811e-10	0.00941623
1.44861e-10	0.00933448
1.44911e-10	0.0092531
1.44962e-10	0.0091721
1.45012e-10	0.00909148
1.45062e-10	0.00901125
1.45112e-10	0.00893139
1.45162e-10	0.00885192
1.45212e-10	0.00877284
1.45263e-10	0.00869414
1.45313e-10	0.00861584
1.45363e-10	0.00853792
1.45413e-10	0.0084604
1.45463e-10	0.00838327
1.45513e-10	0.00830654
1.45564e-10	0.00823021
1.45614e-10	0.00815427
1.45664e-10	0.00807873
1.45714e-10	0.0080036
1.45764e-10	0.00792886
1.45814e-10	0.00785453
1.45865e-10	0.0077806
1.45915e-10	0.00770707
1.45965e-10	0.00763396
1.46015e-10	0.00756124
1.46065e-10	0.00748894
1.46115e-10	0.00741704
1.46165e-10	0.00734555
1.46216e-10	0.00727448
1.46266e-10	0.00720381
1.46316e-10	0.00713355
1.46366e-10	0.0070637
1.46416e-10	0.00699427
1.46466e-10	0.00692524
1.46517e-10	0.00685663
1.46567e-10	0.00678843
1.46617e-10	0.00672065
1.46667e-10	0.00665328
1.46717e-10	0.00658632
1.46767e-10	0.00651977
1.46818e-10	0.00645364
1.46868e-10	0.00638793
1.46918e-10	0.00632263
1.46968e-10	0.00625774
1.47018e-10	0.00619326
1.47068e-10	0.0061292
1.47119e-10	0.00606556
1.47169e-10	0.00600233
1.47219e-10	0.00593951
1.47269e-10	0.0058771
1.47319e-10	0.00581511
1.47369e-10	0.00575353
1.47419e-10	0.00569237
1.4747e-10	0.00563161
1.4752e-10	0.00557127
1.4757e-10	0.00551134
1.4762e-10	0.00545182
1.4767e-10	0.00539271
1.4772e-10	0.00533402
1.47771e-10	0.00527573
1.47821e-10	0.00521785
1.47871e-10	0.00516038
1.47921e-10	0.00510331
1.47971e-10	0.00504666
1.48021e-10	0.00499041
1.48072e-10	0.00493456
1.48122e-10	0.00487912
1.48172e-10	0.00482409
1.48222e-10	0.00476946
1.48272e-10	0.00471523
1.48322e-10	0.0046614
1.48373e-10	0.00460797
1.48423e-10	0.00455495
1.48473e-10	0.00450232
1.48523e-10	0.00445009
1.48573e-10	0.00439826
1.48623e-10	0.00434682
1.48673e-10	0.00429578
1.48724e-10	0.00424513
1.48774e-10	0.00419488
1.48824e-10	0.00414502
1.48874e-10	0.00409555
1.48924e-10	0.00404646
1.48974e-10	0.00399777
1.49025e-10	0.00394947
1.49075e-10	0.00390154
1.49125e-10	0.00385401
1.49175e-10	0.00380686
1.49225e-10	0.00376009
1.49275e-10	0.0037137
1.49326e-10	0.00366769
1.49376e-10	0.00362206
1.49426e-10	0.00357681
1.49476e-10	0.00353193
1.49526e-10	0.00348743
1.49576e-10	0.0034433
1.49627e-10	0.00339954
1.49677e-10	0.00335615
1.49727e-10	0.00331314
1.49777e-10	0.00327048
1.49827e-10	0.0032282
1.49877e-10	0.00318628
1.49927e-10	0.00314472
1.49978e-10	0.00310352
1.50028e-10	0.00306269
1.50078e-10	0.00302221
1.50128e-10	0.00298209
1.50178e-10	0.00294232
1.50228e-10	0.00290291
1.50279e-10	0.00286385
1.50329e-10	0.00282514
1.50379e-10	0.00278678
1.50429e-10	0.00274876
1.50479e-10	0.0027111
1.50529e-10	0.00267377
1.5058e-10	0.00263679
1.5063e-10	0.00260015
1.5068e-10	0.00256385
1.5073e-10	0.00252789
1.5078e-10	0.00249226
1.5083e-10	0.00245697
1.5088e-10	0.00242201
1.50931e-10	0.00238738
1.50981e-10	0.00235308
1.51031e-10	0.0023191
1.51081e-10	0.00228545
1.51131e-10	0.00225213
1.51181e-10	0.00221913
1.51232e-10	0.00218645
1.51282e-10	0.00215408
1.51332e-10	0.00212204
1.51382e-10	0.00209031
1.51432e-10	0.00205889
1.51482e-10	0.00202778
1.51533e-10	0.00199699
1.51583e-10	0.0019665
1.51633e-10	0.00193632
1.51683e-10	0.00190644
1.51733e-10	0.00187687
1.51783e-10	0.00184759
1.51834e-10	0.00181862
1.51884e-10	0.00178994
1.51934e-10	0.00176156
1.51984e-10	0.00173347
1.52034e-10	0.00170568
1.52084e-10	0.00167817
1.52134e-10	0.00165095
1.52185e-10	0.00162402
1.52235e-10	0.00159738
1.52285e-10	0.00157101
1.52335e-10	0.00154493
1.52385e-10	0.00151913
1.52435e-10	0.0014936
1.52486e-10	0.00146835
1.52536e-10	0.00144338
1.52586e-10	0.00141867
1.52636e-10	0.00139424
1.52686e-10	0.00137007
1.52736e-10	0.00134617
1.52787e-10	0.00132253
1.52837e-10	0.00129916
1.52887e-10	0.00127605
1.52937e-10	0.0012532
1.52987e-10	0.0012306
1.53037e-10	0.00120826
1.53088e-10	0.00118618
1.53138e-10	0.00116435
1.53188e-10	0.00114276
1.53238e-10	0.00112143
1.53288e-10	0.00110034
1.53338e-10	0.00107949
1.53388e-10	0.00105889
1.53439e-10	0.00103853
1.53489e-10	0.00101841
1.53539e-10	0.000998529
1.53589e-10	0.000978882
1.53639e-10	0.000959468
1.53689e-10	0.000940287
1.5374e-10	0.000921336
1.5379e-10	0.000902614
1.5384e-10	0.000884119
1.5389e-10	0.000865848
1.5394e-10	0.000847801
1.5399e-10	0.000829976
1.54041e-10	0.00081237
1.54091e-10	0.000794983
1.54141e-10	0.000777812
1.54191e-10	0.000760855
1.54241e-10	0.000744111
1.54291e-10	0.000727579
1.54342e-10	0.000711255
1.54392e-10	0.00069514
1.54442e-10	0.00067923
1.54492e-10	0.000663524
1.54542e-10	0.000648022
1.54592e-10	0.000632719
1.54642e-10	0.000617617
1.54693e-10	0.000602711
1.54743e-10	0.000588001
1.54793e-10	0.000573486
1.54843e-10	0.000559162
1.54893e-10	0.00054503
1.54943e-10	0.000531087
1.54994e-10	0.000517331
1.55044e-10	0.00050376
1.55094e-10	0.000490374
1.55144e-10	0.000477171
1.55194e-10	0.000464148
1.55244e-10	0.000451305
1.55295e-10	0.00043864
1.55345e-10	0.00042615
1.55395e-10	0.000413835
1.55445e-10	0.000401693
1.55495e-10	0.000389722
1.55545e-10	0.000377921
1.55596e-10	0.000366287
1.55646e-10	0.000354821
1.55696e-10	0.000343519
1.55746e-10	0.000332381
1.55796e-10	0.000321405
1.55846e-10	0.000310589
1.55896e-10	0.000299932
1.55947e-10	0.000289433
1.55997e-10	0.000279089
1.56047e-10	0.000268899
1.56097e-10	0.000258863
1.56147e-10	0.000248977
1.56197e-10	0.000239242
1.56248e-10	0.000229654
1.56298e-10	0.000220214
1.56348e-10	0.000210919
1.56398e-10	0.000201768
1.56448e-10	0.00019276
1.56498e-10	0.000183893
1.56549e-10	0.000175165
1.56599e-10	0.000166576
1.56649e-10	0.000158123
1.56699e-10	0.000149806
1.56749e-10	0.000141623
1.56799e-10	0.000133573
1.5685e-10	0.000125654
1.569e-10	0.000117864
1.5695e-10	0.000110204
1.57e-10	0.00010267
1.5705e-10	9.52624e-05
1.571e-10	8.79792e-05
1.5715e-10	8.08192e-05
1.57201e-10	7.37809e-05
1.57251e-10	6.68632e-05
1.57301e-10	6.00647e-05
1.57351e-10	5.33842e-05
1.57401e-10	4.68202e-05
1.57451e-10	4.03716e-05
1.57502e-10	3.40371e-05
1.57552e-10	2.78153e-05
1.57602e-10	2.17051e-05
1.57652e-10	1.57053e-05
1.57702e-10	9.81445e-06
1.57752e-10	4.03147e-06
1.57803e-10	-1.6449e-06
1.57853e-10	-7.21588e-06
1.57903e-10	-1.26827e-05
1.57953e-10	-1.80465e-05
1.58003e-10	-2.33085e-05
1.58053e-10	-2.84699e-05
1.58104e-10	-3.35318e-05
1.58154e-10	-3.84954e-05
1.58204e-10	-4.3362e-05
1.58254e-10	-4.81325e-05
1.58304e-10	-5.28082e-05
1.58354e-10	-5.73902e-05
1.58404e-10	-6.18796e-05
1.58455e-10	-6.62775e-05
1.58505e-10	-7.05851e-05
1.58555e-10	-7.48034e-05
1.58605e-10	-7.89335e-05
1.58655e-10	-8.29765e-05
1.58705e-10	-8.69335e-05
1.58756e-10	-9.08055e-05
1.58806e-10	-9.45936e-05
1.58856e-10	-9.82989e-05
1.58906e-10	-0.000101922
1.58956e-10	-0.000105465
1.59006e-10	-0.000108928
1.59057e-10	-0.000112312
1.59107e-10	-0.000115618
1.59157e-10	-0.000118848
1.59207e-10	-0.000122002
1.59257e-10	-0.000125081
1.59307e-10	-0.000128086
1.59357e-10	-0.000131019
1.59408e-10	-0.000133879
1.59458e-10	-0.000136669
1.59508e-10	-0.000139389
1.59558e-10	-0.00014204
1.59608e-10	-0.000144622
1.59658e-10	-0.000147137
1.59709e-10	-0.000149586
1.59759e-10	-0.00015197
1.59809e-10	-0.000154289
1.59859e-10	-0.000156545
1.59909e-10	-0.000158738
1.59959e-10	-0.000160869
1.6001e-10	-0.000162939
1.6006e-10	-0.000164948
1.6011e-10	-0.000166899
1.6016e-10	-0.000168791
1.6021e-10	-0.000170626
1.6026e-10	-0.000172403
1.60311e-10	-0.000174125
1.60361e-10	-0.000175791
1.60411e-10	-0.000177404
1.60461e-10	-0.000178962
1.60511e-10	-0.000180468
1.60561e-10	-0.000181922
1.60611e-10	-0.000183324
1.60662e-10	-0.000184677
1.60712e-10	-0.000185979
1.60762e-10	-0.000187232
1.60812e-10	-0.000188438
1.60862e-10	-0.000189595
1.60912e-10	-0.000190706
1.60963e-10	-0.000191771
1.61013e-10	-0.000192791
1.61063e-10	-0.000193766
1.61113e-10	-0.000194697
1.61163e-10	-0.000195585
1.61213e-10	-0.000196431
1.61264e-10	-0.000197234
1.61314e-10	-0.000197997
1.61364e-10	-0.000198719
1.61414e-10	-0.000199401
1.61464e-10	-0.000200044
1.61514e-10	-0.000200648
1.61565e-10	-0.000201215
1.61615e-10	-0.000201744
1.61665e-10	-0.000202236
1.61715e-10	-0.000202693
1.61765e-10	-0.000203114
1.61815e-10	-0.0002035
1.61865e-10	-0.000203852
1.61916e-10	-0.00020417
1.61966e-10	-0.000204456
1.62016e-10	-0.000204709
1.62066e-10	-0.00020493
1.62116e-10	-0.000205119
1.62166e-10	-0.000205278
1.62217e-10	-0.000205407
1.62267e-10	-0.000205506
1.62317e-10	-0.000205576
1.62367e-10	-0.000205618
1.62417e-10	-0.000205631
1.62467e-10	-0.000205617
1.62518e-10	-0.000205576
1.62568e-10	-0.000205508
1.62618e-10	-0.000205414
1.62668e-10	-0.000205295
1.62718e-10	-0.000205151
1.62768e-10	-0.000204982
1.62819e-10	-0.00020479
1.62869e-10	-0.000204573
1.62919e-10	-0.000204334
1.62969e-10	-0.000204072
1.63019e-10	-0.000203788
1.63069e-10	-0.000203483
1.63119e-10	-0.000203156
1.6317e-10	-0.000202808
1.6322e-10	-0.00020244
1.6327e-10	-0.000202052
1.6332e-10	-0.000201644
1.6337e-10	-0.000201218
1.6342e-10	-0.000200773
1.63471e-10	-0.000200309
1.63521e-10	-0.000199828
1.63571e-10	-0.000199329
1.63621e-10	-0.000198813
1.63671e-10	-0.000198281
1.63721e-10	-0.000197732
1.63772e-10	-0.000197168
1.63822e-10	-0.000196588
1.63872e-10	-0.000195992
1.63922e-10	-0.000195382
1.63972e-10	-0.000194758
1.64022e-10	-0.00019412
1.64073e-10	-0.000193468
1.64123e-10	-0.000192802
1.64173e-10	-0.000192124
1.64223e-10	-0.000191432
1.64273e-10	-0.000190729
1.64323e-10	-0.000190014
1.64373e-10	-0.000189286
1.64424e-10	-0.000188548
1.64474e-10	-0.000187798
1.64524e-10	-0.000187038
1.64574e-10	-0.000186267
1.64624e-10	-0.000185487
1.64674e-10	-0.000184696
1.64725e-10	-0.000183896
1.64775e-10	-0.000183086
1.64825e-10	-0.000182268
1.64875e-10	-0.000181441
1.64925e-10	-0.000180606
1.64975e-10	-0.000179762
1.65026e-10	-0.000178911
1.65076e-10	-0.000178052
1.65126e-10	-0.000177186
1.65176e-10	-0.000176312
1.65226e-10	-0.000175432
1.65276e-10	-0.000174545
1.65327e-10	-0.000173652
1.65377e-10	-0.000172753
1.65427e-10	-0.000171848
1.65477e-10	-0.000170938
1.65527e-10	-0.000170022
1.65577e-10	-0.000169101
1.65627e-10	-0.000168175
1.65678e-10	-0.000167244
1.65728e-10	-0.000166309
1.65778e-10	-0.000165369
1.65828e-10	-0.000164426
1.65878e-10	-0.000163479
1.65928e-10	-0.000162528
1.65979e-10	-0.000161573
1.66029e-10	-0.000160616
1.66079e-10	-0.000159655
1.66129e-10	-0.000158691
1.66179e-10	-0.000157725
1.66229e-10	-0.000156756
1.6628e-10	-0.000155785
1.6633e-10	-0.000154812
1.6638e-10	-0.000153837
1.6643e-10	-0.00015286
1.6648e-10	-0.000151882
1.6653e-10	-0.000150901
1.6658e-10	-0.00014992
1.66631e-10	-0.000148938
1.66681e-10	-0.000147954
1.66731e-10	-0.00014697
1.66781e-10	-0.000145985
1.66831e-10	-0.000145
1.66881e-10	-0.000144014
1.66932e-10	-0.000143028
1.66982e-10	-0.000142042
1.67032e-10	-0.000141056
1.67082e-10	-0.00014007
1.67132e-10	-0.000139084
1.67182e-10	-0.000138099
1.67233e-10	-0.000137114
1.67283e-10	-0.000136131
1.67333e-10	-0.000135147
1.67383e-10	-0.000134165
1.67433e-10	-0.000133184
1.67483e-10	-0.000132204
1.67534e-10	-0.000131226
1.67584e-10	-0.000130248
1.67634e-10	-0.000129273
1.67684e-10	-0.000128299
1.67734e-10	-0.000127326
1.67784e-10	-0.000126355
1.67834e-10	-0.000125387
1.67885e-10	-0.00012442
1.67935e-10	-0.000123455
1.67985e-10	-0.000122493
1.68035e-10	-0.000121533
1.68085e-10	-0.000120575
1.68135e-10	-0.00011962
1.68186e-10	-0.000118667
1.68236e-10	-0.000117717
1.68286e-10	-0.00011677
1.68336e-10	-0.000115825
1.68386e-10	-0.000114883
1.68436e-10	-0.000113944
1.68487e-10	-0.000113009
