2.50799e-14	-0.000112909
7.52396e-14	-0.000113844
1.25399e-13	-0.000114783
1.75559e-13	-0.000115724
2.25719e-13	-0.000116669
2.75879e-13	-0.000117616
3.26038e-13	-0.000118566
3.76198e-13	-0.000119518
4.26358e-13	-0.000120473
4.76518e-13	-0.000121431
5.26677e-13	-0.00012239
5.76837e-13	-0.000123353
6.26997e-13	-0.000124317
6.77156e-13	-0.000125284
7.27316e-13	-0.000126252
7.77476e-13	-0.000127222
8.27636e-13	-0.000128195
8.77795e-13	-0.000129169
9.27955e-13	-0.000130144
9.78115e-13	-0.000131121
1.02827e-12	-0.0001321
1.07843e-12	-0.00013308
1.12859e-12	-0.000134061
1.17875e-12	-0.000135043
1.22891e-12	-0.000136026
1.27907e-12	-0.000137009
1.32923e-12	-0.000137994
1.37939e-12	-0.000138979
1.42955e-12	-0.000139965
1.47971e-12	-0.00014095
1.52987e-12	-0.000141937
1.58003e-12	-0.000142923
1.63019e-12	-0.000143909
1.68035e-12	-0.000144895
1.73051e-12	-0.00014588
1.78067e-12	-0.000146865
1.83083e-12	-0.000147849
1.88099e-12	-0.000148833
1.93115e-12	-0.000149815
1.98131e-12	-0.000150797
2.03147e-12	-0.000151777
2.08163e-12	-0.000152756
2.13179e-12	-0.000153733
2.18195e-12	-0.000154708
2.23211e-12	-0.000155682
2.28227e-12	-0.000156653
2.33243e-12	-0.000157622
2.38259e-12	-0.000158588
2.43275e-12	-0.000159552
2.48291e-12	-0.000160513
2.53307e-12	-0.000161471
2.58323e-12	-0.000162426
2.63339e-12	-0.000163377
2.68355e-12	-0.000164325
2.73371e-12	-0.000165269
2.78387e-12	-0.000166209
2.83403e-12	-0.000167144
2.88419e-12	-0.000168076
2.93434e-12	-0.000169002
2.9845e-12	-0.000169924
3.03466e-12	-0.00017084
3.08482e-12	-0.000171751
3.13498e-12	-0.000172657
3.18514e-12	-0.000173557
3.2353e-12	-0.00017445
3.28546e-12	-0.000175338
3.33562e-12	-0.000176219
3.38578e-12	-0.000177093
3.43594e-12	-0.00017796
3.4861e-12	-0.00017882
3.53626e-12	-0.000179672
3.58642e-12	-0.000180516
3.63658e-12	-0.000181352
3.68674e-12	-0.00018218
3.7369e-12	-0.000183
3.78706e-12	-0.00018381
3.83722e-12	-0.000184611
3.88738e-12	-0.000185403
3.93754e-12	-0.000186185
3.9877e-12	-0.000186956
4.03786e-12	-0.000187718
4.08802e-12	-0.000188468
4.13818e-12	-0.000189208
4.18834e-12	-0.000189937
4.2385e-12	-0.000190653
4.28866e-12	-0.000191358
4.33882e-12	-0.00019205
4.38898e-12	-0.00019273
4.43914e-12	-0.000193397
4.4893e-12	-0.000194051
4.53946e-12	-0.000194691
4.58962e-12	-0.000195316
4.63978e-12	-0.000195928
4.68994e-12	-0.000196525
4.7401e-12	-0.000197106
4.79026e-12	-0.000197673
4.84041e-12	-0.000198223
4.89057e-12	-0.000198757
4.94073e-12	-0.000199275
4.99089e-12	-0.000199775
5.04105e-12	-0.000200259
5.09121e-12	-0.000200724
5.14137e-12	-0.000201171
5.19153e-12	-0.0002016
5.24169e-12	-0.000202009
5.29185e-12	-0.000202399
5.34201e-12	-0.00020277
5.39217e-12	-0.00020312
5.44233e-12	-0.000203449
5.49249e-12	-0.000203757
5.54265e-12	-0.000204043
5.59281e-12	-0.000204307
5.64297e-12	-0.000204549
5.69313e-12	-0.000204768
5.74329e-12	-0.000204963
5.79345e-12	-0.000205134
5.84361e-12	-0.000205281
5.89377e-12	-0.000205403
5.94393e-12	-0.000205499
5.99409e-12	-0.00020557
6.04425e-12	-0.000205614
6.09441e-12	-0.000205631
6.14457e-12	-0.00020562
6.19473e-12	-0.000205582
6.24489e-12	-0.000205515
6.29505e-12	-0.000205419
6.34521e-12	-0.000205294
6.39537e-12	-0.000205138
6.44553e-12	-0.000204951
6.49569e-12	-0.000204734
6.54585e-12	-0.000204484
6.59601e-12	-0.000204202
6.64617e-12	-0.000203888
6.69633e-12	-0.000203539
6.74649e-12	-0.000203157
6.79664e-12	-0.000202739
6.8468e-12	-0.000202287
6.89696e-12	-0.000201798
6.94712e-12	-0.000201273
6.99728e-12	-0.00020071
7.04744e-12	-0.00020011
7.0976e-12	-0.000199471
7.14776e-12	-0.000198793
7.19792e-12	-0.000198076
7.24808e-12	-0.000197318
7.29824e-12	-0.000196519
7.3484e-12	-0.000195678
7.39856e-12	-0.000194794
7.44872e-12	-0.000193868
7.49888e-12	-0.000192897
7.54904e-12	-0.000191882
7.5992e-12	-0.000190822
7.64936e-12	-0.000189716
7.69952e-12	-0.000188563
7.74968e-12	-0.000187363
7.79984e-12	-0.000186115
7.85e-12	-0.000184818
7.90016e-12	-0.000183471
7.95032e-12	-0.000182074
8.00048e-12	-0.000180626
8.05064e-12	-0.000179125
8.1008e-12	-0.000177572
8.15096e-12	-0.000175966
8.20112e-12	-0.000174305
8.25128e-12	-0.000172589
8.30144e-12	-0.000170818
8.3516e-12	-0.000168989
8.40176e-12	-0.000167104
8.45192e-12	-0.000165159
8.50208e-12	-0.000163156
8.55224e-12	-0.000161092
8.6024e-12	-0.000158968
8.65256e-12	-0.000156782
8.70271e-12	-0.000154533
8.75287e-12	-0.000152221
8.80303e-12	-0.000149844
8.85319e-12	-0.000147402
8.90335e-12	-0.000144894
8.95351e-12	-0.000142318
9.00367e-12	-0.000139675
9.05383e-12	-0.000136963
9.10399e-12	-0.00013418
9.15415e-12	-0.000131327
9.20431e-12	-0.000128403
9.25447e-12	-0.000125405
9.30463e-12	-0.000122334
9.35479e-12	-0.000119188
9.40495e-12	-0.000115967
9.45511e-12	-0.000112668
9.50527e-12	-0.000109293
9.55543e-12	-0.000105838
9.60559e-12	-0.000102304
9.65575e-12	-9.86893e-05
9.70591e-12	-9.49928e-05
9.75607e-12	-9.12136e-05
9.80623e-12	-8.73506e-05
9.85639e-12	-8.34027e-05
9.90655e-12	-7.93689e-05
9.95671e-12	-7.52482e-05
1.00069e-11	-7.10393e-05
1.0057e-11	-6.67413e-05
1.01072e-11	-6.23531e-05
1.01573e-11	-5.78735e-05
1.02075e-11	-5.33014e-05
1.02577e-11	-4.86358e-05
1.03078e-11	-4.38754e-05
1.0358e-11	-3.90192e-05
1.04081e-11	-3.4066e-05
1.04583e-11	-2.90146e-05
1.05085e-11	-2.38639e-05
1.05586e-11	-1.86126e-05
1.06088e-11	-1.32598e-05
1.06589e-11	-7.80401e-06
1.07091e-11	-2.24421e-06
1.07593e-11	3.42087e-06
1.08094e-11	9.19242e-06
1.08596e-11	1.50717e-05
1.09097e-11	2.10599e-05
1.09599e-11	2.71582e-05
1.10101e-11	3.3368e-05
1.10602e-11	3.96904e-05
1.11104e-11	4.61268e-05
1.11605e-11	5.26784e-05
1.12107e-11	5.93465e-05
1.12609e-11	6.61323e-05
1.1311e-11	7.30372e-05
1.13612e-11	8.00626e-05
1.14113e-11	8.72096e-05
1.14615e-11	9.44796e-05
1.15117e-11	0.000101874
1.15618e-11	0.000109394
1.1612e-11	0.000117041
1.16621e-11	0.000124817
1.17123e-11	0.000132722
1.17625e-11	0.000140758
1.18126e-11	0.000148927
1.18628e-11	0.00015723
1.19129e-11	0.000165668
1.19631e-11	0.000174242
1.20133e-11	0.000182955
1.20634e-11	0.000191807
1.21136e-11	0.000200801
1.21637e-11	0.000209936
1.22139e-11	0.000219216
1.22641e-11	0.00022864
1.23142e-11	0.000238212
1.23644e-11	0.000247932
1.24145e-11	0.000257801
1.24647e-11	0.000267821
1.25149e-11	0.000277995
1.2565e-11	0.000288322
1.26152e-11	0.000298805
1.26653e-11	0.000309445
1.27155e-11	0.000320244
1.27657e-11	0.000331203
1.28158e-11	0.000342323
1.2866e-11	0.000353607
1.29161e-11	0.000365056
1.29663e-11	0.000376672
1.30165e-11	0.000388455
1.30666e-11	0.000400408
1.31168e-11	0.000412531
1.31669e-11	0.000424828
1.32171e-11	0.000437299
1.32673e-11	0.000449946
1.33174e-11	0.00046277
1.33676e-11	0.000475773
1.34177e-11	0.000488957
1.34679e-11	0.000502324
1.35181e-11	0.000515874
1.35682e-11	0.00052961
1.36184e-11	0.000543533
1.36685e-11	0.000557646
1.37187e-11	0.000571948
1.37688e-11	0.000586444
1.3819e-11	0.000601133
1.38692e-11	0.000616017
1.39193e-11	0.000631099
1.39695e-11	0.00064638
1.40196e-11	0.000661861
1.40698e-11	0.000677545
1.412e-11	0.000693433
1.41701e-11	0.000709526
1.42203e-11	0.000725827
1.42704e-11	0.000742338
1.43206e-11	0.000759059
1.43708e-11	0.000775993
1.44209e-11	0.000793141
1.44711e-11	0.000810505
1.45212e-11	0.000828087
1.45714e-11	0.000845889
1.46216e-11	0.000863913
1.46717e-11	0.000882159
1.47219e-11	0.00090063
1.4772e-11	0.000919328
1.48222e-11	0.000938254
1.48724e-11	0.000957411
1.49225e-11	0.0009768
1.49727e-11	0.000996422
1.50228e-11	0.00101628
1.5073e-11	0.00103637
1.51232e-11	0.00105671
1.51733e-11	0.00107728
1.52235e-11	0.0010981
1.52736e-11	0.00111916
1.53238e-11	0.00114047
1.5374e-11	0.00116203
1.54241e-11	0.00118384
1.54743e-11	0.0012059
1.55244e-11	0.00122821
1.55746e-11	0.00125078
1.56248e-11	0.0012736
1.56749e-11	0.00129668
1.57251e-11	0.00132003
1.57752e-11	0.00134364
1.58254e-11	0.00136751
1.58756e-11	0.00139164
1.59257e-11	0.00141605
1.59759e-11	0.00144073
1.6026e-11	0.00146567
1.60762e-11	0.0014909
1.61264e-11	0.00151639
1.61765e-11	0.00154217
1.62267e-11	0.00156822
1.62768e-11	0.00159455
1.6327e-11	0.00162117
1.63772e-11	0.00164807
1.64273e-11	0.00167525
1.64775e-11	0.00170273
1.65276e-11	0.00173049
1.65778e-11	0.00175855
1.6628e-11	0.0017869
1.66781e-11	0.00181555
1.67283e-11	0.00184449
1.67784e-11	0.00187373
1.68286e-11	0.00190327
1.68788e-11	0.00193312
1.69289e-11	0.00196327
1.69791e-11	0.00199372
1.70292e-11	0.00202448
1.70794e-11	0.00205556
1.71296e-11	0.00208694
1.71797e-11	0.00211864
1.72299e-11	0.00215065
1.728e-11	0.00218298
1.73302e-11	0.00221563
1.73804e-11	0.00224859
1.74305e-11	0.00228188
1.74807e-11	0.0023155
1.75308e-11	0.00234944
1.7581e-11	0.0023837
1.76311e-11	0.0024183
1.76813e-11	0.00245322
1.77315e-11	0.00248848
1.77816e-11	0.00252407
1.78318e-11	0.00256
1.78819e-11	0.00259626
1.79321e-11	0.00263287
1.79823e-11	0.00266981
1.80324e-11	0.0027071
1.80826e-11	0.00274473
1.81327e-11	0.00278271
1.81829e-11	0.00282103
1.82331e-11	0.0028597
1.82832e-11	0.00289872
1.83334e-11	0.0029381
1.83835e-11	0.00297783
1.84337e-11	0.00301791
1.84839e-11	0.00305835
1.8534e-11	0.00309915
1.85842e-11	0.00314031
1.86343e-11	0.00318183
1.86845e-11	0.00322371
1.87347e-11	0.00326596
1.87848e-11	0.00330857
1.8835e-11	0.00335155
1.88851e-11	0.0033949
1.89353e-11	0.00343861
1.89855e-11	0.0034827
1.90356e-11	0.00352717
1.90858e-11	0.003572
1.91359e-11	0.00361722
1.91861e-11	0.00366281
1.92363e-11	0.00370877
1.92864e-11	0.00375512
1.93366e-11	0.00380185
1.93867e-11	0.00384896
1.94369e-11	0.00389646
1.94871e-11	0.00394433
1.95372e-11	0.0039926
1.95874e-11	0.00404125
1.96375e-11	0.00409029
1.96877e-11	0.00413972
1.97379e-11	0.00418954
1.9788e-11	0.00423975
1.98382e-11	0.00429036
1.98883e-11	0.00434136
1.99385e-11	0.00439275
1.99887e-11	0.00444454
2.00388e-11	0.00449673
2.0089e-11	0.00454931
2.01391e-11	0.0046023
2.01893e-11	0.00465568
2.02395e-11	0.00470947
2.02896e-11	0.00476365
2.03398e-11	0.00481824
2.03899e-11	0.00487323
2.04401e-11	0.00492863
2.04903e-11	0.00498443
2.05404e-11	0.00504064
2.05906e-11	0.00509725
2.06407e-11	0.00515427
2.06909e-11	0.0052117
2.07411e-11	0.00526953
2.07912e-11	0.00532778
2.08414e-11	0.00538643
2.08915e-11	0.0054455
2.09417e-11	0.00550497
2.09919e-11	0.00556486
2.1042e-11	0.00562516
2.10922e-11	0.00568587
2.11423e-11	0.00574699
2.11925e-11	0.00580852
2.12427e-11	0.00587047
2.12928e-11	0.00593283
2.1343e-11	0.00599561
2.13931e-11	0.00605879
2.14433e-11	0.0061224
2.14934e-11	0.00618641
2.15436e-11	0.00625084
2.15938e-11	0.00631568
2.16439e-11	0.00638094
2.16941e-11	0.00644661
2.17442e-11	0.0065127
2.17944e-11	0.0065792
2.18446e-11	0.00664611
2.18947e-11	0.00671344
2.19449e-11	0.00678118
2.1995e-11	0.00684934
2.20452e-11	0.0069179
2.20954e-11	0.00698688
2.21455e-11	0.00705627
2.21957e-11	0.00712608
2.22458e-11	0.00719629
2.2296e-11	0.00726692
2.23462e-11	0.00733795
2.23963e-11	0.0074094
2.24465e-11	0.00748125
2.24966e-11	0.00755351
2.25468e-11	0.00762618
2.2597e-11	0.00769926
2.26471e-11	0.00777274
2.26973e-11	0.00784662
2.27474e-11	0.00792091
2.27976e-11	0.0079956
2.28478e-11	0.0080707
2.28979e-11	0.00814619
2.29481e-11	0.00822209
2.29982e-11	0.00829838
2.30484e-11	0.00837507
2.30986e-11	0.00845215
2.31487e-11	0.00852963
2.31989e-11	0.00860751
2.3249e-11	0.00868577
2.32992e-11	0.00876442
2.33494e-11	0.00884347
2.33995e-11	0.0089229
2.34497e-11	0.00900271
2.34998e-11	0.00908291
2.355e-11	0.00916348
2.36002e-11	0.00924444
2.36503e-11	0.00932578
2.37005e-11	0.00940749
2.37506e-11	0.00948957
2.38008e-11	0.00957203
2.3851e-11	0.00965485
2.39011e-11	0.00973804
2.39513e-11	0.0098216
2.40014e-11	0.00990552
2.40516e-11	0.00998979
2.41018e-11	0.0100744
2.41519e-11	0.0101594
2.42021e-11	0.0102448
2.42522e-11	0.0103304
2.43024e-11	0.0104165
2.43526e-11	0.0105029
2.44027e-11	0.0105896
2.44529e-11	0.0106766
2.4503e-11	0.010764
2.45532e-11	0.0108518
2.46034e-11	0.0109398
2.46535e-11	0.0110282
2.47037e-11	0.0111169
2.47538e-11	0.0112059
2.4804e-11	0.0112952
2.48542e-11	0.0113849
2.49043e-11	0.0114748
2.49545e-11	0.0115651
2.50046e-11	0.0116557
2.50548e-11	0.0117465
2.5105e-11	0.0118377
2.51551e-11	0.0119291
2.52053e-11	0.0120208
2.52554e-11	0.0121128
2.53056e-11	0.0122051
2.53557e-11	0.0122976
2.54059e-11	0.0123904
2.54561e-11	0.0124835
2.55062e-11	0.0125768
2.55564e-11	0.0126704
2.56065e-11	0.0127643
2.56567e-11	0.0128583
2.57069e-11	0.0129526
2.5757e-11	0.0130472
2.58072e-11	0.013142
2.58573e-11	0.013237
2.59075e-11	0.0133322
2.59577e-11	0.0134276
2.60078e-11	0.0135233
2.6058e-11	0.0136191
2.61081e-11	0.0137151
2.61583e-11	0.0138114
2.62085e-11	0.0139078
2.62586e-11	0.0140044
2.63088e-11	0.0141011
2.63589e-11	0.0141981
2.64091e-11	0.0142952
2.64593e-11	0.0143924
2.65094e-11	0.0144898
2.65596e-11	0.0145873
2.66097e-11	0.014685
2.66599e-11	0.0147828
2.67101e-11	0.0148807
2.67602e-11	0.0149788
2.68104e-11	0.0150769
2.68605e-11	0.0151752
2.69107e-11	0.0152735
2.69609e-11	0.0153719
2.7011e-11	0.0154704
2.70612e-11	0.015569
2.71113e-11	0.0156677
2.71615e-11	0.0157664
2.72117e-11	0.0158651
2.72618e-11	0.0159639
2.7312e-11	0.0160627
2.73621e-11	0.0161616
2.74123e-11	0.0162605
2.74625e-11	0.0163593
2.75126e-11	0.0164582
2.75628e-11	0.0165571
2.76129e-11	0.0166559
2.76631e-11	0.0167548
2.77133e-11	0.0168536
2.77634e-11	0.0169523
2.78136e-11	0.017051
2.78637e-11	0.0171497
2.79139e-11	0.0172482
2.79641e-11	0.0173467
2.80142e-11	0.0174451
2.80644e-11	0.0175435
2.81145e-11	0.0176417
2.81647e-11	0.0177397
2.82149e-11	0.0178377
2.8265e-11	0.0179355
2.83152e-11	0.0180332
2.83653e-11	0.0181307
2.84155e-11	0.0182281
2.84657e-11	0.0183253
2.85158e-11	0.0184222
2.8566e-11	0.018519
2.86161e-11	0.0186156
2.86663e-11	0.018712
2.87165e-11	0.0188081
2.87666e-11	0.018904
2.88168e-11	0.0189996
2.88669e-11	0.019095
2.89171e-11	0.0191901
2.89673e-11	0.0192849
2.90174e-11	0.0193794
2.90676e-11	0.0194736
2.91177e-11	0.0195675
2.91679e-11	0.019661
2.9218e-11	0.0197542
2.92682e-11	0.019847
2.93184e-11	0.0199395
2.93685e-11	0.0200316
2.94187e-11	0.0201233
2.94688e-11	0.0202145
2.9519e-11	0.0203054
2.95692e-11	0.0203958
2.96193e-11	0.0204858
2.96695e-11	0.0205753
2.97196e-11	0.0206643
2.97698e-11	0.0207529
2.982e-11	0.0208409
2.98701e-11	0.0209285
2.99203e-11	0.0210155
2.99704e-11	0.0211019
3.00206e-11	0.0211878
3.00708e-11	0.0212732
3.01209e-11	0.0213579
3.01711e-11	0.0214421
3.02212e-11	0.0215256
3.02714e-11	0.0216085
3.03216e-11	0.0216908
3.03717e-11	0.0217724
3.04219e-11	0.0218534
3.0472e-11	0.0219336
3.05222e-11	0.0220132
3.05724e-11	0.022092
3.06225e-11	0.0221701
3.06727e-11	0.0222474
3.07228e-11	0.022324
3.0773e-11	0.0223998
3.08232e-11	0.0224748
3.08733e-11	0.022549
3.09235e-11	0.0226224
3.09736e-11	0.0226949
3.10238e-11	0.0227666
3.1074e-11	0.0228374
3.11241e-11	0.0229072
3.11743e-11	0.0229762
3.12244e-11	0.0230443
3.12746e-11	0.0231114
3.13248e-11	0.0231775
3.13749e-11	0.0232427
3.14251e-11	0.0233068
3.14752e-11	0.02337
3.15254e-11	0.0234321
3.15756e-11	0.0234932
3.16257e-11	0.0235532
3.16759e-11	0.0236121
3.1726e-11	0.0236699
3.17762e-11	0.0237266
3.18264e-11	0.0237821
3.18765e-11	0.0238365
3.19267e-11	0.0238898
3.19768e-11	0.0239418
3.2027e-11	0.0239926
3.20772e-11	0.0240421
3.21273e-11	0.0240905
3.21775e-11	0.0241375
3.22276e-11	0.0241833
3.22778e-11	0.0242277
3.2328e-11	0.0242708
3.23781e-11	0.0243126
3.24283e-11	0.024353
3.24784e-11	0.024392
3.25286e-11	0.0244296
3.25788e-11	0.0244657
3.26289e-11	0.0245005
3.26791e-11	0.0245337
3.27292e-11	0.0245655
3.27794e-11	0.0245957
3.28296e-11	0.0246244
3.28797e-11	0.0246516
3.29299e-11	0.0246772
3.298e-11	0.0247012
3.30302e-11	0.0247236
3.30803e-11	0.0247443
3.31305e-11	0.0247634
3.31807e-11	0.0247808
3.32308e-11	0.0247965
3.3281e-11	0.0248105
3.33311e-11	0.0248228
3.33813e-11	0.0248333
3.34315e-11	0.0248419
3.34816e-11	0.0248488
3.35318e-11	0.0248539
3.35819e-11	0.0248571
3.36321e-11	0.0248584
3.36823e-11	0.0248579
3.37324e-11	0.0248554
3.37826e-11	0.0248509
3.38327e-11	0.0248445
3.38829e-11	0.0248362
3.39331e-11	0.0248258
3.39832e-11	0.0248133
3.40334e-11	0.0247988
3.40835e-11	0.0247823
3.41337e-11	0.0247636
3.41839e-11	0.0247428
3.4234e-11	0.0247199
3.42842e-11	0.0246947
3.43343e-11	0.0246674
3.43845e-11	0.0246379
3.44347e-11	0.0246061
3.44848e-11	0.024572
3.4535e-11	0.0245357
3.45851e-11	0.024497
3.46353e-11	0.024456
3.46855e-11	0.0244127
3.47356e-11	0.0243669
3.47858e-11	0.0243188
3.48359e-11	0.0242682
3.48861e-11	0.0242151
3.49363e-11	0.0241595
3.49864e-11	0.0241015
3.50366e-11	0.0240409
3.50867e-11	0.0239777
3.51369e-11	0.023912
3.51871e-11	0.0238436
3.52372e-11	0.0237726
3.52874e-11	0.023699
3.53375e-11	0.0236227
3.53877e-11	0.0235436
3.54379e-11	0.0234618
3.5488e-11	0.0233773
3.55382e-11	0.02329
3.55883e-11	0.0231999
3.56385e-11	0.0231069
3.56887e-11	0.0230111
3.57388e-11	0.0229123
3.5789e-11	0.0228107
3.58391e-11	0.0227061
3.58893e-11	0.0225986
3.59395e-11	0.0224881
3.59896e-11	0.0223746
3.60398e-11	0.022258
3.60899e-11	0.0221383
3.61401e-11	0.0220156
3.61903e-11	0.0218898
3.62404e-11	0.0217608
3.62906e-11	0.0216286
3.63407e-11	0.0214932
3.63909e-11	0.0213547
3.64411e-11	0.0212128
3.64912e-11	0.0210677
3.65414e-11	0.0209193
3.65915e-11	0.0207676
3.66417e-11	0.0206125
3.66919e-11	0.0204541
3.6742e-11	0.0202922
3.67922e-11	0.0201269
3.68423e-11	0.0199582
3.68925e-11	0.0197859
3.69426e-11	0.0196102
3.69928e-11	0.0194309
3.7043e-11	0.0192481
3.70931e-11	0.0190617
3.71433e-11	0.0188716
3.71934e-11	0.018678
3.72436e-11	0.0184806
3.72938e-11	0.0182796
3.73439e-11	0.0180749
3.73941e-11	0.0178664
3.74442e-11	0.0176541
3.74944e-11	0.0174381
3.75446e-11	0.0172182
3.75947e-11	0.0169945
3.76449e-11	0.0167669
3.7695e-11	0.0165354
3.77452e-11	0.0163
3.77954e-11	0.0160606
3.78455e-11	0.0158173
3.78957e-11	0.0155699
3.79458e-11	0.0153186
3.7996e-11	0.0150631
3.80462e-11	0.0148036
3.80963e-11	0.01454
3.81465e-11	0.0142723
3.81966e-11	0.0140004
3.82468e-11	0.0137243
3.8297e-11	0.013444
3.83471e-11	0.0131595
3.83973e-11	0.0128707
3.84474e-11	0.0125777
3.84976e-11	0.0122803
3.85478e-11	0.0119786
3.85979e-11	0.0116725
3.86481e-11	0.0113621
3.86982e-11	0.0110473
3.87484e-11	0.010728
3.87986e-11	0.0104042
3.88487e-11	0.010076
3.88989e-11	0.00974329
3.8949e-11	0.00940604
3.89992e-11	0.00906422
3.90494e-11	0.00871783
3.90995e-11	0.00836684
3.91497e-11	0.00801121
3.91998e-11	0.00765094
3.925e-11	0.00728599
3.93002e-11	0.00691634
3.93503e-11	0.00654197
3.94005e-11	0.00616285
3.94506e-11	0.00577897
3.95008e-11	0.00539029
3.9551e-11	0.00499679
3.96011e-11	0.00459846
3.96513e-11	0.00419526
3.97014e-11	0.00378718
3.97516e-11	0.00337419
3.98018e-11	0.00295627
3.98519e-11	0.0025334
3.99021e-11	0.00210556
3.99522e-11	0.00167272
4.00024e-11	0.00123487
4.00526e-11	0.00079197
4.01027e-11	0.000344012
4.01529e-11	-0.000109027
4.0203e-11	-0.00056717
4.02532e-11	-0.00103044
4.03034e-11	-0.00149885
4.03535e-11	-0.00197243
4.04037e-11	-0.0024512
4.04538e-11	-0.00293517
4.0504e-11	-0.00342437
4.05542e-11	-0.00391882
4.06043e-11	-0.00441854
4.06545e-11	-0.00492354
4.07046e-11	-0.00543385
4.07548e-11	-0.00594948
4.08049e-11	-0.00647046
4.08551e-11	-0.0069968
4.09053e-11	-0.00752852
4.09554e-11	-0.00806564
4.10056e-11	-0.00860818
4.10557e-11	-0.00915616
4.11059e-11	-0.00970959
4.11561e-11	-0.0102685
4.12062e-11	-0.0108329
4.12564e-11	-0.0114028
4.13065e-11	-0.0119782
4.13567e-11	-0.0125591
4.14069e-11	-0.0131457
4.1457e-11	-0.0137377
4.15072e-11	-0.0143354
4.15573e-11	-0.0149387
4.16075e-11	-0.0155476
4.16577e-11	-0.0161621
4.17078e-11	-0.0167823
4.1758e-11	-0.0174081
4.18081e-11	-0.0180396
4.18583e-11	-0.0186768
4.19085e-11	-0.0193197
4.19586e-11	-0.0199683
4.20088e-11	-0.0206227
4.20589e-11	-0.0212828
4.21091e-11	-0.0219486
4.21593e-11	-0.0226203
4.22094e-11	-0.0232977
4.22596e-11	-0.0239809
4.23097e-11	-0.0246699
4.23599e-11	-0.0253647
4.24101e-11	-0.0260653
4.24602e-11	-0.0267718
4.25104e-11	-0.0274841
4.25605e-11	-0.0282023
4.26107e-11	-0.0289263
4.26609e-11	-0.0296562
4.2711e-11	-0.030392
4.27612e-11	-0.0311337
4.28113e-11	-0.0318813
4.28615e-11	-0.0326348
4.29117e-11	-0.0333942
4.29618e-11	-0.0341596
4.3012e-11	-0.0349308
4.30621e-11	-0.035708
4.31123e-11	-0.0364912
4.31625e-11	-0.0372803
4.32126e-11	-0.0380753
4.32628e-11	-0.0388763
4.33129e-11	-0.0396833
4.33631e-11	-0.0404962
4.34133e-11	-0.0413151
4.34634e-11	-0.04214
4.35136e-11	-0.0429708
4.35637e-11	-0.0438077
4.36139e-11	-0.0446505
4.36641e-11	-0.0454993
4.37142e-11	-0.0463541
4.37644e-11	-0.0472149
4.38145e-11	-0.0480816
4.38647e-11	-0.0489544
4.39149e-11	-0.0498331
4.3965e-11	-0.0507178
4.40152e-11	-0.0516086
4.40653e-11	-0.0525052
4.41155e-11	-0.0534079
4.41657e-11	-0.0543166
4.42158e-11	-0.0552312
4.4266e-11	-0.0561519
4.43161e-11	-0.0570784
4.43663e-11	-0.058011
4.44165e-11	-0.0589495
4.44666e-11	-0.059894
4.45168e-11	-0.0608444
4.45669e-11	-0.0618008
4.46171e-11	-0.0627631
4.46672e-11	-0.0637314
4.47174e-11	-0.0647056
4.47676e-11	-0.0656857
4.48177e-11	-0.0666717
4.48679e-11	-0.0676637
4.4918e-11	-0.0686615
4.49682e-11	-0.0696652
4.50184e-11	-0.0706748
4.50685e-11	-0.0716902
4.51187e-11	-0.0727115
4.51688e-11	-0.0737387
4.5219e-11	-0.0747717
4.52692e-11	-0.0758105
4.53193e-11	-0.0768551
4.53695e-11	-0.0779055
4.54196e-11	-0.0789617
4.54698e-11	-0.0800236
4.552e-11	-0.0810913
4.55701e-11	-0.0821648
4.56203e-11	-0.0832439
4.56704e-11	-0.0843288
4.57206e-11	-0.0854193
4.57708e-11	-0.0865155
4.58209e-11	-0.0876174
4.58711e-11	-0.0887249
4.59212e-11	-0.089838
4.59714e-11	-0.0909567
4.60216e-11	-0.092081
4.60717e-11	-0.0932108
4.61219e-11	-0.0943462
4.6172e-11	-0.095487
4.62222e-11	-0.0966334
4.62724e-11	-0.0977852
4.63225e-11	-0.0989425
4.63727e-11	-0.100105
4.64228e-11	-0.101273
4.6473e-11	-0.102447
4.65232e-11	-0.103625
4.65733e-11	-0.10481
4.66235e-11	-0.105999
4.66736e-11	-0.107194
4.67238e-11	-0.108394
4.6774e-11	-0.109599
4.68241e-11	-0.110809
4.68743e-11	-0.112024
4.69244e-11	-0.113245
4.69746e-11	-0.114471
4.70248e-11	-0.115701
4.70749e-11	-0.116937
4.71251e-11	-0.118178
4.71752e-11	-0.119423
4.72254e-11	-0.120674
4.72756e-11	-0.121929
4.73257e-11	-0.12319
4.73759e-11	-0.124455
4.7426e-11	-0.125725
4.74762e-11	-0.127
4.75264e-11	-0.128279
4.75765e-11	-0.129563
4.76267e-11	-0.130852
4.76768e-11	-0.132145
4.7727e-11	-0.133443
4.77772e-11	-0.134746
4.78273e-11	-0.136052
4.78775e-11	-0.137364
4.79276e-11	-0.13868
4.79778e-11	-0.14
4.8028e-11	-0.141324
4.80781e-11	-0.142653
4.81283e-11	-0.143985
4.81784e-11	-0.145323
4.82286e-11	-0.146664
4.82788e-11	-0.148009
4.83289e-11	-0.149358
4.83791e-11	-0.150712
4.84292e-11	-0.152069
4.84794e-11	-0.15343
4.85295e-11	-0.154795
4.85797e-11	-0.156164
4.86299e-11	-0.157536
4.868e-11	-0.158912
4.87302e-11	-0.160292
4.87803e-11	-0.161676
4.88305e-11	-0.163063
4.88807e-11	-0.164453
4.89308e-11	-0.165847
4.8981e-11	-0.167244
4.90311e-11	-0.168645
4.90813e-11	-0.170049
4.91315e-11	-0.171456
4.91816e-11	-0.172866
4.92318e-11	-0.174279
4.92819e-11	-0.175695
4.93321e-11	-0.177115
4.93823e-11	-0.178537
4.94324e-11	-0.179962
4.94826e-11	-0.18139
4.95327e-11	-0.18282
4.95829e-11	-0.184254
4.96331e-11	-0.185689
4.96832e-11	-0.187128
4.97334e-11	-0.188569
4.97835e-11	-0.190012
4.98337e-11	-0.191458
4.98839e-11	-0.192905
4.9934e-11	-0.194356
4.99842e-11	-0.195808
5.00343e-11	-0.197262
5.00845e-11	-0.198719
5.01347e-11	-0.200177
5.01848e-11	-0.201637
5.0235e-11	-0.203099
5.02851e-11	-0.204563
5.03353e-11	-0.206028
5.03855e-11	-0.207495
5.04356e-11	-0.208963
5.04858e-11	-0.210433
5.05359e-11	-0.211905
5.05861e-11	-0.213377
5.06363e-11	-0.214851
5.06864e-11	-0.216326
5.07366e-11	-0.217802
5.07867e-11	-0.219279
5.08369e-11	-0.220757
5.08871e-11	-0.222235
5.09372e-11	-0.223715
5.09874e-11	-0.225195
5.10375e-11	-0.226676
5.10877e-11	-0.228157
5.11379e-11	-0.229639
5.1188e-11	-0.231121
5.12382e-11	-0.232603
5.12883e-11	-0.234086
5.13385e-11	-0.235568
5.13887e-11	-0.237051
5.14388e-11	-0.238533
5.1489e-11	-0.240016
5.15391e-11	-0.241498
5.15893e-11	-0.24298
5.16395e-11	-0.244461
5.16896e-11	-0.245942
5.17398e-11	-0.247423
5.17899e-11	-0.248902
5.18401e-11	-0.250381
5.18903e-11	-0.25186
5.19404e-11	-0.253337
5.19906e-11	-0.254813
5.20407e-11	-0.256288
5.20909e-11	-0.257762
5.21411e-11	-0.259234
5.21912e-11	-0.260705
5.22414e-11	-0.262175
5.22915e-11	-0.263643
5.23417e-11	-0.265109
5.23918e-11	-0.266574
5.2442e-11	-0.268036
5.24922e-11	-0.269497
5.25423e-11	-0.270956
5.25925e-11	-0.272412
5.26426e-11	-0.273867
5.26928e-11	-0.275319
5.2743e-11	-0.276768
5.27931e-11	-0.278215
5.28433e-11	-0.279659
5.28934e-11	-0.281101
5.29436e-11	-0.28254
5.29938e-11	-0.283975
5.30439e-11	-0.285408
5.30941e-11	-0.286838
5.31442e-11	-0.288264
5.31944e-11	-0.289687
5.32446e-11	-0.291106
5.32947e-11	-0.292522
5.33449e-11	-0.293935
5.3395e-11	-0.295343
5.34452e-11	-0.296748
5.34954e-11	-0.298148
5.35455e-11	-0.299545
5.35957e-11	-0.300937
5.36458e-11	-0.302325
5.3696e-11	-0.303709
5.37462e-11	-0.305088
5.37963e-11	-0.306463
5.38465e-11	-0.307833
5.38966e-11	-0.309198
5.39468e-11	-0.310558
5.3997e-11	-0.311913
5.40471e-11	-0.313263
5.40973e-11	-0.314608
5.41474e-11	-0.315947
5.41976e-11	-0.317281
5.42478e-11	-0.318609
5.42979e-11	-0.319931
5.43481e-11	-0.321248
5.43982e-11	-0.322559
5.44484e-11	-0.323863
5.44986e-11	-0.325162
5.45487e-11	-0.326454
5.45989e-11	-0.32774
5.4649e-11	-0.32902
5.46992e-11	-0.330293
5.47494e-11	-0.331559
5.47995e-11	-0.332818
5.48497e-11	-0.33407
5.48998e-11	-0.335316
5.495e-11	-0.336554
5.50002e-11	-0.337785
5.50503e-11	-0.339008
5.51005e-11	-0.340224
5.51506e-11	-0.341433
5.52008e-11	-0.342633
5.5251e-11	-0.343826
5.53011e-11	-0.345011
5.53513e-11	-0.346188
5.54014e-11	-0.347356
5.54516e-11	-0.348516
5.55018e-11	-0.349668
5.55519e-11	-0.350811
5.56021e-11	-0.351946
5.56522e-11	-0.353071
5.57024e-11	-0.354188
5.57526e-11	-0.355296
5.58027e-11	-0.356395
5.58529e-11	-0.357484
5.5903e-11	-0.358564
5.59532e-11	-0.359635
5.60034e-11	-0.360696
5.60535e-11	-0.361747
5.61037e-11	-0.362788
5.61538e-11	-0.36382
5.6204e-11	-0.364841
5.62541e-11	-0.365853
5.63043e-11	-0.366853
5.63545e-11	-0.367844
5.64046e-11	-0.368824
5.64548e-11	-0.369793
5.65049e-11	-0.370751
5.65551e-11	-0.371699
5.66053e-11	-0.372636
5.66554e-11	-0.373561
5.67056e-11	-0.374475
5.67557e-11	-0.375378
5.68059e-11	-0.376269
5.68561e-11	-0.377149
5.69062e-11	-0.378017
5.69564e-11	-0.378873
5.70065e-11	-0.379717
5.70567e-11	-0.380549
5.71069e-11	-0.381369
5.7157e-11	-0.382177
5.72072e-11	-0.382972
5.72573e-11	-0.383755
5.73075e-11	-0.384525
5.73577e-11	-0.385282
5.74078e-11	-0.386026
5.7458e-11	-0.386757
5.75081e-11	-0.387476
5.75583e-11	-0.388181
5.76085e-11	-0.388872
5.76586e-11	-0.38955
5.77088e-11	-0.390215
5.77589e-11	-0.390866
5.78091e-11	-0.391503
5.78593e-11	-0.392126
5.79094e-11	-0.392735
5.79596e-11	-0.39333
5.80097e-11	-0.39391
5.80599e-11	-0.394477
5.81101e-11	-0.395029
5.81602e-11	-0.395566
5.82104e-11	-0.396088
5.82605e-11	-0.396596
5.83107e-11	-0.397088
5.83609e-11	-0.397566
5.8411e-11	-0.398028
5.84612e-11	-0.398476
5.85113e-11	-0.398907
5.85615e-11	-0.399324
5.86117e-11	-0.399724
5.86618e-11	-0.400109
5.8712e-11	-0.400479
5.87621e-11	-0.400832
5.88123e-11	-0.401169
5.88625e-11	-0.40149
5.89126e-11	-0.401795
5.89628e-11	-0.402083
5.90129e-11	-0.402355
5.90631e-11	-0.402611
5.91133e-11	-0.402849
5.91634e-11	-0.403071
5.92136e-11	-0.403276
5.92637e-11	-0.403464
5.93139e-11	-0.403635
5.93641e-11	-0.403789
5.94142e-11	-0.403926
5.94644e-11	-0.404045
5.95145e-11	-0.404146
5.95647e-11	-0.40423
5.96149e-11	-0.404297
5.9665e-11	-0.404345
5.97152e-11	-0.404376
5.97653e-11	-0.404389
5.98155e-11	-0.404383
5.98657e-11	-0.404359
5.99158e-11	-0.404317
5.9966e-11	-0.404257
6.00161e-11	-0.404178
6.00663e-11	-0.404081
6.01164e-11	-0.403965
6.01666e-11	-0.40383
6.02168e-11	-0.403677
6.02669e-11	-0.403504
6.03171e-11	-0.403313
6.03672e-11	-0.403102
6.04174e-11	-0.402872
6.04676e-11	-0.402623
6.05177e-11	-0.402354
6.05679e-11	-0.402066
6.0618e-11	-0.401759
6.06682e-11	-0.401432
6.07184e-11	-0.401085
6.07685e-11	-0.400718
6.08187e-11	-0.400331
6.08688e-11	-0.399925
6.0919e-11	-0.399498
6.09692e-11	-0.399052
6.10193e-11	-0.398585
6.10695e-11	-0.398097
6.11196e-11	-0.39759
6.11698e-11	-0.397062
6.122e-11	-0.396513
6.12701e-11	-0.395944
6.13203e-11	-0.395354
6.13704e-11	-0.394744
6.14206e-11	-0.394112
6.14708e-11	-0.39346
6.15209e-11	-0.392787
6.15711e-11	-0.392093
6.16212e-11	-0.391377
6.16714e-11	-0.390641
6.17216e-11	-0.389883
6.17717e-11	-0.389104
6.18219e-11	-0.388304
6.1872e-11	-0.387482
6.19222e-11	-0.386639
6.19724e-11	-0.385774
6.20225e-11	-0.384888
6.20727e-11	-0.38398
6.21228e-11	-0.383051
6.2173e-11	-0.382099
6.22232e-11	-0.381126
6.22733e-11	-0.380131
6.23235e-11	-0.379114
6.23736e-11	-0.378074
6.24238e-11	-0.377013
6.2474e-11	-0.37593
6.25241e-11	-0.374825
6.25743e-11	-0.373697
6.26244e-11	-0.372547
6.26746e-11	-0.371375
6.27248e-11	-0.370181
6.27749e-11	-0.368964
6.28251e-11	-0.367725
6.28752e-11	-0.366464
6.29254e-11	-0.36518
6.29756e-11	-0.363873
6.30257e-11	-0.362544
6.30759e-11	-0.361192
6.3126e-11	-0.359818
6.31762e-11	-0.35842
6.32264e-11	-0.357001
6.32765e-11	-0.355558
6.33267e-11	-0.354093
6.33768e-11	-0.352605
6.3427e-11	-0.351094
6.34772e-11	-0.34956
6.35273e-11	-0.348003
6.35775e-11	-0.346424
6.36276e-11	-0.344821
6.36778e-11	-0.343196
6.3728e-11	-0.341548
6.37781e-11	-0.339876
6.38283e-11	-0.338182
6.38784e-11	-0.336465
6.39286e-11	-0.334724
6.39787e-11	-0.332961
6.40289e-11	-0.331175
6.40791e-11	-0.329365
6.41292e-11	-0.327532
6.41794e-11	-0.325677
6.42295e-11	-0.323798
6.42797e-11	-0.321896
6.43299e-11	-0.319971
6.438e-11	-0.318023
6.44302e-11	-0.316052
6.44803e-11	-0.314058
6.45305e-11	-0.31204
6.45807e-11	-0.31
6.46308e-11	-0.307937
6.4681e-11	-0.30585
6.47311e-11	-0.30374
6.47813e-11	-0.301608
6.48315e-11	-0.299452
6.48816e-11	-0.297273
6.49318e-11	-0.295071
6.49819e-11	-0.292846
6.50321e-11	-0.290598
6.50823e-11	-0.288328
6.51324e-11	-0.286034
6.51826e-11	-0.283717
6.52327e-11	-0.281377
6.52829e-11	-0.279015
6.53331e-11	-0.276629
6.53832e-11	-0.274221
6.54334e-11	-0.27179
6.54835e-11	-0.269336
6.55337e-11	-0.266859
6.55839e-11	-0.26436
6.5634e-11	-0.261838
6.56842e-11	-0.259293
6.57343e-11	-0.256726
6.57845e-11	-0.254136
6.58347e-11	-0.251523
6.58848e-11	-0.248888
6.5935e-11	-0.246231
6.59851e-11	-0.243551
6.60353e-11	-0.240849
6.60855e-11	-0.238124
6.61356e-11	-0.235378
6.61858e-11	-0.232609
6.62359e-11	-0.229817
6.62861e-11	-0.227004
6.63363e-11	-0.224169
6.63864e-11	-0.221311
6.64366e-11	-0.218432
6.64867e-11	-0.215531
6.65369e-11	-0.212608
6.65871e-11	-0.209663
6.66372e-11	-0.206696
6.66874e-11	-0.203708
6.67375e-11	-0.200699
6.67877e-11	-0.197667
6.68379e-11	-0.194615
6.6888e-11	-0.191541
6.69382e-11	-0.188446
6.69883e-11	-0.185329
6.70385e-11	-0.182192
6.70887e-11	-0.179033
6.71388e-11	-0.175853
6.7189e-11	-0.172653
6.72391e-11	-0.169431
6.72893e-11	-0.166189
6.73395e-11	-0.162927
6.73896e-11	-0.159643
6.74398e-11	-0.15634
6.74899e-11	-0.153015
6.75401e-11	-0.149671
6.75903e-11	-0.146306
6.76404e-11	-0.142922
6.76906e-11	-0.139517
6.77407e-11	-0.136093
6.77909e-11	-0.132648
6.7841e-11	-0.129184
6.78912e-11	-0.1257
6.79414e-11	-0.122197
6.79915e-11	-0.118675
6.80417e-11	-0.115133
6.80918e-11	-0.111572
6.8142e-11	-0.107992
6.81922e-11	-0.104392
6.82423e-11	-0.100775
6.82925e-11	-0.0971379
6.83426e-11	-0.0934826
6.83928e-11	-0.0898089
6.8443e-11	-0.0861167
6.84931e-11	-0.0824063
6.85433e-11	-0.0786778
6.85934e-11	-0.0749312
6.86436e-11	-0.0711668
6.86938e-11	-0.0673846
6.87439e-11	-0.0635847
6.87941e-11	-0.0597674
6.88442e-11	-0.0559327
6.88944e-11	-0.0520807
6.89446e-11	-0.0482116
6.89947e-11	-0.0443255
6.90449e-11	-0.0404226
6.9095e-11	-0.036503
6.91452e-11	-0.0325668
6.91954e-11	-0.0286143
6.92455e-11	-0.0246454
6.92957e-11	-0.0206603
6.93458e-11	-0.0166593
6.9396e-11	-0.0126425
6.94462e-11	-0.00860988
6.94963e-11	-0.00456175
6.95465e-11	-0.000498218
6.95966e-11	0.00358057
6.96468e-11	0.00767446
6.9697e-11	0.0117833
6.97471e-11	0.0159069
6.97973e-11	0.0200452
6.98474e-11	0.0241979
6.98976e-11	0.028365
6.99478e-11	0.0325462
6.99979e-11	0.0367414
7.00481e-11	0.0409504
7.00982e-11	0.0451731
7.01484e-11	0.0494093
7.01986e-11	0.0536589
7.02487e-11	0.0579216
7.02989e-11	0.0621973
7.0349e-11	0.0664858
7.03992e-11	0.070787
7.04494e-11	0.0751007
7.04995e-11	0.0794267
7.05497e-11	0.0837648
7.05998e-11	0.0881148
7.065e-11	0.0924766
7.07002e-11	0.0968501
7.07503e-11	0.101235
7.08005e-11	0.105631
7.08506e-11	0.110038
7.09008e-11	0.114456
7.0951e-11	0.118885
7.10011e-11	0.123324
7.10513e-11	0.127773
7.11014e-11	0.132233
7.11516e-11	0.136703
7.12018e-11	0.141182
7.12519e-11	0.145671
7.13021e-11	0.150169
7.13522e-11	0.154676
7.14024e-11	0.159193
7.14526e-11	0.163718
7.15027e-11	0.168251
7.15529e-11	0.172793
7.1603e-11	0.177344
7.16532e-11	0.181902
7.17033e-11	0.186468
7.17535e-11	0.191041
7.18037e-11	0.195622
7.18538e-11	0.20021
7.1904e-11	0.204805
7.19541e-11	0.209407
7.20043e-11	0.214015
7.20545e-11	0.21863
7.21046e-11	0.223251
7.21548e-11	0.227878
7.22049e-11	0.23251
7.22551e-11	0.237148
7.23053e-11	0.241792
7.23554e-11	0.24644
7.24056e-11	0.251093
7.24557e-11	0.255751
7.25059e-11	0.260413
7.25561e-11	0.26508
7.26062e-11	0.269751
7.26564e-11	0.274425
7.27065e-11	0.279103
7.27567e-11	0.283784
7.28069e-11	0.288469
7.2857e-11	0.293156
7.29072e-11	0.297846
7.29573e-11	0.302538
7.30075e-11	0.307233
7.30577e-11	0.31193
7.31078e-11	0.316629
7.3158e-11	0.321329
7.32081e-11	0.32603
7.32583e-11	0.330733
7.33085e-11	0.335437
7.33586e-11	0.340141
7.34088e-11	0.344846
7.34589e-11	0.349551
7.35091e-11	0.354256
7.35593e-11	0.35896
7.36094e-11	0.363665
7.36596e-11	0.368368
7.37097e-11	0.373071
7.37599e-11	0.377772
7.38101e-11	0.382472
7.38602e-11	0.387171
7.39104e-11	0.391868
7.39605e-11	0.396562
7.40107e-11	0.401255
7.40609e-11	0.405944
7.4111e-11	0.410632
7.41612e-11	0.415316
7.42113e-11	0.419996
7.42615e-11	0.424674
7.43117e-11	0.429347
7.43618e-11	0.434017
7.4412e-11	0.438683
7.44621e-11	0.443344
7.45123e-11	0.448
7.45625e-11	0.452652
7.46126e-11	0.457299
7.46628e-11	0.46194
7.47129e-11	0.466575
7.47631e-11	0.471205
7.48133e-11	0.475829
7.48634e-11	0.480447
7.49136e-11	0.485058
7.49637e-11	0.489662
7.50139e-11	0.494259
7.50641e-11	0.498849
7.51142e-11	0.503432
7.51644e-11	0.508007
7.52145e-11	0.512573
7.52647e-11	0.517132
7.53149e-11	0.521683
7.5365e-11	0.526224
7.54152e-11	0.530757
7.54653e-11	0.535281
7.55155e-11	0.539795
7.55656e-11	0.5443
7.56158e-11	0.548795
7.5666e-11	0.55328
7.57161e-11	0.557755
7.57663e-11	0.562219
7.58164e-11	0.566673
7.58666e-11	0.571115
7.59168e-11	0.575546
7.59669e-11	0.579966
7.60171e-11	0.584374
7.60672e-11	0.58877
7.61174e-11	0.593154
7.61676e-11	0.597526
7.62177e-11	0.601885
7.62679e-11	0.606231
7.6318e-11	0.610564
7.63682e-11	0.614884
7.64184e-11	0.61919
7.64685e-11	0.623483
7.65187e-11	0.627761
7.65688e-11	0.632026
7.6619e-11	0.636276
7.66692e-11	0.640511
7.67193e-11	0.644731
7.67695e-11	0.648936
7.68196e-11	0.653126
7.68698e-11	0.6573
7.692e-11	0.661458
7.69701e-11	0.665601
7.70203e-11	0.669727
7.70704e-11	0.673836
7.71206e-11	0.677929
7.71708e-11	0.682005
7.72209e-11	0.686064
7.72711e-11	0.690105
7.73212e-11	0.694129
7.73714e-11	0.698135
7.74216e-11	0.702123
7.74717e-11	0.706093
7.75219e-11	0.710044
7.7572e-11	0.713977
7.76222e-11	0.717891
7.76724e-11	0.721785
7.77225e-11	0.725661
7.77727e-11	0.729516
7.78228e-11	0.733352
7.7873e-11	0.737168
7.79232e-11	0.740964
7.79733e-11	0.74474
7.80235e-11	0.748495
7.80736e-11	0.752229
7.81238e-11	0.755942
7.8174e-11	0.759634
7.82241e-11	0.763304
7.82743e-11	0.766953
7.83244e-11	0.77058
7.83746e-11	0.774185
7.84248e-11	0.777768
7.84749e-11	0.781329
7.85251e-11	0.784867
7.85752e-11	0.788382
7.86254e-11	0.791874
7.86756e-11	0.795342
7.87257e-11	0.798788
7.87759e-11	0.80221
7.8826e-11	0.805608
7.88762e-11	0.808982
7.89264e-11	0.812332
7.89765e-11	0.815657
7.90267e-11	0.818958
7.90768e-11	0.822234
7.9127e-11	0.825486
7.91772e-11	0.828712
7.92273e-11	0.831913
7.92775e-11	0.835089
7.93276e-11	0.838239
7.93778e-11	0.841363
7.94279e-11	0.844461
7.94781e-11	0.847533
7.95283e-11	0.850579
7.95784e-11	0.853598
7.96286e-11	0.856591
7.96787e-11	0.859556
7.97289e-11	0.862495
7.97791e-11	0.865406
7.98292e-11	0.868291
7.98794e-11	0.871147
7.99295e-11	0.873976
7.99797e-11	0.876777
8.00299e-11	0.879551
8.008e-11	0.882296
8.01302e-11	0.885012
8.01803e-11	0.887701
8.02305e-11	0.89036
8.02807e-11	0.892991
8.03308e-11	0.895593
8.0381e-11	0.898166
8.04311e-11	0.90071
8.04813e-11	0.903224
8.05315e-11	0.905709
8.05816e-11	0.908164
8.06318e-11	0.91059
8.06819e-11	0.912985
8.07321e-11	0.915351
8.07823e-11	0.917686
8.08324e-11	0.919991
8.08826e-11	0.922265
8.09327e-11	0.924509
8.09829e-11	0.926723
8.10331e-11	0.928905
8.10832e-11	0.931056
8.11334e-11	0.933177
8.11835e-11	0.935266
8.12337e-11	0.937323
8.12839e-11	0.93935
8.1334e-11	0.941344
8.13842e-11	0.943307
8.14343e-11	0.945239
8.14845e-11	0.947138
8.15347e-11	0.949005
8.15848e-11	0.950841
8.1635e-11	0.952644
8.16851e-11	0.954414
8.17353e-11	0.956152
8.17855e-11	0.957858
8.18356e-11	0.959531
8.18858e-11	0.961171
8.19359e-11	0.962779
8.19861e-11	0.964353
8.20363e-11	0.965895
8.20864e-11	0.967403
8.21366e-11	0.968878
8.21867e-11	0.97032
8.22369e-11	0.971729
8.22871e-11	0.973104
8.23372e-11	0.974445
8.23874e-11	0.975753
8.24375e-11	0.977028
8.24877e-11	0.978268
8.25379e-11	0.979475
8.2588e-11	0.980648
8.26382e-11	0.981787
8.26883e-11	0.982892
8.27385e-11	0.983963
8.27887e-11	0.984999
8.28388e-11	0.986002
8.2889e-11	0.98697
8.29391e-11	0.987904
8.29893e-11	0.988803
8.30395e-11	0.989668
8.30896e-11	0.990499
8.31398e-11	0.991295
8.31899e-11	0.992056
8.32401e-11	0.992783
8.32902e-11	0.993475
8.33404e-11	0.994133
8.33906e-11	0.994755
8.34407e-11	0.995343
8.34909e-11	0.995896
8.3541e-11	0.996415
8.35912e-11	0.996898
8.36414e-11	0.997347
8.36915e-11	0.99776
8.37417e-11	0.998139
8.37918e-11	0.998482
8.3842e-11	0.998791
8.38922e-11	0.999065
8.39423e-11	0.999303
8.39925e-11	0.999507
8.40426e-11	0.999675
8.40928e-11	0.999809
8.4143e-11	0.999907
8.41931e-11	0.99997
8.42433e-11	0.999998
8.42934e-11	0.999991
8.43436e-11	0.99995
8.43938e-11	0.999872
8.44439e-11	0.99976
8.44941e-11	0.999613
8.45442e-11	0.999431
8.45944e-11	0.999213
8.46446e-11	0.998961
8.46947e-11	0.998674
8.47449e-11	0.998351
8.4795e-11	0.997994
8.48452e-11	0.997602
8.48954e-11	0.997174
8.49455e-11	0.996712
8.49957e-11	0.996215
8.50458e-11	0.995683
8.5096e-11	0.995116
8.51462e-11	0.994515
8.51963e-11	0.993878
8.52465e-11	0.993207
8.52966e-11	0.992501
8.53468e-11	0.991761
8.5397e-11	0.990986
8.54471e-11	0.990176
8.54973e-11	0.989332
8.55474e-11	0.988454
8.55976e-11	0.987541
8.56478e-11	0.986593
8.56979e-11	0.985612
8.57481e-11	0.984596
8.57982e-11	0.983546
8.58484e-11	0.982461
8.58986e-11	0.981343
8.59487e-11	0.980191
8.59989e-11	0.979005
8.6049e-11	0.977785
8.60992e-11	0.976531
8.61494e-11	0.975243
8.61995e-11	0.973922
8.62497e-11	0.972567
8.62998e-11	0.971179
8.635e-11	0.969757
8.64002e-11	0.968302
8.64503e-11	0.966814
8.65005e-11	0.965292
8.65506e-11	0.963738
8.66008e-11	0.96215
8.6651e-11	0.96053
8.67011e-11	0.958877
8.67513e-11	0.957191
8.68014e-11	0.955473
8.68516e-11	0.953722
8.69018e-11	0.951938
8.69519e-11	0.950123
8.70021e-11	0.948275
8.70522e-11	0.946395
8.71024e-11	0.944483
8.71525e-11	0.942539
8.72027e-11	0.940564
8.72529e-11	0.938556
8.7303e-11	0.936518
8.73532e-11	0.934448
8.74033e-11	0.932346
8.74535e-11	0.930214
8.75037e-11	0.92805
8.75538e-11	0.925856
8.7604e-11	0.92363
8.76541e-11	0.921374
8.77043e-11	0.919088
8.77545e-11	0.916771
8.78046e-11	0.914424
8.78548e-11	0.912047
8.79049e-11	0.909639
8.79551e-11	0.907202
8.80053e-11	0.904735
8.80554e-11	0.902239
8.81056e-11	0.899713
8.81557e-11	0.897158
8.82059e-11	0.894573
8.82561e-11	0.89196
8.83062e-11	0.889318
8.83564e-11	0.886647
8.84065e-11	0.883947
8.84567e-11	0.881219
8.85069e-11	0.878463
8.8557e-11	0.875679
8.86072e-11	0.872867
8.86573e-11	0.870027
8.87075e-11	0.867159
8.87577e-11	0.864265
8.88078e-11	0.861342
8.8858e-11	0.858393
8.89081e-11	0.855417
8.89583e-11	0.852414
8.90085e-11	0.849384
8.90586e-11	0.846328
8.91088e-11	0.843246
8.91589e-11	0.840137
8.92091e-11	0.837003
8.92593e-11	0.833843
8.93094e-11	0.830657
8.93596e-11	0.827446
8.94097e-11	0.82421
8.94599e-11	0.820949
8.95101e-11	0.817663
8.95602e-11	0.814352
8.96104e-11	0.811017
8.96605e-11	0.807657
8.97107e-11	0.804274
8.97609e-11	0.800866
8.9811e-11	0.797435
8.98612e-11	0.793981
8.99113e-11	0.790503
8.99615e-11	0.787002
9.00117e-11	0.783478
9.00618e-11	0.779931
9.0112e-11	0.776362
9.01621e-11	0.77277
9.02123e-11	0.769156
9.02625e-11	0.765521
9.03126e-11	0.761863
9.03628e-11	0.758184
9.04129e-11	0.754484
9.04631e-11	0.750763
9.05133e-11	0.74702
9.05634e-11	0.743257
9.06136e-11	0.739474
9.06637e-11	0.73567
9.07139e-11	0.731846
9.07641e-11	0.728002
9.08142e-11	0.724139
9.08644e-11	0.720256
9.09145e-11	0.716354
9.09647e-11	0.712432
9.10148e-11	0.708492
9.1065e-11	0.704534
9.11152e-11	0.700557
9.11653e-11	0.696562
9.12155e-11	0.692549
9.12656e-11	0.688518
9.13158e-11	0.68447
9.1366e-11	0.680404
9.14161e-11	0.676322
9.14663e-11	0.672222
9.15164e-11	0.668106
9.15666e-11	0.663973
9.16168e-11	0.659825
9.16669e-11	0.65566
9.17171e-11	0.65148
9.17672e-11	0.647284
9.18174e-11	0.643073
9.18676e-11	0.638847
9.19177e-11	0.634606
9.19679e-11	0.63035
9.2018e-11	0.62608
9.20682e-11	0.621796
9.21184e-11	0.617498
9.21685e-11	0.613187
9.22187e-11	0.608862
9.22688e-11	0.604523
9.2319e-11	0.600172
9.23692e-11	0.595808
9.24193e-11	0.591431
9.24695e-11	0.587043
9.25196e-11	0.582642
9.25698e-11	0.578229
9.262e-11	0.573805
9.26701e-11	0.569369
9.27203e-11	0.564922
9.27704e-11	0.560465
9.28206e-11	0.555996
9.28708e-11	0.551517
9.29209e-11	0.547028
9.29711e-11	0.54253
9.30212e-11	0.538021
9.30714e-11	0.533503
9.31216e-11	0.528975
9.31717e-11	0.524439
9.32219e-11	0.519894
9.3272e-11	0.51534
9.33222e-11	0.510778
9.33724e-11	0.506208
9.34225e-11	0.50163
9.34727e-11	0.497045
9.35228e-11	0.492452
9.3573e-11	0.487852
9.36232e-11	0.483245
9.36733e-11	0.478631
9.37235e-11	0.474011
9.37736e-11	0.469385
9.38238e-11	0.464753
9.3874e-11	0.460115
9.39241e-11	0.455472
9.39743e-11	0.450823
9.40244e-11	0.446169
9.40746e-11	0.441511
9.41248e-11	0.436848
9.41749e-11	0.432181
9.42251e-11	0.42751
9.42752e-11	0.422834
9.43254e-11	0.418156
9.43756e-11	0.413474
9.44257e-11	0.408788
9.44759e-11	0.4041
9.4526e-11	0.399409
9.45762e-11	0.394716
9.46264e-11	0.390021
9.46765e-11	0.385323
9.47267e-11	0.380624
9.47768e-11	0.375923
9.4827e-11	0.371221
9.48771e-11	0.366518
9.49273e-11	0.361814
9.49775e-11	0.35711
9.50276e-11	0.352405
9.50778e-11	0.3477
9.51279e-11	0.342995
9.51781e-11	0.338291
9.52283e-11	0.333587
9.52784e-11	0.328883
9.53286e-11	0.324181
9.53787e-11	0.31948
9.54289e-11	0.31478
9.54791e-11	0.310082
9.55292e-11	0.305386
9.55794e-11	0.300693
9.56295e-11	0.296001
9.56797e-11	0.291312
9.57299e-11	0.286626
9.578e-11	0.281943
9.58302e-11	0.277263
9.58803e-11	0.272586
9.59305e-11	0.267913
9.59807e-11	0.263244
9.60308e-11	0.258579
9.6081e-11	0.253918
9.61311e-11	0.249262
9.61813e-11	0.244611
9.62315e-11	0.239965
9.62816e-11	0.235323
9.63318e-11	0.230688
9.63819e-11	0.226057
9.64321e-11	0.221433
9.64823e-11	0.216814
9.65324e-11	0.212202
9.65826e-11	0.207596
9.66327e-11	0.202997
9.66829e-11	0.198405
9.67331e-11	0.19382
9.67832e-11	0.189241
9.68334e-11	0.184671
9.68835e-11	0.180108
9.69337e-11	0.175553
9.69839e-11	0.171006
9.7034e-11	0.166467
9.70842e-11	0.161937
9.71343e-11	0.157415
9.71845e-11	0.152902
9.72347e-11	0.148399
9.72848e-11	0.143904
9.7335e-11	0.139419
9.73851e-11	0.134943
9.74353e-11	0.130478
9.74855e-11	0.126022
9.75356e-11	0.121577
9.75858e-11	0.117142
9.76359e-11	0.112717
9.76861e-11	0.108303
9.77363e-11	0.103901
9.77864e-11	0.0995089
9.78366e-11	0.0951285
9.78867e-11	0.0907596
9.79369e-11	0.0864024
9.79871e-11	0.0820571
9.80372e-11	0.0777237
9.80874e-11	0.0734025
9.81375e-11	0.0690938
9.81877e-11	0.0647975
9.82379e-11	0.060514
9.8288e-11	0.0562434
9.83382e-11	0.0519859
9.83883e-11	0.0477415
9.84385e-11	0.0435106
9.84887e-11	0.0392933
9.85388e-11	0.0350897
9.8589e-11	0.0308999
9.86391e-11	0.0267243
9.86893e-11	0.0225628
9.87394e-11	0.0184158
9.87896e-11	0.0142832
9.88398e-11	0.0101654
9.88899e-11	0.00606245
9.89401e-11	0.00197448
9.89902e-11	-0.00209832
9.90404e-11	-0.00615581
9.90906e-11	-0.0101978
9.91407e-11	-0.0142243
9.91909e-11	-0.0182349
9.9241e-11	-0.0222297
9.92912e-11	-0.0262084
9.93414e-11	-0.0301708
9.93915e-11	-0.034117
9.94417e-11	-0.0380467
9.94918e-11	-0.0419597
9.9542e-11	-0.045856
9.95922e-11	-0.0497354
9.96423e-11	-0.0535978
9.96925e-11	-0.057443
9.97426e-11	-0.0612709
9.97928e-11	-0.0650814
9.9843e-11	-0.0688743
9.98931e-11	-0.0726495
9.99433e-11	-0.076407
9.99934e-11	-0.0801464
1.00044e-10	-0.0838679
1.00094e-10	-0.0875711
1.00144e-10	-0.091256
1.00194e-10	-0.0949225
1.00244e-10	-0.0985705
1.00294e-10	-0.1022
1.00345e-10	-0.10581
1.00395e-10	-0.109402
1.00445e-10	-0.112975
1.00495e-10	-0.116528
1.00545e-10	-0.120062
1.00595e-10	-0.123577
1.00646e-10	-0.127073
1.00696e-10	-0.130549
1.00746e-10	-0.134005
1.00796e-10	-0.137442
1.00846e-10	-0.140859
1.00896e-10	-0.144255
1.00946e-10	-0.147632
1.00997e-10	-0.150989
1.01047e-10	-0.154325
1.01097e-10	-0.157641
1.01147e-10	-0.160937
1.01197e-10	-0.164212
1.01247e-10	-0.167467
1.01298e-10	-0.170701
1.01348e-10	-0.173914
1.01398e-10	-0.177106
1.01448e-10	-0.180278
1.01498e-10	-0.183428
1.01548e-10	-0.186557
1.01599e-10	-0.189666
1.01649e-10	-0.192752
1.01699e-10	-0.195818
1.01749e-10	-0.198862
1.01799e-10	-0.201885
1.01849e-10	-0.204886
1.019e-10	-0.207866
1.0195e-10	-0.210824
1.02e-10	-0.21376
1.0205e-10	-0.216675
1.021e-10	-0.219567
1.0215e-10	-0.222438
1.022e-10	-0.225287
1.02251e-10	-0.228113
1.02301e-10	-0.230918
1.02351e-10	-0.2337
1.02401e-10	-0.236461
1.02451e-10	-0.239199
1.02501e-10	-0.241914
1.02552e-10	-0.244608
1.02602e-10	-0.247279
1.02652e-10	-0.249927
1.02702e-10	-0.252554
1.02752e-10	-0.255157
1.02802e-10	-0.257738
1.02853e-10	-0.260297
1.02903e-10	-0.262833
1.02953e-10	-0.265346
1.03003e-10	-0.267836
1.03053e-10	-0.270304
1.03103e-10	-0.272749
1.03154e-10	-0.275171
1.03204e-10	-0.27757
1.03254e-10	-0.279947
1.03304e-10	-0.2823
1.03354e-10	-0.284631
1.03404e-10	-0.286939
1.03454e-10	-0.289223
1.03505e-10	-0.291485
1.03555e-10	-0.293724
1.03605e-10	-0.29594
1.03655e-10	-0.298133
1.03705e-10	-0.300302
1.03755e-10	-0.302449
1.03806e-10	-0.304573
1.03856e-10	-0.306673
1.03906e-10	-0.308751
1.03956e-10	-0.310805
1.04006e-10	-0.312837
1.04056e-10	-0.314845
1.04107e-10	-0.31683
1.04157e-10	-0.318792
1.04207e-10	-0.320731
1.04257e-10	-0.322647
1.04307e-10	-0.32454
1.04357e-10	-0.326409
1.04407e-10	-0.328256
1.04458e-10	-0.330079
1.04508e-10	-0.33188
1.04558e-10	-0.333657
1.04608e-10	-0.335412
1.04658e-10	-0.337143
1.04708e-10	-0.338851
1.04759e-10	-0.340537
1.04809e-10	-0.342199
1.04859e-10	-0.343838
1.04909e-10	-0.345454
1.04959e-10	-0.347048
1.05009e-10	-0.348618
1.0506e-10	-0.350166
1.0511e-10	-0.351691
1.0516e-10	-0.353193
1.0521e-10	-0.354672
1.0526e-10	-0.356128
1.0531e-10	-0.357562
1.05361e-10	-0.358973
1.05411e-10	-0.360361
1.05461e-10	-0.361726
1.05511e-10	-0.363069
1.05561e-10	-0.36439
1.05611e-10	-0.365687
1.05661e-10	-0.366962
1.05712e-10	-0.368215
1.05762e-10	-0.369446
1.05812e-10	-0.370654
1.05862e-10	-0.371839
1.05912e-10	-0.373002
1.05962e-10	-0.374143
1.06013e-10	-0.375262
1.06063e-10	-0.376359
1.06113e-10	-0.377433
1.06163e-10	-0.378486
1.06213e-10	-0.379516
1.06263e-10	-0.380525
1.06314e-10	-0.381511
1.06364e-10	-0.382476
1.06414e-10	-0.383419
1.06464e-10	-0.38434
1.06514e-10	-0.385239
1.06564e-10	-0.386117
1.06615e-10	-0.386973
1.06665e-10	-0.387808
1.06715e-10	-0.388621
1.06765e-10	-0.389413
1.06815e-10	-0.390184
1.06865e-10	-0.390933
1.06915e-10	-0.391661
1.06966e-10	-0.392368
1.07016e-10	-0.393054
1.07066e-10	-0.393719
1.07116e-10	-0.394363
1.07166e-10	-0.394986
1.07216e-10	-0.395589
1.07267e-10	-0.39617
1.07317e-10	-0.396731
1.07367e-10	-0.397272
1.07417e-10	-0.397792
1.07467e-10	-0.398291
1.07517e-10	-0.398771
1.07568e-10	-0.39923
1.07618e-10	-0.399668
1.07668e-10	-0.400087
1.07718e-10	-0.400486
1.07768e-10	-0.400865
1.07818e-10	-0.401224
1.07869e-10	-0.401563
1.07919e-10	-0.401882
1.07969e-10	-0.402182
1.08019e-10	-0.402462
1.08069e-10	-0.402723
1.08119e-10	-0.402965
1.08169e-10	-0.403187
1.0822e-10	-0.40339
1.0827e-10	-0.403574
1.0832e-10	-0.403739
1.0837e-10	-0.403886
1.0842e-10	-0.404013
1.0847e-10	-0.404122
1.08521e-10	-0.404212
1.08571e-10	-0.404283
1.08621e-10	-0.404336
1.08671e-10	-0.404371
1.08721e-10	-0.404387
1.08771e-10	-0.404386
1.08822e-10	-0.404366
1.08872e-10	-0.404328
1.08922e-10	-0.404273
1.08972e-10	-0.4042
1.09022e-10	-0.404109
1.09072e-10	-0.404
1.09123e-10	-0.403874
1.09173e-10	-0.403731
1.09223e-10	-0.40357
1.09273e-10	-0.403393
1.09323e-10	-0.403198
1.09373e-10	-0.402986
1.09423e-10	-0.402758
1.09474e-10	-0.402512
1.09524e-10	-0.40225
1.09574e-10	-0.401972
1.09624e-10	-0.401677
1.09674e-10	-0.401366
1.09724e-10	-0.401038
1.09775e-10	-0.400695
1.09825e-10	-0.400335
1.09875e-10	-0.39996
1.09925e-10	-0.399569
1.09975e-10	-0.399162
1.10025e-10	-0.398739
1.10076e-10	-0.398302
1.10126e-10	-0.397848
1.10176e-10	-0.39738
1.10226e-10	-0.396896
1.10276e-10	-0.396398
1.10326e-10	-0.395884
1.10377e-10	-0.395356
1.10427e-10	-0.394813
1.10477e-10	-0.394256
1.10527e-10	-0.393684
1.10577e-10	-0.393097
1.10627e-10	-0.392497
1.10677e-10	-0.391882
1.10728e-10	-0.391254
1.10778e-10	-0.390611
1.10828e-10	-0.389955
1.10878e-10	-0.389285
1.10928e-10	-0.388602
1.10978e-10	-0.387905
1.11029e-10	-0.387195
1.11079e-10	-0.386471
1.11129e-10	-0.385735
1.11179e-10	-0.384985
1.11229e-10	-0.384223
1.11279e-10	-0.383448
1.1133e-10	-0.382661
1.1138e-10	-0.381861
1.1143e-10	-0.381048
1.1148e-10	-0.380223
1.1153e-10	-0.379387
1.1158e-10	-0.378538
1.11631e-10	-0.377677
1.11681e-10	-0.376804
1.11731e-10	-0.37592
1.11781e-10	-0.375024
1.11831e-10	-0.374117
1.11881e-10	-0.373198
1.11931e-10	-0.372268
1.11982e-10	-0.371328
1.12032e-10	-0.370376
1.12082e-10	-0.369413
1.12132e-10	-0.36844
1.12182e-10	-0.367456
1.12232e-10	-0.366461
1.12283e-10	-0.365456
1.12333e-10	-0.364441
1.12383e-10	-0.363415
1.12433e-10	-0.36238
1.12483e-10	-0.361335
1.12533e-10	-0.36028
1.12584e-10	-0.359215
1.12634e-10	-0.358141
1.12684e-10	-0.357057
1.12734e-10	-0.355964
1.12784e-10	-0.354861
1.12834e-10	-0.35375
1.12884e-10	-0.35263
1.12935e-10	-0.3515
1.12985e-10	-0.350363
1.13035e-10	-0.349216
1.13085e-10	-0.348061
1.13135e-10	-0.346897
1.13185e-10	-0.345726
1.13236e-10	-0.344546
1.13286e-10	-0.343358
1.13336e-10	-0.342162
1.13386e-10	-0.340958
1.13436e-10	-0.339747
1.13486e-10	-0.338528
1.13537e-10	-0.337302
1.13587e-10	-0.336068
1.13637e-10	-0.334827
1.13687e-10	-0.333579
1.13737e-10	-0.332324
1.13787e-10	-0.331062
1.13838e-10	-0.329793
1.13888e-10	-0.328517
1.13938e-10	-0.327235
1.13988e-10	-0.325947
1.14038e-10	-0.324652
1.14088e-10	-0.323351
1.14138e-10	-0.322044
1.14189e-10	-0.320731
1.14239e-10	-0.319412
1.14289e-10	-0.318087
1.14339e-10	-0.316757
1.14389e-10	-0.315421
1.14439e-10	-0.314079
1.1449e-10	-0.312733
1.1454e-10	-0.311381
1.1459e-10	-0.310024
1.1464e-10	-0.308661
1.1469e-10	-0.307295
1.1474e-10	-0.305923
1.14791e-10	-0.304546
1.14841e-10	-0.303165
1.14891e-10	-0.30178
1.14941e-10	-0.30039
1.14991e-10	-0.298996
1.15041e-10	-0.297598
1.15092e-10	-0.296196
1.15142e-10	-0.294789
1.15192e-10	-0.293379
1.15242e-10	-0.291966
1.15292e-10	-0.290548
1.15342e-10	-0.289128
1.15392e-10	-0.287703
1.15443e-10	-0.286276
1.15493e-10	-0.284845
1.15543e-10	-0.283411
1.15593e-10	-0.281974
1.15643e-10	-0.280534
1.15693e-10	-0.279092
1.15744e-10	-0.277646
1.15794e-10	-0.276198
1.15844e-10	-0.274748
1.15894e-10	-0.273295
1.15944e-10	-0.27184
1.15994e-10	-0.270382
1.16045e-10	-0.268923
1.16095e-10	-0.267461
1.16145e-10	-0.265998
1.16195e-10	-0.264533
1.16245e-10	-0.263066
1.16295e-10	-0.261597
1.16346e-10	-0.260127
1.16396e-10	-0.258655
1.16446e-10	-0.257182
1.16496e-10	-0.255708
1.16546e-10	-0.254232
1.16596e-10	-0.252756
1.16646e-10	-0.251278
1.16697e-10	-0.2498
1.16747e-10	-0.248321
1.16797e-10	-0.246841
1.16847e-10	-0.24536
1.16897e-10	-0.243879
1.16947e-10	-0.242397
1.16998e-10	-0.240915
1.17048e-10	-0.239433
1.17098e-10	-0.23795
1.17148e-10	-0.236468
1.17198e-10	-0.234985
1.17248e-10	-0.233503
1.17299e-10	-0.23202
1.17349e-10	-0.230538
1.17399e-10	-0.229056
1.17449e-10	-0.227574
1.17499e-10	-0.226093
1.17549e-10	-0.224613
1.176e-10	-0.223133
1.1765e-10	-0.221654
1.177e-10	-0.220175
1.1775e-10	-0.218698
1.178e-10	-0.217221
1.1785e-10	-0.215746
1.179e-10	-0.214271
1.17951e-10	-0.212798
1.18001e-10	-0.211326
1.18051e-10	-0.209855
1.18101e-10	-0.208386
1.18151e-10	-0.206918
1.18201e-10	-0.205451
1.18252e-10	-0.203987
1.18302e-10	-0.202524
1.18352e-10	-0.201062
1.18402e-10	-0.199603
1.18452e-10	-0.198145
1.18502e-10	-0.19669
1.18553e-10	-0.195236
1.18603e-10	-0.193785
1.18653e-10	-0.192336
1.18703e-10	-0.190889
1.18753e-10	-0.189444
1.18803e-10	-0.188002
1.18854e-10	-0.186562
1.18904e-10	-0.185124
1.18954e-10	-0.18369
1.19004e-10	-0.182257
1.19054e-10	-0.180828
1.19104e-10	-0.179401
1.19154e-10	-0.177977
1.19205e-10	-0.176556
1.19255e-10	-0.175138
1.19305e-10	-0.173723
1.19355e-10	-0.172311
1.19405e-10	-0.170902
1.19455e-10	-0.169496
1.19506e-10	-0.168093
1.19556e-10	-0.166694
1.19606e-10	-0.165298
1.19656e-10	-0.163906
1.19706e-10	-0.162517
1.19756e-10	-0.161131
1.19807e-10	-0.159749
1.19857e-10	-0.158371
1.19907e-10	-0.156996
1.19957e-10	-0.155625
1.20007e-10	-0.154258
1.20057e-10	-0.152894
1.20107e-10	-0.151534
1.20158e-10	-0.150179
1.20208e-10	-0.148827
1.20258e-10	-0.147479
1.20308e-10	-0.146136
1.20358e-10	-0.144796
1.20408e-10	-0.143461
1.20459e-10	-0.14213
1.20509e-10	-0.140803
1.20559e-10	-0.13948
1.20609e-10	-0.138161
1.20659e-10	-0.136847
1.20709e-10	-0.135538
1.2076e-10	-0.134233
1.2081e-10	-0.132932
1.2086e-10	-0.131636
1.2091e-10	-0.130344
1.2096e-10	-0.129058
1.2101e-10	-0.127775
1.21061e-10	-0.126498
1.21111e-10	-0.125225
1.21161e-10	-0.123957
1.21211e-10	-0.122694
1.21261e-10	-0.121435
1.21311e-10	-0.120182
1.21361e-10	-0.118933
1.21412e-10	-0.117689
1.21462e-10	-0.11645
1.21512e-10	-0.115217
1.21562e-10	-0.113988
1.21612e-10	-0.112764
1.21662e-10	-0.111546
1.21713e-10	-0.110332
1.21763e-10	-0.109124
1.21813e-10	-0.107921
1.21863e-10	-0.106723
1.21913e-10	-0.105531
1.21963e-10	-0.104343
1.22014e-10	-0.103161
1.22064e-10	-0.101985
1.22114e-10	-0.100813
1.22164e-10	-0.0996472
1.22214e-10	-0.0984867
1.22264e-10	-0.0973315
1.22315e-10	-0.0961818
1.22365e-10	-0.0950376
1.22415e-10	-0.0938989
1.22465e-10	-0.0927657
1.22515e-10	-0.0916381
1.22565e-10	-0.090516
1.22615e-10	-0.0893995
1.22666e-10	-0.0882886
1.22716e-10	-0.0871833
1.22766e-10	-0.0860837
1.22816e-10	-0.0849897
1.22866e-10	-0.0839014
1.22916e-10	-0.0828188
1.22967e-10	-0.0817419
1.23017e-10	-0.0806707
1.23067e-10	-0.0796053
1.23117e-10	-0.0785456
1.23167e-10	-0.0774917
1.23217e-10	-0.0764435
1.23268e-10	-0.0754012
1.23318e-10	-0.0743647
1.23368e-10	-0.073334
1.23418e-10	-0.0723091
1.23468e-10	-0.0712901
1.23518e-10	-0.070277
1.23569e-10	-0.0692697
1.23619e-10	-0.0682683
1.23669e-10	-0.0672728
1.23719e-10	-0.0662832
1.23769e-10	-0.0652995
1.23819e-10	-0.0643217
1.23869e-10	-0.0633499
1.2392e-10	-0.0623839
1.2397e-10	-0.0614239
1.2402e-10	-0.0604699
1.2407e-10	-0.0595218
1.2412e-10	-0.0585797
1.2417e-10	-0.0576435
1.24221e-10	-0.0567133
1.24271e-10	-0.055789
1.24321e-10	-0.0548708
1.24371e-10	-0.0539585
1.24421e-10	-0.0530522
1.24471e-10	-0.0521518
1.24522e-10	-0.0512575
1.24572e-10	-0.0503691
1.24622e-10	-0.0494868
1.24672e-10	-0.0486104
1.24722e-10	-0.04774
1.24772e-10	-0.0468756
1.24823e-10	-0.0460172
1.24873e-10	-0.0451647
1.24923e-10	-0.0443183
1.24973e-10	-0.0434778
1.25023e-10	-0.0426433
1.25073e-10	-0.0418148
1.25123e-10	-0.0409923
1.25174e-10	-0.0401758
1.25224e-10	-0.0393652
1.25274e-10	-0.0385606
1.25324e-10	-0.0377619
1.25374e-10	-0.0369692
1.25424e-10	-0.0361824
1.25475e-10	-0.0354016
1.25525e-10	-0.0346268
1.25575e-10	-0.0338578
1.25625e-10	-0.0330948
1.25675e-10	-0.0323377
1.25725e-10	-0.0315866
1.25776e-10	-0.0308413
1.25826e-10	-0.0301019
1.25876e-10	-0.0293684
1.25926e-10	-0.0286408
1.25976e-10	-0.0279191
1.26026e-10	-0.0272032
1.26077e-10	-0.0264932
1.26127e-10	-0.025789
1.26177e-10	-0.0250907
1.26227e-10	-0.0243982
1.26277e-10	-0.0237114
1.26327e-10	-0.0230305
1.26377e-10	-0.0223554
1.26428e-10	-0.0216861
1.26478e-10	-0.0210225
1.26528e-10	-0.0203646
1.26578e-10	-0.0197125
1.26628e-10	-0.0190662
1.26678e-10	-0.0184255
1.26729e-10	-0.0177905
1.26779e-10	-0.0171613
1.26829e-10	-0.0165377
1.26879e-10	-0.0159197
1.26929e-10	-0.0153074
1.26979e-10	-0.0147007
1.2703e-10	-0.0140997
1.2708e-10	-0.0135042
1.2713e-10	-0.0129143
1.2718e-10	-0.01233
1.2723e-10	-0.0117512
1.2728e-10	-0.011178
1.27331e-10	-0.0106102
1.27381e-10	-0.010048
1.27431e-10	-0.00949126
1.27481e-10	-0.00893997
1.27531e-10	-0.00839414
1.27581e-10	-0.00785373
1.27631e-10	-0.00731874
1.27682e-10	-0.00678913
1.27732e-10	-0.0062649
1.27782e-10	-0.00574603
1.27832e-10	-0.0052325
1.27882e-10	-0.00472428
1.27932e-10	-0.00422136
1.27983e-10	-0.00372372
1.28033e-10	-0.00323133
1.28083e-10	-0.00274419
1.28133e-10	-0.00226227
1.28183e-10	-0.00178554
1.28233e-10	-0.001314
1.28284e-10	-0.000847612
1.28334e-10	-0.000386362
1.28384e-10	6.9771e-05
1.28434e-10	0.000520809
1.28484e-10	0.000966773
1.28534e-10	0.00140768
1.28584e-10	0.00184357
1.28635e-10	0.00227444
1.28685e-10	0.00270032
1.28735e-10	0.00312124
1.28785e-10	0.00353721
1.28835e-10	0.00394827
1.28885e-10	0.00435443
1.28936e-10	0.00475571
1.28986e-10	0.00515214
1.29036e-10	0.00554374
1.29086e-10	0.00593053
1.29136e-10	0.00631254
1.29186e-10	0.00668978
1.29237e-10	0.0070623
1.29287e-10	0.00743009
1.29337e-10	0.0077932
1.29387e-10	0.00815164
1.29437e-10	0.00850544
1.29487e-10	0.00885462
1.29538e-10	0.00919921
1.29588e-10	0.00953923
1.29638e-10	0.0098747
1.29688e-10	0.0102057
1.29738e-10	0.0105321
1.29788e-10	0.0108541
1.29838e-10	0.0111716
1.29889e-10	0.0114847
1.29939e-10	0.0117934
1.29989e-10	0.0120978
1.30039e-10	0.0123978
1.30089e-10	0.0126934
1.30139e-10	0.0129848
1.3019e-10	0.0132719
1.3024e-10	0.0135548
1.3029e-10	0.0138334
1.3034e-10	0.0141078
1.3039e-10	0.0143781
1.3044e-10	0.0146442
1.30491e-10	0.0149062
1.30541e-10	0.0151641
1.30591e-10	0.0154179
1.30641e-10	0.0156677
1.30691e-10	0.0159135
1.30741e-10	0.0161552
1.30792e-10	0.016393
1.30842e-10	0.0166269
1.30892e-10	0.0168569
1.30942e-10	0.0170829
1.30992e-10	0.0173051
1.31042e-10	0.0175235
1.31092e-10	0.017738
1.31143e-10	0.0179488
1.31193e-10	0.0181558
1.31243e-10	0.0183591
1.31293e-10	0.0185587
1.31343e-10	0.0187546
1.31393e-10	0.0189468
1.31444e-10	0.0191354
1.31494e-10	0.0193204
1.31544e-10	0.0195018
1.31594e-10	0.0196797
1.31644e-10	0.0198541
1.31694e-10	0.0200249
1.31745e-10	0.0201923
1.31795e-10	0.0203563
1.31845e-10	0.0205168
1.31895e-10	0.0206739
1.31945e-10	0.0208277
1.31995e-10	0.0209781
1.32046e-10	0.0211252
1.32096e-10	0.021269
1.32146e-10	0.0214096
1.32196e-10	0.0215469
1.32246e-10	0.021681
1.32296e-10	0.0218119
1.32346e-10	0.0219396
1.32397e-10	0.0220643
1.32447e-10	0.0221858
1.32497e-10	0.0223042
1.32547e-10	0.0224196
1.32597e-10	0.0225319
1.32647e-10	0.0226413
1.32698e-10	0.0227476
1.32748e-10	0.022851
1.32798e-10	0.0229515
1.32848e-10	0.0230491
1.32898e-10	0.0231438
1.32948e-10	0.0232356
1.32999e-10	0.0233247
1.33049e-10	0.0234109
1.33099e-10	0.0234943
1.33149e-10	0.023575
1.33199e-10	0.023653
1.33249e-10	0.0237283
1.333e-10	0.0238009
1.3335e-10	0.0238708
1.334e-10	0.0239382
1.3345e-10	0.0240029
1.335e-10	0.024065
1.3355e-10	0.0241246
1.336e-10	0.0241817
1.33651e-10	0.0242363
1.33701e-10	0.0242884
1.33751e-10	0.024338
1.33801e-10	0.0243852
1.33851e-10	0.02443
1.33901e-10	0.0244725
1.33952e-10	0.0245125
1.34002e-10	0.0245503
1.34052e-10	0.0245857
1.34102e-10	0.0246189
1.34152e-10	0.0246498
1.34202e-10	0.0246784
1.34253e-10	0.0247049
1.34303e-10	0.0247291
1.34353e-10	0.0247512
1.34403e-10	0.0247712
1.34453e-10	0.024789
1.34503e-10	0.0248048
1.34554e-10	0.0248185
1.34604e-10	0.0248301
1.34654e-10	0.0248397
1.34704e-10	0.0248473
1.34754e-10	0.0248529
1.34804e-10	0.0248566
1.34854e-10	0.0248583
1.34905e-10	0.0248581
1.34955e-10	0.0248561
1.35005e-10	0.0248521
1.35055e-10	0.0248463
1.35105e-10	0.0248387
1.35155e-10	0.0248293
1.35206e-10	0.0248182
1.35256e-10	0.0248052
1.35306e-10	0.0247906
1.35356e-10	0.0247742
1.35406e-10	0.0247561
1.35456e-10	0.0247363
1.35507e-10	0.024715
1.35557e-10	0.0246919
1.35607e-10	0.0246673
1.35657e-10	0.0246411
1.35707e-10	0.0246133
1.35757e-10	0.024584
1.35807e-10	0.0245531
1.35858e-10	0.0245208
1.35908e-10	0.024487
1.35958e-10	0.0244517
1.36008e-10	0.024415
1.36058e-10	0.0243768
1.36108e-10	0.0243372
1.36159e-10	0.0242963
1.36209e-10	0.024254
1.36259e-10	0.0242104
1.36309e-10	0.0241654
1.36359e-10	0.0241191
1.36409e-10	0.0240716
1.3646e-10	0.0240228
1.3651e-10	0.0239727
1.3656e-10	0.0239215
1.3661e-10	0.023869
1.3666e-10	0.0238153
1.3671e-10	0.0237604
1.36761e-10	0.0237044
1.36811e-10	0.0236473
1.36861e-10	0.0235891
1.36911e-10	0.0235297
1.36961e-10	0.0234693
1.37011e-10	0.0234078
1.37061e-10	0.0233453
1.37112e-10	0.0232817
1.37162e-10	0.0232172
1.37212e-10	0.0231516
1.37262e-10	0.0230851
1.37312e-10	0.0230176
1.37362e-10	0.0229492
1.37413e-10	0.0228799
1.37463e-10	0.0228096
1.37513e-10	0.0227385
1.37563e-10	0.0226665
1.37613e-10	0.0225936
1.37663e-10	0.0225199
1.37714e-10	0.0224454
1.37764e-10	0.0223701
1.37814e-10	0.022294
1.37864e-10	0.0222171
1.37914e-10	0.0221395
1.37964e-10	0.0220611
1.38015e-10	0.021982
1.38065e-10	0.0219021
1.38115e-10	0.0218216
1.38165e-10	0.0217404
1.38215e-10	0.0216585
1.38265e-10	0.021576
1.38315e-10	0.0214928
1.38366e-10	0.021409
1.38416e-10	0.0213247
1.38466e-10	0.0212397
1.38516e-10	0.0211541
1.38566e-10	0.021068
1.38616e-10	0.0209813
1.38667e-10	0.0208941
1.38717e-10	0.0208064
1.38767e-10	0.0207181
1.38817e-10	0.0206294
1.38867e-10	0.0205401
1.38917e-10	0.0204504
1.38968e-10	0.0203603
1.39018e-10	0.0202697
1.39068e-10	0.0201787
1.39118e-10	0.0200872
1.39168e-10	0.0199954
1.39218e-10	0.0199032
1.39269e-10	0.0198106
1.39319e-10	0.0197176
1.39369e-10	0.0196243
1.39419e-10	0.0195306
1.39469e-10	0.0194366
1.39519e-10	0.0193423
1.39569e-10	0.0192476
1.3962e-10	0.0191527
1.3967e-10	0.0190575
1.3972e-10	0.018962
1.3977e-10	0.0188663
1.3982e-10	0.0187703
1.3987e-10	0.0186741
1.39921e-10	0.0185776
1.39971e-10	0.018481
1.40021e-10	0.0183841
1.40071e-10	0.0182871
1.40121e-10	0.0181898
1.40171e-10	0.0180924
1.40222e-10	0.0179948
1.40272e-10	0.0178971
1.40322e-10	0.0177992
1.40372e-10	0.0177012
1.40422e-10	0.017603
1.40472e-10	0.0175048
1.40523e-10	0.0174065
1.40573e-10	0.017308
1.40623e-10	0.0172095
1.40673e-10	0.0171109
1.40723e-10	0.0170122
1.40773e-10	0.0169135
1.40823e-10	0.0168147
1.40874e-10	0.0167159
1.40924e-10	0.0166171
1.40974e-10	0.0165182
1.41024e-10	0.0164193
1.41074e-10	0.0163204
1.41124e-10	0.0162216
1.41175e-10	0.0161227
1.41225e-10	0.0160239
1.41275e-10	0.015925
1.41325e-10	0.0158263
1.41375e-10	0.0157275
1.41425e-10	0.0156289
1.41476e-10	0.0155302
1.41526e-10	0.0154317
1.41576e-10	0.0153332
1.41626e-10	0.0152348
1.41676e-10	0.0151365
1.41726e-10	0.0150383
1.41777e-10	0.0149402
1.41827e-10	0.0148422
1.41877e-10	0.0147443
1.41927e-10	0.0146466
1.41977e-10	0.014549
1.42027e-10	0.0144515
1.42077e-10	0.0143541
1.42128e-10	0.014257
1.42178e-10	0.0141599
1.42228e-10	0.0140631
1.42278e-10	0.0139664
1.42328e-10	0.0138698
1.42378e-10	0.0137735
1.42429e-10	0.0136773
1.42479e-10	0.0135814
1.42529e-10	0.0134856
1.42579e-10	0.0133901
1.42629e-10	0.0132947
1.42679e-10	0.0131996
1.4273e-10	0.0131047
1.4278e-10	0.01301
1.4283e-10	0.0129155
1.4288e-10	0.0128213
1.4293e-10	0.0127273
1.4298e-10	0.0126336
1.4303e-10	0.0125401
1.43081e-10	0.0124469
1.43131e-10	0.0123539
1.43181e-10	0.0122612
1.43231e-10	0.0121687
1.43281e-10	0.0120766
1.43331e-10	0.0119847
1.43382e-10	0.0118931
1.43432e-10	0.0118018
1.43482e-10	0.0117107
1.43532e-10	0.01162
1.43582e-10	0.0115296
1.43632e-10	0.0114394
1.43683e-10	0.0113496
1.43733e-10	0.0112601
1.43783e-10	0.0111709
1.43833e-10	0.011082
1.43883e-10	0.0109934
1.43933e-10	0.0109051
1.43984e-10	0.0108172
1.44034e-10	0.0107296
1.44084e-10	0.0106424
1.44134e-10	0.0105554
1.44184e-10	0.0104689
1.44234e-10	0.0103826
1.44284e-10	0.0102967
1.44335e-10	0.0102112
1.44385e-10	0.0101259
1.44435e-10	0.0100411
1.44485e-10	0.0099566
1.44535e-10	0.00987247
1.44585e-10	0.00978869
1.44636e-10	0.00970528
1.44686e-10	0.00962223
1.44736e-10	0.00953955
1.44786e-10	0.00945724
1.44836e-10	0.0093753
1.44886e-10	0.00929374
1.44937e-10	0.00921255
1.44987e-10	0.00913175
1.45037e-10	0.00905132
1.45087e-10	0.00897127
1.45137e-10	0.00889161
1.45187e-10	0.00881233
1.45238e-10	0.00873344
1.45288e-10	0.00865494
1.45338e-10	0.00857683
1.45388e-10	0.00849911
1.45438e-10	0.00842179
1.45488e-10	0.00834486
1.45538e-10	0.00826832
1.45589e-10	0.00819219
1.45639e-10	0.00811645
1.45689e-10	0.00804111
1.45739e-10	0.00796618
1.45789e-10	0.00789164
1.45839e-10	0.00781751
1.4589e-10	0.00774379
1.4594e-10	0.00767046
1.4599e-10	0.00759755
1.4604e-10	0.00752504
1.4609e-10	0.00745294
1.4614e-10	0.00738125
1.46191e-10	0.00730996
1.46241e-10	0.00723909
1.46291e-10	0.00716863
1.46341e-10	0.00709857
1.46391e-10	0.00702893
1.46441e-10	0.0069597
1.46492e-10	0.00689089
1.46542e-10	0.00682248
1.46592e-10	0.00675449
1.46642e-10	0.00668691
1.46692e-10	0.00661975
1.46742e-10	0.006553
1.46792e-10	0.00648666
1.46843e-10	0.00642073
1.46893e-10	0.00635523
1.46943e-10	0.00629013
1.46993e-10	0.00622545
1.47043e-10	0.00616118
1.47093e-10	0.00609733
1.47144e-10	0.00603389
1.47194e-10	0.00597087
1.47244e-10	0.00590825
1.47294e-10	0.00584606
1.47344e-10	0.00578427
1.47394e-10	0.0057229
1.47445e-10	0.00566194
1.47495e-10	0.00560139
1.47545e-10	0.00554126
1.47595e-10	0.00548153
1.47645e-10	0.00542222
1.47695e-10	0.00536331
1.47746e-10	0.00530482
1.47796e-10	0.00524674
1.47846e-10	0.00518906
1.47896e-10	0.00513179
1.47946e-10	0.00507493
1.47996e-10	0.00501848
1.48046e-10	0.00496243
1.48097e-10	0.00490679
1.48147e-10	0.00485155
1.48197e-10	0.00479672
1.48247e-10	0.00474229
1.48297e-10	0.00468826
1.48347e-10	0.00463464
1.48398e-10	0.00458141
1.48448e-10	0.00452858
1.48498e-10	0.00447616
1.48548e-10	0.00442412
1.48598e-10	0.00437249
1.48648e-10	0.00432125
1.48699e-10	0.00427041
1.48749e-10	0.00421996
1.48799e-10	0.0041699
1.48849e-10	0.00412023
1.48899e-10	0.00407096
1.48949e-10	0.00402207
1.49e-10	0.00397357
1.4905e-10	0.00392546
1.491e-10	0.00387773
1.4915e-10	0.00383039
1.492e-10	0.00378343
1.4925e-10	0.00373685
1.493e-10	0.00369065
1.49351e-10	0.00364483
1.49401e-10	0.00359939
1.49451e-10	0.00355432
1.49501e-10	0.00350963
1.49551e-10	0.00346532
1.49601e-10	0.00342137
1.49652e-10	0.0033778
1.49702e-10	0.0033346
1.49752e-10	0.00329176
1.49802e-10	0.0032493
1.49852e-10	0.00320719
1.49902e-10	0.00316545
1.49953e-10	0.00312408
1.50003e-10	0.00308306
1.50053e-10	0.0030424
1.50103e-10	0.0030021
1.50153e-10	0.00296216
1.50203e-10	0.00292257
1.50254e-10	0.00288333
1.50304e-10	0.00284445
1.50354e-10	0.00280591
1.50404e-10	0.00276773
1.50454e-10	0.00272989
1.50504e-10	0.00269239
1.50554e-10	0.00265524
1.50605e-10	0.00261843
1.50655e-10	0.00258196
1.50705e-10	0.00254583
1.50755e-10	0.00251003
1.50805e-10	0.00247457
1.50855e-10	0.00243945
1.50906e-10	0.00240465
1.50956e-10	0.00237018
1.51006e-10	0.00233605
1.51056e-10	0.00230224
1.51106e-10	0.00226875
1.51156e-10	0.00223559
1.51207e-10	0.00220275
1.51257e-10	0.00217023
1.51307e-10	0.00213802
1.51357e-10	0.00210613
1.51407e-10	0.00207456
1.51457e-10	0.0020433
1.51507e-10	0.00201235
1.51558e-10	0.00198171
1.51608e-10	0.00195137
1.51658e-10	0.00192134
1.51708e-10	0.00189162
1.51758e-10	0.00186219
1.51808e-10	0.00183307
1.51859e-10	0.00180424
1.51909e-10	0.00177571
1.51959e-10	0.00174748
1.52009e-10	0.00171954
1.52059e-10	0.00169189
1.52109e-10	0.00166453
1.5216e-10	0.00163745
1.5221e-10	0.00161066
1.5226e-10	0.00158416
1.5231e-10	0.00155794
1.5236e-10	0.00153199
1.5241e-10	0.00150633
1.52461e-10	0.00148094
1.52511e-10	0.00145583
1.52561e-10	0.00143099
1.52611e-10	0.00140642
1.52661e-10	0.00138212
1.52711e-10	0.00135809
1.52761e-10	0.00133432
1.52812e-10	0.00131082
1.52862e-10	0.00128757
1.52912e-10	0.00126459
1.52962e-10	0.00124187
1.53012e-10	0.0012194
1.53062e-10	0.00119719
1.53113e-10	0.00117523
1.53163e-10	0.00115352
1.53213e-10	0.00113206
1.53263e-10	0.00111085
1.53313e-10	0.00108989
1.53363e-10	0.00106916
1.53414e-10	0.00104868
1.53464e-10	0.00102844
1.53514e-10	0.00100844
1.53564e-10	0.000988676
1.53614e-10	0.000969146
1.53664e-10	0.000949849
1.53715e-10	0.000930783
1.53765e-10	0.000911947
1.53815e-10	0.000893338
1.53865e-10	0.000874955
1.53915e-10	0.000856797
1.53965e-10	0.000838861
1.54015e-10	0.000821146
1.54066e-10	0.00080365
1.54116e-10	0.00078637
1.54166e-10	0.000769307
1.54216e-10	0.000752457
1.54266e-10	0.000735819
1.54316e-10	0.000719391
1.54367e-10	0.000703172
1.54417e-10	0.000687159
1.54467e-10	0.000671352
1.54517e-10	0.000655748
1.54567e-10	0.000640346
1.54617e-10	0.000625143
1.54668e-10	0.000610139
1.54718e-10	0.000595332
1.54768e-10	0.000580719
1.54818e-10	0.0005663
1.54868e-10	0.000552072
1.54918e-10	0.000538035
1.54969e-10	0.000524185
1.55019e-10	0.000510522
1.55069e-10	0.000497045
1.55119e-10	0.00048375
1.55169e-10	0.000470637
1.55219e-10	0.000457705
1.55269e-10	0.00044495
1.5532e-10	0.000432373
1.5537e-10	0.000419971
1.5542e-10	0.000407742
1.5547e-10	0.000395686
1.5552e-10	0.0003838
1.5557e-10	0.000372083
1.55621e-10	0.000360533
1.55671e-10	0.00034915
1.55721e-10	0.00033793
1.55771e-10	0.000326873
1.55821e-10	0.000315977
1.55871e-10	0.000305241
1.55922e-10	0.000294663
1.55972e-10	0.000284241
1.56022e-10	0.000273975
1.56072e-10	0.000263862
1.56122e-10	0.000253901
1.56172e-10	0.000244091
1.56223e-10	0.00023443
1.56273e-10	0.000224916
1.56323e-10	0.000215549
1.56373e-10	0.000206326
1.56423e-10	0.000197246
1.56473e-10	0.000188309
1.56523e-10	0.000179512
1.56574e-10	0.000170853
1.56624e-10	0.000162333
1.56674e-10	0.000153948
1.56724e-10	0.000145698
1.56774e-10	0.000137581
1.56824e-10	0.000129597
1.56875e-10	0.000121743
1.56925e-10	0.000114018
1.56975e-10	0.000106421
1.57025e-10	9.89507e-05
1.57075e-10	9.16054e-05
1.57125e-10	8.43839e-05
1.57176e-10	7.72849e-05
1.57226e-10	7.03071e-05
1.57276e-10	6.34492e-05
1.57326e-10	5.67098e-05
1.57376e-10	5.00877e-05
1.57426e-10	4.35816e-05
1.57477e-10	3.71901e-05
1.57527e-10	3.09122e-05
1.57577e-10	2.47464e-05
1.57627e-10	1.86915e-05
1.57677e-10	1.27463e-05
1.57727e-10	6.90956e-06
1.57777e-10	1.18003e-06
1.57828e-10	-4.44349e-06
1.57878e-10	-9.96223e-06
1.57928e-10	-1.53774e-05
1.57978e-10	-2.06901e-05
1.58028e-10	-2.59017e-05
1.58078e-10	-3.10132e-05
1.58129e-10	-3.60258e-05
1.58179e-10	-4.09408e-05
1.58229e-10	-4.57592e-05
1.58279e-10	-5.04821e-05
1.58329e-10	-5.51108e-05
1.58379e-10	-5.96464e-05
1.5843e-10	-6.40899e-05
1.5848e-10	-6.84425e-05
1.5853e-10	-7.27053e-05
1.5858e-10	-7.68794e-05
1.5863e-10	-8.09658e-05
1.5868e-10	-8.49657e-05
1.5873e-10	-8.88801e-05
1.58781e-10	-9.271e-05
1.58831e-10	-9.64566e-05
1.58881e-10	-0.000100121
1.58931e-10	-0.000103704
1.58981e-10	-0.000107206
1.59031e-10	-0.00011063
1.59082e-10	-0.000113975
1.59132e-10	-0.000117243
1.59182e-10	-0.000120434
1.59232e-10	-0.000123551
1.59282e-10	-0.000126593
1.59332e-10	-0.000129562
1.59383e-10	-0.000132458
1.59433e-10	-0.000135283
1.59483e-10	-0.000138038
1.59533e-10	-0.000140723
1.59583e-10	-0.000143339
1.59633e-10	-0.000145888
1.59684e-10	-0.00014837
1.59734e-10	-0.000150786
1.59784e-10	-0.000153138
1.59834e-10	-0.000155425
1.59884e-10	-0.000157649
1.59934e-10	-0.000159811
1.59984e-10	-0.000161911
1.60035e-10	-0.000163951
1.60085e-10	-0.000165931
1.60135e-10	-0.000167852
1.60185e-10	-0.000169715
1.60235e-10	-0.000171521
1.60285e-10	-0.000173271
1.60336e-10	-0.000174965
1.60386e-10	-0.000176604
1.60436e-10	-0.00017819
1.60486e-10	-0.000179722
1.60536e-10	-0.000181201
1.60586e-10	-0.000182629
1.60637e-10	-0.000184007
1.60687e-10	-0.000185334
1.60737e-10	-0.000186612
1.60787e-10	-0.000187841
1.60837e-10	-0.000189022
1.60887e-10	-0.000190157
1.60938e-10	-0.000191245
1.60988e-10	-0.000192287
1.61038e-10	-0.000193284
1.61088e-10	-0.000194237
1.61138e-10	-0.000195147
1.61188e-10	-0.000196013
1.61238e-10	-0.000196838
1.61289e-10	-0.000197621
1.61339e-10	-0.000198363
1.61389e-10	-0.000199065
1.61439e-10	-0.000199727
1.61489e-10	-0.000200351
1.61539e-10	-0.000200936
1.6159e-10	-0.000201484
1.6164e-10	-0.000201995
1.6169e-10	-0.000202469
1.6174e-10	-0.000202908
1.6179e-10	-0.000203311
1.6184e-10	-0.00020368
1.61891e-10	-0.000204015
1.61941e-10	-0.000204317
1.61991e-10	-0.000204586
1.62041e-10	-0.000204823
1.62091e-10	-0.000205028
1.62141e-10	-0.000205203
1.62192e-10	-0.000205346
1.62242e-10	-0.00020546
1.62292e-10	-0.000205545
1.62342e-10	-0.0002056
1.62392e-10	-0.000205628
1.62442e-10	-0.000205627
1.62492e-10	-0.000205599
1.62543e-10	-0.000205545
1.62593e-10	-0.000205464
1.62643e-10	-0.000205358
1.62693e-10	-0.000205226
1.62743e-10	-0.00020507
1.62793e-10	-0.000204889
1.62844e-10	-0.000204684
1.62894e-10	-0.000204457
1.62944e-10	-0.000204206
1.62994e-10	-0.000203933
1.63044e-10	-0.000203638
1.63094e-10	-0.000203322
1.63145e-10	-0.000202984
1.63195e-10	-0.000202626
1.63245e-10	-0.000202248
1.63295e-10	-0.000201851
1.63345e-10	-0.000201434
1.63395e-10	-0.000200998
1.63446e-10	-0.000200543
1.63496e-10	-0.000200071
1.63546e-10	-0.000199581
1.63596e-10	-0.000199073
1.63646e-10	-0.000198549
1.63696e-10	-0.000198009
1.63746e-10	-0.000197452
1.63797e-10	-0.00019688
1.63847e-10	-0.000196292
1.63897e-10	-0.000195689
1.63947e-10	-0.000195072
1.63997e-10	-0.000194441
1.64047e-10	-0.000193795
1.64098e-10	-0.000193136
1.64148e-10	-0.000192464
1.64198e-10	-0.00019178
1.64248e-10	-0.000191082
1.64298e-10	-0.000190373
1.64348e-10	-0.000189651
1.64399e-10	-0.000188919
1.64449e-10	-0.000188175
1.64499e-10	-0.00018742
1.64549e-10	-0.000186654
1.64599e-10	-0.000185878
1.64649e-10	-0.000185093
1.647e-10	-0.000184297
1.6475e-10	-0.000183492
1.648e-10	-0.000182678
1.6485e-10	-0.000181856
1.649e-10	-0.000181024
1.6495e-10	-0.000180185
1.65e-10	-0.000179337
1.65051e-10	-0.000178482
1.65101e-10	-0.00017762
1.65151e-10	-0.00017675
1.65201e-10	-0.000175873
1.65251e-10	-0.000174989
1.65301e-10	-0.0001741
1.65352e-10	-0.000173203
1.65402e-10	-0.000172301
1.65452e-10	-0.000171394
1.65502e-10	-0.00017048
1.65552e-10	-0.000169562
1.65602e-10	-0.000168638
1.65653e-10	-0.00016771
1.65703e-10	-0.000166777
1.65753e-10	-0.00016584
1.65803e-10	-0.000164898
1.65853e-10	-0.000163953
1.65903e-10	-0.000163004
1.65954e-10	-0.000162051
1.66004e-10	-0.000161095
1.66054e-10	-0.000160136
1.66104e-10	-0.000159174
1.66154e-10	-0.000158209
1.66204e-10	-0.000157241
1.66254e-10	-0.000156271
1.66305e-10	-0.000155299
1.66355e-10	-0.000154325
1.66405e-10	-0.000153349
1.66455e-10	-0.000152371
1.66505e-10	-0.000151392
1.66555e-10	-0.000150411
1.66606e-10	-0.000149429
1.66656e-10	-0.000148446
1.66706e-10	-0.000147462
1.66756e-10	-0.000146478
1.66806e-10	-0.000145493
1.66856e-10	-0.000144507
1.66907e-10	-0.000143521
1.66957e-10	-0.000142535
1.67007e-10	-0.000141549
1.67057e-10	-0.000140563
1.67107e-10	-0.000139577
1.67157e-10	-0.000138592
1.67207e-10	-0.000137607
1.67258e-10	-0.000136622
1.67308e-10	-0.000135639
1.67358e-10	-0.000134656
1.67408e-10	-0.000133675
1.67458e-10	-0.000132694
1.67508e-10	-0.000131715
1.67559e-10	-0.000130737
1.67609e-10	-0.00012976
1.67659e-10	-0.000128785
1.67709e-10	-0.000127812
1.67759e-10	-0.000126841
1.67809e-10	-0.000125871
1.6786e-10	-0.000124903
1.6791e-10	-0.000123937
1.6796e-10	-0.000122974
1.6801e-10	-0.000122013
1.6806e-10	-0.000121054
1.6811e-10	-0.000120097
1.68161e-10	-0.000119143
1.68211e-10	-0.000118192
1.68261e-10	-0.000117243
1.68311e-10	-0.000116297
1.68361e-10	-0.000115354
1.68411e-10	-0.000114413
1.68461e-10	-0.000113476
1.68512e-10	-0.000112542
