% time-domain voltage integration by openEMS v0.0.36-93-g7b9cd51 @Thu Sep 24 16:03:16 2026
% start-coordinates: (0.0583,0,0.000115268) m -> [75,3,5]
% stop-coordinates: (0.0583,0,0.0021) m -> [75,3,7]
% t/s	voltage
0	-0
3.66166104376e-12	-0
7.32332208752e-12	-0
1.09849831313e-11	-0
1.4646644175e-11	-0
1.83083052188e-11	-0
2.19699662626e-11	-5.78147137471e-36
2.56316273063e-11	-1.16198748727e-31
2.92932883501e-11	-9.57378067597e-29
3.29549493939e-11	-2.27037238455e-26
3.66166104376e-11	-2.14568364166e-24
4.02782714814e-11	-9.97674911188e-23
4.39399325251e-11	-2.64132229448e-21
4.76015935689e-11	-4.44203307551e-20
5.12632546127e-11	-5.15449262283e-19
5.49249156564e-11	-4.40031372371e-18
5.85865767002e-11	-2.90598458814e-17
6.2248237744e-11	-1.54429835951e-16
6.59098987877e-11	-6.81061301398e-16
6.95715598315e-11	-2.55293856242e-15
7.32332208752e-11	-8.28030017193e-15
7.6894881919e-11	-2.35073369258e-14
8.05565429628e-11	-5.86056929304e-14
8.42182040065e-11	-1.27035683947e-13
8.78798650503e-11	-2.30373717065e-13
9.1541526094e-11	-3.05174241183e-13
9.52031871378e-11	-7.94517150164e-14
9.88648481816e-11	1.25812755396e-12
1.02526509225e-10	5.7367425697e-12
1.06188170269e-10	1.78651282136e-11
1.09849831313e-10	4.67750482444e-11
1.13511492357e-10	1.09547771895e-10
1.171731534e-10	2.35888503175e-10
1.20834814444e-10	4.7393226843e-10
1.24496475488e-10	8.96217142166e-10
1.28158136532e-10	1.60363783364e-09
1.31819797575e-10	2.72342953744e-09
1.35481458619e-10	4.39498692995e-09
1.39143119663e-10	6.73471756141e-09
1.42804780707e-10	9.76860792257e-09
1.4646644175e-10	1.3319104486e-08
1.50128102794e-10	1.68323275318e-08
1.53789763838e-10	1.91330618016e-08
1.57451424882e-10	1.80998660504e-08
1.61113085926e-10	1.0262316108e-08
1.64774746969e-10	-9.66332192043e-09
1.68436408013e-10	-4.92627068027e-08
1.72098069057e-10	-1.18873959565e-07
1.75759730101e-10	-2.31910100013e-07
1.79421391144e-10	-4.04938560905e-07
1.83083052188e-10	-6.5738373678e-07
1.86744713232e-10	-1.01071904623e-06
1.90406374276e-10	-1.48702247316e-06
1.94068035319e-10	-2.10682071611e-06
1.97729696363e-10	-2.88618866762e-06
2.01391357407e-10	-3.83315375529e-06
2.05053018451e-10	-4.94355879255e-06
2.08714679494e-10	-6.19658567302e-06
2.12376340538e-10	-7.55029100219e-06
2.16038001582e-10	-8.93757896847e-06
2.19699662626e-10	-1.02631213394e-05
2.23361323669e-10	-1.1401785514e-05
2.27022984713e-10	-1.2199270941e-05
2.30684645757e-10	-1.24753773889e-05
2.34346306801e-10	-1.20304810025e-05
2.38007967845e-10	-1.06553213755e-05
2.41669628888e-10	-8.14393479232e-06
2.45331289932e-10	-4.30919351402e-06
2.48992950976e-10	9.99990561468e-07
2.5265461202e-10	7.88101920079e-06
2.56316273063e-10	1.63609911397e-05
2.59977934107e-10	2.63823476416e-05
2.63639595151e-10	3.77922178814e-05
2.67301256195e-10	5.03364608448e-05
2.70962917238e-10	6.36593758827e-05
2.74624578282e-10	7.7309909102e-05
2.78286239326e-10	9.07549547264e-05
2.8194790037e-10	0.000103400032458
2.85609561413e-10	0.000114617601866
2.89271222457e-10	0.000123781412185
2.92932883501e-10	0.000130305426865
2.96594544545e-10	0.000133684650791
3.00256205588e-10	0.00013353416216
3.03917866632e-10	0.000129621603264
3.07579527676e-10	0.000121891498566
3.1124118872e-10	0.000110478278657
3.14902849764e-10	9.57069369178e-05
3.18564510807e-10	7.80826030677e-05
3.22226171851e-10	5.82698085054e-05
3.25887832895e-10	3.70627758457e-05
3.29549493939e-10	1.53489700097e-05
3.33211154982e-10	-5.93495985868e-06
3.36872816026e-10	-2.58530135397e-05
3.4053447707e-10	-4.35243928223e-05
3.44196138114e-10	-5.81799822612e-05
3.47857799157e-10	-6.92161011102e-05
3.51519460201e-10	-7.62388463045e-05
3.55181121245e-10	-7.90938884165e-05
3.58842782289e-10	-7.7875711213e-05
3.62504443332e-10	-7.29151452106e-05
3.66166104376e-10	-6.47473843856e-05
3.6982776542e-10	-5.40651853953e-05
3.73489426464e-10	-4.166553299e-05
3.77151087507e-10	-2.83963422589e-05
3.80812748551e-10	-1.51074100359e-05
3.84474409595e-10	-2.60731951585e-06
3.88136070639e-10	8.37566813061e-06
3.91797731683e-10	1.72317545548e-05
3.95459392726e-10	2.35078073274e-05
3.9912105377e-10	2.69433685389e-05
4.02782714814e-10	2.7498853342e-05
4.06444375858e-10	2.53674161286e-05
4.10106036901e-10	2.09622598959e-05
4.13767697945e-10	1.48764743244e-05
4.17429358989e-10	7.8181791423e-06
4.21091020033e-10	5.31119972891e-07
4.24752681076e-10	-6.28441921435e-06
4.2841434212e-10	-1.20350816815e-05
4.32076003164e-10	-1.6272359062e-05
4.35737664208e-10	-1.8702595753e-05
4.39399325251e-10	-1.91760163943e-05
4.43060986295e-10	-1.76677285708e-05
4.46722647339e-10	-1.4263068806e-05
4.50384308383e-10	-9.15544455893e-06
4.54045969426e-10	-2.6549849963e-06
4.5770763047e-10	4.80156177218e-06
4.61369291514e-10	1.26549464312e-05
4.65030952558e-10	2.02538949452e-05
4.68692613602e-10	2.69170009233e-05
4.72354274645e-10	3.20181188727e-05
4.76015935689e-10	3.50766613337e-05
4.79677596733e-10	3.58277975465e-05
4.83339257777e-10	3.42521843777e-05
4.8700091882e-10	3.05548619508e-05
4.90662579864e-10	2.51013016168e-05
4.94324240908e-10	1.8331245883e-05
4.97985901952e-10	1.06803515791e-05
5.01647562995e-10	2.53349531931e-06
5.05309224039e-10	-5.77820890157e-06
5.08970885083e-10	-1.39445112382e-05
5.12632546127e-10	-2.16289386117e-05
5.1629420717e-10	-2.84377351818e-05
5.19955868214e-10	-3.39279231412e-05
5.23617529258e-10	-3.76626967409e-05
5.27279190302e-10	-3.93012714994e-05
5.30940851345e-10	-3.86927977161e-05
5.34602512389e-10	-3.59373170795e-05
5.38264173433e-10	-3.13852183353e-05
5.41925834477e-10	-2.55676636698e-05
5.45587495521e-10	-1.90763912542e-05
5.49249156564e-10	-1.24320158648e-05
5.52910817608e-10	-5.98641872784e-06
5.56572478652e-10	1.07425204732e-07
5.60234139696e-10	5.84945905757e-06
5.63895800739e-10	1.12908633128e-05
5.67557461783e-10	1.64195389516e-05
5.71219122827e-10	2.10806119867e-05
5.74880783871e-10	2.49676668318e-05
5.78542444914e-10	2.76925857179e-05
5.82204105958e-10	2.89108261313e-05
5.85865767002e-10	2.84531570287e-05
5.89527428046e-10	2.64104828602e-05
5.93189089089e-10	2.31320477724e-05
5.96850750133e-10	1.91319086298e-05
6.00512411177e-10	1.49341078668e-05
6.04174072221e-10	1.09151606011e-05
6.07835733264e-10	7.20458626802e-06
6.11497394308e-10	3.6839699078e-06
6.15159055352e-10	8.66240412734e-08
6.18820716396e-10	-3.83960934869e-06
6.2248237744e-10	-8.16943384052e-06
6.26144038483e-10	-1.270194889e-05
6.29805699527e-10	-1.69700242623e-05
6.33467360571e-10	-2.0359206701e-05
6.37129021615e-10	-2.22965836656e-05
6.40790682658e-10	-2.24405066547e-05
6.44452343702e-10	-2.07974771911e-05
6.48114004746e-10	-1.77193833224e-05
6.5177566579e-10	-1.37788317716e-05
6.55437326833e-10	-9.57016845859e-06
6.59098987877e-10	-5.51348784938e-06
6.62760648921e-10	-1.73978932594e-06
6.66422309965e-10	1.89886372937e-06
6.70083971008e-10	5.69799544792e-06
6.73745632052e-10	9.90264879874e-06
6.77407293096e-10	1.45216192777e-05
6.8106895414e-10	1.92315474123e-05
6.84730615183e-10	2.34140552493e-05
6.88392276227e-10	2.63210481535e-05
6.92053937271e-10	2.73121104328e-05
6.95715598315e-10	2.60775550487e-05
6.99377259359e-10	2.27611817536e-05
7.03038920402e-10	1.79319486051e-05
7.06700581446e-10	1.2411069747e-05
7.1036224249e-10	7.01838439454e-06
7.14023903534e-10	2.33425407714e-06
7.17685564577e-10	-1.43437242173e-06
7.21347225621e-10	-4.43668841399e-06
7.25008886665e-10	-7.02407692188e-06
7.28670547709e-10	-9.52497930484e-06
7.32332208752e-10	-1.20410782074e-05
7.35993869796e-10	-1.43460579238e-05
7.3965553084e-10	-1.5930490008e-05
7.43317191884e-10	-1.61799002854e-05
7.46978852927e-10	-1.46221507293e-05
7.50640513971e-10	-1.11490019208e-05
7.54302175015e-10	-6.12234441633e-06
7.57963836059e-10	-3.15843145415e-07
7.61625497102e-10	5.29290400664e-06
7.65287158146e-10	9.80468757916e-06
7.6894881919e-10	1.26504610307e-05
7.72610480234e-10	1.37200722747e-05
7.76272141278e-10	1.33272005769e-05
7.79933802321e-10	1.20318293284e-05
7.83595463365e-10	1.03960362594e-05
7.87257124409e-10	8.76542071637e-06
7.90918785453e-10	7.15781300187e-06
7.94580446496e-10	5.29608530542e-06
7.9824210754e-10	2.77195698573e-06
8.01903768584e-10	-7.24786119122e-07
8.05565429628e-10	-5.20089201927e-06
8.09227090671e-10	-1.02663163943e-05
8.12888751715e-10	-1.51957488015e-05
8.16550412759e-10	-1.91293215721e-05
8.20212073803e-10	-2.13359553527e-05
8.23873734846e-10	-2.14391325244e-05
8.2753539589e-10	-1.95199454538e-05
8.31197056934e-10	-1.60659228641e-05
8.34858717978e-10	-1.17923987091e-05
8.38520379021e-10	-7.40850634884e-06
8.42182040065e-10	-3.4109178273e-06
8.45843701109e-10	2.67189665948e-08
8.49505362153e-10	3.03713181893e-06
8.53167023197e-10	5.92764149587e-06
8.5682868424e-10	8.98449889064e-06
8.60490345284e-10	1.2290567156e-05
8.64152006328e-10	1.56304843131e-05
8.67813667372e-10	1.85257345038e-05
8.71475328415e-10	2.03869694815e-05
8.75136989459e-10	2.07220527955e-05
8.78798650503e-10	1.93142718672e-05
8.82460311547e-10	1.63032291312e-05
8.8612197259e-10	1.21443767966e-05
8.89783633634e-10	7.47227522879e-06
8.93445294678e-10	2.92187769446e-06
8.97106955722e-10	-1.0327261748e-06
9.00768616765e-10	-4.17538444708e-06
9.04430277809e-10	-6.55719043152e-06
9.08091938853e-10	-8.4178554971e-06
9.11753599897e-10	-1.00478766853e-05
9.1541526094e-10	-1.16406995403e-05
9.19076921984e-10	-1.31939232233e-05
9.22738583028e-10	-1.44989035107e-05
9.26400244072e-10	-1.52220056862e-05
9.30061905116e-10	-1.50379844399e-05
9.33723566159e-10	-1.3758072555e-05
9.37385227203e-10	-1.14031813609e-05
9.41046888247e-10	-8.20617378849e-06
9.44708549291e-10	-4.55370991403e-06
9.48370210334e-10	-8.95016512459e-07
9.52031871378e-10	2.35864126807e-06
9.55693532422e-10	4.92196022606e-06
9.59355193466e-10	6.69169401135e-06
9.63016854509e-10	7.75074488502e-06
9.66678515553e-10	8.31329930406e-06
9.70340176597e-10	8.62645492816e-06
9.74001837641e-10	8.86669158717e-06
9.77663498684e-10	9.07408957573e-06
9.81325159728e-10	9.14720067158e-06
9.84986820772e-10	8.89279112926e-06
9.88648481816e-10	8.1021639744e-06
9.92310142859e-10	6.62737534185e-06
9.95971803903e-10	4.44074225925e-06
9.99633464947e-10	1.67109260474e-06
1.00329512599e-09	-1.39302647995e-06
1.00695678703e-09	-4.34578578279e-06
1.01061844808e-09	-6.75661135574e-06
1.01428010912e-09	-8.29089299259e-06
1.01794177017e-09	-8.81393066265e-06
1.02160343121e-09	-8.42881786411e-06
1.02526509225e-09	-7.42845566037e-06
1.0289267533e-09	-6.18140438746e-06
1.03258841434e-09	-5.00128260228e-06
1.03625007538e-09	-4.04851175517e-06
1.03991173643e-09	-3.29261320076e-06
1.04357339747e-09	-2.53818575402e-06
1.04723505852e-09	-1.50522078002e-06
1.05089671956e-09	5.3777551301e-08
1.0545583806e-09	2.22823467766e-06
1.05822004165e-09	4.85956888951e-06
1.06188170269e-09	7.53510096274e-06
1.06554336373e-09	9.6900294011e-06
1.06920502478e-09	1.07922228381e-05
1.07286668582e-09	1.05365470517e-05
1.07652834687e-09	8.96281881069e-06
1.08019000791e-09	6.44528131488e-06
1.08385166895e-09	3.56121768164e-06
1.08751333e-09	8.97755143114e-07
1.09117499104e-09	-1.12984085376e-06
1.09483665208e-09	-2.39078764253e-06
1.09849831313e-09	-3.05459406036e-06
1.10215997417e-09	-3.50693733253e-06
1.10582163522e-09	-4.1862707576e-06
1.10948329626e-09	-5.38653000604e-06
1.1131449573e-09	-7.0979932616e-06
1.11680661835e-09	-8.96017877494e-06
1.12046827939e-09	-1.03668016891e-05
1.12412994043e-09	-1.0692333035e-05
1.12779160148e-09	-9.54763845584e-06
1.13145326252e-09	-6.95049880051e-06
1.13511492357e-09	-3.33895093263e-06
1.13877658461e-09	5.71982084807e-07
1.14243824565e-09	4.02271814437e-06
1.1460999067e-09	6.44188276056e-06
1.14976156774e-09	7.60401474054e-06
1.15342322878e-09	7.67213543895e-06
1.15708488983e-09	7.11529844466e-06
1.16074655087e-09	6.52213122976e-06
1.16440821192e-09	6.36410288735e-06
1.16806987296e-09	6.7928841645e-06
1.171731534e-09	7.56098438615e-06
1.17539319505e-09	8.11410836832e-06
1.17905485609e-09	7.82611641625e-06
1.18271651714e-09	6.27576741863e-06
1.18637817818e-09	3.44065307445e-06
1.19003983922e-09	-2.72074196062e-07
1.19370150027e-09	-4.15975034684e-06
1.19736316131e-09	-7.45501881738e-06
1.20102482235e-09	-9.56243752626e-06
1.2046864834e-09	-1.02259982668e-05
1.20834814444e-09	-9.58717237154e-06
1.21200980549e-09	-8.12094594949e-06
1.21567146653e-09	-6.46467844945e-06
1.21933312757e-09	-5.18573142472e-06
1.22299478862e-09	-4.56829980067e-06
1.22665644966e-09	-4.50900120086e-06
1.2303181107e-09	-4.57633552742e-06
1.23397977175e-09	-4.21370316417e-06
1.23764143279e-09	-2.99487038546e-06
1.24130309384e-09	-8.1422975029e-07
1.24496475488e-09	2.0637153284e-06
1.24862641592e-09	5.10013956045e-06
1.25228807697e-09	7.66418054354e-06
1.25594973801e-09	9.2270447567e-06
1.25961139905e-09	9.51087622525e-06
1.2632730601e-09	8.56183851283e-06
1.26693472114e-09	6.73267754792e-06
1.27059638219e-09	4.57204316717e-06
1.27425804323e-09	2.64274098072e-06
1.27791970427e-09	1.3267281247e-06
1.28158136532e-09	6.97304244568e-07
1.28524302636e-09	5.19740439131e-07
1.2889046874e-09	3.81012370099e-07
1.29256634845e-09	-1.15973453063e-07
1.29622800949e-09	-1.18609716537e-06
1.29988967054e-09	-2.78819612731e-06
1.30355133158e-09	-4.65256687221e-06
1.30721299262e-09	-6.37398397885e-06
1.31087465367e-09	-7.52850280605e-06
1.31453631471e-09	-7.78739854468e-06
1.31819797575e-09	-7.01435203609e-06
1.3218596368e-09	-5.32369051598e-06
1.32552129784e-09	-3.06931411842e-06
1.32918295889e-09	-7.46609799762e-07
1.33284461993e-09	1.16803062156e-06
1.33650628097e-09	2.37580189832e-06
1.34016794202e-09	2.83965636072e-06
1.34382960306e-09	2.76221680906e-06
1.3474912641e-09	2.47972548095e-06
1.35115292515e-09	2.3300951284e-06
1.35481458619e-09	2.54422235457e-06
1.35847624724e-09	3.18097050922e-06
1.36213790828e-09	4.10427071529e-06
1.36579956932e-09	5.00431735873e-06
1.36946123037e-09	5.47394790829e-06
1.37312289141e-09	5.14142061547e-06
1.37678455245e-09	3.82505629659e-06
1.3804462135e-09	1.64169577488e-06
1.38410787454e-09	-9.94417945321e-07
1.38776953559e-09	-3.49769197783e-06
1.39143119663e-09	-5.3105063671e-06
1.39509285767e-09	-6.08959055626e-06
1.39875451872e-09	-5.80622406687e-06
1.40241617976e-09	-4.73569480164e-06
1.4060778408e-09	-3.35538277341e-06
1.40973950185e-09	-2.18972803623e-06
1.41340116289e-09	-1.64022151239e-06
1.41706282394e-09	-1.84010963267e-06
1.42072448498e-09	-2.58240663698e-06
1.42438614602e-09	-3.36748024665e-06
1.42804780707e-09	-3.5809460428e-06
1.43170946811e-09	-2.74871825923e-06
1.43537112915e-09	-7.62394321896e-07
1.4390327902e-09	2.0346170686e-06
1.44269445124e-09	4.94817550134e-06
1.44635611229e-09	7.1804770414e-06
1.45001777333e-09	8.11634913589e-06
1.45367943437e-09	7.53628739858e-06
1.45734109542e-09	5.68535585899e-06
1.46100275646e-09	3.18740825378e-06
1.4646644175e-09	8.36901108414e-07
1.46832607855e-09	-6.69416266419e-07
1.47198773959e-09	-9.82327577503e-07
1.47564940064e-09	-2.42239551085e-07
1.47931106168e-09	9.56373895633e-07
1.48297272272e-09	1.79005812129e-06
1.48663438377e-09	1.54698335564e-06
1.49029604481e-09	-5.77547041303e-08
1.49395770585e-09	-2.73506242365e-06
1.4976193669e-09	-5.7131488802e-06
1.50128102794e-09	-8.02754493634e-06
1.50494268899e-09	-8.88480417416e-06
1.50860435003e-09	-7.95417918198e-06
1.51226601107e-09	-5.48497757791e-06
1.51592767212e-09	-2.21936755906e-06
1.51958933316e-09	8.62337586227e-07
1.5232509942e-09	2.88059533204e-06
1.52691265525e-09	3.36974341053e-06
1.53057431629e-09	2.45314447511e-06
1.53423597734e-09	8.01529708383e-07
1.53789763838e-09	-6.29309795386e-07
1.54155929942e-09	-9.8966525286e-07
1.54522096047e-09	1.04448119487e-07
1.54888262151e-09	2.40054953338e-06
1.55254428256e-09	5.10399365794e-06
1.5562059436e-09	7.1936248105e-06
1.55986760464e-09	7.82118695497e-06
1.56352926569e-09	6.63268281187e-06
1.56719092673e-09	3.8960714619e-06
1.57085258777e-09	4.0199035567e-07
1.57451424882e-09	-2.81676295799e-06
1.57817590986e-09	-4.84814086121e-06
1.58183757091e-09	-5.22322307006e-06
1.58549923195e-09	-4.08340326885e-06
1.58916089299e-09	-2.12209397432e-06
1.59282255404e-09	-3.09607081306e-07
1.59648421508e-09	4.98353330158e-07
1.60014587612e-09	-9.06046526694e-08
1.60380753717e-09	-1.84903512945e-06
1.60746919821e-09	-4.03178228225e-06
1.61113085926e-09	-5.68712403037e-06
1.6147925203e-09	-6.03964804213e-06
1.61845418134e-09	-4.78735705656e-06
1.62211584239e-09	-2.20617198465e-06
1.62577750343e-09	9.61547300449e-07
1.62943916447e-09	3.77971525722e-06
1.63310082552e-09	5.4506754168e-06
1.63676248656e-09	5.59266686651e-06
1.64042414761e-09	4.36643847479e-06
1.64408580865e-09	2.40231389625e-06
1.64774746969e-09	5.48390289623e-07
1.65140913074e-09	-4.6607365789e-07
1.65507079178e-09	-3.16560779368e-07
1.65873245282e-09	8.02309472192e-07
1.66239411387e-09	2.27942530273e-06
1.66605577491e-09	3.35576453381e-06
1.66971743596e-09	3.43751258924e-06
1.673379097e-09	2.32309400872e-06
1.67704075804e-09	2.63728225036e-07
1.68070241909e-09	-2.14823131728e-06
1.68436408013e-09	-4.20444121119e-06
1.68802574117e-09	-5.33171998995e-06
1.69168740222e-09	-5.28275415945e-06
1.69534906326e-09	-4.20625269726e-06
1.69901072431e-09	-2.57418997762e-06
1.70267238535e-09	-9.93151928697e-07
1.70633404639e-09	3.0539482776e-08
1.70999570744e-09	2.77471713162e-07
1.71365736848e-09	-1.22232416189e-07
1.71731902952e-09	-7.74049269125e-07
1.72098069057e-09	-1.20652569535e-06
1.72464235161e-09	-1.07351306156e-06
1.72830401266e-09	-2.83602830109e-07
1.7319656737e-09	9.85944950571e-07
1.73562733474e-09	2.37919164192e-06
1.73928899579e-09	3.50309755959e-06
1.74295065683e-09	4.0625376414e-06
1.74661231787e-09	3.94508037971e-06
1.75027397892e-09	3.23746399999e-06
1.75393563996e-09	2.17693536797e-06
1.75759730101e-09	1.05754671154e-06
1.76125896205e-09	1.25706534959e-07
1.76492062309e-09	-4.96697779795e-07
1.76858228414e-09	-8.31020855685e-07
1.77224394518e-09	-9.98936030783e-07
1.77590560622e-09	-1.14348907232e-06
1.77956726727e-09	-1.35746793717e-06
1.78322892831e-09	-1.65353117154e-06
1.78689058936e-09	-1.98232783077e-06
1.7905522504e-09	-2.27573264056e-06
1.79421391144e-09	-2.48194442065e-06
1.79787557249e-09	-2.57367969425e-06
1.80153723353e-09	-2.53310645348e-06
1.80519889457e-09	-2.33487617152e-06
1.80886055562e-09	-1.94477902937e-06
1.81252221666e-09	-1.33798005209e-06
1.81618387771e-09	-5.25488061953e-07
1.81984553875e-09	4.26350034388e-07
1.82350719979e-09	1.39447539027e-06
1.82716886084e-09	2.21847017201e-06
1.83083052188e-09	2.73952548469e-06
1.83449218292e-09	2.85075384454e-06
1.83815384397e-09	2.54565213709e-06
1.84181550501e-09	1.94135293441e-06
1.84547716606e-09	1.25653204464e-06
1.8491388271e-09	7.37625953207e-07
1.85280048814e-09	5.56601165158e-07
1.85646214919e-09	7.25416839487e-07
1.86012381023e-09	1.07405480776e-06
1.86378547127e-09	1.31234676815e-06
1.86744713232e-09	1.15381962473e-06
1.87110879336e-09	4.48027734024e-07
1.87477045441e-09	-7.38737526262e-07
1.87843211545e-09	-2.12932127397e-06
1.88209377649e-09	-3.32741228704e-06
1.88575543754e-09	-3.95861326297e-06
1.88941709858e-09	-3.81038586283e-06
1.89307875962e-09	-2.91948077802e-06
1.89674042067e-09	-1.57344646823e-06
1.90040208171e-09	-2.17746180198e-07
1.90406374276e-09	7.05357521724e-07
1.9077254038e-09	9.29871717403e-07
1.91138706484e-09	4.79630806183e-07
1.91504872589e-09	-3.32366354883e-07
1.91871038693e-09	-1.02861240237e-06
1.92237204797e-09	-1.16812526585e-06
1.92603370902e-09	-5.38169160791e-07
1.92969537006e-09	7.47228412479e-07
1.93335703111e-09	2.28421430393e-06
1.93701869215e-09	3.5338575799e-06
1.94068035319e-09	4.02992941417e-06
1.94434201424e-09	3.55762426807e-06
1.94800367528e-09	2.2379953748e-06
1.95166533633e-09	4.88374418239e-07
1.95532699737e-09	-1.12689158982e-06
1.95898865841e-09	-2.10468238038e-06
1.96265031946e-09	-2.19402090806e-06
1.9663119805e-09	-1.49522645643e-06
1.96997364154e-09	-4.20389511646e-07
1.97363530259e-09	4.75416747747e-07
1.97729696363e-09	7.2627231873e-07
1.98095862468e-09	1.52162325406e-07
1.98462028572e-09	-1.06543842548e-06
1.98828194676e-09	-2.4598786581e-06
1.99194360781e-09	-3.47148687752e-06
1.99560526885e-09	-3.67104377119e-06
1.99926692989e-09	-2.92469292162e-06
2.00292859094e-09	-1.44032506455e-06
2.00659025198e-09	3.14257668776e-07
2.01025191303e-09	1.78677765916e-06
2.01391357407e-09	2.54410321077e-06
2.01757523511e-09	2.43076840434e-06
2.02123689616e-09	1.62253874691e-06
2.0248985572e-09	5.50664481125e-07
2.02856021824e-09	-2.7732425778e-07
2.03222187929e-09	-4.88470490723e-07
2.03588354033e-09	2.86071344391e-09
2.03954520138e-09	9.66845107087e-07
2.04320686242e-09	1.96471665959e-06
2.04686852346e-09	2.53832820363e-06
2.05053018451e-09	2.3975301815e-06
2.05419184555e-09	1.52825549549e-06
2.05785350659e-09	1.859237031e-07
2.06151516764e-09	-1.21242527484e-06
2.06517682868e-09	-2.24776619007e-06
2.06883848973e-09	-2.65023976453e-06
2.07250015077e-09	-2.38926503471e-06
2.07616181181e-09	-1.67235751292e-06
2.07982347286e-09	-8.53275139434e-07
2.0834851339e-09	-2.83987823479e-07
2.08714679494e-09	-1.70302296709e-07
2.09080845599e-09	-4.93039237881e-07
2.09447011703e-09	-1.03006556174e-06
2.09813177808e-09	-1.4662588228e-06
2.10179343912e-09	-1.53779524226e-06
2.10545510016e-09	-1.14224764047e-06
2.10911676121e-09	-3.69794356914e-07
2.11277842225e-09	5.49316865772e-07
2.11644008329e-09	1.34611087788e-06
2.12010174434e-09	1.8163517268e-06
2.12376340538e-09	1.88615328511e-06
2.12742506643e-09	1.62258064051e-06
2.13108672747e-09	1.19178724844e-06
2.13474838851e-09	7.83792216907e-07
2.13841004956e-09	5.3284337298e-07
2.1420717106e-09	4.65578317232e-07
2.14573337164e-09	5.00312822282e-07
2.14939503269e-09	4.98594189935e-07
2.15305669373e-09	3.43706915373e-07
2.15671835478e-09	4.24803636712e-09
2.16038001582e-09	-4.50813317343e-07
2.16404167686e-09	-8.9202676179e-07
2.16770333791e-09	-1.19858142966e-06
2.17136499895e-09	-1.31683967197e-06
2.17502665999e-09	-1.27770476865e-06
2.17868832104e-09	-1.16927424187e-06
2.18234998208e-09	-1.08347796868e-06
2.18601164313e-09	-1.06639691921e-06
2.18967330417e-09	-1.09410737537e-06
2.19333496521e-09	-1.08358511852e-06
2.19699662626e-09	-9.33122507263e-07
2.2006582873e-09	-5.7700863465e-07
2.20431994834e-09	-3.1541741885e-08
2.20798160939e-09	5.91783603454e-07
2.21164327043e-09	1.11894797783e-06
2.21530493148e-09	1.38493277291e-06
2.21896659252e-09	1.31309607809e-06
2.22262825356e-09	9.61549631029e-07
2.22628991461e-09	5.0721656919e-07
2.22995157565e-09	1.70160070923e-07
2.23361323669e-09	1.11655735324e-07
2.23727489774e-09	3.55398285024e-07
2.24093655878e-09	7.69742399598e-07
2.24459821983e-09	1.12009573172e-06
2.24825988087e-09	1.16895529345e-06
2.25192154191e-09	7.82256037724e-07
2.25558320296e-09	-2.10682649104e-09
2.259244864e-09	-9.73062185494e-07
2.26290652504e-09	-1.81771542884e-06
2.26656818609e-09	-2.24226403134e-06
2.27022984713e-09	-2.09573073562e-06
2.27389150818e-09	-1.44323774975e-06
2.27755316922e-09	-5.50911025243e-07
2.28121483026e-09	2.17853113327e-07
2.28487649131e-09	5.54645879447e-07
2.28853815235e-09	3.40415112987e-07
2.29219981339e-09	-2.98243122643e-07
2.29586147444e-09	-1.03797211182e-06
2.29952313548e-09	-1.49322607967e-06
2.30318479653e-09	-1.38041710329e-06
2.30684645757e-09	-6.43881207907e-07
2.31050811861e-09	5.09099621127e-07
2.31416977966e-09	1.68074376461e-06
2.3178314407e-09	2.43736127459e-06
2.32149310175e-09	2.48591146601e-06
2.32515476279e-09	1.80079828738e-06
2.32881642383e-09	6.43866272299e-07
2.33247808488e-09	-5.35409412805e-07
2.33613974592e-09	-1.28288851897e-06
2.33980140696e-09	-1.32890207283e-06
2.34346306801e-09	-7.03308330685e-07
2.34712472905e-09	2.75159571572e-07
2.3507863901e-09	1.13101592092e-06
2.35444805114e-09	1.43142341358e-06
2.35810971218e-09	9.70219517171e-07
2.36177137323e-09	-1.38898659685e-07
2.36543303427e-09	-1.49961658735e-06
2.36909469531e-09	-2.58789179952e-06
2.37275635636e-09	-2.96457443483e-06
2.3764180174e-09	-2.45995931891e-06
2.38007967845e-09	-1.25173423271e-06
2.38374133949e-09	2.00547244589e-07
2.38740300053e-09	1.34131295226e-06
2.39106466158e-09	1.74858803348e-06
2.39472632262e-09	1.30982309088e-06
2.39838798366e-09	2.68085905475e-07
2.40204964471e-09	-8.80697626826e-07
2.40571130575e-09	-1.59589876603e-06
2.4093729668e-09	-1.51850545649e-06
2.41303462784e-09	-6.23364073249e-07
2.41669628888e-09	7.64554272337e-07
2.42035794993e-09	2.09719956956e-06
2.42401961097e-09	2.82466834278e-06
2.42768127201e-09	2.62335413481e-06
2.43134293306e-09	1.53651501478e-06
2.4350045941e-09	-3.44249100337e-08
2.43866625515e-09	-1.49010696759e-06
2.44232791619e-09	-2.28019735005e-06
2.44598957723e-09	-2.13328024756e-06
2.44965123828e-09	-1.16923504834e-06
2.45331289932e-09	1.53610272946e-07
2.45697456036e-09	1.23341368408e-06
2.46063622141e-09	1.57701219905e-06
2.46429788245e-09	1.00504900047e-06
2.4679595435e-09	-2.7331890351e-07
2.47162120454e-09	-1.74336261693e-06
2.47528286558e-09	-2.79244341073e-06
2.47894452663e-09	-2.96011336332e-06
2.48260618767e-09	-2.13181624531e-06
2.48626784871e-09	-5.95014640226e-07
2.48992950976e-09	1.07044471065e-06
2.4935911708e-09	2.22807335604e-06
2.49725283185e-09	2.44962677698e-06
2.50091449289e-09	1.69503852021e-06
2.50457615393e-09	3.27828260538e-07
2.50823781498e-09	-1.04119538946e-06
2.51189947602e-09	-1.81281086498e-06
2.51556113706e-09	-1.64918290579e-06
2.51922279811e-09	-6.1076458735e-07
2.52288445915e-09	8.71639599609e-07
2.5265461202e-09	2.17423371396e-06
2.53020778124e-09	2.73352043223e-06
2.53386944228e-09	2.27669943342e-06
2.53753110333e-09	9.37879391927e-07
2.54119276437e-09	-7.88322225276e-07
2.54485442541e-09	-2.2428875468e-06
2.54851608646e-09	-2.87204426286e-06
2.5521777475e-09	-2.45883529715e-06
2.55583940855e-09	-1.21520443486e-06
2.55950106959e-09	3.08793588033e-07
2.56316273063e-09	1.45966774312e-06
2.56682439168e-09	1.75631387833e-06
2.57048605272e-09	1.08743535066e-06
2.57414771376e-09	-2.49728081769e-07
2.57780937481e-09	-1.67916138594e-06
2.58147103585e-09	-2.58469037817e-06
2.5851326969e-09	-2.55969979435e-06
2.58879435794e-09	-1.57104312848e-06
2.59245601898e-09	2.50713156902e-08
2.59611768003e-09	1.62254190172e-06
2.59977934107e-09	2.60826686826e-06
2.60344100211e-09	2.61336896301e-06
2.60710266316e-09	1.66779804545e-06
2.6107643242e-09	1.88678004776e-07
2.61442598525e-09	-1.19671852872e-06
2.61808764629e-09	-1.91768882019e-06
2.62174930733e-09	-1.69897299429e-06
2.62541096838e-09	-6.68739517096e-07
2.62907262942e-09	7.06482921942e-07
2.63273429046e-09	1.82385252856e-06
2.63639595151e-09	2.19391893097e-06
2.64005761255e-09	1.63573540135e-06
2.6437192736e-09	3.45013269509e-07
2.64738093464e-09	-1.18699432505e-06
2.65104259568e-09	-2.36993491853e-06
2.65470425673e-09	-2.75146783224e-06
2.65836591777e-09	-2.20136587359e-06
2.66202757881e-09	-9.66184572349e-07
2.66568923986e-09	4.33935170463e-07
2.6693509009e-09	1.42549137649e-06
2.67301256195e-09	1.62463092579e-06
2.67667422299e-09	9.94883492922e-07
2.68033588403e-09	-1.48219299945e-07
2.68399754508e-09	-1.28294203705e-06
2.68765920612e-09	-1.90677221212e-06
2.69132086716e-09	-1.74258920538e-06
2.69498252821e-09	-8.43041860321e-07
2.69864418925e-09	4.40882352848e-07
2.7023058503e-09	1.6069649007e-06
2.70596751134e-09	2.20358936076e-06
2.70962917238e-09	2.00940587547e-06
2.71329083343e-09	1.12093198368e-06
2.71695249447e-09	-8.85508644188e-08
2.72061415552e-09	-1.12575000344e-06
2.72427581656e-09	-1.58621770652e-06
2.7279374776e-09	-1.32455176072e-06
2.73159913865e-09	-5.09245339231e-07
2.73526079969e-09	4.61401917562e-07
2.73892246073e-09	1.14034611443e-06
2.74258412178e-09	1.22468577501e-06
2.74624578282e-09	6.75842798614e-07
2.74990744387e-09	-2.78156974787e-07
2.75356910491e-09	-1.24861492168e-06
2.75723076595e-09	-1.84968473604e-06
2.760892427e-09	-1.85204149261e-06
2.76455408804e-09	-1.26997767325e-06
2.76821574908e-09	-3.50231943003e-07
2.77187741013e-09	5.32548469323e-07
2.77553907117e-09	1.03386003047e-06
2.77920073222e-09	9.85091034522e-07
2.78286239326e-09	4.62715846083e-07
2.7865240543e-09	-2.52788264987e-07
2.79018571535e-09	-8.09424264503e-07
2.79384737639e-09	-9.44678419046e-07
2.79750903743e-09	-5.98273899755e-07
2.80117069848e-09	7.21057240582e-08
2.80483235952e-09	7.72465696741e-07
2.80849402057e-09	1.20637483292e-06
2.81215568161e-09	1.19962396639e-06
2.81581734265e-09	7.65597832242e-07
2.8194790037e-09	9.117850297e-08
2.82314066474e-09	-5.46613421193e-07
2.82680232578e-09	-8.98467959587e-07
2.83046398683e-09	-8.48674687859e-07
2.83412564787e-09	-4.64294117819e-07
2.83778730892e-09	3.6597323394e-08
2.84144896996e-09	3.87585167516e-07
2.845110631e-09	4.0092344733e-07
2.84877229205e-09	5.7690600741e-08
2.85243395309e-09	-4.84884182583e-07
2.85609561413e-09	-9.7169376545e-07
2.85975727518e-09	-1.17289778245e-06
2.86341893622e-09	-9.90331201933e-07
2.86708059727e-09	-4.98298803109e-07
2.87074225831e-09	9.49079108636e-08
2.87440391935e-09	5.42007043691e-07
2.8780655804e-09	6.64907886971e-07
2.88172724144e-09	4.31582392935e-07
2.88538890248e-09	-2.84846954912e-08
2.88905056353e-09	-4.78356014355e-07
2.89271222457e-09	-6.78118993847e-07
2.89637388562e-09	-4.97937776345e-07
2.90003554666e-09	1.25109340665e-08
2.9036972077e-09	6.36200581994e-07
2.90735886875e-09	1.08337940219e-06
2.91102052979e-09	1.1273478151e-06
2.91468219083e-09	7.15248120287e-07
2.91834385188e-09	-1.20611268195e-09
2.92200551292e-09	-7.30566682705e-07
2.92566717397e-09	-1.17040661962e-06
2.92932883501e-09	-1.14021315767e-06
2.93299049605e-09	-6.60799614138e-07
2.9366521571e-09	5.18117397874e-08
2.94031381814e-09	6.73809608998e-07
2.94397547918e-09	9.0863107971e-07
2.94763714023e-09	6.16808350173e-07
2.95129880127e-09	-1.12807507335e-07
2.95496046232e-09	-9.86488927879e-07
2.95862212336e-09	-1.62229284228e-06
2.9622837844e-09	-1.71612515487e-06
2.96594544545e-09	-1.18368950552e-06
2.96960710649e-09	-2.10008568757e-07
2.97326876753e-09	8.21713015853e-07
2.97693042858e-09	1.49233790125e-06
2.98059208962e-09	1.52743720605e-06
2.98425375067e-09	9.15899107667e-07
2.98791541171e-09	-8.31991933126e-08
2.99157707275e-09	-1.04582429117e-06
2.9952387338e-09	-1.55591126827e-06
2.99890039484e-09	-1.37710014769e-06
3.00256205588e-09	-5.56446607902e-07
3.00622371693e-09	5.83662838949e-07
3.00988537797e-09	1.56792657435e-06
3.01354703902e-09	1.96255331275e-06
3.01720870006e-09	1.56315633149e-06
3.0208703611e-09	4.93432835924e-07
3.02453202215e-09	-8.3564972897e-07
3.02819368319e-09	-1.89369163195e-06
3.03185534423e-09	-2.25459137937e-06
3.03551700528e-09	-1.77689486236e-06
3.03917866632e-09	-6.63041447524e-07
3.04284032737e-09	6.25382028829e-07
3.04650198841e-09	1.55703941118e-06
3.05016364945e-09	1.745848067e-06
3.0538253105e-09	1.10705084921e-06
3.05748697154e-09	-1.05626174474e-07
3.06114863258e-09	-1.39625325346e-06
3.06481029363e-09	-2.22345028078e-06
3.06847195467e-09	-2.22224406343e-06
3.07213361572e-09	-1.3616364356e-06
3.07579527676e-09	3.34674652436e-08
3.0794569378e-09	1.41110868412e-06
3.08311859885e-09	2.22152351625e-06
3.08678025989e-09	2.14731437609e-06
3.09044192094e-09	1.23392158002e-06
3.09410358198e-09	-1.34432280419e-07
3.09776524302e-09	-1.39822986966e-06
3.10142690407e-09	-2.0523477815e-06
3.10508856511e-09	-1.846660723e-06
3.10875022615e-09	-8.80267094772e-07
3.1124118872e-09	4.42108934351e-07
3.11607354824e-09	1.57302051207e-06
3.11973520929e-09	2.04127360348e-06
3.12339687033e-09	1.64358553434e-06
3.12705853137e-09	5.30045142e-07
3.13072019242e-09	-8.54643005255e-07
3.13438185346e-09	-1.95562978433e-06
3.1380435145e-09	-2.33980358644e-06
3.14170517555e-09	-1.87493913018e-06
3.14536683659e-09	-7.76936602165e-07
3.14902849764e-09	4.91152853499e-07
3.15269015868e-09	1.41896316563e-06
3.15635181972e-09	1.65727271906e-06
3.16001348077e-09	1.1495151e-06
3.16367514181e-09	1.39855369952e-07
3.16733680285e-09	-9.3649180144e-07
3.1709984639e-09	-1.63230399153e-06
3.17466012494e-09	-1.66683915381e-06
3.17832178599e-09	-1.03519107597e-06
3.18198344703e-09	-6.10162653736e-09
3.18564510807e-09	9.93590546727e-07
3.18930676912e-09	1.56066016643e-06
3.19296843016e-09	1.48613156625e-06
3.1966300912e-09	8.37316321167e-07
3.20029175225e-09	-8.36984845876e-08
3.20395341329e-09	-8.83379414063e-07
3.20761507434e-09	-1.25078707924e-06
3.21127673538e-09	-1.08275600041e-06
3.21493839642e-09	-5.09218494926e-07
3.21860005747e-09	1.81748688988e-07
3.22226171851e-09	6.77236116076e-07
3.22592337955e-09	7.71778204012e-07
3.2295850406e-09	4.45833023832e-07
3.23324670164e-09	-1.35846839555e-07
3.23690836269e-09	-7.0306566613e-07
3.24057002373e-09	-1.0025902526e-06
3.24423168477e-09	-9.13214947218e-07
3.24789334582e-09	-4.99517028629e-07
3.25155500686e-09	2.20794005301e-08
3.2552166679e-09	3.92570477459e-07
3.25887832895e-09	4.40526925161e-07
3.26253998999e-09	1.67360884262e-07
3.26620165104e-09	-2.5739444709e-07
3.26986331208e-09	-5.85960066246e-07
3.27352497312e-09	-6.2023683256e-07
3.27718663417e-09	-3.12372520739e-07
3.28084829521e-09	2.09556134223e-07
3.28450995625e-09	6.99866035347e-07
3.2881716173e-09	9.0902429406e-07
3.29183327834e-09	7.01827573835e-07
3.29549493939e-09	1.29661200887e-07
3.29915660043e-09	-5.77278541414e-07
3.30281826147e-09	-1.10011635002e-06
3.30647992252e-09	-1.1727047422e-06
3.31014158356e-09	-7.14043949301e-07
3.3138032446e-09	1.11651546675e-07
3.31746490565e-09	9.4684092744e-07
3.32112656669e-09	1.39092645668e-06
3.32478822774e-09	1.18593371212e-06
3.32844988878e-09	3.49603169525e-07
3.33211154982e-09	-8.10702545095e-07
3.33577321087e-09	-1.81616059081e-06
3.33943487191e-09	-2.21778583409e-06
3.34309653295e-09	-1.79359756203e-06
3.346758194e-09	-6.57696830331e-07
3.35041985504e-09	7.6799666715e-07
3.35408151609e-09	1.91137343108e-06
3.35774317713e-09	2.28015244375e-06
3.36140483817e-09	1.67332609635e-06
3.36506649922e-09	2.86836254304e-07
3.36872816026e-09	-1.34078536007e-06
3.3723898213e-09	-2.5327353228e-06
3.37605148235e-09	-2.75321696108e-06
3.37971314339e-09	-1.84487944921e-06
3.38337480444e-09	-1.18226081369e-07
3.38703646548e-09	1.75541899239e-06
3.39069812652e-09	3.00956804722e-06
3.39435978757e-09	3.09843301238e-06
3.39802144861e-09	1.93082647115e-06
3.40168310965e-09	-7.67359544795e-08
3.4053447707e-09	-2.15243431967e-06
3.40900643174e-09	-3.46962514186e-06
3.41266809279e-09	-3.47774380316e-06
3.41632975383e-09	-2.1340659373e-06
3.41999141487e-09	6.07078947112e-08
3.42365307592e-09	2.24420756467e-06
3.42731473696e-09	3.52923166247e-06
3.430976398e-09	3.36373716436e-06
3.43463805905e-09	1.76803453655e-06
3.43829972009e-09	-6.55553137108e-07
3.44196138114e-09	-2.95195047784e-06
3.44562304218e-09	-4.19331377088e-06
3.44928470322e-09	-3.85526101354e-06
3.45294636427e-09	-2.03520471587e-06
3.45660802531e-09	5.77351812581e-07
3.46026968635e-09	2.96817455592e-06
3.4639313474e-09	4.19669663643e-06
3.46759300844e-09	3.76917080303e-06
3.47125466949e-09	1.83890608696e-06
3.47491633053e-09	-8.45988452625e-07
3.47857799157e-09	-3.23127420643e-06
3.48223965262e-09	-4.37017138211e-06
3.48590131366e-09	-3.80093558761e-06
3.48956297471e-09	-1.73595799424e-06
3.49322463575e-09	1.01641592209e-06
3.49688629679e-09	3.36987596938e-06
3.50054795784e-09	4.39113262019e-06
3.50420961888e-09	3.67086590813e-06
3.50787127992e-09	1.48545535694e-06
3.51153294097e-09	-1.31445898433e-06
3.51519460201e-09	-3.64131176411e-06
3.51885626306e-09	-4.59825844246e-06
3.5225179241e-09	-3.82768649843e-06
3.52617958514e-09	-1.64608496789e-06
3.52984124619e-09	1.08583134306e-06
3.53350290723e-09	3.30308563434e-06
3.53716456827e-09	4.15344618432e-06
3.54082622932e-09	3.32697612748e-06
3.54448789036e-09	1.17117895115e-06
3.54814955141e-09	-1.45368164794e-06
3.55181121245e-09	-3.51784183295e-06
3.55547287349e-09	-4.2274198222e-06
3.55913453454e-09	-3.3297753248e-06
3.56279619558e-09	-1.20062475162e-06
3.56645785662e-09	1.31715475504e-06
3.57011951767e-09	3.2526746736e-06
3.57378117871e-09	3.88580286881e-06
3.57744283976e-09	3.01701209082e-06
3.5811045008e-09	1.02654487932e-06
3.58476616184e-09	-1.29159440121e-06
3.58842782289e-09	-3.04851005239e-06
3.59208948393e-09	-3.60342471595e-06
3.59575114497e-09	-2.79877559706e-06
3.59941280602e-09	-1.00057800978e-06
3.60307446706e-09	1.06306617909e-06
3.60673612811e-09	2.59585584672e-06
3.61039778915e-09	3.04045761368e-06
3.61405945019e-09	2.2800180659e-06
3.61772111124e-09	6.60143925302e-07
3.62138277228e-09	-1.1681390788e-06
3.62504443332e-09	-2.51371739068e-06
3.62870609437e-09	-2.90984115736e-06
3.63236775541e-09	-2.27469030278e-06
3.63602941646e-09	-9.13894197652e-07
3.6396910775e-09	6.24234786528e-07
3.64335273854e-09	1.77194127104e-06
3.64701439959e-09	2.15344641674e-06
3.65067606063e-09	1.70485384388e-06
3.65433772167e-09	6.67877785077e-07
3.65799938272e-09	-5.28754625861e-07
3.66166104376e-09	-1.44381397149e-06
3.66532270481e-09	-1.7850395011e-06
3.66898436585e-09	-1.49737934407e-06
3.67264602689e-09	-7.539958915e-07
3.67630768794e-09	1.36376264948e-07
3.67996934898e-09	8.59066176417e-07
3.68363101002e-09	1.20543728599e-06
3.68729267107e-09	1.125799173e-06
3.69095433211e-09	7.13410599928e-07
3.69461599316e-09	1.40875791033e-07
3.6982776542e-09	-4.14448606989e-07
3.70193931524e-09	-8.2281414393e-07
3.70560097629e-09	-1.0194851825e-06
3.70926263733e-09	-9.94283993805e-07
3.71292429837e-09	-7.72393491388e-07
3.71658595942e-09	-4.01566893515e-07
3.72024762046e-09	4.95104330867e-08
3.72390928151e-09	4.88464202419e-07
3.72757094255e-09	8.03941873073e-07
3.73123260359e-09	8.86784505383e-07
3.73489426464e-09	6.670001369e-07
3.73855592568e-09	1.55396556067e-07
3.74221758672e-09	-5.30661864673e-07
3.74587924777e-09	-1.17862308002e-06
3.74954090881e-09	-1.53944688464e-06
3.75320256986e-09	-1.42175917972e-06
3.7568642309e-09	-7.86451892054e-07
3.76052589194e-09	2.04149831262e-07
3.76418755299e-09	1.21747314097e-06
3.76784921403e-09	1.86271577718e-06
3.77151087507e-09	1.84579238294e-06
3.77517253612e-09	1.1028162703e-06
3.77883419716e-09	-1.4816577476e-07
3.78249585821e-09	-1.46729135508e-06
3.78615751925e-09	-2.34860181081e-06
3.78981918029e-09	-2.41548269742e-06
3.79348084134e-09	-1.58105092396e-06
3.79714250238e-09	-1.06912567688e-07
3.80080416342e-09	1.47168617559e-06
3.80446582447e-09	2.53713341181e-06
3.80812748551e-09	2.63089566488e-06
3.81178914656e-09	1.6510085743e-06
3.8154508076e-09	-8.09551252701e-08
3.81911246864e-09	-1.92261592247e-06
3.82277412969e-09	-3.15259245554e-06
3.82643579073e-09	-3.25785543964e-06
3.83009745177e-09	-2.14922101804e-06
3.83375911282e-09	-2.13181003517e-07
3.83742077386e-09	1.82544880545e-06
3.84108243491e-09	3.1785816077e-06
3.84474409595e-09	3.30182444941e-06
3.84840575699e-09	2.11428061903e-06
3.85206741804e-09	4.4147922651e-08
3.85572907908e-09	-2.12278331446e-06
3.85939074013e-09	-3.53997927505e-06
3.86305240117e-09	-3.63204213727e-06
3.86671406221e-09	-2.33127462934e-06
3.87037572326e-09	-1.18886994471e-07
3.8740373843e-09	2.1534014536e-06
3.87769904534e-09	3.59584237231e-06
3.88136070639e-09	3.63408469184e-06
3.88502236743e-09	2.23982436864e-06
3.88868402848e-09	-5.58697568209e-08
3.89234568952e-09	-2.37007492387e-06
3.89600735056e-09	-3.81228215929e-06
3.89966901161e-09	-3.82912571695e-06
3.90333067265e-09	-2.41751740759e-06
3.90699233369e-09	-1.25169488996e-07
3.91065399474e-09	2.16008169218e-06
3.91431565578e-09	3.55379791017e-06
3.91797731683e-09	3.51918725983e-06
3.92163897787e-09	2.07823075016e-06
3.92530063891e-09	-1.97459719686e-07
3.92896229996e-09	-2.41412868718e-06
3.932623961e-09	-3.71165737079e-06
3.93628562204e-09	-3.60215210549e-06
3.93994728309e-09	-2.1541537194e-06
3.94360894413e-09	4.78781174706e-08
3.94727060518e-09	2.14492149553e-06
3.95093226622e-09	3.34269248015e-06
3.95459392726e-09	3.21355361166e-06
3.95825558831e-09	1.84761614719e-06
3.96191724935e-09	-1.97321583073e-07
3.96557891039e-09	-2.12156697899e-06
3.96924057144e-09	-3.19595261544e-06
3.97290223248e-09	-3.04052775846e-06
3.97656389353e-09	-1.76210465952e-06
3.98022555457e-09	1.02180239381e-07
3.98388721561e-09	1.81025822599e-06
3.98754887666e-09	2.71482497283e-06
3.9912105377e-09	2.5124609806e-06
3.99487219874e-09	1.34268898933e-06
3.99853385979e-09	-2.94434869375e-07
4.00219552083e-09	-1.75562817617e-06
4.00585718188e-09	-2.51008606256e-06
4.00951884292e-09	-2.3306897674e-06
4.01318050396e-09	-1.35529387535e-06
4.01684216501e-09	-6.55528786808e-09
4.02050382605e-09	1.18725935749e-06
4.02416548709e-09	1.79878549034e-06
4.02782714814e-09	1.65565981547e-06
4.03148880918e-09	8.86699780267e-07
4.03515047023e-09	-1.53554058357e-07
4.03881213127e-09	-1.04498491282e-06
4.04247379231e-09	-1.47527148897e-06
4.04613545336e-09	-1.35065738505e-06
4.0497971144e-09	-8.02570525593e-07
4.05345877544e-09	-9.96880267223e-08
4.05712043649e-09	4.82555982728e-07
4.06078209753e-09	7.70578878928e-07
4.06444375858e-09	7.37113339255e-07
4.06810541962e-09	4.76273982031e-07
4.07176708066e-09	1.35764572917e-07
4.07542874171e-09	-1.56228448844e-07
4.07909040275e-09	-3.37741866474e-07
4.08275206379e-09	-4.1904866066e-07
4.08641372484e-09	-4.51440506311e-07
4.09007538588e-09	-4.78217984323e-07
4.09373704693e-09	-4.95636626852e-07
4.09739870797e-09	-4.48923927365e-07
4.10106036901e-09	-2.70727987584e-07
4.10472203006e-09	5.73186280661e-08
4.1083836911e-09	4.59028690614e-07
4.11204535214e-09	7.70658232341e-07
4.11570701319e-09	8.08990336054e-07
4.11936867423e-09	4.71223088994e-07
4.12303033528e-09	-1.87753627756e-07
4.12669199632e-09	-9.47637460058e-07
4.13035365736e-09	-1.49793351056e-06
4.13401531841e-09	-1.56678640906e-06
4.13767697945e-09	-1.04802083456e-06
4.14133864049e-09	-6.91728896385e-08
4.14500030154e-09	1.0322779076e-06
4.14866196258e-09	1.82330830967e-06
4.15232362363e-09	1.94374740659e-06
4.15598528467e-09	1.26623950791e-06
4.15964694571e-09	-2.02513299463e-08
4.16330860676e-09	-1.45144494468e-06
4.1669702678e-09	-2.45326941695e-06
4.17063192884e-09	-2.57579654317e-06
4.17429358989e-09	-1.69729165123e-06
4.17795525093e-09	-1.03732114454e-07
4.18161691198e-09	1.60237951263e-06
4.18527857302e-09	2.73408880958e-06
4.18894023406e-09	2.79955872884e-06
4.19260189511e-09	1.71238971802e-06
4.19626355615e-09	-1.54697538335e-07
4.19992521719e-09	-2.0985479523e-06
4.20358687824e-09	-3.35028653353e-06
4.20724853928e-09	-3.37822655183e-06
4.21091020033e-09	-2.11231724734e-06
4.21457186137e-09	2.95461877187e-09
4.21823352241e-09	2.16019560639e-06
4.22189518346e-09	3.49797164745e-06
4.2255568445e-09	3.4497542174e-06
4.22921850554e-09	1.98862932166e-06
4.23288016659e-09	-3.41807037785e-07
4.23654182763e-09	-2.63175218151e-06
4.24020348868e-09	-3.96580503548e-06
4.24386514972e-09	-3.79215555313e-06
4.24752681076e-09	-2.1491626967e-06
4.25118847181e-09	3.41921833069e-07
4.25485013285e-09	2.71452449851e-06
4.2585117939e-09	4.03217063649e-06
4.26217345494e-09	3.75715023893e-06
4.26583511598e-09	1.96990231416e-06
4.26949677703e-09	-6.49576790579e-07
4.27315843807e-09	-3.07863990656e-06
4.27682009911e-09	-4.35325375747e-06
4.28048176016e-09	-3.95638880946e-06
4.2841434212e-09	-2.03320718128e-06
4.28780508225e-09	6.59781491663e-07
4.29146674329e-09	3.05597973238e-06
4.29512840433e-09	4.20650462729e-06
4.29879006538e-09	3.6592606989e-06
4.30245172642e-09	1.63523145602e-06
4.30611338746e-09	-1.06406915279e-06
4.30977504851e-09	-3.37663050232e-06
4.31343670955e-09	-4.39751795511e-06
4.3170983706e-09	-3.73207910798e-06
4.32076003164e-09	-1.64871224229e-06
4.32442169268e-09	1.02726642126e-06
4.32808335373e-09	3.23960586002e-06
4.33174501477e-09	4.12039162256e-06
4.33540667581e-09	3.33626502425e-06
4.33906833686e-09	1.21936153619e-06
4.3427299979e-09	-1.37179995363e-06
4.34639165895e-09	-3.40399913057e-06
4.35005331999e-09	-4.08634491578e-06
4.35371498103e-09	-3.18051019121e-06
4.35737664208e-09	-1.08104572405e-06
4.36103830312e-09	1.35790457989e-06
4.36469996416e-09	3.17130138683e-06
4.36836162521e-09	3.66418686326e-06
4.37202328625e-09	2.67638006335e-06
4.3756849473e-09	6.32414639767e-07
4.37934660834e-09	-1.63769067285e-06
4.38300826938e-09	-3.23437211591e-06
4.38666993043e-09	-3.54722453721e-06
4.39033159147e-09	-2.4929306619e-06
4.39399325251e-09	-5.36188082378e-07
4.39765491356e-09	1.51278084104e-06
4.4013165746e-09	2.83670203771e-06
4.40497823565e-09	2.94122185096e-06
4.40863989669e-09	1.84031802064e-06
4.41230155773e-09	2.70287436877e-08
4.41596321878e-09	-1.74651762563e-06
4.41962487982e-09	-2.78083501826e-06
4.42328654086e-09	-2.70292406412e-06
4.42694820191e-09	-1.59786739573e-06
4.43060986295e-09	4.61085507553e-08
4.434271524e-09	1.5488944598e-06
4.43793318504e-09	2.31817574559e-06
4.44159484608e-09	2.08456060591e-06
4.44525650713e-09	9.97961564053e-07
4.44891816817e-09	-4.51854432981e-07
4.45257982921e-09	-1.65319272583e-06
4.45624149026e-09	-2.13262688931e-06
4.4599031513e-09	-1.74431249889e-06
4.46356481235e-09	-7.10433226914e-07
4.46722647339e-09	4.9595816165e-07
4.47088813443e-09	1.3648396191e-06
4.47454979548e-09	1.56316022526e-06
4.47821145652e-09	1.05950343254e-06
4.48187311756e-09	1.15641551446e-07
4.48553477861e-09	-8.41314871991e-07
4.48919643965e-09	-1.40708485219e-06
4.4928581007e-09	-1.36876263923e-06
4.49651976174e-09	-7.85645212886e-07
4.50018142278e-09	4.95149681257e-08
4.50384308383e-09	7.49382252252e-07
4.50750474487e-09	1.00882610354e-06
4.51116640591e-09	7.39167404618e-07
4.51482806696e-09	9.89260904305e-08
4.518489728e-09	-5.90498416386e-07
4.52215138905e-09	-1.00116596968e-06
4.52581305009e-09	-9.50850292725e-07
4.52947471113e-09	-4.81000597574e-07
4.53313637218e-09	1.71778648195e-07
4.53679803322e-09	6.91687688459e-07
4.54045969426e-09	8.30896297543e-07
4.54412135531e-09	5.21917854712e-07
4.54778301635e-09	-9.25603700352e-08
4.5514446774e-09	-7.24220910797e-07
4.55510633844e-09	-1.06991620896e-06
4.55876799948e-09	-9.52247262376e-07
4.56242966053e-09	-4.06969334676e-07
4.56609132157e-09	3.25390040246e-07
4.56975298261e-09	9.04688931769e-07
4.57341464366e-09	1.04763665831e-06
4.5770763047e-09	6.63394104095e-07
4.58073796575e-09	-9.70086535546e-08
4.58439962679e-09	-9.02910215927e-07
4.58806128783e-09	-1.39044686875e-06
4.59172294888e-09	-1.32639905814e-06
4.59538460992e-09	-7.15373559501e-07
4.59904627096e-09	1.96168123523e-07
4.60270793201e-09	1.02147498637e-06
4.60636959305e-09	1.39716016179e-06
4.6100312541e-09	1.14130057227e-06
4.61369291514e-09	3.38623962648e-07
4.61735457618e-09	-6.85201214878e-07
4.62101623723e-09	-1.49515747694e-06
4.62467789827e-09	-1.73187797259e-06
4.62833955932e-09	-1.27162877561e-06
4.63200122036e-09	-2.88899407508e-07
4.6356628814e-09	8.10479974689e-07
4.63932454245e-09	1.55990929329e-06
4.64298620349e-09	1.63281285381e-06
4.64664786453e-09	9.84951242344e-07
4.65030952558e-09	-1.23293519394e-07
4.65397118662e-09	-1.23420650766e-06
4.65763284767e-09	-1.88338421481e-06
4.66129450871e-09	-1.79384397825e-06
4.66495616975e-09	-9.93420556483e-07
4.6686178308e-09	1.92688688117e-07
4.67227949184e-09	1.2731362915e-06
4.67594115288e-09	1.79353199314e-06
4.67960281393e-09	1.5284421977e-06
4.68326447497e-09	5.80601877687e-07
4.68692613602e-09	-6.57673410842e-07
4.69058779706e-09	-1.66800523971e-06
4.6942494581e-09	-2.02560113394e-06
4.69791111915e-09	-1.57995032168e-06
4.70157278019e-09	-5.18447919262e-07
4.70523444123e-09	7.14143610026e-07
4.70889610228e-09	1.6038640922e-06
4.71255776332e-09	1.78299956133e-06
4.71621942437e-09	1.18169617735e-06
4.71988108541e-09	5.52189911573e-08
4.72354274645e-09	-1.12362184268e-06
4.7272044075e-09	-1.86147553904e-06
4.73086606854e-09	-1.8507250843e-06
4.73452772958e-09	-1.09876870624e-06
4.73818939063e-09	7.41515009395e-08
4.74185105167e-09	1.17026286262e-06
4.74551271272e-09	1.72615602878e-06
4.74917437376e-09	1.51072848098e-06
4.7528360348e-09	6.22578539833e-07
4.75649769585e-09	-5.54796528718e-07
4.76015935689e-09	-1.51977187102e-06
4.76382101793e-09	-1.8673529496e-06
4.76748267898e-09	-1.45934427564e-06
4.77114434002e-09	-4.78806100546e-07
4.77480600107e-09	6.51447152222e-07
4.77846766211e-09	1.44959918202e-06
4.78212932315e-09	1.57870431394e-06
4.7857909842e-09	9.88498982224e-07
4.78945264524e-09	-6.38617532189e-08
4.79311430628e-09	-1.12376210382e-06
4.79677596733e-09	-1.73417069504e-06
4.80043762837e-09	-1.63309107393e-06
4.80409928942e-09	-8.67103736368e-07
4.80776095046e-09	2.2926794685e-07
4.8114226115e-09	1.17979678294e-06
4.81508427255e-09	1.57419893299e-06
4.81874593359e-09	1.24544678215e-06
4.82240759463e-09	3.40019859379e-07
4.82606925568e-09	-7.4780636794e-07
4.82973091672e-09	-1.54688279963e-06
4.83339257777e-09	-1.71177191532e-06
4.83705423881e-09	-1.17029276225e-06
4.84071589985e-09	-1.54863535329e-07
4.8443775609e-09	8.96249474636e-07
4.84803922194e-09	1.526125601e-06
4.85170088298e-09	1.45688235875e-06
4.85536254403e-09	7.1208300767e-07
4.85902420507e-09	-3.9022874887e-07
4.86268586612e-09	-1.3733592823e-06
4.86634752716e-09	-1.8086379896e-06
4.8700091882e-09	-1.50288289547e-06
4.87367084925e-09	-5.83665141107e-07
4.87733251029e-09	5.54850473122e-07
4.88099417133e-09	1.42163634109e-06
4.88465583238e-09	1.6401491223e-06
4.88831749342e-09	1.11046901452e-06
4.89197915447e-09	5.34665645091e-08
4.89564081551e-09	-1.08155097678e-06
4.89930247655e-09	-1.80683915119e-06
4.9029641376e-09	-1.80464400046e-06
4.90662579864e-09	-1.06565548208e-06
4.91028745968e-09	1.02597581986e-07
4.91394912073e-09	1.20369941214e-06
4.91761078177e-09	1.76369371729e-06
4.92127244282e-09	1.53601109787e-06
4.92493410386e-09	6.10345537666e-07
4.9285957649e-09	-6.23016987333e-07
4.93225742595e-09	-1.63887727922e-06
4.93591908699e-09	-2.00155193397e-06
4.93958074803e-09	-1.55157152903e-06
4.94324240908e-09	-4.74781465698e-07
4.94690407012e-09	7.75214033411e-07
4.95056573117e-09	1.66803928892e-06
4.95422739221e-09	1.82098469281e-06
4.95788905325e-09	1.16241128012e-06
4.9615507143e-09	-3.50658408976e-08
4.96521237534e-09	-1.26726820326e-06
4.96887403638e-09	-2.01076306894e-06
4.97253569743e-09	-1.94613497229e-06
4.97619735847e-09	-1.09607006493e-06
4.97985901952e-09	1.81846438352e-07
4.98352068056e-09	1.34617982894e-06
4.9871823416e-09	1.9019787203e-06
4.99084400265e-09	1.61196820159e-06
4.99450566369e-09	5.9780379047e-07
4.99816732473e-09	-7.11401455078e-07
5.00182898578e-09	-1.76081215386e-06
5.00549064682e-09	-2.10470250295e-06
5.00915230787e-09	-1.59536139677e-06
5.01281396891e-09	-4.46437979917e-07
