% time-domain voltage integration by openEMS v0.0.36-93-g7b9cd51 @Thu Sep 24 16:03:16 2026
% start-coordinates: (0.007,0,0.000115268) m -> [10,3,5]
% stop-coordinates: (0.007,0,0.0021) m -> [10,3,7]
% t/s	voltage
0	-0
3.66166104376e-12	-3.26216998303e-07
7.32332208752e-12	-2.8221129611e-07
1.09849831313e-11	1.05053825195e-07
1.4646644175e-11	1.47072213963e-06
1.83083052188e-11	4.65339644506e-06
2.19699662626e-11	1.05481310584e-05
2.56316273063e-11	1.92855777641e-05
2.92932883501e-11	2.89034405796e-05
3.29549493939e-11	3.3819114833e-05
3.66166104376e-11	2.38774277932e-05
4.02782714814e-11	-1.43431418564e-05
4.39399325251e-11	-9.26282573346e-05
4.76015935689e-11	-0.00021280035071
5.12632546127e-11	-0.000357412311132
5.49249156564e-11	-0.000484700205561
5.85865767002e-11	-0.000533845915925
6.2248237744e-11	-0.000443518394604
6.59098987877e-11	-0.000179996219231
6.95715598315e-11	0.000236325504375
7.32332208752e-11	0.000721029980923
7.6894881919e-11	0.00114285957534
8.05565429628e-11	0.00136646800092
8.42182040065e-11	0.0013051443384
8.78798650503e-11	0.000959844503086
9.1541526094e-11	0.000424956189818
9.52031871378e-11	-0.000143788231071
9.88648481816e-11	-0.000585883622989
1.02526509225e-10	-0.000792418722995
1.06188170269e-10	-0.000738995906431
1.09849831313e-10	-0.000484477393911
1.13511492357e-10	-0.000140458607348
1.171731534e-10	0.000172638727236
1.20834814444e-10	0.000364863408322
1.24496475488e-10	0.000399097283662
1.28158136532e-10	0.000292784716294
1.31819797575e-10	0.000102669177068
1.35481458619e-10	-9.9742635939e-05
1.39143119663e-10	-0.000253024416452
1.42804780707e-10	-0.000323345317156
1.4646644175e-10	-0.000309999624733
1.50128102794e-10	-0.000238452430494
1.53789763838e-10	-0.000145150181197
1.57451424882e-10	-6.1136858676e-05
1.61113085926e-10	-1.48747723472e-06
1.64774746969e-10	3.55747743015e-05
1.68436408013e-10	6.12000812907e-05
1.72098069057e-10	8.52387693158e-05
1.75759730101e-10	0.000109067244921
1.79421391144e-10	0.000124577660245
1.83083052188e-10	0.000120177684948
1.86744713232e-10	8.89614948392e-05
1.90406374276e-10	3.44909703927e-05
1.94068035319e-10	-2.90186899292e-05
1.97729696363e-10	-8.19935266918e-05
2.01391357407e-10	-0.000107361931441
2.05053018451e-10	-9.73007481662e-05
2.08714679494e-10	-5.58002238904e-05
2.12376340538e-10	3.83692986361e-06
2.16038001582e-10	6.48806108074e-05
2.19699662626e-10	0.0001134815775
2.23361323669e-10	0.000142552289617
2.27022984713e-10	0.000151721189468
2.30684645757e-10	0.00014412582459
2.34346306801e-10	0.000122525505503
2.38007967845e-10	8.71859920153e-05
2.41669628888e-10	3.69191775462e-05
2.45331289932e-10	-2.75132224488e-05
2.48992950976e-10	-0.000100098737676
2.5265461202e-10	-0.00016878011229
2.56316273063e-10	-0.000218328583287
2.59977934107e-10	-0.000235941239225
2.63639595151e-10	-0.000216797343455
2.67301256195e-10	-0.000166631696629
2.70962917238e-10	-9.98297145998e-05
2.74624578282e-10	-3.36120019711e-05
2.78286239326e-10	1.88447775145e-05
2.8194790037e-10	5.29474509676e-05
2.85609561413e-10	7.27740334696e-05
2.89271222457e-10	8.6813019152e-05
2.92932883501e-10	0.000101916113636
2.96594544545e-10	0.000118938842206
3.00256205588e-10	0.000132489050884
3.03917866632e-10	0.000134654877911
3.07579527676e-10	0.000120266442536
3.1124118872e-10	9.04090411495e-05
3.14902849764e-10	5.20683743161e-05
3.18564510807e-10	1.43361407936e-05
3.22226171851e-10	-1.6352732473e-05
3.25887832895e-10	-3.90453706132e-05
3.29549493939e-10	-5.74200576011e-05
3.33211154982e-10	-7.5912081229e-05
3.36872816026e-10	-9.54067654675e-05
3.4053447707e-10	-0.000111258885227
3.44196138114e-10	-0.000115042008474
3.47857799157e-10	-9.9226639577e-05
3.51519460201e-10	-6.19983693468e-05
3.55181121245e-10	-9.45484987369e-06
3.58842782289e-10	4.61859890493e-05
3.62504443332e-10	9.15189320949e-05
3.66166104376e-10	0.000117301076898
3.6982776542e-10	0.00012142423293
3.73489426464e-10	0.000108195530629
3.77151087507e-10	8.4774555944e-05
3.80812748551e-10	5.7144740822e-05
3.84474409595e-10	2.80376607407e-05
3.88136070639e-10	-2.38779881556e-06
3.91797731683e-10	-3.40905635312e-05
3.95459392726e-10	-6.49124212941e-05
3.9912105377e-10	-9.02975771169e-05
4.02782714814e-10	-0.000105169739982
4.06444375858e-10	-0.000106665973362
4.10106036901e-10	-9.59317367233e-05
4.13767697945e-10	-7.76837114245e-05
4.17429358989e-10	-5.77392384002e-05
4.21091020033e-10	-3.99994623876e-05
4.24752681076e-10	-2.46390559369e-05
4.2841434212e-10	-8.59446981849e-06
4.32076003164e-10	1.18806062801e-05
4.35737664208e-10	3.82035505027e-05
4.39399325251e-10	6.77435546095e-05
4.43060986295e-10	9.44547628023e-05
4.46722647339e-10	0.000111549681606
4.50384308383e-10	0.000114589340228
4.54045969426e-10	0.000103292632048
4.5770763047e-10	8.11558038549e-05
4.61369291514e-10	5.32833500984e-05
4.65030952558e-10	2.38770144279e-05
4.68692613602e-10	-5.16562181474e-06
4.72354274645e-10	-3.38994996127e-05
4.76015935689e-10	-6.27025347057e-05
4.79677596733e-10	-9.05748966034e-05
4.83339257777e-10	-0.000114493483125
4.8700091882e-10	-0.000130209267809
4.90662579864e-10	-0.000134010420879
4.94324240908e-10	-0.000124475565826
4.97985901952e-10	-0.000103312384454
5.01647562995e-10	-7.48741258576e-05
5.05309224039e-10	-4.46345520686e-05
5.08970885083e-10	-1.73769612957e-05
5.12632546127e-10	4.09991935157e-06
5.1629420717e-10	1.92707325368e-05
5.19955868214e-10	2.92504214485e-05
5.23617529258e-10	3.57598491973e-05
5.27279190302e-10	4.02169916924e-05
5.30940851345e-10	4.33212862845e-05
5.34602512389e-10	4.5074368245e-05
5.38264173433e-10	4.50132301921e-05
5.41925834477e-10	4.24387899329e-05
5.45587495521e-10	3.66377998944e-05
5.49249156564e-10	2.71642893495e-05
5.52910817608e-10	1.41918856116e-05
5.56572478652e-10	-1.17974420277e-06
5.60234139696e-10	-1.69142299455e-05
5.63895800739e-10	-3.0436725865e-05
5.67557461783e-10	-3.92926176573e-05
5.71219122827e-10	-4.18594281655e-05
5.74880783871e-10	-3.78051290681e-05
5.78542444914e-10	-2.81434786302e-05
5.82204105958e-10	-1.49339871314e-05
5.85865767002e-10	-7.12055012286e-07
5.89527428046e-10	1.21707996641e-05
5.93189089089e-10	2.20643887587e-05
5.96850750133e-10	2.83016183857e-05
6.00512411177e-10	3.11281269205e-05
6.04174072221e-10	3.13234677378e-05
6.07835733264e-10	2.97472211059e-05
6.11497394308e-10	2.69690440291e-05
6.15159055352e-10	2.31663266277e-05
6.18820716396e-10	1.82838889486e-05
6.2248237744e-10	1.22940894016e-05
6.26144038483e-10	5.44655699741e-06
6.29805699527e-10	-1.61774167395e-06
6.33467360571e-10	-7.94431889517e-06
6.37129021615e-10	-1.25371391277e-05
6.40790682658e-10	-1.47509736053e-05
6.44452343702e-10	-1.46500256051e-05
6.48114004746e-10	-1.31017834519e-05
6.5177566579e-10	-1.14692766147e-05
6.55437326833e-10	-1.09781817628e-05
6.59098987877e-10	-1.20633937968e-05
6.62760648921e-10	-1.4070684756e-05
6.66422309965e-10	-1.55574980454e-05
6.70083971008e-10	-1.50606142597e-05
6.73745632052e-10	-1.1936986084e-05
6.77407293096e-10	-6.80436858147e-06
6.8106895414e-10	-1.33492139298e-06
6.84730615183e-10	2.493793545e-06
6.88392276227e-10	3.28749115397e-06
6.92053937271e-10	8.66740023753e-07
6.95715598315e-10	-3.67332097539e-06
6.99377259359e-10	-8.44007581691e-06
7.03038920402e-10	-1.15280593036e-05
7.06700581446e-10	-1.17462161597e-05
7.1036224249e-10	-8.96406345419e-06
7.14023903534e-10	-3.97579668743e-06
7.17685564577e-10	1.99465210926e-06
7.21347225621e-10	7.87233511801e-06
7.25008886665e-10	1.30647947572e-05
7.28670547709e-10	1.74577394318e-05
7.32332208752e-10	2.11264259633e-05
7.35993869796e-10	2.40211738856e-05
7.3965553084e-10	2.58517275142e-05
7.43317191884e-10	2.61960044554e-05
7.46978852927e-10	2.47258744821e-05
7.50640513971e-10	2.13807256841e-05
7.54302175015e-10	1.63670374604e-05
7.57963836059e-10	1.00733063846e-05
7.61625497102e-10	2.97932012927e-06
7.65287158146e-10	-4.37045673607e-06
7.6894881919e-10	-1.13488304123e-05
7.72610480234e-10	-1.72862901309e-05
7.76272141278e-10	-2.16260118577e-05
7.79933802321e-10	-2.41138964157e-05
7.83595463365e-10	-2.49308309321e-05
7.87257124409e-10	-2.46127974606e-05
7.90918785453e-10	-2.37774220295e-05
7.94580446496e-10	-2.27668751904e-05
7.9824210754e-10	-2.14056271943e-05
8.01903768584e-10	-1.90104588e-05
8.05565429628e-10	-1.47076925714e-05
8.09227090671e-10	-7.93364631591e-06
8.12888751715e-10	1.09507121238e-06
8.16550412759e-10	1.11993119845e-05
8.20212073803e-10	2.04729226425e-05
8.23873734846e-10	2.69221632152e-05
8.2753539589e-10	2.92099057333e-05
8.31197056934e-10	2.71987150882e-05
8.34858717978e-10	2.19926969294e-05
8.38520379021e-10	1.54488175212e-05
8.42182040065e-10	9.39362166719e-06
8.45843701109e-10	4.92272067731e-06
8.49505362153e-10	2.08352702202e-06
8.53167023197e-10	7.94344252597e-08
8.5682868424e-10	-2.19634262066e-06
8.60490345284e-10	-5.54937696506e-06
8.64152006328e-10	-1.00722593288e-05
8.67813667372e-10	-1.50797318383e-05
8.71475328415e-10	-1.93688406398e-05
8.75136989459e-10	-2.16819030356e-05
8.78798650503e-10	-2.12048521462e-05
8.82460311547e-10	-1.78857599167e-05
8.8612197259e-10	-1.24894866076e-05
8.89783633634e-10	-6.3282039946e-06
8.93445294678e-10	-7.87339601516e-07
8.97106955722e-10	3.16756063512e-06
9.00768616765e-10	5.30108422936e-06
9.04430277809e-10	6.10675567714e-06
9.08091938853e-10	6.50221511478e-06
9.11753599897e-10	7.37514744742e-06
9.1541526094e-10	9.14851375455e-06
9.19076921984e-10	1.15614188871e-05
9.22738583028e-10	1.37327128868e-05
9.26400244072e-10	1.45071346651e-05
9.30061905116e-10	1.29553927763e-05
9.33723566159e-10	8.83472307578e-06
9.37385227203e-10	2.79932771718e-06
9.41046888247e-10	-3.74710333517e-06
9.44708549291e-10	-9.14864449442e-06
9.48370210334e-10	-1.2124205341e-05
9.52031871378e-10	-1.22734520573e-05
9.55693532422e-10	-1.02112740024e-05
9.59355193466e-10	-7.282855222e-06
9.63016854509e-10	-4.97846838243e-06
9.66678515553e-10	-4.31519117683e-06
9.70340176597e-10	-5.44704062122e-06
9.74001837641e-10	-7.64319668178e-06
9.77663498684e-10	-9.61741056926e-06
9.81325159728e-10	-1.00754039067e-05
9.84986820772e-10	-8.23790651339e-06
9.88648481816e-10	-4.16992588725e-06
9.92310142859e-10	1.2219079224e-06
9.95971803903e-10	6.52408709811e-06
9.99633464947e-10	1.0344878774e-05
1.00329512599e-09	1.1847983842e-05
1.00695678703e-09	1.10648550162e-05
1.01061844808e-09	8.84261976353e-06
1.01428010912e-09	6.46696321382e-06
1.01794177017e-09	5.09878850607e-06
1.02160343121e-09	5.28696841684e-06
1.02526509225e-09	6.76284901147e-06
1.0289267533e-09	8.58001703818e-06
1.03258841434e-09	9.54186498348e-06
1.03625007538e-09	8.72433997756e-06
1.03991173643e-09	5.87101089877e-06
1.04357339747e-09	1.52378277107e-06
1.04723505852e-09	-3.18541015076e-06
1.05089671956e-09	-6.98797225596e-06
1.0545583806e-09	-8.9966943051e-06
1.05822004165e-09	-9.07244179871e-06
1.06188170269e-09	-7.86061764302e-06
1.06554336373e-09	-6.47453441616e-06
1.06920502478e-09	-5.96241977746e-06
1.07286668582e-09	-6.80639709572e-06
1.07652834687e-09	-8.70110238793e-06
1.08019000791e-09	-1.06954885268e-05
1.08385166895e-09	-1.16297956083e-05
1.08751333e-09	-1.06445522761e-05
1.09117499104e-09	-7.54323309593e-06
1.09483665208e-09	-2.8798684184e-06
1.09849831313e-09	2.24972490059e-06
1.10215997417e-09	6.60565149246e-06
1.10582163522e-09	9.24910659705e-06
1.10948329626e-09	9.87119756246e-06
1.1131449573e-09	8.87941382643e-06
1.11680661835e-09	7.20109744634e-06
1.12046827939e-09	5.87393583373e-06
1.12412994043e-09	5.5846687701e-06
1.12779160148e-09	6.38062283542e-06
1.13145326252e-09	7.6629993373e-06
1.13511492357e-09	8.47479168442e-06
1.13877658461e-09	7.93893798345e-06
1.14243824565e-09	5.63758680983e-06
1.1460999067e-09	1.80436978781e-06
1.14976156774e-09	-2.74931505828e-06
1.15342322878e-09	-6.92365199484e-06
1.15708488983e-09	-9.71879876488e-06
1.16074655087e-09	-1.06027982838e-05
1.16440821192e-09	-9.69818870544e-06
1.16806987296e-09	-7.71453176185e-06
1.171731534e-09	-5.63482842608e-06
1.17539319505e-09	-4.2712706545e-06
1.17905485609e-09	-3.9066146087e-06
1.18271651714e-09	-4.19235470872e-06
1.18637817818e-09	-4.35212905359e-06
1.19003983922e-09	-3.59321307997e-06
1.19370150027e-09	-1.51206850774e-06
1.19736316131e-09	1.69971076502e-06
1.20102482235e-09	5.31370517365e-06
1.2046864834e-09	8.35994433146e-06
1.20834814444e-09	1.00017618934e-05
1.21200980549e-09	9.8535183497e-06
1.21567146653e-09	8.12106122794e-06
1.21933312757e-09	5.50793674847e-06
1.22299478862e-09	2.93475886792e-06
1.22665644966e-09	1.15593698524e-06
1.2303181107e-09	4.56414980476e-07
1.23397977175e-09	5.4873341071e-07
1.23764143279e-09	7.36867221462e-07
1.24130309384e-09	2.72597045381e-07
1.24496475488e-09	-1.27471167843e-06
1.24862641592e-09	-3.79855708843e-06
1.25228807697e-09	-6.68889128974e-06
1.25594973801e-09	-9.08470929062e-06
1.25961139905e-09	-1.02170367882e-05
1.2632730601e-09	-9.70510677689e-06
1.26693472114e-09	-7.69593930272e-06
1.27059638219e-09	-4.80145001802e-06
1.27425804323e-09	-1.86969407423e-06
1.27791970427e-09	3.36483196861e-07
1.28158136532e-09	1.43573103628e-06
1.28524302636e-09	1.5616871849e-06
1.2889046874e-09	1.28493672946e-06
1.29256634845e-09	1.32484834126e-06
1.29622800949e-09	2.18974446398e-06
1.29988967054e-09	3.92451943299e-06
1.30355133158e-09	6.06947594406e-06
1.30721299262e-09	7.87468377439e-06
1.31087465367e-09	8.6308086793e-06
1.31453631471e-09	7.97640359451e-06
1.31819797575e-09	6.04286037742e-06
1.3218596368e-09	3.3896453715e-06
1.32552129784e-09	7.76794578883e-07
1.32918295889e-09	-1.13175397587e-06
1.33284461993e-09	-2.02254358328e-06
1.33650628097e-09	-2.04264114245e-06
1.34016794202e-09	-1.72003387888e-06
1.34382960306e-09	-1.71460351339e-06
1.3474912641e-09	-2.49315206702e-06
1.35115292515e-09	-4.08894834436e-06
1.35481458619e-09	-6.05678803822e-06
1.35847624724e-09	-7.66325524637e-06
1.36213790828e-09	-8.22048627924e-06
1.36579956932e-09	-7.39296842767e-06
1.36946123037e-09	-5.34738933311e-06
1.37312289141e-09	-2.67314163693e-06
1.37678455245e-09	-1.38620492862e-07
1.3804462135e-09	1.60829279139e-06
1.38410787454e-09	2.28270045e-06
1.38776953559e-09	2.05138894671e-06
1.39143119663e-09	1.45353050129e-06
1.39509285767e-09	1.1639752131e-06
1.39875451872e-09	1.68854222693e-06
1.40241617976e-09	3.11550462584e-06
1.4060778408e-09	5.04026070303e-06
1.40973950185e-09	6.72091482556e-06
1.41340116289e-09	7.40710015634e-06
1.41706282394e-09	6.68156826578e-06
1.42072448498e-09	4.65668654215e-06
1.42438614602e-09	1.92829838852e-06
1.42804780707e-09	-6.84570295562e-07
1.43170946811e-09	-2.47072495085e-06
1.43537112915e-09	-3.10465674147e-06
1.4390327902e-09	-2.74576984793e-06
1.44269445124e-09	-1.94501029682e-06
1.44635611229e-09	-1.40304004503e-06
1.45001777333e-09	-1.65806864061e-06
1.45367943437e-09	-2.83944069679e-06
1.45734109542e-09	-4.58046895346e-06
1.46100275646e-09	-6.15280805505e-06
1.4646644175e-09	-6.78199103277e-06
1.46832607855e-09	-6.00289297381e-06
1.47198773959e-09	-3.88914043015e-06
1.47564940064e-09	-1.04074368323e-06
1.47931106168e-09	1.67035091181e-06
1.48297272272e-09	3.46470858403e-06
1.48663438377e-09	3.96659117996e-06
1.49029604481e-09	3.33149131393e-06
1.49395770585e-09	2.14738872728e-06
1.4976193669e-09	1.17414174383e-06
1.50128102794e-09	1.0197997824e-06
1.50494268899e-09	1.87999739865e-06
1.50860435003e-09	3.44284978837e-06
1.51226601107e-09	4.99437533108e-06
1.51592767212e-09	5.71695102281e-06
1.51958933316e-09	5.04557999648e-06
1.5232509942e-09	2.94554166658e-06
1.52691265525e-09	-3.86742549097e-08
1.53057431629e-09	-2.99462311659e-06
1.53423597734e-09	-5.01869681102e-06
1.53789763838e-09	-5.59008583423e-06
1.54155929942e-09	-4.77064384086e-06
1.54522096047e-09	-3.14773240007e-06
1.54888262151e-09	-1.56752886937e-06
1.55254428256e-09	-7.73817873778e-07
1.5562059436e-09	-1.10232068096e-06
1.55986760464e-09	-2.3481747462e-06
1.56352926569e-09	-3.84669976938e-06
1.56719092673e-09	-4.74738385492e-06
1.57085258777e-09	-4.38126369318e-06
1.57451424882e-09	-2.56371322394e-06
1.57817590986e-09	2.83713788463e-07
1.58183757091e-09	3.28760557977e-06
1.58549923195e-09	5.47766580894e-06
1.58916089299e-09	6.19537422608e-06
1.59282255404e-09	5.36911795734e-06
1.59648421508e-09	3.52091262812e-06
1.60014587612e-09	1.5228302459e-06
1.60380753717e-09	2.1596310873e-07
1.60746919821e-09	6.31999519385e-08
1.61113085926e-09	9.77404639002e-07
1.6147925203e-09	2.37334359099e-06
1.61845418134e-09	3.41884117461e-06
1.62211584239e-09	3.38422512414e-06
1.62577750343e-09	1.96054651269e-06
1.62943916447e-09	-5.82971964036e-07
1.63310082552e-09	-3.47560597902e-06
1.63676248656e-09	-5.75187664253e-06
1.64042414761e-09	-6.6515240178e-06
1.64408580865e-09	-5.94986966007e-06
1.64774746969e-09	-4.04666081977e-06
1.65140913074e-09	-1.78127837103e-06
1.65507079178e-09	-6.18565927368e-08
1.65873245282e-09	5.20680444538e-07
1.66239411387e-09	-8.2800539758e-08
1.66605577491e-09	-1.38645310699e-06
1.66971743596e-09	-2.59247372014e-06
1.673379097e-09	-2.93285665975e-06
1.67704075804e-09	-1.98794242579e-06
1.68070241909e-09	1.21554126764e-07
1.68436408013e-09	2.7616139846e-06
1.68802574117e-09	5.02620468978e-06
1.69168740222e-09	6.10908909948e-06
1.69534906326e-09	5.65154448395e-06
1.69901072431e-09	3.90260714767e-06
1.70267238535e-09	1.60494869306e-06
1.70633404639e-09	-3.33793281015e-07
1.70999570744e-09	-1.23965423882e-06
1.71365736848e-09	-9.45874532476e-07
1.71731902952e-09	1.71115441816e-07
1.72098069057e-09	1.38060391919e-06
1.72464235161e-09	1.92865849158e-06
1.72830401266e-09	1.3544046169e-06
1.7319656737e-09	-3.16457935412e-07
1.73562733474e-09	-2.57081160271e-06
1.73928899579e-09	-4.60830221982e-06
1.74295065683e-09	-5.66230062304e-06
1.74661231787e-09	-5.3284546766e-06
1.75027397892e-09	-3.74892590571e-06
1.75393563996e-09	-1.55945656388e-06
1.75759730101e-09	3.87048743278e-07
1.76125896205e-09	1.39964231494e-06
1.76492062309e-09	1.24867537465e-06
1.76858228414e-09	2.44043874886e-07
1.77224394518e-09	-9.29602038013e-07
1.77590560622e-09	-1.53488511501e-06
1.77956726727e-09	-1.11003311076e-06
1.78322892831e-09	3.38700786529e-07
1.78689058936e-09	2.33694078133e-06
1.7905522504e-09	4.13616612605e-06
1.79421391144e-09	5.01706426803e-06
1.79787557249e-09	4.58989882191e-06
1.80153723353e-09	2.97629583201e-06
1.80519889457e-09	7.73867682824e-07
1.80886055562e-09	-1.18503044177e-06
1.81252221666e-09	-2.19677087898e-06
1.81618387771e-09	-2.00192363309e-06
1.81984553875e-09	-8.96362408298e-07
1.82350719979e-09	4.11682918866e-07
1.82716886084e-09	1.13787103828e-06
1.83083052188e-09	7.82397890475e-07
1.83449218292e-09	-6.47302783818e-07
1.83815384397e-09	-2.64043615061e-06
1.84181550501e-09	-4.40079168129e-06
1.84547716606e-09	-5.17823389146e-06
1.8491388271e-09	-4.5793975687e-06
1.85280048814e-09	-2.744192102e-06
1.85646214919e-09	-3.08164587182e-07
1.86012381023e-09	1.84114753665e-06
1.86378547127e-09	2.92859004958e-06
1.86744713232e-09	2.63450999682e-06
1.87110879336e-09	1.24500391507e-06
1.87477045441e-09	-4.64158873115e-07
1.87843211545e-09	-1.57345959906e-06
1.88209377649e-09	-1.44236472011e-06
1.88575543754e-09	-1.42918921142e-09
1.88941709858e-09	2.209234367e-06
1.89307875962e-09	4.2713328412e-06
1.89674042067e-09	5.2780948181e-06
1.90040208171e-09	4.7108403578e-06
1.90406374276e-09	2.66063511845e-06
1.9077254038e-09	-1.92803124577e-07
1.91138706484e-09	-2.83579913685e-06
1.91504872589e-09	-4.31732166817e-06
1.91871038693e-09	-4.14335306687e-06
1.92237204797e-09	-2.5011132152e-06
1.92603370902e-09	-1.99970831005e-07
1.92969537006e-09	1.66128387491e-06
1.93335703111e-09	2.17592122453e-06
1.93701869215e-09	1.03368284954e-06
1.94068035319e-09	-1.33182899731e-06
1.94434201424e-09	-3.92390882098e-06
1.94800367528e-09	-5.6074177337e-06
1.95166533633e-09	-5.58272108719e-06
1.95532699737e-09	-3.71674428834e-06
1.95898865841e-09	-6.0366295429e-07
1.96265031946e-09	2.66316749276e-06
1.9663119805e-09	4.90964418987e-06
1.96997364154e-09	5.34579623945e-06
1.97363530259e-09	3.89039865922e-06
1.97729696363e-09	1.22185213058e-06
1.98095862468e-09	-1.4844015368e-06
1.98462028572e-09	-3.04223777903e-06
1.98828194676e-09	-2.76254650089e-06
1.99194360781e-09	-7.53083568839e-07
1.99560526885e-09	2.1200177116e-06
1.99926692989e-09	4.60305136585e-06
2.00292859094e-09	5.58070416901e-06
2.00659025198e-09	4.53534141798e-06
2.01025191303e-09	1.75423372184e-06
2.01391357407e-09	-1.78938566364e-06
2.01757523511e-09	-4.8173722007e-06
2.02123689616e-09	-6.24187350695e-06
2.0248985572e-09	-5.59171439818e-06
2.02856021824e-09	-3.199896355e-06
2.03222187929e-09	-8.16530469905e-08
2.03588354033e-09	2.4723245815e-06
2.03954520138e-09	3.42503909678e-06
2.04320686242e-09	2.42561878849e-06
2.04686852346e-09	-4.49256134516e-08
2.05053018451e-09	-2.88224464384e-06
2.05419184555e-09	-4.83056044231e-06
2.05785350659e-09	-5.00323574215e-06
2.06151516764e-09	-3.23950780512e-06
2.06517682868e-09	-1.51050315367e-07
2.06883848973e-09	3.13406019359e-06
2.07250015077e-09	5.41881843219e-06
2.07616181181e-09	5.89924502492e-06
2.07982347286e-09	4.46612807536e-06
2.0834851339e-09	1.73961814198e-06
2.08714679494e-09	-1.17863319815e-06
2.09080845599e-09	-3.15019065056e-06
2.09447011703e-09	-3.45597544538e-06
2.09813177808e-09	-2.08677062119e-06
2.10179343912e-09	2.70349442388e-07
2.10545510016e-09	2.53641456993e-06
2.10911676121e-09	3.70098172198e-06
2.11277842225e-09	3.23646861489e-06
2.11644008329e-09	1.29228965307e-06
2.12010174434e-09	-1.3970244197e-06
2.12376340538e-09	-3.82463031201e-06
2.12742506643e-09	-5.11339078457e-06
2.13108672747e-09	-4.84166048409e-06
2.13474838851e-09	-3.1832327636e-06
2.13841004956e-09	-8.19416186459e-07
2.1420717106e-09	1.3415696003e-06
2.14573337164e-09	2.52708122161e-06
2.14939503269e-09	2.40080555614e-06
2.15305669373e-09	1.1821790622e-06
2.15671835478e-09	-4.75439449588e-07
2.16038001582e-09	-1.78127436357e-06
2.16404167686e-09	-2.1497280045e-06
2.16770333791e-09	-1.43080984571e-06
2.17136499895e-09	6.461937474e-08
2.17502665999e-09	1.72971957113e-06
2.17868832104e-09	2.93146473496e-06
2.18234998208e-09	3.25811936364e-06
2.18601164313e-09	2.65310575287e-06
2.18967330417e-09	1.403389291e-06
2.19333496521e-09	-1.81777437547e-09
2.19699662626e-09	-1.07521455561e-06
2.2006582873e-09	-1.52137712917e-06
2.20431994834e-09	-1.33910370437e-06
2.20798160939e-09	-7.90698990727e-07
2.21164327043e-09	-2.56615976468e-07
2.21530493148e-09	-4.55945006195e-08
2.21896659252e-09	-2.53505646697e-07
2.22262825356e-09	-7.43872433873e-07
2.22628991461e-09	-1.24581981709e-06
2.22995157565e-09	-1.50951294131e-06
2.23361323669e-09	-1.43130807828e-06
2.23727489774e-09	-1.08479574124e-06
2.24093655878e-09	-6.59753183641e-07
2.24459821983e-09	-3.48818510076e-07
2.24825988087e-09	-2.44241050495e-07
2.25192154191e-09	-2.93925417338e-07
2.25558320296e-09	-3.28784409476e-07
2.259244864e-09	-1.54859904455e-07
2.26290652504e-09	3.3366467278e-07
2.26656818609e-09	1.07080541056e-06
2.27022984713e-09	1.81138744892e-06
2.27389150818e-09	2.22470958988e-06
2.27755316922e-09	2.05197790137e-06
2.28121483026e-09	1.25594843325e-06
2.28487649131e-09	8.03854298681e-08
2.28853815235e-09	-1.02899358012e-06
2.29219981339e-09	-1.61350766348e-06
2.29586147444e-09	-1.41345856264e-06
2.29952313548e-09	-5.07050160081e-07
2.30318479653e-09	7.02095789507e-07
2.30684645757e-09	1.63809980336e-06
2.31050811861e-09	1.79403679113e-06
2.31416977966e-09	9.58482772262e-07
2.3178314407e-09	-6.67411214295e-07
2.32149310175e-09	-2.51505292681e-06
2.32515476279e-09	-3.8535338831e-06
2.32881642383e-09	-4.08500875437e-06
2.33247808488e-09	-3.00830362221e-06
2.33613974592e-09	-9.40324540011e-07
2.33980140696e-09	1.37822763691e-06
2.34346306801e-09	3.06550720097e-06
2.34712472905e-09	3.45984983596e-06
2.3507863901e-09	2.40603873181e-06
2.35444805114e-09	3.39697407981e-07
2.35810971218e-09	-1.87332969404e-06
2.36177137323e-09	-3.27967541125e-06
2.36543303427e-09	-3.22881993498e-06
2.36909469531e-09	-1.64904059829e-06
2.37275635636e-09	9.0137082509e-07
2.3764180174e-09	3.43506746958e-06
2.38007967845e-09	4.9205908681e-06
2.38374133949e-09	4.69714336759e-06
2.38740300053e-09	2.75859775911e-06
2.39106466158e-09	-2.19780947219e-07
2.39472632262e-09	-3.13248989414e-06
2.39838798366e-09	-4.87654460812e-06
2.40204964471e-09	-4.79727930269e-06
2.40571130575e-09	-2.95686788832e-06
2.4093729668e-09	-1.17389287624e-07
2.41303462784e-09	2.55951931649e-06
2.41669628888e-09	3.97651007233e-06
2.42035794993e-09	3.54066895625e-06
2.42401961097e-09	1.40386634939e-06
2.42768127201e-09	-1.5903214603e-06
2.43134293306e-09	-4.23887888701e-06
2.4350045941e-09	-5.45579916889e-06
2.43866625515e-09	-4.70762347504e-06
2.44232791619e-09	-2.23229181984e-06
2.44598957723e-09	1.05156567543e-06
2.44965123828e-09	3.90651013049e-06
2.45331289932e-09	5.26725966665e-06
2.45697456036e-09	4.66051062631e-06
2.46063622141e-09	2.38406937569e-06
2.46429788245e-09	-6.2001835488e-07
2.4679595435e-09	-3.14759745379e-06
2.47162120454e-09	-4.21119602834e-06
2.47528286558e-09	-3.42512902307e-06
2.47894452663e-09	-1.14962310249e-06
2.48260618767e-09	1.66480782582e-06
2.48626784871e-09	3.86320203916e-06
2.48992950976e-09	4.54951191386e-06
2.4935911708e-09	3.43925404422e-06
2.49725283185e-09	9.61168282743e-07
2.50091449289e-09	-1.92896800399e-06
2.50457615393e-09	-4.13838654367e-06
2.50823781498e-09	-4.87170564156e-06
2.51189947602e-09	-3.92860425791e-06
2.51556113706e-09	-1.75840017391e-06
2.51922279811e-09	7.42436554901e-07
2.52288445915e-09	2.59920926737e-06
2.5265461202e-09	3.1398842566e-06
2.53020778124e-09	2.24581759767e-06
2.53386944228e-09	3.73080439431e-07
2.53753110333e-09	-1.65395383078e-06
2.54119276437e-09	-2.98790467923e-06
2.54485442541e-09	-3.10085601996e-06
2.54851608646e-09	-1.98057259126e-06
2.5521777475e-09	-1.06775301489e-07
2.55583940855e-09	1.7715877334e-06
2.55950106959e-09	2.95387161486e-06
2.56316273063e-09	3.06041317799e-06
2.56682439168e-09	2.1532744654e-06
2.57048605272e-09	6.7261055392e-07
2.57414771376e-09	-7.71232436136e-07
2.57780937481e-09	-1.6507874534e-06
2.58147103585e-09	-1.72037624679e-06
2.5851326969e-09	-1.08664005438e-06
2.58879435794e-09	-1.31362718037e-07
2.59245601898e-09	6.73061549605e-07
2.59611768003e-09	9.74603622694e-07
2.59977934107e-09	6.84251688199e-07
2.60344100211e-09	-1.15767306852e-08
2.60710266316e-09	-7.64836769918e-07
2.6107643242e-09	-1.248079883e-06
2.61442598525e-09	-1.3050477321e-06
2.61808764629e-09	-1.00179187257e-06
2.62174930733e-09	-5.61811376087e-07
2.62541096838e-09	-2.30509581201e-07
2.62907262942e-09	-1.4550026961e-07
2.63273429046e-09	-2.74712647297e-07
2.63639595151e-09	-4.45447042807e-07
2.64005761255e-09	-4.44602079597e-07
2.6437192736e-09	-1.40590323383e-07
2.64738093464e-09	4.31369954867e-07
2.65104259568e-09	1.05950047669e-06
2.65470425673e-09	1.44198392604e-06
2.65836591777e-09	1.33215868914e-06
2.66202757881e-09	6.83464079998e-07
2.66568923986e-09	-2.88477714605e-07
2.6693509009e-09	-1.17289641821e-06
2.67301256195e-09	-1.54225816118e-06
2.67667422299e-09	-1.16450510745e-06
2.68033588403e-09	-1.38883848422e-07
2.68399754508e-09	1.11700967409e-06
2.68765920612e-09	2.03197282644e-06
2.69132086716e-09	2.128586857e-06
2.69498252821e-09	1.24083805986e-06
2.69864418925e-09	-3.8850816253e-07
2.7023058503e-09	-2.17653007439e-06
2.70596751134e-09	-3.41420337691e-06
2.70962917238e-09	-3.54950196879e-06
2.71329083343e-09	-2.43152436497e-06
2.71695249447e-09	-4.1328577538e-07
2.72061415552e-09	1.75071733111e-06
2.72427581656e-09	3.18985058811e-06
2.7279374776e-09	3.28033900132e-06
2.73159913865e-09	1.93150452787e-06
2.73526079969e-09	-3.45149260284e-07
2.73892246073e-09	-2.6232389132e-06
2.74258412178e-09	-3.93595485093e-06
2.74624578282e-09	-3.67880619478e-06
2.74990744387e-09	-1.86731722351e-06
2.75356910491e-09	8.50136430586e-07
2.75723076595e-09	3.43464739672e-06
2.760892427e-09	4.85467114686e-06
2.76455408804e-09	4.49540596037e-06
2.76821574908e-09	2.41926733224e-06
2.77187741013e-09	-6.2654704891e-07
2.77553907117e-09	-3.47881461948e-06
2.77920073222e-09	-5.0105062428e-06
2.78286239326e-09	-4.59467321434e-06
2.7865240543e-09	-2.37920681911e-06
2.79018571535e-09	7.52347958155e-07
2.79384737639e-09	3.53121140506e-06
2.79750903743e-09	4.81842585032e-06
2.80117069848e-09	4.0676155777e-06
2.80483235952e-09	1.54529777774e-06
2.80849402057e-09	-1.77498910148e-06
2.81215568161e-09	-4.59500597572e-06
2.81581734265e-09	-5.79519041821e-06
2.8194790037e-09	-4.87244142278e-06
2.82314066474e-09	-2.14329048731e-06
2.82680232578e-09	1.3636372671e-06
2.83046398683e-09	4.2988461928e-06
2.83412564787e-09	5.52299252377e-06
2.83778730892e-09	4.56790894532e-06
2.84144896996e-09	1.834097759e-06
2.845110631e-09	-1.56757840841e-06
2.84877229205e-09	-4.26884923854e-06
2.85243395309e-09	-5.19898742368e-06
2.85609561413e-09	-4.00888893637e-06
2.85975727518e-09	-1.19471698667e-06
2.86341893622e-09	2.11699330066e-06
2.86708059727e-09	4.62064974727e-06
2.87074225831e-09	5.33823174464e-06
2.87440391935e-09	3.99101605808e-06
2.8780655804e-09	1.09933387193e-06
2.88172724144e-09	-2.21980064907e-06
2.88538890248e-09	-4.68995563097e-06
2.88905056353e-09	-5.37675475698e-06
2.89271222457e-09	-4.0590188064e-06
2.89637388562e-09	-1.31155957206e-06
2.90003554666e-09	1.73882102672e-06
2.9036972077e-09	3.87993310369e-06
2.90735886875e-09	4.30392151429e-06
2.91102052979e-09	2.91349118697e-06
2.91468219083e-09	3.28273983996e-07
2.91834385188e-09	-2.39130690716e-06
2.92200551292e-09	-4.17486023707e-06
2.92566717397e-09	-4.35184017533e-06
2.92932883501e-09	-2.89038774781e-06
2.93299049605e-09	-3.87861369688e-07
2.9366521571e-09	2.17480254605e-06
2.94031381814e-09	3.82143099387e-06
2.94397547918e-09	3.96106673861e-06
2.94763714023e-09	2.61286578507e-06
2.95129880127e-09	3.79881043955e-07
2.95496046232e-09	-1.81657395615e-06
2.95862212336e-09	-3.12431507155e-06
2.9622837844e-09	-3.10116877245e-06
2.96594544545e-09	-1.86278069236e-06
2.96960710649e-09	6.0701665916e-09
2.97326876753e-09	1.72131578324e-06
2.97693042858e-09	2.61982421534e-06
2.98059208962e-09	2.4026235792e-06
2.98425375067e-09	1.21824498933e-06
2.98791541171e-09	-4.26023859745e-07
2.99157707275e-09	-1.87957627418e-06
2.9952387338e-09	-2.60646083916e-06
2.99890039484e-09	-2.38853982637e-06
3.00256205588e-09	-1.3944057855e-06
3.00622371693e-09	-8.66201652627e-08
3.00988537797e-09	9.91555580754e-07
3.01354703902e-09	1.45200374391e-06
3.01720870006e-09	1.2097383717e-06
3.0208703611e-09	4.81736520896e-07
3.02453202215e-09	-3.46577387234e-07
3.02819368319e-09	-9.11345637178e-07
3.03185534423e-09	-1.01807609099e-06
3.03551700528e-09	-6.94068262419e-07
3.03917866632e-09	-1.39286100875e-07
3.04284032737e-09	3.83651368452e-07
3.04650198841e-09	6.66084375212e-07
3.05016364945e-09	6.34663464893e-07
3.0538253105e-09	3.67760037534e-07
3.05748697154e-09	4.4600266591e-08
3.06114863258e-09	-1.52397475972e-07
3.06481029363e-09	-1.37275559808e-07
3.06847195467e-09	3.13514370021e-08
3.07213361572e-09	1.85778983308e-07
3.07579527676e-09	1.52747158921e-07
3.0794569378e-09	-1.33984841e-07
3.08311859885e-09	-5.79077720886e-07
3.08678025989e-09	-9.66894845078e-07
3.09044192094e-09	-1.07455556986e-06
3.09410358198e-09	-7.95695669353e-07
3.09776524302e-09	-2.05718173163e-07
3.10142690407e-09	4.60563100546e-07
3.10508856511e-09	9.07465746991e-07
3.10875022615e-09	9.08412587819e-07
3.1124118872e-09	4.12065290334e-07
3.11607354824e-09	-4.15501162365e-07
3.11973520929e-09	-1.23754688275e-06
3.12339687033e-09	-1.67377390881e-06
3.12705853137e-09	-1.46592063288e-06
3.13072019242e-09	-6.12807681932e-07
3.13438185346e-09	5.9599351232e-07
3.1380435145e-09	1.68013966118e-06
3.14170517555e-09	2.16878640913e-06
3.14536683659e-09	1.81365732033e-06
3.14902849764e-09	7.12662696856e-07
3.15269015868e-09	-7.16768482789e-07
3.15635181972e-09	-1.90448520243e-06
3.16001348077e-09	-2.3616498197e-06
3.16367514181e-09	-1.88347169683e-06
3.16733680285e-09	-6.39296871441e-07
3.1709984639e-09	8.8273110066e-07
3.17466012494e-09	2.0605442046e-06
3.17832178599e-09	2.38349002757e-06
3.18198344703e-09	1.66899826581e-06
3.18564510807e-09	1.56510129301e-07
3.18930676912e-09	-1.56913034743e-06
3.19296843016e-09	-2.80732780311e-06
3.1966300912e-09	-3.03456829442e-06
3.20029175225e-09	-2.13099917801e-06
3.20395341329e-09	-4.40021707959e-07
3.20761507434e-09	1.36927906169e-06
3.21127673538e-09	2.57712434859e-06
3.21493839642e-09	2.70586832585e-06
3.21860005747e-09	1.71124895587e-06
3.22226171851e-09	-1.38356526236e-09
3.22592337955e-09	-1.73825191041e-06
3.2295850406e-09	-2.79163924688e-06
3.23324670164e-09	-2.72169211257e-06
3.23690836269e-09	-1.53952521487e-06
3.24057002373e-09	2.89297602762e-07
3.24423168477e-09	2.0256683797e-06
3.24789334582e-09	2.95888264645e-06
3.25155500686e-09	2.70302433591e-06
3.2552166679e-09	1.35931239242e-06
3.25887832895e-09	-5.26777967025e-07
3.26253998999e-09	-2.19573496452e-06
3.26620165104e-09	-2.98980984326e-06
3.26986331208e-09	-2.61709709548e-06
3.27352497312e-09	-1.26050349536e-06
3.27718663417e-09	5.07996716692e-07
3.28084829521e-09	1.96305876443e-06
3.28450995625e-09	2.51806926599e-06
3.2881716173e-09	1.95792938484e-06
3.29183327834e-09	5.23801688246e-07
3.29549493939e-09	-1.18605470334e-06
3.29915660043e-09	-2.462691441e-06
3.30281826147e-09	-2.78196500858e-06
3.30647992252e-09	-2.02270467753e-06
3.31014158356e-09	-5.12954386522e-07
3.3138032446e-09	1.11618771825e-06
3.31746490565e-09	2.20324454858e-06
3.32112656669e-09	2.33209533462e-06
3.32478822774e-09	1.49485674683e-06
3.32844988878e-09	7.75354500604e-08
3.33211154982e-09	-1.31348892296e-06
3.33577321087e-09	-2.10559375091e-06
3.33943487191e-09	-1.99148419711e-06
3.34309653295e-09	-1.04671636336e-06
3.346758194e-09	3.08695760509e-07
3.35041985504e-09	1.48975291836e-06
3.35408151609e-09	1.9944734504e-06
3.35774317713e-09	1.6171511561e-06
3.36140483817e-09	5.33252631385e-07
3.36506649922e-09	-7.8208256582e-07
3.36872816026e-09	-1.76787381179e-06
3.3723898213e-09	-2.02292329732e-06
3.37605148235e-09	-1.47448795929e-06
3.37971314339e-09	-3.96076501374e-07
3.38337480444e-09	7.25059834394e-07
3.38703646548e-09	1.4041558245e-06
3.39069812652e-09	1.36441761356e-06
3.39435978757e-09	6.46773415269e-07
3.39802144861e-09	-4.16160887085e-07
3.40168310965e-09	-1.34577226163e-06
3.4053447707e-09	-1.72510249286e-06
3.40900643174e-09	-1.37983639092e-06
3.41266809279e-09	-4.57142064647e-07
3.41632975383e-09	6.36775936869e-07
3.41999141487e-09	1.41813993082e-06
3.42365307592e-09	1.54318772161e-06
3.42731473696e-09	9.6467341848e-07
3.430976398e-09	-4.85576912013e-08
3.43463805905e-09	-1.036192117e-06
3.43829972009e-09	-1.55544950076e-06
3.44196138114e-09	-1.37674288681e-06
3.44562304218e-09	-5.82709972718e-07
3.44928470322e-09	4.72230382798e-07
3.45294636427e-09	1.31534079628e-06
3.45660802531e-09	1.56004182372e-06
3.46026968635e-09	1.07455201714e-06
3.4639313474e-09	4.4869846505e-08
3.46759300844e-09	-1.09650639502e-06
3.47125466949e-09	-1.85277912124e-06
3.47491633053e-09	-1.88197481066e-06
3.47857799157e-09	-1.15424620617e-06
3.48223965262e-09	2.46506246526e-08
3.48590131366e-09	1.14297910159e-06
3.48956297471e-09	1.70751582118e-06
3.49322463575e-09	1.46315449001e-06
3.49688629679e-09	5.07011847617e-07
3.50054795784e-09	-7.5203313088e-07
3.50420961888e-09	-1.76831147769e-06
3.50787127992e-09	-2.09163732734e-06
3.51153294097e-09	-1.55953236458e-06
3.51519460201e-09	-3.70083427015e-07
3.51885626306e-09	9.93061419763e-07
3.5225179241e-09	1.95798958202e-06
3.52617958514e-09	2.1050389023e-06
3.52984124619e-09	1.35110366273e-06
3.53350290723e-09	-2.94707902526e-09
3.53716456827e-09	-1.39133618404e-06
3.54082622932e-09	-2.22273632744e-06
3.54448789036e-09	-2.13587298958e-06
3.54814955141e-09	-1.16033913855e-06
3.55181121245e-09	2.93471529744e-07
3.55547287349e-09	1.60764224688e-06
3.55913453454e-09	2.21861438376e-06
3.56279619558e-09	1.85490785043e-06
3.56645785662e-09	6.51142300967e-07
3.57011951767e-09	-9.05126952944e-07
3.57378117871e-09	-2.17179206174e-06
3.57744283976e-09	-2.61693355696e-06
3.5811045008e-09	-2.041908715e-06
3.58476616184e-09	-6.71807129038e-07
3.58842782289e-09	9.30443420089e-07
3.59208948393e-09	2.09620583291e-06
3.59575114497e-09	2.33401908645e-06
3.59941280602e-09	1.54184368739e-06
3.60307446706e-09	5.42191536113e-08
3.60673612811e-09	-1.49896999346e-06
3.61039778915e-09	-2.45886894845e-06
3.61405945019e-09	-2.41664469058e-06
3.61772111124e-09	-1.38294419116e-06
3.62138277228e-09	2.17893624921e-07
3.62504443332e-09	1.72364116224e-06
3.62870609437e-09	2.50865042517e-06
3.63236775541e-09	2.24163892426e-06
3.63602941646e-09	1.02522707834e-06
3.6396910775e-09	-6.41694512638e-07
3.64335273854e-09	-2.06846993933e-06
3.64701439959e-09	-2.66048459707e-06
3.65067606063e-09	-2.17152614823e-06
3.65433772167e-09	-8.11088369801e-07
3.65799938272e-09	8.43386786187e-07
3.66166104376e-09	2.09055122014e-06
3.66532270481e-09	2.40288625264e-06
3.66898436585e-09	1.6480829288e-06
3.67264602689e-09	1.41684733279e-07
3.67630768794e-09	-1.48743666273e-06
3.67996934898e-09	-2.5597468607e-06
3.68363101002e-09	-2.62720470801e-06
3.68729267107e-09	-1.6575982329e-06
3.69095433211e-09	-4.96806578099e-08
3.69461599316e-09	1.5312311632e-06
3.6982776542e-09	2.42862910227e-06
3.70193931524e-09	2.27035837952e-06
3.70560097629e-09	1.12714255351e-06
3.70926263733e-09	-5.15574271276e-07
3.71292429837e-09	-1.96206158876e-06
3.71658595942e-09	-2.60116070194e-06
3.72024762046e-09	-2.16440548684e-06
3.72390928151e-09	-8.36942803062e-07
3.72757094255e-09	8.23066542921e-07
3.73123260359e-09	2.12022854384e-06
3.73489426464e-09	2.51238236615e-06
3.73855592568e-09	1.83388823416e-06
3.74221758672e-09	3.63801504477e-07
3.74587924777e-09	-1.29041660557e-06
3.74954090881e-09	-2.44429440954e-06
3.75320256986e-09	-2.62047342403e-06
3.7568642309e-09	-1.74984529622e-06
3.76052589194e-09	-2.01119458865e-07
3.76418755299e-09	1.37295123182e-06
3.76784921403e-09	2.31044020893e-06
3.77151087507e-09	2.21976785042e-06
3.77517253612e-09	1.14270241625e-06
3.77883419716e-09	-4.658677355e-07
3.78249585821e-09	-1.93124310499e-06
3.78615751925e-09	-2.64244903292e-06
3.78981918029e-09	-2.30381374422e-06
3.79348084134e-09	-1.0556085499e-06
3.79714250238e-09	5.86824057791e-07
3.80080416342e-09	1.94673992837e-06
3.80446582447e-09	2.46579065788e-06
3.80812748551e-09	1.93469645637e-06
3.81178914656e-09	5.80778532822e-07
3.8154508076e-09	-1.02779702615e-06
3.81911246864e-09	-2.21924989319e-06
3.82277412969e-09	-2.50065227192e-06
3.82643579073e-09	-1.76289989895e-06
3.83009745177e-09	-3.22506252814e-07
3.83375911282e-09	1.21440848488e-06
3.83742077386e-09	2.2087398861e-06
3.84108243491e-09	2.25230127171e-06
3.84474409595e-09	1.33298780725e-06
3.84840575699e-09	-1.65621237613e-07
3.85206741804e-09	-1.62632164802e-06
3.85572907908e-09	-2.4529925895e-06
3.85939074013e-09	-2.31466191281e-06
3.86305240117e-09	-1.28034363911e-06
3.86671406221e-09	2.13128000581e-07
3.87037572326e-09	1.54366389893e-06
3.8740373843e-09	2.16467662995e-06
3.87769904534e-09	1.83177832014e-06
3.88136070639e-09	7.00197915648e-07
3.88502236743e-09	-7.46542312413e-07
3.88868402848e-09	-1.90391284605e-06
3.89234568952e-09	-2.29928383533e-06
3.89600735056e-09	-1.78264687634e-06
3.89966901161e-09	-5.80660739047e-07
3.90333067265e-09	8.04974732205e-07
3.90699233369e-09	1.80799548843e-06
3.91065399474e-09	2.02881426503e-06
3.91431565578e-09	1.39483714179e-06
3.91797731683e-09	1.83980827018e-07
3.92163897787e-09	-1.09464789944e-06
3.92530063891e-09	-1.91543699657e-06
3.92896229996e-09	-1.95420608406e-06
3.932623961e-09	-1.21885997828e-06
3.93628562204e-09	-3.80370934749e-08
3.93994728309e-09	1.0852497212e-06
3.94360894413e-09	1.68827853031e-06
3.94727060518e-09	1.53852187168e-06
3.95093226622e-09	7.21148310845e-07
3.95459392726e-09	-4.08287569087e-07
3.95825558831e-09	-1.38006004136e-06
3.96191724935e-09	-1.80461063337e-06
3.96557891039e-09	-1.52949732524e-06
3.96924057144e-09	-6.92660066193e-07
3.97290223248e-09	3.42694576716e-07
3.97656389353e-09	1.14453462174e-06
3.98022555457e-09	1.39359764262e-06
3.98388721561e-09	1.01288395626e-06
3.98754887666e-09	1.91527096405e-07
3.9912105377e-09	-7.04348607883e-07
3.99487219874e-09	-1.29530195636e-06
3.99853385979e-09	-1.34841903332e-06
4.00219552083e-09	-8.68805230425e-07
4.00585718188e-09	-8.42051832706e-08
4.00951884292e-09	6.62871613599e-07
4.01318050396e-09	1.06487715357e-06
4.01684216501e-09	9.74764574835e-07
4.02050382605e-09	4.58602457343e-07
4.02416548709e-09	-2.43523494703e-07
4.02782714814e-09	-8.26242811058e-07
4.03148880918e-09	-1.0516371276e-06
4.03515047023e-09	-8.47820160743e-07
4.03881213127e-09	-3.32472367859e-07
4.04247379231e-09	2.46327029885e-07
4.04613545336e-09	6.26832843409e-07
4.0497971144e-09	6.5087665746e-07
4.05345877544e-09	3.29783546249e-07
4.05712043649e-09	-1.69480536272e-07
4.06078209753e-09	-6.09297316601e-07
4.06444375858e-09	-7.92938521954e-07
4.06810541962e-09	-6.51485365211e-07
4.07176708066e-09	-2.68452168939e-07
4.07542874171e-09	1.66172764438e-07
4.07909040275e-09	4.46866025072e-07
4.08275206379e-09	4.47470796416e-07
4.08641372484e-09	1.78169056397e-07
4.09007538588e-09	-2.21685084512e-07
4.09373704693e-09	-5.49660228444e-07
4.09739870797e-09	-6.37258864344e-07
4.10106036901e-09	-4.32916195336e-07
4.10472203006e-09	-2.94193895911e-08
4.1083836911e-09	3.77520052552e-07
4.11204535214e-09	5.8278266124e-07
4.11570701319e-09	4.72584787303e-07
4.11936867423e-09	8.27909651946e-08
4.12303033528e-09	-4.12716858023e-07
4.12669199632e-09	-7.81331024768e-07
4.13035365736e-09	-8.39147389797e-07
4.13401531841e-09	-5.39954370993e-07
4.13767697945e-09	-2.91198176683e-09
4.14133864049e-09	5.34270213848e-07
4.14500030154e-09	8.1793628226e-07
4.14866196258e-09	6.94425821735e-07
4.15232362363e-09	1.87330666535e-07
4.15598528467e-09	-5.0132166507e-07
4.15964694571e-09	-1.0710936067e-06
4.16330860676e-09	-1.25388527294e-06
4.1669702678e-09	-9.38961903785e-07
4.17063192884e-09	-2.32188018146e-07
4.17429358989e-09	5.78462874046e-07
4.17795525093e-09	1.14261001727e-06
4.18161691198e-09	1.19973105939e-06
4.18527857302e-09	6.97793964832e-07
4.18894023406e-09	-1.7391560192e-07
4.19260189511e-09	-1.05604834744e-06
4.19626355615e-09	-1.56671401896e-06
4.19992521719e-09	-1.46382657817e-06
4.20358687824e-09	-7.57663329409e-07
4.20724853928e-09	2.8147533726e-07
4.21091020033e-09	1.22558671478e-06
4.21457186137e-09	1.66545149227e-06
4.21823352241e-09	1.38819947892e-06
4.22189518346e-09	4.77795808251e-07
4.2255568445e-09	-7.08372937197e-07
4.22921850554e-09	-1.68172789472e-06
4.23288016659e-09	-2.02636277891e-06
4.23654182763e-09	-1.57690877245e-06
4.24020348868e-09	-4.9547000458e-07
4.24386514972e-09	7.86501956895e-07
4.24752681076e-09	1.74091715621e-06
4.25118847181e-09	1.95887685095e-06
4.25485013285e-09	1.324844078e-06
4.2585117939e-09	7.39442889142e-08
4.26217345494e-09	-1.29375862912e-06
4.26583511598e-09	-2.21281231916e-06
4.26949677703e-09	-2.28707028782e-06
4.27315843807e-09	-1.46073782048e-06
4.27682009911e-09	-5.12902822436e-08
4.28048176016e-09	1.37403830536e-06
4.2841434212e-09	2.23009811862e-06
4.28780508225e-09	2.15618376842e-06
4.29146674329e-09	1.16773668424e-06
4.29512840433e-09	-3.45075669372e-07
4.29879006538e-09	-1.77326509743e-06
4.30245172642e-09	-2.53368915537e-06
4.30611338746e-09	-2.30627716746e-06
4.30977504851e-09	-1.16798477734e-06
4.31343670955e-09	4.318214053e-07
4.3170983706e-09	1.84754708243e-06
4.32076003164e-09	2.49777156114e-06
4.32442169268e-09	2.10593043448e-06
4.32808335373e-09	8.18395349711e-07
4.33174501477e-09	-8.49586584195e-07
4.33540667581e-09	-2.22368191771e-06
4.33906833686e-09	-2.74676182244e-06
4.3427299979e-09	-2.20710234089e-06
4.34639165895e-09	-8.23270937644e-07
4.35005331999e-09	8.47149536298e-07
4.35371498103e-09	2.13340507571e-06
4.35737664208e-09	2.52144491242e-06
4.36103830312e-09	1.85783233064e-06
4.36469996416e-09	4.10259943351e-07
4.36836162521e-09	-1.23912647609e-06
4.37202328625e-09	-2.4261784688e-06
4.3756849473e-09	-2.67315380142e-06
4.37934660834e-09	-1.88240056787e-06
4.38300826938e-09	-3.77578601274e-07
4.38666993043e-09	1.23002430996e-06
4.39033159147e-09	2.29350115433e-06
4.39399325251e-09	2.39467874508e-06
4.39765491356e-09	1.51070335619e-06
4.4013165746e-09	1.40317943931e-08
4.40497823565e-09	-1.48754216411e-06
4.40863989669e-09	-2.39910917799e-06
4.41230155773e-09	-2.37437200212e-06
4.41596321878e-09	-1.44533154867e-06
4.41962487982e-09	-4.46352288463e-10
4.42328654086e-09	1.37491218766e-06
4.42694820191e-09	2.13452204889e-06
4.43060986295e-09	1.98843741828e-06
4.434271524e-09	1.0163612103e-06
4.43793318504e-09	-3.70383062887e-07
4.44159484608e-09	-1.60336344379e-06
4.44525650713e-09	-2.19418222969e-06
4.44891816817e-09	-1.93204942889e-06
4.45257982921e-09	-9.59280001211e-07
4.45624149026e-09	3.03577962768e-07
4.4599031513e-09	1.34181527756e-06
4.46356481235e-09	1.75823902282e-06
4.46722647339e-09	1.42378479495e-06
4.47088813443e-09	5.12282340992e-07
4.47454979548e-09	-5.83924446573e-07
4.47821145652e-09	-1.42001005088e-06
4.48187311756e-09	-1.6764068107e-06
4.48553477861e-09	-1.28203262761e-06
4.48919643965e-09	-4.3320405041e-07
4.4928581007e-09	4.97301343216e-07
4.49651976174e-09	1.12368778105e-06
4.50018142278e-09	1.21061242453e-06
4.50384308383e-09	7.65643250134e-07
4.50750474487e-09	1.9450517641e-08
4.51116640591e-09	-6.90387793156e-07
4.51482806696e-09	-1.07348927258e-06
4.518489728e-09	-1.00662185787e-06
4.52215138905e-09	-5.68902009945e-07
4.52581305009e-09	1.20828502759e-08
4.52947471113e-09	4.71223643217e-07
4.53313637218e-09	6.216572217e-07
4.53679803322e-09	4.28124408813e-07
4.54045969426e-09	1.20280319038e-08
4.54412135531e-09	-4.10584860333e-07
4.54778301635e-09	-6.32290110048e-07
4.5514446774e-09	-5.52654469743e-07
4.55510633844e-09	-2.27129380193e-07
4.55876799948e-09	1.61907234286e-07
4.56242966053e-09	3.98328396045e-07
4.56609132157e-09	3.46286995523e-07
4.56975298261e-09	2.38265478458e-08
4.57341464366e-09	-4.03396228421e-07
4.5770763047e-09	-7.05482008811e-07
4.58073796575e-09	-7.05296542947e-07
4.58439962679e-09	-3.70174319642e-07
4.58806128783e-09	1.66399967583e-07
4.59172294888e-09	6.60757535798e-07
4.59538460992e-09	8.67173540087e-07
4.59904627096e-09	6.51369376214e-07
4.60270793201e-09	6.06082473098e-08
4.60636959305e-09	-6.79247790458e-07
4.6100312541e-09	-1.24740901697e-06
4.61369291514e-09	-1.36405691364e-06
4.61735457618e-09	-9.23305023548e-07
4.62101623723e-09	-6.22370350811e-08
4.62467789827e-09	8.76577118447e-07
4.62833955932e-09	1.48283467638e-06
4.63200122036e-09	1.45939355889e-06
4.6356628814e-09	7.64502587458e-07
4.63932454245e-09	-3.53313922119e-07
4.64298620349e-09	-1.44830295312e-06
4.64664786453e-09	-2.05813597631e-06
4.65030952558e-09	-1.89801954775e-06
4.65397118662e-09	-9.86365776612e-07
4.65763284767e-09	3.48359705526e-07
4.66129450871e-09	1.58522036031e-06
4.66495616975e-09	2.21223655217e-06
4.6686178308e-09	1.93659002434e-06
4.67227949184e-09	8.18855639295e-07
4.67594115288e-09	-7.28682806539e-07
4.67960281393e-09	-2.09298161735e-06
4.68326447497e-09	-2.70506336619e-06
4.68692613602e-09	-2.28108126521e-06
4.69058779706e-09	-9.52299600954e-07
4.6942494581e-09	7.74849894469e-07
4.69791111915e-09	2.21675895773e-06
4.70157278019e-09	2.78681011423e-06
4.70523444123e-09	2.23323417003e-06
4.70889610228e-09	7.44860045643e-07
4.71255776332e-09	-1.11521887902e-06
4.71621942437e-09	-2.62331457179e-06
4.71988108541e-09	-3.17531367955e-06
4.72354274645e-09	-2.52807302559e-06
4.7272044075e-09	-9.06640821086e-07
4.73086606854e-09	1.07073398681e-06
4.73452772958e-09	2.62826978314e-06
4.73818939063e-09	3.14018473091e-06
4.74185105167e-09	2.38660027208e-06
4.74551271272e-09	6.4828576285e-07
4.74917437376e-09	-1.40060853937e-06
4.7528360348e-09	-2.95907534564e-06
4.75649769585e-09	-3.41600019738e-06
4.76015935689e-09	-2.58887297377e-06
4.76382101793e-09	-7.92951880157e-07
4.76748267898e-09	1.2821869575e-06
4.77114434002e-09	2.83824027747e-06
4.77480600107e-09	3.27440523051e-06
4.77846766211e-09	2.41925272348e-06
4.78212932315e-09	5.99456086547e-07
4.7857909842e-09	-1.48355815099e-06
4.78945264524e-09	-3.02473637248e-06
4.79311430628e-09	-3.4306704606e-06
4.79677596733e-09	-2.55160665574e-06
4.80043762837e-09	-7.37529475714e-07
4.80409928942e-09	1.30437896928e-06
4.80776095046e-09	2.79054904695e-06
4.8114226115e-09	3.16413661494e-06
4.81508427255e-09	2.30243381338e-06
4.81874593359e-09	5.52184772573e-07
4.82240759463e-09	-1.4127929262e-06
4.82606925568e-09	-2.85116328769e-06
4.82973091672e-09	-3.2332200135e-06
4.83339257777e-09	-2.43529916588e-06
4.83705423881e-09	-7.79249688776e-07
4.84071589985e-09	1.09589851149e-06
4.8443775609e-09	2.48211250664e-06
4.84803922194e-09	2.87333489268e-06
4.85170088298e-09	2.15237628254e-06
4.85536254403e-09	6.23405853162e-07
4.85902420507e-09	-1.1187828477e-06
4.86268586612e-09	-2.42455354282e-06
4.86634752716e-09	-2.83259794287e-06
4.8700091882e-09	-2.23007577915e-06
4.87367084925e-09	-8.75662436783e-07
4.87733251029e-09	7.12731477392e-07
4.88099417133e-09	1.95540457071e-06
4.88465583238e-09	2.42108262682e-06
4.88831749342e-09	1.97429784521e-06
4.89197915447e-09	8.12079932189e-07
4.89564081551e-09	-6.21076665652e-07
4.89930247655e-09	-1.80446778586e-06
4.9029641376e-09	-2.33264751159e-06
4.90662579864e-09	-2.05441858725e-06
4.91028745968e-09	-1.11065838837e-06
4.91394912073e-09	1.36000107176e-07
4.91761078177e-09	1.24332044038e-06
4.92127244282e-09	1.84569097428e-06
4.92493410386e-09	1.76910924665e-06
4.9285957649e-09	1.07360708057e-06
4.93225742595e-09	1.73096701417e-08
4.93591908699e-09	-1.03808105223e-06
4.93958074803e-09	-1.74761959215e-06
4.94324240908e-09	-1.89213386648e-06
4.94690407012e-09	-1.44357915133e-06
4.95056573117e-09	-5.65720895906e-07
4.95422739221e-09	4.46097999429e-07
4.95788905325e-09	1.26443973159e-06
4.9615507143e-09	1.63366570405e-06
4.96521237534e-09	1.4448749539e-06
4.96887403638e-09	7.62933993315e-07
4.97253569743e-09	-1.96909006434e-07
4.97619735847e-09	-1.1330210441e-06
4.97985901952e-09	-1.74514389073e-06
4.98352068056e-09	-1.82529521453e-06
4.9871823416e-09	-1.32772527195e-06
4.99084400265e-09	-3.94571713969e-07
4.99450566369e-09	6.77982697539e-07
4.99816732473e-09	1.52978350343e-06
5.00182898578e-09	1.85691698107e-06
5.00549064682e-09	1.52087119432e-06
5.00915230787e-09	6.0666900481e-07
5.01281396891e-09	-5.94485399574e-07
