% time-domain voltage integration by openEMS v0.0.36-93-g7b9cd51 @Mon Sep 21 12:13:03 2026
% start-coordinates: (-0.007,0,-5e-05) m -> [10,22,41]
% stop-coordinates: (-0.007,0,0.00025) m -> [10,22,45]
% t/s	voltage
0	-0
1.31476236814e-12	1.19022001144e-07
2.62952473628e-12	-1.98371630233e-07
3.94428710442e-12	-1.37213588403e-06
5.25904947257e-12	-4.64193203698e-06
6.57381184071e-12	-1.20617335142e-05
7.88857420885e-12	-2.61619611592e-05
9.20333657699e-12	-4.85132532049e-05
1.05180989451e-11	-7.68391473684e-05
1.18328613133e-11	-0.000101297786387
1.31476236814e-11	-0.000102171970866
1.44623860496e-11	-5.2473004871e-05
1.57771484177e-11	7.18331648386e-05
1.70919107858e-11	0.000275303893432
1.8406673154e-11	0.000527605130628
1.97214355221e-11	0.000760528229875
2.10361978903e-11	0.000885727902642
2.23509602584e-11	0.000830441902508
2.36657226265e-11	0.000575223966734
2.49804849947e-11	0.000172007916262
2.62952473628e-11	-0.000270903034107
2.7610009731e-11	-0.000631682298263
2.89247720991e-11	-0.000823791924631
3.02395344673e-11	-0.000825614013593
3.15542968354e-11	-0.000678302640154
3.28690592035e-11	-0.000457762951555
3.41838215717e-11	-0.000239134005824
3.54985839398e-11	-7.16016693332e-05
3.6813346308e-11	2.86070426228e-05
3.81281086761e-11	7.03748164597e-05
3.94428710442e-11	7.3969499681e-05
4.07576334124e-11	5.94481734879e-05
4.20723957805e-11	4.07420811825e-05
4.33871581487e-11	2.48679502874e-05
4.47019205168e-11	1.3856088799e-05
4.6016682885e-11	7.17835780506e-06
