% time-domain current integration by openEMS v0.0.36-93-g7b9cd51 @Mon Sep 21 12:13:03 2026
% start-coordinates: (-0.0071,-8.33e-05,8.33e-05) m -> [9,21,43]
% stop-coordinates: (-0.007,0,8.33e-05) m -> [10,22,43]
% t/s	current
6.76318090608e-16	0
1.31543868623e-12	2.22319851417e-09
2.63020105437e-12	2.20776064097e-09
3.94496342251e-12	-7.36222860453e-09
5.25972579066e-12	-4.65207143918e-08
6.5744881588e-12	-1.58643274517e-07
7.88925052694e-12	-4.20540771984e-07
9.20401289508e-12	-9.40646941672e-07
1.05187752632e-11	-1.82655617209e-06
1.18335376314e-11	-3.10410814564e-06
1.31482999995e-11	-4.59007287645e-06
1.44630623676e-11	-5.76265301788e-06
1.57778247358e-11	-5.72150929656e-06
1.70925871039e-11	-3.34254491463e-06
1.84073494721e-11	2.32866341321e-06
1.97221118402e-11	1.15396051115e-05
2.10368742084e-11	2.33936116274e-05
2.23516365765e-11	3.58036159014e-05
2.36663989446e-11	4.59915172542e-05
2.49811613128e-11	5.14071143698e-05
2.62959236809e-11	5.06747383042e-05
2.76106860491e-11	4.41107149527e-05
2.89254484172e-11	3.35599834216e-05
3.02402107853e-11	2.16507451114e-05
3.15549731535e-11	1.08514050225e-05
3.28697355216e-11	2.7577855235e-06
3.41844978898e-11	-2.14432702705e-06
3.54992602579e-11	-4.27001623393e-06
3.68140226261e-11	-4.495866051e-06
3.81287849942e-11	-3.73552074961e-06
3.94435473623e-11	-2.67952827926e-06
4.07583097305e-11	-1.72187947101e-06
4.20730720986e-11	-1.0120402294e-06
4.33878344668e-11	-5.52212839011e-07
4.47025968349e-11	-2.83426686565e-07
4.6017359203e-11	-1.38685848583e-07
