% time-domain current integration by openEMS v0.0.36-93-g7b9cd51 @Thu Sep 17 10:39:58 2026
% start-coordinates: (0.0537645,-8.33e-05,8.33e-05) m -> [626,21,43]
% stop-coordinates: (0.0537645,0,8.33e-05) m -> [627,22,43]
% t/s	current
6.76318090608e-16	0
1.7861560773e-12	0
3.5716358365e-12	0
5.3571155957e-12	0
7.14259535491e-12	0
8.92807511411e-12	0
1.07135548733e-11	0
1.24990346325e-11	0
1.42845143917e-11	0
1.60699941509e-11	0
1.78554739101e-11	0
1.96409536693e-11	0
2.14264334285e-11	0
2.32119131877e-11	0
2.4997392947e-11	0
2.67828727062e-11	0
2.85683524654e-11	0
3.03538322246e-11	0
3.21393119838e-11	0
3.3924791743e-11	0
3.57102715022e-11	0
3.74957512614e-11	0
3.92812310206e-11	0
4.10667107798e-11	0
4.2852190539e-11	0
4.46376702982e-11	0
4.64231500574e-11	0
4.82086298166e-11	0
4.99941095758e-11	0
5.1779589335e-11	0
5.35650690942e-11	0
5.53505488534e-11	0
5.71360286126e-11	0
5.89215083718e-11	0
6.0706988131e-11	0
6.24924678902e-11	0
6.42779476495e-11	0
6.60634274087e-11	0
6.78489071679e-11	0
6.96343869271e-11	0
7.14198666863e-11	0
7.32053464455e-11	0
7.49908262047e-11	0
7.67763059639e-11	0
