0	-0.000112442
4.24109e-14	-0.000113232
8.48217e-14	-0.000114024
1.27233e-13	-0.000114817
1.69643e-13	-0.000115613
2.12054e-13	-0.000116411
2.54465e-13	-0.000117211
2.96876e-13	-0.000118013
3.39287e-13	-0.000118817
3.81698e-13	-0.000119623
4.24109e-13	-0.00012043
4.66519e-13	-0.00012124
5.0893e-13	-0.000122051
5.51341e-13	-0.000122863
5.93752e-13	-0.000123678
6.36163e-13	-0.000124493
6.78574e-13	-0.000125311
7.20985e-13	-0.00012613
7.63395e-13	-0.00012695
8.05806e-13	-0.000127771
8.48217e-13	-0.000128594
8.90628e-13	-0.000129418
9.33039e-13	-0.000130243
9.7545e-13	-0.000131069
1.01786e-12	-0.000131897
1.06027e-12	-0.000132725
1.10268e-12	-0.000133554
1.14509e-12	-0.000134383
1.1875e-12	-0.000135214
1.22991e-12	-0.000136045
1.27233e-12	-0.000136877
1.31474e-12	-0.000137709
1.35715e-12	-0.000138542
1.39956e-12	-0.000139375
1.44197e-12	-0.000140209
1.48438e-12	-0.000141042
1.52679e-12	-0.000141876
1.5692e-12	-0.00014271
1.61161e-12	-0.000143544
1.65402e-12	-0.000144377
1.69643e-12	-0.000145211
1.73885e-12	-0.000146044
1.78126e-12	-0.000146877
1.82367e-12	-0.000147709
1.86608e-12	-0.000148541
1.90849e-12	-0.000149372
1.9509e-12	-0.000150202
1.99331e-12	-0.000151031
2.03572e-12	-0.00015186
2.07813e-12	-0.000152688
2.12054e-12	-0.000153514
2.16295e-12	-0.000154339
2.20536e-12	-0.000155163
2.24778e-12	-0.000155985
2.29019e-12	-0.000156806
2.3326e-12	-0.000157625
2.37501e-12	-0.000158443
2.41742e-12	-0.000159258
2.45983e-12	-0.000160072
2.50224e-12	-0.000160883
2.54465e-12	-0.000161692
2.58706e-12	-0.000162499
2.62947e-12	-0.000163303
2.67188e-12	-0.000164105
2.71429e-12	-0.000164904
2.75671e-12	-0.0001657
2.79912e-12	-0.000166494
2.84153e-12	-0.000167284
2.88394e-12	-0.000168071
2.92635e-12	-0.000168855
2.96876e-12	-0.000169635
3.01117e-12	-0.000170412
3.05358e-12	-0.000171184
3.09599e-12	-0.000171953
3.1384e-12	-0.000172718
3.18081e-12	-0.000173479
3.22323e-12	-0.000174236
3.26564e-12	-0.000174988
3.30805e-12	-0.000175735
3.35046e-12	-0.000176478
3.39287e-12	-0.000177216
3.43528e-12	-0.000177948
3.47769e-12	-0.000178676
3.5201e-12	-0.000179398
3.56251e-12	-0.000180115
3.60492e-12	-0.000180826
3.64733e-12	-0.000181531
3.68974e-12	-0.00018223
3.73216e-12	-0.000182922
3.77457e-12	-0.000183609
3.81698e-12	-0.000184289
3.85939e-12	-0.000184962
3.9018e-12	-0.000185629
3.94421e-12	-0.000186288
3.98662e-12	-0.00018694
4.02903e-12	-0.000187585
4.07144e-12	-0.000188222
4.11385e-12	-0.000188851
4.15626e-12	-0.000189472
4.19867e-12	-0.000190085
4.24109e-12	-0.00019069
4.2835e-12	-0.000191286
4.32591e-12	-0.000191873
4.36832e-12	-0.000192452
4.41073e-12	-0.000193021
4.45314e-12	-0.000193581
4.49555e-12	-0.000194131
4.53796e-12	-0.000194672
4.58037e-12	-0.000195202
4.62278e-12	-0.000195722
4.66519e-12	-0.000196232
4.70761e-12	-0.000196731
4.75002e-12	-0.00019722
4.79243e-12	-0.000197697
4.83484e-12	-0.000198163
4.87725e-12	-0.000198617
4.91966e-12	-0.000199059
4.96207e-12	-0.00019949
5.00448e-12	-0.000199908
5.04689e-12	-0.000200314
5.0893e-12	-0.000200707
5.13171e-12	-0.000201087
5.17412e-12	-0.000201453
5.21654e-12	-0.000201806
5.25895e-12	-0.000202146
5.30136e-12	-0.000202471
5.34377e-12	-0.000202782
5.38618e-12	-0.000203079
5.42859e-12	-0.000203361
5.471e-12	-0.000203627
5.51341e-12	-0.000203879
5.55582e-12	-0.000204115
5.59823e-12	-0.000204335
5.64064e-12	-0.000204538
5.68306e-12	-0.000204726
5.72547e-12	-0.000204896
5.76788e-12	-0.00020505
5.81029e-12	-0.000205186
5.8527e-12	-0.000205305
5.89511e-12	-0.000205406
5.93752e-12	-0.000205488
5.97993e-12	-0.000205552
6.02234e-12	-0.000205598
6.06475e-12	-0.000205624
6.10716e-12	-0.000205631
6.14957e-12	-0.000205618
6.19199e-12	-0.000205585
6.2344e-12	-0.000205531
6.27681e-12	-0.000205457
6.31922e-12	-0.000205362
6.36163e-12	-0.000205246
6.40404e-12	-0.000205108
6.44645e-12	-0.000204948
6.48886e-12	-0.000204765
6.53127e-12	-0.00020456
6.57368e-12	-0.000204332
6.61609e-12	-0.00020408
6.6585e-12	-0.000203805
6.70092e-12	-0.000203506
6.74333e-12	-0.000203182
6.78574e-12	-0.000202833
6.82815e-12	-0.000202459
6.87056e-12	-0.00020206
6.91297e-12	-0.000201634
6.95538e-12	-0.000201183
6.99779e-12	-0.000200705
7.0402e-12	-0.000200199
7.08261e-12	-0.000199666
7.12502e-12	-0.000199106
7.16744e-12	-0.000198517
7.20985e-12	-0.000197899
7.25226e-12	-0.000197253
7.29467e-12	-0.000196577
7.33708e-12	-0.000195871
7.37949e-12	-0.000195135
7.4219e-12	-0.000194369
7.46431e-12	-0.000193571
7.50672e-12	-0.000192742
7.54913e-12	-0.00019188
7.59154e-12	-0.000190987
7.63395e-12	-0.000190061
7.67637e-12	-0.000189101
7.71878e-12	-0.000188108
7.76119e-12	-0.000187081
7.8036e-12	-0.000186019
7.84601e-12	-0.000184923
7.88842e-12	-0.000183791
7.93083e-12	-0.000182623
7.97324e-12	-0.000181418
8.01565e-12	-0.000180177
8.05806e-12	-0.000178899
8.10047e-12	-0.000177583
8.14288e-12	-0.000176228
8.1853e-12	-0.000174835
8.22771e-12	-0.000173403
8.27012e-12	-0.000171931
8.31253e-12	-0.000170418
8.35494e-12	-0.000168866
8.39735e-12	-0.000167272
8.43976e-12	-0.000165636
8.48217e-12	-0.000163958
8.52458e-12	-0.000162237
8.56699e-12	-0.000160474
8.6094e-12	-0.000158666
8.65182e-12	-0.000156814
8.69423e-12	-0.000154918
8.73664e-12	-0.000152976
8.77905e-12	-0.000150989
8.82146e-12	-0.000148954
8.86387e-12	-0.000146874
8.90628e-12	-0.000144745
8.94869e-12	-0.000142569
8.9911e-12	-0.000140344
9.03351e-12	-0.00013807
9.07592e-12	-0.000135746
9.11833e-12	-0.000133372
9.16075e-12	-0.000130947
9.20316e-12	-0.000128471
9.24557e-12	-0.000125943
9.28798e-12	-0.000123362
9.33039e-12	-0.000120728
9.3728e-12	-0.00011804
9.41521e-12	-0.000115298
9.45762e-12	-0.000112501
9.50003e-12	-0.000109649
9.54244e-12	-0.00010674
9.58485e-12	-0.000103775
9.62726e-12	-0.000100752
9.66968e-12	-9.76713e-05
9.71209e-12	-9.45319e-05
9.7545e-12	-9.13333e-05
9.79691e-12	-8.80748e-05
9.83932e-12	-8.47558e-05
9.88173e-12	-8.13756e-05
9.92414e-12	-7.79336e-05
9.96655e-12	-7.44292e-05
1.0009e-11	-7.08617e-05
1.00514e-11	-6.72303e-05
1.00938e-11	-6.35346e-05
1.01362e-11	-5.97738e-05
1.01786e-11	-5.59471e-05
1.0221e-11	-5.20541e-05
1.02634e-11	-4.80939e-05
1.03058e-11	-4.40659e-05
1.03482e-11	-3.99694e-05
1.03907e-11	-3.58038e-05
1.04331e-11	-3.15682e-05
1.04755e-11	-2.72621e-05
1.05179e-11	-2.28846e-05
1.05603e-11	-1.84352e-05
1.06027e-11	-1.3913e-05
1.06451e-11	-9.31744e-06
1.06875e-11	-4.6477e-06
1.07299e-11	9.69252e-08
1.07724e-11	4.91716e-06
1.08148e-11	9.81375e-06
1.08572e-11	1.47874e-05
1.08996e-11	1.98389e-05
1.0942e-11	2.4969e-05
1.09844e-11	3.01784e-05
1.10268e-11	3.54679e-05
1.10692e-11	4.08383e-05
1.11116e-11	4.62903e-05
1.11541e-11	5.18246e-05
1.11965e-11	5.74422e-05
1.12389e-11	6.31436e-05
1.12813e-11	6.89298e-05
1.13237e-11	7.48015e-05
1.13661e-11	8.07594e-05
1.14085e-11	8.68045e-05
1.14509e-11	9.29375e-05
1.14933e-11	9.91591e-05
1.15358e-11	0.00010547
1.15782e-11	0.000111872
1.16206e-11	0.000118364
1.1663e-11	0.000124949
1.17054e-11	0.000131626
1.17478e-11	0.000138397
1.17902e-11	0.000145262
1.18326e-11	0.000152223
1.1875e-11	0.00015928
1.19175e-11	0.000166433
1.19599e-11	0.000173685
1.20023e-11	0.000181035
1.20447e-11	0.000188485
1.20871e-11	0.000196035
1.21295e-11	0.000203686
1.21719e-11	0.00021144
1.22143e-11	0.000219296
1.22567e-11	0.000227256
1.22991e-11	0.000235321
1.23416e-11	0.000243492
1.2384e-11	0.000251769
1.24264e-11	0.000260154
1.24688e-11	0.000268647
1.25112e-11	0.000277249
1.25536e-11	0.000285961
1.2596e-11	0.000294784
1.26384e-11	0.000303719
1.26808e-11	0.000312767
1.27233e-11	0.000321929
1.27657e-11	0.000331206
1.28081e-11	0.000340598
1.28505e-11	0.000350107
1.28929e-11	0.000359733
1.29353e-11	0.000369478
1.29777e-11	0.000379342
1.30201e-11	0.000389326
1.30625e-11	0.000399432
1.3105e-11	0.00040966
1.31474e-11	0.000420011
1.31898e-11	0.000430486
1.32322e-11	0.000441087
1.32746e-11	0.000451813
1.3317e-11	0.000462667
1.33594e-11	0.000473648
1.34018e-11	0.000484759
1.34442e-11	0.000495999
1.34867e-11	0.000507371
1.35291e-11	0.000518874
1.35715e-11	0.000530511
1.36139e-11	0.000542281
1.36563e-11	0.000554187
1.36987e-11	0.000566228
1.37411e-11	0.000578406
1.37835e-11	0.000590722
1.38259e-11	0.000603178
1.38684e-11	0.000615773
1.39108e-11	0.000628509
1.39532e-11	0.000641387
1.39956e-11	0.000654409
1.4038e-11	0.000667574
1.40804e-11	0.000680885
1.41228e-11	0.000694341
1.41652e-11	0.000707945
1.42076e-11	0.000721697
1.425e-11	0.000735598
1.42925e-11	0.00074965
1.43349e-11	0.000763853
1.43773e-11	0.000778208
1.44197e-11	0.000792717
1.44621e-11	0.00080738
1.45045e-11	0.000822198
1.45469e-11	0.000837174
1.45893e-11	0.000852307
1.46317e-11	0.000867598
1.46742e-11	0.00088305
1.47166e-11	0.000898662
1.4759e-11	0.000914436
1.48014e-11	0.000930373
1.48438e-11	0.000946474
1.48862e-11	0.000962741
1.49286e-11	0.000979173
1.4971e-11	0.000995773
1.50134e-11	0.00101254
1.50559e-11	0.00102948
1.50983e-11	0.00104659
1.51407e-11	0.00106387
1.51831e-11	0.00108132
1.52255e-11	0.00109894
1.52679e-11	0.00111675
1.53103e-11	0.00113472
1.53527e-11	0.00115288
1.53951e-11	0.00117121
1.54376e-11	0.00118972
1.548e-11	0.00120841
1.55224e-11	0.00122728
1.55648e-11	0.00124634
1.56072e-11	0.00126558
1.56496e-11	0.001285
1.5692e-11	0.00130461
1.57344e-11	0.00132441
1.57768e-11	0.00134439
1.58193e-11	0.00136457
1.58617e-11	0.00138493
1.59041e-11	0.00140549
1.59465e-11	0.00142623
1.59889e-11	0.00144717
1.60313e-11	0.00146831
1.60737e-11	0.00148964
1.61161e-11	0.00151117
1.61585e-11	0.00153289
1.62009e-11	0.00155482
1.62434e-11	0.00157694
1.62858e-11	0.00159927
1.63282e-11	0.0016218
1.63706e-11	0.00164453
1.6413e-11	0.00166747
1.64554e-11	0.00169061
1.64978e-11	0.00171396
1.65402e-11	0.00173751
1.65826e-11	0.00176128
1.66251e-11	0.00178526
1.66675e-11	0.00180944
1.67099e-11	0.00183384
1.67523e-11	0.00185845
1.67947e-11	0.00188328
1.68371e-11	0.00190832
1.68795e-11	0.00193358
1.69219e-11	0.00195905
1.69643e-11	0.00198475
1.70068e-11	0.00201066
1.70492e-11	0.00203679
1.70916e-11	0.00206315
1.7134e-11	0.00208973
1.71764e-11	0.00211653
1.72188e-11	0.00214356
1.72612e-11	0.00217082
1.73036e-11	0.0021983
1.7346e-11	0.00222601
1.73885e-11	0.00225395
1.74309e-11	0.00228212
1.74733e-11	0.00231052
1.75157e-11	0.00233915
1.75581e-11	0.00236802
1.76005e-11	0.00239712
1.76429e-11	0.00242646
1.76853e-11	0.00245603
1.77277e-11	0.00248585
1.77701e-11	0.0025159
1.78126e-11	0.00254619
1.7855e-11	0.00257672
1.78974e-11	0.00260749
1.79398e-11	0.00263851
1.79822e-11	0.00266977
1.80246e-11	0.00270127
1.8067e-11	0.00273302
1.81094e-11	0.00276501
1.81518e-11	0.00279726
1.81943e-11	0.00282975
1.82367e-11	0.00286249
1.82791e-11	0.00289549
1.83215e-11	0.00292873
1.83639e-11	0.00296223
1.84063e-11	0.00299598
1.84487e-11	0.00302998
1.84911e-11	0.00306424
1.85335e-11	0.00309876
1.8576e-11	0.00313353
1.86184e-11	0.00316856
1.86608e-11	0.00320385
1.87032e-11	0.0032394
1.87456e-11	0.00327522
1.8788e-11	0.00331129
1.88304e-11	0.00334762
1.88728e-11	0.00338422
1.89152e-11	0.00342109
1.89577e-11	0.00345822
1.90001e-11	0.00349561
1.90425e-11	0.00353327
1.90849e-11	0.0035712
1.91273e-11	0.0036094
1.91697e-11	0.00364787
1.92121e-11	0.0036866
1.92545e-11	0.00372561
1.92969e-11	0.00376489
1.93394e-11	0.00380444
1.93818e-11	0.00384427
1.94242e-11	0.00388437
1.94666e-11	0.00392474
1.9509e-11	0.00396539
1.95514e-11	0.00400632
1.95938e-11	0.00404752
1.96362e-11	0.00408901
1.96786e-11	0.00413077
1.9721e-11	0.0041728
1.97635e-11	0.00421512
1.98059e-11	0.00425772
1.98483e-11	0.0043006
1.98907e-11	0.00434376
1.99331e-11	0.00438721
1.99755e-11	0.00443093
2.00179e-11	0.00447495
2.00603e-11	0.00451924
2.01027e-11	0.00456382
2.01452e-11	0.00460869
2.01876e-11	0.00465384
2.023e-11	0.00469927
2.02724e-11	0.004745
2.03148e-11	0.00479101
2.03572e-11	0.00483731
2.03996e-11	0.0048839
2.0442e-11	0.00493078
2.04844e-11	0.00497795
2.05269e-11	0.0050254
2.05693e-11	0.00507315
2.06117e-11	0.00512119
2.06541e-11	0.00516952
2.06965e-11	0.00521814
2.07389e-11	0.00526705
2.07813e-11	0.00531626
2.08237e-11	0.00536576
2.08661e-11	0.00541555
2.09086e-11	0.00546563
2.0951e-11	0.00551601
2.09934e-11	0.00556668
2.10358e-11	0.00561765
2.10782e-11	0.00566891
2.11206e-11	0.00572047
2.1163e-11	0.00577232
2.12054e-11	0.00582446
2.12478e-11	0.0058769
2.12903e-11	0.00592964
2.13327e-11	0.00598267
2.13751e-11	0.006036
2.14175e-11	0.00608962
2.14599e-11	0.00614354
2.15023e-11	0.00619776
2.15447e-11	0.00625227
2.15871e-11	0.00630708
2.16295e-11	0.00636218
2.16719e-11	0.00641758
2.17144e-11	0.00647327
2.17568e-11	0.00652926
2.17992e-11	0.00658555
2.18416e-11	0.00664213
2.1884e-11	0.00669901
2.19264e-11	0.00675619
2.19688e-11	0.00681366
2.20112e-11	0.00687142
2.20536e-11	0.00692948
2.20961e-11	0.00698784
2.21385e-11	0.00704649
2.21809e-11	0.00710543
2.22233e-11	0.00716467
2.22657e-11	0.0072242
2.23081e-11	0.00728403
2.23505e-11	0.00734414
2.23929e-11	0.00740455
2.24353e-11	0.00746526
2.24778e-11	0.00752625
2.25202e-11	0.00758754
2.25626e-11	0.00764912
2.2605e-11	0.00771098
2.26474e-11	0.00777314
2.26898e-11	0.00783559
2.27322e-11	0.00789832
2.27746e-11	0.00796135
2.2817e-11	0.00802466
2.28595e-11	0.00808826
2.29019e-11	0.00815214
2.29443e-11	0.00821631
2.29867e-11	0.00828077
2.30291e-11	0.00834551
2.30715e-11	0.00841053
2.31139e-11	0.00847583
2.31563e-11	0.00854142
2.31987e-11	0.00860729
2.32412e-11	0.00867344
2.32836e-11	0.00873986
2.3326e-11	0.00880657
2.33684e-11	0.00887355
2.34108e-11	0.0089408
2.34532e-11	0.00900833
2.34956e-11	0.00907614
2.3538e-11	0.00914422
2.35804e-11	0.00921257
2.36228e-11	0.00928119
2.36653e-11	0.00935008
2.37077e-11	0.00941924
2.37501e-11	0.00948866
2.37925e-11	0.00955835
2.38349e-11	0.0096283
2.38773e-11	0.00969852
2.39197e-11	0.009769
2.39621e-11	0.00983973
2.40045e-11	0.00991073
2.4047e-11	0.00998199
2.40894e-11	0.0100535
2.41318e-11	0.0101253
2.41742e-11	0.0101973
2.42166e-11	0.0102695
2.4259e-11	0.0103421
2.43014e-11	0.0104148
2.43438e-11	0.0104878
2.43862e-11	0.0105611
2.44287e-11	0.0106346
2.44711e-11	0.0107083
2.45135e-11	0.0107823
2.45559e-11	0.0108565
2.45983e-11	0.0109309
2.46407e-11	0.0110056
2.46831e-11	0.0110805
2.47255e-11	0.0111557
2.47679e-11	0.011231
2.48104e-11	0.0113066
2.48528e-11	0.0113824
2.48952e-11	0.0114584
2.49376e-11	0.0115347
2.498e-11	0.0116111
2.50224e-11	0.0116878
2.50648e-11	0.0117647
2.51072e-11	0.0118418
2.51496e-11	0.0119191
2.5192e-11	0.0119966
2.52345e-11	0.0120743
2.52769e-11	0.0121522
2.53193e-11	0.0122303
2.53617e-11	0.0123086
2.54041e-11	0.0123871
2.54465e-11	0.0124658
2.54889e-11	0.0125446
2.55313e-11	0.0126236
2.55737e-11	0.0127029
2.56162e-11	0.0127823
2.56586e-11	0.0128618
2.5701e-11	0.0129416
2.57434e-11	0.0130215
2.57858e-11	0.0131015
2.58282e-11	0.0131818
2.58706e-11	0.0132622
2.5913e-11	0.0133427
2.59554e-11	0.0134234
2.59979e-11	0.0135042
2.60403e-11	0.0135852
2.60827e-11	0.0136664
2.61251e-11	0.0137476
2.61675e-11	0.013829
2.62099e-11	0.0139106
2.62523e-11	0.0139922
2.62947e-11	0.014074
2.63371e-11	0.0141559
2.63796e-11	0.0142379
2.6422e-11	0.0143201
2.64644e-11	0.0144023
2.65068e-11	0.0144847
2.65492e-11	0.0145671
2.65916e-11	0.0146497
2.6634e-11	0.0147323
2.66764e-11	0.0148151
2.67188e-11	0.0148979
2.67613e-11	0.0149808
2.68037e-11	0.0150638
2.68461e-11	0.0151468
2.68885e-11	0.0152299
2.69309e-11	0.0153131
2.69733e-11	0.0153964
2.70157e-11	0.0154797
2.70581e-11	0.015563
2.71005e-11	0.0156464
2.71429e-11	0.0157299
2.71854e-11	0.0158133
2.72278e-11	0.0158968
2.72702e-11	0.0159804
2.73126e-11	0.0160639
2.7355e-11	0.0161475
2.73974e-11	0.0162311
2.74398e-11	0.0163147
2.74822e-11	0.0163983
2.75246e-11	0.0164819
2.75671e-11	0.0165655
2.76095e-11	0.0166491
2.76519e-11	0.0167327
2.76943e-11	0.0168162
2.77367e-11	0.0168997
2.77791e-11	0.0169832
2.78215e-11	0.0170667
2.78639e-11	0.0171501
2.79063e-11	0.0172334
2.79488e-11	0.0173167
2.79912e-11	0.0173999
2.80336e-11	0.0174831
2.8076e-11	0.0175662
2.81184e-11	0.0176492
2.81608e-11	0.0177322
2.82032e-11	0.017815
2.82456e-11	0.0178977
2.8288e-11	0.0179804
2.83305e-11	0.0180629
2.83729e-11	0.0181454
2.84153e-11	0.0182277
2.84577e-11	0.0183098
2.85001e-11	0.0183919
2.85425e-11	0.0184738
2.85849e-11	0.0185555
2.86273e-11	0.0186371
2.86697e-11	0.0187186
2.87122e-11	0.0187999
2.87546e-11	0.018881
2.8797e-11	0.0189619
2.88394e-11	0.0190426
2.88818e-11	0.0191232
2.89242e-11	0.0192035
2.89666e-11	0.0192837
2.9009e-11	0.0193636
2.90514e-11	0.0194433
2.90938e-11	0.0195228
2.91363e-11	0.0196021
2.91787e-11	0.0196811
2.92211e-11	0.0197598
2.92635e-11	0.0198383
2.93059e-11	0.0199166
2.93483e-11	0.0199945
2.93907e-11	0.0200722
2.94331e-11	0.0201496
2.94755e-11	0.0202267
2.9518e-11	0.0203035
2.95604e-11	0.02038
2.96028e-11	0.0204561
2.96452e-11	0.020532
2.96876e-11	0.0206075
2.973e-11	0.0206827
2.97724e-11	0.0207575
2.98148e-11	0.0208319
2.98572e-11	0.020906
2.98997e-11	0.0209797
2.99421e-11	0.0210531
2.99845e-11	0.021126
3.00269e-11	0.0211986
3.00693e-11	0.0212707
3.01117e-11	0.0213424
3.01541e-11	0.0214137
3.01965e-11	0.0214845
3.02389e-11	0.0215549
3.02814e-11	0.0216249
3.03238e-11	0.0216944
3.03662e-11	0.0217634
3.04086e-11	0.021832
3.0451e-11	0.0219
3.04934e-11	0.0219676
3.05358e-11	0.0220346
3.05782e-11	0.0221012
3.06206e-11	0.0221672
3.06631e-11	0.0222326
3.07055e-11	0.0222976
3.07479e-11	0.0223619
3.07903e-11	0.0224258
3.08327e-11	0.022489
3.08751e-11	0.0225517
3.09175e-11	0.0226137
3.09599e-11	0.0226752
3.10023e-11	0.022736
3.10447e-11	0.0227962
3.10872e-11	0.0228558
3.11296e-11	0.0229148
3.1172e-11	0.0229731
3.12144e-11	0.0230307
3.12568e-11	0.0230877
3.12992e-11	0.023144
3.13416e-11	0.0231995
3.1384e-11	0.0232544
3.14264e-11	0.0233086
3.14689e-11	0.023362
3.15113e-11	0.0234147
3.15537e-11	0.0234667
3.15961e-11	0.0235179
3.16385e-11	0.0235683
3.16809e-11	0.023618
3.17233e-11	0.0236668
3.17657e-11	0.0237149
3.18081e-11	0.0237621
3.18506e-11	0.0238085
3.1893e-11	0.0238541
3.19354e-11	0.0238989
3.19778e-11	0.0239427
3.20202e-11	0.0239858
3.20626e-11	0.0240279
3.2105e-11	0.0240691
3.21474e-11	0.0241095
3.21898e-11	0.0241489
3.22323e-11	0.0241874
3.22747e-11	0.024225
3.23171e-11	0.0242616
3.23595e-11	0.0242972
3.24019e-11	0.0243319
3.24443e-11	0.0243656
3.24867e-11	0.0243983
3.25291e-11	0.02443
3.25715e-11	0.0244606
3.2614e-11	0.0244903
3.26564e-11	0.0245188
3.26988e-11	0.0245464
3.27412e-11	0.0245728
3.27836e-11	0.0245982
3.2826e-11	0.0246224
3.28684e-11	0.0246456
3.29108e-11	0.0246677
3.29532e-11	0.0246886
3.29956e-11	0.0247083
3.30381e-11	0.0247269
3.30805e-11	0.0247444
3.31229e-11	0.0247606
3.31653e-11	0.0247757
3.32077e-11	0.0247895
3.32501e-11	0.0248021
3.32925e-11	0.0248135
3.33349e-11	0.0248236
3.33773e-11	0.0248325
3.34198e-11	0.0248401
3.34622e-11	0.0248464
3.35046e-11	0.0248514
3.3547e-11	0.0248551
3.35894e-11	0.0248574
3.36318e-11	0.0248584
3.36742e-11	0.0248581
3.37166e-11	0.0248564
3.3759e-11	0.0248533
3.38015e-11	0.0248488
3.38439e-11	0.0248429
3.38863e-11	0.0248355
3.39287e-11	0.0248267
3.39711e-11	0.0248165
3.40135e-11	0.0248048
3.40559e-11	0.0247917
3.40983e-11	0.024777
3.41407e-11	0.0247608
3.41832e-11	0.0247431
3.42256e-11	0.0247239
3.4268e-11	0.0247031
3.43104e-11	0.0246807
3.43528e-11	0.0246568
3.43952e-11	0.0246313
3.44376e-11	0.0246042
3.448e-11	0.0245754
3.45224e-11	0.024545
3.45648e-11	0.024513
3.46073e-11	0.0244793
3.46497e-11	0.0244439
3.46921e-11	0.0244068
3.47345e-11	0.024368
3.47769e-11	0.0243275
3.48193e-11	0.0242852
3.48617e-11	0.0242412
3.49041e-11	0.0241954
3.49465e-11	0.0241478
3.4989e-11	0.0240985
3.50314e-11	0.0240473
3.50738e-11	0.0239943
3.51162e-11	0.0239394
3.51586e-11	0.0238827
3.5201e-11	0.0238241
3.52434e-11	0.0237637
3.52858e-11	0.0237013
3.53282e-11	0.023637
3.53707e-11	0.0235708
3.54131e-11	0.0235026
3.54555e-11	0.0234325
3.54979e-11	0.0233603
3.55403e-11	0.0232862
3.55827e-11	0.0232101
3.56251e-11	0.023132
3.56675e-11	0.0230518
3.57099e-11	0.0229695
3.57524e-11	0.0228852
3.57948e-11	0.0227988
3.58372e-11	0.0227103
3.58796e-11	0.0226197
3.5922e-11	0.0225269
3.59644e-11	0.022432
3.60068e-11	0.0223349
3.60492e-11	0.0222357
3.60916e-11	0.0221342
3.61341e-11	0.0220306
3.61765e-11	0.0219247
3.62189e-11	0.0218165
3.62613e-11	0.0217062
3.63037e-11	0.0215935
3.63461e-11	0.0214785
3.63885e-11	0.0213613
3.64309e-11	0.0212417
3.64733e-11	0.0211198
3.65157e-11	0.0209955
3.65582e-11	0.0208689
3.66006e-11	0.0207399
3.6643e-11	0.0206085
3.66854e-11	0.0204746
3.67278e-11	0.0203384
3.67702e-11	0.0201997
3.68126e-11	0.0200585
3.6855e-11	0.0199149
3.68974e-11	0.0197687
3.69399e-11	0.0196201
3.69823e-11	0.0194689
3.70247e-11	0.0193152
3.70671e-11	0.0191589
3.71095e-11	0.019
3.71519e-11	0.0188386
3.71943e-11	0.0186745
3.72367e-11	0.0185079
3.72791e-11	0.0183386
3.73216e-11	0.0181666
3.7364e-11	0.017992
3.74064e-11	0.0178147
3.74488e-11	0.0176347
3.74912e-11	0.017452
3.75336e-11	0.0172665
3.7576e-11	0.0170784
3.76184e-11	0.0168874
3.76608e-11	0.0166937
3.77033e-11	0.0164971
3.77457e-11	0.0162978
3.77881e-11	0.0160956
3.78305e-11	0.0158906
3.78729e-11	0.0156828
3.79153e-11	0.0154721
3.79577e-11	0.0152585
3.80001e-11	0.0150419
3.80425e-11	0.0148225
3.8085e-11	0.0146001
3.81274e-11	0.0143748
3.81698e-11	0.0141465
3.82122e-11	0.0139153
3.82546e-11	0.013681
3.8297e-11	0.0134438
3.83394e-11	0.0132035
3.83818e-11	0.0129602
3.84242e-11	0.0127138
3.84666e-11	0.0124643
3.85091e-11	0.0122118
3.85515e-11	0.0119561
3.85939e-11	0.0116974
3.86363e-11	0.0114355
3.86787e-11	0.0111704
3.87211e-11	0.0109022
3.87635e-11	0.0106308
3.88059e-11	0.0103563
3.88483e-11	0.0100785
3.88908e-11	0.00979747
3.89332e-11	0.00951323
3.89756e-11	0.00922574
3.9018e-11	0.00893499
3.90604e-11	0.00864096
3.91028e-11	0.00834363
3.91452e-11	0.00804299
3.91876e-11	0.00773902
3.923e-11	0.00743172
3.92725e-11	0.00712107
3.93149e-11	0.00680705
3.93573e-11	0.00648965
3.93997e-11	0.00616885
3.94421e-11	0.00584464
3.94845e-11	0.00551701
3.95269e-11	0.00518594
3.95693e-11	0.00485143
3.96117e-11	0.00451344
3.96542e-11	0.00417198
3.96966e-11	0.00382702
3.9739e-11	0.00347856
3.97814e-11	0.00312658
3.98238e-11	0.00277106
3.98662e-11	0.002412
3.99086e-11	0.00204937
3.9951e-11	0.00168317
3.99934e-11	0.00131339
4.00359e-11	0.000940006
4.00783e-11	0.000563009
4.01207e-11	0.000182386
4.01631e-11	-0.000201876
4.02055e-11	-0.00058979
4.02479e-11	-0.000981368
4.02903e-11	-0.00137662
4.03327e-11	-0.00177557
4.03751e-11	-0.00217821
4.04175e-11	-0.00258457
4.046e-11	-0.00299466
4.05024e-11	-0.00340849
4.05448e-11	-0.00382606
4.05872e-11	-0.0042474
4.06296e-11	-0.00467252
4.0672e-11	-0.00510142
4.07144e-11	-0.00553412
4.07568e-11	-0.00597063
4.07992e-11	-0.00641095
4.08417e-11	-0.00685512
4.08841e-11	-0.00730312
4.09265e-11	-0.00775498
4.09689e-11	-0.00821071
4.10113e-11	-0.00867031
4.10537e-11	-0.0091338
4.10961e-11	-0.00960119
4.11385e-11	-0.0100725
4.11809e-11	-0.0105477
4.12234e-11	-0.0110269
4.12658e-11	-0.0115099
4.13082e-11	-0.011997
4.13506e-11	-0.012488
4.1393e-11	-0.0129829
4.14354e-11	-0.0134819
4.14778e-11	-0.0139848
4.15202e-11	-0.0144918
4.15626e-11	-0.0150027
4.16051e-11	-0.0155177
4.16475e-11	-0.0160367
4.16899e-11	-0.0165597
4.17323e-11	-0.0170867
4.17747e-11	-0.0176179
4.18171e-11	-0.0181531
4.18595e-11	-0.0186923
4.19019e-11	-0.0192356
4.19443e-11	-0.019783
4.19867e-11	-0.0203346
4.20292e-11	-0.0208902
4.20716e-11	-0.0214499
4.2114e-11	-0.0220137
4.21564e-11	-0.0225817
4.21988e-11	-0.0231538
4.22412e-11	-0.02373
4.22836e-11	-0.0243104
4.2326e-11	-0.0248949
4.23684e-11	-0.0254836
4.24109e-11	-0.0260765
4.24533e-11	-0.0266735
4.24957e-11	-0.0272747
4.25381e-11	-0.0278801
4.25805e-11	-0.0284897
4.26229e-11	-0.0291035
4.26653e-11	-0.0297215
4.27077e-11	-0.0303437
4.27501e-11	-0.0309701
4.27926e-11	-0.0316007
4.2835e-11	-0.0322355
4.28774e-11	-0.0328746
4.29198e-11	-0.0335179
4.29622e-11	-0.0341654
4.30046e-11	-0.0348172
4.3047e-11	-0.0354732
4.30894e-11	-0.0361335
4.31318e-11	-0.036798
4.31743e-11	-0.0374667
4.32167e-11	-0.0381397
4.32591e-11	-0.038817
4.33015e-11	-0.0394986
4.33439e-11	-0.0401844
4.33863e-11	-0.0408744
4.34287e-11	-0.0415688
4.34711e-11	-0.0422674
4.35135e-11	-0.0429703
4.3556e-11	-0.0436774
4.35984e-11	-0.0443889
4.36408e-11	-0.0451046
4.36832e-11	-0.0458246
4.37256e-11	-0.0465489
4.3768e-11	-0.0472774
4.38104e-11	-0.0480103
4.38528e-11	-0.0487474
4.38952e-11	-0.0494888
4.39376e-11	-0.0502345
4.39801e-11	-0.0509844
4.40225e-11	-0.0517387
4.40649e-11	-0.0524972
4.41073e-11	-0.05326
4.41497e-11	-0.054027
4.41921e-11	-0.0547984
4.42345e-11	-0.055574
4.42769e-11	-0.0563539
4.43193e-11	-0.0571381
4.43618e-11	-0.0579265
4.44042e-11	-0.0587192
4.44466e-11	-0.0595161
4.4489e-11	-0.0603173
4.45314e-11	-0.0611228
4.45738e-11	-0.0619325
4.46162e-11	-0.0627465
4.46586e-11	-0.0635647
4.4701e-11	-0.0643871
4.47435e-11	-0.0652138
4.47859e-11	-0.0660447
4.48283e-11	-0.0668799
4.48707e-11	-0.0677192
4.49131e-11	-0.0685628
4.49555e-11	-0.0694106
4.49979e-11	-0.0702626
4.50403e-11	-0.0711187
4.50827e-11	-0.0719791
4.51252e-11	-0.0728436
4.51676e-11	-0.0737124
4.521e-11	-0.0745853
4.52524e-11	-0.0754623
4.52948e-11	-0.0763436
4.53372e-11	-0.0772289
4.53796e-11	-0.0781184
4.5422e-11	-0.079012
4.54644e-11	-0.0799098
4.55069e-11	-0.0808116
4.55493e-11	-0.0817176
4.55917e-11	-0.0826277
4.56341e-11	-0.0835418
4.56765e-11	-0.08446
4.57189e-11	-0.0853823
4.57613e-11	-0.0863086
4.58037e-11	-0.087239
4.58461e-11	-0.0881734
4.58885e-11	-0.0891118
4.5931e-11	-0.0900543
4.59734e-11	-0.0910007
4.60158e-11	-0.0919511
4.60582e-11	-0.0929055
4.61006e-11	-0.0938639
4.6143e-11	-0.0948262
4.61854e-11	-0.0957924
4.62278e-11	-0.0967625
4.62702e-11	-0.0977366
4.63127e-11	-0.0987145
4.63551e-11	-0.0996963
4.63975e-11	-0.100682
4.64399e-11	-0.101672
4.64823e-11	-0.102665
4.65247e-11	-0.103662
4.65671e-11	-0.104663
4.66095e-11	-0.105668
4.66519e-11	-0.106676
4.66944e-11	-0.107689
4.67368e-11	-0.108705
4.67792e-11	-0.109724
4.68216e-11	-0.110748
4.6864e-11	-0.111775
4.69064e-11	-0.112806
4.69488e-11	-0.11384
4.69912e-11	-0.114878
4.70336e-11	-0.11592
4.70761e-11	-0.116965
4.71185e-11	-0.118014
4.71609e-11	-0.119066
4.72033e-11	-0.120122
4.72457e-11	-0.121182
4.72881e-11	-0.122244
4.73305e-11	-0.123311
4.73729e-11	-0.124381
4.74153e-11	-0.125454
4.74578e-11	-0.12653
4.75002e-11	-0.12761
4.75426e-11	-0.128694
4.7585e-11	-0.12978
4.76274e-11	-0.13087
4.76698e-11	-0.131964
4.77122e-11	-0.13306
4.77546e-11	-0.13416
4.7797e-11	-0.135263
4.78394e-11	-0.136369
4.78819e-11	-0.137479
4.79243e-11	-0.138591
4.79667e-11	-0.139707
4.80091e-11	-0.140826
4.80515e-11	-0.141947
4.80939e-11	-0.143072
4.81363e-11	-0.1442
4.81787e-11	-0.145331
4.82211e-11	-0.146464
4.82636e-11	-0.147601
4.8306e-11	-0.148741
4.83484e-11	-0.149883
4.83908e-11	-0.151028
4.84332e-11	-0.152176
4.84756e-11	-0.153327
4.8518e-11	-0.154481
4.85604e-11	-0.155637
4.86028e-11	-0.156796
4.86453e-11	-0.157958
4.86877e-11	-0.159122
4.87301e-11	-0.160289
4.87725e-11	-0.161459
4.88149e-11	-0.162631
4.88573e-11	-0.163805
4.88997e-11	-0.164982
4.89421e-11	-0.166162
4.89845e-11	-0.167343
4.9027e-11	-0.168528
4.90694e-11	-0.169714
4.91118e-11	-0.170903
4.91542e-11	-0.172094
4.91966e-11	-0.173287
4.9239e-11	-0.174483
4.92814e-11	-0.175681
4.93238e-11	-0.17688
4.93662e-11	-0.178082
4.94087e-11	-0.179286
4.94511e-11	-0.180492
4.94935e-11	-0.1817
4.95359e-11	-0.18291
4.95783e-11	-0.184122
4.96207e-11	-0.185335
4.96631e-11	-0.186551
4.97055e-11	-0.187768
4.97479e-11	-0.188987
4.97903e-11	-0.190208
4.98328e-11	-0.19143
4.98752e-11	-0.192654
4.99176e-11	-0.19388
4.996e-11	-0.195107
5.00024e-11	-0.196336
5.00448e-11	-0.197566
5.00872e-11	-0.198798
5.01296e-11	-0.200031
5.0172e-11	-0.201265
5.02145e-11	-0.202501
5.02569e-11	-0.203737
5.02993e-11	-0.204976
5.03417e-11	-0.206215
5.03841e-11	-0.207455
5.04265e-11	-0.208697
5.04689e-11	-0.209939
5.05113e-11	-0.211183
5.05537e-11	-0.212427
5.05962e-11	-0.213673
5.06386e-11	-0.214919
5.0681e-11	-0.216166
5.07234e-11	-0.217414
5.07658e-11	-0.218662
5.08082e-11	-0.219911
5.08506e-11	-0.221161
5.0893e-11	-0.222412
5.09354e-11	-0.223663
5.09779e-11	-0.224914
5.10203e-11	-0.226166
5.10627e-11	-0.227418
5.11051e-11	-0.228671
5.11475e-11	-0.229924
5.11899e-11	-0.231177
5.12323e-11	-0.23243
5.12747e-11	-0.233683
5.13171e-11	-0.234937
5.13595e-11	-0.236191
5.1402e-11	-0.237444
5.14444e-11	-0.238698
5.14868e-11	-0.239951
5.15292e-11	-0.241204
5.15716e-11	-0.242457
5.1614e-11	-0.24371
5.16564e-11	-0.244963
5.16988e-11	-0.246215
5.17412e-11	-0.247466
5.17837e-11	-0.248717
5.18261e-11	-0.249968
5.18685e-11	-0.251218
5.19109e-11	-0.252467
5.19533e-11	-0.253716
5.19957e-11	-0.254964
5.20381e-11	-0.256211
5.20805e-11	-0.257457
5.21229e-11	-0.258703
5.21654e-11	-0.259947
5.22078e-11	-0.26119
5.22502e-11	-0.262433
5.22926e-11	-0.263674
5.2335e-11	-0.264914
5.23774e-11	-0.266152
5.24198e-11	-0.26739
5.24622e-11	-0.268626
5.25046e-11	-0.26986
5.25471e-11	-0.271093
5.25895e-11	-0.272325
5.26319e-11	-0.273555
5.26743e-11	-0.274783
5.27167e-11	-0.276009
5.27591e-11	-0.277234
5.28015e-11	-0.278457
5.28439e-11	-0.279678
5.28863e-11	-0.280897
5.29288e-11	-0.282114
5.29712e-11	-0.283329
5.30136e-11	-0.284541
5.3056e-11	-0.285752
5.30984e-11	-0.28696
5.31408e-11	-0.288166
5.31832e-11	-0.28937
5.32256e-11	-0.290571
5.3268e-11	-0.291769
5.33104e-11	-0.292965
5.33529e-11	-0.294159
5.33953e-11	-0.295349
5.34377e-11	-0.296537
5.34801e-11	-0.297722
5.35225e-11	-0.298904
5.35649e-11	-0.300084
5.36073e-11	-0.30126
5.36497e-11	-0.302433
5.36921e-11	-0.303603
5.37346e-11	-0.30477
5.3777e-11	-0.305933
5.38194e-11	-0.307093
5.38618e-11	-0.30825
5.39042e-11	-0.309403
5.39466e-11	-0.310553
5.3989e-11	-0.311699
5.40314e-11	-0.312841
5.40738e-11	-0.31398
5.41163e-11	-0.315115
5.41587e-11	-0.316246
5.42011e-11	-0.317373
5.42435e-11	-0.318496
5.42859e-11	-0.319615
5.43283e-11	-0.32073
5.43707e-11	-0.32184
5.44131e-11	-0.322947
5.44555e-11	-0.324049
5.4498e-11	-0.325146
5.45404e-11	-0.32624
5.45828e-11	-0.327328
5.46252e-11	-0.328412
5.46676e-11	-0.329491
5.471e-11	-0.330566
5.47524e-11	-0.331636
5.47948e-11	-0.332701
5.48372e-11	-0.333761
5.48797e-11	-0.334816
5.49221e-11	-0.335865
5.49645e-11	-0.33691
5.50069e-11	-0.337949
5.50493e-11	-0.338984
5.50917e-11	-0.340012
5.51341e-11	-0.341036
5.51765e-11	-0.342053
5.52189e-11	-0.343066
5.52613e-11	-0.344072
5.53038e-11	-0.345073
5.53462e-11	-0.346068
5.53886e-11	-0.347057
5.5431e-11	-0.348041
5.54734e-11	-0.349018
5.55158e-11	-0.349989
5.55582e-11	-0.350954
5.56006e-11	-0.351913
5.5643e-11	-0.352866
5.56855e-11	-0.353812
5.57279e-11	-0.354752
5.57703e-11	-0.355685
5.58127e-11	-0.356612
5.58551e-11	-0.357532
5.58975e-11	-0.358446
5.59399e-11	-0.359353
5.59823e-11	-0.360252
5.60247e-11	-0.361145
5.60672e-11	-0.362031
5.61096e-11	-0.36291
5.6152e-11	-0.363782
5.61944e-11	-0.364647
5.62368e-11	-0.365504
5.62792e-11	-0.366354
5.63216e-11	-0.367196
5.6364e-11	-0.368031
5.64064e-11	-0.368859
5.64489e-11	-0.369679
5.64913e-11	-0.370491
5.65337e-11	-0.371295
5.65761e-11	-0.372092
5.66185e-11	-0.372881
5.66609e-11	-0.373661
5.67033e-11	-0.374434
5.67457e-11	-0.375198
5.67881e-11	-0.375955
5.68306e-11	-0.376703
5.6873e-11	-0.377443
5.69154e-11	-0.378174
5.69578e-11	-0.378897
5.70002e-11	-0.379611
5.70426e-11	-0.380317
5.7085e-11	-0.381013
5.71274e-11	-0.381702
5.71698e-11	-0.382381
5.72122e-11	-0.383052
5.72547e-11	-0.383713
5.72971e-11	-0.384365
5.73395e-11	-0.385009
5.73819e-11	-0.385643
5.74243e-11	-0.386268
5.74667e-11	-0.386883
5.75091e-11	-0.387489
5.75515e-11	-0.388086
5.75939e-11	-0.388673
5.76364e-11	-0.389251
5.76788e-11	-0.389819
5.77212e-11	-0.390377
5.77636e-11	-0.390925
5.7806e-11	-0.391464
5.78484e-11	-0.391992
5.78908e-11	-0.392511
5.79332e-11	-0.393019
5.79756e-11	-0.393517
5.80181e-11	-0.394005
5.80605e-11	-0.394483
5.81029e-11	-0.39495
5.81453e-11	-0.395407
5.81877e-11	-0.395854
5.82301e-11	-0.39629
5.82725e-11	-0.396715
5.83149e-11	-0.397129
5.83573e-11	-0.397533
5.83998e-11	-0.397926
5.84422e-11	-0.398308
5.84846e-11	-0.398679
5.8527e-11	-0.399039
5.85694e-11	-0.399388
5.86118e-11	-0.399726
5.86542e-11	-0.400052
5.86966e-11	-0.400367
5.8739e-11	-0.400671
5.87814e-11	-0.400964
5.88239e-11	-0.401245
5.88663e-11	-0.401514
5.89087e-11	-0.401772
5.89511e-11	-0.402018
5.89935e-11	-0.402252
5.90359e-11	-0.402474
5.90783e-11	-0.402685
5.91207e-11	-0.402884
5.91631e-11	-0.40307
5.92056e-11	-0.403245
5.9248e-11	-0.403407
5.92904e-11	-0.403557
5.93328e-11	-0.403695
5.93752e-11	-0.403821
5.94176e-11	-0.403934
5.946e-11	-0.404035
5.95024e-11	-0.404124
5.95448e-11	-0.404199
5.95873e-11	-0.404262
5.96297e-11	-0.404313
5.96721e-11	-0.404351
5.97145e-11	-0.404376
5.97569e-11	-0.404388
5.97993e-11	-0.404387
5.98417e-11	-0.404373
5.98841e-11	-0.404346
5.99265e-11	-0.404306
5.9969e-11	-0.404253
6.00114e-11	-0.404187
6.00538e-11	-0.404107
6.00962e-11	-0.404014
6.01386e-11	-0.403908
6.0181e-11	-0.403788
6.02234e-11	-0.403655
6.02658e-11	-0.403508
6.03082e-11	-0.403348
6.03507e-11	-0.403174
6.03931e-11	-0.402986
6.04355e-11	-0.402785
6.04779e-11	-0.402569
6.05203e-11	-0.40234
6.05627e-11	-0.402097
6.06051e-11	-0.40184
6.06475e-11	-0.401569
6.06899e-11	-0.401284
6.07323e-11	-0.400984
6.07748e-11	-0.400671
6.08172e-11	-0.400343
6.08596e-11	-0.400001
6.0902e-11	-0.399645
6.09444e-11	-0.399275
6.09868e-11	-0.39889
6.10292e-11	-0.39849
6.10716e-11	-0.398076
6.1114e-11	-0.397647
6.11565e-11	-0.397204
6.11989e-11	-0.396746
6.12413e-11	-0.396274
6.12837e-11	-0.395787
6.13261e-11	-0.395284
6.13685e-11	-0.394768
6.14109e-11	-0.394236
6.14533e-11	-0.393689
6.14957e-11	-0.393127
6.15382e-11	-0.392551
6.15806e-11	-0.391959
6.1623e-11	-0.391352
6.16654e-11	-0.39073
6.17078e-11	-0.390093
6.17502e-11	-0.389441
6.17926e-11	-0.388774
6.1835e-11	-0.388091
6.18774e-11	-0.387393
6.19199e-11	-0.386679
6.19623e-11	-0.38595
6.20047e-11	-0.385206
6.20471e-11	-0.384446
6.20895e-11	-0.383671
6.21319e-11	-0.38288
6.21743e-11	-0.382074
6.22167e-11	-0.381252
6.22591e-11	-0.380414
6.23016e-11	-0.379561
6.2344e-11	-0.378692
6.23864e-11	-0.377807
6.24288e-11	-0.376907
6.24712e-11	-0.37599
6.25136e-11	-0.375058
6.2556e-11	-0.37411
6.25984e-11	-0.373146
6.26408e-11	-0.372167
6.26832e-11	-0.371171
6.27257e-11	-0.370159
6.27681e-11	-0.369132
6.28105e-11	-0.368088
6.28529e-11	-0.367028
6.28953e-11	-0.365953
6.29377e-11	-0.364861
6.29801e-11	-0.363753
6.30225e-11	-0.362629
6.30649e-11	-0.361488
6.31074e-11	-0.360332
6.31498e-11	-0.359159
6.31922e-11	-0.35797
6.32346e-11	-0.356765
6.3277e-11	-0.355544
6.33194e-11	-0.354306
6.33618e-11	-0.353052
6.34042e-11	-0.351782
6.34466e-11	-0.350496
6.34891e-11	-0.349193
6.35315e-11	-0.347873
6.35739e-11	-0.346538
6.36163e-11	-0.345186
6.36587e-11	-0.343817
6.37011e-11	-0.342433
6.37435e-11	-0.341031
6.37859e-11	-0.339614
6.38283e-11	-0.33818
6.38708e-11	-0.336729
6.39132e-11	-0.335262
6.39556e-11	-0.333779
6.3998e-11	-0.332279
6.40404e-11	-0.330762
6.40828e-11	-0.329229
6.41252e-11	-0.32768
6.41676e-11	-0.326114
6.421e-11	-0.324531
6.42525e-11	-0.322932
6.42949e-11	-0.321317
6.43373e-11	-0.319685
6.43797e-11	-0.318037
6.44221e-11	-0.316372
6.44645e-11	-0.31469
6.45069e-11	-0.312992
6.45493e-11	-0.311278
6.45917e-11	-0.309547
6.46341e-11	-0.307799
6.46766e-11	-0.306035
6.4719e-11	-0.304254
6.47614e-11	-0.302457
6.48038e-11	-0.300644
6.48462e-11	-0.298814
6.48886e-11	-0.296968
6.4931e-11	-0.295105
6.49734e-11	-0.293225
6.50158e-11	-0.291329
6.50583e-11	-0.289417
6.51007e-11	-0.287489
6.51431e-11	-0.285543
6.51855e-11	-0.283582
6.52279e-11	-0.281604
6.52703e-11	-0.27961
6.53127e-11	-0.277599
6.53551e-11	-0.275572
6.53975e-11	-0.273529
6.544e-11	-0.27147
6.54824e-11	-0.269394
6.55248e-11	-0.267302
6.55672e-11	-0.265193
6.56096e-11	-0.263069
6.5652e-11	-0.260928
6.56944e-11	-0.258771
6.57368e-11	-0.256598
6.57792e-11	-0.254408
6.58217e-11	-0.252203
6.58641e-11	-0.249981
6.59065e-11	-0.247744
6.59489e-11	-0.24549
6.59913e-11	-0.243221
6.60337e-11	-0.240935
6.60761e-11	-0.238633
6.61185e-11	-0.236316
6.61609e-11	-0.233983
6.62034e-11	-0.231633
6.62458e-11	-0.229268
6.62882e-11	-0.226887
6.63306e-11	-0.224491
6.6373e-11	-0.222078
6.64154e-11	-0.21965
6.64578e-11	-0.217206
6.65002e-11	-0.214747
6.65426e-11	-0.212272
6.6585e-11	-0.209781
6.66275e-11	-0.207275
6.66699e-11	-0.204754
6.67123e-11	-0.202217
6.67547e-11	-0.199664
6.67971e-11	-0.197097
6.68395e-11	-0.194513
6.68819e-11	-0.191915
6.69243e-11	-0.189302
6.69667e-11	-0.186673
6.70092e-11	-0.184029
6.70516e-11	-0.18137
6.7094e-11	-0.178696
6.71364e-11	-0.176007
6.71788e-11	-0.173303
6.72212e-11	-0.170585
6.72636e-11	-0.167851
6.7306e-11	-0.165103
6.73484e-11	-0.16234
6.73909e-11	-0.159562
6.74333e-11	-0.156769
6.74757e-11	-0.153962
6.75181e-11	-0.151141
6.75605e-11	-0.148305
6.76029e-11	-0.145454
6.76453e-11	-0.142589
6.76877e-11	-0.13971
6.77301e-11	-0.136817
6.77726e-11	-0.13391
6.7815e-11	-0.130988
6.78574e-11	-0.128052
6.78998e-11	-0.125103
6.79422e-11	-0.122139
6.79846e-11	-0.119162
6.8027e-11	-0.116171
6.80694e-11	-0.113166
6.81118e-11	-0.110147
6.81542e-11	-0.107115
6.81967e-11	-0.104069
6.82391e-11	-0.10101
6.82815e-11	-0.0979373
6.83239e-11	-0.0948514
6.83663e-11	-0.0917522
6.84087e-11	-0.0886398
6.84511e-11	-0.0855143
6.84935e-11	-0.0823758
6.85359e-11	-0.0792243
6.85784e-11	-0.07606
6.86208e-11	-0.0728828
6.86632e-11	-0.0696928
6.87056e-11	-0.0664902
6.8748e-11	-0.0632751
6.87904e-11	-0.0600474
6.88328e-11	-0.0568072
6.88752e-11	-0.0535548
6.89176e-11	-0.05029
6.89601e-11	-0.0470131
6.90025e-11	-0.0437241
6.90449e-11	-0.040423
6.90873e-11	-0.03711
6.91297e-11	-0.0337851
6.91721e-11	-0.0304485
6.92145e-11	-0.0271002
6.92569e-11	-0.0237403
6.92993e-11	-0.0203688
6.93418e-11	-0.0169859
6.93842e-11	-0.0135917
6.94266e-11	-0.0101863
6.9469e-11	-0.00676964
6.95114e-11	-0.00334195
6.95538e-11	9.6725e-05
6.95962e-11	0.00354629
6.96386e-11	0.00700665
6.9681e-11	0.0104777
6.97235e-11	0.0139594
6.97659e-11	0.0174516
6.98083e-11	0.0209542
6.98507e-11	0.0244671
6.98931e-11	0.0279903
6.99355e-11	0.0315236
6.99779e-11	0.0350669
7.00203e-11	0.0386202
7.00627e-11	0.0421833
7.01051e-11	0.0457561
7.01476e-11	0.0493386
7.019e-11	0.0529306
7.02324e-11	0.056532
7.02748e-11	0.0601428
7.03172e-11	0.0637628
7.03596e-11	0.0673919
7.0402e-11	0.07103
7.04444e-11	0.0746771
7.04868e-11	0.078333
7.05293e-11	0.0819975
7.05717e-11	0.0856707
7.06141e-11	0.0893524
7.06565e-11	0.0930424
7.06989e-11	0.0967407
7.07413e-11	0.100447
7.07837e-11	0.104162
7.08261e-11	0.107884
7.08685e-11	0.111615
7.0911e-11	0.115353
7.09534e-11	0.119098
7.09958e-11	0.122851
7.10382e-11	0.126612
7.10806e-11	0.13038
7.1123e-11	0.134155
7.11654e-11	0.137937
7.12078e-11	0.141725
7.12502e-11	0.145521
7.12927e-11	0.149324
7.13351e-11	0.153133
7.13775e-11	0.156948
7.14199e-11	0.16077
7.14623e-11	0.164598
7.15047e-11	0.168432
7.15471e-11	0.172272
7.15895e-11	0.176118
7.16319e-11	0.17997
7.16744e-11	0.183827
7.17168e-11	0.18769
7.17592e-11	0.191558
7.18016e-11	0.195432
7.1844e-11	0.19931
7.18864e-11	0.203194
7.19288e-11	0.207082
7.19712e-11	0.210976
7.20136e-11	0.214873
7.2056e-11	0.218776
7.20985e-11	0.222683
7.21409e-11	0.226594
7.21833e-11	0.230509
7.22257e-11	0.234428
7.22681e-11	0.238351
7.23105e-11	0.242278
7.23529e-11	0.246208
7.23953e-11	0.250142
7.24377e-11	0.254079
7.24802e-11	0.25802
7.25226e-11	0.261963
7.2565e-11	0.26591
7.26074e-11	0.269859
7.26498e-11	0.273811
7.26922e-11	0.277766
7.27346e-11	0.281723
7.2777e-11	0.285682
7.28194e-11	0.289644
7.28619e-11	0.293608
7.29043e-11	0.297573
7.29467e-11	0.30154
7.29891e-11	0.305509
7.30315e-11	0.30948
7.30739e-11	0.313452
7.31163e-11	0.317425
7.31587e-11	0.321399
7.32011e-11	0.325374
7.32436e-11	0.32935
7.3286e-11	0.333327
7.33284e-11	0.337304
7.33708e-11	0.341282
7.34132e-11	0.34526
7.34556e-11	0.349238
7.3498e-11	0.353216
7.35404e-11	0.357194
7.35828e-11	0.361172
7.36253e-11	0.365149
7.36677e-11	0.369126
7.37101e-11	0.373102
7.37525e-11	0.377077
7.37949e-11	0.381052
7.38373e-11	0.385025
7.38797e-11	0.388997
7.39221e-11	0.392968
7.39645e-11	0.396937
7.40069e-11	0.400904
7.40494e-11	0.40487
7.40918e-11	0.408833
7.41342e-11	0.412795
7.41766e-11	0.416754
7.4219e-11	0.420712
7.42614e-11	0.424666
7.43038e-11	0.428618
7.43462e-11	0.432567
7.43886e-11	0.436513
7.44311e-11	0.440456
7.44735e-11	0.444396
7.45159e-11	0.448333
7.45583e-11	0.452266
7.46007e-11	0.456195
7.46431e-11	0.460121
7.46855e-11	0.464043
7.47279e-11	0.467961
7.47703e-11	0.471874
7.48128e-11	0.475783
7.48552e-11	0.479688
7.48976e-11	0.483588
7.494e-11	0.487483
7.49824e-11	0.491373
7.50248e-11	0.495259
7.50672e-11	0.499139
7.51096e-11	0.503013
7.5152e-11	0.506883
7.51945e-11	0.510746
7.52369e-11	0.514604
7.52793e-11	0.518456
7.53217e-11	0.522302
7.53641e-11	0.526142
7.54065e-11	0.529975
7.54489e-11	0.533802
7.54913e-11	0.537622
7.55337e-11	0.541436
7.55761e-11	0.545242
7.56186e-11	0.549042
7.5661e-11	0.552834
7.57034e-11	0.556619
7.57458e-11	0.560396
7.57882e-11	0.564166
7.58306e-11	0.567928
7.5873e-11	0.571683
7.59154e-11	0.575429
7.59578e-11	0.579167
7.60003e-11	0.582897
7.60427e-11	0.586618
7.60851e-11	0.59033
7.61275e-11	0.594034
7.61699e-11	0.597729
7.62123e-11	0.601415
7.62547e-11	0.605092
7.62971e-11	0.60876
7.63395e-11	0.612418
7.6382e-11	0.616066
7.64244e-11	0.619705
7.64668e-11	0.623334
7.65092e-11	0.626953
7.65516e-11	0.630561
7.6594e-11	0.63416
7.66364e-11	0.637748
7.66788e-11	0.641325
7.67212e-11	0.644892
7.67637e-11	0.648448
7.68061e-11	0.651993
7.68485e-11	0.655527
7.68909e-11	0.65905
7.69333e-11	0.662561
7.69757e-11	0.666061
7.70181e-11	0.669549
7.70605e-11	0.673026
7.71029e-11	0.67649
7.71454e-11	0.679943
7.71878e-11	0.683383
7.72302e-11	0.686811
7.72726e-11	0.690226
7.7315e-11	0.693629
7.73574e-11	0.69702
7.73998e-11	0.700397
7.74422e-11	0.703761
7.74846e-11	0.707113
7.7527e-11	0.710451
7.75695e-11	0.713775
7.76119e-11	0.717086
7.76543e-11	0.720384
7.76967e-11	0.723668
7.77391e-11	0.726938
7.77815e-11	0.730194
7.78239e-11	0.733435
7.78663e-11	0.736663
7.79087e-11	0.739876
7.79512e-11	0.743074
7.79936e-11	0.746258
7.8036e-11	0.749427
7.80784e-11	0.752582
7.81208e-11	0.755721
7.81632e-11	0.758845
7.82056e-11	0.761954
7.8248e-11	0.765047
7.82904e-11	0.768125
7.83329e-11	0.771187
7.83753e-11	0.774234
7.84177e-11	0.777264
7.84601e-11	0.780279
7.85025e-11	0.783277
7.85449e-11	0.786259
7.85873e-11	0.789225
7.86297e-11	0.792175
7.86721e-11	0.795107
7.87146e-11	0.798023
7.8757e-11	0.800922
7.87994e-11	0.803805
7.88418e-11	0.80667
7.88842e-11	0.809518
7.89266e-11	0.812349
7.8969e-11	0.815162
7.90114e-11	0.817958
7.90538e-11	0.820736
7.90963e-11	0.823496
7.91387e-11	0.826239
7.91811e-11	0.828963
7.92235e-11	0.83167
7.92659e-11	0.834358
7.93083e-11	0.837028
7.93507e-11	0.83968
7.93931e-11	0.842313
7.94355e-11	0.844928
7.94779e-11	0.847523
7.95204e-11	0.8501
7.95628e-11	0.852658
7.96052e-11	0.855197
7.96476e-11	0.857717
7.969e-11	0.860218
7.97324e-11	0.862699
7.97748e-11	0.865161
7.98172e-11	0.867604
7.98596e-11	0.870026
7.99021e-11	0.872429
7.99445e-11	0.874812
7.99869e-11	0.877176
8.00293e-11	0.879519
8.00717e-11	0.881842
8.01141e-11	0.884145
8.01565e-11	0.886427
8.01989e-11	0.88869
8.02413e-11	0.890931
8.02838e-11	0.893152
8.03262e-11	0.895353
8.03686e-11	0.897532
8.0411e-11	0.899691
8.04534e-11	0.901829
8.04958e-11	0.903946
8.05382e-11	0.906042
8.05806e-11	0.908116
8.0623e-11	0.910169
8.06655e-11	0.912201
8.07079e-11	0.914211
8.07503e-11	0.9162
8.07927e-11	0.918167
8.08351e-11	0.920113
8.08775e-11	0.922037
8.09199e-11	0.923939
8.09623e-11	0.925819
8.10047e-11	0.927676
8.10472e-11	0.929512
8.10896e-11	0.931326
8.1132e-11	0.933118
8.11744e-11	0.934887
8.12168e-11	0.936633
8.12592e-11	0.938358
8.13016e-11	0.940059
8.1344e-11	0.941739
8.13864e-11	0.943395
8.14288e-11	0.945029
8.14713e-11	0.94664
8.15137e-11	0.948228
8.15561e-11	0.949793
8.15985e-11	0.951335
8.16409e-11	0.952854
8.16833e-11	0.95435
8.17257e-11	0.955823
8.17681e-11	0.957273
8.18105e-11	0.958699
8.1853e-11	0.960102
8.18954e-11	0.961481
8.19378e-11	0.962837
8.19802e-11	0.96417
8.20226e-11	0.965478
8.2065e-11	0.966763
8.21074e-11	0.968025
8.21498e-11	0.969263
8.21922e-11	0.970477
8.22347e-11	0.971667
8.22771e-11	0.972833
8.23195e-11	0.973975
8.23619e-11	0.975093
8.24043e-11	0.976187
8.24467e-11	0.977257
8.24891e-11	0.978303
8.25315e-11	0.979325
8.25739e-11	0.980322
8.26164e-11	0.981296
8.26588e-11	0.982245
8.27012e-11	0.983169
8.27436e-11	0.984069
8.2786e-11	0.984945
8.28284e-11	0.985797
8.28708e-11	0.986623
8.29132e-11	0.987426
8.29556e-11	0.988204
8.29981e-11	0.988957
8.30405e-11	0.989685
8.30829e-11	0.990389
8.31253e-11	0.991068
8.31677e-11	0.991723
8.32101e-11	0.992353
8.32525e-11	0.992958
8.32949e-11	0.993538
8.33373e-11	0.994093
8.33797e-11	0.994624
8.34222e-11	0.99513
8.34646e-11	0.995611
8.3507e-11	0.996066
8.35494e-11	0.996497
8.35918e-11	0.996904
8.36342e-11	0.997285
8.36766e-11	0.997641
8.3719e-11	0.997972
8.37614e-11	0.998278
8.38039e-11	0.998559
8.38463e-11	0.998816
8.38887e-11	0.999047
8.39311e-11	0.999253
8.39735e-11	0.999434
8.40159e-11	0.99959
8.40583e-11	0.999721
8.41007e-11	0.999826
8.41431e-11	0.999907
8.41856e-11	0.999963
8.4228e-11	0.999994
8.42704e-11	0.999999
8.43128e-11	0.999979
8.43552e-11	0.999935
8.43976e-11	0.999865
8.444e-11	0.99977
8.44824e-11	0.99965
8.45248e-11	0.999505
8.45673e-11	0.999335
8.46097e-11	0.99914
8.46521e-11	0.99892
8.46945e-11	0.998675
8.47369e-11	0.998405
8.47793e-11	0.99811
8.48217e-11	0.99779
8.48641e-11	0.997444
8.49065e-11	0.997074
8.49489e-11	0.996679
8.49914e-11	0.996259
8.50338e-11	0.995814
8.50762e-11	0.995344
8.51186e-11	0.99485
8.5161e-11	0.99433
8.52034e-11	0.993785
8.52458e-11	0.993216
8.52882e-11	0.992622
8.53306e-11	0.992003
8.53731e-11	0.991359
8.54155e-11	0.990691
8.54579e-11	0.989998
8.55003e-11	0.98928
8.55427e-11	0.988538
8.55851e-11	0.987771
8.56275e-11	0.986979
8.56699e-11	0.986163
8.57123e-11	0.985323
8.57548e-11	0.984458
8.57972e-11	0.983568
8.58396e-11	0.982654
8.5882e-11	0.981716
8.59244e-11	0.980754
8.59668e-11	0.979767
8.60092e-11	0.978756
8.60516e-11	0.97772
8.6094e-11	0.976661
8.61365e-11	0.975577
8.61789e-11	0.97447
8.62213e-11	0.973338
8.62637e-11	0.972183
8.63061e-11	0.971003
8.63485e-11	0.9698
8.63909e-11	0.968572
8.64333e-11	0.967321
8.64757e-11	0.966047
8.65182e-11	0.964748
8.65606e-11	0.963426
8.6603e-11	0.962081
8.66454e-11	0.960711
8.66878e-11	0.959319
8.67302e-11	0.957903
8.67726e-11	0.956464
8.6815e-11	0.955001
8.68574e-11	0.953515
8.68998e-11	0.952006
8.69423e-11	0.950474
8.69847e-11	0.948919
8.70271e-11	0.947341
8.70695e-11	0.94574
8.71119e-11	0.944117
8.71543e-11	0.94247
8.71967e-11	0.940801
8.72391e-11	0.939109
8.72815e-11	0.937395
8.7324e-11	0.935658
8.73664e-11	0.933899
8.74088e-11	0.932117
8.74512e-11	0.930313
8.74936e-11	0.928487
8.7536e-11	0.926639
8.75784e-11	0.924768
8.76208e-11	0.922876
8.76632e-11	0.920962
8.77057e-11	0.919026
8.77481e-11	0.917068
8.77905e-11	0.915089
8.78329e-11	0.913088
8.78753e-11	0.911066
8.79177e-11	0.909022
8.79601e-11	0.906957
8.80025e-11	0.90487
8.80449e-11	0.902763
8.80874e-11	0.900634
8.81298e-11	0.898485
8.81722e-11	0.896314
8.82146e-11	0.894123
8.8257e-11	0.891911
8.82994e-11	0.889678
8.83418e-11	0.887425
8.83842e-11	0.885152
8.84266e-11	0.882858
8.84691e-11	0.880543
8.85115e-11	0.878209
8.85539e-11	0.875855
8.85963e-11	0.87348
8.86387e-11	0.871086
8.86811e-11	0.868672
8.87235e-11	0.866238
8.87659e-11	0.863785
8.88083e-11	0.861312
8.88507e-11	0.85882
8.88932e-11	0.856308
8.89356e-11	0.853778
8.8978e-11	0.851228
8.90204e-11	0.848659
8.90628e-11	0.846072
8.91052e-11	0.843466
8.91476e-11	0.840841
8.919e-11	0.838197
8.92324e-11	0.835535
8.92749e-11	0.832855
8.93173e-11	0.830156
8.93597e-11	0.82744
8.94021e-11	0.824705
8.94445e-11	0.821952
8.94869e-11	0.819182
8.95293e-11	0.816394
8.95717e-11	0.813588
8.96141e-11	0.810765
8.96566e-11	0.807925
8.9699e-11	0.805067
8.97414e-11	0.802193
8.97838e-11	0.799301
8.98262e-11	0.796392
8.98686e-11	0.793467
8.9911e-11	0.790525
8.99534e-11	0.787566
8.99958e-11	0.784591
9.00383e-11	0.7816
9.00807e-11	0.778592
9.01231e-11	0.775569
9.01655e-11	0.772529
9.02079e-11	0.769474
9.02503e-11	0.766403
9.02927e-11	0.763316
9.03351e-11	0.760214
9.03775e-11	0.757097
9.042e-11	0.753965
9.04624e-11	0.750817
9.05048e-11	0.747654
9.05472e-11	0.744477
9.05896e-11	0.741285
9.0632e-11	0.738078
9.06744e-11	0.734857
9.07168e-11	0.731621
9.07592e-11	0.728372
9.08016e-11	0.725108
9.08441e-11	0.72183
9.08865e-11	0.718539
9.09289e-11	0.715234
9.09713e-11	0.711915
9.10137e-11	0.708583
9.10561e-11	0.705237
9.10985e-11	0.701879
9.11409e-11	0.698507
9.11833e-11	0.695122
9.12258e-11	0.691725
9.12682e-11	0.688315
9.13106e-11	0.684892
9.1353e-11	0.681458
9.13954e-11	0.678011
9.14378e-11	0.674551
9.14802e-11	0.67108
9.15226e-11	0.667597
9.1565e-11	0.664102
9.16075e-11	0.660596
9.16499e-11	0.657078
9.16923e-11	0.653549
9.17347e-11	0.650009
9.17771e-11	0.646458
9.18195e-11	0.642896
9.18619e-11	0.639323
9.19043e-11	0.63574
9.19467e-11	0.632146
9.19892e-11	0.628542
9.20316e-11	0.624927
9.2074e-11	0.621303
9.21164e-11	0.617668
9.21588e-11	0.614024
9.22012e-11	0.61037
9.22436e-11	0.606707
9.2286e-11	0.603034
9.23284e-11	0.599352
9.23708e-11	0.595661
9.24133e-11	0.591961
9.24557e-11	0.588252
9.24981e-11	0.584535
9.25405e-11	0.580809
9.25829e-11	0.577074
9.26253e-11	0.573332
9.26677e-11	0.569581
9.27101e-11	0.565822
9.27525e-11	0.562056
9.2795e-11	0.558282
9.28374e-11	0.5545
9.28798e-11	0.550711
9.29222e-11	0.546915
9.29646e-11	0.543111
9.3007e-11	0.539301
9.30494e-11	0.535483
9.30918e-11	0.531659
9.31342e-11	0.527829
9.31767e-11	0.523992
9.32191e-11	0.520149
9.32615e-11	0.516299
9.33039e-11	0.512444
9.33463e-11	0.508583
9.33887e-11	0.504716
9.34311e-11	0.500844
9.34735e-11	0.496966
9.35159e-11	0.493083
9.35584e-11	0.489195
9.36008e-11	0.485302
9.36432e-11	0.481404
9.36856e-11	0.477501
9.3728e-11	0.473594
9.37704e-11	0.469683
9.38128e-11	0.465767
9.38552e-11	0.461847
9.38976e-11	0.457923
9.39401e-11	0.453995
9.39825e-11	0.450064
9.40249e-11	0.446129
9.40673e-11	0.44219
9.41097e-11	0.438248
9.41521e-11	0.434304
9.41945e-11	0.430356
9.42369e-11	0.426405
9.42793e-11	0.422452
9.43217e-11	0.418496
9.43642e-11	0.414537
9.44066e-11	0.410577
9.4449e-11	0.406614
9.44914e-11	0.402649
9.45338e-11	0.398682
9.45762e-11	0.394714
9.46186e-11	0.390744
9.4661e-11	0.386772
9.47034e-11	0.3828
9.47459e-11	0.378826
9.47883e-11	0.374851
9.48307e-11	0.370875
9.48731e-11	0.366899
9.49155e-11	0.362922
9.49579e-11	0.358944
9.50003e-11	0.354966
9.50427e-11	0.350988
9.50851e-11	0.34701
9.51276e-11	0.343032
9.517e-11	0.339054
9.52124e-11	0.335077
9.52548e-11	0.3311
9.52972e-11	0.327123
9.53396e-11	0.323148
9.5382e-11	0.319173
9.54244e-11	0.3152
9.54668e-11	0.311227
9.55093e-11	0.307256
9.55517e-11	0.303286
9.55941e-11	0.299318
9.56365e-11	0.295352
9.56789e-11	0.291387
9.57213e-11	0.287425
9.57637e-11	0.283465
9.58061e-11	0.279506
9.58485e-11	0.275551
9.5891e-11	0.271597
9.59334e-11	0.267647
9.59758e-11	0.263699
9.60182e-11	0.259754
9.60606e-11	0.255812
9.6103e-11	0.251874
9.61454e-11	0.247938
9.61878e-11	0.244006
9.62302e-11	0.240078
9.62726e-11	0.236153
9.63151e-11	0.232232
9.63575e-11	0.228315
9.63999e-11	0.224403
9.64423e-11	0.220494
9.64847e-11	0.21659
9.65271e-11	0.21269
9.65695e-11	0.208794
9.66119e-11	0.204904
9.66543e-11	0.201018
9.66968e-11	0.197137
9.67392e-11	0.193262
9.67816e-11	0.189391
9.6824e-11	0.185526
9.68664e-11	0.181666
9.69088e-11	0.177812
9.69512e-11	0.173963
9.69936e-11	0.170121
9.7036e-11	0.166284
9.70785e-11	0.162453
9.71209e-11	0.158629
9.71633e-11	0.15481
9.72057e-11	0.150999
9.72481e-11	0.147193
9.72905e-11	0.143394
9.73329e-11	0.139603
9.73753e-11	0.135818
9.74177e-11	0.132039
9.74602e-11	0.128268
9.75026e-11	0.124505
9.7545e-11	0.120748
9.75874e-11	0.116999
9.76298e-11	0.113258
9.76722e-11	0.109524
9.77146e-11	0.105798
9.7757e-11	0.10208
9.77994e-11	0.0983703
9.78419e-11	0.0946684
9.78843e-11	0.0909747
9.79267e-11	0.0872893
9.79691e-11	0.0836124
9.80115e-11	0.079944
9.80539e-11	0.0762843
9.80963e-11	0.0726334
9.81387e-11	0.0689913
9.81811e-11	0.0653582
9.82235e-11	0.0617342
9.8266e-11	0.0581193
9.83084e-11	0.0545138
9.83508e-11	0.0509176
9.83932e-11	0.0473309
9.84356e-11	0.0437538
9.8478e-11	0.0401864
9.85204e-11	0.0366288
9.85628e-11	0.0330811
9.86052e-11	0.0295434
9.86477e-11	0.0260158
9.86901e-11	0.0224983
9.87325e-11	0.0189912
9.87749e-11	0.0154944
9.88173e-11	0.0120081
9.88597e-11	0.00853233
9.89021e-11	0.00506725
9.89445e-11	0.00161293
9.89869e-11	-0.00183055
9.90294e-11	-0.00526308
9.90718e-11	-0.00868459
9.91142e-11	-0.012095
9.91566e-11	-0.0154941
9.9199e-11	-0.018882
9.92414e-11	-0.0222585
9.92838e-11	-0.0256235
9.93262e-11	-0.0289769
9.93686e-11	-0.0323187
9.94111e-11	-0.0356488
9.94535e-11	-0.038967
9.94959e-11	-0.0422733
9.95383e-11	-0.0455677
9.95807e-11	-0.0488499
9.96231e-11	-0.0521201
9.96655e-11	-0.0553779
9.97079e-11	-0.0586235
9.97503e-11	-0.0618567
9.97928e-11	-0.0650774
9.98352e-11	-0.0682855
9.98776e-11	-0.071481
9.992e-11	-0.0746638
9.99624e-11	-0.0778338
1.00005e-10	-0.080991
1.00047e-10	-0.0841352
1.0009e-10	-0.0872665
1.00132e-10	-0.0903846
1.00174e-10	-0.0934896
1.00217e-10	-0.0965814
1.00259e-10	-0.0996598
1.00302e-10	-0.102725
1.00344e-10	-0.105777
1.00387e-10	-0.108815
1.00429e-10	-0.111839
1.00471e-10	-0.11485
1.00514e-10	-0.117848
1.00556e-10	-0.120831
1.00599e-10	-0.123801
1.00641e-10	-0.126757
1.00683e-10	-0.129698
1.00726e-10	-0.132626
1.00768e-10	-0.13554
1.00811e-10	-0.138439
1.00853e-10	-0.141325
1.00895e-10	-0.144196
1.00938e-10	-0.147052
1.0098e-10	-0.149895
1.01023e-10	-0.152723
1.01065e-10	-0.155536
1.01107e-10	-0.158335
1.0115e-10	-0.161119
1.01192e-10	-0.163889
1.01235e-10	-0.166644
1.01277e-10	-0.169384
1.0132e-10	-0.172109
1.01362e-10	-0.17482
1.01404e-10	-0.177515
1.01447e-10	-0.180196
1.01489e-10	-0.182861
1.01532e-10	-0.185512
1.01574e-10	-0.188147
1.01616e-10	-0.190767
1.01659e-10	-0.193372
1.01701e-10	-0.195962
1.01744e-10	-0.198537
1.01786e-10	-0.201096
1.01828e-10	-0.203639
1.01871e-10	-0.206168
1.01913e-10	-0.208681
1.01956e-10	-0.211178
1.01998e-10	-0.21366
1.02041e-10	-0.216126
1.02083e-10	-0.218577
1.02125e-10	-0.221012
1.02168e-10	-0.223431
1.0221e-10	-0.225835
1.02253e-10	-0.228223
1.02295e-10	-0.230595
1.02337e-10	-0.232951
1.0238e-10	-0.235291
1.02422e-10	-0.237616
1.02465e-10	-0.239924
1.02507e-10	-0.242217
1.02549e-10	-0.244494
1.02592e-10	-0.246754
1.02634e-10	-0.248999
1.02677e-10	-0.251228
1.02719e-10	-0.25344
1.02762e-10	-0.255637
1.02804e-10	-0.257817
1.02846e-10	-0.259981
1.02889e-10	-0.262129
1.02931e-10	-0.264261
1.02974e-10	-0.266376
1.03016e-10	-0.268475
1.03058e-10	-0.270558
1.03101e-10	-0.272625
1.03143e-10	-0.274676
1.03186e-10	-0.27671
1.03228e-10	-0.278727
1.0327e-10	-0.280729
1.03313e-10	-0.282714
1.03355e-10	-0.284683
1.03398e-10	-0.286635
1.0344e-10	-0.288571
1.03482e-10	-0.29049
1.03525e-10	-0.292393
1.03567e-10	-0.29428
1.0361e-10	-0.29615
1.03652e-10	-0.298004
1.03695e-10	-0.299841
1.03737e-10	-0.301662
1.03779e-10	-0.303466
1.03822e-10	-0.305254
1.03864e-10	-0.307025
1.03907e-10	-0.30878
1.03949e-10	-0.310518
1.03991e-10	-0.31224
1.04034e-10	-0.313945
1.04076e-10	-0.315634
1.04119e-10	-0.317306
1.04161e-10	-0.318962
1.04203e-10	-0.320601
1.04246e-10	-0.322224
1.04288e-10	-0.32383
1.04331e-10	-0.32542
1.04373e-10	-0.326993
1.04416e-10	-0.32855
1.04458e-10	-0.33009
1.045e-10	-0.331613
1.04543e-10	-0.333121
1.04585e-10	-0.334611
1.04628e-10	-0.336086
1.0467e-10	-0.337543
1.04712e-10	-0.338985
1.04755e-10	-0.34041
1.04797e-10	-0.341818
1.0484e-10	-0.34321
1.04882e-10	-0.344586
1.04924e-10	-0.345945
1.04967e-10	-0.347288
1.05009e-10	-0.348614
1.05052e-10	-0.349924
1.05094e-10	-0.351218
1.05137e-10	-0.352496
1.05179e-10	-0.353757
1.05221e-10	-0.355001
1.05264e-10	-0.35623
1.05306e-10	-0.357442
1.05349e-10	-0.358638
1.05391e-10	-0.359818
1.05433e-10	-0.360982
1.05476e-10	-0.362129
1.05518e-10	-0.36326
1.05561e-10	-0.364375
1.05603e-10	-0.365474
1.05645e-10	-0.366557
1.05688e-10	-0.367624
1.0573e-10	-0.368675
1.05773e-10	-0.369709
1.05815e-10	-0.370728
1.05858e-10	-0.371731
1.059e-10	-0.372717
1.05942e-10	-0.373688
1.05985e-10	-0.374643
1.06027e-10	-0.375582
1.0607e-10	-0.376505
1.06112e-10	-0.377413
1.06154e-10	-0.378305
1.06197e-10	-0.37918
1.06239e-10	-0.380041
1.06282e-10	-0.380885
1.06324e-10	-0.381714
1.06366e-10	-0.382527
1.06409e-10	-0.383325
1.06451e-10	-0.384107
1.06494e-10	-0.384874
1.06536e-10	-0.385625
1.06578e-10	-0.38636
1.06621e-10	-0.387081
1.06663e-10	-0.387785
1.06706e-10	-0.388475
1.06748e-10	-0.389149
1.06791e-10	-0.389808
1.06833e-10	-0.390452
1.06875e-10	-0.391081
1.06918e-10	-0.391694
1.0696e-10	-0.392292
1.07003e-10	-0.392876
1.07045e-10	-0.393444
1.07087e-10	-0.393997
1.0713e-10	-0.394535
1.07172e-10	-0.395059
1.07215e-10	-0.395567
1.07257e-10	-0.396061
1.07299e-10	-0.39654
1.07342e-10	-0.397005
1.07384e-10	-0.397454
1.07427e-10	-0.397889
1.07469e-10	-0.39831
1.07512e-10	-0.398716
1.07554e-10	-0.399107
1.07596e-10	-0.399484
1.07639e-10	-0.399846
1.07681e-10	-0.400195
1.07724e-10	-0.400529
1.07766e-10	-0.400848
1.07808e-10	-0.401154
1.07851e-10	-0.401445
1.07893e-10	-0.401722
1.07936e-10	-0.401986
1.07978e-10	-0.402235
1.0802e-10	-0.40247
1.08063e-10	-0.402692
1.08105e-10	-0.402899
1.08148e-10	-0.403093
1.0819e-10	-0.403273
1.08233e-10	-0.403439
1.08275e-10	-0.403592
1.08317e-10	-0.403731
1.0836e-10	-0.403857
1.08402e-10	-0.403969
1.08445e-10	-0.404068
1.08487e-10	-0.404153
1.08529e-10	-0.404225
1.08572e-10	-0.404284
1.08614e-10	-0.40433
1.08657e-10	-0.404363
1.08699e-10	-0.404382
1.08741e-10	-0.404389
1.08784e-10	-0.404382
1.08826e-10	-0.404363
1.08869e-10	-0.404331
1.08911e-10	-0.404286
1.08953e-10	-0.404229
1.08996e-10	-0.404158
1.09038e-10	-0.404076
1.09081e-10	-0.40398
1.09123e-10	-0.403872
1.09166e-10	-0.403752
1.09208e-10	-0.40362
1.0925e-10	-0.403475
1.09293e-10	-0.403318
1.09335e-10	-0.403149
1.09378e-10	-0.402967
1.0942e-10	-0.402774
1.09462e-10	-0.402568
1.09505e-10	-0.402351
1.09547e-10	-0.402122
1.0959e-10	-0.401881
1.09632e-10	-0.401629
1.09674e-10	-0.401364
1.09717e-10	-0.401089
1.09759e-10	-0.400801
1.09802e-10	-0.400502
1.09844e-10	-0.400192
1.09887e-10	-0.399871
1.09929e-10	-0.399538
1.09971e-10	-0.399194
1.10014e-10	-0.398839
1.10056e-10	-0.398473
1.10099e-10	-0.398095
1.10141e-10	-0.397707
1.10183e-10	-0.397308
1.10226e-10	-0.396898
1.10268e-10	-0.396478
1.10311e-10	-0.396047
1.10353e-10	-0.395605
1.10395e-10	-0.395153
1.10438e-10	-0.39469
1.1048e-10	-0.394217
1.10523e-10	-0.393733
1.10565e-10	-0.39324
1.10608e-10	-0.392736
1.1065e-10	-0.392222
1.10692e-10	-0.391697
1.10735e-10	-0.391163
1.10777e-10	-0.390619
1.1082e-10	-0.390066
1.10862e-10	-0.389502
1.10904e-10	-0.388929
1.10947e-10	-0.388346
1.10989e-10	-0.387753
1.11032e-10	-0.387151
1.11074e-10	-0.38654
1.11116e-10	-0.385919
1.11159e-10	-0.385289
1.11201e-10	-0.38465
1.11244e-10	-0.384001
1.11286e-10	-0.383344
1.11329e-10	-0.382677
1.11371e-10	-0.382002
1.11413e-10	-0.381317
1.11456e-10	-0.380624
1.11498e-10	-0.379922
1.11541e-10	-0.379212
1.11583e-10	-0.378493
1.11625e-10	-0.377765
1.11668e-10	-0.377029
1.1171e-10	-0.376285
1.11753e-10	-0.375532
1.11795e-10	-0.374771
1.11837e-10	-0.374002
1.1188e-10	-0.373225
1.11922e-10	-0.37244
1.11965e-10	-0.371647
1.12007e-10	-0.370846
1.12049e-10	-0.370037
1.12092e-10	-0.369221
1.12134e-10	-0.368396
1.12177e-10	-0.367565
1.12219e-10	-0.366725
1.12262e-10	-0.365879
1.12304e-10	-0.365025
1.12346e-10	-0.364163
1.12389e-10	-0.363295
1.12431e-10	-0.362419
1.12474e-10	-0.361536
1.12516e-10	-0.360646
1.12558e-10	-0.359749
1.12601e-10	-0.358846
1.12643e-10	-0.357935
1.12686e-10	-0.357018
1.12728e-10	-0.356094
1.1277e-10	-0.355163
1.12813e-10	-0.354226
1.12855e-10	-0.353283
1.12898e-10	-0.352333
1.1294e-10	-0.351377
1.12983e-10	-0.350415
1.13025e-10	-0.349446
1.13067e-10	-0.348471
1.1311e-10	-0.347491
1.13152e-10	-0.346504
1.13195e-10	-0.345512
1.13237e-10	-0.344513
1.13279e-10	-0.343509
1.13322e-10	-0.342499
1.13364e-10	-0.341484
1.13407e-10	-0.340463
1.13449e-10	-0.339437
1.13491e-10	-0.338405
1.13534e-10	-0.337368
1.13576e-10	-0.336325
1.13619e-10	-0.335278
1.13661e-10	-0.334225
1.13704e-10	-0.333168
1.13746e-10	-0.332105
1.13788e-10	-0.331037
1.13831e-10	-0.329965
1.13873e-10	-0.328888
1.13916e-10	-0.327806
1.13958e-10	-0.326719
1.14e-10	-0.325628
1.14043e-10	-0.324532
1.14085e-10	-0.323432
1.14128e-10	-0.322328
1.1417e-10	-0.321219
1.14212e-10	-0.320106
1.14255e-10	-0.318989
1.14297e-10	-0.317867
1.1434e-10	-0.316742
1.14382e-10	-0.315613
1.14424e-10	-0.31448
1.14467e-10	-0.313343
1.14509e-10	-0.312202
1.14552e-10	-0.311057
1.14594e-10	-0.309909
1.14637e-10	-0.308758
1.14679e-10	-0.307602
1.14721e-10	-0.306444
1.14764e-10	-0.305282
1.14806e-10	-0.304117
1.14849e-10	-0.302948
1.14891e-10	-0.301776
1.14933e-10	-0.300601
1.14976e-10	-0.299424
1.15018e-10	-0.298243
1.15061e-10	-0.297059
1.15103e-10	-0.295872
1.15145e-10	-0.294683
1.15188e-10	-0.293491
1.1523e-10	-0.292296
1.15273e-10	-0.291098
1.15315e-10	-0.289898
1.15358e-10	-0.288696
1.154e-10	-0.287491
1.15442e-10	-0.286284
1.15485e-10	-0.285074
1.15527e-10	-0.283863
1.1557e-10	-0.282649
1.15612e-10	-0.281432
1.15654e-10	-0.280214
1.15697e-10	-0.278994
1.15739e-10	-0.277772
1.15782e-10	-0.276548
1.15824e-10	-0.275323
1.15866e-10	-0.274095
1.15909e-10	-0.272866
1.15951e-10	-0.271635
1.15994e-10	-0.270403
1.16036e-10	-0.269169
1.16079e-10	-0.267934
1.16121e-10	-0.266697
1.16163e-10	-0.265459
1.16206e-10	-0.264219
1.16248e-10	-0.262979
1.16291e-10	-0.261737
1.16333e-10	-0.260494
1.16375e-10	-0.25925
1.16418e-10	-0.258005
1.1646e-10	-0.25676
1.16503e-10	-0.255513
1.16545e-10	-0.254265
1.16587e-10	-0.253017
1.1663e-10	-0.251768
1.16672e-10	-0.250518
1.16715e-10	-0.249268
1.16757e-10	-0.248017
1.168e-10	-0.246765
1.16842e-10	-0.245513
1.16884e-10	-0.244261
1.16927e-10	-0.243009
1.16969e-10	-0.241756
1.17012e-10	-0.240502
1.17054e-10	-0.239249
1.17096e-10	-0.237996
1.17139e-10	-0.236742
1.17181e-10	-0.235489
1.17224e-10	-0.234235
1.17266e-10	-0.232981
1.17308e-10	-0.231728
1.17351e-10	-0.230475
1.17393e-10	-0.229222
1.17436e-10	-0.227969
1.17478e-10	-0.226717
1.1752e-10	-0.225465
1.17563e-10	-0.224213
1.17605e-10	-0.222962
1.17648e-10	-0.221711
1.1769e-10	-0.220461
1.17733e-10	-0.219212
1.17775e-10	-0.217963
1.17817e-10	-0.216715
1.1786e-10	-0.215467
1.17902e-10	-0.214221
1.17945e-10	-0.212975
1.17987e-10	-0.21173
1.18029e-10	-0.210486
1.18072e-10	-0.209243
1.18114e-10	-0.208001
1.18157e-10	-0.20676
1.18199e-10	-0.205521
1.18241e-10	-0.204282
1.18284e-10	-0.203045
1.18326e-10	-0.201808
1.18369e-10	-0.200573
1.18411e-10	-0.19934
1.18454e-10	-0.198108
1.18496e-10	-0.196877
1.18538e-10	-0.195648
1.18581e-10	-0.19442
1.18623e-10	-0.193193
1.18666e-10	-0.191969
1.18708e-10	-0.190746
1.1875e-10	-0.189524
1.18793e-10	-0.188304
1.18835e-10	-0.187086
1.18878e-10	-0.18587
1.1892e-10	-0.184655
1.18962e-10	-0.183443
1.19005e-10	-0.182232
1.19047e-10	-0.181023
1.1909e-10	-0.179816
1.19132e-10	-0.178612
1.19175e-10	-0.177409
1.19217e-10	-0.176208
1.19259e-10	-0.175009
1.19302e-10	-0.173813
1.19344e-10	-0.172619
1.19387e-10	-0.171427
1.19429e-10	-0.170237
1.19471e-10	-0.169049
1.19514e-10	-0.167864
1.19556e-10	-0.166681
1.19599e-10	-0.165501
1.19641e-10	-0.164323
1.19683e-10	-0.163147
1.19726e-10	-0.161974
1.19768e-10	-0.160803
1.19811e-10	-0.159635
1.19853e-10	-0.15847
1.19895e-10	-0.157307
1.19938e-10	-0.156147
1.1998e-10	-0.154989
1.20023e-10	-0.153834
1.20065e-10	-0.152682
1.20108e-10	-0.151533
1.2015e-10	-0.150387
1.20192e-10	-0.149243
1.20235e-10	-0.148102
1.20277e-10	-0.146964
1.2032e-10	-0.145829
1.20362e-10	-0.144697
1.20404e-10	-0.143568
1.20447e-10	-0.142442
1.20489e-10	-0.141319
1.20532e-10	-0.140199
1.20574e-10	-0.139082
1.20616e-10	-0.137968
1.20659e-10	-0.136857
1.20701e-10	-0.135749
1.20744e-10	-0.134645
1.20786e-10	-0.133544
1.20829e-10	-0.132446
1.20871e-10	-0.131351
1.20913e-10	-0.13026
1.20956e-10	-0.129171
1.20998e-10	-0.128087
1.21041e-10	-0.127005
1.21083e-10	-0.125927
1.21125e-10	-0.124852
1.21168e-10	-0.123781
1.2121e-10	-0.122713
1.21253e-10	-0.121649
1.21295e-10	-0.120588
1.21337e-10	-0.11953
1.2138e-10	-0.118476
1.21422e-10	-0.117426
1.21465e-10	-0.116379
1.21507e-10	-0.115336
1.2155e-10	-0.114296
1.21592e-10	-0.11326
1.21634e-10	-0.112228
1.21677e-10	-0.111199
1.21719e-10	-0.110174
1.21762e-10	-0.109153
1.21804e-10	-0.108135
1.21846e-10	-0.107121
1.21889e-10	-0.106111
1.21931e-10	-0.105105
1.21974e-10	-0.104102
1.22016e-10	-0.103103
1.22058e-10	-0.102108
1.22101e-10	-0.101117
1.22143e-10	-0.100129
1.22186e-10	-0.0991459
1.22228e-10	-0.0981663
1.22271e-10	-0.0971905
1.22313e-10	-0.0962187
1.22355e-10	-0.0952507
1.22398e-10	-0.0942867
1.2244e-10	-0.0933266
1.22483e-10	-0.0923705
1.22525e-10	-0.0914183
1.22567e-10	-0.0904702
1.2261e-10	-0.089526
1.22652e-10	-0.0885858
1.22695e-10	-0.0876496
1.22737e-10	-0.0867174
1.22779e-10	-0.0857893
1.22822e-10	-0.0848653
1.22864e-10	-0.0839453
1.22907e-10	-0.0830293
1.22949e-10	-0.0821175
1.22991e-10	-0.0812097
1.23034e-10	-0.080306
1.23076e-10	-0.0794065
1.23119e-10	-0.078511
1.23161e-10	-0.0776197
1.23204e-10	-0.0767325
1.23246e-10	-0.0758495
1.23288e-10	-0.0749706
1.23331e-10	-0.0740959
1.23373e-10	-0.0732253
1.23416e-10	-0.0723589
1.23458e-10	-0.0714967
1.235e-10	-0.0706387
1.23543e-10	-0.0697849
1.23585e-10	-0.0689352
1.23628e-10	-0.0680898
1.2367e-10	-0.0672486
1.23712e-10	-0.0664116
1.23755e-10	-0.0655788
1.23797e-10	-0.0647503
1.2384e-10	-0.063926
1.23882e-10	-0.0631059
1.23925e-10	-0.0622901
1.23967e-10	-0.0614785
1.24009e-10	-0.0606712
1.24052e-10	-0.0598681
1.24094e-10	-0.0590693
1.24137e-10	-0.0582747
1.24179e-10	-0.0574844
1.24221e-10	-0.0566983
1.24264e-10	-0.0559166
1.24306e-10	-0.0551391
1.24349e-10	-0.0543659
1.24391e-10	-0.0535969
1.24433e-10	-0.0528322
1.24476e-10	-0.0520718
1.24518e-10	-0.0513157
1.24561e-10	-0.0505639
1.24603e-10	-0.0498163
1.24646e-10	-0.049073
1.24688e-10	-0.048334
1.2473e-10	-0.0475993
1.24773e-10	-0.0468689
1.24815e-10	-0.0461427
1.24858e-10	-0.0454208
1.249e-10	-0.0447032
1.24942e-10	-0.0439899
1.24985e-10	-0.0432809
1.25027e-10	-0.0425761
1.2507e-10	-0.0418756
1.25112e-10	-0.0411794
1.25154e-10	-0.0404874
1.25197e-10	-0.0397997
1.25239e-10	-0.0391163
1.25282e-10	-0.0384372
1.25324e-10	-0.0377623
1.25366e-10	-0.0370916
1.25409e-10	-0.0364253
1.25451e-10	-0.0357631
1.25494e-10	-0.0351053
1.25536e-10	-0.0344516
1.25579e-10	-0.0338022
1.25621e-10	-0.0331571
1.25663e-10	-0.0325161
1.25706e-10	-0.0318795
1.25748e-10	-0.031247
1.25791e-10	-0.0306187
1.25833e-10	-0.0299947
1.25875e-10	-0.0293748
1.25918e-10	-0.0287592
1.2596e-10	-0.0281478
1.26003e-10	-0.0275406
1.26045e-10	-0.0269375
1.26087e-10	-0.0263386
1.2613e-10	-0.0257439
1.26172e-10	-0.0251534
1.26215e-10	-0.024567
1.26257e-10	-0.0239848
1.263e-10	-0.0234068
1.26342e-10	-0.0228329
1.26384e-10	-0.0222631
1.26427e-10	-0.0216974
1.26469e-10	-0.0211359
1.26512e-10	-0.0205785
1.26554e-10	-0.0200252
1.26596e-10	-0.0194759
1.26639e-10	-0.0189308
1.26681e-10	-0.0183898
1.26724e-10	-0.0178528
1.26766e-10	-0.0173199
1.26808e-10	-0.0167911
1.26851e-10	-0.0162662
1.26893e-10	-0.0157455
1.26936e-10	-0.0152288
1.26978e-10	-0.014716
1.27021e-10	-0.0142073
1.27063e-10	-0.0137027
1.27105e-10	-0.013202
1.27148e-10	-0.0127052
1.2719e-10	-0.0122125
1.27233e-10	-0.0117237
1.27275e-10	-0.0112389
1.27317e-10	-0.010758
1.2736e-10	-0.0102811
1.27402e-10	-0.00980804
1.27445e-10	-0.00933894
1.27487e-10	-0.00887373
1.27529e-10	-0.00841242
1.27572e-10	-0.00795499
1.27614e-10	-0.00750143
1.27657e-10	-0.00705173
1.27699e-10	-0.00660588
1.27742e-10	-0.00616386
1.27784e-10	-0.00572568
1.27826e-10	-0.0052913
1.27869e-10	-0.00486073
1.27911e-10	-0.00443396
1.27954e-10	-0.00401096
1.27996e-10	-0.00359173
1.28038e-10	-0.00317625
1.28081e-10	-0.00276452
1.28123e-10	-0.00235652
1.28166e-10	-0.00195224
1.28208e-10	-0.00155167
1.2825e-10	-0.0011548
1.28293e-10	-0.000761602
1.28335e-10	-0.000372077
1.28378e-10	1.37894e-05
1.2842e-10	0.000396012
1.28462e-10	0.000774602
1.28505e-10	0.00114957
1.28547e-10	0.00152094
1.2859e-10	0.00188871
1.28632e-10	0.00225291
1.28675e-10	0.00261354
1.28717e-10	0.00297061
1.28759e-10	0.00332415
1.28802e-10	0.00367416
1.28844e-10	0.00402065
1.28887e-10	0.00436365
1.28929e-10	0.00470317
1.28971e-10	0.00503921
1.29014e-10	0.00537179
1.29056e-10	0.00570093
1.29099e-10	0.00602664
1.29141e-10	0.00634894
1.29183e-10	0.00666783
1.29226e-10	0.00698334
1.29268e-10	0.00729547
1.29311e-10	0.00760425
1.29353e-10	0.00790968
1.29396e-10	0.00821178
1.29438e-10	0.00851056
1.2948e-10	0.00880604
1.29523e-10	0.00909824
1.29565e-10	0.00938716
1.29608e-10	0.00967283
1.2965e-10	0.00995525
1.29692e-10	0.0102344
1.29735e-10	0.0105104
1.29777e-10	0.0107832
1.2982e-10	0.0110528
1.29862e-10	0.0113192
1.29904e-10	0.0115825
1.29947e-10	0.0118427
1.29989e-10	0.0120997
1.30032e-10	0.0123536
1.30074e-10	0.0126044
1.30117e-10	0.0128521
1.30159e-10	0.0130968
1.30201e-10	0.0133384
1.30244e-10	0.013577
1.30286e-10	0.0138126
1.30329e-10	0.0140452
1.30371e-10	0.0142748
1.30413e-10	0.0145014
1.30456e-10	0.014725
1.30498e-10	0.0149458
1.30541e-10	0.0151636
1.30583e-10	0.0153785
1.30625e-10	0.0155904
1.30668e-10	0.0157996
1.3071e-10	0.0160058
1.30753e-10	0.0162092
1.30795e-10	0.0164098
1.30837e-10	0.0166076
1.3088e-10	0.0168025
1.30922e-10	0.0169947
1.30965e-10	0.0171841
1.31007e-10	0.0173707
1.3105e-10	0.0175547
1.31092e-10	0.0177359
1.31134e-10	0.0179143
1.31177e-10	0.0180901
1.31219e-10	0.0182633
1.31262e-10	0.0184337
1.31304e-10	0.0186015
1.31346e-10	0.0187667
1.31389e-10	0.0189293
1.31431e-10	0.0190893
1.31474e-10	0.0192467
1.31516e-10	0.0194016
1.31558e-10	0.0195539
1.31601e-10	0.0197036
1.31643e-10	0.0198509
1.31686e-10	0.0199956
1.31728e-10	0.0201379
1.31771e-10	0.0202777
1.31813e-10	0.020415
1.31855e-10	0.0205499
1.31898e-10	0.0206824
1.3194e-10	0.0208124
1.31983e-10	0.0209401
1.32025e-10	0.0210654
1.32067e-10	0.0211884
1.3211e-10	0.021309
1.32152e-10	0.0214272
1.32195e-10	0.0215432
1.32237e-10	0.0216569
1.32279e-10	0.0217683
1.32322e-10	0.0218774
1.32364e-10	0.0219843
1.32407e-10	0.0220889
1.32449e-10	0.0221913
1.32492e-10	0.0222915
1.32534e-10	0.0223896
1.32576e-10	0.0224854
1.32619e-10	0.0225791
1.32661e-10	0.0226707
1.32704e-10	0.0227601
1.32746e-10	0.0228474
1.32788e-10	0.0229327
1.32831e-10	0.0230158
1.32873e-10	0.0230969
1.32916e-10	0.023176
1.32958e-10	0.023253
1.33e-10	0.023328
1.33043e-10	0.023401
1.33085e-10	0.023472
1.33128e-10	0.023541
1.3317e-10	0.0236081
1.33213e-10	0.0236733
1.33255e-10	0.0237365
1.33297e-10	0.0237978
1.3334e-10	0.0238572
1.33382e-10	0.0239147
1.33425e-10	0.0239704
1.33467e-10	0.0240242
1.33509e-10	0.0240762
1.33552e-10	0.0241263
1.33594e-10	0.0241747
1.33637e-10	0.0242213
1.33679e-10	0.0242661
1.33721e-10	0.0243091
1.33764e-10	0.0243504
1.33806e-10	0.0243899
1.33849e-10	0.0244278
1.33891e-10	0.0244639
1.33933e-10	0.0244983
1.33976e-10	0.0245311
1.34018e-10	0.0245622
1.34061e-10	0.0245917
1.34103e-10	0.0246196
1.34146e-10	0.0246458
1.34188e-10	0.0246704
1.3423e-10	0.0246935
1.34273e-10	0.0247149
1.34315e-10	0.0247348
1.34358e-10	0.0247532
1.344e-10	0.0247701
1.34442e-10	0.0247854
1.34485e-10	0.0247992
1.34527e-10	0.0248116
1.3457e-10	0.0248224
1.34612e-10	0.0248318
1.34654e-10	0.0248398
1.34697e-10	0.0248463
1.34739e-10	0.0248515
1.34782e-10	0.0248552
1.34824e-10	0.0248575
1.34867e-10	0.0248584
1.34909e-10	0.024858
1.34951e-10	0.0248563
1.34994e-10	0.0248532
1.35036e-10	0.0248487
1.35079e-10	0.024843
1.35121e-10	0.024836
1.35163e-10	0.0248277
1.35206e-10	0.0248181
1.35248e-10	0.0248073
1.35291e-10	0.0247952
1.35333e-10	0.0247819
1.35375e-10	0.0247674
1.35418e-10	0.0247517
1.3546e-10	0.0247347
1.35503e-10	0.0247167
1.35545e-10	0.0246974
1.35588e-10	0.024677
1.3563e-10	0.0246554
1.35672e-10	0.0246328
1.35715e-10	0.024609
1.35757e-10	0.0245841
1.358e-10	0.0245581
1.35842e-10	0.0245311
1.35884e-10	0.024503
1.35927e-10	0.0244738
1.35969e-10	0.0244436
1.36012e-10	0.0244123
1.36054e-10	0.0243801
1.36096e-10	0.0243468
1.36139e-10	0.0243126
1.36181e-10	0.0242774
1.36224e-10	0.0242412
1.36266e-10	0.024204
1.36308e-10	0.024166
1.36351e-10	0.0241269
1.36393e-10	0.024087
1.36436e-10	0.0240461
1.36478e-10	0.0240044
1.36521e-10	0.0239618
1.36563e-10	0.0239183
1.36605e-10	0.0238739
1.36648e-10	0.0238287
1.3669e-10	0.0237826
1.36733e-10	0.0237358
1.36775e-10	0.023688
1.36817e-10	0.0236395
1.3686e-10	0.0235902
1.36902e-10	0.0235402
1.36945e-10	0.0234893
1.36987e-10	0.0234377
1.37029e-10	0.0233853
1.37072e-10	0.0233322
1.37114e-10	0.0232783
1.37157e-10	0.0232238
1.37199e-10	0.0231685
1.37242e-10	0.0231125
1.37284e-10	0.0230559
1.37326e-10	0.0229985
1.37369e-10	0.0229405
1.37411e-10	0.0228819
1.37454e-10	0.0228225
1.37496e-10	0.0227626
1.37538e-10	0.022702
1.37581e-10	0.0226408
1.37623e-10	0.022579
1.37666e-10	0.0225166
1.37708e-10	0.0224536
1.3775e-10	0.0223901
1.37793e-10	0.022326
1.37835e-10	0.0222613
1.37878e-10	0.022196
1.3792e-10	0.0221303
1.37963e-10	0.022064
1.38005e-10	0.0219971
1.38047e-10	0.0219298
1.3809e-10	0.021862
1.38132e-10	0.0217936
1.38175e-10	0.0217248
1.38217e-10	0.0216555
1.38259e-10	0.0215858
1.38302e-10	0.0215156
1.38344e-10	0.0214449
1.38387e-10	0.0213738
1.38429e-10	0.0213023
1.38471e-10	0.0212303
1.38514e-10	0.021158
1.38556e-10	0.0210852
1.38599e-10	0.021012
1.38641e-10	0.0209385
1.38684e-10	0.0208646
1.38726e-10	0.0207903
1.38768e-10	0.0207156
1.38811e-10	0.0206406
1.38853e-10	0.0205652
1.38896e-10	0.0204896
1.38938e-10	0.0204135
1.3898e-10	0.0203372
1.39023e-10	0.0202605
1.39065e-10	0.0201835
1.39108e-10	0.0201063
1.3915e-10	0.0200287
1.39192e-10	0.0199509
1.39235e-10	0.0198728
1.39277e-10	0.0197944
1.3932e-10	0.0197157
1.39362e-10	0.0196368
1.39404e-10	0.0195577
1.39447e-10	0.0194783
1.39489e-10	0.0193987
1.39532e-10	0.0193189
1.39574e-10	0.0192388
1.39617e-10	0.0191586
1.39659e-10	0.0190781
1.39701e-10	0.0189974
1.39744e-10	0.0189166
1.39786e-10	0.0188356
1.39829e-10	0.0187544
1.39871e-10	0.018673
1.39913e-10	0.0185915
1.39956e-10	0.0185098
1.39998e-10	0.0184279
1.40041e-10	0.0183459
1.40083e-10	0.0182638
1.40125e-10	0.0181816
1.40168e-10	0.0180992
1.4021e-10	0.0180167
1.40253e-10	0.0179341
1.40295e-10	0.0178514
1.40338e-10	0.0177686
1.4038e-10	0.0176857
1.40422e-10	0.0176027
1.40465e-10	0.0175197
1.40507e-10	0.0174365
1.4055e-10	0.0173533
1.40592e-10	0.0172701
1.40634e-10	0.0171867
1.40677e-10	0.0171034
1.40719e-10	0.0170199
1.40762e-10	0.0169365
1.40804e-10	0.016853
1.40846e-10	0.0167694
1.40889e-10	0.0166859
1.40931e-10	0.0166023
1.40974e-10	0.0165187
1.41016e-10	0.0164351
1.41059e-10	0.0163515
1.41101e-10	0.0162679
1.41143e-10	0.0161843
1.41186e-10	0.0161007
1.41228e-10	0.0160171
1.41271e-10	0.0159336
1.41313e-10	0.0158501
1.41355e-10	0.0157666
1.41398e-10	0.0156831
1.4144e-10	0.0155997
1.41483e-10	0.0155163
1.41525e-10	0.015433
1.41567e-10	0.0153497
1.4161e-10	0.0152665
1.41652e-10	0.0151834
1.41695e-10	0.0151003
1.41737e-10	0.0150173
1.4178e-10	0.0149343
1.41822e-10	0.0148515
1.41864e-10	0.0147687
1.41907e-10	0.014686
1.41949e-10	0.0146034
1.41992e-10	0.0145209
1.42034e-10	0.0144385
1.42076e-10	0.0143563
1.42119e-10	0.0142741
1.42161e-10	0.014192
1.42204e-10	0.01411
1.42246e-10	0.0140282
1.42288e-10	0.0139465
1.42331e-10	0.0138649
1.42373e-10	0.0137834
1.42416e-10	0.0137021
1.42458e-10	0.0136209
1.425e-10	0.0135398
1.42543e-10	0.0134589
1.42585e-10	0.0133782
1.42628e-10	0.0132976
1.4267e-10	0.0132171
1.42713e-10	0.0131368
1.42755e-10	0.0130567
1.42797e-10	0.0129767
1.4284e-10	0.0128969
1.42882e-10	0.0128172
1.42925e-10	0.0127378
1.42967e-10	0.0126585
1.43009e-10	0.0125794
1.43052e-10	0.0125004
1.43094e-10	0.0124217
1.43137e-10	0.0123431
1.43179e-10	0.0122647
1.43221e-10	0.0121865
1.43264e-10	0.0121086
1.43306e-10	0.0120308
1.43349e-10	0.0119532
1.43391e-10	0.0118758
1.43434e-10	0.0117986
1.43476e-10	0.0117216
1.43518e-10	0.0116449
1.43561e-10	0.0115683
1.43603e-10	0.011492
1.43646e-10	0.0114158
1.43688e-10	0.0113399
1.4373e-10	0.0112642
1.43773e-10	0.0111888
1.43815e-10	0.0111135
1.43858e-10	0.0110385
1.439e-10	0.0109638
1.43942e-10	0.0108892
1.43985e-10	0.0108149
1.44027e-10	0.0107408
1.4407e-10	0.010667
1.44112e-10	0.0105934
1.44155e-10	0.01052
1.44197e-10	0.0104469
1.44239e-10	0.010374
1.44282e-10	0.0103014
1.44324e-10	0.010229
1.44367e-10	0.0101569
1.44409e-10	0.010085
1.44451e-10	0.0100134
1.44494e-10	0.00994205
1.44536e-10	0.00987094
1.44579e-10	0.00980008
1.44621e-10	0.00972949
1.44663e-10	0.00965916
1.44706e-10	0.00958909
1.44748e-10	0.00951928
1.44791e-10	0.00944974
1.44833e-10	0.00938047
1.44875e-10	0.00931146
1.44918e-10	0.00924272
1.4496e-10	0.00917425
1.45003e-10	0.00910606
1.45045e-10	0.00903813
1.45088e-10	0.00897048
1.4513e-10	0.0089031
1.45172e-10	0.008836
1.45215e-10	0.00876917
1.45257e-10	0.00870262
1.453e-10	0.00863635
1.45342e-10	0.00857036
1.45384e-10	0.00850465
1.45427e-10	0.00843922
1.45469e-10	0.00837408
1.45512e-10	0.00830921
1.45554e-10	0.00824463
1.45596e-10	0.00818034
1.45639e-10	0.00811633
1.45681e-10	0.0080526
1.45724e-10	0.00798917
1.45766e-10	0.00792601
1.45809e-10	0.00786315
1.45851e-10	0.00780058
1.45893e-10	0.00773829
1.45936e-10	0.0076763
1.45978e-10	0.00761459
1.46021e-10	0.00755318
1.46063e-10	0.00749205
1.46105e-10	0.00743122
1.46148e-10	0.00737068
1.4619e-10	0.00731044
1.46233e-10	0.00725048
1.46275e-10	0.00719082
1.46317e-10	0.00713145
1.4636e-10	0.00707238
1.46402e-10	0.0070136
1.46445e-10	0.00695512
1.46487e-10	0.00689693
1.4653e-10	0.00683903
1.46572e-10	0.00678143
1.46614e-10	0.00672413
1.46657e-10	0.00666712
1.46699e-10	0.00661041
1.46742e-10	0.00655399
1.46784e-10	0.00649787
1.46826e-10	0.00644204
1.46869e-10	0.00638651
1.46911e-10	0.00633128
1.46954e-10	0.00627634
1.46996e-10	0.0062217
1.47038e-10	0.00616736
1.47081e-10	0.00611331
1.47123e-10	0.00605955
1.47166e-10	0.0060061
1.47208e-10	0.00595293
1.47251e-10	0.00590007
1.47293e-10	0.0058475
1.47335e-10	0.00579522
1.47378e-10	0.00574324
1.4742e-10	0.00569156
1.47463e-10	0.00564017
1.47505e-10	0.00558907
1.47547e-10	0.00553827
1.4759e-10	0.00548776
1.47632e-10	0.00543755
1.47675e-10	0.00538763
1.47717e-10	0.005338
1.47759e-10	0.00528866
1.47802e-10	0.00523962
1.47844e-10	0.00519087
1.47887e-10	0.00514242
1.47929e-10	0.00509425
1.47971e-10	0.00504637
1.48014e-10	0.00499879
1.48056e-10	0.00495149
1.48099e-10	0.00490449
1.48141e-10	0.00485777
1.48184e-10	0.00481135
1.48226e-10	0.00476521
1.48268e-10	0.00471936
1.48311e-10	0.00467379
1.48353e-10	0.00462851
1.48396e-10	0.00458352
1.48438e-10	0.00453882
1.4848e-10	0.0044944
1.48523e-10	0.00445026
1.48565e-10	0.00440641
1.48608e-10	0.00436284
1.4865e-10	0.00431955
1.48692e-10	0.00427655
1.48735e-10	0.00423383
1.48777e-10	0.00419139
1.4882e-10	0.00414922
1.48862e-10	0.00410734
1.48905e-10	0.00406574
1.48947e-10	0.00402441
1.48989e-10	0.00398336
1.49032e-10	0.00394259
1.49074e-10	0.0039021
1.49117e-10	0.00386188
1.49159e-10	0.00382193
1.49201e-10	0.00378226
1.49244e-10	0.00374286
1.49286e-10	0.00370373
1.49329e-10	0.00366487
1.49371e-10	0.00362629
1.49413e-10	0.00358797
1.49456e-10	0.00354992
1.49498e-10	0.00351215
1.49541e-10	0.00347463
1.49583e-10	0.00343739
1.49626e-10	0.00340041
1.49668e-10	0.00336369
1.4971e-10	0.00332724
1.49753e-10	0.00329105
1.49795e-10	0.00325513
1.49838e-10	0.00321946
1.4988e-10	0.00318406
1.49922e-10	0.00314891
1.49965e-10	0.00311402
1.50007e-10	0.00307939
1.5005e-10	0.00304502
1.50092e-10	0.00301091
1.50134e-10	0.00297704
1.50177e-10	0.00294343
1.50219e-10	0.00291008
1.50262e-10	0.00287698
1.50304e-10	0.00284412
1.50346e-10	0.00281152
1.50389e-10	0.00277917
1.50431e-10	0.00274706
1.50474e-10	0.00271521
1.50516e-10	0.00268359
1.50559e-10	0.00265223
1.50601e-10	0.00262111
1.50643e-10	0.00259023
1.50686e-10	0.00255959
1.50728e-10	0.00252919
1.50771e-10	0.00249904
1.50813e-10	0.00246912
1.50855e-10	0.00243944
1.50898e-10	0.00241
1.5094e-10	0.0023808
1.50983e-10	0.00235182
1.51025e-10	0.00232309
1.51067e-10	0.00229458
1.5111e-10	0.00226631
1.51152e-10	0.00223827
1.51195e-10	0.00221046
1.51237e-10	0.00218288
1.5128e-10	0.00215552
1.51322e-10	0.0021284
1.51364e-10	0.00210149
1.51407e-10	0.00207482
1.51449e-10	0.00204836
1.51492e-10	0.00202213
1.51534e-10	0.00199612
1.51576e-10	0.00197033
1.51619e-10	0.00194476
1.51661e-10	0.0019194
1.51704e-10	0.00189427
1.51746e-10	0.00186935
1.51788e-10	0.00184464
1.51831e-10	0.00182015
1.51873e-10	0.00179587
1.51916e-10	0.0017718
1.51958e-10	0.00174794
1.52001e-10	0.0017243
1.52043e-10	0.00170086
1.52085e-10	0.00167762
1.52128e-10	0.0016546
1.5217e-10	0.00163177
1.52213e-10	0.00160916
1.52255e-10	0.00158674
1.52297e-10	0.00156453
1.5234e-10	0.00154252
1.52382e-10	0.0015207
1.52425e-10	0.00149909
1.52467e-10	0.00147767
1.52509e-10	0.00145645
1.52552e-10	0.00143542
1.52594e-10	0.00141459
1.52637e-10	0.00139395
1.52679e-10	0.0013735
1.52722e-10	0.00135324
1.52764e-10	0.00133318
1.52806e-10	0.0013133
1.52849e-10	0.00129361
1.52891e-10	0.0012741
1.52934e-10	0.00125478
1.52976e-10	0.00123564
1.53018e-10	0.00121669
1.53061e-10	0.00119792
1.53103e-10	0.00117933
1.53146e-10	0.00116092
1.53188e-10	0.00114269
1.5323e-10	0.00112463
1.53273e-10	0.00110675
1.53315e-10	0.00108905
1.53358e-10	0.00107152
1.534e-10	0.00105417
1.53442e-10	0.00103698
1.53485e-10	0.00101997
1.53527e-10	0.00100313
1.5357e-10	0.000986455
1.53612e-10	0.000969949
1.53655e-10	0.00095361
1.53697e-10	0.000937436
1.53739e-10	0.000921427
1.53782e-10	0.000905581
1.53824e-10	0.000889898
1.53867e-10	0.000874376
1.53909e-10	0.000859014
1.53951e-10	0.000843812
1.53994e-10	0.000828767
1.54036e-10	0.00081388
1.54079e-10	0.000799148
1.54121e-10	0.000784572
1.54163e-10	0.000770149
1.54206e-10	0.000755879
1.54248e-10	0.000741761
1.54291e-10	0.000727794
1.54333e-10	0.000713977
1.54376e-10	0.000700308
1.54418e-10	0.000686786
1.5446e-10	0.000673412
1.54503e-10	0.000660183
1.54545e-10	0.000647098
1.54588e-10	0.000634157
1.5463e-10	0.000621358
1.54672e-10	0.000608701
1.54715e-10	0.000596185
1.54757e-10	0.000583807
1.548e-10	0.000571568
1.54842e-10	0.000559467
1.54884e-10	0.000547502
1.54927e-10	0.000535672
1.54969e-10	0.000523977
1.55012e-10	0.000512415
1.55054e-10	0.000500986
1.55097e-10	0.000489688
1.55139e-10	0.00047852
1.55181e-10	0.000467482
1.55224e-10	0.000456572
1.55266e-10	0.00044579
1.55309e-10	0.000435134
1.55351e-10	0.000424604
1.55393e-10	0.000414198
1.55436e-10	0.000403916
1.55478e-10	0.000393757
1.55521e-10	0.000383719
1.55563e-10	0.000373802
1.55605e-10	0.000364005
1.55648e-10	0.000354327
1.5569e-10	0.000344767
1.55733e-10	0.000335323
1.55775e-10	0.000325996
1.55817e-10	0.000316784
1.5586e-10	0.000307686
1.55902e-10	0.000298701
1.55945e-10	0.000289829
1.55987e-10	0.000281068
1.5603e-10	0.000272417
1.56072e-10	0.000263876
1.56114e-10	0.000255444
1.56157e-10	0.00024712
1.56199e-10	0.000238903
1.56242e-10	0.000230791
1.56284e-10	0.000222785
1.56326e-10	0.000214883
1.56369e-10	0.000207084
1.56411e-10	0.000199388
1.56454e-10	0.000191794
1.56496e-10	0.0001843
1.56538e-10	0.000176906
1.56581e-10	0.000169611
1.56623e-10	0.000162415
1.56666e-10	0.000155316
1.56708e-10	0.000148313
1.56751e-10	0.000141406
1.56793e-10	0.000134593
1.56835e-10	0.000127875
1.56878e-10	0.00012125
1.5692e-10	0.000114717
1.56963e-10	0.000108275
1.57005e-10	0.000101924
1.57047e-10	9.56635e-05
1.5709e-10	8.94917e-05
1.57132e-10	8.3408e-05
1.57175e-10	7.74118e-05
1.57217e-10	7.15023e-05
1.57259e-10	6.56786e-05
1.57302e-10	5.994e-05
1.57344e-10	5.42856e-05
1.57387e-10	4.87148e-05
1.57429e-10	4.32266e-05
1.57472e-10	3.78205e-05
1.57514e-10	3.24955e-05
1.57556e-10	2.72509e-05
1.57599e-10	2.2086e-05
1.57641e-10	1.70001e-05
1.57684e-10	1.19922e-05
1.57726e-10	7.06183e-06
1.57768e-10	2.2081e-06
1.57811e-10	-2.5697e-06
1.57853e-10	-7.2723e-06
1.57896e-10	-1.19004e-05
1.57938e-10	-1.64548e-05
1.5798e-10	-2.09361e-05
1.58023e-10	-2.53451e-05
1.58065e-10	-2.96826e-05
1.58108e-10	-3.39491e-05
1.5815e-10	-3.81454e-05
1.58193e-10	-4.22723e-05
1.58235e-10	-4.63303e-05
1.58277e-10	-5.03202e-05
1.5832e-10	-5.42427e-05
1.58362e-10	-5.80985e-05
1.58405e-10	-6.18882e-05
1.58447e-10	-6.56125e-05
1.58489e-10	-6.92721e-05
1.58532e-10	-7.28676e-05
1.58574e-10	-7.63997e-05
1.58617e-10	-7.98691e-05
1.58659e-10	-8.32764e-05
1.58701e-10	-8.66222e-05
1.58744e-10	-8.99073e-05
1.58786e-10	-9.31321e-05
1.58829e-10	-9.62975e-05
1.58871e-10	-9.9404e-05
1.58913e-10	-0.000102452
1.58956e-10	-0.000105443
1.58998e-10	-0.000108376
1.59041e-10	-0.000111253
1.59083e-10	-0.000114075
1.59126e-10	-0.000116841
1.59168e-10	-0.000119552
1.5921e-10	-0.00012221
1.59253e-10	-0.000124814
1.59295e-10	-0.000127365
1.59338e-10	-0.000129864
1.5938e-10	-0.000132312
1.59422e-10	-0.000134708
1.59465e-10	-0.000137054
1.59507e-10	-0.00013935
1.5955e-10	-0.000141596
1.59592e-10	-0.000143794
1.59634e-10	-0.000145943
1.59677e-10	-0.000148045
1.59719e-10	-0.000150099
1.59762e-10	-0.000152107
1.59804e-10	-0.000154069
1.59847e-10	-0.000155986
1.59889e-10	-0.000157857
1.59931e-10	-0.000159684
1.59974e-10	-0.000161467
1.60016e-10	-0.000163206
1.60059e-10	-0.000164903
1.60101e-10	-0.000166557
1.60143e-10	-0.000168169
1.60186e-10	-0.00016974
1.60228e-10	-0.00017127
1.60271e-10	-0.00017276
1.60313e-10	-0.00017421
1.60355e-10	-0.00017562
1.60398e-10	-0.000176991
1.6044e-10	-0.000178324
1.60483e-10	-0.000179619
1.60525e-10	-0.000180877
1.60568e-10	-0.000182097
1.6061e-10	-0.000183281
1.60652e-10	-0.000184429
1.60695e-10	-0.000185541
1.60737e-10	-0.000186618
1.6078e-10	-0.000187661
1.60822e-10	-0.000188669
1.60864e-10	-0.000189643
1.60907e-10	-0.000190584
1.60949e-10	-0.000191491
1.60992e-10	-0.000192367
1.61034e-10	-0.00019321
1.61076e-10	-0.000194021
1.61119e-10	-0.000194802
1.61161e-10	-0.000195551
1.61204e-10	-0.00019627
1.61246e-10	-0.000196959
1.61288e-10	-0.000197619
1.61331e-10	-0.000198249
1.61373e-10	-0.00019885
1.61416e-10	-0.000199423
1.61458e-10	-0.000199968
1.61501e-10	-0.000200486
1.61543e-10	-0.000200976
1.61585e-10	-0.000201439
1.61628e-10	-0.000201876
1.6167e-10	-0.000202287
1.61713e-10	-0.000202672
1.61755e-10	-0.000203031
1.61797e-10	-0.000203366
1.6184e-10	-0.000203676
1.61882e-10	-0.000203962
1.61925e-10	-0.000204224
1.61967e-10	-0.000204463
1.62009e-10	-0.000204678
1.62052e-10	-0.00020487
1.62094e-10	-0.00020504
1.62137e-10	-0.000205188
1.62179e-10	-0.000205314
1.62222e-10	-0.000205418
1.62264e-10	-0.000205501
1.62306e-10	-0.000205564
1.62349e-10	-0.000205606
1.62391e-10	-0.000205627
1.62434e-10	-0.000205629
1.62476e-10	-0.000205612
1.62518e-10	-0.000205575
1.62561e-10	-0.000205519
1.62603e-10	-0.000205444
1.62646e-10	-0.000205351
1.62688e-10	-0.000205241
1.6273e-10	-0.000205112
1.62773e-10	-0.000204966
1.62815e-10	-0.000204803
1.62858e-10	-0.000204623
1.629e-10	-0.000204426
1.62943e-10	-0.000204213
1.62985e-10	-0.000203985
1.63027e-10	-0.00020374
1.6307e-10	-0.00020348
1.63112e-10	-0.000203205
1.63155e-10	-0.000202915
1.63197e-10	-0.00020261
1.63239e-10	-0.000202291
1.63282e-10	-0.000201957
1.63324e-10	-0.00020161
1.63367e-10	-0.00020125
1.63409e-10	-0.000200875
1.63451e-10	-0.000200488
1.63494e-10	-0.000200088
1.63536e-10	-0.000199675
1.63579e-10	-0.00019925
1.63621e-10	-0.000198813
1.63664e-10	-0.000198364
1.63706e-10	-0.000197903
1.63748e-10	-0.000197431
1.63791e-10	-0.000196948
1.63833e-10	-0.000196453
1.63876e-10	-0.000195948
1.63918e-10	-0.000195432
1.6396e-10	-0.000194906
1.64003e-10	-0.00019437
1.64045e-10	-0.000193824
1.64088e-10	-0.000193269
1.6413e-10	-0.000192703
1.64172e-10	-0.000192129
1.64215e-10	-0.000191546
1.64257e-10	-0.000190953
1.643e-10	-0.000190352
1.64342e-10	-0.000189743
1.64384e-10	-0.000189125
1.64427e-10	-0.000188499
1.64469e-10	-0.000187866
1.64512e-10	-0.000187224
1.64554e-10	-0.000186576
1.64597e-10	-0.000185919
1.64639e-10	-0.000185256
1.64681e-10	-0.000184586
1.64724e-10	-0.000183909
1.64766e-10	-0.000183225
1.64809e-10	-0.000182535
1.64851e-10	-0.000181839
1.64893e-10	-0.000181136
1.64936e-10	-0.000180428
1.64978e-10	-0.000179714
1.65021e-10	-0.000178994
1.65063e-10	-0.000178269
1.65105e-10	-0.000177539
1.65148e-10	-0.000176803
1.6519e-10	-0.000176062
1.65233e-10	-0.000175317
1.65275e-10	-0.000174567
1.65318e-10	-0.000173813
1.6536e-10	-0.000173054
1.65402e-10	-0.00017229
1.65445e-10	-0.000171523
1.65487e-10	-0.000170752
1.6553e-10	-0.000169977
1.65572e-10	-0.000169198
1.65614e-10	-0.000168416
1.65657e-10	-0.000167631
1.65699e-10	-0.000166842
1.65742e-10	-0.00016605
1.65784e-10	-0.000165255
1.65826e-10	-0.000164457
1.65869e-10	-0.000163656
1.65911e-10	-0.000162853
1.65954e-10	-0.000162047
1.65996e-10	-0.000161239
1.66039e-10	-0.000160429
1.66081e-10	-0.000159616
1.66123e-10	-0.000158802
1.66166e-10	-0.000157985
1.66208e-10	-0.000157167
1.66251e-10	-0.000156347
1.66293e-10	-0.000155525
1.66335e-10	-0.000154702
1.66378e-10	-0.000153877
1.6642e-10	-0.000153051
1.66463e-10	-0.000152224
1.66505e-10	-0.000151396
1.66547e-10	-0.000150567
1.6659e-10	-0.000149737
1.66632e-10	-0.000148906
1.66675e-10	-0.000148075
1.66717e-10	-0.000147243
1.66759e-10	-0.00014641
1.66802e-10	-0.000145577
1.66844e-10	-0.000144744
1.66887e-10	-0.00014391
1.66929e-10	-0.000143077
1.66972e-10	-0.000142243
1.67014e-10	-0.000141409
1.67056e-10	-0.000140575
1.67099e-10	-0.000139742
1.67141e-10	-0.000138909
1.67184e-10	-0.000138076
1.67226e-10	-0.000137243
1.67268e-10	-0.000136411
1.67311e-10	-0.00013558
1.67353e-10	-0.000134749
1.67396e-10	-0.000133919
1.67438e-10	-0.000133089
1.6748e-10	-0.000132261
1.67523e-10	-0.000131433
1.67565e-10	-0.000130607
1.67608e-10	-0.000129781
1.6765e-10	-0.000128956
1.67693e-10	-0.000128133
1.67735e-10	-0.000127311
1.67777e-10	-0.00012649
1.6782e-10	-0.000125671
1.67862e-10	-0.000124853
1.67905e-10	-0.000124036
1.67947e-10	-0.000123221
1.67989e-10	-0.000122408
1.68032e-10	-0.000121596
1.68074e-10	-0.000120786
1.68117e-10	-0.000119978
1.68159e-10	-0.000119171
1.68201e-10	-0.000118367
1.68244e-10	-0.000117564
1.68286e-10	-0.000116763
1.68329e-10	-0.000115964
1.68371e-10	-0.000115167
1.68414e-10	-0.000114372
1.68456e-10	-0.00011358
1.68498e-10	-0.000112789
