2.12054e-14	-0.000112837
6.36163e-14	-0.000113627
1.06027e-13	-0.00011442
1.48438e-13	-0.000115215
1.90849e-13	-0.000116012
2.3326e-13	-0.000116811
2.75671e-13	-0.000117612
3.18081e-13	-0.000118415
3.60492e-13	-0.00011922
4.02903e-13	-0.000120026
4.45314e-13	-0.000120835
4.87725e-13	-0.000121645
5.30136e-13	-0.000122457
5.72547e-13	-0.00012327
6.14957e-13	-0.000124085
6.57368e-13	-0.000124902
6.99779e-13	-0.00012572
7.4219e-13	-0.00012654
7.84601e-13	-0.00012736
8.27012e-13	-0.000128183
8.69423e-13	-0.000129006
9.11833e-13	-0.00012983
9.54244e-13	-0.000130656
9.96655e-13	-0.000131483
1.03907e-12	-0.000132311
1.08148e-12	-0.000133139
1.12389e-12	-0.000133968
1.1663e-12	-0.000134799
1.20871e-12	-0.00013563
1.25112e-12	-0.000136461
1.29353e-12	-0.000137293
1.33594e-12	-0.000138126
1.37835e-12	-0.000138959
1.42076e-12	-0.000139792
1.46317e-12	-0.000140625
1.50559e-12	-0.000141459
1.548e-12	-0.000142293
1.59041e-12	-0.000143127
1.63282e-12	-0.00014396
1.67523e-12	-0.000144794
1.71764e-12	-0.000145627
1.76005e-12	-0.00014646
1.80246e-12	-0.000147293
1.84487e-12	-0.000148125
1.88728e-12	-0.000148956
1.92969e-12	-0.000149787
1.9721e-12	-0.000150617
2.01452e-12	-0.000151446
2.05693e-12	-0.000152274
2.09934e-12	-0.000153101
2.14175e-12	-0.000153927
2.18416e-12	-0.000154751
2.22657e-12	-0.000155574
2.26898e-12	-0.000156396
2.31139e-12	-0.000157216
2.3538e-12	-0.000158034
2.39621e-12	-0.000158851
2.43862e-12	-0.000159665
2.48104e-12	-0.000160478
2.52345e-12	-0.000161288
2.56586e-12	-0.000162096
2.60827e-12	-0.000162901
2.65068e-12	-0.000163705
2.69309e-12	-0.000164505
2.7355e-12	-0.000165303
2.77791e-12	-0.000166098
2.82032e-12	-0.000166889
2.86273e-12	-0.000167678
2.90514e-12	-0.000168463
2.94755e-12	-0.000169245
2.98997e-12	-0.000170024
3.03238e-12	-0.000170799
3.07479e-12	-0.000171569
3.1172e-12	-0.000172336
3.15961e-12	-0.000173099
3.20202e-12	-0.000173858
3.24443e-12	-0.000174612
3.28684e-12	-0.000175362
3.32925e-12	-0.000176107
3.37166e-12	-0.000176847
3.41407e-12	-0.000177583
3.45648e-12	-0.000178313
3.4989e-12	-0.000179038
3.54131e-12	-0.000179757
3.58372e-12	-0.000180471
3.62613e-12	-0.000181179
3.66854e-12	-0.000181881
3.71095e-12	-0.000182577
3.75336e-12	-0.000183267
3.79577e-12	-0.00018395
3.83818e-12	-0.000184626
3.88059e-12	-0.000185296
3.923e-12	-0.000185959
3.96542e-12	-0.000186615
4.00783e-12	-0.000187263
4.05024e-12	-0.000187904
4.09265e-12	-0.000188537
4.13506e-12	-0.000189162
4.17747e-12	-0.00018978
4.21988e-12	-0.000190389
4.26229e-12	-0.000190989
4.3047e-12	-0.000191581
4.34711e-12	-0.000192164
4.38952e-12	-0.000192738
4.43193e-12	-0.000193302
4.47435e-12	-0.000193857
4.51676e-12	-0.000194403
4.55917e-12	-0.000194938
4.60158e-12	-0.000195464
4.64399e-12	-0.000195979
4.6864e-12	-0.000196483
4.72881e-12	-0.000196977
4.77122e-12	-0.00019746
4.81363e-12	-0.000197931
4.85604e-12	-0.000198391
4.89845e-12	-0.00019884
4.94087e-12	-0.000199276
4.98328e-12	-0.000199701
5.02569e-12	-0.000200112
5.0681e-12	-0.000200512
5.11051e-12	-0.000200898
5.15292e-12	-0.000201272
5.19533e-12	-0.000201631
5.23774e-12	-0.000201978
5.28015e-12	-0.00020231
5.32256e-12	-0.000202629
5.36497e-12	-0.000202932
5.40738e-12	-0.000203222
5.4498e-12	-0.000203496
5.49221e-12	-0.000203755
5.53462e-12	-0.000203999
5.57703e-12	-0.000204227
5.61944e-12	-0.000204438
5.66185e-12	-0.000204634
5.70426e-12	-0.000204813
5.74667e-12	-0.000204975
5.78908e-12	-0.00020512
5.83149e-12	-0.000205248
5.8739e-12	-0.000205357
5.91631e-12	-0.000205449
5.95873e-12	-0.000205523
6.00114e-12	-0.000205577
6.04355e-12	-0.000205613
6.08596e-12	-0.00020563
6.12837e-12	-0.000205627
6.17078e-12	-0.000205604
6.21319e-12	-0.000205561
6.2556e-12	-0.000205497
6.29801e-12	-0.000205412
6.34042e-12	-0.000205307
6.38283e-12	-0.00020518
6.42525e-12	-0.000205031
6.46766e-12	-0.000204859
6.51007e-12	-0.000204666
6.55248e-12	-0.000204449
6.59489e-12	-0.000204209
6.6373e-12	-0.000203946
6.67971e-12	-0.000203658
6.72212e-12	-0.000203347
6.76453e-12	-0.000203011
6.80694e-12	-0.000202649
6.84935e-12	-0.000202263
6.89176e-12	-0.00020185
6.93418e-12	-0.000201412
6.97659e-12	-0.000200947
7.019e-12	-0.000200455
7.06141e-12	-0.000199936
7.10382e-12	-0.00019939
7.14623e-12	-0.000198815
7.18864e-12	-0.000198212
7.23105e-12	-0.00019758
7.27346e-12	-0.000196919
7.31587e-12	-0.000196228
7.35828e-12	-0.000195507
7.40069e-12	-0.000194756
7.44311e-12	-0.000193974
7.48552e-12	-0.00019316
7.52793e-12	-0.000192315
7.57034e-12	-0.000191438
7.61275e-12	-0.000190528
7.65516e-12	-0.000189585
7.69757e-12	-0.000188609
7.73998e-12	-0.000187599
7.78239e-12	-0.000186555
7.8248e-12	-0.000185476
7.86721e-12	-0.000184361
7.90963e-12	-0.000183211
7.95204e-12	-0.000182025
7.99445e-12	-0.000180802
8.03686e-12	-0.000179543
8.07927e-12	-0.000178245
8.12168e-12	-0.00017691
8.16409e-12	-0.000175536
8.2065e-12	-0.000174124
8.24891e-12	-0.000172672
8.29132e-12	-0.00017118
8.33373e-12	-0.000169647
8.37614e-12	-0.000168074
8.41856e-12	-0.000166459
8.46097e-12	-0.000164802
8.50338e-12	-0.000163103
8.54579e-12	-0.000161361
8.5882e-12	-0.000159575
8.63061e-12	-0.000157746
8.67302e-12	-0.000155872
8.71543e-12	-0.000153953
8.75784e-12	-0.000151988
8.80025e-12	-0.000149977
8.84266e-12	-0.00014792
8.88507e-12	-0.000145815
8.92749e-12	-0.000143663
8.9699e-12	-0.000141462
9.01231e-12	-0.000139213
9.05472e-12	-0.000136914
9.09713e-12	-0.000134565
9.13954e-12	-0.000132166
9.18195e-12	-0.000129715
9.22436e-12	-0.000127213
9.26677e-12	-0.000124659
9.30918e-12	-0.000122052
9.35159e-12	-0.000119391
9.39401e-12	-0.000116676
9.43642e-12	-0.000113907
9.47883e-12	-0.000111082
9.52124e-12	-0.000108202
9.56365e-12	-0.000105265
9.60606e-12	-0.000102271
9.64847e-12	-9.9219e-05
9.69088e-12	-9.6109e-05
9.73329e-12	-9.29401e-05
9.7757e-12	-8.97116e-05
9.81811e-12	-8.64229e-05
9.86052e-12	-8.30734e-05
9.90294e-12	-7.96624e-05
9.94535e-12	-7.61893e-05
9.98776e-12	-7.26534e-05
1.00302e-11	-6.9054e-05
1.00726e-11	-6.53906e-05
1.0115e-11	-6.16624e-05
1.01574e-11	-5.78687e-05
1.01998e-11	-5.4009e-05
1.02422e-11	-5.00824e-05
1.02846e-11	-4.60884e-05
1.0327e-11	-4.20263e-05
1.03695e-11	-3.78953e-05
1.04119e-11	-3.36948e-05
1.04543e-11	-2.9424e-05
1.04967e-11	-2.50823e-05
1.05391e-11	-2.06689e-05
1.05815e-11	-1.61832e-05
1.06239e-11	-1.16245e-05
1.06663e-11	-6.99188e-06
1.07087e-11	-2.28479e-06
1.07512e-11	2.49755e-06
1.07936e-11	7.35587e-06
1.0836e-11	1.22909e-05
1.08784e-11	1.73034e-05
1.09208e-11	2.23941e-05
1.09632e-11	2.75638e-05
1.10056e-11	3.28131e-05
1.1048e-11	3.8143e-05
1.10904e-11	4.3554e-05
1.11329e-11	4.90471e-05
1.11753e-11	5.4623e-05
1.12177e-11	6.02823e-05
1.12601e-11	6.60261e-05
1.13025e-11	7.18549e-05
1.13449e-11	7.77696e-05
1.13873e-11	8.3771e-05
1.14297e-11	8.98599e-05
1.14721e-11	9.60371e-05
1.15145e-11	0.000102303
1.1557e-11	0.00010866
1.15994e-11	0.000115107
1.16418e-11	0.000121645
1.16842e-11	0.000128276
1.17266e-11	0.000135
1.1769e-11	0.000141818
1.18114e-11	0.000148731
1.18538e-11	0.000155739
1.18962e-11	0.000162844
1.19387e-11	0.000170047
1.19811e-11	0.000177348
1.20235e-11	0.000184747
1.20659e-11	0.000192247
1.21083e-11	0.000199848
1.21507e-11	0.00020755
1.21931e-11	0.000215355
1.22355e-11	0.000223263
1.22779e-11	0.000231276
1.23204e-11	0.000239393
1.23628e-11	0.000247617
1.24052e-11	0.000255948
1.24476e-11	0.000264387
1.249e-11	0.000272934
1.25324e-11	0.000281591
1.25748e-11	0.000290359
1.26172e-11	0.000299238
1.26596e-11	0.000308229
1.27021e-11	0.000317334
1.27445e-11	0.000326553
1.27869e-11	0.000335887
1.28293e-11	0.000345338
1.28717e-11	0.000354905
1.29141e-11	0.00036459
1.29565e-11	0.000374395
1.29989e-11	0.000384319
1.30413e-11	0.000394364
1.30837e-11	0.00040453
1.31262e-11	0.00041482
1.31686e-11	0.000425233
1.3211e-11	0.000435771
1.32534e-11	0.000446434
1.32958e-11	0.000457224
1.33382e-11	0.000468141
1.33806e-11	0.000479187
1.3423e-11	0.000490363
1.34654e-11	0.000501669
1.35079e-11	0.000513106
1.35503e-11	0.000524676
1.35927e-11	0.000536379
1.36351e-11	0.000548217
1.36775e-11	0.00056019
1.37199e-11	0.0005723
1.37623e-11	0.000584547
1.38047e-11	0.000596933
1.38471e-11	0.000609458
1.38896e-11	0.000622123
1.3932e-11	0.00063493
1.39744e-11	0.00064788
1.40168e-11	0.000660973
1.40592e-11	0.000674211
1.41016e-11	0.000687595
1.4144e-11	0.000701125
1.41864e-11	0.000714802
1.42288e-11	0.000728629
1.42713e-11	0.000742605
1.43137e-11	0.000756732
1.43561e-11	0.000771011
1.43985e-11	0.000785443
1.44409e-11	0.000800029
1.44833e-11	0.00081477
1.45257e-11	0.000829666
1.45681e-11	0.00084472
1.46105e-11	0.000859933
1.4653e-11	0.000875304
1.46954e-11	0.000890836
1.47378e-11	0.000906529
1.47802e-11	0.000922384
1.48226e-11	0.000938403
1.4865e-11	0.000954587
1.49074e-11	0.000970936
1.49498e-11	0.000987452
1.49922e-11	0.00100414
1.50346e-11	0.00102099
1.50771e-11	0.00103801
1.51195e-11	0.0010552
1.51619e-11	0.00107257
1.52043e-11	0.00109011
1.52467e-11	0.00110782
1.52891e-11	0.00112571
1.53315e-11	0.00114378
1.53739e-11	0.00116202
1.54163e-11	0.00118044
1.54588e-11	0.00119904
1.55012e-11	0.00121783
1.55436e-11	0.00123679
1.5586e-11	0.00125594
1.56284e-11	0.00127527
1.56708e-11	0.00129478
1.57132e-11	0.00131449
1.57556e-11	0.00133438
1.5798e-11	0.00135446
1.58405e-11	0.00137473
1.58829e-11	0.00139518
1.59253e-11	0.00141584
1.59677e-11	0.00143668
1.60101e-11	0.00145772
1.60525e-11	0.00147895
1.60949e-11	0.00150038
1.61373e-11	0.00152201
1.61797e-11	0.00154383
1.62222e-11	0.00156586
1.62646e-11	0.00158808
1.6307e-11	0.00161051
1.63494e-11	0.00163314
1.63918e-11	0.00165597
1.64342e-11	0.00167901
1.64766e-11	0.00170226
1.6519e-11	0.00172571
1.65614e-11	0.00174937
1.66039e-11	0.00177324
1.66463e-11	0.00179732
1.66887e-11	0.00182161
1.67311e-11	0.00184612
1.67735e-11	0.00187084
1.68159e-11	0.00189577
1.68583e-11	0.00192092
1.69007e-11	0.00194629
1.69431e-11	0.00197187
1.69855e-11	0.00199768
1.7028e-11	0.0020237
1.70704e-11	0.00204995
1.71128e-11	0.00207641
1.71552e-11	0.0021031
1.71976e-11	0.00213002
1.724e-11	0.00215716
1.72824e-11	0.00218453
1.73248e-11	0.00221213
1.73672e-11	0.00223995
1.74097e-11	0.00226801
1.74521e-11	0.00229629
1.74945e-11	0.00232481
1.75369e-11	0.00235356
1.75793e-11	0.00238254
1.76217e-11	0.00241176
1.76641e-11	0.00244122
1.77065e-11	0.00247091
1.77489e-11	0.00250084
1.77914e-11	0.00253101
1.78338e-11	0.00256142
1.78762e-11	0.00259207
1.79186e-11	0.00262297
1.7961e-11	0.0026541
1.80034e-11	0.00268549
1.80458e-11	0.00271711
1.80882e-11	0.00274899
1.81306e-11	0.00278111
1.81731e-11	0.00281347
1.82155e-11	0.00284609
1.82579e-11	0.00287896
1.83003e-11	0.00291208
1.83427e-11	0.00294545
1.83851e-11	0.00297907
1.84275e-11	0.00301295
1.84699e-11	0.00304708
1.85123e-11	0.00308147
1.85548e-11	0.00311611
1.85972e-11	0.00315102
1.86396e-11	0.00318618
1.8682e-11	0.0032216
1.87244e-11	0.00325728
1.87668e-11	0.00329322
1.88092e-11	0.00332942
1.88516e-11	0.00336589
1.8894e-11	0.00340262
1.89364e-11	0.00343962
1.89789e-11	0.00347688
1.90213e-11	0.00351441
1.90637e-11	0.0035522
1.91061e-11	0.00359027
1.91485e-11	0.0036286
1.91909e-11	0.0036672
1.92333e-11	0.00370607
1.92757e-11	0.00374522
1.93181e-11	0.00378463
1.93606e-11	0.00382432
1.9403e-11	0.00386429
1.94454e-11	0.00390452
1.94878e-11	0.00394503
1.95302e-11	0.00398582
1.95726e-11	0.00402689
1.9615e-11	0.00406823
1.96574e-11	0.00410985
1.96998e-11	0.00415175
1.97423e-11	0.00419393
1.97847e-11	0.00423639
1.98271e-11	0.00427913
1.98695e-11	0.00432215
1.99119e-11	0.00436545
1.99543e-11	0.00440904
1.99967e-11	0.0044529
2.00391e-11	0.00449706
2.00815e-11	0.0045415
2.0124e-11	0.00458622
2.01664e-11	0.00463123
2.02088e-11	0.00467652
2.02512e-11	0.0047221
2.02936e-11	0.00476797
2.0336e-11	0.00481413
2.03784e-11	0.00486057
2.04208e-11	0.0049073
2.04632e-11	0.00495433
2.05057e-11	0.00500164
2.05481e-11	0.00504924
2.05905e-11	0.00509713
2.06329e-11	0.00514532
2.06753e-11	0.00519379
2.07177e-11	0.00524256
2.07601e-11	0.00529162
2.08025e-11	0.00534097
2.08449e-11	0.00539062
2.08873e-11	0.00544056
2.09298e-11	0.00549079
2.09722e-11	0.00554131
2.10146e-11	0.00559213
2.1057e-11	0.00564324
2.10994e-11	0.00569465
2.11418e-11	0.00574636
2.11842e-11	0.00579835
2.12266e-11	0.00585065
2.1269e-11	0.00590324
2.13115e-11	0.00595612
2.13539e-11	0.0060093
2.13963e-11	0.00606277
2.14387e-11	0.00611655
2.14811e-11	0.00617061
2.15235e-11	0.00622498
2.15659e-11	0.00627963
2.16083e-11	0.00633459
2.16507e-11	0.00638984
2.16932e-11	0.00644539
2.17356e-11	0.00650123
2.1778e-11	0.00655737
2.18204e-11	0.00661381
2.18628e-11	0.00667054
2.19052e-11	0.00672756
2.19476e-11	0.00678489
2.199e-11	0.0068425
2.20324e-11	0.00690042
2.20749e-11	0.00695862
2.21173e-11	0.00701712
2.21597e-11	0.00707592
2.22021e-11	0.00713501
2.22445e-11	0.0071944
2.22869e-11	0.00725408
2.23293e-11	0.00731405
2.23717e-11	0.00737431
2.24141e-11	0.00743487
2.24565e-11	0.00749572
2.2499e-11	0.00755686
2.25414e-11	0.00761829
2.25838e-11	0.00768001
2.26262e-11	0.00774203
2.26686e-11	0.00780433
2.2711e-11	0.00786692
2.27534e-11	0.0079298
2.27958e-11	0.00799297
2.28382e-11	0.00805642
2.28807e-11	0.00812017
2.29231e-11	0.00818419
2.29655e-11	0.00824851
2.30079e-11	0.0083131
2.30503e-11	0.00837798
2.30927e-11	0.00844315
2.31351e-11	0.00850859
2.31775e-11	0.00857432
2.32199e-11	0.00864033
2.32624e-11	0.00870661
2.33048e-11	0.00877318
2.33472e-11	0.00884002
2.33896e-11	0.00890714
2.3432e-11	0.00897453
2.34744e-11	0.0090422
2.35168e-11	0.00911015
2.35592e-11	0.00917836
2.36016e-11	0.00924684
2.36441e-11	0.0093156
2.36865e-11	0.00938462
2.37289e-11	0.00945391
2.37713e-11	0.00952347
2.38137e-11	0.00959329
2.38561e-11	0.00966338
2.38985e-11	0.00973373
2.39409e-11	0.00980433
2.39833e-11	0.0098752
2.40258e-11	0.00994633
2.40682e-11	0.0100177
2.41106e-11	0.0100893
2.4153e-11	0.0101612
2.41954e-11	0.0102334
2.42378e-11	0.0103058
2.42802e-11	0.0103784
2.43226e-11	0.0104513
2.4365e-11	0.0105244
2.44074e-11	0.0105978
2.44499e-11	0.0106714
2.44923e-11	0.0107453
2.45347e-11	0.0108194
2.45771e-11	0.0108937
2.46195e-11	0.0109682
2.46619e-11	0.011043
2.47043e-11	0.0111181
2.47467e-11	0.0111933
2.47891e-11	0.0112688
2.48316e-11	0.0113445
2.4874e-11	0.0114204
2.49164e-11	0.0114965
2.49588e-11	0.0115729
2.50012e-11	0.0116495
2.50436e-11	0.0117262
2.5086e-11	0.0118032
2.51284e-11	0.0118804
2.51708e-11	0.0119578
2.52133e-11	0.0120354
2.52557e-11	0.0121132
2.52981e-11	0.0121912
2.53405e-11	0.0122694
2.53829e-11	0.0123478
2.54253e-11	0.0124264
2.54677e-11	0.0125052
2.55101e-11	0.0125841
2.55525e-11	0.0126632
2.5595e-11	0.0127425
2.56374e-11	0.012822
2.56798e-11	0.0129017
2.57222e-11	0.0129815
2.57646e-11	0.0130615
2.5807e-11	0.0131416
2.58494e-11	0.0132219
2.58918e-11	0.0133024
2.59342e-11	0.013383
2.59767e-11	0.0134638
2.60191e-11	0.0135447
2.60615e-11	0.0136258
2.61039e-11	0.013707
2.61463e-11	0.0137883
2.61887e-11	0.0138698
2.62311e-11	0.0139514
2.62735e-11	0.0140331
2.63159e-11	0.014115
2.63583e-11	0.0141969
2.64008e-11	0.014279
2.64432e-11	0.0143612
2.64856e-11	0.0144435
2.6528e-11	0.0145259
2.65704e-11	0.0146084
2.66128e-11	0.014691
2.66552e-11	0.0147737
2.66976e-11	0.0148565
2.674e-11	0.0149393
2.67825e-11	0.0150223
2.68249e-11	0.0151053
2.68673e-11	0.0151884
2.69097e-11	0.0152715
2.69521e-11	0.0153547
2.69945e-11	0.015438
2.70369e-11	0.0155213
2.70793e-11	0.0156047
2.71217e-11	0.0156881
2.71642e-11	0.0157716
2.72066e-11	0.0158551
2.7249e-11	0.0159386
2.72914e-11	0.0160222
2.73338e-11	0.0161057
2.73762e-11	0.0161893
2.74186e-11	0.0162729
2.7461e-11	0.0163565
2.75034e-11	0.0164401
2.75459e-11	0.0165237
2.75883e-11	0.0166073
2.76307e-11	0.0166909
2.76731e-11	0.0167744
2.77155e-11	0.016858
2.77579e-11	0.0169415
2.78003e-11	0.0170249
2.78427e-11	0.0171084
2.78851e-11	0.0171917
2.79276e-11	0.0172751
2.797e-11	0.0173583
2.80124e-11	0.0174415
2.80548e-11	0.0175247
2.80972e-11	0.0176077
2.81396e-11	0.0176907
2.8182e-11	0.0177736
2.82244e-11	0.0178564
2.82668e-11	0.0179391
2.83092e-11	0.0180217
2.83517e-11	0.0181042
2.83941e-11	0.0181865
2.84365e-11	0.0182688
2.84789e-11	0.0183509
2.85213e-11	0.0184328
2.85637e-11	0.0185147
2.86061e-11	0.0185964
2.86485e-11	0.0186779
2.86909e-11	0.0187592
2.87334e-11	0.0188404
2.87758e-11	0.0189215
2.88182e-11	0.0190023
2.88606e-11	0.0190829
2.8903e-11	0.0191634
2.89454e-11	0.0192436
2.89878e-11	0.0193237
2.90302e-11	0.0194035
2.90726e-11	0.0194831
2.91151e-11	0.0195625
2.91575e-11	0.0196416
2.91999e-11	0.0197205
2.92423e-11	0.0197991
2.92847e-11	0.0198775
2.93271e-11	0.0199556
2.93695e-11	0.0200334
2.94119e-11	0.0201109
2.94543e-11	0.0201882
2.94968e-11	0.0202651
2.95392e-11	0.0203418
2.95816e-11	0.0204181
2.9624e-11	0.0204941
2.96664e-11	0.0205698
2.97088e-11	0.0206451
2.97512e-11	0.0207201
2.97936e-11	0.0207948
2.9836e-11	0.020869
2.98784e-11	0.0209429
2.99209e-11	0.0210165
2.99633e-11	0.0210896
3.00057e-11	0.0211623
3.00481e-11	0.0212347
3.00905e-11	0.0213066
3.01329e-11	0.0213781
3.01753e-11	0.0214492
3.02177e-11	0.0215198
3.02601e-11	0.02159
3.03026e-11	0.0216597
3.0345e-11	0.021729
3.03874e-11	0.0217978
3.04298e-11	0.021866
3.04722e-11	0.0219339
3.05146e-11	0.0220012
3.0557e-11	0.022068
3.05994e-11	0.0221342
3.06418e-11	0.0222
3.06843e-11	0.0222652
3.07267e-11	0.0223298
3.07691e-11	0.0223939
3.08115e-11	0.0224575
3.08539e-11	0.0225204
3.08963e-11	0.0225828
3.09387e-11	0.0226445
3.09811e-11	0.0227057
3.10235e-11	0.0227662
3.1066e-11	0.0228261
3.11084e-11	0.0228854
3.11508e-11	0.022944
3.11932e-11	0.023002
3.12356e-11	0.0230593
3.1278e-11	0.0231159
3.13204e-11	0.0231718
3.13628e-11	0.0232271
3.14052e-11	0.0232816
3.14477e-11	0.0233354
3.14901e-11	0.0233885
3.15325e-11	0.0234408
3.15749e-11	0.0234924
3.16173e-11	0.0235432
3.16597e-11	0.0235932
3.17021e-11	0.0236425
3.17445e-11	0.0236909
3.17869e-11	0.0237386
3.18293e-11	0.0237854
3.18718e-11	0.0238314
3.19142e-11	0.0238766
3.19566e-11	0.0239209
3.1999e-11	0.0239644
3.20414e-11	0.0240069
3.20838e-11	0.0240486
3.21262e-11	0.0240894
3.21686e-11	0.0241293
3.2211e-11	0.0241683
3.22535e-11	0.0242063
3.22959e-11	0.0242434
3.23383e-11	0.0242795
3.23807e-11	0.0243147
3.24231e-11	0.0243489
3.24655e-11	0.0243821
3.25079e-11	0.0244142
3.25503e-11	0.0244454
3.25927e-11	0.0244756
3.26352e-11	0.0245047
3.26776e-11	0.0245327
3.272e-11	0.0245597
3.27624e-11	0.0245856
3.28048e-11	0.0246104
3.28472e-11	0.0246342
3.28896e-11	0.0246568
3.2932e-11	0.0246782
3.29744e-11	0.0246986
3.30169e-11	0.0247178
3.30593e-11	0.0247358
3.31017e-11	0.0247526
3.31441e-11	0.0247683
3.31865e-11	0.0247827
3.32289e-11	0.024796
3.32713e-11	0.024808
3.33137e-11	0.0248187
3.33561e-11	0.0248282
3.33986e-11	0.0248364
3.3441e-11	0.0248434
3.34834e-11	0.024849
3.35258e-11	0.0248534
3.35682e-11	0.0248564
3.36106e-11	0.0248581
3.3653e-11	0.0248584
3.36954e-11	0.0248574
3.37378e-11	0.024855
3.37802e-11	0.0248512
3.38227e-11	0.024846
3.38651e-11	0.0248394
3.39075e-11	0.0248313
3.39499e-11	0.0248218
3.39923e-11	0.0248109
3.40347e-11	0.0247984
3.40771e-11	0.0247845
3.41195e-11	0.0247691
3.41619e-11	0.0247522
3.42044e-11	0.0247337
3.42468e-11	0.0247137
3.42892e-11	0.0246921
3.43316e-11	0.024669
3.4374e-11	0.0246443
3.44164e-11	0.0246179
3.44588e-11	0.02459
3.45012e-11	0.0245604
3.45436e-11	0.0245292
3.45861e-11	0.0244963
3.46285e-11	0.0244618
3.46709e-11	0.0244255
3.47133e-11	0.0243876
3.47557e-11	0.0243479
3.47981e-11	0.0243065
3.48405e-11	0.0242634
3.48829e-11	0.0242185
3.49253e-11	0.0241718
3.49678e-11	0.0241234
3.50102e-11	0.0240731
3.50526e-11	0.024021
3.5095e-11	0.0239671
3.51374e-11	0.0239113
3.51798e-11	0.0238537
3.52222e-11	0.0237941
3.52646e-11	0.0237327
3.5307e-11	0.0236694
3.53495e-11	0.0236041
3.53919e-11	0.0235369
3.54343e-11	0.0234678
3.54767e-11	0.0233967
3.55191e-11	0.0233235
3.55615e-11	0.0232484
3.56039e-11	0.0231713
3.56463e-11	0.0230921
3.56887e-11	0.0230109
3.57311e-11	0.0229276
3.57736e-11	0.0228423
3.5816e-11	0.0227548
3.58584e-11	0.0226652
3.59008e-11	0.0225736
3.59432e-11	0.0224797
3.59856e-11	0.0223837
3.6028e-11	0.0222856
3.60704e-11	0.0221852
3.61128e-11	0.0220827
3.61553e-11	0.0219779
3.61977e-11	0.0218709
3.62401e-11	0.0217616
3.62825e-11	0.0216501
3.63249e-11	0.0215363
3.63673e-11	0.0214202
3.64097e-11	0.0213018
3.64521e-11	0.0211811
3.64945e-11	0.021058
3.6537e-11	0.0209325
3.65794e-11	0.0208047
3.66218e-11	0.0206745
3.66642e-11	0.0205419
3.67066e-11	0.0204068
3.6749e-11	0.0202693
3.67914e-11	0.0201294
3.68338e-11	0.019987
3.68762e-11	0.0198421
3.69187e-11	0.0196947
3.69611e-11	0.0195448
3.70035e-11	0.0193923
3.70459e-11	0.0192373
3.70883e-11	0.0190798
3.71307e-11	0.0189196
3.71731e-11	0.0187569
3.72155e-11	0.0185915
3.72579e-11	0.0184236
3.73004e-11	0.0182529
3.73428e-11	0.0180797
3.73852e-11	0.0179037
3.74276e-11	0.017725
3.747e-11	0.0175437
3.75124e-11	0.0173596
3.75548e-11	0.0171728
3.75972e-11	0.0169832
3.76396e-11	0.0167909
3.7682e-11	0.0165958
3.77245e-11	0.0163978
3.77669e-11	0.0161971
3.78093e-11	0.0159935
3.78517e-11	0.0157871
3.78941e-11	0.0155778
3.79365e-11	0.0153656
3.79789e-11	0.0151506
3.80213e-11	0.0149326
3.80637e-11	0.0147117
3.81062e-11	0.0144879
3.81486e-11	0.0142611
3.8191e-11	0.0140313
3.82334e-11	0.0137985
3.82758e-11	0.0135628
3.83182e-11	0.013324
3.83606e-11	0.0130822
3.8403e-11	0.0128373
3.84454e-11	0.0125894
3.84879e-11	0.0123384
3.85303e-11	0.0120843
3.85727e-11	0.0118271
3.86151e-11	0.0115668
3.86575e-11	0.0113033
3.86999e-11	0.0110367
3.87423e-11	0.0107669
3.87847e-11	0.0104939
3.88271e-11	0.0102178
3.88696e-11	0.00993838
3.8912e-11	0.00965576
3.89544e-11	0.0093699
3.89968e-11	0.00908078
3.90392e-11	0.00878838
3.90816e-11	0.0084927
3.9124e-11	0.00819372
3.91664e-11	0.00789142
3.92088e-11	0.00758579
3.92512e-11	0.00727682
3.92937e-11	0.00696448
3.93361e-11	0.00664877
3.93785e-11	0.00632967
3.94209e-11	0.00600717
3.94633e-11	0.00568126
3.95057e-11	0.00535191
3.95481e-11	0.00501912
3.95905e-11	0.00468287
3.96329e-11	0.00434314
3.96754e-11	0.00399994
3.97178e-11	0.00365323
3.97602e-11	0.00330301
3.98026e-11	0.00294926
3.9845e-11	0.00259197
3.98874e-11	0.00223113
3.99298e-11	0.00186672
3.99722e-11	0.00149873
4.00146e-11	0.00112715
4.00571e-11	0.00075196
4.00995e-11	0.000373151
4.01419e-11	-9.28959e-06
4.01843e-11	-0.000395376
4.02267e-11	-0.00078512
4.02691e-11	-0.00117853
4.03115e-11	-0.00157563
4.03539e-11	-0.00197643
4.03963e-11	-0.00238093
4.04388e-11	-0.00278915
4.04812e-11	-0.00320111
4.05236e-11	-0.00361681
4.0566e-11	-0.00403626
4.06084e-11	-0.00445949
4.06508e-11	-0.00488649
4.06932e-11	-0.00531729
4.07356e-11	-0.00575189
4.0778e-11	-0.00619031
4.08205e-11	-0.00663256
4.08629e-11	-0.00707864
4.09053e-11	-0.00752857
4.09477e-11	-0.00798236
4.09901e-11	-0.00844003
4.10325e-11	-0.00890157
4.10749e-11	-0.00936701
4.11173e-11	-0.00983635
4.11597e-11	-0.0103096
4.12021e-11	-0.0107868
4.12446e-11	-0.0112679
4.1287e-11	-0.011753
4.13294e-11	-0.012242
4.13718e-11	-0.012735
4.14142e-11	-0.0132319
4.14566e-11	-0.0137329
4.1499e-11	-0.0142378
4.15414e-11	-0.0147467
4.15838e-11	-0.0152597
4.16263e-11	-0.0157767
4.16687e-11	-0.0162977
4.17111e-11	-0.0168227
4.17535e-11	-0.0173518
4.17959e-11	-0.017885
4.18383e-11	-0.0184222
4.18807e-11	-0.0189635
4.19231e-11	-0.0195088
4.19655e-11	-0.0200583
4.2008e-11	-0.0206119
4.20504e-11	-0.0211695
4.20928e-11	-0.0217313
4.21352e-11	-0.0222972
4.21776e-11	-0.0228672
4.222e-11	-0.0234414
4.22624e-11	-0.0240197
4.23048e-11	-0.0246022
4.23472e-11	-0.0251888
4.23897e-11	-0.0257795
4.24321e-11	-0.0263745
4.24745e-11	-0.0269736
4.25169e-11	-0.0275769
4.25593e-11	-0.0281844
4.26017e-11	-0.0287961
4.26441e-11	-0.029412
4.26865e-11	-0.0300321
4.27289e-11	-0.0306563
4.27714e-11	-0.0312849
4.28138e-11	-0.0319176
4.28562e-11	-0.0325545
4.28986e-11	-0.0331957
4.2941e-11	-0.0338411
4.29834e-11	-0.0344908
4.30258e-11	-0.0351447
4.30682e-11	-0.0358028
4.31106e-11	-0.0364652
4.3153e-11	-0.0371318
4.31955e-11	-0.0378027
4.32379e-11	-0.0384779
4.32803e-11	-0.0391573
4.33227e-11	-0.0398409
4.33651e-11	-0.0405289
4.34075e-11	-0.0412211
4.34499e-11	-0.0419176
4.34923e-11	-0.0426183
4.35347e-11	-0.0433233
4.35772e-11	-0.0440326
4.36196e-11	-0.0447462
4.3662e-11	-0.0454641
4.37044e-11	-0.0461862
4.37468e-11	-0.0469126
4.37892e-11	-0.0476433
4.38316e-11	-0.0483783
4.3874e-11	-0.0491176
4.39164e-11	-0.0498611
4.39589e-11	-0.0506089
4.40013e-11	-0.051361
4.40437e-11	-0.0521174
4.40861e-11	-0.052878
4.41285e-11	-0.053643
4.41709e-11	-0.0544122
4.42133e-11	-0.0551857
4.42557e-11	-0.0559634
4.42981e-11	-0.0567455
4.43406e-11	-0.0575317
4.4383e-11	-0.0583223
4.44254e-11	-0.0591171
4.44678e-11	-0.0599162
4.45102e-11	-0.0607195
4.45526e-11	-0.0615271
4.4595e-11	-0.062339
4.46374e-11	-0.0631551
4.46798e-11	-0.0639754
4.47223e-11	-0.0647999
4.47647e-11	-0.0656287
4.48071e-11	-0.0664618
4.48495e-11	-0.067299
4.48919e-11	-0.0681405
4.49343e-11	-0.0689862
4.49767e-11	-0.069836
4.50191e-11	-0.0706901
4.50615e-11	-0.0715484
4.51039e-11	-0.0724109
4.51464e-11	-0.0732775
4.51888e-11	-0.0741483
4.52312e-11	-0.0750233
4.52736e-11	-0.0759024
4.5316e-11	-0.0767857
4.53584e-11	-0.0776731
4.54008e-11	-0.0785647
4.54432e-11	-0.0794604
4.54856e-11	-0.0803602
4.55281e-11	-0.0812641
4.55705e-11	-0.0821721
4.56129e-11	-0.0830842
4.56553e-11	-0.0840004
4.56977e-11	-0.0849207
4.57401e-11	-0.085845
4.57825e-11	-0.0867733
4.58249e-11	-0.0877057
4.58673e-11	-0.0886421
4.59098e-11	-0.0895826
4.59522e-11	-0.090527
4.59946e-11	-0.0914754
4.6037e-11	-0.0924278
4.60794e-11	-0.0933842
4.61218e-11	-0.0943445
4.61642e-11	-0.0953088
4.62066e-11	-0.096277
4.6249e-11	-0.0972491
4.62915e-11	-0.098225
4.63339e-11	-0.0992049
4.63763e-11	-0.100189
4.64187e-11	-0.101176
4.64611e-11	-0.102168
4.65035e-11	-0.103163
4.65459e-11	-0.104162
4.65883e-11	-0.105165
4.66307e-11	-0.106172
4.66731e-11	-0.107182
4.67156e-11	-0.108196
4.6758e-11	-0.109214
4.68004e-11	-0.110236
4.68428e-11	-0.111261
4.68852e-11	-0.11229
4.69276e-11	-0.113322
4.697e-11	-0.114359
4.70124e-11	-0.115399
4.70548e-11	-0.116442
4.70973e-11	-0.117489
4.71397e-11	-0.11854
4.71821e-11	-0.119594
4.72245e-11	-0.120651
4.72669e-11	-0.121713
4.73093e-11	-0.122777
4.73517e-11	-0.123845
4.73941e-11	-0.124917
4.74365e-11	-0.125992
4.7479e-11	-0.12707
4.75214e-11	-0.128152
4.75638e-11	-0.129237
4.76062e-11	-0.130325
4.76486e-11	-0.131417
4.7691e-11	-0.132512
4.77334e-11	-0.13361
4.77758e-11	-0.134711
4.78182e-11	-0.135816
4.78607e-11	-0.136924
4.79031e-11	-0.138035
4.79455e-11	-0.139149
4.79879e-11	-0.140266
4.80303e-11	-0.141386
4.80727e-11	-0.142509
4.81151e-11	-0.143636
4.81575e-11	-0.144765
4.81999e-11	-0.145897
4.82424e-11	-0.147032
4.82848e-11	-0.14817
4.83272e-11	-0.149311
4.83696e-11	-0.150455
4.8412e-11	-0.151602
4.84544e-11	-0.152751
4.84968e-11	-0.153904
4.85392e-11	-0.155059
4.85816e-11	-0.156216
4.8624e-11	-0.157377
4.86665e-11	-0.15854
4.87089e-11	-0.159705
4.87513e-11	-0.160874
4.87937e-11	-0.162044
4.88361e-11	-0.163218
4.88785e-11	-0.164393
4.89209e-11	-0.165572
4.89633e-11	-0.166752
4.90057e-11	-0.167935
4.90482e-11	-0.169121
4.90906e-11	-0.170308
4.9133e-11	-0.171498
4.91754e-11	-0.17269
4.92178e-11	-0.173885
4.92602e-11	-0.175081
4.93026e-11	-0.17628
4.9345e-11	-0.177481
4.93874e-11	-0.178684
4.94299e-11	-0.179889
4.94723e-11	-0.181096
4.95147e-11	-0.182305
4.95571e-11	-0.183516
4.95995e-11	-0.184728
4.96419e-11	-0.185943
4.96843e-11	-0.187159
4.97267e-11	-0.188377
4.97691e-11	-0.189597
4.98116e-11	-0.190819
4.9854e-11	-0.192042
4.98964e-11	-0.193267
4.99388e-11	-0.194493
4.99812e-11	-0.195721
5.00236e-11	-0.196951
5.0066e-11	-0.198182
5.01084e-11	-0.199414
5.01508e-11	-0.200648
5.01933e-11	-0.201883
5.02357e-11	-0.203119
5.02781e-11	-0.204356
5.03205e-11	-0.205595
5.03629e-11	-0.206835
5.04053e-11	-0.208076
5.04477e-11	-0.209318
5.04901e-11	-0.210561
5.05325e-11	-0.211805
5.05749e-11	-0.21305
5.06174e-11	-0.214296
5.06598e-11	-0.215542
5.07022e-11	-0.21679
5.07446e-11	-0.218038
5.0787e-11	-0.219287
5.08294e-11	-0.220536
5.08718e-11	-0.221786
5.09142e-11	-0.223037
5.09566e-11	-0.224288
5.09991e-11	-0.22554
5.10415e-11	-0.226792
5.10839e-11	-0.228044
5.11263e-11	-0.229297
5.11687e-11	-0.23055
5.12111e-11	-0.231803
5.12535e-11	-0.233057
5.12959e-11	-0.23431
5.13383e-11	-0.235564
5.13808e-11	-0.236817
5.14232e-11	-0.238071
5.14656e-11	-0.239324
5.1508e-11	-0.240578
5.15504e-11	-0.241831
5.15928e-11	-0.243084
5.16352e-11	-0.244336
5.16776e-11	-0.245589
5.172e-11	-0.246841
5.17625e-11	-0.248092
5.18049e-11	-0.249343
5.18473e-11	-0.250593
5.18897e-11	-0.251843
5.19321e-11	-0.253092
5.19745e-11	-0.25434
5.20169e-11	-0.255588
5.20593e-11	-0.256834
5.21017e-11	-0.25808
5.21442e-11	-0.259325
5.21866e-11	-0.260569
5.2229e-11	-0.261812
5.22714e-11	-0.263053
5.23138e-11	-0.264294
5.23562e-11	-0.265533
5.23986e-11	-0.266771
5.2441e-11	-0.268008
5.24834e-11	-0.269243
5.25258e-11	-0.270477
5.25683e-11	-0.271709
5.26107e-11	-0.27294
5.26531e-11	-0.274169
5.26955e-11	-0.275396
5.27379e-11	-0.276622
5.27803e-11	-0.277846
5.28227e-11	-0.279068
5.28651e-11	-0.280288
5.29075e-11	-0.281506
5.295e-11	-0.282722
5.29924e-11	-0.283935
5.30348e-11	-0.285147
5.30772e-11	-0.286356
5.31196e-11	-0.287564
5.3162e-11	-0.288768
5.32044e-11	-0.289971
5.32468e-11	-0.29117
5.32892e-11	-0.292368
5.33317e-11	-0.293562
5.33741e-11	-0.294754
5.34165e-11	-0.295944
5.34589e-11	-0.29713
5.35013e-11	-0.298314
5.35437e-11	-0.299494
5.35861e-11	-0.300672
5.36285e-11	-0.301847
5.36709e-11	-0.303018
5.37134e-11	-0.304187
5.37558e-11	-0.305352
5.37982e-11	-0.306514
5.38406e-11	-0.307672
5.3883e-11	-0.308827
5.39254e-11	-0.309978
5.39678e-11	-0.311126
5.40102e-11	-0.312271
5.40526e-11	-0.313411
5.40951e-11	-0.314548
5.41375e-11	-0.315681
5.41799e-11	-0.31681
5.42223e-11	-0.317935
5.42647e-11	-0.319056
5.43071e-11	-0.320173
5.43495e-11	-0.321286
5.43919e-11	-0.322394
5.44343e-11	-0.323498
5.44767e-11	-0.324598
5.45192e-11	-0.325694
5.45616e-11	-0.326784
5.4604e-11	-0.327871
5.46464e-11	-0.328952
5.46888e-11	-0.330029
5.47312e-11	-0.331102
5.47736e-11	-0.332169
5.4816e-11	-0.333231
5.48584e-11	-0.334289
5.49009e-11	-0.335341
5.49433e-11	-0.336388
5.49857e-11	-0.33743
5.50281e-11	-0.338467
5.50705e-11	-0.339499
5.51129e-11	-0.340525
5.51553e-11	-0.341545
5.51977e-11	-0.34256
5.52401e-11	-0.34357
5.52826e-11	-0.344573
5.5325e-11	-0.345571
5.53674e-11	-0.346564
5.54098e-11	-0.34755
5.54522e-11	-0.34853
5.54946e-11	-0.349504
5.5537e-11	-0.350473
5.55794e-11	-0.351435
5.56218e-11	-0.35239
5.56643e-11	-0.35334
5.57067e-11	-0.354283
5.57491e-11	-0.35522
5.57915e-11	-0.35615
5.58339e-11	-0.357073
5.58763e-11	-0.35799
5.59187e-11	-0.3589
5.59611e-11	-0.359803
5.60035e-11	-0.3607
5.60459e-11	-0.361589
5.60884e-11	-0.362472
5.61308e-11	-0.363347
5.61732e-11	-0.364215
5.62156e-11	-0.365076
5.6258e-11	-0.36593
5.63004e-11	-0.366776
5.63428e-11	-0.367615
5.63852e-11	-0.368446
5.64276e-11	-0.36927
5.64701e-11	-0.370086
5.65125e-11	-0.370894
5.65549e-11	-0.371695
5.65973e-11	-0.372487
5.66397e-11	-0.373272
5.66821e-11	-0.374049
5.67245e-11	-0.374817
5.67669e-11	-0.375578
5.68093e-11	-0.37633
5.68518e-11	-0.377074
5.68942e-11	-0.377809
5.69366e-11	-0.378536
5.6979e-11	-0.379255
5.70214e-11	-0.379965
5.70638e-11	-0.380666
5.71062e-11	-0.381359
5.71486e-11	-0.382042
5.7191e-11	-0.382717
5.72335e-11	-0.383383
5.72759e-11	-0.38404
5.73183e-11	-0.384688
5.73607e-11	-0.385327
5.74031e-11	-0.385956
5.74455e-11	-0.386577
5.74879e-11	-0.387188
5.75303e-11	-0.387789
5.75727e-11	-0.388381
5.76152e-11	-0.388963
5.76576e-11	-0.389536
5.77e-11	-0.390099
5.77424e-11	-0.390652
5.77848e-11	-0.391196
5.78272e-11	-0.391729
5.78696e-11	-0.392253
5.7912e-11	-0.392766
5.79544e-11	-0.393269
5.79968e-11	-0.393763
5.80393e-11	-0.394245
5.80817e-11	-0.394718
5.81241e-11	-0.39518
5.81665e-11	-0.395632
5.82089e-11	-0.396073
5.82513e-11	-0.396504
5.82937e-11	-0.396923
5.83361e-11	-0.397333
5.83785e-11	-0.397731
5.8421e-11	-0.398118
5.84634e-11	-0.398495
5.85058e-11	-0.39886
5.85482e-11	-0.399215
5.85906e-11	-0.399558
5.8633e-11	-0.39989
5.86754e-11	-0.400211
5.87178e-11	-0.400521
5.87602e-11	-0.400819
5.88027e-11	-0.401105
5.88451e-11	-0.401381
5.88875e-11	-0.401644
5.89299e-11	-0.401896
5.89723e-11	-0.402136
5.90147e-11	-0.402365
5.90571e-11	-0.402581
5.90995e-11	-0.402786
5.91419e-11	-0.402978
5.91844e-11	-0.403159
5.92268e-11	-0.403328
5.92692e-11	-0.403484
5.93116e-11	-0.403628
5.9354e-11	-0.40376
5.93964e-11	-0.403879
5.94388e-11	-0.403986
5.94812e-11	-0.404081
5.95236e-11	-0.404163
5.95661e-11	-0.404233
5.96085e-11	-0.404289
5.96509e-11	-0.404333
5.96933e-11	-0.404365
5.97357e-11	-0.404383
5.97781e-11	-0.404389
5.98205e-11	-0.404382
5.98629e-11	-0.404361
5.99053e-11	-0.404328
5.99477e-11	-0.404281
5.99902e-11	-0.404221
6.00326e-11	-0.404149
6.0075e-11	-0.404062
6.01174e-11	-0.403963
6.01598e-11	-0.40385
6.02022e-11	-0.403723
6.02446e-11	-0.403583
6.0287e-11	-0.40343
6.03294e-11	-0.403262
6.03719e-11	-0.403082
6.04143e-11	-0.402887
6.04567e-11	-0.402679
6.04991e-11	-0.402456
6.05415e-11	-0.40222
6.05839e-11	-0.40197
6.06263e-11	-0.401706
6.06687e-11	-0.401428
6.07111e-11	-0.401136
6.07536e-11	-0.40083
6.0796e-11	-0.400509
6.08384e-11	-0.400174
6.08808e-11	-0.399825
6.09232e-11	-0.399462
6.09656e-11	-0.399084
6.1008e-11	-0.398692
6.10504e-11	-0.398285
6.10928e-11	-0.397864
6.11353e-11	-0.397428
6.11777e-11	-0.396977
6.12201e-11	-0.396512
6.12625e-11	-0.396032
6.13049e-11	-0.395537
6.13473e-11	-0.395028
6.13897e-11	-0.394504
6.14321e-11	-0.393964
6.14745e-11	-0.39341
6.1517e-11	-0.392841
6.15594e-11	-0.392257
6.16018e-11	-0.391658
6.16442e-11	-0.391043
6.16866e-11	-0.390414
6.1729e-11	-0.389769
6.17714e-11	-0.389109
6.18138e-11	-0.388434
6.18562e-11	-0.387744
6.18986e-11	-0.387038
6.19411e-11	-0.386317
6.19835e-11	-0.38558
6.20259e-11	-0.384828
6.20683e-11	-0.384061
6.21107e-11	-0.383277
6.21531e-11	-0.382479
6.21955e-11	-0.381665
6.22379e-11	-0.380835
6.22803e-11	-0.379989
6.23228e-11	-0.379128
6.23652e-11	-0.378251
6.24076e-11	-0.377359
6.245e-11	-0.37645
6.24924e-11	-0.375526
6.25348e-11	-0.374586
6.25772e-11	-0.37363
6.26196e-11	-0.372659
6.2662e-11	-0.371671
6.27045e-11	-0.370667
6.27469e-11	-0.369648
6.27893e-11	-0.368612
6.28317e-11	-0.36756
6.28741e-11	-0.366492
6.29165e-11	-0.365409
6.29589e-11	-0.364309
6.30013e-11	-0.363193
6.30437e-11	-0.36206
6.30862e-11	-0.360912
6.31286e-11	-0.359748
6.3171e-11	-0.358567
6.32134e-11	-0.35737
6.32558e-11	-0.356157
6.32982e-11	-0.354927
6.33406e-11	-0.353681
6.3383e-11	-0.352419
6.34254e-11	-0.351141
6.34678e-11	-0.349846
6.35103e-11	-0.348535
6.35527e-11	-0.347208
6.35951e-11	-0.345864
6.36375e-11	-0.344504
6.36799e-11	-0.343127
6.37223e-11	-0.341734
6.37647e-11	-0.340325
6.38071e-11	-0.338899
6.38495e-11	-0.337456
6.3892e-11	-0.335998
6.39344e-11	-0.334522
6.39768e-11	-0.333031
6.40192e-11	-0.331522
6.40616e-11	-0.329998
6.4104e-11	-0.328457
6.41464e-11	-0.326899
6.41888e-11	-0.325325
6.42312e-11	-0.323734
6.42737e-11	-0.322127
6.43161e-11	-0.320503
6.43585e-11	-0.318863
6.44009e-11	-0.317206
6.44433e-11	-0.315533
6.44857e-11	-0.313843
6.45281e-11	-0.312137
6.45705e-11	-0.310414
6.46129e-11	-0.308675
6.46554e-11	-0.306919
6.46978e-11	-0.305147
6.47402e-11	-0.303358
6.47826e-11	-0.301553
6.4825e-11	-0.299731
6.48674e-11	-0.297893
6.49098e-11	-0.296038
6.49522e-11	-0.294167
6.49946e-11	-0.292279
6.50371e-11	-0.290375
6.50795e-11	-0.288455
6.51219e-11	-0.286518
6.51643e-11	-0.284565
6.52067e-11	-0.282595
6.52491e-11	-0.280609
6.52915e-11	-0.278607
6.53339e-11	-0.276588
6.53763e-11	-0.274553
6.54187e-11	-0.272501
6.54612e-11	-0.270434
6.55036e-11	-0.26835
6.5546e-11	-0.266249
6.55884e-11	-0.264133
6.56308e-11	-0.262
6.56732e-11	-0.259851
6.57156e-11	-0.257686
6.5758e-11	-0.255505
6.58004e-11	-0.253308
6.58429e-11	-0.251094
6.58853e-11	-0.248865
6.59277e-11	-0.246619
6.59701e-11	-0.244357
6.60125e-11	-0.24208
6.60549e-11	-0.239786
6.60973e-11	-0.237477
6.61397e-11	-0.235151
6.61821e-11	-0.23281
6.62246e-11	-0.230453
6.6267e-11	-0.22808
6.63094e-11	-0.225691
6.63518e-11	-0.223286
6.63942e-11	-0.220866
6.64366e-11	-0.21843
6.6479e-11	-0.215978
6.65214e-11	-0.213511
6.65638e-11	-0.211028
6.66063e-11	-0.20853
6.66487e-11	-0.206016
6.66911e-11	-0.203487
6.67335e-11	-0.200942
6.67759e-11	-0.198382
6.68183e-11	-0.195807
6.68607e-11	-0.193216
6.69031e-11	-0.19061
6.69455e-11	-0.187989
6.6988e-11	-0.185353
6.70304e-11	-0.182702
6.70728e-11	-0.180035
6.71152e-11	-0.177354
6.71576e-11	-0.174657
6.72e-11	-0.171946
6.72424e-11	-0.16922
6.72848e-11	-0.166479
6.73272e-11	-0.163723
6.73696e-11	-0.160952
6.74121e-11	-0.158167
6.74545e-11	-0.155368
6.74969e-11	-0.152553
6.75393e-11	-0.149724
6.75817e-11	-0.146881
6.76241e-11	-0.144024
6.76665e-11	-0.141152
6.77089e-11	-0.138266
6.77513e-11	-0.135365
6.77938e-11	-0.132451
6.78362e-11	-0.129522
6.78786e-11	-0.126579
6.7921e-11	-0.123623
6.79634e-11	-0.120652
6.80058e-11	-0.117668
6.80482e-11	-0.11467
6.80906e-11	-0.111658
6.8133e-11	-0.108633
6.81755e-11	-0.105594
6.82179e-11	-0.102541
6.82603e-11	-0.0994753
6.83027e-11	-0.096396
6.83451e-11	-0.0933034
6.83875e-11	-0.0901976
6.84299e-11	-0.0870787
6.84723e-11	-0.0839467
6.85147e-11	-0.0808017
6.85572e-11	-0.0776438
6.85996e-11	-0.074473
6.8642e-11	-0.0712894
6.86844e-11	-0.0680931
6.87268e-11	-0.0648842
6.87692e-11	-0.0616628
6.88116e-11	-0.0584289
6.8854e-11	-0.0551826
6.88964e-11	-0.0519239
6.89389e-11	-0.0486531
6.89813e-11	-0.0453701
6.90237e-11	-0.042075
6.90661e-11	-0.038768
6.91085e-11	-0.0354491
6.91509e-11	-0.0321183
6.91933e-11	-0.0287758
6.92357e-11	-0.0254217
6.92781e-11	-0.022056
6.93205e-11	-0.0186788
6.9363e-11	-0.0152902
6.94054e-11	-0.0118904
6.94478e-11	-0.00847935
6.94902e-11	-0.00505718
6.95326e-11	-0.00162398
6.9575e-11	0.00182015
6.96174e-11	0.00527513
6.96598e-11	0.00874085
6.97022e-11	0.0122172
6.97447e-11	0.0157042
6.97871e-11	0.0192016
6.98295e-11	0.0227094
6.98719e-11	0.0262274
6.99143e-11	0.0297557
6.99567e-11	0.033294
6.99991e-11	0.0368423
7.00415e-11	0.0404005
7.00839e-11	0.0439685
7.01264e-11	0.0475461
7.01688e-11	0.0511334
7.02112e-11	0.0547301
7.02536e-11	0.0583362
7.0296e-11	0.0619516
7.03384e-11	0.0655762
7.03808e-11	0.0692098
7.04232e-11	0.0728525
7.04656e-11	0.0765039
7.05081e-11	0.0801642
7.05505e-11	0.083833
7.05929e-11	0.0875105
7.06353e-11	0.0911963
7.06777e-11	0.0948905
7.07201e-11	0.0985929
7.07625e-11	0.102303
7.08049e-11	0.106022
7.08473e-11	0.109748
7.08898e-11	0.113483
7.09322e-11	0.117224
7.09746e-11	0.120974
7.1017e-11	0.124731
7.10594e-11	0.128495
7.11018e-11	0.132266
7.11442e-11	0.136045
7.11866e-11	0.13983
7.1229e-11	0.143623
7.12714e-11	0.147422
7.13139e-11	0.151227
7.13563e-11	0.15504
7.13987e-11	0.158858
7.14411e-11	0.162683
7.14835e-11	0.166514
7.15259e-11	0.170351
7.15683e-11	0.174194
7.16107e-11	0.178043
7.16531e-11	0.181898
7.16956e-11	0.185758
7.1738e-11	0.189623
7.17804e-11	0.193494
7.18228e-11	0.19737
7.18652e-11	0.201251
7.19076e-11	0.205137
7.195e-11	0.209028
7.19924e-11	0.212924
7.20348e-11	0.216824
7.20773e-11	0.220729
7.21197e-11	0.224638
7.21621e-11	0.228551
7.22045e-11	0.232468
7.22469e-11	0.236389
7.22893e-11	0.240314
7.23317e-11	0.244242
7.23741e-11	0.248175
7.24165e-11	0.25211
7.2459e-11	0.256049
7.25014e-11	0.259991
7.25438e-11	0.263936
7.25862e-11	0.267884
7.26286e-11	0.271835
7.2671e-11	0.275788
7.27134e-11	0.279744
7.27558e-11	0.283702
7.27982e-11	0.287663
7.28406e-11	0.291626
7.28831e-11	0.29559
7.29255e-11	0.299557
7.29679e-11	0.303525
7.30103e-11	0.307495
7.30527e-11	0.311466
7.30951e-11	0.315438
7.31375e-11	0.319412
7.31799e-11	0.323387
7.32223e-11	0.327362
7.32648e-11	0.331339
7.33072e-11	0.335316
7.33496e-11	0.339293
7.3392e-11	0.343271
7.34344e-11	0.347249
7.34768e-11	0.351227
7.35192e-11	0.355205
7.35616e-11	0.359183
7.3604e-11	0.363161
7.36465e-11	0.367138
7.36889e-11	0.371114
7.37313e-11	0.37509
7.37737e-11	0.379065
7.38161e-11	0.383038
7.38585e-11	0.387011
7.39009e-11	0.390982
7.39433e-11	0.394952
7.39857e-11	0.398921
7.40282e-11	0.402887
7.40706e-11	0.406852
7.4113e-11	0.410815
7.41554e-11	0.414775
7.41978e-11	0.418733
7.42402e-11	0.422689
7.42826e-11	0.426642
7.4325e-11	0.430593
7.43674e-11	0.434541
7.44099e-11	0.438485
7.44523e-11	0.442427
7.44947e-11	0.446365
7.45371e-11	0.4503
7.45795e-11	0.454231
7.46219e-11	0.458159
7.46643e-11	0.462082
7.47067e-11	0.466002
7.47491e-11	0.469918
7.47915e-11	0.473829
7.4834e-11	0.477736
7.48764e-11	0.481638
7.49188e-11	0.485536
7.49612e-11	0.489429
7.50036e-11	0.493317
7.5046e-11	0.497199
7.50884e-11	0.501077
7.51308e-11	0.504949
7.51732e-11	0.508815
7.52157e-11	0.512676
7.52581e-11	0.516531
7.53005e-11	0.52038
7.53429e-11	0.524223
7.53853e-11	0.528059
7.54277e-11	0.531889
7.54701e-11	0.535713
7.55125e-11	0.53953
7.55549e-11	0.54334
7.55974e-11	0.547143
7.56398e-11	0.550939
7.56822e-11	0.554727
7.57246e-11	0.558509
7.5767e-11	0.562282
7.58094e-11	0.566048
7.58518e-11	0.569807
7.58942e-11	0.573557
7.59366e-11	0.577299
7.59791e-11	0.581033
7.60215e-11	0.584758
7.60639e-11	0.588475
7.61063e-11	0.592184
7.61487e-11	0.595883
7.61911e-11	0.599573
7.62335e-11	0.603255
7.62759e-11	0.606927
7.63183e-11	0.61059
7.63608e-11	0.614243
7.64032e-11	0.617887
7.64456e-11	0.621521
7.6488e-11	0.625144
7.65304e-11	0.628758
7.65728e-11	0.632362
7.66152e-11	0.635955
7.66576e-11	0.639538
7.67e-11	0.64311
7.67424e-11	0.646672
7.67849e-11	0.650222
7.68273e-11	0.653762
7.68697e-11	0.65729
7.69121e-11	0.660807
7.69545e-11	0.664313
7.69969e-11	0.667807
7.70393e-11	0.671289
7.70817e-11	0.674759
7.71241e-11	0.678218
7.71666e-11	0.681664
7.7209e-11	0.685098
7.72514e-11	0.68852
7.72938e-11	0.691929
7.73362e-11	0.695326
7.73786e-11	0.69871
7.7421e-11	0.702081
7.74634e-11	0.705439
7.75058e-11	0.708783
7.75483e-11	0.712115
7.75907e-11	0.715433
7.76331e-11	0.718737
7.76755e-11	0.722028
7.77179e-11	0.725304
7.77603e-11	0.728567
7.78027e-11	0.731816
7.78451e-11	0.735051
7.78875e-11	0.738271
7.793e-11	0.741477
7.79724e-11	0.744668
7.80148e-11	0.747845
7.80572e-11	0.751006
7.80996e-11	0.754153
7.8142e-11	0.757285
7.81844e-11	0.760401
7.82268e-11	0.763502
7.82692e-11	0.766588
7.83117e-11	0.769658
7.83541e-11	0.772712
7.83965e-11	0.775751
7.84389e-11	0.778773
7.84813e-11	0.78178
7.85237e-11	0.78477
7.85661e-11	0.787744
7.86085e-11	0.790702
7.86509e-11	0.793643
7.86933e-11	0.796567
7.87358e-11	0.799475
7.87782e-11	0.802366
7.88206e-11	0.805239
7.8863e-11	0.808096
7.89054e-11	0.810935
7.89478e-11	0.813757
7.89902e-11	0.816562
7.90326e-11	0.819349
7.9075e-11	0.822118
7.91175e-11	0.82487
7.91599e-11	0.827603
7.92023e-11	0.830319
7.92447e-11	0.833016
7.92871e-11	0.835696
7.93295e-11	0.838356
7.93719e-11	0.840999
7.94143e-11	0.843623
7.94567e-11	0.846228
7.94992e-11	0.848814
7.95416e-11	0.851382
7.9584e-11	0.85393
7.96264e-11	0.85646
7.96688e-11	0.85897
7.97112e-11	0.861461
7.97536e-11	0.863933
7.9796e-11	0.866385
7.98384e-11	0.868817
7.98809e-11	0.87123
7.99233e-11	0.873623
7.99657e-11	0.875997
8.00081e-11	0.87835
8.00505e-11	0.880683
8.00929e-11	0.882996
8.01353e-11	0.885289
8.01777e-11	0.887561
8.02201e-11	0.889813
8.02625e-11	0.892044
8.0305e-11	0.894255
8.03474e-11	0.896445
8.03898e-11	0.898614
8.04322e-11	0.900763
8.04746e-11	0.90289
8.0517e-11	0.904996
8.05594e-11	0.907081
8.06018e-11	0.909145
8.06442e-11	0.911188
8.06867e-11	0.913209
8.07291e-11	0.915209
8.07715e-11	0.917187
8.08139e-11	0.919143
8.08563e-11	0.921078
8.08987e-11	0.92299
8.09411e-11	0.924881
8.09835e-11	0.92675
8.10259e-11	0.928597
8.10684e-11	0.930422
8.11108e-11	0.932225
8.11532e-11	0.934005
8.11956e-11	0.935763
8.1238e-11	0.937498
8.12804e-11	0.939211
8.13228e-11	0.940902
8.13652e-11	0.94257
8.14076e-11	0.944215
8.14501e-11	0.945837
8.14925e-11	0.947437
8.15349e-11	0.949013
8.15773e-11	0.950567
8.16197e-11	0.952098
8.16621e-11	0.953605
8.17045e-11	0.95509
8.17469e-11	0.956551
8.17893e-11	0.957989
8.18318e-11	0.959403
8.18742e-11	0.960794
8.19166e-11	0.962162
8.1959e-11	0.963506
8.20014e-11	0.964827
8.20438e-11	0.966124
8.20862e-11	0.967397
8.21286e-11	0.968647
8.2171e-11	0.969873
8.22134e-11	0.971075
8.22559e-11	0.972253
8.22983e-11	0.973407
8.23407e-11	0.974537
8.23831e-11	0.975643
8.24255e-11	0.976725
8.24679e-11	0.977783
8.25103e-11	0.978817
8.25527e-11	0.979827
8.25951e-11	0.980812
8.26376e-11	0.981773
8.268e-11	0.98271
8.27224e-11	0.983622
8.27648e-11	0.98451
8.28072e-11	0.985374
8.28496e-11	0.986213
8.2892e-11	0.987028
8.29344e-11	0.987818
8.29768e-11	0.988583
8.30193e-11	0.989324
8.30617e-11	0.99004
8.31041e-11	0.990732
8.31465e-11	0.991399
8.31889e-11	0.992041
8.32313e-11	0.992658
8.32737e-11	0.993251
8.33161e-11	0.993819
8.33585e-11	0.994362
8.3401e-11	0.99488
8.34434e-11	0.995373
8.34858e-11	0.995842
8.35282e-11	0.996285
8.35706e-11	0.996704
8.3613e-11	0.997097
8.36554e-11	0.997466
8.36978e-11	0.99781
8.37402e-11	0.998128
8.37827e-11	0.998422
8.38251e-11	0.998691
8.38675e-11	0.998934
8.39099e-11	0.999153
8.39523e-11	0.999346
8.39947e-11	0.999515
8.40371e-11	0.999658
8.40795e-11	0.999777
8.41219e-11	0.99987
8.41643e-11	0.999938
8.42068e-11	0.999981
8.42492e-11	0.999999
8.42916e-11	0.999992
8.4334e-11	0.99996
8.43764e-11	0.999903
8.44188e-11	0.999821
8.44612e-11	0.999713
8.45036e-11	0.999581
8.4546e-11	0.999424
8.45885e-11	0.999241
8.46309e-11	0.999034
8.46733e-11	0.998801
8.47157e-11	0.998543
8.47581e-11	0.998261
8.48005e-11	0.997953
8.48429e-11	0.99762
8.48853e-11	0.997262
8.49277e-11	0.99688
8.49702e-11	0.996472
8.50126e-11	0.99604
8.5055e-11	0.995582
8.50974e-11	0.9951
8.51398e-11	0.994593
8.51822e-11	0.994061
8.52246e-11	0.993504
8.5267e-11	0.992922
8.53094e-11	0.992316
8.53519e-11	0.991684
8.53943e-11	0.991028
8.54367e-11	0.990348
8.54791e-11	0.989642
8.55215e-11	0.988912
8.55639e-11	0.988158
8.56063e-11	0.987378
8.56487e-11	0.986574
8.56911e-11	0.985746
8.57336e-11	0.984893
8.5776e-11	0.984016
8.58184e-11	0.983114
8.58608e-11	0.982188
8.59032e-11	0.981238
8.59456e-11	0.980263
8.5988e-11	0.979264
8.60304e-11	0.978241
8.60728e-11	0.977194
8.61152e-11	0.976122
8.61577e-11	0.975027
8.62001e-11	0.973907
8.62425e-11	0.972763
8.62849e-11	0.971596
8.63273e-11	0.970404
8.63697e-11	0.969189
8.64121e-11	0.96795
8.64545e-11	0.966687
8.64969e-11	0.9654
8.65394e-11	0.96409
8.65818e-11	0.962756
8.66242e-11	0.961399
8.66666e-11	0.960018
8.6709e-11	0.958614
8.67514e-11	0.957186
8.67938e-11	0.955735
8.68362e-11	0.954261
8.68786e-11	0.952764
8.69211e-11	0.951243
8.69635e-11	0.9497
8.70059e-11	0.948133
8.70483e-11	0.946544
8.70907e-11	0.944931
8.71331e-11	0.943296
8.71755e-11	0.941638
8.72179e-11	0.939958
8.72603e-11	0.938255
8.73028e-11	0.936529
8.73452e-11	0.934781
8.73876e-11	0.933011
8.743e-11	0.931218
8.74724e-11	0.929403
8.75148e-11	0.927566
8.75572e-11	0.925706
8.75996e-11	0.923825
8.7642e-11	0.921922
8.76845e-11	0.919997
8.77269e-11	0.91805
8.77693e-11	0.916081
8.78117e-11	0.914091
8.78541e-11	0.91208
8.78965e-11	0.910046
8.79389e-11	0.907992
8.79813e-11	0.905916
8.80237e-11	0.903819
8.80661e-11	0.901701
8.81086e-11	0.899562
8.8151e-11	0.897402
8.81934e-11	0.895221
8.82358e-11	0.893019
8.82782e-11	0.890797
8.83206e-11	0.888554
8.8363e-11	0.886291
8.84054e-11	0.884007
8.84478e-11	0.881703
8.84903e-11	0.879379
8.85327e-11	0.877034
8.85751e-11	0.87467
8.86175e-11	0.872286
8.86599e-11	0.869881
8.87023e-11	0.867457
8.87447e-11	0.865014
8.87871e-11	0.862551
8.88295e-11	0.860068
8.8872e-11	0.857567
8.89144e-11	0.855045
8.89568e-11	0.852505
8.89992e-11	0.849946
8.90416e-11	0.847368
8.9084e-11	0.844771
8.91264e-11	0.842155
8.91688e-11	0.839521
8.92112e-11	0.836868
8.92537e-11	0.834197
8.92961e-11	0.831508
8.93385e-11	0.8288
8.93809e-11	0.826075
8.94233e-11	0.823331
8.94657e-11	0.820569
8.95081e-11	0.81779
8.95505e-11	0.814993
8.95929e-11	0.812179
8.96353e-11	0.809347
8.96778e-11	0.806498
8.97202e-11	0.803632
8.97626e-11	0.800749
8.9805e-11	0.797849
8.98474e-11	0.794932
8.98898e-11	0.791998
8.99322e-11	0.789047
8.99746e-11	0.786081
9.0017e-11	0.783097
9.00595e-11	0.780098
9.01019e-11	0.777083
9.01443e-11	0.774051
9.01867e-11	0.771004
9.02291e-11	0.76794
9.02715e-11	0.764862
9.03139e-11	0.761767
9.03563e-11	0.758658
9.03987e-11	0.755533
9.04412e-11	0.752393
9.04836e-11	0.749237
9.0526e-11	0.746067
9.05684e-11	0.742883
9.06108e-11	0.739683
9.06532e-11	0.736469
9.06956e-11	0.733241
9.0738e-11	0.729998
9.07804e-11	0.726742
9.08229e-11	0.723471
9.08653e-11	0.720186
9.09077e-11	0.716888
9.09501e-11	0.713576
9.09925e-11	0.71025
9.10349e-11	0.706912
9.10773e-11	0.70356
9.11197e-11	0.700194
9.11621e-11	0.696816
9.12046e-11	0.693425
9.1247e-11	0.690022
9.12894e-11	0.686605
9.13318e-11	0.683177
9.13742e-11	0.679736
9.14166e-11	0.676282
9.1459e-11	0.672817
9.15014e-11	0.66934
9.15438e-11	0.665851
9.15862e-11	0.662351
9.16287e-11	0.658839
9.16711e-11	0.655315
9.17135e-11	0.651781
9.17559e-11	0.648235
9.17983e-11	0.644678
9.18407e-11	0.641111
9.18831e-11	0.637533
9.19255e-11	0.633944
9.19679e-11	0.630345
9.20104e-11	0.626736
9.20528e-11	0.623116
9.20952e-11	0.619487
9.21376e-11	0.615847
9.218e-11	0.612198
9.22224e-11	0.60854
9.22648e-11	0.604872
9.23072e-11	0.601194
9.23496e-11	0.597508
9.23921e-11	0.593812
9.24345e-11	0.590108
9.24769e-11	0.586395
9.25193e-11	0.582673
9.25617e-11	0.578943
9.26041e-11	0.575204
9.26465e-11	0.571457
9.26889e-11	0.567703
9.27313e-11	0.56394
9.27738e-11	0.56017
9.28162e-11	0.556392
9.28586e-11	0.552606
9.2901e-11	0.548814
9.29434e-11	0.545014
9.29858e-11	0.541207
9.30282e-11	0.537393
9.30706e-11	0.533572
9.3113e-11	0.529745
9.31555e-11	0.525911
9.31979e-11	0.522071
9.32403e-11	0.518225
9.32827e-11	0.514373
9.33251e-11	0.510514
9.33675e-11	0.50665
9.34099e-11	0.502781
9.34523e-11	0.498906
9.34947e-11	0.495025
9.35371e-11	0.49114
9.35796e-11	0.487249
9.3622e-11	0.483354
9.36644e-11	0.479453
9.37068e-11	0.475548
9.37492e-11	0.471639
9.37916e-11	0.467725
9.3834e-11	0.463807
9.38764e-11	0.459885
9.39188e-11	0.455959
9.39613e-11	0.45203
9.40037e-11	0.448097
9.40461e-11	0.44416
9.40885e-11	0.44022
9.41309e-11	0.436276
9.41733e-11	0.43233
9.42157e-11	0.428381
9.42581e-11	0.424429
9.43005e-11	0.420474
9.4343e-11	0.416517
9.43854e-11	0.412557
9.44278e-11	0.408595
9.44702e-11	0.404632
9.45126e-11	0.400666
9.4555e-11	0.396698
9.45974e-11	0.392729
9.46398e-11	0.388758
9.46822e-11	0.384786
9.47247e-11	0.380813
9.47671e-11	0.376839
9.48095e-11	0.372863
9.48519e-11	0.368887
9.48943e-11	0.36491
9.49367e-11	0.360933
9.49791e-11	0.356955
9.50215e-11	0.352977
9.50639e-11	0.348999
9.51064e-11	0.345021
9.51488e-11	0.341043
9.51912e-11	0.337065
9.52336e-11	0.333088
9.5276e-11	0.329111
9.53184e-11	0.325135
9.53608e-11	0.32116
9.54032e-11	0.317186
9.54456e-11	0.313213
9.5488e-11	0.309241
9.55305e-11	0.305271
9.55729e-11	0.301302
9.56153e-11	0.297335
9.56577e-11	0.293369
9.57001e-11	0.289406
9.57425e-11	0.285444
9.57849e-11	0.281485
9.58273e-11	0.277528
9.58697e-11	0.273574
9.59122e-11	0.269622
9.59546e-11	0.265673
9.5997e-11	0.261726
9.60394e-11	0.257783
9.60818e-11	0.253843
9.61242e-11	0.249906
9.61666e-11	0.245972
9.6209e-11	0.242042
9.62514e-11	0.238115
9.62939e-11	0.234192
9.63363e-11	0.230273
9.63787e-11	0.226358
9.64211e-11	0.222448
9.64635e-11	0.218541
9.65059e-11	0.214639
9.65483e-11	0.210742
9.65907e-11	0.206849
9.66331e-11	0.20296
9.66756e-11	0.199077
9.6718e-11	0.195199
9.67604e-11	0.191326
9.68028e-11	0.187458
9.68452e-11	0.183595
9.68876e-11	0.179738
9.693e-11	0.175887
9.69724e-11	0.172041
9.70148e-11	0.168202
9.70572e-11	0.164368
9.70997e-11	0.16054
9.71421e-11	0.156719
9.71845e-11	0.152904
9.72269e-11	0.149095
9.72693e-11	0.145293
9.73117e-11	0.141498
9.73541e-11	0.137709
9.73965e-11	0.133928
9.74389e-11	0.130153
9.74814e-11	0.126386
9.75238e-11	0.122626
9.75662e-11	0.118873
9.76086e-11	0.115128
9.7651e-11	0.11139
9.76934e-11	0.10766
9.77358e-11	0.103938
9.77782e-11	0.100224
9.78206e-11	0.0965183
9.78631e-11	0.0928205
9.79055e-11	0.0891309
9.79479e-11	0.0854498
9.79903e-11	0.0817771
9.80327e-11	0.0781131
9.80751e-11	0.0744577
9.81175e-11	0.0708112
9.81599e-11	0.0671736
9.82023e-11	0.063545
9.82448e-11	0.0599256
9.82872e-11	0.0563154
9.83296e-11	0.0527145
9.8372e-11	0.0491231
9.84144e-11	0.0455412
9.84568e-11	0.0419689
9.84992e-11	0.0384064
9.85416e-11	0.0348537
9.8584e-11	0.031311
9.86265e-11	0.0277783
9.86689e-11	0.0242558
9.87113e-11	0.0207435
9.87537e-11	0.0172415
9.87961e-11	0.0137499
9.88385e-11	0.0102689
9.88809e-11	0.00679846
9.89233e-11	0.00333874
9.89657e-11	-0.000110171
9.90081e-11	-0.00354819
9.90506e-11	-0.00697522
9.9093e-11	-0.0103912
9.91354e-11	-0.013796
9.91778e-11	-0.0171895
9.92202e-11	-0.0205717
9.92626e-11	-0.0239424
9.9305e-11	-0.0273017
9.93474e-11	-0.0306493
9.93898e-11	-0.0339852
9.94323e-11	-0.0373094
9.94747e-11	-0.0406217
9.95171e-11	-0.043922
9.95595e-11	-0.0472103
9.96019e-11	-0.0504865
9.96443e-11	-0.0537505
9.96867e-11	-0.0570023
9.97291e-11	-0.0602416
9.97715e-11	-0.0634686
9.9814e-11	-0.066683
9.98564e-11	-0.0698848
9.98988e-11	-0.073074
9.99412e-11	-0.0762504
9.99836e-11	-0.079414
1.00026e-10	-0.0825647
1.00068e-10	-0.0857025
1.00111e-10	-0.0888272
1.00153e-10	-0.0919388
1.00196e-10	-0.0950371
1.00238e-10	-0.0981223
1.0028e-10	-0.101194
1.00323e-10	-0.104252
1.00365e-10	-0.107297
1.00408e-10	-0.110329
1.0045e-10	-0.113347
1.00493e-10	-0.116351
1.00535e-10	-0.119341
1.00577e-10	-0.122318
1.0062e-10	-0.12528
1.00662e-10	-0.128229
1.00705e-10	-0.131164
1.00747e-10	-0.134085
1.00789e-10	-0.136991
1.00832e-10	-0.139884
1.00874e-10	-0.142762
1.00917e-10	-0.145626
1.00959e-10	-0.148475
1.01001e-10	-0.151311
1.01044e-10	-0.154131
1.01086e-10	-0.156937
1.01129e-10	-0.159729
1.01171e-10	-0.162506
1.01214e-10	-0.165268
1.01256e-10	-0.168016
1.01298e-10	-0.170748
1.01341e-10	-0.173466
1.01383e-10	-0.176169
1.01426e-10	-0.178857
1.01468e-10	-0.18153
1.0151e-10	-0.184188
1.01553e-10	-0.186831
1.01595e-10	-0.189459
1.01638e-10	-0.192072
1.0168e-10	-0.194669
1.01722e-10	-0.197251
1.01765e-10	-0.199818
1.01807e-10	-0.202369
1.0185e-10	-0.204906
1.01892e-10	-0.207426
1.01934e-10	-0.209931
1.01977e-10	-0.212421
1.02019e-10	-0.214895
1.02062e-10	-0.217353
1.02104e-10	-0.219796
1.02147e-10	-0.222223
1.02189e-10	-0.224635
1.02231e-10	-0.227031
1.02274e-10	-0.229411
1.02316e-10	-0.231775
1.02359e-10	-0.234123
1.02401e-10	-0.236456
1.02443e-10	-0.238772
1.02486e-10	-0.241073
1.02528e-10	-0.243357
1.02571e-10	-0.245626
1.02613e-10	-0.247879
1.02655e-10	-0.250115
1.02698e-10	-0.252336
1.0274e-10	-0.25454
1.02783e-10	-0.256729
1.02825e-10	-0.258901
1.02868e-10	-0.261057
1.0291e-10	-0.263197
1.02952e-10	-0.26532
1.02995e-10	-0.267428
1.03037e-10	-0.269519
1.0308e-10	-0.271594
1.03122e-10	-0.273652
1.03164e-10	-0.275695
1.03207e-10	-0.277721
1.03249e-10	-0.27973
1.03292e-10	-0.281723
1.03334e-10	-0.2837
1.03376e-10	-0.285661
1.03419e-10	-0.287605
1.03461e-10	-0.289533
1.03504e-10	-0.291444
1.03546e-10	-0.293339
1.03589e-10	-0.295217
1.03631e-10	-0.297079
1.03673e-10	-0.298924
1.03716e-10	-0.300753
1.03758e-10	-0.302566
1.03801e-10	-0.304362
1.03843e-10	-0.306141
1.03885e-10	-0.307904
1.03928e-10	-0.309651
1.0397e-10	-0.311381
1.04013e-10	-0.313095
1.04055e-10	-0.314792
1.04097e-10	-0.316472
1.0414e-10	-0.318136
1.04182e-10	-0.319784
1.04225e-10	-0.321415
1.04267e-10	-0.323029
1.0431e-10	-0.324627
1.04352e-10	-0.326208
1.04394e-10	-0.327773
1.04437e-10	-0.329322
1.04479e-10	-0.330854
1.04522e-10	-0.332369
1.04564e-10	-0.333868
1.04606e-10	-0.335351
1.04649e-10	-0.336817
1.04691e-10	-0.338266
1.04734e-10	-0.339699
1.04776e-10	-0.341116
1.04818e-10	-0.342516
1.04861e-10	-0.3439
1.04903e-10	-0.345268
1.04946e-10	-0.346619
1.04988e-10	-0.347953
1.0503e-10	-0.349271
1.05073e-10	-0.350573
1.05115e-10	-0.351859
1.05158e-10	-0.353128
1.052e-10	-0.354381
1.05243e-10	-0.355618
1.05285e-10	-0.356838
1.05327e-10	-0.358042
1.0537e-10	-0.35923
1.05412e-10	-0.360402
1.05455e-10	-0.361557
1.05497e-10	-0.362697
1.05539e-10	-0.36382
1.05582e-10	-0.364927
1.05624e-10	-0.366018
1.05667e-10	-0.367092
1.05709e-10	-0.368151
1.05751e-10	-0.369194
1.05794e-10	-0.370221
1.05836e-10	-0.371231
1.05879e-10	-0.372226
1.05921e-10	-0.373205
1.05964e-10	-0.374168
1.06006e-10	-0.375115
1.06048e-10	-0.376046
1.06091e-10	-0.376961
1.06133e-10	-0.377861
1.06176e-10	-0.378745
1.06218e-10	-0.379613
1.0626e-10	-0.380465
1.06303e-10	-0.381302
1.06345e-10	-0.382123
1.06388e-10	-0.382928
1.0643e-10	-0.383718
1.06472e-10	-0.384492
1.06515e-10	-0.385251
1.06557e-10	-0.385994
1.066e-10	-0.386722
1.06642e-10	-0.387435
1.06685e-10	-0.388132
1.06727e-10	-0.388814
1.06769e-10	-0.389481
1.06812e-10	-0.390132
1.06854e-10	-0.390768
1.06897e-10	-0.391389
1.06939e-10	-0.391995
1.06981e-10	-0.392586
1.07024e-10	-0.393162
1.07066e-10	-0.393722
1.07109e-10	-0.394268
1.07151e-10	-0.394799
1.07193e-10	-0.395315
1.07236e-10	-0.395816
1.07278e-10	-0.396303
1.07321e-10	-0.396774
1.07363e-10	-0.397231
1.07405e-10	-0.397674
1.07448e-10	-0.398101
1.0749e-10	-0.398514
1.07533e-10	-0.398913
1.07575e-10	-0.399297
1.07618e-10	-0.399667
1.0766e-10	-0.400022
1.07702e-10	-0.400363
1.07745e-10	-0.40069
1.07787e-10	-0.401003
1.0783e-10	-0.401301
1.07872e-10	-0.401586
1.07914e-10	-0.401856
1.07957e-10	-0.402112
1.07999e-10	-0.402354
1.08042e-10	-0.402583
1.08084e-10	-0.402797
1.08126e-10	-0.402998
1.08169e-10	-0.403185
1.08211e-10	-0.403358
1.08254e-10	-0.403517
1.08296e-10	-0.403663
1.08339e-10	-0.403796
1.08381e-10	-0.403915
1.08423e-10	-0.40402
1.08466e-10	-0.404112
1.08508e-10	-0.404191
1.08551e-10	-0.404257
1.08593e-10	-0.404309
1.08635e-10	-0.404348
1.08678e-10	-0.404374
1.0872e-10	-0.404387
1.08763e-10	-0.404387
1.08805e-10	-0.404374
1.08847e-10	-0.404349
1.0889e-10	-0.40431
1.08932e-10	-0.404259
1.08975e-10	-0.404195
1.09017e-10	-0.404119
1.0906e-10	-0.40403
1.09102e-10	-0.403928
1.09144e-10	-0.403814
1.09187e-10	-0.403688
1.09229e-10	-0.403549
1.09272e-10	-0.403398
1.09314e-10	-0.403235
1.09356e-10	-0.403059
1.09399e-10	-0.402872
1.09441e-10	-0.402673
1.09484e-10	-0.402461
1.09526e-10	-0.402238
1.09568e-10	-0.402003
1.09611e-10	-0.401756
1.09653e-10	-0.401498
1.09696e-10	-0.401228
1.09738e-10	-0.400946
1.09781e-10	-0.400653
1.09823e-10	-0.400349
1.09865e-10	-0.400033
1.09908e-10	-0.399706
1.0995e-10	-0.399367
1.09993e-10	-0.399018
1.10035e-10	-0.398657
1.10077e-10	-0.398285
1.1012e-10	-0.397903
1.10162e-10	-0.397509
1.10205e-10	-0.397105
1.10247e-10	-0.39669
1.10289e-10	-0.396264
1.10332e-10	-0.395827
1.10374e-10	-0.39538
1.10417e-10	-0.394923
1.10459e-10	-0.394455
1.10501e-10	-0.393976
1.10544e-10	-0.393488
1.10586e-10	-0.392989
1.10629e-10	-0.39248
1.10671e-10	-0.391961
1.10714e-10	-0.391432
1.10756e-10	-0.390893
1.10798e-10	-0.390344
1.10841e-10	-0.389785
1.10883e-10	-0.389216
1.10926e-10	-0.388638
1.10968e-10	-0.388051
1.1101e-10	-0.387453
1.11053e-10	-0.386847
1.11095e-10	-0.38623
1.11138e-10	-0.385605
1.1118e-10	-0.38497
1.11222e-10	-0.384326
1.11265e-10	-0.383673
1.11307e-10	-0.383011
1.1135e-10	-0.38234
1.11392e-10	-0.381661
1.11435e-10	-0.380972
1.11477e-10	-0.380274
1.11519e-10	-0.379568
1.11562e-10	-0.378853
1.11604e-10	-0.37813
1.11647e-10	-0.377398
1.11689e-10	-0.376658
1.11731e-10	-0.37591
1.11774e-10	-0.375153
1.11816e-10	-0.374388
1.11859e-10	-0.373615
1.11901e-10	-0.372833
1.11943e-10	-0.372044
1.11986e-10	-0.371247
1.12028e-10	-0.370442
1.12071e-10	-0.36963
1.12113e-10	-0.368809
1.12156e-10	-0.367981
1.12198e-10	-0.367146
1.1224e-10	-0.366303
1.12283e-10	-0.365453
1.12325e-10	-0.364595
1.12368e-10	-0.36373
1.1241e-10	-0.362858
1.12452e-10	-0.361978
1.12495e-10	-0.361092
1.12537e-10	-0.360199
1.1258e-10	-0.359298
1.12622e-10	-0.358391
1.12664e-10	-0.357477
1.12707e-10	-0.356557
1.12749e-10	-0.35563
1.12792e-10	-0.354696
1.12834e-10	-0.353756
1.12877e-10	-0.352809
1.12919e-10	-0.351856
1.12961e-10	-0.350897
1.13004e-10	-0.349931
1.13046e-10	-0.34896
1.13089e-10	-0.347982
1.13131e-10	-0.346998
1.13173e-10	-0.346009
1.13216e-10	-0.345013
1.13258e-10	-0.344012
1.13301e-10	-0.343005
1.13343e-10	-0.341992
1.13385e-10	-0.340974
1.13428e-10	-0.339951
1.1347e-10	-0.338922
1.13513e-10	-0.337887
1.13555e-10	-0.336847
1.13597e-10	-0.335802
1.1364e-10	-0.334752
1.13682e-10	-0.333697
1.13725e-10	-0.332637
1.13767e-10	-0.331572
1.1381e-10	-0.330502
1.13852e-10	-0.329427
1.13894e-10	-0.328347
1.13937e-10	-0.327263
1.13979e-10	-0.326174
1.14022e-10	-0.325081
1.14064e-10	-0.323983
1.14106e-10	-0.32288
1.14149e-10	-0.321774
1.14191e-10	-0.320663
1.14234e-10	-0.319548
1.14276e-10	-0.318429
1.14318e-10	-0.317305
1.14361e-10	-0.316178
1.14403e-10	-0.315047
1.14446e-10	-0.313912
1.14488e-10	-0.312773
1.14531e-10	-0.31163
1.14573e-10	-0.310484
1.14615e-10	-0.309334
1.14658e-10	-0.30818
1.147e-10	-0.307024
1.14743e-10	-0.305863
1.14785e-10	-0.3047
1.14827e-10	-0.303533
1.1487e-10	-0.302363
1.14912e-10	-0.301189
1.14955e-10	-0.300013
1.14997e-10	-0.298834
1.15039e-10	-0.297651
1.15082e-10	-0.296466
1.15124e-10	-0.295278
1.15167e-10	-0.294087
1.15209e-10	-0.292894
1.15252e-10	-0.291697
1.15294e-10	-0.290499
1.15336e-10	-0.289297
1.15379e-10	-0.288094
1.15421e-10	-0.286888
1.15464e-10	-0.285679
1.15506e-10	-0.284469
1.15548e-10	-0.283256
1.15591e-10	-0.282041
1.15633e-10	-0.280824
1.15676e-10	-0.279605
1.15718e-10	-0.278383
1.1576e-10	-0.27716
1.15803e-10	-0.275936
1.15845e-10	-0.274709
1.15888e-10	-0.273481
1.1593e-10	-0.272251
1.15972e-10	-0.271019
1.16015e-10	-0.269786
1.16057e-10	-0.268551
1.161e-10	-0.267315
1.16142e-10	-0.266078
1.16185e-10	-0.264839
1.16227e-10	-0.263599
1.16269e-10	-0.262358
1.16312e-10	-0.261116
1.16354e-10	-0.259872
1.16397e-10	-0.258628
1.16439e-10	-0.257383
1.16481e-10	-0.256136
1.16524e-10	-0.254889
1.16566e-10	-0.253641
1.16609e-10	-0.252392
1.16651e-10	-0.251143
1.16693e-10	-0.249893
1.16736e-10	-0.248642
1.16778e-10	-0.247391
1.16821e-10	-0.246139
1.16863e-10	-0.244887
1.16906e-10	-0.243635
1.16948e-10	-0.242382
1.1699e-10	-0.241129
1.17033e-10	-0.239876
1.17075e-10	-0.238622
1.17118e-10	-0.237369
1.1716e-10	-0.236115
1.17202e-10	-0.234862
1.17245e-10	-0.233608
1.17287e-10	-0.232355
1.1733e-10	-0.231101
1.17372e-10	-0.229848
1.17414e-10	-0.228595
1.17457e-10	-0.227343
1.17499e-10	-0.226091
1.17542e-10	-0.224839
1.17584e-10	-0.223587
1.17627e-10	-0.222336
1.17669e-10	-0.221086
1.17711e-10	-0.219836
1.17754e-10	-0.218587
1.17796e-10	-0.217339
1.17839e-10	-0.216091
1.17881e-10	-0.214844
1.17923e-10	-0.213598
1.17966e-10	-0.212352
1.18008e-10	-0.211108
1.18051e-10	-0.209864
1.18093e-10	-0.208622
1.18135e-10	-0.207381
1.18178e-10	-0.20614
1.1822e-10	-0.204901
1.18263e-10	-0.203663
1.18305e-10	-0.202426
1.18348e-10	-0.201191
1.1839e-10	-0.199957
1.18432e-10	-0.198724
1.18475e-10	-0.197492
1.18517e-10	-0.196262
1.1856e-10	-0.195033
1.18602e-10	-0.193806
1.18644e-10	-0.192581
1.18687e-10	-0.191357
1.18729e-10	-0.190135
1.18772e-10	-0.188914
1.18814e-10	-0.187695
1.18856e-10	-0.186478
1.18899e-10	-0.185262
1.18941e-10	-0.184049
1.18984e-10	-0.182837
1.19026e-10	-0.181627
1.19068e-10	-0.18042
1.19111e-10	-0.179214
1.19153e-10	-0.17801
1.19196e-10	-0.176808
1.19238e-10	-0.175609
1.19281e-10	-0.174411
1.19323e-10	-0.173216
1.19365e-10	-0.172022
1.19408e-10	-0.170831
1.1945e-10	-0.169643
1.19493e-10	-0.168456
1.19535e-10	-0.167272
1.19577e-10	-0.166091
1.1962e-10	-0.164911
1.19662e-10	-0.163734
1.19705e-10	-0.16256
1.19747e-10	-0.161388
1.19789e-10	-0.160219
1.19832e-10	-0.159052
1.19874e-10	-0.157888
1.19917e-10	-0.156727
1.19959e-10	-0.155568
1.20002e-10	-0.154411
1.20044e-10	-0.153258
1.20086e-10	-0.152107
1.20129e-10	-0.150959
1.20171e-10	-0.149814
1.20214e-10	-0.148672
1.20256e-10	-0.147533
1.20298e-10	-0.146396
1.20341e-10	-0.145263
1.20383e-10	-0.144132
1.20426e-10	-0.143004
1.20468e-10	-0.14188
1.2051e-10	-0.140758
1.20553e-10	-0.13964
1.20595e-10	-0.138524
1.20638e-10	-0.137412
1.2068e-10	-0.136303
1.20723e-10	-0.135197
1.20765e-10	-0.134094
1.20807e-10	-0.132994
1.2085e-10	-0.131898
1.20892e-10	-0.130805
1.20935e-10	-0.129715
1.20977e-10	-0.128629
1.21019e-10	-0.127545
1.21062e-10	-0.126466
1.21104e-10	-0.125389
1.21147e-10	-0.124316
1.21189e-10	-0.123247
1.21231e-10	-0.12218
1.21274e-10	-0.121118
1.21316e-10	-0.120059
1.21359e-10	-0.119003
1.21401e-10	-0.117951
1.21443e-10	-0.116902
1.21486e-10	-0.115857
1.21528e-10	-0.114816
1.21571e-10	-0.113778
1.21613e-10	-0.112744
1.21656e-10	-0.111713
1.21698e-10	-0.110686
1.2174e-10	-0.109663
1.21783e-10	-0.108643
1.21825e-10	-0.107628
1.21868e-10	-0.106616
1.2191e-10	-0.105607
1.21952e-10	-0.104603
1.21995e-10	-0.103602
1.22037e-10	-0.102605
1.2208e-10	-0.101612
1.22122e-10	-0.100623
1.22164e-10	-0.0996372
1.22207e-10	-0.0986556
1.22249e-10	-0.0976779
1.22292e-10	-0.0967041
1.22334e-10	-0.0957342
1.22377e-10	-0.0947682
1.22419e-10	-0.0938062
1.22461e-10	-0.0928481
1.22504e-10	-0.0918939
1.22546e-10	-0.0909437
1.22589e-10	-0.0899976
1.22631e-10	-0.0890554
1.22673e-10	-0.0881172
1.22716e-10	-0.087183
1.22758e-10	-0.0862529
1.22801e-10	-0.0853268
1.22843e-10	-0.0844048
1.22885e-10	-0.0834868
1.22928e-10	-0.0825729
1.2297e-10	-0.0816631
1.23013e-10	-0.0807574
1.23055e-10	-0.0798557
1.23098e-10	-0.0789582
1.2314e-10	-0.0780649
1.23182e-10	-0.0771756
1.23225e-10	-0.0762905
1.23267e-10	-0.0754095
1.2331e-10	-0.0745327
1.23352e-10	-0.0736601
1.23394e-10	-0.0727916
1.23437e-10	-0.0719273
1.23479e-10	-0.0710672
1.23522e-10	-0.0702112
1.23564e-10	-0.0693595
1.23606e-10	-0.068512
1.23649e-10	-0.0676687
1.23691e-10	-0.0668296
1.23734e-10	-0.0659947
1.23776e-10	-0.065164
1.23819e-10	-0.0643376
1.23861e-10	-0.0635154
1.23903e-10	-0.0626975
1.23946e-10	-0.0618838
1.23988e-10	-0.0610743
1.24031e-10	-0.0602691
1.24073e-10	-0.0594681
1.24115e-10	-0.0586714
1.24158e-10	-0.057879
1.242e-10	-0.0570908
1.24243e-10	-0.0563069
1.24285e-10	-0.0555273
1.24327e-10	-0.0547519
1.2437e-10	-0.0539808
1.24412e-10	-0.053214
1.24455e-10	-0.0524515
1.24497e-10	-0.0516932
1.24539e-10	-0.0509392
1.24582e-10	-0.0501895
1.24624e-10	-0.0494441
1.24667e-10	-0.048703
1.24709e-10	-0.0479661
1.24752e-10	-0.0472335
1.24794e-10	-0.0465052
1.24836e-10	-0.0457812
1.24879e-10	-0.0450615
1.24921e-10	-0.044346
1.24964e-10	-0.0436348
1.25006e-10	-0.0429279
1.25048e-10	-0.0422253
1.25091e-10	-0.0415269
1.25133e-10	-0.0408329
1.25176e-10	-0.040143
1.25218e-10	-0.0394575
1.2526e-10	-0.0387762
1.25303e-10	-0.0380992
1.25345e-10	-0.0374264
1.25388e-10	-0.0367579
1.2543e-10	-0.0360937
1.25473e-10	-0.0354337
1.25515e-10	-0.0347779
1.25557e-10	-0.0341264
1.256e-10	-0.0334791
1.25642e-10	-0.0328361
1.25685e-10	-0.0321973
1.25727e-10	-0.0315627
1.25769e-10	-0.0309323
1.25812e-10	-0.0303062
1.25854e-10	-0.0296842
1.25897e-10	-0.0290665
1.25939e-10	-0.028453
1.25981e-10	-0.0278436
1.26024e-10	-0.0272385
1.26066e-10	-0.0266375
1.26109e-10	-0.0260408
1.26151e-10	-0.0254482
1.26194e-10	-0.0248597
1.26236e-10	-0.0242754
1.26278e-10	-0.0236953
1.26321e-10	-0.0231193
1.26363e-10	-0.0225475
1.26406e-10	-0.0219797
1.26448e-10	-0.0214162
1.2649e-10	-0.0208567
1.26533e-10	-0.0203013
1.26575e-10	-0.01975
1.26618e-10	-0.0192029
1.2666e-10	-0.0186598
1.26702e-10	-0.0181208
1.26745e-10	-0.0175858
1.26787e-10	-0.017055
1.2683e-10	-0.0165281
1.26872e-10	-0.0160054
1.26914e-10	-0.0154866
1.26957e-10	-0.0149719
1.26999e-10	-0.0144612
1.27042e-10	-0.0139545
1.27084e-10	-0.0134518
1.27127e-10	-0.0129531
1.27169e-10	-0.0124584
1.27211e-10	-0.0119676
1.27254e-10	-0.0114808
1.27296e-10	-0.010998
1.27339e-10	-0.010519
1.27381e-10	-0.0100441
1.27423e-10	-0.009573
1.27466e-10	-0.00910585
1.27508e-10	-0.00864259
1.27551e-10	-0.00818322
1.27593e-10	-0.00772773
1.27635e-10	-0.0072761
1.27678e-10	-0.00682832
1.2772e-10	-0.00638439
1.27763e-10	-0.00594429
1.27805e-10	-0.00550801
1.27848e-10	-0.00507554
1.2789e-10	-0.00464687
1.27932e-10	-0.00422198
1.27975e-10	-0.00380087
1.28017e-10	-0.00338352
1.2806e-10	-0.00296992
1.28102e-10	-0.00256006
1.28144e-10	-0.00215392
1.28187e-10	-0.0017515
1.28229e-10	-0.00135277
1.28272e-10	-0.000957739
1.28314e-10	-0.000566382
1.28356e-10	-0.000178688
1.28399e-10	0.000205355
1.28441e-10	0.00058576
1.28484e-10	0.00096254
1.28526e-10	0.00133571
1.28569e-10	0.00170528
1.28611e-10	0.00207126
1.28653e-10	0.00243367
1.28696e-10	0.00279252
1.28738e-10	0.00314782
1.28781e-10	0.00349959
1.28823e-10	0.00384784
1.28865e-10	0.00419259
1.28908e-10	0.00453384
1.2895e-10	0.00487162
1.28993e-10	0.00520593
1.29035e-10	0.00553679
1.29077e-10	0.00586422
1.2912e-10	0.00618822
1.29162e-10	0.00650881
1.29205e-10	0.00682601
1.29247e-10	0.00713983
1.2929e-10	0.00745028
1.29332e-10	0.00775738
1.29374e-10	0.00806114
1.29417e-10	0.00836158
1.29459e-10	0.00865871
1.29502e-10	0.00895255
1.29544e-10	0.00924311
1.29586e-10	0.0095304
1.29629e-10	0.00981444
1.29671e-10	0.0100953
1.29714e-10	0.0103728
1.29756e-10	0.0106472
1.29798e-10	0.0109184
1.29841e-10	0.0111864
1.29883e-10	0.0114513
1.29926e-10	0.011713
1.29968e-10	0.0119716
1.3001e-10	0.012227
1.30053e-10	0.0124794
1.30095e-10	0.0127287
1.30138e-10	0.0129749
1.3018e-10	0.013218
1.30223e-10	0.0134581
1.30265e-10	0.0136952
1.30307e-10	0.0139293
1.3035e-10	0.0141603
1.30392e-10	0.0143884
1.30435e-10	0.0146136
1.30477e-10	0.0148358
1.30519e-10	0.015055
1.30562e-10	0.0152714
1.30604e-10	0.0154848
1.30647e-10	0.0156954
1.30689e-10	0.015903
1.30731e-10	0.0161079
1.30774e-10	0.0163099
1.30816e-10	0.016509
1.30859e-10	0.0167054
1.30901e-10	0.0168989
1.30944e-10	0.0170897
1.30986e-10	0.0172778
1.31028e-10	0.017463
1.31071e-10	0.0176456
1.31113e-10	0.0178254
1.31156e-10	0.0180026
1.31198e-10	0.018177
1.3124e-10	0.0183488
1.31283e-10	0.018518
1.31325e-10	0.0186845
1.31368e-10	0.0188484
1.3141e-10	0.0190096
1.31452e-10	0.0191683
1.31495e-10	0.0193245
1.31537e-10	0.019478
1.3158e-10	0.0196291
1.31622e-10	0.0197776
1.31665e-10	0.0199236
1.31707e-10	0.0200671
1.31749e-10	0.0202081
1.31792e-10	0.0203466
1.31834e-10	0.0204828
1.31877e-10	0.0206164
1.31919e-10	0.0207477
1.31961e-10	0.0208766
1.32004e-10	0.0210031
1.32046e-10	0.0211272
1.32089e-10	0.021249
1.32131e-10	0.0213684
1.32173e-10	0.0214855
1.32216e-10	0.0216003
1.32258e-10	0.0217129
1.32301e-10	0.0218231
1.32343e-10	0.0219311
1.32385e-10	0.0220369
1.32428e-10	0.0221404
1.3247e-10	0.0222417
1.32513e-10	0.0223408
1.32555e-10	0.0224378
1.32598e-10	0.0225325
1.3264e-10	0.0226252
1.32682e-10	0.0227157
1.32725e-10	0.022804
1.32767e-10	0.0228903
1.3281e-10	0.0229745
1.32852e-10	0.0230566
1.32894e-10	0.0231367
1.32937e-10	0.0232147
1.32979e-10	0.0232907
1.33022e-10	0.0233647
1.33064e-10	0.0234367
1.33106e-10	0.0235068
1.33149e-10	0.0235748
1.33191e-10	0.0236409
1.33234e-10	0.0237051
1.33276e-10	0.0237674
1.33319e-10	0.0238277
1.33361e-10	0.0238862
1.33403e-10	0.0239428
1.33446e-10	0.0239975
1.33488e-10	0.0240504
1.33531e-10	0.0241015
1.33573e-10	0.0241507
1.33615e-10	0.0241982
1.33658e-10	0.0242439
1.337e-10	0.0242878
1.33743e-10	0.0243299
1.33785e-10	0.0243704
1.33827e-10	0.0244091
1.3387e-10	0.024446
1.33912e-10	0.0244813
1.33955e-10	0.0245149
1.33997e-10	0.0245469
1.3404e-10	0.0245772
1.34082e-10	0.0246058
1.34124e-10	0.0246329
1.34167e-10	0.0246583
1.34209e-10	0.0246821
1.34252e-10	0.0247044
1.34294e-10	0.0247251
1.34336e-10	0.0247442
1.34379e-10	0.0247618
1.34421e-10	0.0247779
1.34464e-10	0.0247925
1.34506e-10	0.0248056
1.34548e-10	0.0248172
1.34591e-10	0.0248273
1.34633e-10	0.024836
1.34676e-10	0.0248432
1.34718e-10	0.0248491
1.34761e-10	0.0248535
1.34803e-10	0.0248565
1.34845e-10	0.0248581
1.34888e-10	0.0248584
1.3493e-10	0.0248573
1.34973e-10	0.0248549
1.35015e-10	0.0248511
1.35057e-10	0.024846
1.351e-10	0.0248397
1.35142e-10	0.024832
1.35185e-10	0.024823
1.35227e-10	0.0248128
1.35269e-10	0.0248014
1.35312e-10	0.0247887
1.35354e-10	0.0247748
1.35397e-10	0.0247597
1.35439e-10	0.0247433
1.35481e-10	0.0247258
1.35524e-10	0.0247072
1.35566e-10	0.0246873
1.35609e-10	0.0246664
1.35651e-10	0.0246442
1.35694e-10	0.024621
1.35736e-10	0.0245967
1.35778e-10	0.0245712
1.35821e-10	0.0245447
1.35863e-10	0.0245171
1.35906e-10	0.0244885
1.35948e-10	0.0244588
1.3599e-10	0.0244281
1.36033e-10	0.0243963
1.36075e-10	0.0243636
1.36118e-10	0.0243298
1.3616e-10	0.0242951
1.36202e-10	0.0242594
1.36245e-10	0.0242227
1.36287e-10	0.0241851
1.3633e-10	0.0241466
1.36372e-10	0.0241071
1.36415e-10	0.0240667
1.36457e-10	0.0240254
1.36499e-10	0.0239832
1.36542e-10	0.0239401
1.36584e-10	0.0238962
1.36627e-10	0.0238514
1.36669e-10	0.0238058
1.36711e-10	0.0237593
1.36754e-10	0.023712
1.36796e-10	0.0236639
1.36839e-10	0.023615
1.36881e-10	0.0235653
1.36923e-10	0.0235148
1.36966e-10	0.0234636
1.37008e-10	0.0234116
1.37051e-10	0.0233588
1.37093e-10	0.0233053
1.37136e-10	0.0232511
1.37178e-10	0.0231962
1.3722e-10	0.0231406
1.37263e-10	0.0230843
1.37305e-10	0.0230273
1.37348e-10	0.0229696
1.3739e-10	0.0229113
1.37432e-10	0.0228523
1.37475e-10	0.0227926
1.37517e-10	0.0227324
1.3756e-10	0.0226715
1.37602e-10	0.02261
1.37644e-10	0.0225479
1.37687e-10	0.0224852
1.37729e-10	0.0224219
1.37772e-10	0.0223581
1.37814e-10	0.0222937
1.37856e-10	0.0222287
1.37899e-10	0.0221632
1.37941e-10	0.0220972
1.37984e-10	0.0220306
1.38026e-10	0.0219635
1.38069e-10	0.0218959
1.38111e-10	0.0218279
1.38153e-10	0.0217593
1.38196e-10	0.0216902
1.38238e-10	0.0216207
1.38281e-10	0.0215507
1.38323e-10	0.0214803
1.38365e-10	0.0214094
1.38408e-10	0.0213381
1.3845e-10	0.0212664
1.38493e-10	0.0211942
1.38535e-10	0.0211216
1.38577e-10	0.0210487
1.3862e-10	0.0209753
1.38662e-10	0.0209016
1.38705e-10	0.0208275
1.38747e-10	0.020753
1.3879e-10	0.0206782
1.38832e-10	0.020603
1.38874e-10	0.0205274
1.38917e-10	0.0204516
1.38959e-10	0.0203754
1.39002e-10	0.0202989
1.39044e-10	0.0202221
1.39086e-10	0.020145
1.39129e-10	0.0200675
1.39171e-10	0.0199898
1.39214e-10	0.0199119
1.39256e-10	0.0198336
1.39298e-10	0.0197551
1.39341e-10	0.0196763
1.39383e-10	0.0195973
1.39426e-10	0.019518
1.39468e-10	0.0194385
1.39511e-10	0.0193588
1.39553e-10	0.0192789
1.39595e-10	0.0191987
1.39638e-10	0.0191184
1.3968e-10	0.0190378
1.39723e-10	0.018957
1.39765e-10	0.0188761
1.39807e-10	0.018795
1.3985e-10	0.0187137
1.39892e-10	0.0186322
1.39935e-10	0.0185506
1.39977e-10	0.0184689
1.40019e-10	0.0183869
1.40062e-10	0.0183049
1.40104e-10	0.0182227
1.40147e-10	0.0181404
1.40189e-10	0.018058
1.40232e-10	0.0179754
1.40274e-10	0.0178928
1.40316e-10	0.01781
1.40359e-10	0.0177272
1.40401e-10	0.0176442
1.40444e-10	0.0175612
1.40486e-10	0.0174781
1.40528e-10	0.0173949
1.40571e-10	0.0173117
1.40613e-10	0.0172284
1.40656e-10	0.017145
1.40698e-10	0.0170616
1.4074e-10	0.0169782
1.40783e-10	0.0168947
1.40825e-10	0.0168112
1.40868e-10	0.0167277
1.4091e-10	0.0166441
1.40952e-10	0.0165605
1.40995e-10	0.0164769
1.41037e-10	0.0163933
1.4108e-10	0.0163097
1.41122e-10	0.0162261
1.41165e-10	0.0161425
1.41207e-10	0.0160589
1.41249e-10	0.0159754
1.41292e-10	0.0158918
1.41334e-10	0.0158083
1.41377e-10	0.0157248
1.41419e-10	0.0156414
1.41461e-10	0.015558
1.41504e-10	0.0154747
1.41546e-10	0.0153914
1.41589e-10	0.0153081
1.41631e-10	0.0152249
1.41673e-10	0.0151418
1.41716e-10	0.0150588
1.41758e-10	0.0149758
1.41801e-10	0.0148929
1.41843e-10	0.0148101
1.41886e-10	0.0147274
1.41928e-10	0.0146447
1.4197e-10	0.0145622
1.42013e-10	0.0144797
1.42055e-10	0.0143974
1.42098e-10	0.0143151
1.4214e-10	0.014233
1.42182e-10	0.014151
1.42225e-10	0.0140691
1.42267e-10	0.0139873
1.4231e-10	0.0139057
1.42352e-10	0.0138241
1.42394e-10	0.0137427
1.42437e-10	0.0136615
1.42479e-10	0.0135804
1.42522e-10	0.0134994
1.42564e-10	0.0134185
1.42607e-10	0.0133379
1.42649e-10	0.0132573
1.42691e-10	0.0131769
1.42734e-10	0.0130967
1.42776e-10	0.0130167
1.42819e-10	0.0129368
1.42861e-10	0.012857
1.42903e-10	0.0127775
1.42946e-10	0.0126981
1.42988e-10	0.0126189
1.43031e-10	0.0125399
1.43073e-10	0.012461
1.43115e-10	0.0123824
1.43158e-10	0.0123039
1.432e-10	0.0122256
1.43243e-10	0.0121475
1.43285e-10	0.0120696
1.43327e-10	0.0119919
1.4337e-10	0.0119145
1.43412e-10	0.0118372
1.43455e-10	0.0117601
1.43497e-10	0.0116832
1.4354e-10	0.0116065
1.43582e-10	0.0115301
1.43624e-10	0.0114539
1.43667e-10	0.0113778
1.43709e-10	0.0113021
1.43752e-10	0.0112265
1.43794e-10	0.0111511
1.43836e-10	0.011076
1.43879e-10	0.0110011
1.43921e-10	0.0109265
1.43964e-10	0.010852
1.44006e-10	0.0107778
1.44048e-10	0.0107039
1.44091e-10	0.0106301
1.44133e-10	0.0105567
1.44176e-10	0.0104834
1.44218e-10	0.0104104
1.44261e-10	0.0103377
1.44303e-10	0.0102652
1.44345e-10	0.0101929
1.44388e-10	0.0101209
1.4443e-10	0.0100492
1.44473e-10	0.0099777
1.44515e-10	0.00990646
1.44557e-10	0.00983548
1.446e-10	0.00976476
1.44642e-10	0.00969429
1.44685e-10	0.00962409
1.44727e-10	0.00955416
1.44769e-10	0.00948448
1.44812e-10	0.00941507
1.44854e-10	0.00934593
1.44897e-10	0.00927706
1.44939e-10	0.00920845
1.44982e-10	0.00914012
1.45024e-10	0.00907206
1.45066e-10	0.00900427
1.45109e-10	0.00893675
1.45151e-10	0.00886951
1.45194e-10	0.00880255
1.45236e-10	0.00873586
1.45278e-10	0.00866945
1.45321e-10	0.00860332
1.45363e-10	0.00853747
1.45406e-10	0.0084719
1.45448e-10	0.00840662
1.4549e-10	0.00834161
1.45533e-10	0.00827689
1.45575e-10	0.00821245
1.45618e-10	0.0081483
1.4566e-10	0.00808443
1.45703e-10	0.00802085
1.45745e-10	0.00795755
1.45787e-10	0.00789455
1.4583e-10	0.00783183
1.45872e-10	0.0077694
1.45915e-10	0.00770726
1.45957e-10	0.00764541
1.45999e-10	0.00758385
1.46042e-10	0.00752258
1.46084e-10	0.0074616
1.46127e-10	0.00740092
1.46169e-10	0.00734052
1.46211e-10	0.00728042
1.46254e-10	0.00722062
1.46296e-10	0.0071611
1.46339e-10	0.00710188
1.46381e-10	0.00704295
1.46423e-10	0.00698432
1.46466e-10	0.00692599
1.46508e-10	0.00686794
1.46551e-10	0.0068102
1.46593e-10	0.00675274
1.46636e-10	0.00669559
1.46678e-10	0.00663873
1.4672e-10	0.00658216
1.46763e-10	0.00652589
1.46805e-10	0.00646992
1.46848e-10	0.00641424
1.4689e-10	0.00635886
1.46932e-10	0.00630377
1.46975e-10	0.00624898
1.47017e-10	0.00619449
1.4706e-10	0.00614029
1.47102e-10	0.00608639
1.47144e-10	0.00603279
1.47187e-10	0.00597948
1.47229e-10	0.00592646
1.47272e-10	0.00587375
1.47314e-10	0.00582132
1.47357e-10	0.00576919
1.47399e-10	0.00571736
1.47441e-10	0.00566582
1.47484e-10	0.00561458
1.47526e-10	0.00556363
1.47569e-10	0.00551298
1.47611e-10	0.00546262
1.47653e-10	0.00541255
1.47696e-10	0.00536278
1.47738e-10	0.0053133
1.47781e-10	0.00526411
1.47823e-10	0.00521521
1.47865e-10	0.00516661
1.47908e-10	0.0051183
1.4795e-10	0.00507027
1.47993e-10	0.00502254
1.48035e-10	0.0049751
1.48078e-10	0.00492795
1.4812e-10	0.00488109
1.48162e-10	0.00483452
1.48205e-10	0.00478824
1.48247e-10	0.00474224
1.4829e-10	0.00469654
1.48332e-10	0.00465112
1.48374e-10	0.00460598
1.48417e-10	0.00456113
1.48459e-10	0.00451657
1.48502e-10	0.00447229
1.48544e-10	0.0044283
1.48586e-10	0.00438459
1.48629e-10	0.00434116
1.48671e-10	0.00429802
1.48714e-10	0.00425515
1.48756e-10	0.00421257
1.48798e-10	0.00417027
1.48841e-10	0.00412825
1.48883e-10	0.00408651
1.48926e-10	0.00404504
1.48968e-10	0.00400385
1.49011e-10	0.00396294
1.49053e-10	0.00392231
1.49095e-10	0.00388195
1.49138e-10	0.00384187
1.4918e-10	0.00380206
1.49223e-10	0.00376252
1.49265e-10	0.00372326
1.49307e-10	0.00368427
1.4935e-10	0.00364555
1.49392e-10	0.0036071
1.49435e-10	0.00356891
1.49477e-10	0.003531
1.49519e-10	0.00349336
1.49562e-10	0.00345598
1.49604e-10	0.00341886
1.49647e-10	0.00338202
1.49689e-10	0.00334543
1.49732e-10	0.00330911
1.49774e-10	0.00327306
1.49816e-10	0.00323726
1.49859e-10	0.00320173
1.49901e-10	0.00316645
1.49944e-10	0.00313144
1.49986e-10	0.00309668
1.50028e-10	0.00306218
1.50071e-10	0.00302793
1.50113e-10	0.00299394
1.50156e-10	0.00296021
1.50198e-10	0.00292673
1.5024e-10	0.0028935
1.50283e-10	0.00286052
1.50325e-10	0.00282779
1.50368e-10	0.00279531
1.5041e-10	0.00276309
1.50453e-10	0.0027311
1.50495e-10	0.00269937
1.50537e-10	0.00266788
1.5058e-10	0.00263664
1.50622e-10	0.00260564
1.50665e-10	0.00257488
1.50707e-10	0.00254436
1.50749e-10	0.00251409
1.50792e-10	0.00248405
1.50834e-10	0.00245425
1.50877e-10	0.00242469
1.50919e-10	0.00239537
1.50961e-10	0.00236628
1.51004e-10	0.00233743
1.51046e-10	0.00230881
1.51089e-10	0.00228042
1.51131e-10	0.00225226
1.51174e-10	0.00222434
1.51216e-10	0.00219664
1.51258e-10	0.00216917
1.51301e-10	0.00214193
1.51343e-10	0.00211492
1.51386e-10	0.00208813
1.51428e-10	0.00206156
1.5147e-10	0.00203522
1.51513e-10	0.0020091
1.51555e-10	0.0019832
1.51598e-10	0.00195752
1.5164e-10	0.00193205
1.51682e-10	0.00190681
1.51725e-10	0.00188178
1.51767e-10	0.00185697
1.5181e-10	0.00183237
1.51852e-10	0.00180798
1.51894e-10	0.00178381
1.51937e-10	0.00175985
1.51979e-10	0.00173609
1.52022e-10	0.00171255
1.52064e-10	0.00168921
1.52107e-10	0.00166608
1.52149e-10	0.00164316
1.52191e-10	0.00162044
1.52234e-10	0.00159792
1.52276e-10	0.00157561
1.52319e-10	0.0015535
1.52361e-10	0.00153158
1.52403e-10	0.00150987
1.52446e-10	0.00148835
1.52488e-10	0.00146703
1.52531e-10	0.00144591
1.52573e-10	0.00142498
1.52615e-10	0.00140425
1.52658e-10	0.0013837
1.527e-10	0.00136335
1.52743e-10	0.00134319
1.52785e-10	0.00132321
1.52828e-10	0.00130343
1.5287e-10	0.00128383
1.52912e-10	0.00126442
1.52955e-10	0.00124519
1.52997e-10	0.00122615
1.5304e-10	0.00120728
1.53082e-10	0.0011886
1.53124e-10	0.0011701
1.53167e-10	0.00115178
1.53209e-10	0.00113364
1.53252e-10	0.00111567
1.53294e-10	0.00109788
1.53336e-10	0.00108027
1.53379e-10	0.00106282
1.53421e-10	0.00104555
1.53464e-10	0.00102846
1.53506e-10	0.00101153
1.53549e-10	0.000994771
1.53591e-10	0.000978181
1.53633e-10	0.000961759
1.53676e-10	0.000945502
1.53718e-10	0.000929411
1.53761e-10	0.000913484
1.53803e-10	0.000897719
1.53845e-10	0.000882117
1.53888e-10	0.000866675
1.5393e-10	0.000851393
1.53973e-10	0.00083627
1.54015e-10	0.000821304
1.54057e-10	0.000806494
1.541e-10	0.000791841
1.54142e-10	0.000777341
1.54185e-10	0.000762995
1.54227e-10	0.000748801
1.54269e-10	0.000734759
1.54312e-10	0.000720867
1.54354e-10	0.000707124
1.54397e-10	0.000693529
1.54439e-10	0.000680081
1.54482e-10	0.000666779
1.54524e-10	0.000653622
1.54566e-10	0.00064061
1.54609e-10	0.00062774
1.54651e-10	0.000615012
1.54694e-10	0.000602425
1.54736e-10	0.000589979
1.54778e-10	0.000577671
1.54821e-10	0.000565501
1.54863e-10	0.000553467
1.54906e-10	0.00054157
1.54948e-10	0.000529808
1.5499e-10	0.000518179
1.55033e-10	0.000506684
1.55075e-10	0.00049532
1.55118e-10	0.000484088
1.5516e-10	0.000472985
1.55203e-10	0.000462011
1.55245e-10	0.000451165
1.55287e-10	0.000440446
1.5533e-10	0.000429853
1.55372e-10	0.000419386
1.55415e-10	0.000409042
1.55457e-10	0.000398821
1.55499e-10	0.000388723
1.55542e-10	0.000378746
1.55584e-10	0.000368889
1.55627e-10	0.000359151
1.55669e-10	0.000349532
1.55711e-10	0.00034003
1.55754e-10	0.000330645
1.55796e-10	0.000321376
1.55839e-10	0.000312221
1.55881e-10	0.000303179
1.55924e-10	0.000294251
1.55966e-10	0.000285434
1.56008e-10	0.000276729
1.56051e-10	0.000268133
1.56093e-10	0.000259647
1.56136e-10	0.000251269
1.56178e-10	0.000242998
1.5622e-10	0.000234834
1.56263e-10	0.000226775
1.56305e-10	0.000218821
1.56348e-10	0.000210971
1.5639e-10	0.000203224
1.56432e-10	0.000195578
1.56475e-10	0.000188034
1.56517e-10	0.000180591
1.5656e-10	0.000173247
1.56602e-10	0.000166001
1.56645e-10	0.000158853
1.56687e-10	0.000151802
1.56729e-10	0.000144847
1.56772e-10	0.000137988
1.56814e-10	0.000131222
1.56857e-10	0.000124551
1.56899e-10	0.000117972
1.56941e-10	0.000111485
1.56984e-10	0.000105089
1.57026e-10	9.87828e-05
1.57069e-10	9.25665e-05
1.57111e-10	8.64389e-05
1.57153e-10	8.0399e-05
1.57196e-10	7.44463e-05
1.57238e-10	6.85798e-05
1.57281e-10	6.27987e-05
1.57323e-10	5.71023e-05
1.57365e-10	5.14898e-05
1.57408e-10	4.59604e-05
1.5745e-10	4.05134e-05
1.57493e-10	3.51479e-05
1.57535e-10	2.98632e-05
1.57578e-10	2.46586e-05
1.5762e-10	1.95332e-05
1.57662e-10	1.44864e-05
1.57705e-10	9.5174e-06
1.57747e-10	4.62543e-06
1.5779e-10	-1.90248e-07
1.57832e-10	-4.93035e-06
1.57874e-10	-9.59562e-06
1.57917e-10	-1.41868e-05
1.57959e-10	-1.87045e-05
1.58002e-10	-2.31496e-05
1.58044e-10	-2.75228e-05
1.58086e-10	-3.18246e-05
1.58129e-10	-3.6056e-05
1.58171e-10	-4.02175e-05
1.58214e-10	-4.43098e-05
1.58256e-10	-4.83337e-05
1.58299e-10	-5.22899e-05
1.58341e-10	-5.61789e-05
1.58383e-10	-6.00015e-05
1.58426e-10	-6.37585e-05
1.58468e-10	-6.74503e-05
1.58511e-10	-7.10778e-05
1.58553e-10	-7.46415e-05
1.58595e-10	-7.81422e-05
1.58638e-10	-8.15804e-05
1.5868e-10	-8.49569e-05
1.58723e-10	-8.82723e-05
1.58765e-10	-9.15272e-05
1.58807e-10	-9.47222e-05
1.5885e-10	-9.7858e-05
1.58892e-10	-0.000100935
1.58935e-10	-0.000103955
1.58977e-10	-0.000106917
1.5902e-10	-0.000109822
1.59062e-10	-0.000112671
1.59104e-10	-0.000115465
1.59147e-10	-0.000118203
1.59189e-10	-0.000120888
1.59232e-10	-0.000123518
1.59274e-10	-0.000126096
1.59316e-10	-0.000128621
1.59359e-10	-0.000131094
1.59401e-10	-0.000133516
1.59444e-10	-0.000135887
1.59486e-10	-0.000138208
1.59528e-10	-0.000140479
1.59571e-10	-0.000142701
1.59613e-10	-0.000144874
1.59656e-10	-0.000147
1.59698e-10	-0.000149078
1.5974e-10	-0.000151109
1.59783e-10	-0.000153094
1.59825e-10	-0.000155033
1.59868e-10	-0.000156927
1.5991e-10	-0.000158776
1.59953e-10	-0.000160581
1.59995e-10	-0.000162342
1.60037e-10	-0.00016406
1.6008e-10	-0.000165735
1.60122e-10	-0.000167369
1.60165e-10	-0.00016896
1.60207e-10	-0.00017051
1.60249e-10	-0.00017202
1.60292e-10	-0.00017349
1.60334e-10	-0.00017492
1.60377e-10	-0.000176311
1.60419e-10	-0.000177663
1.60461e-10	-0.000178977
1.60504e-10	-0.000180253
1.60546e-10	-0.000181492
1.60589e-10	-0.000182694
1.60631e-10	-0.00018386
1.60674e-10	-0.00018499
1.60716e-10	-0.000186084
1.60758e-10	-0.000187144
1.60801e-10	-0.000188169
1.60843e-10	-0.00018916
1.60886e-10	-0.000190117
1.60928e-10	-0.000191042
1.6097e-10	-0.000191933
1.61013e-10	-0.000192792
1.61055e-10	-0.00019362
1.61098e-10	-0.000194415
1.6114e-10	-0.00019518
1.61182e-10	-0.000195914
1.61225e-10	-0.000196618
1.61267e-10	-0.000197292
1.6131e-10	-0.000197937
1.61352e-10	-0.000198553
1.61395e-10	-0.00019914
1.61437e-10	-0.000199699
1.61479e-10	-0.00020023
1.61522e-10	-0.000200734
1.61564e-10	-0.000201211
1.61607e-10	-0.000201661
1.61649e-10	-0.000202085
1.61691e-10	-0.000202482
1.61734e-10	-0.000202855
1.61776e-10	-0.000203202
1.61819e-10	-0.000203524
1.61861e-10	-0.000203822
1.61903e-10	-0.000204096
1.61946e-10	-0.000204346
1.61988e-10	-0.000204573
1.62031e-10	-0.000204777
1.62073e-10	-0.000204958
1.62116e-10	-0.000205117
1.62158e-10	-0.000205253
1.622e-10	-0.000205369
1.62243e-10	-0.000205462
1.62285e-10	-0.000205535
1.62328e-10	-0.000205587
1.6237e-10	-0.000205619
1.62412e-10	-0.000205631
1.62455e-10	-0.000205623
1.62497e-10	-0.000205595
1.6254e-10	-0.000205549
1.62582e-10	-0.000205484
1.62624e-10	-0.0002054
1.62667e-10	-0.000205298
1.62709e-10	-0.000205178
1.62752e-10	-0.000205041
1.62794e-10	-0.000204886
1.62836e-10	-0.000204715
1.62879e-10	-0.000204527
1.62921e-10	-0.000204322
1.62964e-10	-0.000204101
1.63006e-10	-0.000203864
1.63049e-10	-0.000203612
1.63091e-10	-0.000203344
1.63133e-10	-0.000203061
1.63176e-10	-0.000202764
1.63218e-10	-0.000202452
1.63261e-10	-0.000202126
1.63303e-10	-0.000201786
1.63345e-10	-0.000201432
1.63388e-10	-0.000201064
1.6343e-10	-0.000200683
1.63473e-10	-0.00020029
1.63515e-10	-0.000199883
1.63557e-10	-0.000199464
1.636e-10	-0.000199033
1.63642e-10	-0.00019859
1.63685e-10	-0.000198135
1.63727e-10	-0.000197669
1.6377e-10	-0.000197191
1.63812e-10	-0.000196702
1.63854e-10	-0.000196202
1.63897e-10	-0.000195692
1.63939e-10	-0.000195171
1.63982e-10	-0.00019464
1.64024e-10	-0.000194098
1.64066e-10	-0.000193548
1.64109e-10	-0.000192987
1.64151e-10	-0.000192417
1.64194e-10	-0.000191838
1.64236e-10	-0.00019125
1.64278e-10	-0.000190654
1.64321e-10	-0.000190049
1.64363e-10	-0.000189435
1.64406e-10	-0.000188813
1.64448e-10	-0.000188184
1.64491e-10	-0.000187546
1.64533e-10	-0.000186901
1.64575e-10	-0.000186248
1.64618e-10	-0.000185589
1.6466e-10	-0.000184922
1.64703e-10	-0.000184248
1.64745e-10	-0.000183568
1.64787e-10	-0.000182881
1.6483e-10	-0.000182188
1.64872e-10	-0.000181488
1.64915e-10	-0.000180783
1.64957e-10	-0.000180072
1.64999e-10	-0.000179355
1.65042e-10	-0.000178632
1.65084e-10	-0.000177904
1.65127e-10	-0.000177171
1.65169e-10	-0.000176433
1.65211e-10	-0.00017569
1.65254e-10	-0.000174943
1.65296e-10	-0.00017419
1.65339e-10	-0.000173434
1.65381e-10	-0.000172673
1.65424e-10	-0.000171907
1.65466e-10	-0.000171138
1.65508e-10	-0.000170365
1.65551e-10	-0.000169588
1.65593e-10	-0.000168808
1.65636e-10	-0.000168024
1.65678e-10	-0.000167237
1.6572e-10	-0.000166446
1.65763e-10	-0.000165653
1.65805e-10	-0.000164856
1.65848e-10	-0.000164057
1.6589e-10	-0.000163255
1.65932e-10	-0.000162451
1.65975e-10	-0.000161644
1.66017e-10	-0.000160834
1.6606e-10	-0.000160023
1.66102e-10	-0.000159209
1.66145e-10	-0.000158394
1.66187e-10	-0.000157576
1.66229e-10	-0.000156757
1.66272e-10	-0.000155936
1.66314e-10	-0.000155113
1.66357e-10	-0.00015429
1.66399e-10	-0.000153464
1.66441e-10	-0.000152638
1.66484e-10	-0.00015181
1.66526e-10	-0.000150982
1.66569e-10	-0.000150152
1.66611e-10	-0.000149322
1.66653e-10	-0.000148491
1.66696e-10	-0.000147659
1.66738e-10	-0.000146827
1.66781e-10	-0.000145994
1.66823e-10	-0.000145161
1.66866e-10	-0.000144327
1.66908e-10	-0.000143493
1.6695e-10	-0.00014266
1.66993e-10	-0.000141826
1.67035e-10	-0.000140992
1.67078e-10	-0.000140159
1.6712e-10	-0.000139325
1.67162e-10	-0.000138492
1.67205e-10	-0.000137659
1.67247e-10	-0.000136827
1.6729e-10	-0.000135995
1.67332e-10	-0.000135164
1.67374e-10	-0.000134334
1.67417e-10	-0.000133504
1.67459e-10	-0.000132675
1.67502e-10	-0.000131847
1.67544e-10	-0.00013102
1.67587e-10	-0.000130194
1.67629e-10	-0.000129369
1.67671e-10	-0.000128545
1.67714e-10	-0.000127722
1.67756e-10	-0.000126901
1.67799e-10	-0.00012608
1.67841e-10	-0.000125262
1.67883e-10	-0.000124444
1.67926e-10	-0.000123629
1.67968e-10	-0.000122814
1.68011e-10	-0.000122002
1.68053e-10	-0.000121191
1.68095e-10	-0.000120382
1.68138e-10	-0.000119574
1.6818e-10	-0.000118769
1.68223e-10	-0.000117965
1.68265e-10	-0.000117163
1.68307e-10	-0.000116363
1.6835e-10	-0.000115565
1.68392e-10	-0.00011477
1.68435e-10	-0.000113976
1.68477e-10	-0.000113184
1.6852e-10	-0.000112395
