% time-domain voltage integration by openEMS v0.0.36-93-g7b9cd51 @Thu Sep 24 15:43:16 2026
% start-coordinates: (0.007,0,0.000106593) m -> [10,3,5]
% stop-coordinates: (0.007,0,0.0021) m -> [10,3,7]
% t/s	voltage
0	-0
3.64733383673e-12	-3.62190899494e-07
7.29466767346e-12	-3.13151417686e-07
1.09420015102e-11	1.07809320582e-07
1.45893353469e-11	1.59494305763e-06
1.82366691837e-11	5.06033632064e-06
2.18840030204e-11	1.14887684504e-05
2.55313368571e-11	2.10479975067e-05
2.91786706939e-11	3.16519849548e-05
3.28260045306e-11	3.73195907741e-05
3.64733383673e-11	2.70841273959e-05
4.0120672204e-11	-1.36864725846e-05
4.37680060408e-11	-9.80884979072e-05
4.74153398775e-11	-0.000228741624596
5.10626737142e-11	-0.00038759128438
5.4710007551e-11	-0.000530025201442
5.83573413877e-11	-0.000589937233599
6.20046752244e-11	-0.000499191046401
6.56520090612e-11	-0.00021798745729
6.92993428979e-11	0.000235546798649
7.29466767346e-11	0.000772793471697
7.65940105714e-11	0.0012511768582
8.02413444081e-11	0.00151923773228
8.38886782448e-11	0.00147444821778
8.75360120816e-11	0.00110831015627
9.11833459183e-11	0.000516447791597
9.4830679755e-11	-0.000133000423375
9.84780135918e-11	-0.000659751414787
1.02125347428e-10	-0.000934280193178
1.05772681265e-10	-0.000917091369047
1.09420015102e-10	-0.000661066995235
1.13067348939e-10	-0.000280936885247
1.16714682775e-10	9.34255949687e-05
1.20362016612e-10	0.000359963381925
1.24009350449e-10	0.000469538139441
1.27656684286e-10	0.000429005005572
1.31304018122e-10	0.000286467849946
1.34951351959e-10	0.00010726911205
1.38598685796e-10	-5.00561191075e-05
1.42246019633e-10	-0.000150647183546
1.45893353469e-10	-0.000189121457879
1.49540687306e-10	-0.000184000607987
1.53188021143e-10	-0.000164287723237
1.56835354979e-10	-0.000154279794515
1.60482688816e-10	-0.000162811509654
1.64130022653e-10	-0.000181065186553
1.6777735649e-10	-0.00018901504518
1.71424690326e-10	-0.000166673275089
1.75072024163e-10	-0.000104245591501
1.78719358e-10	-7.45192662066e-06
1.82366691837e-10	0.000104468806967
1.86014025673e-10	0.000205970807656
1.8966135951e-10	0.000273885270872
1.93308693347e-10	0.00029426033143
1.96956027184e-10	0.000265262046014
2.0060336102e-10	0.000196114659047
2.04250694857e-10	0.000103147809568
2.07898028694e-10	4.55878608818e-06
2.1154536253e-10	-8.42303161335e-05
2.15192696367e-10	-0.000153281680468
2.18840030204e-10	-0.000198363728487
2.22487364041e-10	-0.000219034714974
2.26134697877e-10	-0.000216023821849
2.29782031714e-10	-0.000189707696336
2.33429365551e-10	-0.000140704385558
2.37076699388e-10	-7.2269980592e-05
2.40724033224e-10	7.23881151998e-06
2.44371367061e-10	8.40400871311e-05
2.48018700898e-10	0.000141878992508
2.51666034734e-10	0.000167530888575
2.55313368571e-10	0.000156447727932
2.58960702408e-10	0.000115476460451
2.62608036245e-10	6.07858501098e-05
2.66255370081e-10	1.15656927164e-05
2.69902703918e-10	-1.77539079687e-05
2.73550037755e-10	-2.29743675391e-05
2.77197371592e-10	-1.05405807744e-05
2.80844705428e-10	7.13553004061e-06
2.84492039265e-10	1.87756797914e-05
2.88139373102e-10	1.98326672489e-05
2.91786706939e-10	1.35436582696e-05
2.95434040775e-10	7.12861748298e-06
2.99081374612e-10	5.73659451675e-06
3.02728708449e-10	8.1162950778e-06
3.06376042285e-10	6.84779939775e-06
3.10023376122e-10	-6.85516931753e-06
3.13670709959e-10	-3.66731114809e-05
3.17318043796e-10	-7.71342602093e-05
3.20965377632e-10	-0.000114694097647
3.24612711469e-10	-0.000133679111968
3.28260045306e-10	-0.000124026195408
3.31907379143e-10	-8.65639849508e-05
3.35554712979e-10	-3.29381107349e-05
3.39202046816e-10	1.97840290639e-05
3.42849380653e-10	5.70130100641e-05
3.4649671449e-10	7.28425120542e-05
3.50144048326e-10	7.14719653843e-05
3.53791382163e-10	6.34426432953e-05
3.57438716e-10	5.89494979977e-05
3.61086049836e-10	6.20716145932e-05
3.64733383673e-10	6.90960532665e-05
3.6838071751e-10	7.15579162716e-05
3.72028051347e-10	6.20636324129e-05
3.75675385183e-10	3.93807554246e-05
3.7932271902e-10	9.71399981609e-06
3.82970052857e-10	-1.64695084095e-05
3.86617386694e-10	-3.01009224586e-05
3.9026472053e-10	-2.84096458927e-05
3.93912054367e-10	-1.62606297636e-05
3.97559388204e-10	-3.29844425551e-06
4.0120672204e-10	1.29858516118e-06
4.04854055877e-10	-6.46159850248e-06
4.08501389714e-10	-2.36293599301e-05
4.12148723551e-10	-4.22250709562e-05
4.15796057387e-10	-5.34959222023e-05
4.19443391224e-10	-5.21850342921e-05
4.23090725061e-10	-3.87672016586e-05
4.26738058898e-10	-1.87294476746e-05
4.30385392734e-10	4.49605899178e-07
4.34032726571e-10	1.29177628878e-05
4.37680060408e-10	1.68555391156e-05
4.41327394245e-10	1.45361671002e-05
4.44974728081e-10	1.02130270534e-05
4.48622061918e-10	7.20343712146e-06
4.52269395755e-10	5.84349487553e-06
4.55916729591e-10	3.46021283804e-06
4.59564063428e-10	-3.69290359004e-06
4.63211397265e-10	-1.77749623163e-05
4.66858731102e-10	-3.75671902475e-05
4.70506064938e-10	-5.85821176173e-05
4.74153398775e-10	-7.49793625801e-05
4.77800732612e-10	-8.22008896648e-05
4.81448066449e-10	-7.89209207142e-05
4.85095400285e-10	-6.73740059938e-05
4.88742734122e-10	-5.20627199876e-05
4.92390067959e-10	-3.75933909709e-05
4.96037401796e-10	-2.66780441507e-05
4.99684735632e-10	-1.92566390069e-05
5.03332069469e-10	-1.3071632111e-05
5.06979403306e-10	-5.3256324577e-06
5.10626737142e-10	5.42591112662e-06
5.14274070979e-10	1.81978848559e-05
5.17921404816e-10	2.99484502193e-05
5.21568738653e-10	3.72062190763e-05
5.25216072489e-10	3.80888841391e-05
5.28863406326e-10	3.35261779583e-05
5.32510740163e-10	2.68956016498e-05
5.36158074e-10	2.22526755351e-05
5.39805407836e-10	2.21104151024e-05
5.43452741673e-10	2.60129313574e-05
5.4710007551e-10	3.07463005811e-05
5.50747409346e-10	3.20593071592e-05
5.54394743183e-10	2.69638708232e-05
5.5804207702e-10	1.54371368808e-05
5.61689410857e-10	6.06763208566e-07
5.65336744693e-10	-1.27007709807e-05
5.6898407853e-10	-2.03025247174e-05
5.72631412367e-10	-2.07221658002e-05
5.76278746204e-10	-1.5890691202e-05
5.7992608004e-10	-1.00513278767e-05
5.83573413877e-10	-7.44990569501e-06
5.87220747714e-10	-1.0043841371e-05
5.90868081551e-10	-1.64708676493e-05
5.94515415387e-10	-2.28824037549e-05
5.98162749224e-10	-2.51667188422e-05
6.01810083061e-10	-2.129823838e-05
6.05457416897e-10	-1.25037099679e-05
6.09104750734e-10	-2.5995925057e-06
6.12752084571e-10	4.08444930144e-06
6.16399418408e-10	5.01426370647e-06
6.20046752244e-10	7.77952699593e-07
6.23694086081e-10	-5.25271781271e-06
6.27341419918e-10	-8.69696611971e-06
6.30988753755e-10	-6.42045750965e-06
6.34636087591e-10	1.86005456726e-06
6.38283421428e-10	1.34265700353e-05
6.41930755265e-10	2.39269711528e-05
6.45578089102e-10	2.95363279292e-05
6.49225422938e-10	2.87968709927e-05
6.52872756775e-10	2.31737458307e-05
6.56520090612e-10	1.60675272127e-05
6.60167424448e-10	1.0858266478e-05
6.63814758285e-10	9.06969239622e-06
6.67462092122e-10	9.67825121734e-06
6.71109425959e-10	9.89411228147e-06
6.74756759795e-10	6.88473710397e-06
6.78404093632e-10	-5.52999097181e-07
6.82051427469e-10	-1.12963469974e-05
6.85698761306e-10	-2.248009082e-05
6.89346095142e-10	-3.09144134008e-05
6.92993428979e-10	-3.45512917193e-05
6.96640762816e-10	-3.32680083375e-05
7.00288096652e-10	-2.86476981728e-05
7.03935430489e-10	-2.29864476751e-05
7.07582764326e-10	-1.80878612355e-05
7.11230098163e-10	-1.44353971336e-05
7.14877431999e-10	-1.11325780381e-05
7.18524765836e-10	-6.59078153831e-06
7.22172099673e-10	4.18048337281e-07
7.2581943351e-10	9.89229533843e-06
7.29466767346e-10	2.03943986889e-05
7.33114101183e-10	2.96281591545e-05
7.3676143502e-10	3.5470446619e-05
7.40408768857e-10	3.69068002328e-05
7.44056102693e-10	3.4355688058e-05
7.4770343653e-10	2.92321287816e-05
7.51350770367e-10	2.30816854128e-05
7.54998104203e-10	1.68166050116e-05
7.5864543804e-10	1.04668340555e-05
7.62292771877e-10	3.54522327939e-06
7.65940105714e-10	-4.28107233574e-06
7.6958743955e-10	-1.26641240286e-05
7.73234773387e-10	-2.04909797503e-05
7.76882107224e-10	-2.62840762844e-05
7.80529441061e-10	-2.88332876153e-05
7.84176774897e-10	-2.77098861261e-05
7.87824108734e-10	-2.34331562297e-05
7.91471442571e-10	-1.72305885826e-05
7.95118776408e-10	-1.05269461983e-05
7.98766110244e-10	-4.41618391278e-06
8.02413444081e-10	6.53342176804e-07
8.06060777918e-10	4.82629968701e-06
8.09708111754e-10	8.46147850098e-06
8.13355445591e-10	1.16522472808e-05
8.17002779428e-10	1.39385072089e-05
8.20650113265e-10	1.44230557453e-05
8.24297447101e-10	1.22740069628e-05
8.27944780938e-10	7.3255050097e-06
8.31592114775e-10	4.08353230341e-07
8.35239448612e-10	-6.84126456463e-06
8.38886782448e-10	-1.26305334334e-05
8.42534116285e-10	-1.57623650239e-05
8.46181450122e-10	-1.60791605595e-05
8.49828783958e-10	-1.43552467762e-05
8.53476117795e-10	-1.17340665611e-05
8.57123451632e-10	-9.06874038265e-06
8.60770785469e-10	-6.5293062903e-06
8.64418119305e-10	-3.66319545719e-06
8.68065453142e-10	1.49780213121e-07
8.71712786979e-10	5.13758055831e-06
8.75360120816e-10	1.0778192518e-05
8.79007454652e-10	1.58324028234e-05
8.82654788489e-10	1.87772213849e-05
8.86302122326e-10	1.84472810361e-05
8.89949456163e-10	1.45769786286e-05
8.93596789999e-10	7.98997086804e-06
8.97244123836e-10	3.09314213354e-07
9.00891457673e-10	-6.69727120339e-06
9.04538791509e-10	-1.18086984457e-05
9.08186125346e-10	-1.47350748421e-05
9.11833459183e-10	-1.59999262905e-05
9.1548079302e-10	-1.6396301362e-05
9.19128126856e-10	-1.63640424944e-05
9.22775460693e-10	-1.56566576379e-05
9.2642279453e-10	-1.34821873417e-05
9.30070128367e-10	-9.04711305338e-06
9.33717462203e-10	-2.16765576511e-06
9.3736479604e-10	6.40447518663e-06
9.41012129877e-10	1.51152888748e-05
9.44659463714e-10	2.21434302148e-05
9.4830679755e-10	2.60652536781e-05
9.51954131387e-10	2.63187650944e-05
9.55601465224e-10	2.32848806263e-05
9.5924879906e-10	1.79858752745e-05
9.62896132897e-10	1.15808486498e-05
9.66543466734e-10	4.92179981393e-06
9.70190800571e-10	-1.63018927424e-06
9.73838134407e-10	-8.06693367394e-06
9.77485468244e-10	-1.43892322058e-05
9.81132802081e-10	-2.02747878575e-05
9.84780135918e-10	-2.49592744694e-05
9.88427469754e-10	-2.74187818832e-05
9.92074803591e-10	-2.67779230398e-05
9.95722137428e-10	-2.27306343277e-05
9.99369471264e-10	-1.57620166874e-05
1.0030168051e-09	-7.04159725728e-06
1.00666413894e-09	1.96571483002e-06
1.01031147277e-09	9.97564723093e-06
1.01395880661e-09	1.62153019119e-05
1.01760614045e-09	2.04684756682e-05
1.02125347428e-09	2.28537305702e-05
1.02490080812e-09	2.35129527937e-05
1.02854814196e-09	2.24107593567e-05
1.0321954758e-09	1.93615819626e-05
1.03584280963e-09	1.42575140671e-05
1.03949014347e-09	7.33552161591e-06
1.04313747731e-09	-6.8879471371e-07
1.04678481114e-09	-8.709974054e-06
1.05043214498e-09	-1.55146841507e-05
1.05407947882e-09	-2.01264581392e-05
1.05772681265e-09	-2.20541446652e-05
1.06137414649e-09	-2.13642733797e-05
1.06502148033e-09	-1.85566984783e-05
1.06866881416e-09	-1.43128875152e-05
1.072316148e-09	-9.2467205377e-06
1.07596348184e-09	-3.76931893697e-06
1.07961081567e-09	1.87980006672e-06
1.08325814951e-09	7.46209769886e-06
1.08690548335e-09	1.25622246969e-05
1.09055281718e-09	1.6534339693e-05
1.09420015102e-09	1.86352185665e-05
1.09784748486e-09	1.83045292488e-05
1.10149481869e-09	1.54383940298e-05
1.10514215253e-09	1.05005350406e-05
1.10878948637e-09	4.40891301423e-06
1.1124368202e-09	-1.75569388716e-06
1.11608415404e-09	-7.0737171427e-06
1.11973148788e-09	-1.09904729015e-05
1.12337882171e-09	-1.33435989937e-05
1.12702615555e-09	-1.42343885727e-05
1.13067348939e-09	-1.3839563735e-05
1.13432082322e-09	-1.22717149225e-05
1.13796815706e-09	-9.55266477831e-06
1.1416154909e-09	-5.70441727632e-06
1.14526282473e-09	-9.01799445785e-07
1.14891015857e-09	4.41344593582e-06
1.15255749241e-09	9.53440223839e-06
1.15620482624e-09	1.36318205932e-05
1.15985216008e-09	1.59864141551e-05
1.16349949392e-09	1.62022779477e-05
1.16714682775e-09	1.43074673815e-05
1.17079416159e-09	1.07024976614e-05
1.17444149543e-09	5.99621233732e-06
1.17808882926e-09	8.25741267363e-07
1.1817361631e-09	-4.26298987577e-06
1.18538349694e-09	-8.84817586666e-06
1.18903083077e-09	-1.25993622078e-05
1.19267816461e-09	-1.52342904585e-05
1.19632549845e-09	-1.65077613019e-05
1.19997283228e-09	-1.62415299201e-05
1.20362016612e-09	-1.43863841231e-05
1.20726749996e-09	-1.10823709747e-05
1.21091483379e-09	-6.67630484941e-06
1.21456216763e-09	-1.6777136409e-06
1.21820950147e-09	3.34248196054e-06
1.22185683531e-09	7.86993160773e-06
1.22550416914e-09	1.15183697744e-05
1.22915150298e-09	1.40334506114e-05
1.23279883682e-09	1.52441921273e-05
1.23644617065e-09	1.50170229745e-05
1.24009350449e-09	1.32752670652e-05
1.24374083833e-09	1.00861211649e-05
1.24738817216e-09	5.75221525878e-06
1.251035506e-09	8.32944380136e-07
1.25468283984e-09	-3.95432567757e-06
1.25833017367e-09	-7.92426851604e-06
1.26197750751e-09	-1.0612007145e-05
1.26562484135e-09	-1.18761307704e-05
1.26927217518e-09	-1.18738694255e-05
1.27291950902e-09	-1.09316489443e-05
1.27656684286e-09	-9.37995332606e-06
1.28021417669e-09	-7.42508274243e-06
1.28386151053e-09	-5.11064462216e-06
1.28750884437e-09	-2.38331375613e-06
1.2911561782e-09	7.69567840564e-07
1.29480351204e-09	4.17171003164e-06
1.29845084588e-09	7.38928571309e-06
1.30209817971e-09	9.80450681709e-06
1.30574551355e-09	1.08237363747e-05
1.30939284739e-09	1.01385904827e-05
1.31304018122e-09	7.90466441458e-06
1.31668751506e-09	4.72269948659e-06
1.3203348489e-09	1.41780000718e-06
1.32398218273e-09	-1.281942275e-06
1.32762951657e-09	-3.0103509232e-06
1.33127685041e-09	-3.83897406664e-06
1.33492418424e-09	-4.14564692619e-06
1.33857151808e-09	-4.36083138311e-06
1.34221885192e-09	-4.72453569955e-06
1.34586618575e-09	-5.17141410228e-06
1.34951351959e-09	-5.38367129366e-06
1.35316085343e-09	-4.96685066764e-06
1.35680818726e-09	-3.66729096868e-06
1.3604555211e-09	-1.53381034806e-06
1.36410285494e-09	1.04761485886e-06
1.36775018877e-09	3.46387622585e-06
1.37139752261e-09	5.09580985408e-06
1.37504485645e-09	5.56265189289e-06
1.37869219028e-09	4.87447260866e-06
1.38233952412e-09	3.41861345987e-06
1.38598685796e-09	1.77942271762e-06
1.38963419179e-09	4.76053237719e-07
1.39328152563e-09	-2.46043700969e-07
1.39692885947e-09	-4.72564124721e-07
1.4005761933e-09	-5.13484692988e-07
1.40422352714e-09	-7.03841401162e-07
1.40787086098e-09	-1.22835942307e-06
1.41151819482e-09	-2.05013196819e-06
1.41516552865e-09	-2.95230185543e-06
1.41881286249e-09	-3.64788553497e-06
1.42246019633e-09	-3.89167684034e-06
1.42610753016e-09	-3.55451018663e-06
1.429754864e-09	-2.65546120204e-06
1.43340219784e-09	-1.35267160317e-06
1.43704953167e-09	9.89521176109e-08
1.44069686551e-09	1.41810400578e-06
1.44434419935e-09	2.38015135778e-06
1.44799153318e-09	2.8827856795e-06
1.45163886702e-09	2.9636722445e-06
1.45528620086e-09	2.76566933621e-06
1.45893353469e-09	2.46572767537e-06
1.46258086853e-09	2.20738360213e-06
1.46622820237e-09	2.05756293781e-06
1.4698755362e-09	1.9905956492e-06
1.47352287004e-09	1.89114228988e-06
1.47717020388e-09	1.57463352934e-06
1.48081753771e-09	8.37198420811e-07
1.48446487155e-09	-4.53076808071e-07
1.48811220539e-09	-2.24962656148e-06
1.49175953922e-09	-4.26384548291e-06
1.49540687306e-09	-6.0021865238e-06
1.4990542069e-09	-6.92460997698e-06
1.50270154073e-09	-6.66474738864e-06
1.50634887457e-09	-5.20658448977e-06
1.50999620841e-09	-2.91998654234e-06
1.51364354224e-09	-4.2468501249e-07
1.51729087608e-09	1.66140054603e-06
1.52093820992e-09	2.96729388083e-06
1.52458554375e-09	3.49972611957e-06
1.52823287759e-09	3.59887511081e-06
1.53188021143e-09	3.744105328e-06
1.53552754526e-09	4.29510458844e-06
1.5391748791e-09	5.27952141738e-06
1.54282221294e-09	6.32088710972e-06
1.54646954677e-09	6.75762265701e-06
1.55011688061e-09	5.91836970898e-06
1.55376421445e-09	3.45340018271e-06
1.55741154828e-09	-4.22002621292e-07
1.56105888212e-09	-4.90588024604e-06
1.56470621596e-09	-8.84926066647e-06
1.56835354979e-09	-1.11780061616e-05
1.57200088363e-09	-1.13174766057e-05
1.57564821747e-09	-9.42122505876e-06
1.5792955513e-09	-6.28616169251e-06
1.58294288514e-09	-2.99299657058e-06
1.58659021898e-09	-4.35690822087e-07
1.59023755282e-09	1.03575152366e-06
1.59388488665e-09	1.70186541482e-06
1.59753222049e-09	2.26049957064e-06
1.60117955433e-09	3.42258459796e-06
1.60482688816e-09	5.50347294848e-06
1.608474222e-09	8.19421654796e-06
1.61212155584e-09	1.06138966203e-05
1.61576888967e-09	1.16373769288e-05
1.61941622351e-09	1.0373754435e-05
1.62306355735e-09	6.60060931068e-06
1.62671089118e-09	9.62344351763e-07
1.63035822502e-09	-5.18336457844e-06
1.63400555886e-09	-1.02360702385e-05
1.63765289269e-09	-1.29515960907e-05
1.64130022653e-09	-1.29074785491e-05
1.64494756037e-09	-1.06208956367e-05
1.6485948942e-09	-7.26025115227e-06
1.65224222804e-09	-4.09439780924e-06
1.65588956188e-09	-1.93992482878e-06
1.65953689571e-09	-8.57966689694e-07
1.66318422955e-09	-2.26451259522e-07
1.66683156339e-09	8.67790085124e-07
1.67047889722e-09	3.10883626753e-06
1.67412623106e-09	6.53601165368e-06
1.6777735649e-09	1.04145384512e-05
1.68142089873e-09	1.34581714519e-05
1.68506823257e-09	1.43240569059e-05
1.68871556641e-09	1.21902274941e-05
1.69236290024e-09	7.17113317705e-06
1.69601023408e-09	3.74712282536e-07
1.69965756792e-09	-6.45613300776e-06
1.70330490175e-09	-1.15828536309e-05
1.70695223559e-09	-1.39187518471e-05
1.71059956943e-09	-1.33930377615e-05
1.71424690326e-09	-1.08722308596e-05
1.7178942371e-09	-7.68748850533e-06
1.72154157094e-09	-5.00545735349e-06
1.72518890477e-09	-3.33689712306e-06
1.72883623861e-09	-2.39408711877e-06
1.73248357245e-09	-1.33939340685e-06
1.73613090628e-09	7.12442151496e-07
1.73977824012e-09	4.1722796027e-06
1.74342557396e-09	8.66497839525e-06
1.74707290779e-09	1.3068562339e-05
1.75072024163e-09	1.59045489454e-05
1.75436757547e-09	1.59257574524e-05
1.7580149093e-09	1.26639442897e-05
1.76166224314e-09	6.69096181127e-06
1.76530957698e-09	-5.38881494094e-07
1.76895691081e-09	-7.21376795809e-06
1.77260424465e-09	-1.18317722126e-05
1.77625157849e-09	-1.37181646096e-05
1.77989891233e-09	-1.31655122004e-05
1.78354624616e-09	-1.11585669629e-05
1.78719358e-09	-8.83785810402e-06
1.79084091384e-09	-6.96464314842e-06
1.79448824767e-09	-5.63139525411e-06
1.79813558151e-09	-4.32484392832e-06
1.80178291535e-09	-2.28470753427e-06
1.80543024918e-09	1.0226991094e-06
1.80907758302e-09	5.53207451048e-06
1.81272491686e-09	1.0477100659e-05
1.81637225069e-09	1.46050990679e-05
1.82001958453e-09	1.66312890997e-05
1.82366691837e-09	1.57449854896e-05
1.8273142522e-09	1.19540882224e-05
1.83096158604e-09	6.11416390939e-06
1.83460891988e-09	-3.75067827463e-07
1.83825625371e-09	-6.07570609645e-06
1.84190358755e-09	-9.99616179342e-06
1.84555092139e-09	-1.18505381579e-05
1.84919825522e-09	-1.20011934541e-05
1.85284558906e-09	-1.11464474912e-05
1.8564929229e-09	-9.92613729522e-06
1.86014025673e-09	-8.63260822825e-06
1.86378759057e-09	-7.14427534376e-06
1.86743492441e-09	-5.08408083988e-06
1.87108225824e-09	-2.10552974522e-06
1.87472959208e-09	1.83374038443e-06
1.87837692592e-09	6.33135203998e-06
1.88202425975e-09	1.05964290924e-05
1.88567159359e-09	1.36804961812e-05
1.88931892743e-09	1.47942282638e-05
1.89296626126e-09	1.35858132353e-05
1.8966135951e-09	1.02680963892e-05
1.90026092894e-09	5.54544851639e-06
1.90390826277e-09	3.76020643955e-07
1.90755559661e-09	-4.32679206597e-06
1.91120293045e-09	-7.93263541254e-06
1.91485026428e-09	-1.01876895542e-05
1.91849759812e-09	-1.11591773475e-05
1.92214493196e-09	-1.10852636226e-05
1.92579226579e-09	-1.02174117274e-05
1.92943959963e-09	-8.7196755203e-06
1.93308693347e-09	-6.65230794539e-06
1.9367342673e-09	-4.0241907584e-06
1.94038160114e-09	-8.79793823572e-07
1.94402893498e-09	2.62056218503e-06
1.94767626881e-09	6.15868162868e-06
1.95132360265e-09	9.27744906676e-06
1.95497093649e-09	1.14622009733e-05
1.95861827032e-09	1.22651115362e-05
1.96226560416e-09	1.14358962264e-05
1.965912938e-09	9.01233374861e-06
1.96956027184e-09	5.33778529643e-06
1.97320760567e-09	9.96639350603e-07
1.97685493951e-09	-3.3131180146e-06
1.98050227335e-09	-6.93615947966e-06
1.98414960718e-09	-9.39861320148e-06
1.98779694102e-09	-1.04957125586e-05
1.99144427486e-09	-1.03017591755e-05
1.99509160869e-09	-9.10127073439e-06
1.99873894253e-09	-7.26339095536e-06
2.00238627637e-09	-5.10718058422e-06
2.0060336102e-09	-2.81117524992e-06
2.00968094404e-09	-4.08000168761e-07
2.01332827788e-09	2.13426227447e-06
2.01697561171e-09	4.7829633445e-06
2.02062294555e-09	7.33293080657e-06
2.02427027939e-09	9.3847467042e-06
2.02791761322e-09	1.04349780941e-05
2.03156494706e-09	1.00553670563e-05
2.0352122809e-09	8.08829969401e-06
2.03885961473e-09	4.76883843703e-06
2.04250694857e-09	7.08573438146e-07
2.04615428241e-09	-3.26723559851e-06
2.04980161624e-09	-6.37791760028e-06
2.05344895008e-09	-8.13483211459e-06
2.05709628392e-09	-8.47621595312e-06
2.06074361775e-09	-7.73237167095e-06
2.06439095159e-09	-6.43686718149e-06
2.06803828543e-09	-5.07025498564e-06
2.07168561926e-09	-3.85676904102e-06
2.0753329531e-09	-2.70412738246e-06
2.07898028694e-09	-1.31339518816e-06
2.08262762077e-09	5.93439835939e-07
2.08627495461e-09	3.04282801267e-06
2.08992228845e-09	5.69225943536e-06
2.09356962228e-09	7.89499080156e-06
2.09721695612e-09	8.93513322353e-06
2.10086428996e-09	8.33594640426e-06
2.10451162379e-09	6.09939178275e-06
2.10815895763e-09	2.75903903457e-06
2.11180629147e-09	-7.9376711426e-07
2.1154536253e-09	-3.64486010085e-06
2.11910095914e-09	-5.20522644365e-06
2.12274829298e-09	-5.41467073845e-06
2.12639562681e-09	-4.70936174679e-06
2.13004296065e-09	-3.77176678512e-06
2.13369029449e-09	-3.18280211786e-06
2.13733762832e-09	-3.1433918366e-06
2.14098496216e-09	-3.39272580163e-06
2.144632296e-09	-3.36140792001e-06
2.14827962983e-09	-2.48671511827e-06
2.15192696367e-09	-5.42459005715e-07
2.15557429751e-09	2.17747424358e-06
2.15922163135e-09	4.91617623766e-06
2.16286896518e-09	6.74385989896e-06
2.16651629902e-09	6.95959795394e-06
2.17016363286e-09	5.42110143442e-06
2.17381096669e-09	2.64226588342e-06
2.17745830053e-09	-4.00621733121e-07
2.18110563437e-09	-2.67737556214e-06
2.1847529682e-09	-3.54117989332e-06
2.18840030204e-09	-2.98983630387e-06
2.19204763588e-09	-1.63225348615e-06
2.19569496971e-09	-3.747396633e-07
2.19934230355e-09	2.12523012522e-08
2.20298963739e-09	-6.97009930661e-07
2.20663697122e-09	-2.15520927327e-06
2.21028430506e-09	-3.53033772171e-06
2.2139316389e-09	-3.9480506473e-06
2.21757897273e-09	-2.91496650107e-06
2.22122630657e-09	-5.90073881312e-07
2.22487364041e-09	2.23768631713e-06
2.22852097424e-09	4.4695511292e-06
2.23216830808e-09	5.18178637776e-06
2.23581564192e-09	4.05496899702e-06
2.23946297575e-09	1.54417125486e-06
2.24311030959e-09	-1.30136766074e-06
2.24675764343e-09	-3.29710309188e-06
2.25040497726e-09	-3.64926719953e-06
2.2540523111e-09	-2.30524625522e-06
2.25769964494e-09	3.50421167639e-08
2.26134697877e-09	2.24653328473e-06
2.26499431261e-09	3.29299416535e-06
2.26864164645e-09	2.69058062941e-06
2.27228898028e-09	7.17817236762e-07
2.27593631412e-09	-1.71792660808e-06
2.27958364796e-09	-3.49338770889e-06
2.28323098179e-09	-3.78242501142e-06
2.28687831563e-09	-2.43971709324e-06
2.29052564947e-09	-8.17706862222e-08
2.2941729833e-09	2.18103875227e-06
2.29782031714e-09	3.24989130718e-06
2.30146765098e-09	2.55333975474e-06
2.30511498481e-09	3.30676208193e-07
2.30876231865e-09	-2.45620779538e-06
2.31240965249e-09	-4.54637967096e-06
2.31605698632e-09	-4.94537283657e-06
2.31970432016e-09	-3.36876482265e-06
2.323351654e-09	-3.67108953014e-07
2.32699898783e-09	2.91628307991e-06
2.33064632167e-09	5.23515404893e-06
2.33429365551e-09	5.7603082837e-06
2.33794098935e-09	4.4080482553e-06
2.34158832318e-09	1.84752013865e-06
2.34523565702e-09	-8.09170366267e-07
2.34888299086e-09	-2.49910226557e-06
2.35253032469e-09	-2.67170182155e-06
2.35617765853e-09	-1.52009005205e-06
2.35982499237e-09	1.27937457961e-07
2.3634723262e-09	1.21309616929e-06
2.36711966004e-09	9.59271623913e-07
2.37076699388e-09	-7.43253103508e-07
2.37441432771e-09	-3.26645456994e-06
2.37806166155e-09	-5.51813400307e-06
2.38170899539e-09	-6.42433559506e-06
2.38535632922e-09	-5.39984108627e-06
2.38900366306e-09	-2.59881070974e-06
2.3926509969e-09	1.14694233844e-06
2.39629833073e-09	4.66021464263e-06
2.39994566457e-09	6.87181812964e-06
2.40359299841e-09	7.21552879668e-06
2.40724033224e-09	5.81284706413e-06
2.41088766608e-09	3.38191975402e-06
2.41453499992e-09	9.11298080553e-07
2.41818233375e-09	-7.66151686094e-07
2.42182966759e-09	-1.31488673105e-06
2.42547700143e-09	-1.00197425468e-06
2.42912433526e-09	-5.1783719357e-07
2.4327716691e-09	-6.04354553957e-07
2.43641900294e-09	-1.66883060615e-06
2.44006633677e-09	-3.5694700955e-06
2.44371367061e-09	-5.6621183262e-06
2.44736100445e-09	-7.07372686293e-06
2.45100833828e-09	-7.06652440385e-06
2.45465567212e-09	-5.34145533493e-06
2.45830300596e-09	-2.16634549588e-06
2.46195033979e-09	1.70402663002e-06
2.46559767363e-09	5.27854405163e-06
2.46924500747e-09	7.66096007965e-06
2.4728923413e-09	8.3475399606e-06
2.47653967514e-09	7.37913779858e-06
2.48018700898e-09	5.28625002971e-06
2.48383434281e-09	2.84722102606e-06
2.48748167665e-09	7.60582409498e-07
2.49112901049e-09	-6.18569927724e-07
2.49477634432e-09	-1.36439103926e-06
2.49842367816e-09	-1.86198172969e-06
2.502071012e-09	-2.55913749925e-06
2.50571834583e-09	-3.71167965341e-06
2.50936567967e-09	-5.2371663628e-06
2.51301301351e-09	-6.72259579915e-06
2.51666034734e-09	-7.57105266302e-06
2.52030768118e-09	-7.22696887578e-06
2.52395501502e-09	-5.40332314358e-06
2.52760234886e-09	-2.23469078264e-06
2.53124968269e-09	1.70361713003e-06
2.53489701653e-09	5.5378164916e-06
2.53854435037e-09	8.36589845221e-06
2.5421916842e-09	9.5584372275e-06
2.54583901804e-09	8.9678948143e-06
2.54948635188e-09	6.95253328331e-06
2.55313368571e-09	4.2058908889e-06
2.55678101955e-09	1.47317084043e-06
2.56042835339e-09	-7.1645516897e-07
2.56407568722e-09	-2.19577074745e-06
2.56772302106e-09	-3.13830906862e-06
2.5713703549e-09	-3.90088425206e-06
2.57501768873e-09	-4.80568195371e-06
2.57866502257e-09	-5.94864928871e-06
2.58231235641e-09	-7.10674896709e-06
2.58595969024e-09	-7.78768531973e-06
2.58960702408e-09	-7.41720083397e-06
2.59325435792e-09	-5.60118172643e-06
2.59690169175e-09	-2.35885994471e-06
2.60054902559e-09	1.78892639724e-06
2.60419635943e-09	5.93709449959e-06
2.60784369326e-09	9.08837284896e-06
2.6114910271e-09	1.05005849491e-05
2.61513836094e-09	9.94259642084e-06
2.61878569477e-09	7.74735707409e-06
2.62243302861e-09	4.65123440563e-06
2.62608036245e-09	1.49807047478e-06
2.62972769628e-09	-1.06360516838e-06
2.63337503012e-09	-2.77294887496e-06
2.63702236396e-09	-3.77281872943e-06
2.64066969779e-09	-4.45900360546e-06
2.64431703163e-09	-5.23164061406e-06
2.64796436547e-09	-6.25289715117e-06
2.6516116993e-09	-7.31972266976e-06
2.65525903314e-09	-7.91449963344e-06
2.65890636698e-09	-7.42639360851e-06
2.66255370081e-09	-5.45311490896e-06
2.66620103465e-09	-2.04956137395e-06
2.66984836849e-09	2.20309993892e-06
2.67349570232e-09	6.35116498415e-06
2.67714303616e-09	9.39045980886e-06
2.68079037e-09	1.06190875613e-05
2.68443770383e-09	9.87278190223e-06
2.68808503767e-09	7.54683350124e-06
2.69173237151e-09	4.40872838681e-06
2.69537970534e-09	1.29121869463e-06
2.69902703918e-09	-1.20257621461e-06
2.70267437302e-09	-2.8663167484e-06
2.70632170685e-09	-3.87608014307e-06
2.70996904069e-09	-4.61650068928e-06
2.71361637453e-09	-5.43213218407e-06
2.71726370837e-09	-6.41268621848e-06
2.7209110422e-09	-7.30975494889e-06
2.72455837604e-09	-7.62376220109e-06
2.72820570988e-09	-6.83202802065e-06
2.73185304371e-09	-4.65921550585e-06
2.73550037755e-09	-1.26911535858e-06
2.73914771139e-09	2.72045397764e-06
2.74279504522e-09	6.41691946157e-06
2.74644237906e-09	8.95726361705e-06
2.7500897129e-09	9.80624895419e-06
2.75373704673e-09	8.92151388143e-06
2.75738438057e-09	6.72341968766e-06
2.76103171441e-09	3.89668463185e-06
2.76467904824e-09	1.12368448413e-06
2.76832638208e-09	-1.1372105746e-06
2.77197371592e-09	-2.74777306686e-06
2.77562104975e-09	-3.84508311413e-06
2.77926838359e-09	-4.69227450139e-06
2.78291571743e-09	-5.49767116809e-06
2.78656305126e-09	-6.274259988e-06
2.7902103851e-09	-6.7993120183e-06
2.79385771894e-09	-6.69628781225e-06
2.79750505277e-09	-5.6140257243e-06
2.80115238661e-09	-3.42787936347e-06
2.80479972045e-09	-3.67160680526e-07
2.80844705428e-09	3.00457935509e-06
2.81209438812e-09	5.96127654262e-06
2.81574172196e-09	7.86227070648e-06
2.81938905579e-09	8.36469791921e-06
2.82303638963e-09	7.50695255647e-06
2.82668372347e-09	5.6444973211e-06
2.8303310573e-09	3.28667519511e-06
2.83397839114e-09	9.21024643219e-07
2.83762572498e-09	-1.11345246978e-06
2.84127305881e-09	-2.67393269837e-06
2.84492039265e-09	-3.79094151981e-06
2.84856772649e-09	-4.59146963294e-06
2.85221506032e-09	-5.19455483072e-06
2.85586239416e-09	-5.61385928677e-06
2.859509728e-09	-5.71604942934e-06
2.86315706183e-09	-5.26959962599e-06
2.86680439567e-09	-4.07422862736e-06
2.87045172951e-09	-2.10965171732e-06
2.87409906334e-09	3.85515264156e-07
2.87774639718e-09	2.95736904832e-06
2.88139373102e-09	5.08641676333e-06
2.88504106485e-09	6.36226030792e-06
2.88868839869e-09	6.60055769686e-06
2.89233573253e-09	5.85862687785e-06
2.89598306636e-09	4.37522231778e-06
2.8996304002e-09	2.48035070172e-06
2.90327773404e-09	5.13728942053e-07
2.90692506788e-09	-1.24210978925e-06
2.91057240171e-09	-2.61195225448e-06
2.91421973555e-09	-3.55255872364e-06
2.91786706939e-09	-4.12742343769e-06
2.92151440322e-09	-4.43013760787e-06
2.92516173706e-09	-4.49539965075e-06
2.9288090709e-09	-4.25708890361e-06
2.93245640473e-09	-3.59167390229e-06
2.93610373857e-09	-2.42383421778e-06
2.93975107241e-09	-8.22626006425e-07
2.94339840624e-09	9.82367708957e-07
2.94704574008e-09	2.67195798642e-06
2.95069307392e-09	3.9493606323e-06
2.95434040775e-09	4.62312578975e-06
2.95798774159e-09	4.62981665805e-06
2.96163507543e-09	4.01278271056e-06
2.96528240926e-09	2.89684851396e-06
2.9689297431e-09	1.47131592598e-06
2.97257707694e-09	-3.18814645794e-08
2.97622441077e-09	-1.38458892707e-06
2.97987174461e-09	-2.42379400106e-06
2.98351907845e-09	-3.08917657321e-06
2.98716641228e-09	-3.4050893305e-06
2.99081374612e-09	-3.419176835e-06
2.99446107996e-09	-3.1495433177e-06
2.99810841379e-09	-2.58334821979e-06
3.00175574763e-09	-1.72878239368e-06
3.00540308147e-09	-6.68357849065e-07
3.0090504153e-09	4.38615089138e-07
3.01269774914e-09	1.41354067296e-06
3.01634508298e-09	2.12929006693e-06
3.01999241681e-09	2.54199181882e-06
3.02363975065e-09	2.66457132625e-06
3.02728708449e-09	2.51592479117e-06
3.03093441832e-09	2.09721775946e-06
3.03458175216e-09	1.41340424875e-06
3.038229086e-09	5.14018786646e-07
3.04187641983e-09	-4.88880601779e-07
3.04552375367e-09	-1.4422313086e-06
3.04917108751e-09	-2.1961816401e-06
3.05281842134e-09	-2.634651878e-06
3.05646575518e-09	-2.6846744845e-06
3.06011308902e-09	-2.32086830465e-06
3.06376042285e-09	-1.58549198659e-06
3.06740775669e-09	-6.12728456417e-07
3.07105509053e-09	3.75906559213e-07
3.07470242436e-09	1.13507880428e-06
3.0783497582e-09	1.49796019855e-06
3.08199709204e-09	1.45615169345e-06
3.08564442588e-09	1.15840731496e-06
3.08929175971e-09	8.20375852584e-07
3.09293909355e-09	5.99766202924e-07
3.09658642739e-09	5.14500236193e-07
3.10023376122e-09	4.51416489966e-07
3.10388109506e-09	2.48752748178e-07
3.1075284289e-09	-1.99870976658e-07
3.11117576273e-09	-8.76961003371e-07
3.11482309657e-09	-1.63005543641e-06
3.11847043041e-09	-2.21554984137e-06
3.12211776424e-09	-2.37828862737e-06
3.12576509808e-09	-1.95129106828e-06
3.12941243192e-09	-9.45328110902e-07
3.13305976575e-09	4.10716772592e-07
3.13670709959e-09	1.71862009779e-06
3.14035443343e-09	2.55169476304e-06
3.14400176726e-09	2.63582751359e-06
3.1476491011e-09	1.97911424493e-06
3.15129643494e-09	8.73879194785e-07
3.15494376877e-09	-2.38537275266e-07
3.15859110261e-09	-9.74345901739e-07
3.16223843645e-09	-1.17606481354e-06
3.16588577028e-09	-9.63240836427e-07
3.16953310412e-09	-6.46625913703e-07
3.17318043796e-09	-5.5801261567e-07
3.17682777179e-09	-8.77077802386e-07
3.18047510563e-09	-1.5331920622e-06
3.18412243947e-09	-2.21921609977e-06
3.1877697733e-09	-2.51612752322e-06
3.19141710714e-09	-2.0825051763e-06
3.19506444098e-09	-8.32944273554e-07
3.19871177481e-09	9.76504395567e-07
3.20235910865e-09	2.80969882738e-06
3.20600644249e-09	4.0491200366e-06
3.20965377632e-09	4.25259162284e-06
3.21330111016e-09	3.34734258445e-06
3.216948444e-09	1.66705888205e-06
3.22059577783e-09	-1.93363433709e-07
3.22424311167e-09	-1.63586724966e-06
3.22789044551e-09	-2.30963851777e-06
3.23153777934e-09	-2.23721079351e-06
3.23518511318e-09	-1.76558322096e-06
3.23883244702e-09	-1.36959047836e-06
3.24247978085e-09	-1.40450936215e-06
3.24612711469e-09	-1.92065834881e-06
3.24977444853e-09	-2.62560089936e-06
3.25342178236e-09	-3.01448224604e-06
3.2570691162e-09	-2.61311075178e-06
3.26071645004e-09	-1.22588679119e-06
3.26436378387e-09	9.28637938102e-07
3.26801111771e-09	3.26345465851e-06
3.27165845155e-09	5.04147243419e-06
3.27530578539e-09	5.670718906e-06
3.27895311922e-09	4.94843635579e-06
3.28260045306e-09	3.14154755188e-06
3.2862477869e-09	8.69264688674e-07
3.28989512073e-09	-1.16008658324e-06
3.29354245457e-09	-2.43697712676e-06
3.29718978841e-09	-2.83822637925e-06
3.30083712224e-09	-2.63099201447e-06
3.30448445608e-09	-2.29781363714e-06
3.30813178992e-09	-2.26868957043e-06
3.31177912375e-09	-2.6890861875e-06
3.31542645759e-09	-3.33506054062e-06
3.31907379143e-09	-3.71865914417e-06
3.32272112526e-09	-3.33352426196e-06
3.3263684591e-09	-1.92154004708e-06
3.33001579294e-09	3.64240086981e-07
3.33366312677e-09	2.9806055295e-06
3.33731046061e-09	5.18973143926e-06
3.34095779445e-09	6.3429716306e-06
3.34460512828e-09	6.12819314938e-06
3.34825246212e-09	4.68037649171e-06
3.35189979596e-09	2.50861319273e-06
3.35554712979e-09	2.7806166969e-07
3.35919446363e-09	-1.45771426219e-06
3.36284179747e-09	-2.45728230652e-06
3.3664891313e-09	-2.83893822939e-06
3.37013646514e-09	-2.95704472819e-06
3.37378379898e-09	-3.1739282349e-06
3.37743113281e-09	-3.64268603903e-06
3.38107846665e-09	-4.20962180669e-06
3.38472580049e-09	-4.48583853085e-06
3.38837313432e-09	-4.04888760386e-06
3.39202046816e-09	-2.67091155592e-06
3.395667802e-09	-4.61788914663e-07
3.39931513583e-09	2.13704265661e-06
3.40296246967e-09	4.50277286745e-06
3.40660980351e-09	6.05365647743e-06
3.41025713734e-09	6.45011022016e-06
3.41390447118e-09	5.69620186752e-06
3.41755180502e-09	4.10804648254e-06
3.42119913885e-09	2.1678348503e-06
3.42484647269e-09	3.30006859173e-07
3.42849380653e-09	-1.13699556437e-06
3.43214114036e-09	-2.20603288881e-06
3.4357884742e-09	-3.02391231344e-06
3.43943580804e-09	-3.76323433215e-06
3.44308314187e-09	-4.47708504225e-06
3.44673047571e-09	-5.03560488596e-06
3.45037780955e-09	-5.1766390925e-06
3.45402514338e-09	-4.6408357548e-06
3.45767247722e-09	-3.31655505192e-06
3.46131981106e-09	-1.32137350306e-06
3.4649671449e-09	1.01398299535e-06
3.46861447873e-09	3.24611940528e-06
3.47226181257e-09	4.95562636615e-06
3.47590914641e-09	5.86451415074e-06
3.47955648024e-09	5.89541946283e-06
3.48320381408e-09	5.15986511118e-06
3.48685114792e-09	3.88755853464e-06
3.49049848175e-09	2.33157430785e-06
3.49414581559e-09	6.91255088725e-07
3.49779314943e-09	-9.15651902744e-07
3.50144048326e-09	-2.42594677502e-06
3.5050878171e-09	-3.7742254051e-06
3.50873515094e-09	-4.84986486526e-06
3.51238248477e-09	-5.49867525024e-06
3.51602981861e-09	-5.57084769071e-06
3.51967715245e-09	-4.98693924555e-06
3.52332448628e-09	-3.78250831545e-06
3.52697182012e-09	-2.10862015138e-06
3.53061915396e-09	-1.93061419296e-07
3.53426648779e-09	1.71433345031e-06
3.53791382163e-09	3.3882387811e-06
3.54156115547e-09	4.65248609771e-06
3.5452084893e-09	5.38632900771e-06
3.54885582314e-09	5.52112913965e-06
3.55250315698e-09	5.03691461518e-06
3.55615049081e-09	3.96536188418e-06
3.55979782465e-09	2.40067214463e-06
3.56344515849e-09	5.10098118411e-07
3.56709249232e-09	-1.46869925288e-06
3.57073982616e-09	-3.25761561726e-06
3.57438716e-09	-4.59745081116e-06
3.57803449383e-09	-5.3167347005e-06
3.58168182767e-09	-5.37627516906e-06
3.58532916151e-09	-4.863771494e-06
3.58897649534e-09	-3.937798283e-06
3.59262382918e-09	-2.75210510381e-06
3.59627116302e-09	-1.4047662944e-06
3.59991849685e-09	6.08126633495e-08
3.60356583069e-09	1.60826854767e-06
3.60721316453e-09	3.14685462399e-06
3.61086049836e-09	4.49703037475e-06
3.6145078322e-09	5.40863970855e-06
3.61815516604e-09	5.62993096764e-06
3.62180249987e-09	5.0038766517e-06
3.62544983371e-09	3.55392165829e-06
3.62909716755e-09	1.51769484091e-06
3.63274450138e-09	-6.97406051131e-07
3.63639183522e-09	-2.63508295006e-06
3.64003916906e-09	-3.94533671511e-06
3.64368650289e-09	-4.50480081327e-06
3.64733383673e-09	-4.43773973302e-06
3.65098117057e-09	-4.02098584118e-06
3.65462850441e-09	-3.51842481905e-06
3.65827583824e-09	-3.03565389004e-06
3.66192317208e-09	-2.47583406576e-06
3.66557050592e-09	-1.6212845253e-06
3.66921783975e-09	-2.95405119033e-07
3.67286517359e-09	1.48332401295e-06
3.67651250743e-09	3.4374417055e-06
3.68015984126e-09	5.09139670157e-06
3.6838071751e-09	5.93619347455e-06
3.68745450894e-09	5.63328154612e-06
3.69110184277e-09	4.17360143956e-06
3.69474917661e-09	1.91966583429e-06
3.69839651045e-09	-5.02559416304e-07
3.70204384428e-09	-2.43503487241e-06
3.70569117812e-09	-3.45087295273e-06
3.70933851196e-09	-3.52443376528e-06
3.71298584579e-09	-3.01659886759e-06
3.71663317963e-09	-2.46909735324e-06
3.72028051347e-09	-2.30625184372e-06
3.7239278473e-09	-2.60079363557e-06
3.72757518114e-09	-3.03074622821e-06
3.73122251498e-09	-3.05115992205e-06
3.73486984881e-09	-2.19370548393e-06
3.73851718265e-09	-3.4202642496e-07
3.74216451649e-09	2.15281994542e-06
3.74581185032e-09	4.57083660876e-06
3.74945918416e-09	6.09436750665e-06
3.753106518e-09	6.14261239207e-06
3.75675385183e-09	4.63012264618e-06
3.76040118567e-09	2.0359098869e-06
3.76404851951e-09	-7.61809324956e-07
3.76769585334e-09	-2.83537741552e-06
3.77134318718e-09	-3.60065141081e-06
3.77499052102e-09	-3.06922694904e-06
3.77863785485e-09	-1.82740106425e-06
3.78228518869e-09	-7.36410619595e-07
3.78593252253e-09	-4.92057409929e-07
3.78957985636e-09	-1.26549201696e-06
3.7932271902e-09	-2.60991936329e-06
3.79687452404e-09	-3.68008181795e-06
3.80052185787e-09	-3.65388106616e-06
3.80416919171e-09	-2.15059210973e-06
3.80781652555e-09	5.51960191331e-07
3.81146385938e-09	3.59543543027e-06
3.81511119322e-09	5.87805766372e-06
3.81875852706e-09	6.50899283983e-06
3.82240586089e-09	5.19341136851e-06
3.82605319473e-09	2.38250265738e-06
3.82970052857e-09	-8.8618183014e-07
3.83334786241e-09	-3.4107236786e-06
3.83699519624e-09	-4.33731514704e-06
3.84064253008e-09	-3.53301319933e-06
3.84428986392e-09	-1.63338293646e-06
3.84793719775e-09	2.69960295896e-07
3.85158453159e-09	1.16084896717e-06
3.85523186543e-09	5.90258778743e-07
3.85887919926e-09	-1.11257406843e-06
3.8625265331e-09	-3.0075961206e-06
3.86617386694e-09	-4.00074242179e-06
3.86982120077e-09	-3.36766126452e-06
3.87346853461e-09	-1.10374929818e-06
3.87711586845e-09	2.0491625321e-06
3.88076320228e-09	4.90075098014e-06
3.88441053612e-09	6.30653232747e-06
3.88805786996e-09	5.65263593444e-06
3.89170520379e-09	3.1305222592e-06
3.89535253763e-09	-3.21332372266e-07
3.89899987147e-09	-3.39691263207e-06
3.9026472053e-09	-4.97342978178e-06
3.90629453914e-09	-4.59126852093e-06
3.90994187298e-09	-2.64062487076e-06
3.91358920681e-09	-1.61404473786e-07
3.91723654065e-09	1.65235852023e-06
3.92088387449e-09	2.00687219376e-06
3.92453120832e-09	8.57797353149e-07
3.92817854216e-09	-1.10186996949e-06
3.931825876e-09	-2.79138944848e-06
3.93547320983e-09	-3.25416479541e-06
3.93912054367e-09	-2.09433270015e-06
3.94276787751e-09	3.45433328164e-07
3.94641521134e-09	3.12670854896e-06
3.95006254518e-09	5.10741273274e-06
3.95370987902e-09	5.42042079132e-06
3.95735721285e-09	3.84219561056e-06
3.96100454669e-09	9.00346201149e-07
3.96465188053e-09	-2.33169876651e-06
3.96829921436e-09	-4.67480595034e-06
3.9719465482e-09	-5.33361225052e-06
3.97559388204e-09	-4.21761944835e-06
3.97924121587e-09	-1.94944456666e-06
3.98288854971e-09	4.39424027832e-07
3.98653588355e-09	1.9786701273e-06
3.99018321738e-09	2.17198015662e-06
3.99383055122e-09	1.17180556458e-06
3.99747788506e-09	-3.43269448422e-07
4.00112521889e-09	-1.50809222532e-06
4.00477255273e-09	-1.66482328723e-06
4.00841988657e-09	-6.41860964379e-07
4.0120672204e-09	1.18233504054e-06
4.01571455424e-09	3.04208350599e-06
4.01936188808e-09	4.1009309939e-06
4.02300922192e-09	3.79768556513e-06
4.02665655575e-09	2.08708371474e-06
4.03030388959e-09	-5.2324975286e-07
4.03395122343e-09	-3.16100954478e-06
4.03759855726e-09	-4.93135439683e-06
4.0412458911e-09	-5.26870064732e-06
4.04489322494e-09	-4.14761024103e-06
4.04854055877e-09	-2.06358066634e-06
4.05218789261e-09	1.95910736522e-07
4.05583522645e-09	1.87965841292e-06
4.05948256028e-09	2.55294227713e-06
4.06312989412e-09	2.22359079771e-06
4.06677722796e-09	1.28280422018e-06
4.07042456179e-09	3.09326395609e-07
4.07407189563e-09	-1.77832212955e-07
4.07771922947e-09	7.36566718729e-08
4.0813665633e-09	9.49940918815e-07
4.08501389714e-09	2.01236446173e-06
4.08866123098e-09	2.66986916131e-06
4.09230856481e-09	2.42692928509e-06
4.09595589865e-09	1.11249255497e-06
4.09960323249e-09	-1.01065067781e-06
4.10325056632e-09	-3.31336215709e-06
4.10689790016e-09	-5.02897984234e-06
4.110545234e-09	-5.5491278772e-06
4.11419256783e-09	-4.66078262207e-06
4.11783990167e-09	-2.62578925003e-06
4.12148723551e-09	-7.85256784042e-08
4.12513456934e-09	2.21044993509e-06
4.12878190318e-09	3.60752264328e-06
4.13242923702e-09	3.82779580832e-06
4.13607657085e-09	3.01670738168e-06
4.13972390469e-09	1.67589846001e-06
4.14337123853e-09	4.553082249e-07
4.14701857236e-09	-1.17583658366e-07
4.1506659062e-09	1.3166421553e-07
4.15431324004e-09	9.35801402591e-07
4.15796057387e-09	1.69630408209e-06
4.16160790771e-09	1.75958382442e-06
4.16525524155e-09	7.41428785034e-07
4.16890257538e-09	-1.25406128859e-06
4.17254990922e-09	-3.63107645285e-06
4.17619724306e-09	-5.52674094934e-06
4.17984457689e-09	-6.16362910932e-06
4.18349191073e-09	-5.17595816518e-06
4.18713924457e-09	-2.77149365502e-06
4.1907865784e-09	3.34268612789e-07
4.19443391224e-09	3.18120328302e-06
4.19808124608e-09	4.92058615009e-06
4.20172857991e-09	5.12912009754e-06
4.20537591375e-09	3.96088256593e-06
4.20902324759e-09	2.06954030091e-06
4.21267058143e-09	3.24141218755e-07
4.21631791526e-09	-5.72762068884e-07
4.2199652491e-09	-3.98452154826e-07
4.22361258294e-09	4.9331355001e-07
4.22725991677e-09	1.3504225933e-06
4.23090725061e-09	1.39706335744e-06
4.23455458445e-09	2.30498343967e-07
4.23820191828e-09	-1.95309684159e-06
