% time-domain voltage integration by openEMS v0.0.36-93-g7b9cd51 @Thu Sep 24 15:43:16 2026
% start-coordinates: (0.0583,0,0.000106593) m -> [75,3,5]
% stop-coordinates: (0.0583,0,0.0021) m -> [75,3,7]
% t/s	voltage
0	-0
3.64733383673e-12	-0
7.29466767346e-12	-0
1.09420015102e-11	-0
1.45893353469e-11	-0
1.82366691837e-11	-0
2.18840030204e-11	-2.24637228729e-36
2.55313368571e-11	-1.30624486664e-31
2.91786706939e-11	-1.09316366689e-28
3.28260045306e-11	-2.62918085617e-26
3.64733383673e-11	-2.5151936578e-24
4.0120672204e-11	-1.18087714369e-22
4.37680060408e-11	-3.1470794991e-21
4.74153398775e-11	-5.30630029851e-20
5.10626737142e-11	-6.14401699487e-19
5.4710007551e-11	-5.20819600578e-18
5.83573413877e-11	-3.4017394064e-17
6.20046752244e-11	-1.78426416659e-16
6.56520090612e-11	-7.77084377517e-16
6.92993428979e-11	-2.88506393975e-15
7.29466767346e-11	-9.31014305211e-15
7.65940105714e-11	-2.64324428129e-14
8.02413444081e-11	-6.62538718956e-14
8.38886782448e-11	-1.45302374665e-13
8.75360120816e-11	-2.69517935259e-13
9.11833459183e-11	-3.77785073325e-13
9.4830679755e-11	-1.8548958095e-13
9.84780135918e-11	1.18290911734e-12
1.02125347428e-10	5.96036414668e-12
1.05772681265e-10	1.91877015578e-11
1.09420015102e-10	5.12272871692e-11
1.13067348939e-10	1.2176158519e-10
1.16714682775e-10	2.65601013405e-10
1.20362016612e-10	5.40266380245e-10
1.24009350449e-10	1.03452595102e-09
1.27656684286e-10	1.8756991238e-09
1.31304018122e-10	3.23143589664e-09
1.34951351959e-10	5.29877514088e-09
1.38598685796e-10	8.26969259737e-09
1.42246019633e-10	1.2258266735e-08
1.45893353469e-10	1.71707621455e-08
1.49540687306e-10	2.24971605789e-08
1.53188021143e-10	2.70025775073e-08
1.56835354979e-10	2.8301040178e-08
1.60482688816e-10	2.23048688408e-08
1.64130022653e-10	2.56148313671e-09
1.6777735649e-10	-4.04825843958e-08
1.71424690326e-10	-1.20214863841e-07
1.75072024163e-10	-2.54469551209e-07
1.78719358e-10	-4.6586026059e-07
1.82366691837e-10	-7.81637687908e-07
1.86014025673e-10	-1.23285772702e-06
1.8966135951e-10	-1.85264467234e-06
1.93308693347e-10	-2.67336568527e-06
1.96956027184e-10	-3.72259151504e-06
2.0060336102e-10	-5.01781869389e-06
2.04250694857e-10	-6.56004647226e-06
2.07898028694e-10	-8.32652392546e-06
2.1154536253e-10	-1.02631062191e-05
2.15192696367e-10	-1.22769654354e-05
2.18840030204e-10	-1.42305977988e-05
2.22487364041e-10	-1.59382232141e-05
2.26134697877e-10	-1.71657086412e-05
2.29782031714e-10	-1.76352295966e-05
2.33429365551e-10	-1.7035371684e-05
2.37076699388e-10	-1.50371039354e-05
2.40724033224e-10	-1.13155028885e-05
2.44371367061e-10	-5.5763626392e-06
2.48018700898e-10	2.41374419829e-06
2.51666034734e-10	1.27957607674e-05
2.55313368571e-10	2.55873771948e-05
2.58960702408e-10	4.06555300287e-05
2.62608036245e-10	5.76955681026e-05
2.66255370081e-10	7.62196432333e-05
2.69902703918e-10	9.55579398578e-05
2.73550037755e-10	0.000114874239443
2.77197371592e-10	0.000133199024276
2.80844705428e-10	0.000149477933519
2.84492039265e-10	0.000162635882589
2.88139373102e-10	0.000171650615812
2.91786706939e-10	0.000175631570528
2.95434040775e-10	0.000173895345142
2.99081374612e-10	0.000166032748893
3.02728708449e-10	0.000151960020958
3.06376042285e-10	0.000131951095682
3.10023376122e-10	0.000106647172288
3.13670709959e-10	7.70427604948e-05
3.17318043796e-10	4.44464913016e-05
3.20965377632e-10	1.04172963802e-05
3.24612711469e-10	-2.33244195442e-05
3.28260045306e-10	-5.5006020375e-05
3.31907379143e-10	-8.29267701192e-05
3.35554712979e-10	-0.000105585787423
3.39202046816e-10	-0.000121799522276
3.42849380653e-10	-0.000130795886434
3.4649671449e-10	-0.000132271259645
3.50144048326e-10	-0.000126406517666
3.53791382163e-10	-0.000113841163511
3.57438716e-10	-9.56147505349e-05
3.61086049836e-10	-7.30844503778e-05
3.64733383673e-10	-4.78295337416e-05
3.6838071751e-10	-2.15487302739e-05
3.72028051347e-10	4.04762033668e-06
3.75675385183e-10	2.73505859241e-05
3.7932271902e-10	4.69689866804e-05
3.82970052857e-10	6.18404874331e-05
3.86617386694e-10	7.13229901521e-05
3.9026472053e-10	7.52466421545e-05
3.93912054367e-10	7.39110209906e-05
3.97559388204e-10	6.80206730976e-05
4.0120672204e-10	5.85698871873e-05
4.04854055877e-10	4.66986002721e-05
4.08501389714e-10	3.35528197866e-05
4.12148723551e-10	2.01766188184e-05
4.15796057387e-10	7.45128033941e-06
4.19443391224e-10	-3.92364790969e-06
4.23090725061e-10	-1.34257558102e-05
4.26738058898e-10	-2.07069197131e-05
4.30385392734e-10	-2.56070152318e-05
4.34032726571e-10	-2.81821678527e-05
4.37680060408e-10	-2.87266584564e-05
4.41327394245e-10	-2.77589351754e-05
4.44974728081e-10	-2.59492830992e-05
4.48622061918e-10	-2.39890960074e-05
4.52269395755e-10	-2.24301570597e-05
4.55916729591e-10	-2.1543947696e-05
4.59564063428e-10	-2.12522854781e-05
4.63211397265e-10	-2.11615206354e-05
4.66858731102e-10	-2.06942463592e-05
4.70506064938e-10	-1.92737413727e-05
4.74153398775e-10	-1.64949199188e-05
4.77800732612e-10	-1.2220017652e-05
4.81448066449e-10	-6.57055960573e-06
4.85095400285e-10	1.66458676176e-07
4.88742734122e-10	7.6608478139e-06
4.92390067959e-10	1.56220073677e-05
4.96037401796e-10	2.37951617237e-05
4.99684735632e-10	3.18714874084e-05
5.03332069469e-10	3.93640543734e-05
5.06979403306e-10	4.5528622195e-05
5.10626737142e-10	4.94005234941e-05
5.14274070979e-10	4.99717925777e-05
5.17921404816e-10	4.64672652924e-05
5.21568738653e-10	3.86230622098e-05
5.25216072489e-10	2.68558251264e-05
5.28863406326e-10	1.2241923173e-05
5.32510740163e-10	-3.70030716113e-06
5.36158074e-10	-1.93521932488e-05
5.39805407836e-10	-3.33331349793e-05
5.43452741673e-10	-4.47113407063e-05
5.4710007551e-10	-5.30186607648e-05
5.50747409346e-10	-5.80927899136e-05
5.54394743183e-10	-5.98482224632e-05
5.5804207702e-10	-5.81123426855e-05
5.61689410857e-10	-5.26260037077e-05
5.65336744693e-10	-4.32282358815e-05
5.6898407853e-10	-3.01424540794e-05
5.72631412367e-10	-1.42198310868e-05
5.76278746204e-10	3.00483009141e-06
5.7992608004e-10	1.95184095446e-05
5.83573413877e-10	3.32576228175e-05
5.87220747714e-10	4.26167930527e-05
5.90868081551e-10	4.68438465759e-05
5.94515415387e-10	4.61685513073e-05
5.98162749224e-10	4.16112352468e-05
6.01810083061e-10	3.45563889823e-05
6.05457416897e-10	2.62740479684e-05
6.09104750734e-10	1.75922582457e-05
6.12752084571e-10	8.84938833678e-06
6.16399418408e-10	1.21662285579e-07
6.20046752244e-10	-8.41128587581e-06
6.23694086081e-10	-1.61668363035e-05
6.27341419918e-10	-2.2101656441e-05
6.30988753755e-10	-2.49569841344e-05
6.34636087591e-10	-2.37216240748e-05
6.38283421428e-10	-1.8114611521e-05
6.41930755265e-10	-8.86331463334e-06
6.45578089102e-10	2.37356155708e-06
6.49225422938e-10	1.34395816076e-05
6.52872756775e-10	2.23180400098e-05
6.56520090612e-10	2.77242947959e-05
6.60167424448e-10	2.94146184388e-05
6.63814758285e-10	2.80924102753e-05
6.67462092122e-10	2.49660261034e-05
6.71109425959e-10	2.11659516935e-05
6.74756759795e-10	1.72863990429e-05
6.78404093632e-10	1.32535116109e-05
6.82051427469e-10	8.56353290146e-06
6.85698761306e-10	2.76031357771e-06
6.89346095142e-10	-4.09162322512e-06
6.92993428979e-10	-1.11801325602e-05
6.96640762816e-10	-1.70933085428e-05
7.00288096652e-10	-2.02988471756e-05
7.03935430489e-10	-1.97584649868e-05
7.07582764326e-10	-1.54106288619e-05
7.11230098163e-10	-8.30178510114e-06
7.14877431999e-10	-2.89016060862e-07
7.18524765836e-10	6.57869696852e-06
7.22172099673e-10	1.07534874587e-05
7.2581943351e-10	1.16694430972e-05
7.29466767346e-10	9.81820767265e-06
7.33114101183e-10	6.40299265342e-06
7.3676143502e-10	2.74274088952e-06
7.40408768857e-10	-2.96918138076e-07
7.44056102693e-10	-2.59337272723e-06
7.4770343653e-10	-4.66396681986e-06
7.51350770367e-10	-7.24224952364e-06
7.54998104203e-10	-1.07481658915e-05
7.5864543804e-10	-1.49090517425e-05
7.62292771877e-10	-1.87128198377e-05
7.65940105714e-10	-2.07276234505e-05
7.6958743955e-10	-1.96601879452e-05
7.73234773387e-10	-1.49209555502e-05
7.76882107224e-10	-6.95269727657e-06
7.80529441061e-10	2.82689913433e-06
7.84176774897e-10	1.24595286479e-05
7.87824108734e-10	2.00854349259e-05
7.91471442571e-10	2.45260625888e-05
7.95118776408e-10	2.55738736996e-05
7.98766110244e-10	2.38883148995e-05
8.02413444081e-10	2.05723790714e-05
8.06060777918e-10	1.66419140442e-05
8.09708111754e-10	1.26272896068e-05
8.13355445591e-10	8.46834598178e-06
8.17002779428e-10	3.71806657995e-06
8.20650113265e-10	-2.06291406357e-06
8.24297447101e-10	-8.91070010312e-06
8.27944780938e-10	-1.62396534051e-05
8.31592114775e-10	-2.29005240726e-05
8.35239448612e-10	-2.75041657005e-05
8.38886782448e-10	-2.88903149794e-05
8.42534116285e-10	-2.65584410499e-05
8.46181450122e-10	-2.08813307836e-05
8.49828783958e-10	-1.30070047817e-05
8.53476117795e-10	-4.48375021733e-06
8.57123451632e-10	3.23518560208e-06
8.60770785469e-10	9.20420484363e-06
8.64418119305e-10	1.31592166781e-05
8.68065453142e-10	1.54142614974e-05
8.71712786979e-10	1.65631595337e-05
8.75360120816e-10	1.7135479311e-05
8.79007454652e-10	1.73481714683e-05
8.82654788489e-10	1.70341327248e-05
8.86302122326e-10	1.57553267854e-05
8.89949456163e-10	1.30467618646e-05
8.93596789999e-10	8.69839823281e-06
8.97244123836e-10	2.96379909059e-06
9.00891457673e-10	-3.39919208159e-06
9.04538791509e-10	-9.29713951336e-06
9.08186125346e-10	-1.36314837391e-05
9.11833459183e-10	-1.56647819267e-05
9.1548079302e-10	-1.52671535716e-05
9.19128126856e-10	-1.29395434669e-05
9.22775460693e-10	-9.60860063515e-06
9.2642279453e-10	-6.2891282937e-06
9.30070128367e-10	-3.75025814492e-06
9.33717462203e-10	-2.30224895859e-06
9.3736479604e-10	-1.759330857e-06
9.41012129877e-10	-1.57526636713e-06
9.44659463714e-10	-1.10195550462e-06
9.4830679755e-10	1.11755698029e-07
9.51954131387e-10	2.08713771599e-06
9.55601465224e-10	4.35373419805e-06
9.5924879906e-10	6.1121413637e-06
9.62896132897e-10	6.57804866933e-06
9.66543466734e-10	5.36278963637e-06
9.70190800571e-10	2.70706954097e-06
9.73838134407e-10	-5.58707149878e-07
9.77485468244e-10	-3.32093651423e-06
9.81132802081e-10	-4.62068652496e-06
9.84780135918e-10	-4.02900701602e-06
9.88427469754e-10	-1.80626466317e-06
9.92074803591e-10	1.20797216141e-06
9.95722137428e-10	3.92122626636e-06
9.99369471264e-10	5.40778904679e-06
1.0030168051e-09	5.27020279151e-06
1.00666413894e-09	3.80499176345e-06
1.01031147277e-09	1.88888354558e-06
1.01395880661e-09	6.02093145119e-07
1.01760614045e-09	7.26773350834e-07
1.02125347428e-09	2.3437932839e-06
1.02490080812e-09	4.73679108381e-06
1.02854814196e-09	6.67791613296e-06
1.0321954758e-09	6.97934433447e-06
1.03584280963e-09	5.04936485868e-06
1.03949014347e-09	1.1869543215e-06
1.04313747731e-09	-3.52107278445e-06
1.04678481114e-09	-7.64144823506e-06
1.05043214498e-09	-9.96877656689e-06
1.05407947882e-09	-9.98751022507e-06
1.05772681265e-09	-8.04301578228e-06
1.06137414649e-09	-5.16555553531e-06
1.06502148033e-09	-2.61923946709e-06
1.06866881416e-09	-1.3500057463e-06
1.072316148e-09	-1.55684038816e-06
1.07596348184e-09	-2.58455278868e-06
1.07961081567e-09	-3.21701199368e-06
1.08325814951e-09	-2.26807634363e-06
1.08690548335e-09	7.95144757149e-07
1.09055281718e-09	5.50615101247e-06
1.09420015102e-09	1.05193369109e-05
1.09784748486e-09	1.41540202776e-05
1.10149481869e-09	1.51041504068e-05
1.10514215253e-09	1.29784652927e-05
1.10878948637e-09	8.43310476739e-06
1.1124368202e-09	2.86357467871e-06
1.11608415404e-09	-2.18037729383e-06
1.11973148788e-09	-5.59569423331e-06
1.12337882171e-09	-7.10154318995e-06
1.12702615555e-09	-7.25358455611e-06
1.13067348939e-09	-7.1021995609e-06
1.13432082322e-09	-7.63575019391e-06
1.13796815706e-09	-9.24539756397e-06
1.1416154909e-09	-1.14596386993e-05
1.14526282473e-09	-1.30990133584e-05
1.14891015857e-09	-1.28100921302e-05
1.15255749241e-09	-9.74104159468e-06
1.15620482624e-09	-4.02771797781e-06
1.15985216008e-09	3.16102517672e-06
1.16349949392e-09	1.00495636843e-05
1.16714682775e-09	1.49470390625e-05
1.17079416159e-09	1.687609074e-05
1.17444149543e-09	1.58636445349e-05
1.17808882926e-09	1.27999405777e-05
1.1817361631e-09	8.97214465567e-06
1.18538349694e-09	5.50040118696e-06
1.18903083077e-09	2.91463840085e-06
1.19267816461e-09	1.03085579894e-06
1.19632549845e-09	-8.38877532772e-07
1.19997283228e-09	-3.43814940607e-06
1.20362016612e-09	-7.07666822564e-06
1.20726749996e-09	-1.13307786478e-05
1.21091483379e-09	-1.5099022562e-05
1.21456216763e-09	-1.70196733507e-05
1.21820950147e-09	-1.60718291227e-05
1.22185683531e-09	-1.2071634842e-05
1.22550416914e-09	-5.81417066314e-06
1.22915150298e-09	1.21201458114e-06
1.23279883682e-09	7.39457516374e-06
1.23644617065e-09	1.15754560284e-05
1.24009350449e-09	1.33802612936e-05
1.24374083833e-09	1.3187006175e-05
1.24738817216e-09	1.1798605783e-05
1.251035506e-09	1.00025230267e-05
1.25468283984e-09	8.21848766464e-06
1.25833017367e-09	6.37204266241e-06
1.26197750751e-09	4.02839711455e-06
1.26562484135e-09	7.17802606687e-07
1.26927217518e-09	-3.69381874066e-06
1.27291950902e-09	-8.76470346611e-06
1.27656684286e-09	-1.35003285777e-05
1.28021417669e-09	-1.66624010944e-05
1.28386151053e-09	-1.72437285073e-05
1.28750884437e-09	-1.48928264707e-05
1.2911561782e-09	-1.00807935723e-05
1.29480351204e-09	-3.92719488218e-06
1.29845084588e-09	2.22790998805e-06
1.30209817971e-09	7.29498958663e-06
1.30574551355e-09	1.07346347704e-05
1.30939284739e-09	1.25768901853e-05
1.31304018122e-09	1.31998805273e-05
1.31668751506e-09	1.30123354438e-05
1.3203348489e-09	1.22027834095e-05
1.32398218273e-09	1.06607202497e-05
1.32762951657e-09	8.08507309102e-06
1.33127685041e-09	4.21841701836e-06
1.33492418424e-09	-9.00309188978e-07
1.33857151808e-09	-6.77901994095e-06
1.34221885192e-09	-1.24962775772e-05
1.34586618575e-09	-1.69230529536e-05
1.34951351959e-09	-1.90741645838e-05
1.35316085343e-09	-1.84477353287e-05
1.35680818726e-09	-1.52015717276e-05
1.3604555211e-09	-1.00801469216e-05
1.36410285494e-09	-4.12701302821e-06
1.36775018877e-09	1.67792552475e-06
1.37139752261e-09	6.68546476845e-06
1.37504485645e-09	1.0642904158e-05
1.37869219028e-09	1.35670983354e-05
1.38233952412e-09	1.55309852516e-05
1.38598685796e-09	1.6493557041e-05
1.38963419179e-09	1.62554392773e-05
1.39328152563e-09	1.4544296846e-05
1.39692885947e-09	1.11744948299e-05
1.4005761933e-09	6.20781156613e-06
1.40422352714e-09	5.29532222515e-08
1.40787086098e-09	-6.5354616936e-06
1.41151819482e-09	-1.25758753029e-05
1.41516552865e-09	-1.70793346115e-05
1.41881286249e-09	-1.93100031538e-05
1.42246019633e-09	-1.89900420082e-05
1.42610753016e-09	-1.63587935731e-05
1.429754864e-09	-1.20539723412e-05
1.43340219784e-09	-6.8726830591e-06
1.43704953167e-09	-1.52904910067e-06
1.44069686551e-09	3.48083946733e-06
1.44434419935e-09	7.87196188412e-06
1.44799153318e-09	1.14705633223e-05
1.45163886702e-09	1.41118130159e-05
1.45528620086e-09	1.55981523449e-05
1.45893353469e-09	1.57246402068e-05
1.46258086853e-09	1.43373279116e-05
1.46622820237e-09	1.13944594204e-05
1.4698755362e-09	7.02391650975e-06
1.47352287004e-09	1.57757098407e-06
1.47717020388e-09	-4.33976714476e-06
1.48081753771e-09	-9.91342039924e-06
1.48446487155e-09	-1.42658213917e-05
1.48811220539e-09	-1.66801746673e-05
1.49175953922e-09	-1.68091801243e-05
1.49540687306e-09	-1.47664443375e-05
1.4990542069e-09	-1.10565480327e-05
1.50270154073e-09	-6.38928935359e-06
1.50634887457e-09	-1.47695432418e-06
1.50999620841e-09	3.10264766767e-06
1.51364354224e-09	6.95714311405e-06
1.51729087608e-09	9.8731078424e-06
1.52093820992e-09	1.17836788149e-05
1.52458554375e-09	1.27144502358e-05
1.52823287759e-09	1.27030979229e-05
1.53188021143e-09	1.17170857266e-05
1.53552754526e-09	9.63089246397e-06
1.5391748791e-09	6.31553200492e-06
1.54282221294e-09	1.82162648343e-06
1.54646954677e-09	-3.44893680904e-06
1.55011688061e-09	-8.7148592911e-06
1.55376421445e-09	-1.29902794015e-05
1.55741154828e-09	-1.53986046598e-05
1.56105888212e-09	-1.54712004132e-05
1.56470621596e-09	-1.32892231477e-05
1.56835354979e-09	-9.42127121561e-06
1.57200088363e-09	-4.71480387887e-06
1.57564821747e-09	-4.29129478619e-08
1.5792955513e-09	3.91124893895e-06
1.58294288514e-09	6.79103732182e-06
1.58659021898e-09	8.60058173657e-06
1.59023755282e-09	9.61707473834e-06
1.59388488665e-09	1.01876103145e-05
1.59753222049e-09	1.04815164832e-05
1.60117955433e-09	1.03296632687e-05
1.60482688816e-09	9.27118867367e-06
1.608474222e-09	6.82152182208e-06
1.61212155584e-09	2.82969310206e-06
1.61576888967e-09	-2.28481417253e-06
1.61941622351e-09	-7.56981216909e-06
1.62306355735e-09	-1.18488969747e-05
1.62671089118e-09	-1.41455454923e-05
1.63035822502e-09	-1.40185876489e-05
1.63400555886e-09	-1.16772195042e-05
1.63765289269e-09	-7.86359618132e-06
1.64130022653e-09	-3.5809404153e-06
1.64494756037e-09	2.29673403851e-07
1.6485948942e-09	2.97077565392e-06
1.65224222804e-09	4.54643111425e-06
1.65588956188e-09	5.32935388264e-06
1.65953689571e-09	5.92180583681e-06
1.66318422955e-09	6.79194079112e-06
1.66683156339e-09	7.96129972969e-06
1.67047889722e-09	8.92835919331e-06
1.67412623106e-09	8.90014848665e-06
1.6777735649e-09	7.22534730357e-06
1.68142089873e-09	3.79363598313e-06
1.68506823257e-09	-8.18837676775e-07
1.68871556641e-09	-5.53188186814e-06
1.69236290024e-09	-9.16672217954e-06
1.69601023408e-09	-1.08732829176e-05
1.69965756792e-09	-1.04019788978e-05
1.70330490175e-09	-8.14213171907e-06
1.70695223559e-09	-4.94623765235e-06
1.71059956943e-09	-1.81566197455e-06
1.71424690326e-09	4.53259460187e-07
1.7178942371e-09	1.54711280231e-06
1.72154157094e-09	1.72364381967e-06
1.72518890477e-09	1.64774307621e-06
1.72883623861e-09	2.02421580298e-06
1.73248357245e-09	3.19651545055e-06
1.73613090628e-09	4.92592812407e-06
1.73977824012e-09	6.48240165901e-06
1.74342557396e-09	7.00623974126e-06
1.74707290779e-09	5.94619018557e-06
1.75072024163e-09	3.34504582611e-06
1.75436757547e-09	-1.5897143868e-07
1.7580149093e-09	-3.58881206353e-06
1.76166224314e-09	-6.00290690045e-06
1.76530957698e-09	-6.82511807781e-06
1.76895691081e-09	-6.02017252049e-06
1.77260424465e-09	-4.07486032827e-06
1.77625157849e-09	-1.80190909305e-06
1.77989891233e-09	-2.77619844891e-08
1.78354624616e-09	7.30859852638e-07
1.78719358e-09	4.70425078447e-07
1.79084091384e-09	-3.20277358412e-07
1.79448824767e-09	-9.14959002785e-07
1.79813558151e-09	-7.23820498649e-07
1.80178291535e-09	4.02758100648e-07
1.80543024918e-09	2.09910177773e-06
1.80907758302e-09	3.6692972003e-06
1.81272491686e-09	4.42472179429e-06
1.81637225069e-09	3.99670676643e-06
1.82001958453e-09	2.48325102348e-06
1.82366691837e-09	3.88361630854e-07
1.8273142522e-09	-1.5914501148e-06
1.83096158604e-09	-2.83375024424e-06
1.83460891988e-09	-3.01351315102e-06
1.83825625371e-09	-2.21389731792e-06
1.84190358755e-09	-8.88117419606e-07
1.84555092139e-09	3.22672704556e-07
1.84919825522e-09	8.55580182701e-07
1.85284558906e-09	4.69397555491e-07
1.8564929229e-09	-6.49362611682e-07
1.86014025673e-09	-1.97529951151e-06
1.86378759057e-09	-2.88943596161e-06
1.86743492441e-09	-2.95931221217e-06
1.87108225824e-09	-2.1181166403e-06
1.87472959208e-09	-6.66172951469e-07
1.87837692592e-09	8.86105063103e-07
1.88202425975e-09	2.04436642548e-06
1.88567159359e-09	2.52040982218e-06
1.88931892743e-09	2.31789223903e-06
1.89296626126e-09	1.69680497208e-06
1.8966135951e-09	1.04499402198e-06
1.90026092894e-09	7.08142941619e-07
1.90390826277e-09	8.40134440239e-07
1.90755559661e-09	1.33124450485e-06
1.91120293045e-09	1.84789944058e-06
1.91485026428e-09	1.97576954974e-06
1.91849759812e-09	1.40834356444e-06
1.92214493196e-09	9.75498131162e-08
1.92579226579e-09	-1.70500484842e-06
1.92943959963e-09	-3.53474393933e-06
1.93308693347e-09	-4.88811213017e-06
1.9367342673e-09	-5.40394307791e-06
1.94038160114e-09	-4.97722834325e-06
1.94402893498e-09	-3.76700293714e-06
1.94767626881e-09	-2.10954698332e-06
1.95132360265e-09	-3.83228908163e-07
1.95497093649e-09	1.11794649627e-06
1.95861827032e-09	2.25657984743e-06
1.96226560416e-09	3.0517254288e-06
1.965912938e-09	3.61531985504e-06
1.96956027184e-09	4.05844406259e-06
1.97320760567e-09	4.40834571691e-06
1.97685493951e-09	4.57304651036e-06
1.98050227335e-09	4.36875149035e-06
1.98414960718e-09	3.60143440048e-06
1.98779694102e-09	2.1683081286e-06
1.99144427486e-09	1.36939084516e-07
1.99509160869e-09	-2.23536002864e-06
1.99873894253e-09	-4.55362521734e-06
2.00238627637e-09	-6.39174754724e-06
2.0060336102e-09	-7.41096494039e-06
2.00968094404e-09	-7.44484265169e-06
2.01332827788e-09	-6.52251083011e-06
2.01697561171e-09	-4.83176302168e-06
2.02062294555e-09	-2.64952024054e-06
2.02427027939e-09	-2.72096954745e-07
2.02791761322e-09	2.03272838917e-06
2.03156494706e-09	4.04957285127e-06
2.0352122809e-09	5.62205940469e-06
2.03885961473e-09	6.65010691137e-06
2.04250694857e-09	7.07905672925e-06
2.04615428241e-09	6.8841546863e-06
2.04980161624e-09	6.05819059274e-06
2.05344895008e-09	4.61458637346e-06
2.05709628392e-09	2.60937659391e-06
2.06074361775e-09	1.71423495843e-07
2.06439095159e-09	-2.48112237955e-06
2.06803828543e-09	-5.05447081878e-06
2.07168561926e-09	-7.22118051044e-06
2.0753329531e-09	-8.67413154992e-06
2.07898028694e-09	-9.17423324154e-06
2.08262762077e-09	-8.58754697219e-06
2.08627495461e-09	-6.91555482035e-06
2.08992228845e-09	-4.32014991247e-06
2.09356962228e-09	-1.12722842971e-06
2.09721695612e-09	2.21138310508e-06
2.10086428996e-09	5.2063937801e-06
2.10451162379e-09	7.44528460928e-06
2.10815895763e-09	8.68689369327e-06
2.11180629147e-09	8.89352759259e-06
2.1154536253e-09	8.19156230136e-06
2.11910095914e-09	6.78752570593e-06
2.12274829298e-09	4.88454486458e-06
2.12639562681e-09	2.63478943907e-06
2.13004296065e-09	1.38692738183e-07
2.13369029449e-09	-2.51725268186e-06
2.13733762832e-09	-5.20396270076e-06
2.14098496216e-09	-7.69695964209e-06
2.144632296e-09	-9.657442547e-06
2.14827962983e-09	-1.06733963321e-05
2.15192696367e-09	-1.03716204194e-05
2.15557429751e-09	-8.56965755247e-06
2.15922163135e-09	-5.40287805961e-06
2.16286896518e-09	-1.35241552357e-06
2.16651629902e-09	2.8595664503e-06
2.17016363286e-09	6.47641473961e-06
2.17381096669e-09	8.92933041996e-06
2.17745830053e-09	9.98179871203e-06
2.18110563437e-09	9.74309148205e-06
2.1847529682e-09	8.55848247738e-06
2.18840030204e-09	6.8349098683e-06
2.19204763588e-09	4.87623788104e-06
2.19569496971e-09	2.79298382111e-06
2.19934230355e-09	5.1914757293e-07
2.20298963739e-09	-2.06850873496e-06
2.20663697122e-09	-4.97975980807e-06
2.21028430506e-09	-7.96994618213e-06
2.2139316389e-09	-1.05147254317e-05
2.21757897273e-09	-1.19398786183e-05
2.22122630657e-09	-1.1670107483e-05
2.22487364041e-09	-9.48827334923e-06
2.22852097424e-09	-5.67927293105e-06
2.23216830808e-09	-9.81205396045e-07
2.23581564192e-09	3.64143008369e-06
2.23946297575e-09	7.30560486772e-06
2.24311030959e-09	9.47228113546e-06
2.24675764343e-09	1.00647838508e-05
2.25040497726e-09	9.41111932207e-06
2.2540523111e-09	8.0449701727e-06
2.25769964494e-09	6.4521560148e-06
2.26134697877e-09	4.86648508513e-06
2.26499431261e-09	3.20492446804e-06
2.26864164645e-09	1.17646015951e-06
2.27228898028e-09	-1.479413271e-06
2.27593631412e-09	-4.74041729603e-06
2.27958364796e-09	-8.17227532934e-06
2.28323098179e-09	-1.10069661332e-05
2.28687831563e-09	-1.24092969145e-05
2.29052564947e-09	-1.1812256048e-05
2.2941729833e-09	-9.16598696676e-06
2.29782031714e-09	-4.98786374692e-06
2.30146765098e-09	-1.98350223357e-07
2.30511498481e-09	4.18274856884e-06
2.30876231865e-09	7.35578367994e-06
2.31240965249e-09	8.96108008419e-06
2.31605698632e-09	9.12550535759e-06
2.31970432016e-09	8.32795080896e-06
2.323351654e-09	7.13941756203e-06
2.32699898783e-09	5.94845545265e-06
2.33064632167e-09	4.79689151689e-06
2.33429365551e-09	3.40947508448e-06
2.33794098935e-09	1.40829793338e-06
2.34158832318e-09	-1.39718781611e-06
2.34523565702e-09	-4.79995685509e-06
2.34888299086e-09	-8.18283683657e-06
2.35253032469e-09	-1.07142664092e-05
2.35617765853e-09	-1.16587102639e-05
2.35982499237e-09	-1.06563668396e-05
2.3634723262e-09	-7.85885242749e-06
2.36711966004e-09	-3.87944211866e-06
2.37076699388e-09	4.06003103137e-07
2.37441432771e-09	4.13014822698e-06
2.37806166155e-09	6.68570368134e-06
2.38170899539e-09	7.87533980429e-06
2.38535632922e-09	7.90709412968e-06
2.38900366306e-09	7.23390377289e-06
2.3926509969e-09	6.30603182117e-06
2.39629833073e-09	5.35252479494e-06
2.39994566457e-09	4.30446272048e-06
2.40359299841e-09	2.89608499315e-06
2.40724033224e-09	8.8386086361e-07
2.41088766608e-09	-1.74510159923e-06
2.41453499992e-09	-4.68610187454e-06
2.41818233375e-09	-7.3895459991e-06
2.42182966759e-09	-9.24177561501e-06
2.42547700143e-09	-9.76658236596e-06
2.42912433526e-09	-8.77133231825e-06
2.4327716691e-09	-6.40520556772e-06
2.43641900294e-09	-3.12599865993e-06
2.44006633677e-09	4.13926990461e-07
2.44371367061e-09	3.54122568069e-06
2.44736100445e-09	5.74910126261e-06
2.45100833828e-09	6.82965344367e-06
2.45465567212e-09	6.89114335728e-06
2.45830300596e-09	6.24874701316e-06
2.46195033979e-09	5.24855926187e-06
2.46559767363e-09	4.1176269292e-06
2.46924500747e-09	2.91319153689e-06
2.4728923413e-09	1.57373109744e-06
2.47653967514e-09	2.1015146956e-08
2.48018700898e-09	-1.75264933944e-06
2.48383434281e-09	-3.64170645639e-06
2.48748167665e-09	-5.4252842574e-06
2.49112901049e-09	-6.7919711455e-06
2.49477634432e-09	-7.39512609016e-06
2.49842367816e-09	-6.94969679671e-06
2.502071012e-09	-5.35708056759e-06
2.50571834583e-09	-2.80537767594e-06
2.50936567967e-09	2.25802974541e-07
2.51301301351e-09	3.08698383833e-06
2.51666034734e-09	5.16955549301e-06
2.52030768118e-09	6.1081276499e-06
2.52395501502e-09	5.8836487824e-06
2.52760234886e-09	4.78784522784e-06
2.53124968269e-09	3.28386980186e-06
2.53489701653e-09	1.82990022779e-06
2.53854435037e-09	7.30929492931e-07
2.5421916842e-09	5.52812651211e-08
2.54583901804e-09	-3.64252890961e-07
2.54948635188e-09	-8.38879024911e-07
2.55313368571e-09	-1.6573136179e-06
2.55678101955e-09	-2.90052827268e-06
2.56042835339e-09	-4.32980812093e-06
2.56407568722e-09	-5.42928034974e-06
2.56772302106e-09	-5.61614928074e-06
2.5713703549e-09	-4.53040229331e-06
2.57501768873e-09	-2.25734402193e-06
2.57866502257e-09	6.45325812343e-07
2.58231235641e-09	3.34052612061e-06
2.58595969024e-09	5.03856921341e-06
2.58960702408e-09	5.30443838898e-06
2.59325435792e-09	4.21434532427e-06
2.59690169175e-09	2.30495840015e-06
2.60054902559e-09	3.48215305479e-07
2.60419635943e-09	-9.56050527634e-07
2.60784369326e-09	-1.2542443244e-06
2.6114910271e-09	-6.74995341399e-07
2.61513836094e-09	2.34780827668e-07
2.61878569477e-09	7.65432254468e-07
2.62243302861e-09	3.93640362972e-07
2.62608036245e-09	-9.31685192995e-07
2.62972769628e-09	-2.71955499898e-06
2.63337503012e-09	-4.13818230527e-06
2.63702236396e-09	-4.40798146428e-06
2.64066969779e-09	-3.19443512353e-06
2.64431703163e-09	-8.03149660555e-07
2.64796436547e-09	1.92591950565e-06
2.6516116993e-09	3.97427521648e-06
2.65525903314e-09	4.58268146986e-06
2.65890636698e-09	3.57095780146e-06
2.66255370081e-09	1.40504168655e-06
2.66620103465e-09	-1.00760377109e-06
2.66984836849e-09	-2.70159426918e-06
2.67349570232e-09	-3.05548365986e-06
2.67714303616e-09	-2.047898505e-06
2.68079037e-09	-2.56904176155e-07
2.68443770383e-09	1.40370164559e-06
2.68808503767e-09	2.10712767057e-06
2.69173237151e-09	1.50638773277e-06
2.69537970534e-09	-8.99549910116e-08
2.69902703918e-09	-1.85663506613e-06
2.70267437302e-09	-2.84890882085e-06
2.70632170685e-09	-2.46993826636e-06
2.70996904069e-09	-7.76956440518e-07
2.71361637453e-09	1.52696043187e-06
2.71726370837e-09	3.41135950066e-06
2.7209110422e-09	3.99203506163e-06
2.72455837604e-09	2.9336405305e-06
2.72820570988e-09	6.00562202635e-07
2.73185304371e-09	-2.10432887116e-06
2.73550037755e-09	-4.12949060546e-06
2.73914771139e-09	-4.72005046959e-06
2.74279504522e-09	-3.7265112951e-06
2.74644237906e-09	-1.65047252665e-06
2.7500897129e-09	5.91321786203e-07
2.75373704673e-09	2.08159536896e-06
2.75738438057e-09	2.31437337561e-06
2.76103171441e-09	1.41535272746e-06
2.76467904824e-09	6.29407050923e-08
2.76832638208e-09	-8.59137898601e-07
2.77197371592e-09	-7.14025944148e-07
2.77562104975e-09	5.54900893235e-07
2.77926838359e-09	2.37713797446e-06
2.78291571743e-09	3.82244704156e-06
2.78656305126e-09	4.04850078439e-06
2.7902103851e-09	2.71045928457e-06
2.79385771894e-09	1.34882435887e-07
2.79750505277e-09	-2.81471102426e-06
2.80115238661e-09	-5.10912451546e-06
2.80479972045e-09	-5.98431591925e-06
2.80844705428e-09	-5.24311394656e-06
2.81209438812e-09	-3.30521211822e-06
2.81574172196e-09	-9.96290992816e-07
2.81938905579e-09	8.25145782812e-07
2.82303638963e-09	1.64008548609e-06
2.82668372347e-09	1.47619560664e-06
2.8303310573e-09	8.56795438153e-07
2.83397839114e-09	5.095161697e-07
2.83762572498e-09	9.72005196331e-07
2.84127305881e-09	2.28574108974e-06
2.84492039265e-09	3.93915365748e-06
2.84856772649e-09	5.09515189151e-06
2.85221506032e-09	4.99685017985e-06
2.85586239416e-09	3.34741801566e-06
2.859509728e-09	4.77612534411e-07
2.86315706183e-09	-2.77812324612e-06
2.86680439567e-09	-5.4280685049e-06
2.87045172951e-09	-6.72439711025e-06
2.87409906334e-09	-6.43914859211e-06
2.87774639718e-09	-4.90720111657e-06
2.88139373102e-09	-2.83776279275e-06
2.88504106485e-09	-9.88393296097e-07
2.88868839869e-09	1.54504135708e-07
2.89233573253e-09	5.57743028651e-07
2.89598306636e-09	6.07675190167e-07
2.8996304002e-09	8.77454937154e-07
2.90327773404e-09	1.79655074817e-06
2.90692506788e-09	3.3834461135e-06
2.91057240171e-09	5.1777670933e-06
2.91421973555e-09	6.42106112991e-06
2.91786706939e-09	6.40483563075e-06
2.92151440322e-09	4.817166257e-06
2.92516173706e-09	1.91465674959e-06
2.9288090709e-09	-1.56172097832e-06
2.93245640473e-09	-4.67881886834e-06
2.93610373857e-09	-6.66846619879e-06
2.93975107241e-09	-7.18859990911e-06
2.94339840624e-09	-6.39256484192e-06
2.94704574008e-09	-4.80019974702e-06
2.95069307392e-09	-3.04740834167e-06
2.95434040775e-09	-1.62099455281e-06
2.95798774159e-09	-6.84478429491e-07
2.96163507543e-09	-5.6504207091e-08
2.96528240926e-09	6.49161087551e-07
2.9689297431e-09	1.78372897608e-06
2.97257707694e-09	3.43105253364e-06
2.97622441077e-09	5.30048237124e-06
2.97987174461e-09	6.8072691306e-06
2.98351907845e-09	7.3127688438e-06
2.98716641228e-09	6.4110803919e-06
2.99081374612e-09	4.12313869447e-06
2.99446107996e-09	9.09818879791e-07
2.99810841379e-09	-2.49320027024e-06
3.00175574763e-09	-5.33116866563e-06
3.00540308147e-09	-7.06558881802e-06
3.0090504153e-09	-7.50407969008e-06
3.01269774914e-09	-6.80150139942e-06
3.01634508298e-09	-5.35287523462e-06
3.01999241681e-09	-3.62930907727e-06
3.02363975065e-09	-2.01018858093e-06
3.02728708449e-09	-6.67967896106e-07
3.03093441832e-09	4.54231710023e-07
3.03458175216e-09	1.55877954455e-06
3.038229086e-09	2.8378254342e-06
3.04187641983e-09	4.31851213989e-06
3.04552375367e-09	5.78851586397e-06
3.04917108751e-09	6.84478635549e-06
3.05281842134e-09	7.04373718463e-06
3.05646575518e-09	6.08445202488e-06
3.06011308902e-09	3.94338420051e-06
3.06376042285e-09	9.14015345188e-07
3.06740775669e-09	-2.45575319013e-06
3.07105509053e-09	-5.49869935185e-06
3.07470242436e-09	-7.59974165021e-06
3.0783497582e-09	-8.3604035126e-06
3.08199709204e-09	-7.71440028302e-06
3.08564442588e-09	-5.94907589857e-06
3.08929175971e-09	-3.60981698577e-06
3.09293909355e-09	-1.30599380554e-06
3.09658642739e-09	5.09865934362e-07
3.10023376122e-09	1.69334397526e-06
3.10388109506e-09	2.41726672812e-06
3.1075284289e-09	3.03203921703e-06
3.11117576273e-09	3.84524281571e-06
3.11482309657e-09	4.92515232509e-06
3.11847043041e-09	6.02149447104e-06
3.12211776424e-09	6.6388534492e-06
3.12576509808e-09	6.23655688514e-06
3.12941243192e-09	4.47626695177e-06
3.13305976575e-09	1.42255336755e-06
3.13670709959e-09	-2.39126157453e-06
3.14035443343e-09	-6.07663264418e-06
3.14400176726e-09	-8.66517041231e-06
3.1476491011e-09	-9.45466626945e-06
3.15129643494e-09	-8.28702832223e-06
3.15494376877e-09	-5.62768167356e-06
3.15859110261e-09	-2.3915654026e-06
3.16223843645e-09	4.22737514327e-07
3.16588577028e-09	2.13417084183e-06
3.16953310412e-09	2.63264115574e-06
3.17318043796e-09	2.37014154436e-06
3.17682777179e-09	2.09562685427e-06
3.18047510563e-09	2.45959228096e-06
3.18412243947e-09	3.66904896509e-06
3.1877697733e-09	5.35001618118e-06
3.19141710714e-09	6.68124960157e-06
3.19506444098e-09	6.74923654742e-06
3.19871177481e-09	4.97877726957e-06
3.20235910865e-09	1.45466410117e-06
3.20600644249e-09	-3.01626957366e-06
3.20965377632e-09	-7.15369560567e-06
3.21330111016e-09	-9.67968003351e-06
3.216948444e-09	-9.82950996331e-06
3.22059577783e-09	-7.6708696497e-06
3.22424311167e-09	-4.08038209798e-06
3.22789044551e-09	-3.75016590226e-07
3.23153777934e-09	2.24056825004e-06
3.23518511318e-09	3.16487165719e-06
3.23883244702e-09	2.60819683717e-06
3.24247978085e-09	1.43343869752e-06
3.24612711469e-09	7.0845379696e-07
3.24977444853e-09	1.17792330911e-06
3.25342178236e-09	2.89141763687e-06
3.2570691162e-09	5.15230647125e-06
3.26071645004e-09	6.81265214553e-06
3.26436378387e-09	6.78967273871e-06
3.26801111771e-09	4.58253373381e-06
3.27165845155e-09	5.58735820277e-07
3.27530578539e-09	-4.12729377786e-06
3.27895311922e-09	-7.96654018131e-06
3.28260045306e-09	-9.70032874648e-06
3.2862477869e-09	-8.83632094428e-06
3.28989512073e-09	-5.84349498922e-06
3.29354245457e-09	-1.93839733242e-06
3.29718978841e-09	1.4419138239e-06
3.30083712224e-09	3.241561501e-06
3.30448445608e-09	3.19657561931e-06
3.30813178992e-09	1.88165753912e-06
3.31177912375e-09	3.87285712833e-07
3.31542645759e-09	-2.16603705638e-07
3.31907379143e-09	6.11236508519e-07
3.32272112526e-09	2.62612945789e-06
3.3263684591e-09	4.89940589432e-06
3.33001579294e-09	6.2347878611e-06
3.33366312677e-09	5.71625787416e-06
3.33731046061e-09	3.14820644576e-06
3.34095779445e-09	-8.11616587271e-07
3.34460512828e-09	-4.8904142318e-06
3.34825246212e-09	-7.71243958297e-06
3.35189979596e-09	-8.35996854676e-06
3.35554712979e-09	-6.73817004326e-06
3.35919446363e-09	-3.58651351462e-06
3.36284179747e-09	-1.41805625908e-07
3.3664891313e-09	2.38948879883e-06
3.37013646514e-09	3.3150184322e-06
3.37378379898e-09	2.69308009138e-06
3.37743113281e-09	1.23618970349e-06
3.38107846665e-09	-5.88583346506e-08
3.38472580049e-09	-3.82240482821e-07
3.38837313432e-09	5.21703256595e-07
3.39202046816e-09	2.24717140895e-06
3.395667802e-09	3.91902500496e-06
3.39931513583e-09	4.59689590571e-06
3.40296246967e-09	3.71051334014e-06
3.40660980351e-09	1.33393702129e-06
3.41025713734e-09	-1.82280540173e-06
3.41390447118e-09	-4.69844820827e-06
3.41755180502e-09	-6.31345051261e-06
3.42119913885e-09	-6.16069030457e-06
3.42484647269e-09	-4.3891070618e-06
3.42849380653e-09	-1.71341523014e-06
3.43214114036e-09	8.97728348548e-07
3.4357884742e-09	2.61291253878e-06
3.43943580804e-09	3.04522382066e-06
3.44308314187e-09	2.35675588556e-06
3.44673047571e-09	1.1329749583e-06
3.45037780955e-09	9.22494969302e-08
3.45402514338e-09	-2.38787933426e-07
3.45767247722e-09	2.53343438672e-07
3.46131981106e-09	1.24138449564e-06
3.4649671449e-09	2.12710750702e-06
3.46861447873e-09	2.32729550476e-06
3.47226181257e-09	1.5459829541e-06
3.47590914641e-09	-8.57776658592e-08
3.47955648024e-09	-2.05771050332e-06
3.48320381408e-09	-3.68767655345e-06
3.48685114792e-09	-4.394087739e-06
3.49049848175e-09	-3.92024628582e-06
3.49414581559e-09	-2.42375685389e-06
3.49779314943e-09	-4.04939822118e-07
3.50144048326e-09	1.49019548701e-06
3.5050878171e-09	2.71009932362e-06
3.50873515094e-09	2.98818810052e-06
3.51238248477e-09	2.41256287836e-06
3.51602981861e-09	1.35471016449e-06
3.51967715245e-09	2.93723907419e-07
3.52332448628e-09	-3.86119822338e-07
3.52697182012e-09	-5.39016539847e-07
3.53061915396e-09	-2.88047100838e-07
3.53426648779e-09	6.12106330067e-08
3.53791382163e-09	1.77122851497e-07
3.54156115547e-09	-1.41064747439e-07
3.5452084893e-09	-8.70426163146e-07
3.54885582314e-09	-1.76795977325e-06
3.55250315698e-09	-2.46620180633e-06
3.55615049081e-09	-2.62122372874e-06
3.55979782465e-09	-2.05673336495e-06
3.56344515849e-09	-8.4691713198e-07
3.56709249232e-09	6.95977540488e-07
3.57073982616e-09	2.12801649013e-06
3.57438716e-09	3.03237010257e-06
3.57803449383e-09	3.16686987389e-06
3.58168182767e-09	2.54131143151e-06
3.58532916151e-09	1.39685816691e-06
3.58897649534e-09	1.02684657222e-07
3.59262382918e-09	-9.83867565196e-07
3.59627116302e-09	-1.63724305935e-06
3.59991849685e-09	-1.82253137382e-06
3.60356583069e-09	-1.67674309637e-06
3.60721316453e-09	-1.42615340337e-06
3.61086049836e-09	-1.27336092248e-06
3.6145078322e-09	-1.30057128445e-06
3.61815516604e-09	-1.4300194664e-06
3.62180249987e-09	-1.46223305819e-06
3.62544983371e-09	-1.17748473372e-06
3.62909716755e-09	-4.5530696724e-07
3.63274450138e-09	6.45135983746e-07
3.63639183522e-09	1.88382648503e-06
3.64003916906e-09	2.91928148499e-06
3.64368650289e-09	3.43291600302e-06
3.64733383673e-09	3.24443351474e-06
3.65098117057e-09	2.37397435399e-06
3.65462850441e-09	1.03141550056e-06
3.65827583824e-09	-4.56877806698e-07
3.66192317208e-09	-1.75557984505e-06
3.66557050592e-09	-2.62358514647e-06
3.66921783975e-09	-2.97781900827e-06
3.67286517359e-09	-2.89381105745e-06
3.67651250743e-09	-2.54432205793e-06
3.68015984126e-09	-2.10358109598e-06
3.6838071751e-09	-1.66402884361e-06
3.68745450894e-09	-1.20681893634e-06
3.69110184277e-09	-6.39158919569e-07
3.69474917661e-09	1.25025264808e-07
3.69839651045e-09	1.08754585426e-06
3.70204384428e-09	2.13219999523e-06
3.70569117812e-09	3.049588571e-06
3.70933851196e-09	3.60455061355e-06
3.71298584579e-09	3.61568220342e-06
3.71663317963e-09	3.01698145222e-06
3.72028051347e-09	1.88408625945e-06
3.7239278473e-09	4.18504559008e-07
3.72757518114e-09	-1.10581295587e-06
3.73122251498e-09	-2.41887457264e-06
3.73486984881e-09	-3.32761226218e-06
3.73851718265e-09	-3.75657123186e-06
3.74216451649e-09	-3.73941395537e-06
3.74581185032e-09	-3.3696275068e-06
3.74945918416e-09	-2.74140018064e-06
3.753106518e-09	-1.91510314096e-06
3.75675385183e-09	-9.22782433577e-07
3.76040118567e-09	1.98711516575e-07
3.76404851951e-09	1.37511753451e-06
3.76769585334e-09	2.48565018524e-06
3.77134318718e-09	3.38081636642e-06
3.77499052102e-09	3.91505972175e-06
3.77863785485e-09	3.97935343699e-06
3.78228518869e-09	3.52659736791e-06
3.78593252253e-09	2.58803999031e-06
3.78957985636e-09	1.27763692603e-06
3.7932271902e-09	-2.22714671594e-07
3.79687452404e-09	-1.69939288241e-06
3.80052185787e-09	-2.95519140536e-06
3.80416919171e-09	-3.84851907143e-06
3.80781652555e-09	-4.30637828686e-06
3.81146385938e-09	-4.3106832095e-06
3.81511119322e-09	-3.8758771268e-06
3.81875852706e-09	-3.0382281011e-06
3.82240586089e-09	-1.86356544418e-06
3.82605319473e-09	-4.60867678242e-07
3.82970052857e-09	1.01695792409e-06
3.83334786241e-09	2.39310986672e-06
3.83699519624e-09	3.49858072468e-06
3.84064253008e-09	4.19960491627e-06
3.84428986392e-09	4.41164888798e-06
3.84793719775e-09	4.1043250576e-06
3.85158453159e-09	3.30534294335e-06
3.85523186543e-09	2.10455590377e-06
3.85887919926e-09	6.49167873235e-07
3.8625265331e-09	-8.780306473e-07
3.86617386694e-09	-2.29391034168e-06
3.86982120077e-09	-3.44770973015e-06
3.87346853461e-09	-4.23520128834e-06
3.87711586845e-09	-4.59332278524e-06
3.88076320228e-09	-4.48827415767e-06
3.88441053612e-09	-3.91383679244e-06
3.88805786996e-09	-2.90315810503e-06
3.89170520379e-09	-1.54350888693e-06
3.89535253763e-09	2.21224789598e-08
3.89899987147e-09	1.61145948141e-06
3.9026472053e-09	3.03044998873e-06
3.90629453914e-09	4.09987308103e-06
3.90994187298e-09	4.67657383751e-06
3.91358920681e-09	4.67275691562e-06
3.91723654065e-09	4.07621121212e-06
3.92088387449e-09	2.9650089175e-06
3.92453120832e-09	1.50243438668e-06
3.92817854216e-09	-9.53719521135e-08
3.931825876e-09	-1.61154385125e-06
3.93547320983e-09	-2.87666665599e-06
3.93912054367e-09	-3.79177123477e-06
3.94276787751e-09	-4.31882318708e-06
3.94641521134e-09	-4.45309376573e-06
3.95006254518e-09	-4.19758600856e-06
3.95370987902e-09	-3.55564728238e-06
3.95735721285e-09	-2.54199790106e-06
3.96100454669e-09	-1.20432416395e-06
3.96465188053e-09	3.56711446159e-07
3.96829921436e-09	1.97748889263e-06
3.9719465482e-09	3.43983558082e-06
3.97559388204e-09	4.50328661827e-06
3.97924121587e-09	4.96031231023e-06
3.98288854971e-09	4.70045375778e-06
3.98653588355e-09	3.75695503863e-06
3.99018321738e-09	2.31047573607e-06
3.99383055122e-09	6.39905501032e-07
3.99747788506e-09	-9.62222316048e-07
4.00112521889e-09	-2.27448558121e-06
4.00477255273e-09	-3.19420209394e-06
4.00841988657e-09	-3.73142887611e-06
4.0120672204e-09	-3.95729728098e-06
4.01571455424e-09	-3.93684248934e-06
4.01936188808e-09	-3.67973422044e-06
4.02300922192e-09	-3.13348070335e-06
4.02665655575e-09	-2.22298962171e-06
4.03030388959e-09	-9.1960201587e-07
4.03395122343e-09	6.9385604462e-07
4.03759855726e-09	2.39769951804e-06
4.0412458911e-09	3.87142029012e-06
4.04489322494e-09	4.78580636809e-06
4.04854055877e-09	4.91623575272e-06
4.05218789261e-09	4.22876206585e-06
4.05583522645e-09	2.89830131806e-06
4.05948256028e-09	1.2490346819e-06
4.06312989412e-09	-3.59541928674e-07
4.06677722796e-09	-1.65209246461e-06
4.07042456179e-09	-2.51386853733e-06
4.07407189563e-09	-2.99322519481e-06
4.07771922947e-09	-3.23328109175e-06
4.0813665633e-09	-3.36619473273e-06
4.08501389714e-09	-3.42244723583e-06
4.08866123098e-09	-3.30223116407e-06
4.09230856481e-09	-2.82791137352e-06
4.09595589865e-09	-1.85546825548e-06
4.09960323249e-09	-3.88563456966e-07
4.10325056632e-09	1.36686330166e-06
4.10689790016e-09	3.04306033172e-06
4.110545234e-09	4.23280238238e-06
4.11419256783e-09	4.6398847644e-06
4.11783990167e-09	4.188873163e-06
4.12148723551e-09	3.04784580862e-06
4.12513456934e-09	1.5569758034e-06
4.12878190318e-09	9.68505848853e-08
4.13242923702e-09	-1.04829035763e-06
4.13607657085e-09	-1.77729852169e-06
4.13972390469e-09	-2.17454112317e-06
4.14337123853e-09	-2.42784446414e-06
4.14701857236e-09	-2.69916830575e-06
4.1506659062e-09	-3.01201023944e-06
4.15431324004e-09	-3.2167847337e-06
4.15796057387e-09	-3.06107952497e-06
4.16160790771e-09	-2.33388399806e-06
4.16525524155e-09	-1.00881105425e-06
4.16890257538e-09	6.94988507632e-07
4.17254990922e-09	2.37214035792e-06
4.17619724306e-09	3.58459911354e-06
4.17984457689e-09	4.03309229569e-06
4.18349191073e-09	3.66591959278e-06
4.18713924457e-09	2.68086358801e-06
4.1907865784e-09	1.42853831164e-06
4.19443391224e-09	2.66094421164e-07
4.19808124608e-09	-5.76661676632e-07
4.20172857991e-09	-1.06675003053e-06
4.20537591375e-09	-1.34708805888e-06
4.20902324759e-09	-1.63260608588e-06
4.21267058143e-09	-2.06882955922e-06
4.21631791526e-09	-2.62188842726e-06
4.2199652491e-09	-3.06503477532e-06
4.22361258294e-09	-3.08141488858e-06
4.22725991677e-09	-2.43874251282e-06
4.23090725061e-09	-1.1420114987e-06
4.23455458445e-09	5.25146113262e-07
4.23820191828e-09	2.10082885133e-06
