% time-domain current integration by openEMS v0.0.36-93-g7b9cd51 @Thu Sep 24 15:43:16 2026
% start-coordinates: (0.00695,-0.0023,0.000346891) m -> [9,1,6]
% stop-coordinates: (0.007,0.0006,0.000346891) m -> [10,4,6]
% t/s	current
2.12054292833e-14	0
3.66853926602e-12	-2.14341033811e-09
7.31587310275e-12	-3.91190768667e-09
1.09632069395e-11	-1.2941316907e-09
1.46105407762e-11	1.06987476656e-08
1.82578746129e-11	4.32870095324e-08
2.19052084497e-11	1.0988294008e-07
2.55525422864e-11	2.21095632469e-07
2.91998761231e-11	3.70846578335e-07
3.28472099599e-11	5.14100975124e-07
3.64945437966e-11	5.47371257653e-07
4.01418776333e-11	3.02355658732e-07
4.37892114701e-11	-4.27222261123e-07
4.74365453068e-11	-1.80947199624e-06
5.10838791435e-11	-3.85717748941e-06
5.47312129803e-11	-6.30739987173e-06
5.8378546817e-11	-8.56240330904e-06
6.20258806537e-11	-9.76002320385e-06
6.56732144905e-11	-9.0003504738e-06
6.93205483272e-11	-5.68152745473e-06
7.29678821639e-11	1.76539913355e-07
7.66152160006e-11	7.77359400672e-06
8.02625498374e-11	1.56444693857e-05
8.39098836741e-11	2.20430392801e-05
8.75572175108e-11	2.54641745414e-05
9.12045513476e-11	2.51014462265e-05
9.48518851843e-11	2.1061669031e-05
9.8499219021e-11	1.42720709846e-05
1.02146552858e-10	6.14968303125e-06
1.05793886695e-10	-1.8126379473e-06
1.09441220531e-10	-8.38556479721e-06
1.13088554368e-10	-1.27843204609e-05
1.16735888205e-10	-1.46998809214e-05
1.20383222041e-10	-1.42416911331e-05
1.24030555878e-10	-1.18517018564e-05
1.27677889715e-10	-8.21350658953e-06
1.31325223552e-10	-4.14310807173e-06
1.34972557388e-10	-4.40243979938e-07
1.38619891225e-10	2.28721069107e-06
1.42267225062e-10	3.77165133614e-06
1.45914558899e-10	4.13915995523e-06
1.49561892735e-10	3.82479402106e-06
1.53209226572e-10	3.36925018019e-06
1.56856560409e-10	3.18054640047e-06
1.60503894245e-10	3.36500215781e-06
1.64151228082e-10	3.70537259187e-06
1.67798561919e-10	3.79277275897e-06
1.71445895756e-10	3.24114898831e-06
1.75093229592e-10	1.88568924386e-06
1.78740563429e-10	-1.29509885483e-07
1.82387897266e-10	-2.39949144998e-06
1.86035231103e-10	-4.40630537923e-06
1.89682564939e-10	-5.69322401134e-06
1.93329898776e-10	-5.99781560595e-06
1.96977232613e-10	-5.30346915184e-06
2.0062456645e-10	-3.81238282898e-06
2.04271900286e-10	-1.86378474609e-06
2.07919234123e-10	1.7001929109e-07
2.1156656796e-10	1.97412805392e-06
2.15213901796e-10	3.34432070304e-06
2.18861235633e-10	4.19322805101e-06
2.2250856947e-10	4.51565438198e-06
2.26155903307e-10	4.33906552644e-06
2.29803237143e-10	3.69201188732e-06
2.3345057098e-10	2.61134209723e-06
2.37097904817e-10	1.18328284771e-06
2.40745238654e-10	-4.13826398926e-07
2.4439257249e-10	-1.90624984953e-06
2.48039906327e-10	-2.98302666124e-06
2.51687240164e-10	-3.40190126735e-06
2.55334574001e-10	-3.09564256895e-06
2.58981907837e-10	-2.21909249376e-06
2.62629241674e-10	-1.10257587949e-06
2.66276575511e-10	-1.25277352936e-07
2.69923909347e-10	4.36352650013e-07
2.73571243184e-10	5.11075086251e-07
2.77218577021e-10	2.34928819509e-07
2.80865910858e-10	-1.43595116242e-07
2.84513244694e-10	-4.01791282911e-07
2.88160578531e-10	-4.4859115178e-07
2.91807912368e-10	-3.41966142514e-07
2.95455246205e-10	-2.15176470419e-07
2.99102580041e-10	-1.6283533455e-07
3.02749913878e-10	-1.61646667607e-07
3.06397247715e-10	-7.74116415414e-08
3.10044581551e-10	2.44379549486e-07
3.13691915388e-10	8.58869384501e-07
3.17339249225e-10	1.64956350091e-06
3.20986583062e-10	2.35299353335e-06
3.24633916898e-10	2.67308587354e-06
3.28281250735e-10	2.4273310828e-06
3.31928584572e-10	1.64470452546e-06
3.35575918409e-10	5.60552507523e-07
3.39223252245e-10	-4.89670753723e-07
3.42870586082e-10	-1.22327594454e-06
3.46517919919e-10	-1.52921415975e-06
3.50165253756e-10	-1.49334266553e-06
3.53812587592e-10	-1.32322770696e-06
3.57459921429e-10	-1.21727100577e-06
3.61107255266e-10	-1.25384963212e-06
3.64754589102e-10	-1.36144728913e-06
3.68401922939e-10	-1.37968561376e-06
3.72049256776e-10	-1.17201614103e-06
3.75696590613e-10	-7.21445530871e-07
3.79343924449e-10	-1.5098103745e-07
3.82991258286e-10	3.40320099212e-07
3.86638592123e-10	5.85723626045e-07
3.9028592596e-10	5.41194367543e-07
3.93933259796e-10	3.06420645302e-07
3.97580593633e-10	6.71901645433e-08
4.0122792747e-10	-4.91573359795e-09
4.04875261307e-10	1.59938707611e-07
4.08522595143e-10	4.99449129165e-07
4.1216992898e-10	8.57570853441e-07
4.15817262817e-10	1.066255777e-06
4.19464596653e-10	1.02661260826e-06
4.2311193049e-10	7.50837102714e-07
4.26759264327e-10	3.47694395941e-07
4.30406598164e-10	-3.61433976082e-08
4.34053932e-10	-2.86230175561e-07
4.37701265837e-10	-3.66957181086e-07
4.41348599674e-10	-3.22220500948e-07
4.44995933511e-10	-2.33907428537e-07
4.48643267347e-10	-1.65338562397e-07
4.52290601184e-10	-1.2219621226e-07
4.55937935021e-10	-5.32978177148e-08
4.59585268857e-10	1.10761334327e-07
4.63232602694e-10	4.06500589634e-07
4.66879936531e-10	8.04749674899e-07
4.70527270368e-10	1.21515790852e-06
4.74174604204e-10	1.52489144511e-06
4.77821938041e-10	1.64921175383e-06
4.81469271878e-10	1.56733926815e-06
4.85116605715e-10	1.3264638028e-06
4.88763939551e-10	1.01532179997e-06
4.92411273388e-10	7.22690970179e-07
4.96058607225e-10	5.00087139699e-07
4.99705941062e-10	3.45987388073e-07
5.03353274898e-10	2.17605901298e-07
5.07000608735e-10	6.22486737711e-08
5.10647942572e-10	-1.47193816247e-07
5.14295276408e-10	-3.91999577687e-07
5.17942610245e-10	-6.1476856672e-07
5.21589944082e-10	-7.50306128339e-07
5.25237277919e-10	-7.63903585721e-07
5.28884611755e-10	-6.74457396599e-07
5.32531945592e-10	-5.47208287571e-07
5.36179279429e-10	-4.59474335912e-07
5.39826613266e-10	-4.57885846572e-07
5.43473947102e-10	-5.31426678663e-07
5.47121280939e-10	-6.16537420228e-07
5.50768614776e-10	-6.31374746263e-07
5.54415948613e-10	-5.20632568168e-07
5.58063282449e-10	-2.87489370976e-07
5.61710616286e-10	4.68286742716e-09
5.65357950123e-10	2.62079339564e-07
5.69005283959e-10	4.0599093154e-07
5.72652617796e-10	4.11184572613e-07
5.76299951633e-10	3.17241159564e-07
5.7994728547e-10	2.06021525173e-07
5.83594619306e-10	1.57303333026e-07
5.87241953143e-10	2.06380292411e-07
5.9088928698e-10	3.26015992869e-07
5.94536620817e-10	4.4313418357e-07
5.98183954653e-10	4.80896801491e-07
6.0183128849e-10	4.02490542228e-07
6.05478622327e-10	2.32461985661e-07
6.09125956163e-10	4.37299760847e-08
6.1277329e-10	-8.18223782062e-08
6.16420623837e-10	-9.7155293588e-08
6.20067957674e-10	-1.52710164514e-08
6.2371529151e-10	9.77637242272e-08
6.27362625347e-10	1.57544761237e-07
6.31009959184e-10	1.05058262534e-07
6.34657293021e-10	-6.26046698926e-08
6.38304626857e-10	-2.90415243853e-07
6.41951960694e-10	-4.93233358156e-07
6.45599294531e-10	-5.98163126142e-07
6.49246628368e-10	-5.79481252316e-07
6.52893962204e-10	-4.6774493967e-07
6.56541296041e-10	-3.29092671336e-07
6.60188629878e-10	-2.27251263141e-07
6.63835963714e-10	-1.89268973827e-07
6.67483297551e-10	-1.9397097617e-07
6.71130631388e-10	-1.88213533647e-07
6.74777965225e-10	-1.19710293234e-07
6.78425299061e-10	3.21504423084e-08
6.82072632898e-10	2.44191340926e-07
6.85719966735e-10	4.61201153712e-07
6.89367300572e-10	6.22689128704e-07
6.93014634408e-10	6.901544225e-07
6.96661968245e-10	6.61722197037e-07
7.00309302082e-10	5.68005475543e-07
7.03956635919e-10	4.53258280686e-07
7.07603969755e-10	3.52322444996e-07
7.11251303592e-10	2.74564484926e-07
7.14898637429e-10	2.02565402674e-07
7.18545971265e-10	1.05652389948e-07
7.22193305102e-10	-3.92262862192e-08
7.25840638939e-10	-2.30541104429e-07
7.29487972776e-10	-4.3866384658e-07
7.33135306612e-10	-6.17975842943e-07
7.36782640449e-10	-7.27573819859e-07
7.40429974286e-10	-7.49206947148e-07
7.44077308123e-10	-6.92616083597e-07
7.47724641959e-10	-5.8602381614e-07
7.51371975796e-10	-4.59053893564e-07
7.55019309633e-10	-3.28704629737e-07
7.58666643469e-10	-1.95606261855e-07
7.62313977306e-10	-5.16201552614e-08
7.65961311143e-10	1.07633184143e-07
7.6960864498e-10	2.73755119906e-07
7.73255978816e-10	4.24832421686e-07
7.76903312653e-10	5.33130958047e-07
7.8055064649e-10	5.76530226226e-07
7.84197980327e-10	5.47660590655e-07
7.87845314163e-10	4.5697851192e-07
7.91492648e-10	3.28529324634e-07
7.95139981837e-10	1.90558679947e-07
7.98787315674e-10	6.53088036984e-08
8.0243464951e-10	-3.75894906313e-08
8.06081983347e-10	-1.20535645465e-07
8.09729317184e-10	-1.90593098637e-07
8.1337665102e-10	-2.49871590086e-07
8.17023984857e-10	-2.89560716737e-07
8.20671318694e-10	-2.9230594123e-07
8.24318652531e-10	-2.42519973881e-07
8.27965986367e-10	-1.38314334208e-07
8.31613320204e-10	2.43489139962e-09
8.35260654041e-10	1.46647508359e-07
8.38907987878e-10	2.59369755895e-07
8.42555321714e-10	3.18315670711e-07
8.46202655551e-10	3.21655790003e-07
8.49849989388e-10	2.85027311975e-07
8.53497323225e-10	2.30256631539e-07
8.57144657061e-10	1.73170434437e-07
8.60791990898e-10	1.16908999814e-07
8.64439324735e-10	5.36292290576e-08
8.68086658571e-10	-2.69775419781e-08
8.71733992408e-10	-1.27654956827e-07
8.75381326245e-10	-2.3749113609e-07
8.79028660082e-10	-3.32702484229e-07
8.82675993918e-10	-3.84602969916e-07
8.86323327755e-10	-3.71511447383e-07
8.89970661592e-10	-2.8904651117e-07
8.93617995429e-10	-1.53866949404e-07
8.97265329265e-10	1.76966352683e-09
9.00912663102e-10	1.42803799008e-07
9.04559996939e-10	2.45077558247e-07
9.08207330775e-10	3.02926139284e-07
9.11854664612e-10	3.2672562611e-07
9.15501998449e-10	3.31940498199e-07
9.19149332286e-10	3.26818451413e-07
9.22796666122e-10	3.06183011389e-07
9.26443999959e-10	2.54802472455e-07
9.30091333796e-10	1.58408198558e-07
9.33738667633e-10	1.54255097584e-08
9.37386001469e-10	-1.57568621262e-07
9.41033335306e-10	-3.29288127432e-07
9.44680669143e-10	-4.64529193778e-07
9.4832800298e-10	-5.36676964202e-07
9.51975336816e-10	-5.35895367193e-07
9.55622670653e-10	-4.70119687179e-07
9.5927000449e-10	-3.59272718242e-07
9.62917338326e-10	-2.25980869573e-07
9.66564672163e-10	-8.74409664675e-08
9.70212006e-10	4.8160398336e-08
9.73859339837e-10	1.79404750611e-07
9.77506673673e-10	3.05437765746e-07
9.8115400751e-10	4.1971753717e-07
9.84801341347e-10	5.07496281443e-07
9.88448675184e-10	5.49134426819e-07
9.9209600902e-10	5.28082864548e-07
9.95743342857e-10	4.39253511786e-07
9.99390676694e-10	2.93376558602e-07
1.00303801053e-09	1.14679778562e-07
1.00668534437e-09	-6.72370106258e-08
1.0103326782e-09	-2.26999802067e-07
1.01398001204e-09	-3.49790070686e-07
1.01762734588e-09	-4.31735173834e-07
1.02127467971e-09	-4.75189835925e-07
1.02492201355e-09	-4.82673556235e-07
1.02856934739e-09	-4.53446432402e-07
1.03221668122e-09	-3.84542317988e-07
1.03586401506e-09	-2.75250954473e-07
1.0395113489e-09	-1.31847031071e-07
1.04315868273e-09	3.04843901233e-08
1.04680601657e-09	1.89763099456e-07
1.05045335041e-09	3.22582224044e-07
1.05410068424e-09	4.10377964499e-07
1.05774801808e-09	4.4392743348e-07
1.06139535192e-09	4.24732462534e-07
1.06504268575e-09	3.62865847592e-07
1.06869001959e-09	2.72264145451e-07
1.07233735343e-09	1.65815279729e-07
1.07598468727e-09	5.24822461045e-08
1.0796320211e-09	-6.23571736469e-08
1.08327935494e-09	-1.73656729885e-07
1.08692668878e-09	-2.73127881201e-07
1.09057402261e-09	-3.48107818127e-07
1.09422135645e-09	-3.84234709827e-07
1.09786869029e-09	-3.71099417862e-07
1.10151602412e-09	-3.07641130348e-07
1.10516335796e-09	-2.04096991752e-07
1.1088106918e-09	-7.94351677769e-08
1.11245802563e-09	4.47159962391e-08
1.11610535947e-09	1.50411864297e-07
1.11975269331e-09	2.27091319971e-07
1.12340002714e-09	2.71762360171e-07
1.12704736098e-09	2.86338348587e-07
1.13069469482e-09	2.74119770438e-07
1.13434202865e-09	2.37468839259e-07
1.13798936249e-09	1.77505853571e-07
1.14163669633e-09	9.57636316912e-08
1.14528403016e-09	-3.21470494669e-09
1.148931364e-09	-1.10079447779e-07
1.15257869784e-09	-2.10850984672e-07
1.15622603167e-09	-2.89532607667e-07
1.15987336551e-09	-3.32392886548e-07
1.16352069935e-09	-3.32001974357e-07
1.16716803318e-09	-2.89259389774e-07
1.17081536702e-09	-2.12569631231e-07
1.17446270086e-09	-1.14611225399e-07
1.17811003469e-09	-8.61830073973e-09
1.18175736853e-09	9.42132629689e-08
1.18540470237e-09	1.85486044302e-07
1.1890520362e-09	2.5883446142e-07
1.19269937004e-09	3.08803237203e-07
1.19634670388e-09	3.30571452878e-07
1.19999403771e-09	3.20701587952e-07
1.20364137155e-09	2.7859496754e-07
1.20728870539e-09	2.07756968962e-07
1.21093603922e-09	1.15929033484e-07
1.21458337306e-09	1.38245930259e-08
1.2182307069e-09	-8.70844232281e-08
1.22187804073e-09	-1.76785775352e-07
1.22552537457e-09	-2.47849982316e-07
1.22917270841e-09	-2.95268563377e-07
1.23282004224e-09	-3.1558892033e-07
1.23646737608e-09	-3.06325773636e-07
1.24011470992e-09	-2.66567127483e-07
1.24376204375e-09	-1.98589702904e-07
1.24740937759e-09	-1.09255907432e-07
1.25105671143e-09	-1.00118455748e-08
1.25470404526e-09	8.51408543667e-08
1.2583513791e-09	1.6312431228e-07
1.26199871294e-09	2.15101138679e-07
1.26564604678e-09	2.38323011104e-07
1.26929338061e-09	2.3576347985e-07
1.27294071445e-09	2.13855358311e-07
1.27658804829e-09	1.79412168677e-07
1.28023538212e-09	1.37006466616e-07
1.28388271596e-09	8.79969590528e-08
1.2875300498e-09	3.16792991839e-08
1.29117738363e-09	-3.19920125946e-08
1.29482471747e-09	-9.93405251393e-08
1.29847205131e-09	-1.61620988592e-07
1.30211938514e-09	-2.06671259662e-07
1.30576671898e-09	-2.23212637707e-07
1.30941405282e-09	-2.05976377288e-07
1.31306138665e-09	-1.58923938898e-07
1.31670872049e-09	-9.43928597508e-08
1.32035605433e-09	-2.85127246258e-08
1.32400338816e-09	2.49501610483e-08
1.327650722e-09	5.93381699332e-08
1.33129805584e-09	7.61749490152e-08
1.33494538967e-09	8.25072419275e-08
1.33859272351e-09	8.62626095e-08
1.34224005735e-09	9.18883813483e-08
1.34588739118e-09	9.83038574986e-08
1.34953472502e-09	9.98045095457e-08
1.35318205886e-09	8.9192567998e-08
1.35682939269e-09	6.182226997e-08
1.36047672653e-09	1.88102866616e-08
1.36412406037e-09	-3.21788320434e-08
1.3677713942e-09	-7.90509702142e-08
1.37141872804e-09	-1.09726137509e-07
1.37506606188e-09	-1.17091126128e-07
1.37871339571e-09	-1.01915539119e-07
1.38236072955e-09	-7.22953785726e-08
1.38600806339e-09	-3.97982375944e-08
1.38965539722e-09	-1.42449367857e-08
1.39330273106e-09	1.19164234036e-10
1.3969500649e-09	5.29103250102e-09
1.40059739873e-09	7.18088166707e-09
1.40424473257e-09	1.18348033595e-08
1.40789206641e-09	2.23940403998e-08
1.41153940024e-09	3.80263713851e-08
1.41518673408e-09	5.47578302701e-08
1.41883406792e-09	6.73378650617e-08
1.42248140175e-09	7.11584959845e-08
1.42612873559e-09	6.36484287497e-08
1.42977606943e-09	4.51076260788e-08
1.43342340326e-09	1.87299065146e-08
1.4370707371e-09	-1.02392485601e-08
1.44071807094e-09	-3.61013299255e-08
1.44436540478e-09	-5.45595142398e-08
1.44801273861e-09	-6.39839115024e-08
1.45166007245e-09	-6.54910508047e-08
1.45530740629e-09	-6.19424227466e-08
1.45895474012e-09	-5.64892417287e-08
1.46260207396e-09	-5.14722486855e-08
1.4662494078e-09	-4.79216382132e-08
1.46989674163e-09	-4.53964545954e-08
1.47354407547e-09	-4.19408010544e-08
1.47719140931e-09	-3.42314763202e-08
1.48083874314e-09	-1.84125177327e-08
1.48448607698e-09	8.03271404948e-09
1.48813341082e-09	4.40266205715e-08
1.49178074465e-09	8.36132514337e-08
1.49542807849e-09	1.16869152578e-07
1.49907541233e-09	1.33281844228e-07
1.50272274616e-09	1.26151533664e-07
1.50637008e-09	9.58117070127e-08
1.51001741384e-09	4.99145045296e-08
1.51366474767e-09	4.93069585161e-10
1.51731208151e-09	-4.08585378864e-08
1.52095941535e-09	-6.73805686802e-08
1.52460674918e-09	-7.92853143139e-08
1.52825408302e-09	-8.27998078989e-08
1.53190141686e-09	-8.66087859208e-08
1.53554875069e-09	-9.71903233449e-08
1.53919608453e-09	-1.14905198245e-07
1.54284341837e-09	-1.32573376277e-07
1.5464907522e-09	-1.37656101629e-07
1.55013808604e-09	-1.17520485787e-07
1.55378541988e-09	-6.59177530338e-08
1.55743275371e-09	1.22819479031e-08
1.56108008755e-09	1.0082777635e-07
1.56472742139e-09	1.77087315478e-07
1.56837475522e-09	2.20464855261e-07
1.57202208906e-09	2.2058321747e-07
1.5756694229e-09	1.81273136945e-07
1.57931675673e-09	1.18431891849e-07
1.58296409057e-09	5.2827658692e-08
1.58661142441e-09	1.22786047996e-09
1.59025875824e-09	-3.00194393787e-08
1.59390609208e-09	-4.62342235608e-08
1.59755342592e-09	-6.02722707299e-08
1.60120075975e-09	-8.50066825819e-08
1.60484809359e-09	-1.2583090836e-07
1.60849542743e-09	-1.76461981027e-07
1.61214276126e-09	-2.19945349045e-07
1.6157900951e-09	-2.34917592934e-07
1.61943742894e-09	-2.04825894912e-07
1.62308476277e-09	-1.2631358004e-07
1.62673209661e-09	-1.28973614011e-08
1.63037943045e-09	1.08322502967e-07
1.63402676429e-09	2.06165054806e-07
1.63767409812e-09	2.57063533127e-07
1.64132143196e-09	2.53786311077e-07
1.6449687658e-09	2.07148758591e-07
1.64861609963e-09	1.39983768577e-07
1.65226343347e-09	7.64394414432e-08
1.65591076731e-09	3.17203827649e-08
1.65955810114e-09	6.7562808681e-09
1.66320543498e-09	-1.00889021581e-08
1.66685276882e-09	-3.55514053751e-08
1.67050010265e-09	-8.18059930907e-08
1.67414743649e-09	-1.48821399648e-07
1.67779477033e-09	-2.22054154619e-07
1.68144210416e-09	-2.76780298236e-07
1.685089438e-09	-2.87626022555e-07
1.68873677184e-09	-2.39671152258e-07
1.69238410567e-09	-1.36360569059e-07
1.69603143951e-09	-2.86211943035e-10
1.69967877335e-09	1.34146560526e-07
1.70332610718e-09	2.33367487112e-07
1.70697344102e-09	2.77066874332e-07
1.71062077486e-09	2.64796796046e-07
1.71426810869e-09	2.13882628941e-07
1.71791544253e-09	1.50005419641e-07
1.72156277637e-09	9.52068290871e-08
1.7252101102e-09	5.888355048e-08
1.72885744404e-09	3.55066482882e-08
1.73250477788e-09	9.57243173616e-09
1.73615211171e-09	-3.49247137876e-08
1.73979944555e-09	-1.04816663793e-07
1.74344677939e-09	-1.92095569673e-07
1.74709411322e-09	-2.74840431302e-07
1.75074144706e-09	-3.24782064354e-07
1.7543887809e-09	-3.18606510064e-07
1.75803611473e-09	-2.48416000659e-07
1.76168344857e-09	-1.26544989598e-07
1.76533078241e-09	1.78581238686e-08
1.76897811624e-09	1.49304995034e-07
1.77262545008e-09	2.3898900281e-07
1.77627278392e-09	2.7455274676e-07
1.77992011775e-09	2.62313449184e-07
1.78356745159e-09	2.21549015578e-07
1.78721478543e-09	1.74046761003e-07
1.79086211926e-09	1.34067533963e-07
1.7945094531e-09	1.03210268776e-07
1.79815678694e-09	7.1951916425e-08
1.80180412077e-09	2.65227253493e-08
1.80545145461e-09	-4.22379216047e-08
1.80909878845e-09	-1.32089894578e-07
1.81274612228e-09	-2.27675030828e-07
1.81639345612e-09	-3.04754848912e-07
1.82004078996e-09	-3.38938747291e-07
1.8236881238e-09	-3.15394970585e-07
1.82733545763e-09	-2.35347243915e-07
1.83098279147e-09	-1.16412373075e-07
1.83463012531e-09	1.35515829669e-08
1.83827745914e-09	1.26449151594e-07
1.84192479298e-09	2.03301098622e-07
1.84557212682e-09	2.39002105218e-07
1.84921946065e-09	2.4087310635e-07
1.85286679449e-09	2.22413433448e-07
1.85651412833e-09	1.95747219323e-07
1.86016146216e-09	1.66355505371e-07
1.863808796e-09	1.32070013592e-07
1.86745612984e-09	8.62517879341e-08
1.87110346367e-09	2.31401759976e-08
1.87475079751e-09	-5.7150145949e-08
1.87839813135e-09	-1.46181619698e-07
1.88204546518e-09	-2.28374176459e-07
1.88569279902e-09	-2.85473561235e-07
1.88934013286e-09	-3.02614807879e-07
1.89298746669e-09	-2.73648339544e-07
1.89663480053e-09	-2.03517743103e-07
1.90028213437e-09	-1.06690215773e-07
1.9039294682e-09	-2.35402453086e-09
1.90757680204e-09	9.14934119578e-08
1.91122413588e-09	1.6264928604e-07
1.91487146971e-09	2.06366223665e-07
1.91851880355e-09	2.24077851385e-07
1.92216613739e-09	2.20419991592e-07
1.92581347122e-09	2.002452959e-07
1.92946080506e-09	1.66853496353e-07
1.9331081389e-09	1.21784097473e-07
1.93675547273e-09	6.58224905692e-08
1.94040280657e-09	5.1761439579e-10
1.94405014041e-09	-7.04294151888e-08
1.94769747424e-09	-1.40461523301e-07
1.95134480808e-09	-2.0054505967e-07
1.95499214192e-09	-2.40732703105e-07
1.95863947575e-09	-2.52573840953e-07
1.96228680959e-09	-2.3167919494e-07
1.96593414343e-09	-1.79455000193e-07
1.96958147726e-09	-1.0331923761e-07
1.9732288111e-09	-1.52685153409e-08
1.97687614494e-09	7.07742273676e-08
1.98052347877e-09	1.42034480177e-07
1.98417081261e-09	1.89480900303e-07
1.98781814645e-09	2.09367684079e-07
1.99146548028e-09	2.03313078373e-07
1.99511281412e-09	1.7696132204e-07
1.99876014796e-09	1.37631474217e-07
2.00240748179e-09	9.17820059954e-08
2.00605481563e-09	4.32619557955e-08
2.00970214947e-09	-6.85072087947e-09
2.01334948331e-09	-5.87471085112e-08
2.01699681714e-09	-1.11433664074e-07
2.02064415098e-09	-1.60676336236e-07
2.02429148482e-09	-1.98630218051e-07
2.02793881865e-09	-2.15689283323e-07
2.03158615249e-09	-2.04002390092e-07
2.03523348633e-09	-1.61234908092e-07
2.03888082016e-09	-9.27376149207e-08
2.042528154e-09	-1.09856213015e-08
2.04617548784e-09	6.77650717762e-08
2.04982282167e-09	1.28488636619e-07
2.05347015551e-09	1.62028499062e-07
2.05711748935e-09	1.67482042457e-07
2.06076482318e-09	1.51393436454e-07
2.06441215702e-09	1.24106705357e-07
2.06805949086e-09	9.49179792542e-08
2.07170682469e-09	6.82711700506e-08
2.07535415853e-09	4.26451798319e-08
2.07900149237e-09	1.26613608487e-08
2.0826488262e-09	-2.65924935405e-08
2.08629616004e-09	-7.51837418989e-08
2.08994349388e-09	-1.2618056644e-07
2.09359082771e-09	-1.67011293684e-07
2.09723816155e-09	-1.84106809797e-07
2.10088549539e-09	-1.68843286019e-07
2.10453282922e-09	-1.22022740356e-07
2.10818016306e-09	-5.46250404909e-08
2.1118274969e-09	1.57791006927e-08
2.11547483073e-09	7.15944850072e-08
2.11912216457e-09	1.01781417072e-07
2.12276949841e-09	1.05543264795e-07
2.12641683224e-09	9.14763020887e-08
2.13006416608e-09	7.2669280371e-08
2.13371149992e-09	6.01102101427e-08
2.13735883375e-09	5.75007845782e-08
2.14100616759e-09	5.98485527803e-08
2.14465350143e-09	5.64688917848e-08
2.14830083526e-09	3.70077835044e-08
2.1519481691e-09	-2.33772157188e-09
2.15559550294e-09	-5.54444063994e-08
2.15924283677e-09	-1.07524940063e-07
2.16289017061e-09	-1.40821839523e-07
2.16653750445e-09	-1.4234427681e-07
2.17018483828e-09	-1.10061279202e-07
2.17383217212e-09	-5.4524136317e-08
2.17747950596e-09	5.13396880564e-09
2.18112683979e-09	4.91738063602e-08
2.18477417363e-09	6.55657217408e-08
2.18842150747e-09	5.47577805321e-08
2.19206884131e-09	2.87435995006e-08
2.19571617514e-09	4.88892037964e-09
2.19936350898e-09	-2.51606468993e-09
2.20301084282e-09	1.09669109349e-08
2.20665817665e-09	3.78864406514e-08
2.21030551049e-09	6.24943794492e-08
2.21395284433e-09	6.83862637629e-08
2.21760017816e-09	4.66817127176e-08
2.221247512e-09	1.02238928434e-09
2.22489484584e-09	-5.30910355678e-08
2.22854217967e-09	-9.460973871e-08
2.23218951351e-09	-1.06265581223e-07
2.23583684735e-09	-8.26452577485e-08
2.23948418118e-09	-3.31793756914e-08
2.24313151502e-09	2.16325162228e-08
2.24677884886e-09	5.91665951788e-08
2.25042618269e-09	6.4709581693e-08
2.25407351653e-09	3.79126525729e-08
2.25772085037e-09	-7.30335480981e-09
2.2613681842e-09	-4.92562612919e-08
2.26501551804e-09	-6.83659848733e-08
2.26866285188e-09	-5.58973241027e-08
2.27231018571e-09	-1.77040320182e-08
2.27595751955e-09	2.85643615427e-08
2.27960485339e-09	6.15161468431e-08
2.28325218722e-09	6.57990426589e-08
2.28689952106e-09	3.92645382874e-08
2.2905468549e-09	-5.77978642724e-09
2.29419418873e-09	-4.79572364043e-08
2.29784152257e-09	-6.65897772478e-08
2.30148885641e-09	-5.14608053948e-08
2.30513619024e-09	-7.91959298141e-09
2.30878352408e-09	4.51387585088e-08
2.31243085792e-09	8.35995379589e-08
2.31607819175e-09	8.89241533741e-08
2.31972552559e-09	5.64362316879e-08
2.32337285943e-09	-2.62006794038e-09
2.32702019326e-09	-6.59536851799e-08
2.3306675271e-09	-1.09736966181e-07
2.33431486094e-09	-1.18496544133e-07
2.33796219477e-09	-9.12208406589e-08
2.34160952861e-09	-4.1234621051e-08
2.34525686245e-09	9.95268223392e-09
2.34890419628e-09	4.21802930362e-08
2.35255153012e-09	4.54020430141e-08
2.35619886396e-09	2.38477646519e-08
2.35984619779e-09	-6.37929931102e-09
2.36349353163e-09	-2.5214458077e-08
2.36714086547e-09	-1.84327415553e-08
2.3707881993e-09	1.5285271715e-08
2.37443553314e-09	6.33454178001e-08
2.37808286698e-09	1.04705534909e-07
2.38173020082e-09	1.19167523849e-07
2.38537753465e-09	9.62132560289e-08
2.38902486849e-09	3.95739618853e-08
2.39267220233e-09	-3.41896857492e-08
2.39631953616e-09	-1.02205142127e-07
2.39996687e-09	-1.4404548665e-07
2.40361420384e-09	-1.49244314684e-07
2.40726153767e-09	-1.20680255122e-07
2.41090887151e-09	-7.25879800711e-08
2.41455620535e-09	-2.40912871874e-08
2.41820353918e-09	9.02681573933e-09
2.42185087302e-09	2.07186232615e-08
2.42549820686e-09	1.64022608828e-08
2.42914554069e-09	9.27070509249e-09
2.43279287453e-09	1.30982904523e-08
2.43644020837e-09	3.50296005536e-08
2.4400875422e-09	7.17473440659e-08
2.44373487604e-09	1.10622167426e-07
2.44738220988e-09	1.35033403126e-07
2.45102954371e-09	1.31287947625e-07
2.45467687755e-09	9.42962259387e-08
2.45832421139e-09	2.98962490319e-08
2.46197154522e-09	-4.68237324469e-08
2.46561887906e-09	-1.16471134959e-07
2.4692662129e-09	-1.61811769317e-07
2.47291354673e-09	-1.73500140477e-07
2.47656088057e-09	-1.5284385313e-07
2.48020821441e-09	-1.10507770046e-07
2.48385554824e-09	-6.16511357521e-08
2.48750288208e-09	-1.96151219711e-08
2.49115021592e-09	8.98711505215e-09
2.49479754975e-09	2.56509480323e-08
2.49844488359e-09	3.75677338127e-08
2.50209221743e-09	5.28850812032e-08
2.50573955126e-09	7.60051506177e-08
2.5093868851e-09	1.04970311554e-07
2.51303421894e-09	1.31728754127e-07
2.51668155277e-09	1.44950433878e-07
2.52032888661e-09	1.34336303859e-07
2.52397622045e-09	9.49453848875e-08
2.52762355428e-09	3.00766203054e-08
2.53127088812e-09	-4.84954227886e-08
2.53491822196e-09	-1.23476823433e-07
2.53856555579e-09	-1.77423643777e-07
2.54221288963e-09	-1.98563625986e-07
2.54586022347e-09	-1.84634373568e-07
2.5495075573e-09	-1.43076604786e-07
2.55315489114e-09	-8.75264234423e-08
2.55680222498e-09	-3.23566453631e-08
2.56044955881e-09	1.23253194317e-08
2.56409689265e-09	4.32784226234e-08
2.56774422649e-09	6.36348431726e-08
2.57139156033e-09	7.99060018153e-08
2.57503889416e-09	9.79286696179e-08
2.578686228e-09	1.19274133681e-07
2.58233356184e-09	1.39528808063e-07
2.58598089567e-09	1.49290713125e-07
2.58962822951e-09	1.37824031299e-07
2.59327556335e-09	9.81455698934e-08
2.59692289718e-09	3.1445541282e-08
2.60057023102e-09	-5.14190645617e-08
2.60421756486e-09	-1.32472933956e-07
2.60786489869e-09	-1.92449149949e-07
2.61151223253e-09	-2.17474536157e-07
2.61515956637e-09	-2.03756741257e-07
2.6188069002e-09	-1.58307940978e-07
2.62245423404e-09	-9.56369703431e-08
2.62610156788e-09	-3.20698205769e-08
2.62974890171e-09	1.99348022534e-08
2.63339623555e-09	5.53059678055e-08
2.63704356939e-09	7.66073853242e-08
2.64069090322e-09	9.11778528234e-08
2.64433823706e-09	1.06421609303e-07
2.6479855709e-09	1.25222172187e-07
2.65163290473e-09	1.43533469554e-07
2.65528023857e-09	1.51437021145e-07
2.65892757241e-09	1.37502624398e-07
2.66257490624e-09	9.46480511743e-08
2.66622224008e-09	2.48232883138e-08
2.66986957392e-09	-5.99215681518e-08
2.67351690775e-09	-1.40721112984e-07
2.67716424159e-09	-1.98273468754e-07
2.68081157543e-09	-2.19565208681e-07
2.68445890926e-09	-2.02115884917e-07
2.6881062431e-09	-1.54095431526e-07
2.69175357694e-09	-9.05624659708e-08
2.69540091077e-09	-2.76139946465e-08
2.69904824461e-09	2.31108288062e-08
2.70269557845e-09	5.75305101336e-08
2.70634291228e-09	7.88168961208e-08
2.70999024612e-09	9.41317139791e-08
2.71363757996e-09	1.09890187616e-07
2.71728491379e-09	1.27655596316e-07
2.72093224763e-09	1.42545147241e-07
2.72457958147e-09	1.45006808339e-07
2.7282269153e-09	1.25318621258e-07
2.73187424914e-09	7.88662077866e-08
2.73552158298e-09	9.68816937785e-09
2.73916891681e-09	-6.95347139867e-08
2.74281625065e-09	-1.41248989394e-07
2.74646358449e-09	-1.89001951867e-07
2.75011091832e-09	-2.03025450674e-07
2.75375825216e-09	-1.83106351415e-07
2.757405586e-09	-1.37744791573e-07
2.76105291984e-09	-8.03088298085e-08
2.76470025367e-09	-2.40208084534e-08
2.76834758751e-09	2.2149331258e-08
2.77199492135e-09	5.53164483108e-08
2.77564225518e-09	7.78921531719e-08
2.77928958902e-09	9.48051877003e-08
2.78293692286e-09	1.09989244379e-07
2.78658425669e-09	1.23630627513e-07
2.79023159053e-09	1.31364117806e-07
2.79387892437e-09	1.259936937e-07
2.7975262582e-09	1.01099551841e-07
2.80117359204e-09	5.49601182342e-08
2.80482092588e-09	-7.19133730342e-09
2.80846825971e-09	-7.38813952239e-08
2.81211559355e-09	-1.30956351541e-07
2.81576292739e-09	-1.66358105957e-07
2.81941026122e-09	-1.73961709038e-07
2.82305759506e-09	-1.54916591555e-07
2.8267049289e-09	-1.16293065844e-07
2.83035226273e-09	-6.80426097688e-08
2.83399959657e-09	-1.975131525e-08
2.83764693041e-09	2.17557065696e-08
2.84129426424e-09	5.34625073101e-08
2.84494159808e-09	7.58366596187e-08
2.84858893192e-09	9.13590127993e-08
2.85223626575e-09	1.02373675759e-07
2.85588359959e-09	1.090950974e-07
2.85953093343e-09	1.0885559476e-07
2.86317826726e-09	9.72456604131e-08
2.8668256011e-09	7.0782299133e-08
2.87047293494e-09	2.97300211116e-08
2.87412026877e-09	-2.06457286822e-08
2.87776760261e-09	-7.12315966211e-08
2.88141493645e-09	-1.12055353441e-07
2.88506227028e-09	-1.35517424837e-07
2.88870960412e-09	-1.38378069892e-07
2.89235693796e-09	-1.21934775166e-07
2.89600427179e-09	-9.09052602083e-08
2.89965160563e-09	-5.18566238839e-08
2.90329893947e-09	-1.16687974838e-08
2.9069462733e-09	2.38732340563e-08
2.91059360714e-09	5.12242337436e-08
2.91424094098e-09	6.9614891629e-08
2.91788827481e-09	8.04242148433e-08
2.92153560865e-09	8.55173425407e-08
2.92518294249e-09	8.54697432828e-08
2.92883027632e-09	7.89160168324e-08
2.93247761016e-09	6.35983354869e-08
2.936124944e-09	3.84891691851e-08
2.93977227784e-09	5.46922462874e-09
2.94341961167e-09	-3.06264986705e-08
2.94706694551e-09	-6.35629717749e-08
2.95071427935e-09	-8.77823111978e-08
2.95436161318e-09	-9.98155798015e-08
2.95800894702e-09	-9.85485968386e-08
2.96165628086e-09	-8.4864893779e-08
2.96530361469e-09	-6.12984649706e-08
2.96895094853e-09	-3.17971178276e-08
2.97259828237e-09	-1.20839516171e-09
2.9762456162e-09	2.58163908029e-08
2.97989295004e-09	4.61281963737e-08
2.98354028388e-09	5.8739182407e-08
2.98718761771e-09	6.42777351345e-08
2.99083495155e-09	6.36848014324e-08
2.99448228539e-09	5.72321354753e-08
2.99812961922e-09	4.46916637031e-08
3.00177695306e-09	2.64438231312e-08
3.0054242869e-09	4.45633352442e-09
3.00907162073e-09	-1.78880501522e-08
3.01271895457e-09	-3.70521995308e-08
3.01636628841e-09	-5.07105930581e-08
3.02001362224e-09	-5.81837973357e-08
3.02366095608e-09	-5.9784369455e-08
3.02730828992e-09	-5.58342314605e-08
3.03095562375e-09	-4.6355857819e-08
3.03460295759e-09	-3.1617965135e-08
3.03825029143e-09	-1.29073223221e-08
3.04189762526e-09	7.29410887246e-09
3.0455449591e-09	2.59031498473e-08
3.04919229294e-09	4.01149122808e-08
3.05283962677e-09	4.78882533628e-08
3.05648696061e-09	4.79662318753e-08
3.06013429445e-09	3.99253714534e-08
3.06378162828e-09	2.46330209563e-08
3.06742896212e-09	4.81613104952e-09
3.07107629596e-09	-1.50422660994e-08
3.07472362979e-09	-3.0040418153e-08
3.07837096363e-09	-3.69565604785e-08
3.08201829747e-09	-3.57914693438e-08
3.0856656313e-09	-2.96057311999e-08
3.08931296514e-09	-2.26286296368e-08
3.09296029898e-09	-1.78118995109e-08
3.09660763281e-09	-1.53746064768e-08
3.10025496665e-09	-1.31356383548e-08
3.10390230049e-09	-8.18894996257e-09
3.10754963432e-09	1.19044707425e-09
3.11119696816e-09	1.43986325085e-08
3.114844302e-09	2.84324812583e-08
3.11849163583e-09	3.87347220965e-08
3.12213896967e-09	4.06333171554e-08
3.12578630351e-09	3.11507228901e-08
3.12943363735e-09	1.06973701008e-08
3.13308097118e-09	-1.61481619187e-08
3.13672830502e-09	-4.15792555941e-08
3.14037563886e-09	-5.7328847447e-08
3.14402297269e-09	-5.82243160352e-08
3.14767030653e-09	-4.4665558363e-08
3.15131764037e-09	-2.25608882687e-08
3.1549649742e-09	-5.52806245224e-10
3.15861230804e-09	1.40215608013e-08
3.16225964188e-09	1.83309829538e-08
3.16590697571e-09	1.48276706469e-08
3.16955430955e-09	9.45376044115e-09
3.17320164339e-09	8.33243873899e-09
3.17684897722e-09	1.45800944651e-08
3.18049631106e-09	2.66052389009e-08
3.1841436449e-09	3.85145568771e-08
3.18779097873e-09	4.24972625979e-08
3.19143831257e-09	3.23700390936e-08
3.19508564641e-09	6.87308077119e-09
3.19873298024e-09	-2.87785635322e-08
3.20238031408e-09	-6.41149426883e-08
3.20602764792e-09	-8.72668053375e-08
3.20967498175e-09	-8.99043897107e-08
3.21332231559e-09	-7.09548189093e-08
3.21696964943e-09	-3.71997508353e-08
3.22061698326e-09	-3.4799896298e-10
3.2242643171e-09	2.80603718039e-08
3.22791165094e-09	4.14472651755e-08
3.23155898477e-09	4.04873503612e-08
3.23520631861e-09	3.19518207448e-08
3.23885365245e-09	2.48224090171e-08
3.24250098628e-09	2.55783341174e-08
3.24614832012e-09	3.48473463418e-08
3.24979565396e-09	4.6886814431e-08
3.25344298779e-09	5.21914742535e-08
3.25709032163e-09	4.20993870875e-08
3.26073765547e-09	1.33760753585e-08
3.2643849893e-09	-2.93443100929e-08
3.26803232314e-09	-7.45468327068e-08
3.27167965698e-09	-1.08049697189e-07
3.27532699081e-09	-1.1866550409e-07
3.27897432465e-09	-1.02840147065e-07
3.28262165849e-09	-6.61201369212e-08
3.28626899232e-09	-2.07602841584e-08
3.28991632616e-09	1.94571576628e-08
3.29356366e-09	4.48100010431e-08
3.29721099383e-09	5.31403827608e-08
3.30085832767e-09	4.97484080597e-08
3.30450566151e-09	4.38504201838e-08
3.30815299534e-09	4.3417188067e-08
3.31180032918e-09	5.08732931337e-08
3.31544766302e-09	6.17049025209e-08
3.31909499686e-09	6.66583659381e-08
3.32274233069e-09	5.64404274428e-08
3.32638966453e-09	2.66826667428e-08
3.33003699837e-09	-1.91467890431e-08
3.3336843322e-09	-7.02849405343e-08
3.33733166604e-09	-1.12478836911e-07
3.34097899988e-09	-1.33398231128e-07
3.34462633371e-09	-1.27341294842e-07
3.34827366755e-09	-9.72825802137e-08
3.35192100139e-09	-5.33829833671e-08
3.35556833522e-09	-8.68438032597e-09
3.35921566906e-09	2.61034678317e-08
3.3628630029e-09	4.64287239765e-08
3.36651033673e-09	5.46779403976e-08
3.37015767057e-09	5.7637748796e-08
3.37380500441e-09	6.20532532025e-08
3.37745233824e-09	7.05441465243e-08
3.38109967208e-09	7.99390633688e-08
3.38474700592e-09	8.28236608186e-08
3.38839433975e-09	7.14534706958e-08
3.39204167359e-09	4.20059009798e-08
3.39568900743e-09	-2.85758616769e-09
3.39933634126e-09	-5.42816955829e-08
3.4029836751e-09	-1.00143189741e-07
3.40663100894e-09	-1.29310564034e-07
3.41027834277e-09	-1.35443954719e-07
3.41392567661e-09	-1.18897887091e-07
3.41757301045e-09	-8.60591313767e-08
3.42122034428e-09	-4.6477630633e-08
3.42486767812e-09	-9.07949271323e-09
3.42851501196e-09	2.08908783605e-08
3.43216234579e-09	4.28773638816e-08
3.43580967963e-09	5.96279576826e-08
3.43945701347e-09	7.42934318509e-08
3.4431043473e-09	8.76711041542e-08
3.44675168114e-09	9.71101599134e-08
3.45039901498e-09	9.76160308142e-08
3.45404634881e-09	8.44859044946e-08
3.45769368265e-09	5.60319080023e-08
3.46134101649e-09	1.49968286678e-08
3.46498835032e-09	-3.18845359004e-08
3.46863568416e-09	-7.5880507211e-08
3.472283018e-09	-1.08877266314e-07
3.47593035183e-09	-1.25592578115e-07
3.47957768567e-09	-1.24670805235e-07
3.48322501951e-09	-1.08443735769e-07
3.48687235334e-09	-8.15552851918e-08
3.49051968718e-09	-4.91213185683e-08
3.49416702102e-09	-1.5217032967e-08
3.49781435485e-09	1.76762711135e-08
3.50146168869e-09	4.81575703759e-08
3.50510902253e-09	7.48122062078e-08
3.50875635637e-09	9.53929131242e-08
3.5124036902e-09	1.0688402341e-07
3.51605102404e-09	1.06467062722e-07
3.51969835788e-09	9.28072267925e-08
3.52334569171e-09	6.69022028887e-08
3.52699302555e-09	3.20192405923e-08
3.53064035939e-09	-7.12157532945e-09
3.53428769322e-09	-4.54646524872e-08
3.53793502706e-09	-7.85296236927e-08
3.5415823609e-09	-1.02868305873e-07
3.54522969473e-09	-1.16160961738e-07
3.54887702857e-09	-1.171484314e-07
3.55252436241e-09	-1.05590132193e-07
3.55617169624e-09	-8.23430497121e-08
3.55981903008e-09	-4.95570446901e-08
3.56346636392e-09	-1.08147464317e-08
3.56711369775e-09	2.90135790948e-08
3.57076103159e-09	6.4409491074e-08
3.57440836543e-09	9.03546251152e-08
3.57805569926e-09	1.03609245627e-07
3.5817030331e-09	1.03504149251e-07
3.58535036694e-09	9.18260028016e-08
3.58899770077e-09	7.17569292874e-08
3.59264503461e-09	4.6460545633e-08
3.59629236845e-09	1.80990546994e-08
3.59993970228e-09	-1.21901591044e-08
3.60358703612e-09	-4.34463665044e-08
3.60723436996e-09	-7.37397201078e-08
3.61088170379e-09	-9.95190276853e-08
3.61452903763e-09	-1.15955650415e-07
3.61817637147e-09	-1.1829914115e-07
3.6218237053e-09	-1.03763220238e-07
3.62547103914e-09	-7.31796063747e-08
3.62911837298e-09	-3.15628021497e-08
3.63276570681e-09	1.28890453865e-08
3.63641304065e-09	5.12404625397e-08
3.64006037449e-09	7.68194254874e-08
3.64370770832e-09	8.74145342777e-08
3.64735504216e-09	8.55282777934e-08
3.651002376e-09	7.6473455124e-08
3.65464970983e-09	6.52473772789e-08
3.65829704367e-09	5.38787219284e-08
3.66194437751e-09	4.06853217783e-08
3.66559171134e-09	2.18292068865e-08
3.66923904518e-09	-5.67463853685e-09
3.67288637902e-09	-4.11293541447e-08
3.67653371285e-09	-7.89939065271e-08
3.68018104669e-09	-1.10072903681e-07
3.68382838053e-09	-1.24678479096e-07
3.68747571437e-09	-1.16568429576e-07
3.6911230482e-09	-8.59908482198e-08
3.69477038204e-09	-4.03979996122e-08
3.69841771588e-09	7.80125120059e-09
3.70206504971e-09	4.58488074173e-08
3.70571238355e-09	6.57155752037e-08
3.70935971739e-09	6.72032243187e-08
3.71300705122e-09	5.7425022959e-08
3.71665438506e-09	4.66984566572e-08
3.7203017189e-09	4.28836983701e-08
3.72394905273e-09	4.71136871738e-08
3.72759638657e-09	5.32018731292e-08
3.73124372041e-09	5.10132380782e-08
3.73489105424e-09	3.20986757174e-08
3.73853838808e-09	-5.2320268118e-09
3.74218572192e-09	-5.3869296579e-08
3.74583305575e-09	-9.98642804007e-08
3.74948038959e-09	-1.27635843228e-07
3.75312772343e-09	-1.26369329223e-07
3.75677505726e-09	-9.49260794414e-08
3.7604223911e-09	-4.30552837827e-08
3.76406972494e-09	1.19764296258e-08
3.76771705877e-09	5.22879055609e-08
3.77136439261e-09	6.69585134006e-08
3.77501172645e-09	5.66842786043e-08
3.77865906028e-09	3.30487921474e-08
3.78230639412e-09	1.25238388549e-08
3.78595372796e-09	8.02961253044e-09
3.78960106179e-09	2.23194760451e-08
3.79324839563e-09	4.65443861231e-08
3.79689572947e-09	6.46701181495e-08
3.8005430633e-09	6.15044513097e-08
3.80419039714e-09	3.04608072099e-08
3.80783773098e-09	-2.25547758248e-08
3.81148506481e-09	-8.08092011084e-08
3.81513239865e-09	-1.23244717543e-07
3.81877973249e-09	-1.33152440185e-07
3.82242706632e-09	-1.05466135381e-07
3.82607440016e-09	-4.9495799459e-08
3.829721734e-09	1.43592053803e-08
3.83336906783e-09	6.29248262385e-08
3.83701640167e-09	8.01590545052e-08
3.84066373551e-09	6.41365147658e-08
3.84431106934e-09	2.75973661701e-08
3.84795840318e-09	-8.39563796262e-09
3.85160573702e-09	-2.47480134163e-08
3.85525307085e-09	-1.35308937388e-08
3.85890040469e-09	1.83881780913e-08
3.86254773853e-09	5.28984180903e-08
3.86619507236e-09	6.94636810294e-08
3.8698424062e-09	5.4950454853e-08
3.87348974004e-09	9.99994043127e-09
3.87713707388e-09	-5.07137727368e-08
3.88078440771e-09	-1.04314707983e-07
3.88443174155e-09	-1.29170388163e-07
3.88807907539e-09	-1.14102924442e-07
3.89172640922e-09	-6.34989376636e-08
3.89537374306e-09	4.02421296286e-09
3.8990210769e-09	6.3144852902e-08
3.90266841073e-09	9.25451999478e-08
3.90631574457e-09	8.40409128955e-08
3.90996307841e-09	4.58355202682e-08
3.91361041224e-09	-1.72420067113e-09
3.91725774608e-09	-3.58836551584e-08
3.92090507992e-09	-4.2025416036e-08
3.92455241375e-09	-1.99839238491e-08
3.92819974759e-09	1.65902473981e-08
3.93184708143e-09	4.71423078352e-08
3.93549441526e-09	5.39182671844e-08
3.9391417491e-09	3.00490725635e-08
3.94278908294e-09	-1.7345239911e-08
3.94643641677e-09	-7.00489053429e-08
3.95008375061e-09	-1.06301257574e-07
3.95373108445e-09	-1.09909088053e-07
3.95737841828e-09	-7.72273835992e-08
3.96102575212e-09	-1.90462543515e-08
3.96467308596e-09	4.35629310402e-08
3.96832041979e-09	8.79163835066e-08
3.97196775363e-09	9.91667974404e-08
3.97561508747e-09	7.6281786221e-08
3.9792624213e-09	3.18397788135e-08
3.98290975514e-09	-1.41475569038e-08
3.98655708898e-09	-4.33409113043e-08
3.99020442281e-09	-4.67860843401e-08
3.99385175665e-09	-2.7892284038e-08
3.99749909049e-09	1.97751592879e-10
4.00114642432e-09	2.11677999573e-08
4.00479375816e-09	2.28981047457e-08
4.008441092e-09	2.57928101099e-09
4.01208842583e-09	-3.22318527424e-08
4.01573575967e-09	-6.67800605925e-08
4.01938309351e-09	-8.51844887961e-08
4.02303042734e-09	-7.70617845092e-08
4.02667776118e-09	-4.21039985099e-08
4.03032509502e-09	9.35119892631e-09
4.03397242885e-09	6.01639698061e-08
4.03761976269e-09	9.31642247792e-08
4.04126709653e-09	9.79350787134e-08
4.04491443036e-09	7.46493427073e-08
4.0485617642e-09	3.33653105145e-08
4.05220909804e-09	-1.06264810285e-08
4.05585643187e-09	-4.31070112938e-08
4.05950376571e-09	-5.61041595404e-08
4.06315109955e-09	-5.00394463643e-08
4.06679843339e-09	-3.24607043467e-08
4.07044576722e-09	-1.43168064071e-08
4.07409310106e-09	-5.33916555412e-09
4.0777404349e-09	-1.01613242265e-08
4.08138776873e-09	-2.64308326337e-08
4.08503510257e-09	-4.56246311842e-08
4.08868243641e-09	-5.6425683681e-08
4.09232977024e-09	-4.95915664089e-08
4.09597710408e-09	-2.23605898242e-08
4.09962443792e-09	1.96008063114e-08
4.10327177175e-09	6.37812433979e-08
4.10691910559e-09	9.54491383709e-08
4.11056643943e-09	1.03359198533e-07
4.11421377326e-09	8.40744718289e-08
4.1178611071e-09	4.31870255113e-08
4.12150844094e-09	-6.8622272309e-09
4.12515577477e-09	-5.13169275962e-08
4.12880310861e-09	-7.82077478334e-08
4.13245044245e-09	-8.22670926937e-08
4.13609777628e-09	-6.64343886569e-08
4.13974511012e-09	-4.04344966398e-08
4.14339244396e-09	-1.67703682052e-08
4.14703977779e-09	-5.47855627531e-09
4.15068711163e-09	-9.67641966554e-09
4.15433444547e-09	-2.39682904635e-08
4.1579817793e-09	-3.67648809174e-08
4.16162911314e-09	-3.5782335317e-08
4.16527644698e-09	-1.42512179835e-08
4.16892378081e-09	2.51140885865e-08
4.17257111465e-09	7.04171085886e-08
4.17621844849e-09	1.05120577132e-07
4.17986578232e-09	1.14797387596e-07
4.18351311616e-09	9.31361938683e-08
4.18716045e-09	4.47496546485e-08
4.19080778383e-09	-1.62767488376e-08
4.19445511767e-09	-7.14463723739e-08
4.19810245151e-09	-1.04611849849e-07
4.20174978534e-09	-1.07916157788e-07
4.20539711918e-09	-8.46378540587e-08
4.20904445302e-09	-4.76107899772e-08
4.21269178685e-09	-1.36305882137e-08
4.21633912069e-09	3.96301746974e-09
4.21998645453e-09	1.26284938062e-09
4.22363378836e-09	-1.4585505248e-08
4.2272811222e-09	-2.90828161553e-08
4.23092845604e-09	-2.77313034758e-08
4.23457578987e-09	-3.52806450721e-09
4.23822312371e-09	3.90401453387e-08
