2.06437e-14	-0.000112826
6.1931e-14	-0.000113596
1.03218e-13	-0.000114368
1.44506e-13	-0.000115141
1.85793e-13	-0.000115917
2.2708e-13	-0.000116694
2.68368e-13	-0.000117474
3.09655e-13	-0.000118255
3.50942e-13	-0.000119038
3.9223e-13	-0.000119823
4.33517e-13	-0.00012061
4.74804e-13	-0.000121398
5.16092e-13	-0.000122188
5.57379e-13	-0.000122979
5.98666e-13	-0.000123772
6.39954e-13	-0.000124567
6.81241e-13	-0.000125362
7.22528e-13	-0.00012616
7.63816e-13	-0.000126958
8.05103e-13	-0.000127758
8.4639e-13	-0.000128559
8.87678e-13	-0.000129361
9.28965e-13	-0.000130164
9.70252e-13	-0.000130968
1.01154e-12	-0.000131773
1.05283e-12	-0.000132579
1.09411e-12	-0.000133386
1.1354e-12	-0.000134194
1.17669e-12	-0.000135002
1.21798e-12	-0.000135811
1.25926e-12	-0.000136621
1.30055e-12	-0.000137431
1.34184e-12	-0.000138241
1.38313e-12	-0.000139052
1.42441e-12	-0.000139864
1.4657e-12	-0.000140675
1.50699e-12	-0.000141487
1.54828e-12	-0.000142298
1.58956e-12	-0.00014311
1.63085e-12	-0.000143922
1.67214e-12	-0.000144733
1.71342e-12	-0.000145544
1.75471e-12	-0.000146355
1.796e-12	-0.000147166
1.83729e-12	-0.000147976
1.87857e-12	-0.000148786
1.91986e-12	-0.000149594
1.96115e-12	-0.000150403
2.00244e-12	-0.00015121
2.04372e-12	-0.000152016
2.08501e-12	-0.000152822
2.1263e-12	-0.000153626
2.16759e-12	-0.000154429
2.20887e-12	-0.000155231
2.25016e-12	-0.000156031
2.29145e-12	-0.00015683
2.33273e-12	-0.000157628
2.37402e-12	-0.000158424
2.41531e-12	-0.000159218
2.4566e-12	-0.00016001
2.49788e-12	-0.0001608
2.53917e-12	-0.000161588
2.58046e-12	-0.000162373
2.62175e-12	-0.000163157
2.66303e-12	-0.000163938
2.70432e-12	-0.000164717
2.74561e-12	-0.000165492
2.7869e-12	-0.000166266
2.82818e-12	-0.000167036
2.86947e-12	-0.000167803
2.91076e-12	-0.000168567
2.95204e-12	-0.000169328
2.99333e-12	-0.000170085
3.03462e-12	-0.000170839
3.07591e-12	-0.00017159
3.11719e-12	-0.000172336
3.15848e-12	-0.000173079
3.19977e-12	-0.000173818
3.24106e-12	-0.000174552
3.28234e-12	-0.000175283
3.32363e-12	-0.000176009
3.36492e-12	-0.00017673
3.40621e-12	-0.000177447
3.44749e-12	-0.000178158
3.48878e-12	-0.000178865
3.53007e-12	-0.000179567
3.57135e-12	-0.000180263
3.61264e-12	-0.000180954
3.65393e-12	-0.00018164
3.69522e-12	-0.000182319
3.7365e-12	-0.000182993
3.77779e-12	-0.000183661
3.81908e-12	-0.000184322
3.86037e-12	-0.000184978
3.90165e-12	-0.000185626
3.94294e-12	-0.000186268
3.98423e-12	-0.000186903
4.02552e-12	-0.000187531
4.0668e-12	-0.000188152
4.10809e-12	-0.000188766
4.14938e-12	-0.000189372
4.19066e-12	-0.00018997
4.23195e-12	-0.00019056
4.27324e-12	-0.000191143
4.31453e-12	-0.000191717
4.35581e-12	-0.000192282
4.3971e-12	-0.000192839
4.43839e-12	-0.000193387
4.47968e-12	-0.000193926
4.52096e-12	-0.000194456
4.56225e-12	-0.000194977
4.60354e-12	-0.000195488
4.64483e-12	-0.000195989
4.68611e-12	-0.00019648
4.7274e-12	-0.000196961
4.76869e-12	-0.000197431
4.80997e-12	-0.000197891
4.85126e-12	-0.00019834
4.89255e-12	-0.000198778
4.93384e-12	-0.000199205
4.97512e-12	-0.00019962
5.01641e-12	-0.000200023
5.0577e-12	-0.000200415
5.09899e-12	-0.000200795
5.14027e-12	-0.000201162
5.18156e-12	-0.000201516
5.22285e-12	-0.000201858
5.26414e-12	-0.000202186
5.30542e-12	-0.000202502
5.34671e-12	-0.000202803
5.388e-12	-0.000203091
5.42928e-12	-0.000203365
5.47057e-12	-0.000203625
5.51186e-12	-0.00020387
5.55315e-12	-0.0002041
5.59443e-12	-0.000204316
5.63572e-12	-0.000204516
5.67701e-12	-0.0002047
5.7183e-12	-0.000204869
5.75958e-12	-0.000205021
5.80087e-12	-0.000205157
5.84216e-12	-0.000205277
5.88345e-12	-0.00020538
5.92473e-12	-0.000205465
5.96602e-12	-0.000205533
6.00731e-12	-0.000205584
6.04859e-12	-0.000205616
6.08988e-12	-0.00020563
6.13117e-12	-0.000205626
6.17246e-12	-0.000205602
6.21374e-12	-0.00020556
6.25503e-12	-0.000205498
6.29632e-12	-0.000205416
6.33761e-12	-0.000205314
6.37889e-12	-0.000205192
6.42018e-12	-0.000205049
6.46147e-12	-0.000204886
6.50276e-12	-0.000204701
6.54404e-12	-0.000204494
6.58533e-12	-0.000204265
6.62662e-12	-0.000204014
6.6679e-12	-0.000203741
6.70919e-12	-0.000203444
6.75048e-12	-0.000203125
6.79177e-12	-0.000202781
6.83305e-12	-0.000202414
6.87434e-12	-0.000202023
6.91563e-12	-0.000201607
6.95692e-12	-0.000201166
6.9982e-12	-0.0002007
7.03949e-12	-0.000200208
7.08078e-12	-0.00019969
7.12207e-12	-0.000199146
7.16335e-12	-0.000198575
7.20464e-12	-0.000197977
7.24593e-12	-0.000197351
7.28721e-12	-0.000196698
7.3285e-12	-0.000196016
7.36979e-12	-0.000195306
7.41108e-12	-0.000194567
7.45236e-12	-0.000193799
7.49365e-12	-0.000193001
7.53494e-12	-0.000192172
7.57623e-12	-0.000191313
7.61751e-12	-0.000190424
7.6588e-12	-0.000189503
7.70009e-12	-0.00018855
7.74138e-12	-0.000187565
7.78266e-12	-0.000186548
7.82395e-12	-0.000185498
7.86524e-12	-0.000184414
7.90652e-12	-0.000183297
7.94781e-12	-0.000182145
7.9891e-12	-0.000180959
8.03039e-12	-0.000179737
8.07167e-12	-0.000178481
8.11296e-12	-0.000177188
8.15425e-12	-0.000175859
8.19554e-12	-0.000174493
8.23682e-12	-0.00017309
8.27811e-12	-0.000171649
8.3194e-12	-0.00017017
8.36069e-12	-0.000168652
8.40197e-12	-0.000167095
8.44326e-12	-0.000165499
8.48455e-12	-0.000163863
8.52583e-12	-0.000162186
8.56712e-12	-0.000160468
8.60841e-12	-0.000158709
8.6497e-12	-0.000156908
8.69098e-12	-0.000155064
8.73227e-12	-0.000153178
8.77356e-12	-0.000151248
8.81485e-12	-0.000149275
8.85613e-12	-0.000147257
8.89742e-12	-0.000145194
8.93871e-12	-0.000143085
8.98e-12	-0.000140931
9.02128e-12	-0.000138731
9.06257e-12	-0.000136483
9.10386e-12	-0.000134188
9.14514e-12	-0.000131845
9.18643e-12	-0.000129454
9.22772e-12	-0.000127013
9.26901e-12	-0.000124523
9.31029e-12	-0.000121983
9.35158e-12	-0.000119392
9.39287e-12	-0.00011675
9.43416e-12	-0.000114056
9.47544e-12	-0.000111309
9.51673e-12	-0.00010851
9.55802e-12	-0.000105658
9.59931e-12	-0.000102751
9.64059e-12	-9.97902e-05
9.68188e-12	-9.67739e-05
9.72317e-12	-9.3702e-05
9.76446e-12	-9.05737e-05
9.80574e-12	-8.73885e-05
9.84703e-12	-8.41458e-05
9.88832e-12	-8.08451e-05
9.9296e-12	-7.74857e-05
9.97089e-12	-7.4067e-05
1.00122e-11	-7.05885e-05
1.00535e-11	-6.70495e-05
1.00948e-11	-6.34494e-05
1.0136e-11	-5.97875e-05
1.01773e-11	-5.60634e-05
1.02186e-11	-5.22763e-05
1.02599e-11	-4.84256e-05
1.03012e-11	-4.45107e-05
1.03425e-11	-4.0531e-05
1.03838e-11	-3.64858e-05
1.04251e-11	-3.23744e-05
1.04663e-11	-2.81963e-05
1.05076e-11	-2.39508e-05
1.05489e-11	-1.96372e-05
1.05902e-11	-1.52548e-05
1.06315e-11	-1.08031e-05
1.06728e-11	-6.28133e-06
1.07141e-11	-1.68882e-06
1.07554e-11	2.9751e-06
1.07966e-11	7.71109e-06
1.08379e-11	1.25198e-05
1.08792e-11	1.7402e-05
1.09205e-11	2.23583e-05
1.09618e-11	2.73895e-05
1.10031e-11	3.24962e-05
1.10444e-11	3.7679e-05
1.10856e-11	4.29388e-05
1.11269e-11	4.82763e-05
1.11682e-11	5.36921e-05
1.12095e-11	5.91869e-05
1.12508e-11	6.47615e-05
1.12921e-11	7.04166e-05
1.13334e-11	7.61529e-05
1.13747e-11	8.19712e-05
1.14159e-11	8.78722e-05
1.14572e-11	9.38566e-05
1.14985e-11	9.99252e-05
1.15398e-11	0.000106079
1.15811e-11	0.000112318
1.16224e-11	0.000118643
1.16637e-11	0.000125056
1.1705e-11	0.000131557
1.17462e-11	0.000138146
1.17875e-11	0.000144825
1.18288e-11	0.000151594
1.18701e-11	0.000158454
1.19114e-11	0.000165406
1.19527e-11	0.000172451
1.1994e-11	0.000179589
1.20353e-11	0.000186821
1.20765e-11	0.000194148
1.21178e-11	0.00020157
1.21591e-11	0.000209089
1.22004e-11	0.000216706
1.22417e-11	0.000224421
1.2283e-11	0.000232235
1.23243e-11	0.000240148
1.23656e-11	0.000248162
1.24068e-11	0.000256278
1.24481e-11	0.000264496
1.24894e-11	0.000272817
1.25307e-11	0.000281241
1.2572e-11	0.000289771
1.26133e-11	0.000298406
1.26546e-11	0.000307148
1.26959e-11	0.000315997
1.27371e-11	0.000324954
1.27784e-11	0.00033402
1.28197e-11	0.000343196
1.2861e-11	0.000352482
1.29023e-11	0.000361881
1.29436e-11	0.000371391
1.29849e-11	0.000381015
1.30262e-11	0.000390753
1.30674e-11	0.000400607
1.31087e-11	0.000410576
1.315e-11	0.000420662
1.31913e-11	0.000430866
1.32326e-11	0.000441188
1.32739e-11	0.00045163
1.33152e-11	0.000462192
1.33565e-11	0.000472876
1.33977e-11	0.000483681
1.3439e-11	0.00049461
1.34803e-11	0.000505663
1.35216e-11	0.000516841
1.35629e-11	0.000528145
1.36042e-11	0.000539575
1.36455e-11	0.000551133
1.36868e-11	0.00056282
1.3728e-11	0.000574636
1.37693e-11	0.000586583
1.38106e-11	0.000598661
1.38519e-11	0.000610871
1.38932e-11	0.000623215
1.39345e-11	0.000635693
1.39758e-11	0.000648306
1.40171e-11	0.000661055
1.40583e-11	0.000673941
1.40996e-11	0.000686965
1.41409e-11	0.000700128
1.41822e-11	0.000713431
1.42235e-11	0.000726875
1.42648e-11	0.00074046
1.43061e-11	0.000754189
1.43473e-11	0.000768061
1.43886e-11	0.000782078
1.44299e-11	0.00079624
1.44712e-11	0.000810549
1.45125e-11	0.000825006
1.45538e-11	0.000839611
1.45951e-11	0.000854366
1.46364e-11	0.000869272
1.46776e-11	0.000884329
1.47189e-11	0.000899538
1.47602e-11	0.000914901
1.48015e-11	0.000930419
1.48428e-11	0.000946092
1.48841e-11	0.000961921
1.49254e-11	0.000977908
1.49667e-11	0.000994053
1.50079e-11	0.00101036
1.50492e-11	0.00102682
1.50905e-11	0.00104345
1.51318e-11	0.00106024
1.51731e-11	0.00107719
1.52144e-11	0.00109431
1.52557e-11	0.00111159
1.5297e-11	0.00112904
1.53382e-11	0.00114666
1.53795e-11	0.00116444
1.54208e-11	0.0011824
1.54621e-11	0.00120052
1.55034e-11	0.00121882
1.55447e-11	0.00123728
1.5586e-11	0.00125593
1.56273e-11	0.00127474
1.56685e-11	0.00129374
1.57098e-11	0.0013129
1.57511e-11	0.00133225
1.57924e-11	0.00135178
1.58337e-11	0.00137148
1.5875e-11	0.00139137
1.59163e-11	0.00141143
1.59576e-11	0.00143168
1.59988e-11	0.00145211
1.60401e-11	0.00147273
1.60814e-11	0.00149354
1.61227e-11	0.00151453
1.6164e-11	0.0015357
1.62053e-11	0.00155707
1.62466e-11	0.00157863
1.62879e-11	0.00160037
1.63291e-11	0.00162231
1.63704e-11	0.00164444
1.64117e-11	0.00166677
1.6453e-11	0.00168929
1.64943e-11	0.00171201
1.65356e-11	0.00173492
1.65769e-11	0.00175803
1.66182e-11	0.00178134
1.66594e-11	0.00180485
1.67007e-11	0.00182856
1.6742e-11	0.00185247
1.67833e-11	0.00187658
1.68246e-11	0.0019009
1.68659e-11	0.00192543
1.69072e-11	0.00195016
1.69485e-11	0.00197509
1.69897e-11	0.00200024
1.7031e-11	0.00202559
1.70723e-11	0.00205115
1.71136e-11	0.00207693
1.71549e-11	0.00210291
1.71962e-11	0.00212911
1.72375e-11	0.00215552
1.72788e-11	0.00218215
1.732e-11	0.00220899
1.73613e-11	0.00223605
1.74026e-11	0.00226333
1.74439e-11	0.00229082
1.74852e-11	0.00231854
1.75265e-11	0.00234648
1.75678e-11	0.00237463
1.7609e-11	0.00240301
1.76503e-11	0.00243162
1.76916e-11	0.00246045
1.77329e-11	0.0024895
1.77742e-11	0.00251878
1.78155e-11	0.00254829
1.78568e-11	0.00257802
1.78981e-11	0.00260798
1.79393e-11	0.00263818
1.79806e-11	0.0026686
1.80219e-11	0.00269926
1.80632e-11	0.00273015
1.81045e-11	0.00276128
1.81458e-11	0.00279263
1.81871e-11	0.00282423
1.82284e-11	0.00285606
1.82696e-11	0.00288813
1.83109e-11	0.00292043
1.83522e-11	0.00295298
1.83935e-11	0.00298576
1.84348e-11	0.00301879
1.84761e-11	0.00305205
1.85174e-11	0.00308556
1.85587e-11	0.00311932
1.85999e-11	0.00315331
1.86412e-11	0.00318756
1.86825e-11	0.00322205
1.87238e-11	0.00325678
1.87651e-11	0.00329176
1.88064e-11	0.003327
1.88477e-11	0.00336248
1.8889e-11	0.00339821
1.89302e-11	0.00343419
1.89715e-11	0.00347042
1.90128e-11	0.00350691
1.90541e-11	0.00354365
1.90954e-11	0.00358064
1.91367e-11	0.00361789
1.9178e-11	0.00365539
1.92193e-11	0.00369315
1.92605e-11	0.00373116
1.93018e-11	0.00376944
1.93431e-11	0.00380797
1.93844e-11	0.00384676
1.94257e-11	0.00388581
1.9467e-11	0.00392512
1.95083e-11	0.00396469
1.95496e-11	0.00400453
1.95908e-11	0.00404462
1.96321e-11	0.00408498
1.96734e-11	0.00412561
1.97147e-11	0.0041665
1.9756e-11	0.00420765
1.97973e-11	0.00424907
1.98386e-11	0.00429075
1.98799e-11	0.0043327
1.99211e-11	0.00437492
1.99624e-11	0.00441741
2.00037e-11	0.00446017
2.0045e-11	0.00450319
2.00863e-11	0.00454649
2.01276e-11	0.00459005
2.01689e-11	0.00463389
2.02102e-11	0.004678
2.02514e-11	0.00472237
2.02927e-11	0.00476703
2.0334e-11	0.00481195
2.03753e-11	0.00485715
2.04166e-11	0.00490262
2.04579e-11	0.00494836
2.04992e-11	0.00499438
2.05404e-11	0.00504068
2.05817e-11	0.00508725
2.0623e-11	0.00513409
2.06643e-11	0.00518121
2.07056e-11	0.00522861
2.07469e-11	0.00527629
2.07882e-11	0.00532424
2.08295e-11	0.00537247
2.08707e-11	0.00542097
2.0912e-11	0.00546976
2.09533e-11	0.00551882
2.09946e-11	0.00556817
2.10359e-11	0.00561779
2.10772e-11	0.00566769
2.11185e-11	0.00571787
2.11598e-11	0.00576832
2.1201e-11	0.00581906
2.12423e-11	0.00587008
2.12836e-11	0.00592138
2.13249e-11	0.00597296
2.13662e-11	0.00602481
2.14075e-11	0.00607695
2.14488e-11	0.00612937
2.14901e-11	0.00618207
2.15313e-11	0.00623505
2.15726e-11	0.00628831
2.16139e-11	0.00634185
2.16552e-11	0.00639567
2.16965e-11	0.00644978
2.17378e-11	0.00650416
2.17791e-11	0.00655882
2.18204e-11	0.00661377
2.18616e-11	0.00666899
2.19029e-11	0.00672449
2.19442e-11	0.00678028
2.19855e-11	0.00683634
2.20268e-11	0.00689269
2.20681e-11	0.00694931
2.21094e-11	0.00700621
2.21507e-11	0.0070634
2.21919e-11	0.00712086
2.22332e-11	0.0071786
2.22745e-11	0.00723661
2.23158e-11	0.00729491
2.23571e-11	0.00735348
2.23984e-11	0.00741233
2.24397e-11	0.00747146
2.2481e-11	0.00753087
2.25222e-11	0.00759055
2.25635e-11	0.0076505
2.26048e-11	0.00771073
2.26461e-11	0.00777124
2.26874e-11	0.00783202
2.27287e-11	0.00789307
2.277e-11	0.0079544
2.28113e-11	0.008016
2.28525e-11	0.00807787
2.28938e-11	0.00814002
2.29351e-11	0.00820243
2.29764e-11	0.00826512
2.30177e-11	0.00832807
2.3059e-11	0.00839129
2.31003e-11	0.00845478
2.31416e-11	0.00851854
2.31828e-11	0.00858256
2.32241e-11	0.00864685
2.32654e-11	0.0087114
2.33067e-11	0.00877622
2.3348e-11	0.0088413
2.33893e-11	0.00890664
2.34306e-11	0.00897225
2.34719e-11	0.00903811
2.35131e-11	0.00910423
2.35544e-11	0.00917062
2.35957e-11	0.00923725
2.3637e-11	0.00930415
2.36783e-11	0.00937129
2.37196e-11	0.0094387
2.37609e-11	0.00950635
2.38021e-11	0.00957426
2.38434e-11	0.00964241
2.38847e-11	0.00971082
2.3926e-11	0.00977947
2.39673e-11	0.00984837
2.40086e-11	0.00991751
2.40499e-11	0.00998689
2.40912e-11	0.0100565
2.41324e-11	0.0101264
2.41737e-11	0.0101965
2.4215e-11	0.0102668
2.42563e-11	0.0103374
2.42976e-11	0.0104082
2.43389e-11	0.0104793
2.43802e-11	0.0105506
2.44215e-11	0.0106221
2.44627e-11	0.0106938
2.4504e-11	0.0107658
2.45453e-11	0.010838
2.45866e-11	0.0109104
2.46279e-11	0.010983
2.46692e-11	0.0110559
2.47105e-11	0.0111289
2.47518e-11	0.0112022
2.4793e-11	0.0112757
2.48343e-11	0.0113494
2.48756e-11	0.0114234
2.49169e-11	0.0114975
2.49582e-11	0.0115718
2.49995e-11	0.0116463
2.50408e-11	0.0117211
2.50821e-11	0.011796
2.51233e-11	0.0118712
2.51646e-11	0.0119465
2.52059e-11	0.012022
2.52472e-11	0.0120977
2.52885e-11	0.0121736
2.53298e-11	0.0122497
2.53711e-11	0.0123259
2.54124e-11	0.0124024
2.54536e-11	0.012479
2.54949e-11	0.0125558
2.55362e-11	0.0126328
2.55775e-11	0.0127099
2.56188e-11	0.0127872
2.56601e-11	0.0128647
2.57014e-11	0.0129423
2.57427e-11	0.0130201
2.57839e-11	0.013098
2.58252e-11	0.0131761
2.58665e-11	0.0132544
2.59078e-11	0.0133328
2.59491e-11	0.0134113
2.59904e-11	0.01349
2.60317e-11	0.0135688
2.6073e-11	0.0136477
2.61142e-11	0.0137268
2.61555e-11	0.013806
2.61968e-11	0.0138854
2.62381e-11	0.0139648
2.62794e-11	0.0140444
2.63207e-11	0.0141241
2.6362e-11	0.0142039
2.64033e-11	0.0142838
2.64445e-11	0.0143638
2.64858e-11	0.014444
2.65271e-11	0.0145242
2.65684e-11	0.0146045
2.66097e-11	0.0146849
2.6651e-11	0.0147654
2.66923e-11	0.014846
2.67336e-11	0.0149266
2.67748e-11	0.0150074
2.68161e-11	0.0150882
2.68574e-11	0.015169
2.68987e-11	0.01525
2.694e-11	0.015331
2.69813e-11	0.015412
2.70226e-11	0.0154931
2.70638e-11	0.0155743
2.71051e-11	0.0156555
2.71464e-11	0.0157367
2.71877e-11	0.015818
2.7229e-11	0.0158993
2.72703e-11	0.0159806
2.73116e-11	0.0160619
2.73529e-11	0.0161433
2.73941e-11	0.0162247
2.74354e-11	0.0163061
2.74767e-11	0.0163875
2.7518e-11	0.0164688
2.75593e-11	0.0165502
2.76006e-11	0.0166316
2.76419e-11	0.016713
2.76832e-11	0.0167943
2.77244e-11	0.0168756
2.77657e-11	0.0169569
2.7807e-11	0.0170381
2.78483e-11	0.0171193
2.78896e-11	0.0172005
2.79309e-11	0.0172816
2.79722e-11	0.0173627
2.80135e-11	0.0174437
2.80547e-11	0.0175246
2.8096e-11	0.0176054
2.81373e-11	0.0176862
2.81786e-11	0.0177669
2.82199e-11	0.0178475
2.82612e-11	0.0179281
2.83025e-11	0.0180085
2.83438e-11	0.0180888
2.8385e-11	0.018169
2.84263e-11	0.0182491
2.84676e-11	0.0183291
2.85089e-11	0.0184089
2.85502e-11	0.0184886
2.85915e-11	0.0185682
2.86328e-11	0.0186476
2.86741e-11	0.0187269
2.87153e-11	0.018806
2.87566e-11	0.0188849
2.87979e-11	0.0189637
2.88392e-11	0.0190423
2.88805e-11	0.0191207
2.89218e-11	0.019199
2.89631e-11	0.019277
2.90044e-11	0.0193548
2.90456e-11	0.0194324
2.90869e-11	0.0195099
2.91282e-11	0.019587
2.91695e-11	0.019664
2.92108e-11	0.0197407
2.92521e-11	0.0198172
2.92934e-11	0.0198935
2.93347e-11	0.0199694
2.93759e-11	0.0200451
2.94172e-11	0.0201206
2.94585e-11	0.0201958
2.94998e-11	0.0202707
2.95411e-11	0.0203452
2.95824e-11	0.0204195
2.96237e-11	0.0204935
2.9665e-11	0.0205672
2.97062e-11	0.0206406
2.97475e-11	0.0207136
2.97888e-11	0.0207863
2.98301e-11	0.0208586
2.98714e-11	0.0209307
2.99127e-11	0.0210023
2.9954e-11	0.0210736
2.99952e-11	0.0211445
3.00365e-11	0.021215
3.00778e-11	0.0212851
3.01191e-11	0.0213549
3.01604e-11	0.0214242
3.02017e-11	0.0214931
3.0243e-11	0.0215616
3.02843e-11	0.0216297
3.03255e-11	0.0216973
3.03668e-11	0.0217645
3.04081e-11	0.0218312
3.04494e-11	0.0218975
3.04907e-11	0.0219633
3.0532e-11	0.0220286
3.05733e-11	0.0220934
3.06146e-11	0.0221577
3.06558e-11	0.0222216
3.06971e-11	0.0222849
3.07384e-11	0.0223476
3.07797e-11	0.0224099
3.0821e-11	0.0224716
3.08623e-11	0.0225328
3.09036e-11	0.0225934
3.09449e-11	0.0226534
3.09861e-11	0.0227129
3.10274e-11	0.0227717
3.10687e-11	0.02283
3.111e-11	0.0228877
3.11513e-11	0.0229447
3.11926e-11	0.0230012
3.12339e-11	0.023057
3.12752e-11	0.0231121
3.13164e-11	0.0231666
3.13577e-11	0.0232205
3.1399e-11	0.0232736
3.14403e-11	0.0233261
3.14816e-11	0.0233779
3.15229e-11	0.023429
3.15642e-11	0.0234794
3.16055e-11	0.0235291
3.16467e-11	0.023578
3.1688e-11	0.0236262
3.17293e-11	0.0236737
3.17706e-11	0.0237203
3.18119e-11	0.0237662
3.18532e-11	0.0238114
3.18945e-11	0.0238557
3.19358e-11	0.0238993
3.1977e-11	0.023942
3.20183e-11	0.0239839
3.20596e-11	0.024025
3.21009e-11	0.0240652
3.21422e-11	0.0241045
3.21835e-11	0.024143
3.22248e-11	0.0241807
3.22661e-11	0.0242174
3.23073e-11	0.0242533
3.23486e-11	0.0242882
3.23899e-11	0.0243222
3.24312e-11	0.0243553
3.24725e-11	0.0243874
3.25138e-11	0.0244186
3.25551e-11	0.0244488
3.25964e-11	0.0244781
3.26376e-11	0.0245063
3.26789e-11	0.0245336
3.27202e-11	0.0245599
3.27615e-11	0.0245851
3.28028e-11	0.0246093
3.28441e-11	0.0246325
3.28854e-11	0.0246546
3.29267e-11	0.0246756
3.29679e-11	0.0246955
3.30092e-11	0.0247144
3.30505e-11	0.0247322
3.30918e-11	0.0247488
3.31331e-11	0.0247643
3.31744e-11	0.0247787
3.32157e-11	0.024792
3.32569e-11	0.024804
3.32982e-11	0.0248149
3.33395e-11	0.0248246
3.33808e-11	0.0248332
3.34221e-11	0.0248405
3.34634e-11	0.0248465
3.35047e-11	0.0248514
3.3546e-11	0.024855
3.35872e-11	0.0248573
3.36285e-11	0.0248584
3.36698e-11	0.0248582
3.37111e-11	0.0248567
3.37524e-11	0.0248538
3.37937e-11	0.0248497
3.3835e-11	0.0248442
3.38763e-11	0.0248374
3.39175e-11	0.0248292
3.39588e-11	0.0248196
3.40001e-11	0.0248087
3.40414e-11	0.0247963
3.40827e-11	0.0247826
3.4124e-11	0.0247674
3.41653e-11	0.0247508
3.42066e-11	0.0247327
3.42478e-11	0.0247132
3.42891e-11	0.0246921
3.43304e-11	0.0246696
3.43717e-11	0.0246456
3.4413e-11	0.0246201
3.44543e-11	0.0245931
3.44956e-11	0.0245645
3.45369e-11	0.0245343
3.45781e-11	0.0245026
3.46194e-11	0.0244693
3.46607e-11	0.0244344
3.4702e-11	0.0243979
3.47433e-11	0.0243597
3.47846e-11	0.0243199
3.48259e-11	0.0242785
3.48672e-11	0.0242354
3.49084e-11	0.0241907
3.49497e-11	0.0241442
3.4991e-11	0.024096
3.50323e-11	0.0240461
3.50736e-11	0.0239945
3.51149e-11	0.0239412
3.51562e-11	0.023886
3.51975e-11	0.0238291
3.52387e-11	0.0237704
3.528e-11	0.02371
3.53213e-11	0.0236476
3.53626e-11	0.0235835
3.54039e-11	0.0235175
3.54452e-11	0.0234497
3.54865e-11	0.02338
3.55278e-11	0.0233084
3.5569e-11	0.0232349
3.56103e-11	0.0231594
3.56516e-11	0.0230821
3.56929e-11	0.0230028
3.57342e-11	0.0229216
3.57755e-11	0.0228384
3.58168e-11	0.0227531
3.58581e-11	0.0226659
3.58993e-11	0.0225767
3.59406e-11	0.0224855
3.59819e-11	0.0223922
3.60232e-11	0.0222968
3.60645e-11	0.0221994
3.61058e-11	0.0220999
3.61471e-11	0.0219983
3.61884e-11	0.0218946
3.62296e-11	0.0217887
3.62709e-11	0.0216807
3.63122e-11	0.0215706
3.63535e-11	0.0214583
3.63948e-11	0.0213438
3.64361e-11	0.021227
3.64774e-11	0.0211081
3.65186e-11	0.020987
3.65599e-11	0.0208636
3.66012e-11	0.0207379
3.66425e-11	0.0206099
3.66838e-11	0.0204797
3.67251e-11	0.0203472
3.67664e-11	0.0202123
3.68077e-11	0.0200752
3.68489e-11	0.0199356
3.68902e-11	0.0197937
3.69315e-11	0.0196495
3.69728e-11	0.0195028
3.70141e-11	0.0193538
3.70554e-11	0.0192023
3.70967e-11	0.0190484
3.7138e-11	0.018892
3.71792e-11	0.0187332
3.72205e-11	0.0185719
3.72618e-11	0.0184081
3.73031e-11	0.0182418
3.73444e-11	0.0180729
3.73857e-11	0.0179016
3.7427e-11	0.0177276
3.74683e-11	0.0175512
3.75095e-11	0.0173721
3.75508e-11	0.0171905
3.75921e-11	0.0170062
3.76334e-11	0.0168193
3.76747e-11	0.0166298
3.7716e-11	0.0164376
3.77573e-11	0.0162428
3.77986e-11	0.0160452
3.78398e-11	0.015845
3.78811e-11	0.0156421
3.79224e-11	0.0154365
3.79637e-11	0.0152281
3.8005e-11	0.0150169
3.80463e-11	0.014803
3.80876e-11	0.0145863
3.81289e-11	0.0143668
3.81701e-11	0.0141445
3.82114e-11	0.0139194
3.82527e-11	0.0136915
3.8294e-11	0.0134607
3.83353e-11	0.013227
3.83766e-11	0.0129904
3.84179e-11	0.012751
3.84592e-11	0.0125086
3.85004e-11	0.0122633
3.85417e-11	0.0120151
3.8583e-11	0.0117639
3.86243e-11	0.0115098
3.86656e-11	0.0112527
3.87069e-11	0.0109926
3.87482e-11	0.0107295
3.87895e-11	0.0104633
3.88307e-11	0.0101942
3.8872e-11	0.00992197
3.89133e-11	0.0096467
3.89546e-11	0.00936835
3.89959e-11	0.00908691
3.90372e-11	0.00880238
3.90785e-11	0.00851472
3.91198e-11	0.00822394
3.9161e-11	0.00793002
3.92023e-11	0.00763294
3.92436e-11	0.0073327
3.92849e-11	0.00702927
3.93262e-11	0.00672265
3.93675e-11	0.00641282
3.94088e-11	0.00609976
3.945e-11	0.00578348
3.94913e-11	0.00546394
3.95326e-11	0.00514115
3.95739e-11	0.00481509
3.96152e-11	0.00448574
3.96565e-11	0.00415309
3.96978e-11	0.00381713
3.97391e-11	0.00347784
3.97803e-11	0.00313522
3.98216e-11	0.00278925
3.98629e-11	0.00243992
3.99042e-11	0.00208722
3.99455e-11	0.00173113
3.99868e-11	0.00137165
4.00281e-11	0.00100875
4.00694e-11	0.000642436
4.01106e-11	0.000272684
4.01519e-11	-0.000100512
4.01932e-11	-0.000477167
4.02345e-11	-0.000857291
4.02758e-11	-0.0012409
4.03171e-11	-0.00162799
4.03584e-11	-0.00201859
4.03997e-11	-0.00241271
4.04409e-11	-0.00281035
4.04822e-11	-0.00321154
4.05235e-11	-0.00361627
4.05648e-11	-0.00402456
4.06061e-11	-0.00443642
4.06474e-11	-0.00485187
4.06887e-11	-0.0052709
4.073e-11	-0.00569355
4.07712e-11	-0.0061198
4.08125e-11	-0.00654968
4.08538e-11	-0.0069832
4.08951e-11	-0.00742036
4.09364e-11	-0.00786118
4.09777e-11	-0.00830567
4.1019e-11	-0.00875383
4.10603e-11	-0.00920568
4.11015e-11	-0.00966122
4.11428e-11	-0.0101205
4.11841e-11	-0.0105834
4.12254e-11	-0.0110501
4.12667e-11	-0.0115205
4.1308e-11	-0.0119947
4.13493e-11	-0.0124726
4.13906e-11	-0.0129543
4.14318e-11	-0.0134398
4.14731e-11	-0.013929
4.15144e-11	-0.014422
4.15557e-11	-0.0149189
4.1597e-11	-0.0154195
4.16383e-11	-0.0159239
4.16796e-11	-0.0164322
4.17209e-11	-0.0169443
4.17621e-11	-0.0174602
4.18034e-11	-0.01798
4.18447e-11	-0.0185036
4.1886e-11	-0.0190311
4.19273e-11	-0.0195625
4.19686e-11	-0.0200977
4.20099e-11	-0.0206369
4.20512e-11	-0.0211799
4.20924e-11	-0.0217268
4.21337e-11	-0.0222776
4.2175e-11	-0.0228324
4.22163e-11	-0.023391
4.22576e-11	-0.0239536
4.22989e-11	-0.0245201
4.23402e-11	-0.0250906
4.23815e-11	-0.025665
4.24227e-11	-0.0262433
4.2464e-11	-0.0268256
4.25053e-11	-0.0274119
4.25466e-11	-0.0280021
4.25879e-11	-0.0285963
4.26292e-11	-0.0291945
4.26705e-11	-0.0297966
4.27117e-11	-0.0304028
4.2753e-11	-0.0310129
4.27943e-11	-0.0316271
4.28356e-11	-0.0322452
4.28769e-11	-0.0328673
4.29182e-11	-0.0334935
4.29595e-11	-0.0341237
4.30008e-11	-0.0347578
4.3042e-11	-0.0353961
4.30833e-11	-0.0360383
4.31246e-11	-0.0366845
4.31659e-11	-0.0373348
4.32072e-11	-0.0379891
4.32485e-11	-0.0386475
4.32898e-11	-0.0393099
4.33311e-11	-0.0399763
4.33723e-11	-0.0406468
4.34136e-11	-0.0413213
4.34549e-11	-0.0419999
4.34962e-11	-0.0426825
4.35375e-11	-0.0433692
4.35788e-11	-0.0440599
4.36201e-11	-0.0447547
4.36614e-11	-0.0454535
4.37026e-11	-0.0461564
4.37439e-11	-0.0468634
4.37852e-11	-0.0475744
4.38265e-11	-0.0482894
4.38678e-11	-0.0490085
4.39091e-11	-0.0497317
4.39504e-11	-0.0504589
4.39917e-11	-0.0511902
4.40329e-11	-0.0519256
4.40742e-11	-0.052665
4.41155e-11	-0.0534084
4.41568e-11	-0.0541559
4.41981e-11	-0.0549075
4.42394e-11	-0.0556631
4.42807e-11	-0.0564227
4.4322e-11	-0.0571864
4.43632e-11	-0.0579542
4.44045e-11	-0.058726
4.44458e-11	-0.0595018
4.44871e-11	-0.0602816
4.45284e-11	-0.0610655
4.45697e-11	-0.0618534
4.4611e-11	-0.0626454
4.46523e-11	-0.0634413
4.46935e-11	-0.0642413
4.47348e-11	-0.0650453
4.47761e-11	-0.0658533
4.48174e-11	-0.0666653
4.48587e-11	-0.0674814
4.49e-11	-0.0683014
4.49413e-11	-0.0691254
4.49826e-11	-0.0699533
4.50238e-11	-0.0707853
4.50651e-11	-0.0716212
4.51064e-11	-0.0724611
4.51477e-11	-0.073305
4.5189e-11	-0.0741528
4.52303e-11	-0.0750046
4.52716e-11	-0.0758603
4.53129e-11	-0.0767199
4.53541e-11	-0.0775835
4.53954e-11	-0.078451
4.54367e-11	-0.0793224
4.5478e-11	-0.0801977
4.55193e-11	-0.0810769
4.55606e-11	-0.08196
4.56019e-11	-0.0828469
4.56432e-11	-0.0837378
4.56844e-11	-0.0846325
4.57257e-11	-0.085531
4.5767e-11	-0.0864334
4.58083e-11	-0.0873396
4.58496e-11	-0.0882496
4.58909e-11	-0.0891634
4.59322e-11	-0.0900811
4.59734e-11	-0.0910025
4.60147e-11	-0.0919277
4.6056e-11	-0.0928566
4.60973e-11	-0.0937893
4.61386e-11	-0.0947258
4.61799e-11	-0.095666
4.62212e-11	-0.0966098
4.62625e-11	-0.0975574
4.63037e-11	-0.0985087
4.6345e-11	-0.0994637
4.63863e-11	-0.100422
4.64276e-11	-0.101385
4.64689e-11	-0.102351
4.65102e-11	-0.10332
4.65515e-11	-0.104293
4.65928e-11	-0.10527
4.6634e-11	-0.10625
4.66753e-11	-0.107234
4.67166e-11	-0.108222
4.67579e-11	-0.109212
4.67992e-11	-0.110207
4.68405e-11	-0.111205
4.68818e-11	-0.112206
4.69231e-11	-0.113211
4.69643e-11	-0.11422
4.70056e-11	-0.115231
4.70469e-11	-0.116247
4.70882e-11	-0.117265
4.71295e-11	-0.118287
4.71708e-11	-0.119313
4.72121e-11	-0.120341
4.72534e-11	-0.121373
4.72946e-11	-0.122409
4.73359e-11	-0.123447
4.73772e-11	-0.124489
4.74185e-11	-0.125534
4.74598e-11	-0.126582
4.75011e-11	-0.127634
4.75424e-11	-0.128689
4.75837e-11	-0.129746
4.76249e-11	-0.130807
4.76662e-11	-0.131871
4.77075e-11	-0.132939
4.77488e-11	-0.134009
4.77901e-11	-0.135082
4.78314e-11	-0.136159
4.78727e-11	-0.137238
4.7914e-11	-0.13832
4.79552e-11	-0.139406
4.79965e-11	-0.140494
4.80378e-11	-0.141585
4.80791e-11	-0.142679
4.81204e-11	-0.143776
4.81617e-11	-0.144876
4.8203e-11	-0.145978
4.82443e-11	-0.147083
4.82855e-11	-0.148191
4.83268e-11	-0.149302
4.83681e-11	-0.150416
4.84094e-11	-0.151532
4.84507e-11	-0.152651
4.8492e-11	-0.153772
4.85333e-11	-0.154896
4.85746e-11	-0.156023
4.86158e-11	-0.157152
4.86571e-11	-0.158284
4.86984e-11	-0.159418
4.87397e-11	-0.160554
4.8781e-11	-0.161693
4.88223e-11	-0.162835
4.88636e-11	-0.163979
4.89048e-11	-0.165125
4.89461e-11	-0.166273
4.89874e-11	-0.167424
4.90287e-11	-0.168577
4.907e-11	-0.169732
4.91113e-11	-0.170889
4.91526e-11	-0.172049
4.91939e-11	-0.17321
4.92351e-11	-0.174374
4.92764e-11	-0.17554
4.93177e-11	-0.176707
4.9359e-11	-0.177877
4.94003e-11	-0.179049
4.94416e-11	-0.180223
4.94829e-11	-0.181398
4.95242e-11	-0.182575
4.95654e-11	-0.183755
4.96067e-11	-0.184935
4.9648e-11	-0.186118
4.96893e-11	-0.187303
4.97306e-11	-0.188489
4.97719e-11	-0.189676
4.98132e-11	-0.190866
4.98545e-11	-0.192056
4.98957e-11	-0.193249
4.9937e-11	-0.194443
4.99783e-11	-0.195638
5.00196e-11	-0.196835
5.00609e-11	-0.198033
5.01022e-11	-0.199232
5.01435e-11	-0.200433
5.01848e-11	-0.201635
5.0226e-11	-0.202838
5.02673e-11	-0.204043
5.03086e-11	-0.205248
5.03499e-11	-0.206455
5.03912e-11	-0.207663
5.04325e-11	-0.208872
5.04738e-11	-0.210081
5.05151e-11	-0.211292
5.05563e-11	-0.212503
5.05976e-11	-0.213716
5.06389e-11	-0.214929
5.06802e-11	-0.216143
5.07215e-11	-0.217358
5.07628e-11	-0.218573
5.08041e-11	-0.219789
5.08454e-11	-0.221006
5.08866e-11	-0.222223
5.09279e-11	-0.223441
5.09692e-11	-0.224659
5.10105e-11	-0.225878
5.10518e-11	-0.227097
5.10931e-11	-0.228316
5.11344e-11	-0.229536
5.11757e-11	-0.230756
5.12169e-11	-0.231976
5.12582e-11	-0.233196
5.12995e-11	-0.234416
5.13408e-11	-0.235637
5.13821e-11	-0.236857
5.14234e-11	-0.238077
5.14647e-11	-0.239297
5.1506e-11	-0.240518
5.15472e-11	-0.241738
5.15885e-11	-0.242957
5.16298e-11	-0.244177
5.16711e-11	-0.245396
5.17124e-11	-0.246615
5.17537e-11	-0.247833
5.1795e-11	-0.249051
5.18363e-11	-0.250268
5.18775e-11	-0.251485
5.19188e-11	-0.252701
5.19601e-11	-0.253917
5.20014e-11	-0.255131
5.20427e-11	-0.256345
5.2084e-11	-0.257558
5.21253e-11	-0.258771
5.21665e-11	-0.259982
5.22078e-11	-0.261193
5.22491e-11	-0.262402
5.22904e-11	-0.26361
5.23317e-11	-0.264817
5.2373e-11	-0.266023
5.24143e-11	-0.267228
5.24556e-11	-0.268431
5.24968e-11	-0.269633
5.25381e-11	-0.270834
5.25794e-11	-0.272033
5.26207e-11	-0.273231
5.2662e-11	-0.274427
5.27033e-11	-0.275622
5.27446e-11	-0.276814
5.27859e-11	-0.278006
5.28271e-11	-0.279195
5.28684e-11	-0.280382
5.29097e-11	-0.281568
5.2951e-11	-0.282752
5.29923e-11	-0.283933
5.30336e-11	-0.285113
5.30749e-11	-0.28629
5.31162e-11	-0.287466
5.31574e-11	-0.288639
5.31987e-11	-0.289809
5.324e-11	-0.290978
5.32813e-11	-0.292144
5.33226e-11	-0.293307
5.33639e-11	-0.294468
5.34052e-11	-0.295627
5.34465e-11	-0.296783
5.34877e-11	-0.297936
5.3529e-11	-0.299086
5.35703e-11	-0.300234
5.36116e-11	-0.301378
5.36529e-11	-0.30252
5.36942e-11	-0.303659
5.37355e-11	-0.304795
5.37768e-11	-0.305927
5.3818e-11	-0.307057
5.38593e-11	-0.308183
5.39006e-11	-0.309306
5.39419e-11	-0.310425
5.39832e-11	-0.311541
5.40245e-11	-0.312654
5.40658e-11	-0.313763
5.41071e-11	-0.314869
5.41483e-11	-0.315971
5.41896e-11	-0.317069
5.42309e-11	-0.318163
5.42722e-11	-0.319254
5.43135e-11	-0.320341
5.43548e-11	-0.321423
5.43961e-11	-0.322502
5.44374e-11	-0.323577
5.44786e-11	-0.324647
5.45199e-11	-0.325713
5.45612e-11	-0.326775
5.46025e-11	-0.327833
5.46438e-11	-0.328886
5.46851e-11	-0.329935
5.47264e-11	-0.330979
5.47677e-11	-0.332019
5.48089e-11	-0.333054
5.48502e-11	-0.334084
5.48915e-11	-0.33511
5.49328e-11	-0.33613
5.49741e-11	-0.337146
5.50154e-11	-0.338157
5.50567e-11	-0.339163
5.5098e-11	-0.340163
5.51392e-11	-0.341159
5.51805e-11	-0.342149
5.52218e-11	-0.343134
5.52631e-11	-0.344114
5.53044e-11	-0.345088
5.53457e-11	-0.346057
5.5387e-11	-0.34702
5.54282e-11	-0.347977
5.54695e-11	-0.348929
5.55108e-11	-0.349875
5.55521e-11	-0.350816
5.55934e-11	-0.35175
5.56347e-11	-0.352679
5.5676e-11	-0.353601
5.57173e-11	-0.354518
5.57585e-11	-0.355428
5.57998e-11	-0.356332
5.58411e-11	-0.35723
5.58824e-11	-0.358121
5.59237e-11	-0.359007
5.5965e-11	-0.359885
5.60063e-11	-0.360757
5.60476e-11	-0.361623
5.60888e-11	-0.362482
5.61301e-11	-0.363334
5.61714e-11	-0.364179
5.62127e-11	-0.365018
5.6254e-11	-0.365849
5.62953e-11	-0.366674
5.63366e-11	-0.367492
5.63779e-11	-0.368302
5.64191e-11	-0.369105
5.64604e-11	-0.369901
5.65017e-11	-0.37069
5.6543e-11	-0.371471
5.65843e-11	-0.372245
5.66256e-11	-0.373012
5.66669e-11	-0.37377
5.67082e-11	-0.374522
5.67494e-11	-0.375265
5.67907e-11	-0.376001
5.6832e-11	-0.376729
5.68733e-11	-0.377448
5.69146e-11	-0.37816
5.69559e-11	-0.378864
5.69972e-11	-0.37956
5.70385e-11	-0.380248
5.70797e-11	-0.380927
5.7121e-11	-0.381598
5.71623e-11	-0.382261
5.72036e-11	-0.382916
5.72449e-11	-0.383561
5.72862e-11	-0.384199
5.73275e-11	-0.384827
5.73688e-11	-0.385447
5.741e-11	-0.386059
5.74513e-11	-0.386661
5.74926e-11	-0.387255
5.75339e-11	-0.387839
5.75752e-11	-0.388415
5.76165e-11	-0.388981
5.76578e-11	-0.389539
5.76991e-11	-0.390087
5.77403e-11	-0.390626
5.77816e-11	-0.391155
5.78229e-11	-0.391676
5.78642e-11	-0.392186
5.79055e-11	-0.392688
5.79468e-11	-0.393179
5.79881e-11	-0.393661
5.80294e-11	-0.394134
5.80706e-11	-0.394596
5.81119e-11	-0.395049
5.81532e-11	-0.395492
5.81945e-11	-0.395924
5.82358e-11	-0.396347
5.82771e-11	-0.39676
5.83184e-11	-0.397162
5.83596e-11	-0.397555
5.84009e-11	-0.397937
5.84422e-11	-0.398309
5.84835e-11	-0.39867
5.85248e-11	-0.399021
5.85661e-11	-0.399361
5.86074e-11	-0.399691
5.86487e-11	-0.40001
5.86899e-11	-0.400318
5.87312e-11	-0.400616
5.87725e-11	-0.400903
5.88138e-11	-0.401179
5.88551e-11	-0.401444
5.88964e-11	-0.401698
5.89377e-11	-0.401941
5.8979e-11	-0.402173
5.90202e-11	-0.402394
5.90615e-11	-0.402603
5.91028e-11	-0.402801
5.91441e-11	-0.402988
5.91854e-11	-0.403163
5.92267e-11	-0.403327
5.9268e-11	-0.40348
5.93093e-11	-0.40362
5.93505e-11	-0.40375
5.93918e-11	-0.403867
5.94331e-11	-0.403973
5.94744e-11	-0.404067
5.95157e-11	-0.404149
5.9557e-11	-0.404219
5.95983e-11	-0.404277
5.96396e-11	-0.404323
5.96808e-11	-0.404357
5.97221e-11	-0.404379
5.97634e-11	-0.404388
5.98047e-11	-0.404386
5.9846e-11	-0.404371
5.98873e-11	-0.404344
5.99286e-11	-0.404304
5.99699e-11	-0.404252
6.00111e-11	-0.404187
6.00524e-11	-0.40411
6.00937e-11	-0.40402
6.0135e-11	-0.403917
6.01763e-11	-0.403802
6.02176e-11	-0.403674
6.02589e-11	-0.403533
6.03002e-11	-0.403379
6.03414e-11	-0.403213
6.03827e-11	-0.403033
6.0424e-11	-0.40284
6.04653e-11	-0.402635
6.05066e-11	-0.402416
6.05479e-11	-0.402184
6.05892e-11	-0.401938
6.06305e-11	-0.40168
6.06717e-11	-0.401408
6.0713e-11	-0.401123
6.07543e-11	-0.400824
6.07956e-11	-0.400512
6.08369e-11	-0.400186
6.08782e-11	-0.399847
6.09195e-11	-0.399494
6.09608e-11	-0.399128
6.1002e-11	-0.398748
6.10433e-11	-0.398354
6.10846e-11	-0.397946
6.11259e-11	-0.397525
6.11672e-11	-0.39709
6.12085e-11	-0.396641
6.12498e-11	-0.396178
6.12911e-11	-0.3957
6.13323e-11	-0.395209
6.13736e-11	-0.394704
6.14149e-11	-0.394185
6.14562e-11	-0.393652
6.14975e-11	-0.393104
6.15388e-11	-0.392542
6.15801e-11	-0.391966
6.16213e-11	-0.391376
6.16626e-11	-0.390771
6.17039e-11	-0.390152
6.17452e-11	-0.389519
6.17865e-11	-0.388871
6.18278e-11	-0.388208
6.18691e-11	-0.387532
6.19104e-11	-0.38684
6.19516e-11	-0.386134
6.19929e-11	-0.385414
6.20342e-11	-0.384678
6.20755e-11	-0.383928
6.21168e-11	-0.383164
6.21581e-11	-0.382384
6.21994e-11	-0.38159
6.22407e-11	-0.380781
6.22819e-11	-0.379957
6.23232e-11	-0.379119
6.23645e-11	-0.378265
6.24058e-11	-0.377396
6.24471e-11	-0.376513
6.24884e-11	-0.375614
6.25297e-11	-0.374701
6.2571e-11	-0.373773
6.26122e-11	-0.372829
6.26535e-11	-0.37187
6.26948e-11	-0.370897
6.27361e-11	-0.369908
6.27774e-11	-0.368904
6.28187e-11	-0.367884
6.286e-11	-0.36685
6.29013e-11	-0.3658
6.29425e-11	-0.364735
6.29838e-11	-0.363655
6.30251e-11	-0.36256
6.30664e-11	-0.361449
6.31077e-11	-0.360323
6.3149e-11	-0.359181
6.31903e-11	-0.358024
6.32316e-11	-0.356852
6.32728e-11	-0.355664
6.33141e-11	-0.354461
6.33554e-11	-0.353243
6.33967e-11	-0.352009
6.3438e-11	-0.350759
6.34793e-11	-0.349494
6.35206e-11	-0.348214
6.35619e-11	-0.346918
6.36031e-11	-0.345607
6.36444e-11	-0.34428
6.36857e-11	-0.342937
6.3727e-11	-0.341579
6.37683e-11	-0.340205
6.38096e-11	-0.338816
6.38509e-11	-0.337411
6.38922e-11	-0.335991
6.39334e-11	-0.334555
6.39747e-11	-0.333103
6.4016e-11	-0.331636
6.40573e-11	-0.330153
6.40986e-11	-0.328655
6.41399e-11	-0.32714
6.41812e-11	-0.325611
6.42225e-11	-0.324065
6.42637e-11	-0.322504
6.4305e-11	-0.320927
6.43463e-11	-0.319335
6.43876e-11	-0.317727
6.44289e-11	-0.316103
6.44702e-11	-0.314464
6.45115e-11	-0.312809
6.45528e-11	-0.311138
6.4594e-11	-0.309452
6.46353e-11	-0.30775
6.46766e-11	-0.306033
6.47179e-11	-0.3043
6.47592e-11	-0.302551
6.48005e-11	-0.300786
6.48418e-11	-0.299006
6.4883e-11	-0.297211
6.49243e-11	-0.295399
6.49656e-11	-0.293573
6.50069e-11	-0.29173
6.50482e-11	-0.289872
6.50895e-11	-0.287999
6.51308e-11	-0.28611
6.51721e-11	-0.284205
6.52133e-11	-0.282285
6.52546e-11	-0.280349
6.52959e-11	-0.278398
6.53372e-11	-0.276431
6.53785e-11	-0.274449
6.54198e-11	-0.272451
6.54611e-11	-0.270438
6.55024e-11	-0.268409
6.55436e-11	-0.266366
6.55849e-11	-0.264306
6.56262e-11	-0.262231
6.56675e-11	-0.260141
6.57088e-11	-0.258036
6.57501e-11	-0.255915
6.57914e-11	-0.253779
6.58327e-11	-0.251628
6.58739e-11	-0.249462
6.59152e-11	-0.24728
6.59565e-11	-0.245083
6.59978e-11	-0.242871
6.60391e-11	-0.240644
6.60804e-11	-0.238401
6.61217e-11	-0.236144
6.6163e-11	-0.233871
6.62042e-11	-0.231584
6.62455e-11	-0.229281
6.62868e-11	-0.226963
6.63281e-11	-0.224631
6.63694e-11	-0.222284
6.64107e-11	-0.219921
6.6452e-11	-0.217544
6.64933e-11	-0.215152
6.65345e-11	-0.212745
6.65758e-11	-0.210324
6.66171e-11	-0.207888
6.66584e-11	-0.205437
6.66997e-11	-0.202971
6.6741e-11	-0.200491
6.67823e-11	-0.197996
6.68236e-11	-0.195487
6.68648e-11	-0.192964
6.69061e-11	-0.190425
6.69474e-11	-0.187873
6.69887e-11	-0.185306
6.703e-11	-0.182725
6.70713e-11	-0.180129
6.71126e-11	-0.17752
6.71539e-11	-0.174896
6.71951e-11	-0.172258
6.72364e-11	-0.169606
6.72777e-11	-0.166939
6.7319e-11	-0.164259
6.73603e-11	-0.161565
6.74016e-11	-0.158857
6.74429e-11	-0.156135
6.74842e-11	-0.1534
6.75254e-11	-0.15065
6.75667e-11	-0.147887
6.7608e-11	-0.14511
6.76493e-11	-0.14232
6.76906e-11	-0.139516
6.77319e-11	-0.136698
6.77732e-11	-0.133868
6.78144e-11	-0.131023
6.78557e-11	-0.128166
6.7897e-11	-0.125295
6.79383e-11	-0.122411
6.79796e-11	-0.119514
6.80209e-11	-0.116604
6.80622e-11	-0.113681
6.81035e-11	-0.110744
6.81447e-11	-0.107795
6.8186e-11	-0.104833
6.82273e-11	-0.101859
6.82686e-11	-0.0988712
6.83099e-11	-0.0958712
6.83512e-11	-0.0928585
6.83925e-11	-0.0898333
6.84338e-11	-0.0867957
6.8475e-11	-0.0837457
6.85163e-11	-0.0806833
6.85576e-11	-0.0776088
6.85989e-11	-0.074522
6.86402e-11	-0.0714231
6.86815e-11	-0.0683122
6.87228e-11	-0.0651893
6.87641e-11	-0.0620545
6.88053e-11	-0.0589079
6.88466e-11	-0.0557495
6.88879e-11	-0.0525795
6.89292e-11	-0.0493978
6.89705e-11	-0.0462046
6.90118e-11	-0.043
6.90531e-11	-0.039784
6.90944e-11	-0.0365567
6.91356e-11	-0.0333181
6.91769e-11	-0.0300684
6.92182e-11	-0.0268077
6.92595e-11	-0.0235359
6.93008e-11	-0.0202533
6.93421e-11	-0.0169598
6.93834e-11	-0.0136555
6.94247e-11	-0.0103406
6.94659e-11	-0.00701516
6.95072e-11	-0.00367918
6.95485e-11	-0.000332786
6.95898e-11	0.00302394
6.96311e-11	0.0063909
6.96724e-11	0.00976803
6.97137e-11	0.0131552
6.9755e-11	0.0165524
6.97962e-11	0.0199595
6.98375e-11	0.0233764
6.98788e-11	0.026803
6.99201e-11	0.0302393
6.99614e-11	0.0336851
7.00027e-11	0.0371403
7.0044e-11	0.0406049
7.00853e-11	0.0440788
7.01265e-11	0.0475619
7.01678e-11	0.051054
7.02091e-11	0.0545551
7.02504e-11	0.0580651
7.02917e-11	0.061584
7.0333e-11	0.0651115
7.03743e-11	0.0686476
7.04156e-11	0.0721923
7.04568e-11	0.0757454
7.04981e-11	0.0793068
7.05394e-11	0.0828764
7.05807e-11	0.0864541
7.0622e-11	0.0900399
7.06633e-11	0.0936336
7.07046e-11	0.0972351
7.07459e-11	0.100844
7.07871e-11	0.104461
7.08284e-11	0.108086
7.08697e-11	0.111717
7.0911e-11	0.115356
7.09523e-11	0.119003
7.09936e-11	0.122656
7.10349e-11	0.126317
7.10761e-11	0.129984
7.11174e-11	0.133658
7.11587e-11	0.137339
7.12e-11	0.141026
7.12413e-11	0.14472
7.12826e-11	0.14842
7.13239e-11	0.152127
7.13652e-11	0.15584
7.14064e-11	0.159558
7.14477e-11	0.163283
7.1489e-11	0.167013
7.15303e-11	0.17075
7.15716e-11	0.174491
7.16129e-11	0.178239
7.16542e-11	0.181991
7.16955e-11	0.185749
7.17367e-11	0.189512
7.1778e-11	0.19328
7.18193e-11	0.197053
7.18606e-11	0.200831
7.19019e-11	0.204614
7.19432e-11	0.208401
7.19845e-11	0.212192
7.20258e-11	0.215988
7.2067e-11	0.219788
7.21083e-11	0.223593
7.21496e-11	0.227401
7.21909e-11	0.231213
7.22322e-11	0.235029
7.22735e-11	0.238849
7.23148e-11	0.242672
7.23561e-11	0.246498
7.23973e-11	0.250328
7.24386e-11	0.254161
7.24799e-11	0.257998
7.25212e-11	0.261837
7.25625e-11	0.265678
7.26038e-11	0.269523
7.26451e-11	0.27337
7.26864e-11	0.27722
7.27276e-11	0.281072
7.27689e-11	0.284926
7.28102e-11	0.288782
7.28515e-11	0.29264
7.28928e-11	0.2965
7.29341e-11	0.300362
7.29754e-11	0.304225
7.30167e-11	0.30809
7.30579e-11	0.311956
7.30992e-11	0.315824
7.31405e-11	0.319692
7.31818e-11	0.323562
7.32231e-11	0.327432
7.32644e-11	0.331303
7.33057e-11	0.335175
7.3347e-11	0.339047
7.33882e-11	0.342919
7.34295e-11	0.346792
7.34708e-11	0.350664
7.35121e-11	0.354537
7.35534e-11	0.35841
7.35947e-11	0.362282
7.3636e-11	0.366154
7.36773e-11	0.370025
7.37185e-11	0.373896
7.37598e-11	0.377766
7.38011e-11	0.381634
7.38424e-11	0.385502
7.38837e-11	0.389369
7.3925e-11	0.393234
7.39663e-11	0.397098
7.40076e-11	0.40096
7.40488e-11	0.404821
7.40901e-11	0.40868
7.41314e-11	0.412537
7.41727e-11	0.416391
7.4214e-11	0.420244
7.42553e-11	0.424094
7.42966e-11	0.427941
7.43378e-11	0.431786
7.43791e-11	0.435629
7.44204e-11	0.439468
7.44617e-11	0.443305
7.4503e-11	0.447138
7.45443e-11	0.450968
7.45856e-11	0.454794
7.46269e-11	0.458617
7.46681e-11	0.462437
7.47094e-11	0.466252
7.47507e-11	0.470064
7.4792e-11	0.473872
7.48333e-11	0.477675
7.48746e-11	0.481474
7.49159e-11	0.485269
7.49572e-11	0.489059
7.49984e-11	0.492844
7.50397e-11	0.496625
7.5081e-11	0.5004
7.51223e-11	0.504171
7.51636e-11	0.507936
7.52049e-11	0.511696
7.52462e-11	0.51545
7.52875e-11	0.519199
7.53287e-11	0.522942
7.537e-11	0.526679
7.54113e-11	0.53041
7.54526e-11	0.534135
7.54939e-11	0.537853
7.55352e-11	0.541565
7.55765e-11	0.545271
7.56178e-11	0.54897
7.5659e-11	0.552662
7.57003e-11	0.556347
7.57416e-11	0.560025
7.57829e-11	0.563696
7.58242e-11	0.567359
7.58655e-11	0.571015
7.59068e-11	0.574664
7.59481e-11	0.578305
7.59893e-11	0.581937
7.60306e-11	0.585562
7.60719e-11	0.589179
7.61132e-11	0.592788
7.61545e-11	0.596388
7.61958e-11	0.599979
7.62371e-11	0.603562
7.62784e-11	0.607137
7.63196e-11	0.610702
7.63609e-11	0.614258
7.64022e-11	0.617806
7.64435e-11	0.621343
7.64848e-11	0.624872
7.65261e-11	0.628391
7.65674e-11	0.6319
7.66087e-11	0.6354
7.66499e-11	0.638889
7.66912e-11	0.642369
7.67325e-11	0.645838
7.67738e-11	0.649298
7.68151e-11	0.652746
7.68564e-11	0.656184
7.68977e-11	0.659612
7.6939e-11	0.663029
7.69802e-11	0.666434
7.70215e-11	0.669829
7.70628e-11	0.673213
7.71041e-11	0.676585
7.71454e-11	0.679946
7.71867e-11	0.683295
7.7228e-11	0.686633
7.72692e-11	0.689958
7.73105e-11	0.693272
7.73518e-11	0.696574
7.73931e-11	0.699864
7.74344e-11	0.703141
7.74757e-11	0.706406
7.7517e-11	0.709659
7.75583e-11	0.712899
7.75995e-11	0.716126
7.76408e-11	0.71934
7.76821e-11	0.722541
7.77234e-11	0.725729
7.77647e-11	0.728904
7.7806e-11	0.732066
7.78473e-11	0.735214
7.78886e-11	0.738348
7.79298e-11	0.741469
7.79711e-11	0.744576
7.80124e-11	0.747669
7.80537e-11	0.750748
7.8095e-11	0.753813
7.81363e-11	0.756863
7.81776e-11	0.759899
7.82189e-11	0.762921
7.82601e-11	0.765928
7.83014e-11	0.76892
7.83427e-11	0.771897
7.8384e-11	0.77486
7.84253e-11	0.777807
7.84666e-11	0.780739
7.85079e-11	0.783656
7.85492e-11	0.786557
7.85904e-11	0.789443
7.86317e-11	0.792313
7.8673e-11	0.795168
7.87143e-11	0.798006
7.87556e-11	0.800829
7.87969e-11	0.803636
7.88382e-11	0.806426
7.88795e-11	0.8092
7.89207e-11	0.811958
7.8962e-11	0.8147
7.90033e-11	0.817424
7.90446e-11	0.820132
7.90859e-11	0.822824
7.91272e-11	0.825498
7.91685e-11	0.828155
7.92098e-11	0.830796
7.9251e-11	0.833419
7.92923e-11	0.836025
7.93336e-11	0.838613
7.93749e-11	0.841184
7.94162e-11	0.843737
7.94575e-11	0.846273
7.94988e-11	0.848791
7.95401e-11	0.851291
7.95813e-11	0.853773
7.96226e-11	0.856236
7.96639e-11	0.858682
7.97052e-11	0.86111
7.97465e-11	0.863519
7.97878e-11	0.865909
7.98291e-11	0.868281
7.98704e-11	0.870635
7.99116e-11	0.87297
7.99529e-11	0.875285
7.99942e-11	0.877582
8.00355e-11	0.87986
8.00768e-11	0.882119
8.01181e-11	0.884359
8.01594e-11	0.88658
8.02007e-11	0.888781
8.02419e-11	0.890962
8.02832e-11	0.893125
8.03245e-11	0.895267
8.03658e-11	0.89739
8.04071e-11	0.899493
8.04484e-11	0.901577
8.04897e-11	0.90364
8.05309e-11	0.905684
8.05722e-11	0.907707
8.06135e-11	0.90971
8.06548e-11	0.911693
8.06961e-11	0.913656
8.07374e-11	0.915598
8.07787e-11	0.91752
8.082e-11	0.919421
8.08612e-11	0.921302
8.09025e-11	0.923162
8.09438e-11	0.925001
8.09851e-11	0.926819
8.10264e-11	0.928617
8.10677e-11	0.930393
8.1109e-11	0.932149
8.11503e-11	0.933883
8.11915e-11	0.935596
8.12328e-11	0.937288
8.12741e-11	0.938959
8.13154e-11	0.940608
8.13567e-11	0.942236
8.1398e-11	0.943842
8.14393e-11	0.945427
8.14806e-11	0.94699
8.15218e-11	0.948531
8.15631e-11	0.950051
8.16044e-11	0.951549
8.16457e-11	0.953025
8.1687e-11	0.954479
8.17283e-11	0.955911
8.17696e-11	0.957321
8.18109e-11	0.958709
8.18521e-11	0.960075
8.18934e-11	0.961419
8.19347e-11	0.96274
8.1976e-11	0.964039
8.20173e-11	0.965316
8.20586e-11	0.96657
8.20999e-11	0.967802
8.21412e-11	0.969011
8.21824e-11	0.970198
8.22237e-11	0.971362
8.2265e-11	0.972504
8.23063e-11	0.973623
8.23476e-11	0.974719
8.23889e-11	0.975792
8.24302e-11	0.976843
8.24715e-11	0.97787
8.25127e-11	0.978875
8.2554e-11	0.979857
8.25953e-11	0.980816
8.26366e-11	0.981752
8.26779e-11	0.982665
8.27192e-11	0.983554
8.27605e-11	0.984421
8.28018e-11	0.985264
8.2843e-11	0.986085
8.28843e-11	0.986882
8.29256e-11	0.987656
8.29669e-11	0.988406
8.30082e-11	0.989133
8.30495e-11	0.989837
8.30908e-11	0.990517
8.31321e-11	0.991175
8.31733e-11	0.991808
8.32146e-11	0.992418
8.32559e-11	0.993005
8.32972e-11	0.993568
8.33385e-11	0.994108
8.33798e-11	0.994624
8.34211e-11	0.995117
8.34624e-11	0.995586
8.35036e-11	0.996031
8.35449e-11	0.996453
8.35862e-11	0.996851
8.36275e-11	0.997226
8.36688e-11	0.997577
8.37101e-11	0.997904
8.37514e-11	0.998208
8.37926e-11	0.998488
8.38339e-11	0.998744
8.38752e-11	0.998976
8.39165e-11	0.999185
8.39578e-11	0.99937
8.39991e-11	0.999531
8.40404e-11	0.999668
8.40817e-11	0.999782
8.41229e-11	0.999872
8.41642e-11	0.999938
8.42055e-11	0.99998
8.42468e-11	0.999999
8.42881e-11	0.999994
8.43294e-11	0.999965
8.43707e-11	0.999912
8.4412e-11	0.999836
8.44532e-11	0.999736
8.44945e-11	0.999612
8.45358e-11	0.999464
8.45771e-11	0.999292
8.46184e-11	0.999097
8.46597e-11	0.998878
8.4701e-11	0.998635
8.47423e-11	0.998369
8.47835e-11	0.998079
8.48248e-11	0.997765
8.48661e-11	0.997428
8.49074e-11	0.997066
8.49487e-11	0.996682
8.499e-11	0.996273
8.50313e-11	0.995841
8.50726e-11	0.995385
8.51138e-11	0.994906
8.51551e-11	0.994403
8.51964e-11	0.993877
8.52377e-11	0.993327
8.5279e-11	0.992754
8.53203e-11	0.992157
8.53616e-11	0.991536
8.54029e-11	0.990892
8.54441e-11	0.990225
8.54854e-11	0.989535
8.55267e-11	0.988821
8.5568e-11	0.988083
8.56093e-11	0.987323
8.56506e-11	0.986539
8.56919e-11	0.985732
8.57332e-11	0.984901
8.57744e-11	0.984048
8.58157e-11	0.983171
8.5857e-11	0.982272
8.58983e-11	0.981349
8.59396e-11	0.980403
8.59809e-11	0.979434
8.60222e-11	0.978442
8.60635e-11	0.977428
8.61047e-11	0.97639
8.6146e-11	0.975329
8.61873e-11	0.974246
8.62286e-11	0.97314
8.62699e-11	0.972012
8.63112e-11	0.97086
8.63525e-11	0.969686
8.63938e-11	0.96849
8.6435e-11	0.96727
8.64763e-11	0.966029
8.65176e-11	0.964765
8.65589e-11	0.963478
8.66002e-11	0.96217
8.66415e-11	0.960839
8.66828e-11	0.959485
8.6724e-11	0.95811
8.67653e-11	0.956712
8.68066e-11	0.955293
8.68479e-11	0.953851
8.68892e-11	0.952387
8.69305e-11	0.950902
8.69718e-11	0.949395
8.70131e-11	0.947866
8.70543e-11	0.946315
8.70956e-11	0.944742
8.71369e-11	0.943148
8.71782e-11	0.941532
8.72195e-11	0.939895
8.72608e-11	0.938237
8.73021e-11	0.936557
8.73434e-11	0.934856
8.73846e-11	0.933133
8.74259e-11	0.93139
8.74672e-11	0.929625
8.75085e-11	0.92784
8.75498e-11	0.926033
8.75911e-11	0.924206
8.76324e-11	0.922358
8.76737e-11	0.920489
8.77149e-11	0.918599
8.77562e-11	0.916689
8.77975e-11	0.914758
8.78388e-11	0.912807
8.78801e-11	0.910836
8.79214e-11	0.908844
8.79627e-11	0.906832
8.8004e-11	0.9048
8.80452e-11	0.902748
8.80865e-11	0.900676
8.81278e-11	0.898584
8.81691e-11	0.896472
8.82104e-11	0.89434
8.82517e-11	0.892189
8.8293e-11	0.890019
8.83343e-11	0.887828
8.83755e-11	0.885619
8.84168e-11	0.88339
8.84581e-11	0.881142
8.84994e-11	0.878875
8.85407e-11	0.876588
8.8582e-11	0.874283
8.86233e-11	0.871959
8.86646e-11	0.869616
8.87058e-11	0.867255
8.87471e-11	0.864875
8.87884e-11	0.862476
8.88297e-11	0.860059
8.8871e-11	0.857624
8.89123e-11	0.85517
8.89536e-11	0.852698
8.89949e-11	0.850208
8.90361e-11	0.847701
8.90774e-11	0.845175
8.91187e-11	0.842632
8.916e-11	0.840071
8.92013e-11	0.837492
8.92426e-11	0.834897
8.92839e-11	0.832283
8.93252e-11	0.829653
8.93664e-11	0.827005
8.94077e-11	0.82434
8.9449e-11	0.821658
8.94903e-11	0.81896
8.95316e-11	0.816244
8.95729e-11	0.813513
8.96142e-11	0.810764
8.96555e-11	0.807999
8.96967e-11	0.805218
8.9738e-11	0.80242
8.97793e-11	0.799607
8.98206e-11	0.796777
8.98619e-11	0.793931
8.99032e-11	0.79107
8.99445e-11	0.788193
8.99857e-11	0.7853
9.0027e-11	0.782392
9.00683e-11	0.779469
9.01096e-11	0.77653
9.01509e-11	0.773576
9.01922e-11	0.770608
9.02335e-11	0.767624
9.02748e-11	0.764625
9.0316e-11	0.761612
9.03573e-11	0.758584
9.03986e-11	0.755542
9.04399e-11	0.752485
9.04812e-11	0.749414
9.05225e-11	0.746329
9.05638e-11	0.74323
9.06051e-11	0.740117
9.06463e-11	0.73699
9.06876e-11	0.73385
9.07289e-11	0.730696
9.07702e-11	0.727529
9.08115e-11	0.724348
9.08528e-11	0.721154
9.08941e-11	0.717947
9.09354e-11	0.714728
9.09766e-11	0.711495
9.10179e-11	0.70825
9.10592e-11	0.704992
9.11005e-11	0.701721
9.11418e-11	0.698438
9.11831e-11	0.695143
9.12244e-11	0.691836
9.12657e-11	0.688517
9.13069e-11	0.685186
9.13482e-11	0.681844
9.13895e-11	0.678489
9.14308e-11	0.675123
9.14721e-11	0.671746
9.15134e-11	0.668358
9.15547e-11	0.664958
9.1596e-11	0.661548
9.16372e-11	0.658127
9.16785e-11	0.654694
9.17198e-11	0.651252
9.17611e-11	0.647798
9.18024e-11	0.644335
9.18437e-11	0.640861
9.1885e-11	0.637377
9.19263e-11	0.633883
9.19675e-11	0.630379
9.20088e-11	0.626866
9.20501e-11	0.623343
9.20914e-11	0.61981
9.21327e-11	0.616268
9.2174e-11	0.612717
9.22153e-11	0.609157
9.22566e-11	0.605587
9.22978e-11	0.602009
9.23391e-11	0.598423
9.23804e-11	0.594827
9.24217e-11	0.591223
9.2463e-11	0.587611
9.25043e-11	0.583991
9.25456e-11	0.580363
9.25869e-11	0.576726
9.26281e-11	0.573082
9.26694e-11	0.56943
9.27107e-11	0.565771
9.2752e-11	0.562104
9.27933e-11	0.55843
9.28346e-11	0.554749
9.28759e-11	0.551061
9.29172e-11	0.547366
9.29584e-11	0.543664
9.29997e-11	0.539956
9.3041e-11	0.536241
9.30823e-11	0.53252
9.31236e-11	0.528792
9.31649e-11	0.525058
9.32062e-11	0.521319
9.32474e-11	0.517573
9.32887e-11	0.513822
9.333e-11	0.510066
9.33713e-11	0.506303
9.34126e-11	0.502536
9.34539e-11	0.498763
9.34952e-11	0.494986
9.35365e-11	0.491203
9.35777e-11	0.487415
9.3619e-11	0.483623
9.36603e-11	0.479827
9.37016e-11	0.476026
9.37429e-11	0.472221
9.37842e-11	0.468411
9.38255e-11	0.464598
9.38668e-11	0.460781
9.3908e-11	0.45696
9.39493e-11	0.453135
9.39906e-11	0.449307
9.40319e-11	0.445475
9.40732e-11	0.441641
9.41145e-11	0.437803
9.41558e-11	0.433963
9.41971e-11	0.430119
9.42383e-11	0.426273
9.42796e-11	0.422424
9.43209e-11	0.418573
9.43622e-11	0.41472
9.44035e-11	0.410864
9.44448e-11	0.407006
9.44861e-11	0.403147
9.45274e-11	0.399285
9.45686e-11	0.395422
9.46099e-11	0.391558
9.46512e-11	0.387692
9.46925e-11	0.383825
9.47338e-11	0.379956
9.47751e-11	0.376087
9.48164e-11	0.372217
9.48577e-11	0.368346
9.48989e-11	0.364475
9.49402e-11	0.360602
9.49815e-11	0.35673
9.50228e-11	0.352857
9.50641e-11	0.348985
9.51054e-11	0.345112
9.51467e-11	0.341239
9.5188e-11	0.337367
9.52292e-11	0.333495
9.52705e-11	0.329624
9.53118e-11	0.325753
9.53531e-11	0.321883
9.53944e-11	0.318014
9.54357e-11	0.314146
9.5477e-11	0.310279
9.55183e-11	0.306414
9.55595e-11	0.302549
9.56008e-11	0.298687
9.56421e-11	0.294826
9.56834e-11	0.290966
9.57247e-11	0.287109
9.5766e-11	0.283254
9.58073e-11	0.279401
9.58486e-11	0.27555
9.58898e-11	0.271701
9.59311e-11	0.267855
9.59724e-11	0.264012
9.60137e-11	0.260171
9.6055e-11	0.256333
9.60963e-11	0.252498
9.61376e-11	0.248667
9.61788e-11	0.244838
9.62201e-11	0.241013
9.62614e-11	0.237192
9.63027e-11	0.233374
9.6344e-11	0.229559
9.63853e-11	0.225749
9.64266e-11	0.221942
9.64679e-11	0.21814
9.65091e-11	0.214341
9.65504e-11	0.210547
9.65917e-11	0.206757
9.6633e-11	0.202972
9.66743e-11	0.199192
9.67156e-11	0.195416
9.67569e-11	0.191645
9.67982e-11	0.187879
9.68394e-11	0.184118
9.68807e-11	0.180363
9.6922e-11	0.176612
9.69633e-11	0.172868
9.70046e-11	0.169128
9.70459e-11	0.165395
9.70872e-11	0.161667
9.71285e-11	0.157945
9.71697e-11	0.154229
9.7211e-11	0.150519
9.72523e-11	0.146815
9.72936e-11	0.143117
9.73349e-11	0.139426
9.73762e-11	0.135742
9.74175e-11	0.132064
9.74588e-11	0.128392
9.75e-11	0.124728
9.75413e-11	0.121071
9.75826e-11	0.11742
9.76239e-11	0.113777
9.76652e-11	0.110141
9.77065e-11	0.106513
9.77478e-11	0.102891
9.77891e-11	0.0992779
9.78303e-11	0.095672
9.78716e-11	0.0920739
9.79129e-11	0.0884836
9.79542e-11	0.0849013
9.79955e-11	0.0813271
9.80368e-11	0.077761
9.80781e-11	0.0742032
9.81194e-11	0.0706538
9.81606e-11	0.0671128
9.82019e-11	0.0635804
9.82432e-11	0.0600566
9.82845e-11	0.0565416
9.83258e-11	0.0530354
9.83671e-11	0.0495382
9.84084e-11	0.04605
9.84497e-11	0.0425709
9.84909e-11	0.039101
9.85322e-11	0.0356405
9.85735e-11	0.0321893
9.86148e-11	0.0287476
9.86561e-11	0.0253155
9.86974e-11	0.0218931
9.87387e-11	0.0184805
9.878e-11	0.0150777
9.88212e-11	0.0116848
9.88625e-11	0.00830197
9.89038e-11	0.00492924
9.89451e-11	0.0015667
9.89864e-11	-0.00178555
9.90277e-11	-0.00512744
9.9069e-11	-0.00845887
9.91103e-11	-0.0117798
9.91515e-11	-0.0150901
9.91928e-11	-0.0183896
9.92341e-11	-0.0216784
9.92754e-11	-0.0249564
9.93167e-11	-0.0282234
9.9358e-11	-0.0314793
9.93993e-11	-0.0347242
9.94405e-11	-0.0379579
9.94818e-11	-0.0411803
9.95231e-11	-0.0443914
9.95644e-11	-0.0475911
9.96057e-11	-0.0507793
9.9647e-11	-0.0539559
9.96883e-11	-0.0571209
9.97296e-11	-0.0602742
9.97708e-11	-0.0634157
9.98121e-11	-0.0665453
9.98534e-11	-0.069663
9.98947e-11	-0.0727687
9.9936e-11	-0.0758624
9.99773e-11	-0.0789438
1.00019e-10	-0.0820131
1.0006e-10	-0.0850701
1.00101e-10	-0.0881148
1.00142e-10	-0.091147
1.00184e-10	-0.0941668
1.00225e-10	-0.097174
1.00266e-10	-0.100169
1.00308e-10	-0.103151
1.00349e-10	-0.10612
1.0039e-10	-0.109076
1.00431e-10	-0.11202
1.00473e-10	-0.11495
1.00514e-10	-0.117868
1.00555e-10	-0.120772
1.00597e-10	-0.123664
1.00638e-10	-0.126542
1.00679e-10	-0.129407
1.0072e-10	-0.132259
1.00762e-10	-0.135097
1.00803e-10	-0.137922
1.00844e-10	-0.140734
1.00886e-10	-0.143532
1.00927e-10	-0.146316
1.00968e-10	-0.149087
1.01009e-10	-0.151844
1.01051e-10	-0.154588
1.01092e-10	-0.157318
1.01133e-10	-0.160033
1.01175e-10	-0.162735
1.01216e-10	-0.165423
1.01257e-10	-0.168098
1.01298e-10	-0.170758
1.0134e-10	-0.173404
1.01381e-10	-0.176036
1.01422e-10	-0.178653
1.01464e-10	-0.181257
1.01505e-10	-0.183846
1.01546e-10	-0.186421
1.01587e-10	-0.188982
1.01629e-10	-0.191528
1.0167e-10	-0.19406
1.01711e-10	-0.196577
1.01753e-10	-0.19908
1.01794e-10	-0.201569
1.01835e-10	-0.204042
1.01877e-10	-0.206502
1.01918e-10	-0.208946
1.01959e-10	-0.211376
1.02e-10	-0.213791
1.02042e-10	-0.216191
1.02083e-10	-0.218577
1.02124e-10	-0.220948
1.02166e-10	-0.223304
1.02207e-10	-0.225644
1.02248e-10	-0.227971
1.02289e-10	-0.230282
1.02331e-10	-0.232578
1.02372e-10	-0.234859
1.02413e-10	-0.237125
1.02455e-10	-0.239376
1.02496e-10	-0.241611
1.02537e-10	-0.243832
1.02578e-10	-0.246038
1.0262e-10	-0.248228
1.02661e-10	-0.250403
1.02702e-10	-0.252563
1.02744e-10	-0.254708
1.02785e-10	-0.256837
1.02826e-10	-0.258951
1.02867e-10	-0.26105
1.02909e-10	-0.263133
1.0295e-10	-0.265201
1.02991e-10	-0.267254
1.03033e-10	-0.269291
1.03074e-10	-0.271313
1.03115e-10	-0.273319
1.03156e-10	-0.27531
1.03198e-10	-0.277286
1.03239e-10	-0.279246
1.0328e-10	-0.28119
1.03322e-10	-0.283119
1.03363e-10	-0.285033
1.03404e-10	-0.286931
1.03445e-10	-0.288813
1.03487e-10	-0.29068
1.03528e-10	-0.292531
1.03569e-10	-0.294367
1.03611e-10	-0.296187
1.03652e-10	-0.297992
1.03693e-10	-0.29978
1.03734e-10	-0.301554
1.03776e-10	-0.303311
1.03817e-10	-0.305053
1.03858e-10	-0.30678
1.039e-10	-0.30849
1.03941e-10	-0.310186
1.03982e-10	-0.311865
1.04023e-10	-0.313529
1.04065e-10	-0.315177
1.04106e-10	-0.31681
1.04147e-10	-0.318426
1.04189e-10	-0.320028
1.0423e-10	-0.321613
1.04271e-10	-0.323183
1.04312e-10	-0.324737
1.04354e-10	-0.326276
1.04395e-10	-0.327799
1.04436e-10	-0.329306
1.04478e-10	-0.330798
1.04519e-10	-0.332274
1.0456e-10	-0.333735
1.04601e-10	-0.33518
1.04643e-10	-0.336609
1.04684e-10	-0.338023
1.04725e-10	-0.339421
1.04767e-10	-0.340803
1.04808e-10	-0.34217
1.04849e-10	-0.343521
1.0489e-10	-0.344857
1.04932e-10	-0.346177
1.04973e-10	-0.347482
1.05014e-10	-0.348771
1.05056e-10	-0.350045
1.05097e-10	-0.351303
1.05138e-10	-0.352546
1.05179e-10	-0.353773
1.05221e-10	-0.354985
1.05262e-10	-0.356181
1.05303e-10	-0.357362
1.05345e-10	-0.358528
1.05386e-10	-0.359678
1.05427e-10	-0.360813
1.05469e-10	-0.361932
1.0551e-10	-0.363037
1.05551e-10	-0.364126
1.05592e-10	-0.365199
1.05634e-10	-0.366257
1.05675e-10	-0.3673
1.05716e-10	-0.368328
1.05758e-10	-0.369341
1.05799e-10	-0.370338
1.0584e-10	-0.371321
1.05881e-10	-0.372288
1.05923e-10	-0.37324
1.05964e-10	-0.374177
1.06005e-10	-0.375099
1.06047e-10	-0.376006
1.06088e-10	-0.376898
1.06129e-10	-0.377775
1.0617e-10	-0.378637
1.06212e-10	-0.379484
1.06253e-10	-0.380316
1.06294e-10	-0.381134
1.06336e-10	-0.381936
1.06377e-10	-0.382724
1.06418e-10	-0.383497
1.06459e-10	-0.384255
1.06501e-10	-0.384999
1.06542e-10	-0.385728
1.06583e-10	-0.386442
1.06625e-10	-0.387142
1.06666e-10	-0.387827
1.06707e-10	-0.388498
1.06748e-10	-0.389154
1.0679e-10	-0.389795
1.06831e-10	-0.390422
1.06872e-10	-0.391035
1.06914e-10	-0.391634
1.06955e-10	-0.392218
1.06996e-10	-0.392788
1.07037e-10	-0.393343
1.07079e-10	-0.393885
1.0712e-10	-0.394412
1.07161e-10	-0.394925
1.07203e-10	-0.395424
1.07244e-10	-0.395909
1.07285e-10	-0.39638
1.07326e-10	-0.396837
1.07368e-10	-0.39728
1.07409e-10	-0.397709
1.0745e-10	-0.398125
1.07492e-10	-0.398526
1.07533e-10	-0.398914
1.07574e-10	-0.399288
1.07615e-10	-0.399649
1.07657e-10	-0.399996
1.07698e-10	-0.400329
1.07739e-10	-0.400649
1.07781e-10	-0.400955
1.07822e-10	-0.401248
1.07863e-10	-0.401527
1.07904e-10	-0.401794
1.07946e-10	-0.402046
1.07987e-10	-0.402286
1.08028e-10	-0.402512
1.0807e-10	-0.402725
1.08111e-10	-0.402926
1.08152e-10	-0.403113
1.08193e-10	-0.403287
1.08235e-10	-0.403448
1.08276e-10	-0.403596
1.08317e-10	-0.403731
1.08359e-10	-0.403854
1.084e-10	-0.403963
1.08441e-10	-0.40406
1.08482e-10	-0.404145
1.08524e-10	-0.404217
1.08565e-10	-0.404276
1.08606e-10	-0.404323
1.08648e-10	-0.404357
1.08689e-10	-0.404379
1.0873e-10	-0.404388
1.08771e-10	-0.404386
1.08813e-10	-0.404371
1.08854e-10	-0.404344
1.08895e-10	-0.404304
1.08937e-10	-0.404253
1.08978e-10	-0.40419
1.09019e-10	-0.404114
1.0906e-10	-0.404027
1.09102e-10	-0.403928
1.09143e-10	-0.403818
1.09184e-10	-0.403695
1.09226e-10	-0.403561
1.09267e-10	-0.403415
1.09308e-10	-0.403258
1.0935e-10	-0.403089
1.09391e-10	-0.402908
1.09432e-10	-0.402717
1.09473e-10	-0.402514
1.09515e-10	-0.402299
1.09556e-10	-0.402074
1.09597e-10	-0.401837
1.09639e-10	-0.401589
1.0968e-10	-0.40133
1.09721e-10	-0.401061
1.09762e-10	-0.40078
1.09804e-10	-0.400488
1.09845e-10	-0.400186
1.09886e-10	-0.399873
1.09928e-10	-0.399549
1.09969e-10	-0.399215
1.1001e-10	-0.39887
1.10051e-10	-0.398514
1.10093e-10	-0.398149
1.10134e-10	-0.397772
1.10175e-10	-0.397386
1.10217e-10	-0.396989
1.10258e-10	-0.396582
1.10299e-10	-0.396165
1.1034e-10	-0.395738
1.10382e-10	-0.395301
1.10423e-10	-0.394854
1.10464e-10	-0.394397
1.10506e-10	-0.39393
1.10547e-10	-0.393453
1.10588e-10	-0.392967
1.10629e-10	-0.392471
1.10671e-10	-0.391966
1.10712e-10	-0.391451
1.10753e-10	-0.390927
1.10795e-10	-0.390393
1.10836e-10	-0.38985
1.10877e-10	-0.389298
1.10918e-10	-0.388737
1.1096e-10	-0.388166
1.11001e-10	-0.387587
1.11042e-10	-0.386998
1.11084e-10	-0.386401
1.11125e-10	-0.385795
1.11166e-10	-0.38518
1.11207e-10	-0.384556
1.11249e-10	-0.383923
1.1129e-10	-0.383282
1.11331e-10	-0.382633
1.11373e-10	-0.381975
1.11414e-10	-0.381308
1.11455e-10	-0.380634
1.11496e-10	-0.379951
1.11538e-10	-0.379259
1.11579e-10	-0.37856
1.1162e-10	-0.377853
1.11662e-10	-0.377137
1.11703e-10	-0.376414
1.11744e-10	-0.375683
1.11785e-10	-0.374944
1.11827e-10	-0.374197
1.11868e-10	-0.373442
1.11909e-10	-0.37268
1.11951e-10	-0.371911
1.11992e-10	-0.371133
1.12033e-10	-0.370349
1.12074e-10	-0.369557
1.12116e-10	-0.368758
1.12157e-10	-0.367951
1.12198e-10	-0.367138
1.1224e-10	-0.366317
1.12281e-10	-0.36549
1.12322e-10	-0.364655
1.12363e-10	-0.363813
1.12405e-10	-0.362965
1.12446e-10	-0.36211
1.12487e-10	-0.361248
1.12529e-10	-0.36038
1.1257e-10	-0.359505
1.12611e-10	-0.358623
1.12652e-10	-0.357735
1.12694e-10	-0.356841
1.12735e-10	-0.355941
1.12776e-10	-0.355034
1.12818e-10	-0.354121
1.12859e-10	-0.353202
1.129e-10	-0.352277
1.12942e-10	-0.351346
1.12983e-10	-0.350409
1.13024e-10	-0.349466
1.13065e-10	-0.348517
1.13107e-10	-0.347563
1.13148e-10	-0.346603
1.13189e-10	-0.345637
1.13231e-10	-0.344666
1.13272e-10	-0.343689
1.13313e-10	-0.342707
1.13354e-10	-0.34172
1.13396e-10	-0.340728
1.13437e-10	-0.33973
1.13478e-10	-0.338727
1.1352e-10	-0.337719
1.13561e-10	-0.336706
1.13602e-10	-0.335688
1.13643e-10	-0.334665
1.13685e-10	-0.333638
1.13726e-10	-0.332605
1.13767e-10	-0.331568
1.13809e-10	-0.330527
1.1385e-10	-0.329481
1.13891e-10	-0.32843
1.13932e-10	-0.327375
1.13974e-10	-0.326315
1.14015e-10	-0.325251
1.14056e-10	-0.324183
1.14098e-10	-0.323111
1.14139e-10	-0.322035
1.1418e-10	-0.320954
1.14221e-10	-0.31987
1.14263e-10	-0.318781
1.14304e-10	-0.317689
1.14345e-10	-0.316593
1.14387e-10	-0.315493
1.14428e-10	-0.31439
1.14469e-10	-0.313283
1.1451e-10	-0.312172
1.14552e-10	-0.311058
1.14593e-10	-0.30994
1.14634e-10	-0.308819
1.14676e-10	-0.307695
1.14717e-10	-0.306567
1.14758e-10	-0.305436
1.14799e-10	-0.304302
1.14841e-10	-0.303165
1.14882e-10	-0.302025
1.14923e-10	-0.300882
1.14965e-10	-0.299736
1.15006e-10	-0.298588
1.15047e-10	-0.297436
1.15088e-10	-0.296282
1.1513e-10	-0.295125
1.15171e-10	-0.293965
1.15212e-10	-0.292803
1.15254e-10	-0.291638
1.15295e-10	-0.290471
1.15336e-10	-0.289302
1.15377e-10	-0.28813
1.15419e-10	-0.286956
1.1546e-10	-0.28578
1.15501e-10	-0.284602
1.15543e-10	-0.283421
1.15584e-10	-0.282239
1.15625e-10	-0.281054
1.15666e-10	-0.279868
1.15708e-10	-0.278679
1.15749e-10	-0.277489
1.1579e-10	-0.276297
1.15832e-10	-0.275104
1.15873e-10	-0.273908
1.15914e-10	-0.272712
1.15955e-10	-0.271513
1.15997e-10	-0.270313
1.16038e-10	-0.269112
1.16079e-10	-0.26791
1.16121e-10	-0.266706
1.16162e-10	-0.2655
1.16203e-10	-0.264294
1.16244e-10	-0.263086
1.16286e-10	-0.261877
1.16327e-10	-0.260668
1.16368e-10	-0.259457
1.1641e-10	-0.258245
1.16451e-10	-0.257032
1.16492e-10	-0.255819
1.16534e-10	-0.254605
1.16575e-10	-0.253389
1.16616e-10	-0.252174
1.16657e-10	-0.250957
1.16699e-10	-0.24974
1.1674e-10	-0.248523
1.16781e-10	-0.247305
1.16823e-10	-0.246086
1.16864e-10	-0.244867
1.16905e-10	-0.243648
1.16946e-10	-0.242428
1.16988e-10	-0.241208
1.17029e-10	-0.239988
1.1707e-10	-0.238768
1.17112e-10	-0.237548
1.17153e-10	-0.236328
1.17194e-10	-0.235107
1.17235e-10	-0.233887
1.17277e-10	-0.232667
1.17318e-10	-0.231446
1.17359e-10	-0.230226
1.17401e-10	-0.229007
1.17442e-10	-0.227787
1.17483e-10	-0.226568
1.17524e-10	-0.225349
1.17566e-10	-0.224131
1.17607e-10	-0.222913
1.17648e-10	-0.221695
1.1769e-10	-0.220478
1.17731e-10	-0.219262
1.17772e-10	-0.218046
1.17813e-10	-0.216831
1.17855e-10	-0.215616
1.17896e-10	-0.214403
1.17937e-10	-0.21319
1.17979e-10	-0.211978
1.1802e-10	-0.210767
1.18061e-10	-0.209556
1.18102e-10	-0.208347
1.18144e-10	-0.207139
1.18185e-10	-0.205932
1.18226e-10	-0.204725
1.18268e-10	-0.20352
1.18309e-10	-0.202316
1.1835e-10	-0.201114
1.18391e-10	-0.199912
1.18433e-10	-0.198712
1.18474e-10	-0.197513
1.18515e-10	-0.196316
1.18557e-10	-0.195119
1.18598e-10	-0.193925
1.18639e-10	-0.192731
1.1868e-10	-0.19154
1.18722e-10	-0.19035
1.18763e-10	-0.189161
1.18804e-10	-0.187974
1.18846e-10	-0.186789
1.18887e-10	-0.185605
1.18928e-10	-0.184423
1.18969e-10	-0.183243
1.19011e-10	-0.182064
1.19052e-10	-0.180888
1.19093e-10	-0.179713
1.19135e-10	-0.17854
1.19176e-10	-0.17737
1.19217e-10	-0.176201
1.19258e-10	-0.175034
1.193e-10	-0.173869
1.19341e-10	-0.172706
1.19382e-10	-0.171546
1.19424e-10	-0.170387
1.19465e-10	-0.169231
1.19506e-10	-0.168076
1.19547e-10	-0.166924
1.19589e-10	-0.165775
1.1963e-10	-0.164627
1.19671e-10	-0.163482
1.19713e-10	-0.162339
1.19754e-10	-0.161199
1.19795e-10	-0.160061
1.19836e-10	-0.158925
1.19878e-10	-0.157792
1.19919e-10	-0.156662
1.1996e-10	-0.155534
1.20002e-10	-0.154408
1.20043e-10	-0.153285
1.20084e-10	-0.152165
1.20126e-10	-0.151047
1.20167e-10	-0.149932
1.20208e-10	-0.14882
1.20249e-10	-0.14771
1.20291e-10	-0.146604
1.20332e-10	-0.145499
1.20373e-10	-0.144398
1.20415e-10	-0.1433
1.20456e-10	-0.142204
1.20497e-10	-0.141111
1.20538e-10	-0.140021
1.2058e-10	-0.138934
1.20621e-10	-0.13785
1.20662e-10	-0.136769
1.20704e-10	-0.135691
1.20745e-10	-0.134616
1.20786e-10	-0.133544
1.20827e-10	-0.132475
1.20869e-10	-0.13141
1.2091e-10	-0.130347
1.20951e-10	-0.129287
1.20993e-10	-0.128231
1.21034e-10	-0.127177
1.21075e-10	-0.126127
1.21116e-10	-0.12508
1.21158e-10	-0.124037
1.21199e-10	-0.122996
1.2124e-10	-0.121959
1.21282e-10	-0.120925
1.21323e-10	-0.119895
1.21364e-10	-0.118867
1.21405e-10	-0.117844
1.21447e-10	-0.116823
1.21488e-10	-0.115806
1.21529e-10	-0.114792
1.21571e-10	-0.113782
1.21612e-10	-0.112775
1.21653e-10	-0.111772
1.21694e-10	-0.110772
1.21736e-10	-0.109775
1.21777e-10	-0.108782
1.21818e-10	-0.107793
1.2186e-10	-0.106807
1.21901e-10	-0.105825
1.21942e-10	-0.104846
1.21983e-10	-0.103871
1.22025e-10	-0.102899
1.22066e-10	-0.101931
1.22107e-10	-0.100967
1.22149e-10	-0.100006
1.2219e-10	-0.099049
1.22231e-10	-0.0980957
1.22272e-10	-0.097146
1.22314e-10	-0.0962
1.22355e-10	-0.0952577
1.22396e-10	-0.0943191
1.22438e-10	-0.0933843
1.22479e-10	-0.0924532
1.2252e-10	-0.0915259
1.22561e-10	-0.0906023
1.22603e-10	-0.0896826
1.22644e-10	-0.0887666
1.22685e-10	-0.0878544
1.22727e-10	-0.086946
1.22768e-10	-0.0860415
1.22809e-10	-0.0851408
1.2285e-10	-0.0842439
1.22892e-10	-0.0833509
1.22933e-10	-0.0824618
1.22974e-10	-0.0815765
1.23016e-10	-0.0806951
1.23057e-10	-0.0798176
1.23098e-10	-0.078944
1.23139e-10	-0.0780743
1.23181e-10	-0.0772085
1.23222e-10	-0.0763466
1.23263e-10	-0.0754887
1.23305e-10	-0.0746347
1.23346e-10	-0.0737846
1.23387e-10	-0.0729385
1.23428e-10	-0.0720964
1.2347e-10	-0.0712582
1.23511e-10	-0.070424
1.23552e-10	-0.0695937
1.23594e-10	-0.0687675
1.23635e-10	-0.0679452
1.23676e-10	-0.0671269
1.23718e-10	-0.0663126
1.23759e-10	-0.0655024
1.238e-10	-0.0646961
1.23841e-10	-0.0638938
1.23883e-10	-0.0630956
1.23924e-10	-0.0623014
1.23965e-10	-0.0615112
1.24007e-10	-0.060725
1.24048e-10	-0.0599429
1.24089e-10	-0.0591648
1.2413e-10	-0.0583907
1.24172e-10	-0.0576207
1.24213e-10	-0.0568547
1.24254e-10	-0.0560927
1.24296e-10	-0.0553348
1.24337e-10	-0.054581
1.24378e-10	-0.0538312
1.24419e-10	-0.0530855
1.24461e-10	-0.0523438
1.24502e-10	-0.0516061
1.24543e-10	-0.0508725
1.24585e-10	-0.050143
1.24626e-10	-0.0494175
1.24667e-10	-0.0486961
1.24708e-10	-0.0479788
1.2475e-10	-0.0472655
1.24791e-10	-0.0465562
1.24832e-10	-0.045851
1.24874e-10	-0.0451499
1.24915e-10	-0.0444528
1.24956e-10	-0.0437598
1.24997e-10	-0.0430709
1.25039e-10	-0.0423859
1.2508e-10	-0.0417051
1.25121e-10	-0.0410283
1.25163e-10	-0.0403555
1.25204e-10	-0.0396868
1.25245e-10	-0.0390221
1.25286e-10	-0.0383614
1.25328e-10	-0.0377048
1.25369e-10	-0.0370523
1.2541e-10	-0.0364037
1.25452e-10	-0.0357592
1.25493e-10	-0.0351187
1.25534e-10	-0.0344823
1.25575e-10	-0.0338498
1.25617e-10	-0.0332214
1.25658e-10	-0.032597
1.25699e-10	-0.0319766
1.25741e-10	-0.0313602
1.25782e-10	-0.0307478
1.25823e-10	-0.0301394
1.25864e-10	-0.029535
1.25906e-10	-0.0289345
1.25947e-10	-0.0283381
1.25988e-10	-0.0277456
1.2603e-10	-0.0271571
1.26071e-10	-0.0265726
1.26112e-10	-0.025992
1.26153e-10	-0.0254153
1.26195e-10	-0.0248427
1.26236e-10	-0.0242739
1.26277e-10	-0.0237091
1.26319e-10	-0.0231482
1.2636e-10	-0.0225913
1.26401e-10	-0.0220382
1.26442e-10	-0.0214891
1.26484e-10	-0.0209439
1.26525e-10	-0.0204025
1.26566e-10	-0.0198651
1.26608e-10	-0.0193315
1.26649e-10	-0.0188019
1.2669e-10	-0.018276
1.26731e-10	-0.0177541
1.26773e-10	-0.017236
1.26814e-10	-0.0167217
1.26855e-10	-0.0162113
1.26897e-10	-0.0157047
1.26938e-10	-0.0152019
1.26979e-10	-0.0147029
1.2702e-10	-0.0142077
1.27062e-10	-0.0137163
1.27103e-10	-0.0132287
1.27144e-10	-0.0127449
1.27186e-10	-0.0122649
1.27227e-10	-0.0117886
1.27268e-10	-0.011316
1.2731e-10	-0.0108472
1.27351e-10	-0.0103822
1.27392e-10	-0.00992082
1.27433e-10	-0.00946317
1.27475e-10	-0.00900924
1.27516e-10	-0.00855899
1.27557e-10	-0.00811242
1.27599e-10	-0.00766953
1.2764e-10	-0.0072303
1.27681e-10	-0.00679472
1.27722e-10	-0.00636278
1.27764e-10	-0.00593447
1.27805e-10	-0.00550978
1.27846e-10	-0.00508871
1.27888e-10	-0.00467123
1.27929e-10	-0.00425734
1.2797e-10	-0.00384702
1.28011e-10	-0.00344028
1.28053e-10	-0.00303709
1.28094e-10	-0.00263744
1.28135e-10	-0.00224133
1.28177e-10	-0.00184874
1.28218e-10	-0.00145966
1.28259e-10	-0.00107408
1.283e-10	-0.000691986
1.28342e-10	-0.000313369
1.28383e-10	6.17847e-05
1.28424e-10	0.000433486
1.28466e-10	0.000801746
1.28507e-10	0.00116658
1.28548e-10	0.00152799
1.28589e-10	0.001886
1.28631e-10	0.00224062
1.28672e-10	0.00259186
1.28713e-10	0.00293973
1.28755e-10	0.00328424
1.28796e-10	0.00362541
1.28837e-10	0.00396325
1.28878e-10	0.00429778
1.2892e-10	0.00462899
1.28961e-10	0.00495692
1.29002e-10	0.00528156
1.29044e-10	0.00560294
1.29085e-10	0.00592106
1.29126e-10	0.00623595
1.29167e-10	0.0065476
1.29209e-10	0.00685604
1.2925e-10	0.00716127
1.29291e-10	0.00746332
1.29333e-10	0.00776219
1.29374e-10	0.0080579
1.29415e-10	0.00835045
1.29456e-10	0.00863988
1.29498e-10	0.00892618
1.29539e-10	0.00920937
1.2958e-10	0.00948946
1.29622e-10	0.00976647
1.29663e-10	0.0100404
1.29704e-10	0.0103113
1.29745e-10	0.0105792
1.29787e-10	0.010844
1.29828e-10	0.0111058
1.29869e-10	0.0113646
1.29911e-10	0.0116204
1.29952e-10	0.0118732
1.29993e-10	0.0121231
1.30034e-10	0.0123701
1.30076e-10	0.0126141
1.30117e-10	0.0128552
1.30158e-10	0.0130934
1.302e-10	0.0133287
1.30241e-10	0.0135611
1.30282e-10	0.0137907
1.30323e-10	0.0140174
1.30365e-10	0.0142413
1.30406e-10	0.0144624
1.30447e-10	0.0146807
1.30489e-10	0.0148961
1.3053e-10	0.0151088
1.30571e-10	0.0153188
1.30612e-10	0.015526
1.30654e-10	0.0157305
1.30695e-10	0.0159322
1.30736e-10	0.0161313
1.30778e-10	0.0163276
1.30819e-10	0.0165213
1.3086e-10	0.0167123
1.30901e-10	0.0169007
1.30943e-10	0.0170864
1.30984e-10	0.0172696
1.31025e-10	0.0174501
1.31067e-10	0.017628
1.31108e-10	0.0178034
1.31149e-10	0.0179762
1.31191e-10	0.0181465
1.31232e-10	0.0183142
1.31273e-10	0.0184794
1.31314e-10	0.0186421
1.31356e-10	0.0188024
1.31397e-10	0.0189601
1.31438e-10	0.0191154
1.3148e-10	0.0192683
1.31521e-10	0.0194187
1.31562e-10	0.0195667
1.31603e-10	0.0197123
1.31645e-10	0.0198556
1.31686e-10	0.0199964
1.31727e-10	0.0201349
1.31769e-10	0.0202711
1.3181e-10	0.020405
1.31851e-10	0.0205365
1.31892e-10	0.0206657
1.31934e-10	0.0207927
1.31975e-10	0.0209174
1.32016e-10	0.0210398
1.32058e-10	0.02116
1.32099e-10	0.0212779
1.3214e-10	0.0213937
1.32181e-10	0.0215073
1.32223e-10	0.0216186
1.32264e-10	0.0217279
1.32305e-10	0.0218349
1.32347e-10	0.0219398
1.32388e-10	0.0220426
1.32429e-10	0.0221433
1.3247e-10	0.0222419
1.32512e-10	0.0223385
1.32553e-10	0.0224329
1.32594e-10	0.0225253
1.32636e-10	0.0226157
1.32677e-10	0.022704
1.32718e-10	0.0227904
1.32759e-10	0.0228747
1.32801e-10	0.0229571
1.32842e-10	0.0230374
1.32883e-10	0.0231159
1.32925e-10	0.0231924
1.32966e-10	0.023267
1.33007e-10	0.0233397
1.33048e-10	0.0234104
1.3309e-10	0.0234793
1.33131e-10	0.0235464
1.33172e-10	0.0236116
1.33214e-10	0.0236749
1.33255e-10	0.0237364
1.33296e-10	0.0237961
1.33337e-10	0.023854
1.33379e-10	0.0239102
1.3342e-10	0.0239645
1.33461e-10	0.0240171
1.33503e-10	0.024068
1.33544e-10	0.0241171
1.33585e-10	0.0241646
1.33626e-10	0.0242103
1.33668e-10	0.0242543
1.33709e-10	0.0242967
1.3375e-10	0.0243374
1.33792e-10	0.0243765
1.33833e-10	0.0244139
1.33874e-10	0.0244497
1.33915e-10	0.0244839
1.33957e-10	0.0245165
1.33998e-10	0.0245476
1.34039e-10	0.024577
1.34081e-10	0.024605
1.34122e-10	0.0246314
1.34163e-10	0.0246562
1.34204e-10	0.0246796
1.34246e-10	0.0247014
1.34287e-10	0.0247218
1.34328e-10	0.0247407
1.3437e-10	0.0247582
1.34411e-10	0.0247742
1.34452e-10	0.0247887
1.34493e-10	0.0248019
1.34535e-10	0.0248136
1.34576e-10	0.0248239
1.34617e-10	0.0248329
1.34659e-10	0.0248405
1.347e-10	0.0248468
1.34741e-10	0.0248517
1.34783e-10	0.0248552
1.34824e-10	0.0248575
1.34865e-10	0.0248584
1.34906e-10	0.0248581
1.34948e-10	0.0248565
1.34989e-10	0.0248536
1.3503e-10	0.0248494
1.35072e-10	0.0248441
1.35113e-10	0.0248374
1.35154e-10	0.0248296
1.35195e-10	0.0248206
1.35237e-10	0.0248103
1.35278e-10	0.0247989
1.35319e-10	0.0247864
1.35361e-10	0.0247726
1.35402e-10	0.0247577
1.35443e-10	0.0247417
1.35484e-10	0.0247246
1.35526e-10	0.0247064
1.35567e-10	0.024687
1.35608e-10	0.0246666
1.3565e-10	0.0246451
1.35691e-10	0.0246225
1.35732e-10	0.0245989
1.35773e-10	0.0245743
1.35815e-10	0.0245486
1.35856e-10	0.0245219
1.35897e-10	0.0244942
1.35939e-10	0.0244655
1.3598e-10	0.0244358
1.36021e-10	0.0244052
1.36062e-10	0.0243736
1.36104e-10	0.0243411
1.36145e-10	0.0243076
1.36186e-10	0.0242731
1.36228e-10	0.0242378
1.36269e-10	0.0242016
1.3631e-10	0.0241645
1.36351e-10	0.0241265
1.36393e-10	0.0240876
1.36434e-10	0.0240478
1.36475e-10	0.0240072
1.36517e-10	0.0239658
1.36558e-10	0.0239235
1.36599e-10	0.0238805
1.3664e-10	0.0238366
1.36682e-10	0.0237919
1.36723e-10	0.0237464
1.36764e-10	0.0237002
1.36806e-10	0.0236532
1.36847e-10	0.0236054
1.36888e-10	0.0235569
1.36929e-10	0.0235076
1.36971e-10	0.0234576
1.37012e-10	0.0234069
1.37053e-10	0.0233555
1.37095e-10	0.0233034
1.37136e-10	0.0232507
1.37177e-10	0.0231972
1.37218e-10	0.0231431
1.3726e-10	0.0230883
1.37301e-10	0.0230328
1.37342e-10	0.0229768
1.37384e-10	0.0229201
1.37425e-10	0.0228627
1.37466e-10	0.0228048
1.37507e-10	0.0227463
1.37549e-10	0.0226871
1.3759e-10	0.0226274
1.37631e-10	0.0225672
1.37673e-10	0.0225063
1.37714e-10	0.0224449
1.37755e-10	0.022383
1.37796e-10	0.0223205
1.37838e-10	0.0222575
1.37879e-10	0.0221939
1.3792e-10	0.0221299
1.37962e-10	0.0220654
1.38003e-10	0.0220003
1.38044e-10	0.0219348
1.38085e-10	0.0218688
1.38127e-10	0.0218023
1.38168e-10	0.0217354
1.38209e-10	0.021668
1.38251e-10	0.0216002
1.38292e-10	0.021532
1.38333e-10	0.0214633
1.38375e-10	0.0213942
1.38416e-10	0.0213247
1.38457e-10	0.0212548
1.38498e-10	0.0211845
1.3854e-10	0.0211138
1.38581e-10	0.0210427
1.38622e-10	0.0209713
1.38664e-10	0.0208995
1.38705e-10	0.0208273
1.38746e-10	0.0207548
1.38787e-10	0.020682
1.38829e-10	0.0206088
1.3887e-10	0.0205353
1.38911e-10	0.0204615
1.38953e-10	0.0203874
1.38994e-10	0.0203129
1.39035e-10	0.0202382
1.39076e-10	0.0201632
1.39118e-10	0.0200879
1.39159e-10	0.0200123
1.392e-10	0.0199365
1.39242e-10	0.0198604
1.39283e-10	0.0197841
1.39324e-10	0.0197075
1.39365e-10	0.0196307
1.39407e-10	0.0195536
1.39448e-10	0.0194763
1.39489e-10	0.0193988
1.39531e-10	0.0193211
1.39572e-10	0.0192432
1.39613e-10	0.019165
1.39654e-10	0.0190867
1.39696e-10	0.0190082
1.39737e-10	0.0189296
1.39778e-10	0.0188507
1.3982e-10	0.0187717
1.39861e-10	0.0186925
1.39902e-10	0.0186132
1.39943e-10	0.0185337
1.39985e-10	0.018454
1.40026e-10	0.0183743
1.40067e-10	0.0182944
1.40109e-10	0.0182144
1.4015e-10	0.0181342
1.40191e-10	0.018054
1.40232e-10	0.0179736
1.40274e-10	0.0178931
1.40315e-10	0.0178126
1.40356e-10	0.0177319
1.40398e-10	0.0176512
1.40439e-10	0.0175704
1.4048e-10	0.0174895
1.40521e-10	0.0174085
1.40563e-10	0.0173275
1.40604e-10	0.0172464
1.40645e-10	0.0171653
1.40687e-10	0.0170841
1.40728e-10	0.0170029
1.40769e-10	0.0169216
1.4081e-10	0.0168403
1.40852e-10	0.016759
1.40893e-10	0.0166777
1.40934e-10	0.0165963
1.40976e-10	0.0165149
1.41017e-10	0.0164335
1.41058e-10	0.0163522
1.41099e-10	0.0162708
1.41141e-10	0.0161894
1.41182e-10	0.016108
1.41223e-10	0.0160266
1.41265e-10	0.0159453
1.41306e-10	0.015864
1.41347e-10	0.0157827
1.41388e-10	0.0157015
1.4143e-10	0.0156202
1.41471e-10	0.0155391
1.41512e-10	0.0154579
1.41554e-10	0.0153769
1.41595e-10	0.0152958
1.41636e-10	0.0152149
1.41677e-10	0.015134
1.41719e-10	0.0150531
1.4176e-10	0.0149723
1.41801e-10	0.0148916
1.41843e-10	0.014811
1.41884e-10	0.0147305
1.41925e-10	0.01465
1.41967e-10	0.0145697
1.42008e-10	0.0144894
1.42049e-10	0.0144092
1.4209e-10	0.0143291
1.42132e-10	0.0142492
1.42173e-10	0.0141693
1.42214e-10	0.0140895
1.42256e-10	0.0140099
1.42297e-10	0.0139304
1.42338e-10	0.0138509
1.42379e-10	0.0137717
1.42421e-10	0.0136925
1.42462e-10	0.0136135
1.42503e-10	0.0135346
1.42545e-10	0.0134558
1.42586e-10	0.0133772
1.42627e-10	0.0132987
1.42668e-10	0.0132204
1.4271e-10	0.0131422
1.42751e-10	0.0130642
1.42792e-10	0.0129863
1.42834e-10	0.0129086
1.42875e-10	0.012831
1.42916e-10	0.0127536
1.42957e-10	0.0126764
1.42999e-10	0.0125994
1.4304e-10	0.0125225
1.43081e-10	0.0124457
1.43123e-10	0.0123692
1.43164e-10	0.0122928
1.43205e-10	0.0122167
1.43246e-10	0.0121407
1.43288e-10	0.0120648
1.43329e-10	0.0119892
1.4337e-10	0.0119138
1.43412e-10	0.0118385
1.43453e-10	0.0117635
1.43494e-10	0.0116886
1.43535e-10	0.011614
1.43577e-10	0.0115395
1.43618e-10	0.0114653
1.43659e-10	0.0113913
1.43701e-10	0.0113174
1.43742e-10	0.0112438
1.43783e-10	0.0111704
1.43824e-10	0.0110972
1.43866e-10	0.0110242
1.43907e-10	0.0109515
1.43948e-10	0.010879
1.4399e-10	0.0108066
1.44031e-10	0.0107345
1.44072e-10	0.0106627
1.44113e-10	0.010591
1.44155e-10	0.0105196
1.44196e-10	0.0104484
1.44237e-10	0.0103775
1.44279e-10	0.0103068
1.4432e-10	0.0102363
1.44361e-10	0.0101661
1.44402e-10	0.0100961
1.44444e-10	0.0100263
1.44485e-10	0.00995677
1.44526e-10	0.00988749
1.44568e-10	0.00981845
1.44609e-10	0.00974966
1.4465e-10	0.00968111
1.44691e-10	0.00961282
1.44733e-10	0.00954477
1.44774e-10	0.00947697
1.44815e-10	0.00940943
1.44857e-10	0.00934214
1.44898e-10	0.0092751
1.44939e-10	0.00920832
1.4498e-10	0.00914179
1.45022e-10	0.00907552
1.45063e-10	0.00900951
1.45104e-10	0.00894376
1.45146e-10	0.00887827
1.45187e-10	0.00881304
1.45228e-10	0.00874807
1.45269e-10	0.00868337
1.45311e-10	0.00861893
1.45352e-10	0.00855476
1.45393e-10	0.00849085
1.45435e-10	0.00842721
1.45476e-10	0.00836384
1.45517e-10	0.00830073
1.45559e-10	0.00823789
1.456e-10	0.00817533
1.45641e-10	0.00811303
1.45682e-10	0.008051
1.45724e-10	0.00798925
1.45765e-10	0.00792777
1.45806e-10	0.00786656
1.45848e-10	0.00780562
1.45889e-10	0.00774496
1.4593e-10	0.00768457
1.45971e-10	0.00762446
1.46013e-10	0.00756463
1.46054e-10	0.00750507
1.46095e-10	0.00744578
1.46137e-10	0.00738677
1.46178e-10	0.00732804
1.46219e-10	0.00726959
1.4626e-10	0.00721141
1.46302e-10	0.00715352
1.46343e-10	0.0070959
1.46384e-10	0.00703856
1.46426e-10	0.0069815
1.46467e-10	0.00692472
1.46508e-10	0.00686821
1.46549e-10	0.00681199
1.46591e-10	0.00675605
1.46632e-10	0.00670039
1.46673e-10	0.006645
1.46715e-10	0.0065899
1.46756e-10	0.00653508
1.46797e-10	0.00648054
1.46838e-10	0.00642628
1.4688e-10	0.0063723
1.46921e-10	0.0063186
1.46962e-10	0.00626518
1.47004e-10	0.00621204
1.47045e-10	0.00615918
1.47086e-10	0.0061066
1.47127e-10	0.0060543
1.47169e-10	0.00600229
1.4721e-10	0.00595055
1.47251e-10	0.00589909
1.47293e-10	0.00584792
1.47334e-10	0.00579702
1.47375e-10	0.0057464
1.47416e-10	0.00569607
1.47458e-10	0.00564601
1.47499e-10	0.00559623
1.4754e-10	0.00554673
1.47582e-10	0.00549751
1.47623e-10	0.00544857
1.47664e-10	0.0053999
1.47705e-10	0.00535151
1.47747e-10	0.00530341
1.47788e-10	0.00525557
1.47829e-10	0.00520802
1.47871e-10	0.00516074
1.47912e-10	0.00511374
1.47953e-10	0.00506701
1.47994e-10	0.00502056
1.48036e-10	0.00497439
1.48077e-10	0.00492849
1.48118e-10	0.00488286
1.4816e-10	0.00483751
1.48201e-10	0.00479243
1.48242e-10	0.00474763
1.48283e-10	0.00470309
1.48325e-10	0.00465883
1.48366e-10	0.00461484
1.48407e-10	0.00457112
1.48449e-10	0.00452767
1.4849e-10	0.0044845
1.48531e-10	0.00444159
1.48572e-10	0.00439895
1.48614e-10	0.00435658
1.48655e-10	0.00431448
1.48696e-10	0.00427264
1.48738e-10	0.00423107
1.48779e-10	0.00418977
1.4882e-10	0.00414873
1.48861e-10	0.00410795
1.48903e-10	0.00406745
1.48944e-10	0.0040272
1.48985e-10	0.00398722
1.49027e-10	0.0039475
1.49068e-10	0.00390804
1.49109e-10	0.00386884
1.49151e-10	0.0038299
1.49192e-10	0.00379122
1.49233e-10	0.0037528
1.49274e-10	0.00371464
1.49316e-10	0.00367674
1.49357e-10	0.00363909
1.49398e-10	0.0036017
1.4944e-10	0.00356456
1.49481e-10	0.00352768
1.49522e-10	0.00349105
1.49563e-10	0.00345468
1.49605e-10	0.00341855
1.49646e-10	0.00338268
1.49687e-10	0.00334706
1.49729e-10	0.00331168
1.4977e-10	0.00327656
1.49811e-10	0.00324168
1.49852e-10	0.00320706
1.49894e-10	0.00317267
1.49935e-10	0.00313854
1.49976e-10	0.00310465
1.50018e-10	0.003071
1.50059e-10	0.00303759
1.501e-10	0.00300443
1.50141e-10	0.00297151
1.50183e-10	0.00293883
1.50224e-10	0.00290639
1.50265e-10	0.00287419
1.50307e-10	0.00284222
1.50348e-10	0.00281049
1.50389e-10	0.002779
1.5043e-10	0.00274775
1.50472e-10	0.00271672
1.50513e-10	0.00268594
1.50554e-10	0.00265538
1.50596e-10	0.00262505
1.50637e-10	0.00259496
1.50678e-10	0.00256509
1.50719e-10	0.00253546
1.50761e-10	0.00250605
1.50802e-10	0.00247687
1.50843e-10	0.00244791
1.50885e-10	0.00241918
1.50926e-10	0.00239068
1.50967e-10	0.00236239
1.51008e-10	0.00233433
1.5105e-10	0.00230649
1.51091e-10	0.00227887
1.51132e-10	0.00225147
1.51174e-10	0.00222429
1.51215e-10	0.00219732
1.51256e-10	0.00217057
1.51297e-10	0.00214404
1.51339e-10	0.00211772
1.5138e-10	0.00209161
1.51421e-10	0.00206572
1.51463e-10	0.00204004
1.51504e-10	0.00201457
1.51545e-10	0.00198931
1.51586e-10	0.00196425
1.51628e-10	0.0019394
1.51669e-10	0.00191476
1.5171e-10	0.00189033
1.51752e-10	0.0018661
1.51793e-10	0.00184207
1.51834e-10	0.00181825
1.51875e-10	0.00179463
1.51917e-10	0.0017712
1.51958e-10	0.00174798
1.51999e-10	0.00172496
1.52041e-10	0.00170213
1.52082e-10	0.0016795
1.52123e-10	0.00165706
1.52164e-10	0.00163482
1.52206e-10	0.00161277
1.52247e-10	0.00159092
1.52288e-10	0.00156925
1.5233e-10	0.00154778
1.52371e-10	0.00152649
1.52412e-10	0.0015054
1.52453e-10	0.00148449
1.52495e-10	0.00146377
1.52536e-10	0.00144323
1.52577e-10	0.00142288
1.52619e-10	0.00140271
1.5266e-10	0.00138272
1.52701e-10	0.00136291
1.52743e-10	0.00134329
1.52784e-10	0.00132384
1.52825e-10	0.00130457
1.52866e-10	0.00128548
1.52908e-10	0.00126656
1.52949e-10	0.00124782
1.5299e-10	0.00122925
1.53032e-10	0.00121086
1.53073e-10	0.00119264
1.53114e-10	0.00117459
1.53155e-10	0.00115671
1.53197e-10	0.00113899
1.53238e-10	0.00112145
1.53279e-10	0.00110407
1.53321e-10	0.00108686
1.53362e-10	0.00106982
1.53403e-10	0.00105294
1.53444e-10	0.00103622
1.53486e-10	0.00101966
1.53527e-10	0.00100327
1.53568e-10	0.000987031
1.5361e-10	0.000970954
1.53651e-10	0.000955036
1.53692e-10	0.000939274
1.53733e-10	0.000923669
1.53775e-10	0.000908219
1.53816e-10	0.000892922
1.53857e-10	0.000877779
1.53899e-10	0.000862788
1.5394e-10	0.000847948
1.53981e-10	0.000833258
1.54022e-10	0.000818717
1.54064e-10	0.000804325
1.54105e-10	0.000790079
1.54146e-10	0.00077598
1.54188e-10	0.000762026
1.54229e-10	0.000748216
1.5427e-10	0.00073455
1.54311e-10	0.000721026
1.54353e-10	0.000707644
1.54394e-10	0.000694401
1.54435e-10	0.000681299
1.54477e-10	0.000668335
1.54518e-10	0.000655508
1.54559e-10	0.000642818
1.546e-10	0.000630264
1.54642e-10	0.000617844
1.54683e-10	0.000605559
1.54724e-10	0.000593406
1.54766e-10	0.000581385
1.54807e-10	0.000569495
1.54848e-10	0.000557735
1.54889e-10	0.000546104
1.54931e-10	0.000534601
1.54972e-10	0.000523226
1.55013e-10	0.000511977
1.55055e-10	0.000500854
1.55096e-10	0.000489855
1.55137e-10	0.000478979
1.55178e-10	0.000468227
1.5522e-10	0.000457596
1.55261e-10	0.000447086
1.55302e-10	0.000436696
1.55344e-10	0.000426425
1.55385e-10	0.000416273
1.55426e-10	0.000406237
1.55467e-10	0.000396319
1.55509e-10	0.000386515
1.5555e-10	0.000376827
1.55591e-10	0.000367252
1.55633e-10	0.00035779
1.55674e-10	0.000348441
1.55715e-10	0.000339202
1.55756e-10	0.000330074
1.55798e-10	0.000321055
1.55839e-10	0.000312145
1.5588e-10	0.000303343
1.55922e-10	0.000294648
1.55963e-10	0.000286058
1.56004e-10	0.000277574
1.56045e-10	0.000269195
1.56087e-10	0.000260919
1.56128e-10	0.000252745
1.56169e-10	0.000244674
1.56211e-10	0.000236703
1.56252e-10	0.000228833
1.56293e-10	0.000221062
1.56334e-10	0.00021339
1.56376e-10	0.000205816
1.56417e-10	0.000198339
1.56458e-10	0.000190958
1.565e-10	0.000183672
1.56541e-10	0.000176481
1.56582e-10	0.000169384
1.56624e-10	0.00016238
1.56665e-10	0.000155468
1.56706e-10	0.000148647
1.56747e-10	0.000141917
1.56789e-10	0.000135277
1.5683e-10	0.000128726
1.56871e-10	0.000122264
1.56913e-10	0.000115889
1.56954e-10	0.000109601
1.56995e-10	0.000103399
1.57036e-10	9.72826e-05
1.57078e-10	9.12506e-05
1.57119e-10	8.53025e-05
1.5716e-10	7.94375e-05
1.57202e-10	7.36548e-05
1.57243e-10	6.79538e-05
1.57284e-10	6.23337e-05
1.57325e-10	5.67938e-05
1.57367e-10	5.13333e-05
1.57408e-10	4.59516e-05
1.57449e-10	4.06479e-05
1.57491e-10	3.54216e-05
1.57532e-10	3.02718e-05
1.57573e-10	2.5198e-05
1.57614e-10	2.01994e-05
1.57656e-10	1.52753e-05
1.57697e-10	1.04251e-05
1.57738e-10	5.64797e-06
1.5778e-10	9.43322e-07
1.57821e-10	-3.68954e-06
1.57862e-10	-8.25129e-06
1.57903e-10	-1.27426e-05
1.57945e-10	-1.71642e-05
1.57986e-10	-2.15166e-05
1.58027e-10	-2.58006e-05
1.58069e-10	-3.00168e-05
1.5811e-10	-3.41659e-05
1.58151e-10	-3.82484e-05
1.58192e-10	-4.22652e-05
1.58234e-10	-4.62167e-05
1.58275e-10	-5.01037e-05
1.58316e-10	-5.39267e-05
1.58358e-10	-5.76864e-05
1.58399e-10	-6.13835e-05
1.5844e-10	-6.50185e-05
1.58481e-10	-6.8592e-05
1.58523e-10	-7.21047e-05
1.58564e-10	-7.55572e-05
1.58605e-10	-7.89501e-05
1.58647e-10	-8.2284e-05
1.58688e-10	-8.55594e-05
1.58729e-10	-8.87771e-05
1.5877e-10	-9.19375e-05
1.58812e-10	-9.50413e-05
1.58853e-10	-9.8089e-05
1.58894e-10	-0.000101081
1.58936e-10	-0.000104019
1.58977e-10	-0.000106902
1.59018e-10	-0.000109731
1.59059e-10	-0.000112507
1.59101e-10	-0.00011523
1.59142e-10	-0.000117902
1.59183e-10	-0.000120522
1.59225e-10	-0.000123091
1.59266e-10	-0.000125609
1.59307e-10	-0.000128078
1.59348e-10	-0.000130497
1.5939e-10	-0.000132867
1.59431e-10	-0.000135189
1.59472e-10	-0.000137464
1.59514e-10	-0.000139691
1.59555e-10	-0.000141871
1.59596e-10	-0.000144006
1.59637e-10	-0.000146094
1.59679e-10	-0.000148137
1.5972e-10	-0.000150136
1.59761e-10	-0.000152091
1.59803e-10	-0.000154002
1.59844e-10	-0.000155869
1.59885e-10	-0.000157694
1.59926e-10	-0.000159477
1.59968e-10	-0.000161218
1.60009e-10	-0.000162918
1.6005e-10	-0.000164577
1.60092e-10	-0.000166196
1.60133e-10	-0.000167775
1.60174e-10	-0.000169315
1.60216e-10	-0.000170816
1.60257e-10	-0.000172278
1.60298e-10	-0.000173703
1.60339e-10	-0.00017509
1.60381e-10	-0.00017644
1.60422e-10	-0.000177753
1.60463e-10	-0.00017903
1.60505e-10	-0.000180271
1.60546e-10	-0.000181477
1.60587e-10	-0.000182649
1.60628e-10	-0.000183785
1.6067e-10	-0.000184888
1.60711e-10	-0.000185957
1.60752e-10	-0.000186993
1.60794e-10	-0.000187996
1.60835e-10	-0.000188967
1.60876e-10	-0.000189906
1.60917e-10	-0.000190814
1.60959e-10	-0.00019169
1.61e-10	-0.000192535
1.61041e-10	-0.00019335
1.61083e-10	-0.000194136
1.61124e-10	-0.000194891
1.61165e-10	-0.000195618
1.61206e-10	-0.000196315
1.61248e-10	-0.000196985
1.61289e-10	-0.000197626
1.6133e-10	-0.000198239
1.61372e-10	-0.000198826
1.61413e-10	-0.000199385
1.61454e-10	-0.000199918
1.61495e-10	-0.000200424
1.61537e-10	-0.000200905
1.61578e-10	-0.00020136
1.61619e-10	-0.00020179
1.61661e-10	-0.000202196
1.61702e-10	-0.000202577
1.61743e-10	-0.000202933
1.61784e-10	-0.000203266
1.61826e-10	-0.000203576
1.61867e-10	-0.000203862
1.61908e-10	-0.000204126
1.6195e-10	-0.000204367
1.61991e-10	-0.000204586
1.62032e-10	-0.000204784
1.62073e-10	-0.000204959
1.62115e-10	-0.000205114
1.62156e-10	-0.000205248
1.62197e-10	-0.000205361
1.62239e-10	-0.000205454
1.6228e-10	-0.000205527
1.62321e-10	-0.000205581
1.62362e-10	-0.000205615
1.62404e-10	-0.00020563
1.62445e-10	-0.000205626
1.62486e-10	-0.000205604
1.62528e-10	-0.000205564
1.62569e-10	-0.000205506
1.6261e-10	-0.00020543
1.62651e-10	-0.000205337
1.62693e-10	-0.000205227
1.62734e-10	-0.0002051
1.62775e-10	-0.000204957
1.62817e-10	-0.000204797
1.62858e-10	-0.000204622
1.62899e-10	-0.000204431
1.6294e-10	-0.000204224
1.62982e-10	-0.000204002
1.63023e-10	-0.000203765
1.63064e-10	-0.000203514
1.63106e-10	-0.000203248
1.63147e-10	-0.000202968
1.63188e-10	-0.000202674
1.63229e-10	-0.000202367
1.63271e-10	-0.000202045
1.63312e-10	-0.000201711
1.63353e-10	-0.000201364
1.63395e-10	-0.000201004
1.63436e-10	-0.000200631
1.63477e-10	-0.000200247
1.63518e-10	-0.00019985
1.6356e-10	-0.000199441
1.63601e-10	-0.000199021
1.63642e-10	-0.000198589
1.63684e-10	-0.000198147
1.63725e-10	-0.000197693
1.63766e-10	-0.000197228
1.63808e-10	-0.000196753
1.63849e-10	-0.000196268
1.6389e-10	-0.000195773
1.63931e-10	-0.000195267
1.63973e-10	-0.000194752
1.64014e-10	-0.000194228
1.64055e-10	-0.000193694
1.64097e-10	-0.000193151
1.64138e-10	-0.000192599
1.64179e-10	-0.000192038
1.6422e-10	-0.000191469
1.64262e-10	-0.000190891
1.64303e-10	-0.000190305
1.64344e-10	-0.000189711
1.64386e-10	-0.00018911
1.64427e-10	-0.000188501
1.64468e-10	-0.000187884
1.64509e-10	-0.00018726
1.64551e-10	-0.000186629
1.64592e-10	-0.000185991
1.64633e-10	-0.000185346
1.64675e-10	-0.000184694
1.64716e-10	-0.000184036
1.64757e-10	-0.000183372
1.64798e-10	-0.000182702
1.6484e-10	-0.000182025
1.64881e-10	-0.000181343
1.64922e-10	-0.000180655
1.64964e-10	-0.000179962
1.65005e-10	-0.000179263
1.65046e-10	-0.000178559
1.65087e-10	-0.00017785
1.65129e-10	-0.000177136
1.6517e-10	-0.000176418
1.65211e-10	-0.000175694
1.65253e-10	-0.000174966
1.65294e-10	-0.000174234
1.65335e-10	-0.000173498
1.65376e-10	-0.000172757
1.65418e-10	-0.000172013
1.65459e-10	-0.000171265
1.655e-10	-0.000170513
1.65542e-10	-0.000169757
1.65583e-10	-0.000168998
1.65624e-10	-0.000168236
1.65665e-10	-0.000167471
1.65707e-10	-0.000166702
1.65748e-10	-0.000165931
1.65789e-10	-0.000165156
1.65831e-10	-0.000164379
1.65872e-10	-0.0001636
1.65913e-10	-0.000162817
1.65954e-10	-0.000162033
1.65996e-10	-0.000161246
1.66037e-10	-0.000160457
1.66078e-10	-0.000159666
1.6612e-10	-0.000158873
1.66161e-10	-0.000158079
1.66202e-10	-0.000157282
1.66243e-10	-0.000156484
1.66285e-10	-0.000155684
1.66326e-10	-0.000154883
1.66367e-10	-0.000154081
1.66409e-10	-0.000153277
1.6645e-10	-0.000152472
1.66491e-10	-0.000151667
1.66532e-10	-0.00015086
1.66574e-10	-0.000150052
1.66615e-10	-0.000149244
1.66656e-10	-0.000148434
1.66698e-10	-0.000147625
1.66739e-10	-0.000146814
1.6678e-10	-0.000146004
1.66821e-10	-0.000145193
1.66863e-10	-0.000144381
1.66904e-10	-0.00014357
1.66945e-10	-0.000142758
1.66987e-10	-0.000141946
1.67028e-10	-0.000141135
1.67069e-10	-0.000140323
1.6711e-10	-0.000139512
1.67152e-10	-0.000138701
1.67193e-10	-0.00013789
1.67234e-10	-0.000137079
1.67276e-10	-0.00013627
1.67317e-10	-0.00013546
1.67358e-10	-0.000134651
1.674e-10	-0.000133843
1.67441e-10	-0.000133036
1.67482e-10	-0.00013223
1.67523e-10	-0.000131424
1.67565e-10	-0.000130619
1.67606e-10	-0.000129815
1.67647e-10	-0.000129013
1.67689e-10	-0.000128211
1.6773e-10	-0.000127411
1.67771e-10	-0.000126611
1.67812e-10	-0.000125814
1.67854e-10	-0.000125017
1.67895e-10	-0.000124222
1.67936e-10	-0.000123428
1.67978e-10	-0.000122636
1.68019e-10	-0.000121845
1.6806e-10	-0.000121056
1.68101e-10	-0.000120268
1.68143e-10	-0.000119482
1.68184e-10	-0.000118698
1.68225e-10	-0.000117916
1.68267e-10	-0.000117136
1.68308e-10	-0.000116357
1.68349e-10	-0.00011558
1.6839e-10	-0.000114805
1.68432e-10	-0.000114033
1.68473e-10	-0.000113262
1.68514e-10	-0.000112493
