% time-domain voltage integration by openEMS v0.0.36-93-g7b9cd51 @Thu Sep 24 16:23:26 2026
% start-coordinates: (0.007,0,0.000106027) m -> [10,3,5]
% stop-coordinates: (0.007,0,0.0021) m -> [10,3,7]
% t/s	voltage
0	-0
3.67457293234e-12	-3.66618870373e-07
7.34914586468e-12	-3.15844388865e-07
1.1023718797e-11	1.28871118221e-07
1.46982917294e-11	1.6923643642e-06
1.83728646617e-11	5.32995261437e-06
2.20474375941e-11	1.20466818316e-05
2.57220105264e-11	2.19557630317e-05
2.93965834587e-11	3.27439797729e-05
3.30711563911e-11	3.79180974051e-05
3.67457293234e-11	2.57755664279e-05
4.04203022558e-11	-1.89666991446e-05
4.40948751881e-11	-0.000109418829197
4.77694481204e-11	-0.000246862928179
5.14440210528e-11	-0.000410178548918
5.51185939851e-11	-0.000550508899323
5.87931669175e-11	-0.000598033133429
6.24677398498e-11	-0.00048397563296
6.61423127822e-11	-0.000173135296791
6.98168857145e-11	0.000306507459754
7.34914586468e-11	0.000854251338751
7.71660315792e-11	0.00131861158297
8.08406045115e-11	0.00154785152699
8.45151774439e-11	0.00145011633867
8.81897503762e-11	0.00103570541251
9.18643233086e-11	0.000419963922468
9.55388962409e-11	-0.000216795328015
9.92134691732e-11	-0.000695370305039
1.02888042106e-10	-0.000900761122466
1.06562615038e-10	-0.000816346524516
1.1023718797e-10	-0.000518407432537
1.13911760903e-10	-0.000138160216011
1.17586333835e-10	0.000189561604202
1.21260906767e-10	0.000370338639186
1.249354797e-10	0.000373348590074
1.28610052632e-10	0.000230207157074
1.32284625564e-10	1.42429639709e-05
1.35959198497e-10	-0.000190063814443
1.39633771429e-10	-0.000316441473842
1.43308344361e-10	-0.000335734715918
1.46982917294e-10	-0.000259240378
1.50657490226e-10	-0.00012712906755
1.54332063158e-10	1.16546892741e-05
1.58006636091e-10	0.000118822655168
1.61681209023e-10	0.000177458889084
1.65355781955e-10	0.000190897582797
1.69030354888e-10	0.00017304130597
1.7270492782e-10	0.00013711153133
1.76379500752e-10	8.96615874808e-05
1.80054073685e-10	3.14115286528e-05
1.83728646617e-10	-3.64737811651e-05
1.87403219549e-10	-0.000106849509393
1.91077792482e-10	-0.000165670333445
1.94752365414e-10	-0.000196733601115
1.98426938346e-10	-0.000189137770576
2.02101511279e-10	-0.00014286397527
2.05776084211e-10	-6.93922929713e-05
2.09450657144e-10	1.30934587332e-05
2.13125230076e-10	8.722038001e-05
2.16799803008e-10	0.00014239641132
2.20474375941e-10	0.000176428708073
2.24148948873e-10	0.000192580118892
2.27823521805e-10	0.000194373786144
2.31498094738e-10	0.000181844810868
2.3517266767e-10	0.000151678621478
2.38847240602e-10	0.000100912066046
2.42521813535e-10	3.160866504e-05
2.46196386467e-10	-4.68983516839e-05
2.49870959399e-10	-0.000120125414469
2.53545532332e-10	-0.000173952317709
2.57220105264e-10	-0.000200519321879
2.60894678196e-10	-0.000201167689738
2.64569251129e-10	-0.000184625056136
2.68243824061e-10	-0.00016156863785
2.71918396993e-10	-0.000138704318488
2.75592969926e-10	-0.000115616849143
2.79267542858e-10	-8.62072865857e-05
2.8294211579e-10	-4.37878602497e-05
2.86616688723e-10	1.32346893906e-05
2.90291261655e-10	7.83831719673e-05
2.93965834587e-10	0.000138691959364
2.9764040752e-10	0.000180158394869
3.01314980452e-10	0.000194071231817
3.04989553384e-10	0.000180670926056
3.08664126317e-10	0.000148272591105
3.12338699249e-10	0.000108634803837
3.16013272181e-10	7.13488470865e-05
3.19687845114e-10	4.03902968173e-05
3.23362418046e-10	1.43684676459e-05
3.27036990978e-10	-1.03252617691e-05
3.30711563911e-10	-3.56995560651e-05
3.34386136843e-10	-6.01096339778e-05
3.38060709775e-10	-7.90558069639e-05
3.41735282708e-10	-8.79407580214e-05
3.4540985564e-10	-8.49347570693e-05
3.49084428573e-10	-7.21616124792e-05
3.52759001505e-10	-5.45415823581e-05
3.56433574437e-10	-3.72237027477e-05
3.6010814737e-10	-2.31483409152e-05
3.63782720302e-10	-1.21713284216e-05
3.67457293234e-10	-2.20131795459e-06
3.71131866167e-10	8.61765909121e-06
3.74806439099e-10	2.01364950954e-05
3.78481012031e-10	2.99402825021e-05
3.82155584964e-10	3.47674988461e-05
3.85830157896e-10	3.25109638197e-05
3.89504730828e-10	2.34339911458e-05
3.93179303761e-10	9.9959391946e-06
3.96853876693e-10	-4.46867630899e-06
4.00528449625e-10	-1.72592310719e-05
4.04203022558e-10	-2.69669608315e-05
4.0787759549e-10	-3.31339183504e-05
4.11552168422e-10	-3.55004142421e-05
4.15226741355e-10	-3.35658660333e-05
4.18901314287e-10	-2.68944654636e-05
4.22575887219e-10	-1.58813584221e-05
4.26250460152e-10	-2.24971971363e-06
4.29925033084e-10	1.11665594886e-05
4.33599606016e-10	2.14096014588e-05
4.37274178949e-10	2.6661582524e-05
4.40948751881e-10	2.69528502486e-05
4.44623324813e-10	2.39002185936e-05
4.48297897746e-10	1.95951356545e-05
4.51972470678e-10	1.52580189479e-05
4.5564704361e-10	1.05428770212e-05
4.59321616543e-10	3.87606240793e-06
4.62996189475e-10	-6.37921340285e-06
4.66670762407e-10	-2.06221932331e-05
4.7034533534e-10	-3.74323817596e-05
4.74019908272e-10	-5.40579062545e-05
4.77694481204e-10	-6.7654666509e-05
4.81369054137e-10	-7.65003233028e-05
4.85043627069e-10	-8.04287647043e-05
4.88718200002e-10	-8.0318009168e-05
4.92392772934e-10	-7.70661454226e-05
4.96067345866e-10	-7.08012380528e-05
4.99741918799e-10	-6.08333780292e-05
5.03416491731e-10	-4.63001260869e-05
5.07091064663e-10	-2.71243220595e-05
5.10765637596e-10	-4.68520886443e-06
5.14440210528e-10	1.82569369827e-05
5.1811478346e-10	3.83206402148e-05
5.21789356393e-10	5.26135713699e-05
5.25463929325e-10	5.97078696956e-05
5.29138502257e-10	6.0025545281e-05
5.3281307519e-10	5.55265100957e-05
5.36487648122e-10	4.88271743961e-05
5.40162221054e-10	4.21219783675e-05
5.43836793987e-10	3.63786493836e-05
5.47511366919e-10	3.10960745082e-05
5.51185939851e-10	2.47044135904e-05
5.54860512784e-10	1.54665108312e-05
5.58535085716e-10	2.51429510456e-06
5.62209658648e-10	-1.33893595375e-05
5.65884231581e-10	-2.97060066714e-05
5.69558804513e-10	-4.2791753458e-05
5.73233377445e-10	-4.92068443236e-05
5.76907950378e-10	-4.71179987471e-05
5.8058252331e-10	-3.71784026356e-05
5.84257096242e-10	-2.23853955958e-05
5.87931669175e-10	-6.87138901867e-06
5.91606242107e-10	5.78156181064e-06
5.95280815039e-10	1.39173272373e-05
5.98955387972e-10	1.81931088719e-05
6.02629960904e-10	2.07623961614e-05
6.06304533836e-10	2.37938868395e-05
6.09979106769e-10	2.81389259271e-05
6.13653679701e-10	3.27880077293e-05
6.17328252633e-10	3.54067806256e-05
6.21002825566e-10	3.35864126555e-05
6.24677398498e-10	2.61407581092e-05
6.28351971431e-10	1.38078598866e-05
6.32026544363e-10	-1.01155903565e-06
6.35701117295e-10	-1.52517047809e-05
6.39375690228e-10	-2.6387839398e-05
6.4305026316e-10	-3.32983165663e-05
6.46724836092e-10	-3.63873027709e-05
6.50399409025e-10	-3.70334487343e-05
6.54073981957e-10	-3.67116172129e-05
6.57748554889e-10	-3.62022997251e-05
6.61423127822e-10	-3.52463277977e-05
6.65097700754e-10	-3.27168277181e-05
6.68772273686e-10	-2.71892715773e-05
6.72446846619e-10	-1.76750310175e-05
6.76121419551e-10	-4.24629229201e-06
6.79795992483e-10	1.16622634323e-05
6.83470565416e-10	2.7447239745e-05
6.87145138348e-10	4.00536650886e-05
6.9081971128e-10	4.69910555694e-05
6.94494284213e-10	4.72849378639e-05
6.98168857145e-10	4.19091388721e-05
7.01843430077e-10	3.34278126957e-05
7.0551800301e-10	2.49307875038e-05
7.09192575942e-10	1.86856357232e-05
7.12867148874e-10	1.51455965351e-05
7.16541721807e-10	1.28422354919e-05
7.20216294739e-10	9.25476592784e-06
7.23890867671e-10	2.24155371598e-06
7.27565440604e-10	-8.66741720529e-06
7.31240013536e-10	-2.17851038542e-05
7.34914586468e-10	-3.38798474786e-05
7.38589159401e-10	-4.15749987042e-05
7.42263732333e-10	-4.28297312283e-05
7.45938305265e-10	-3.7772791984e-05
7.49612878198e-10	-2.84897012079e-05
7.5328745113e-10	-1.79727608156e-05
7.56962024062e-10	-8.80204061104e-06
7.60636596995e-10	-2.20468535872e-06
7.64311169927e-10	2.09614850633e-06
7.6798574286e-10	5.32808576281e-06
7.71660315792e-10	8.78475611898e-06
7.75334888724e-10	1.30547787194e-05
7.79009461657e-10	1.7748921664e-05
7.82684034589e-10	2.17323538436e-05
7.86358607521e-10	2.36719779423e-05
7.90033180454e-10	2.26490899422e-05
7.93707753386e-10	1.85423393759e-05
7.97382326318e-10	1.2081883483e-05
8.01056899251e-10	4.58810239934e-06
8.04731472183e-10	-2.50373770427e-06
8.08406045115e-10	-8.10665835616e-06
8.12080618048e-10	-1.1784500316e-05
8.1575519098e-10	-1.37996852345e-05
8.19429763912e-10	-1.48708098777e-05
8.23104336845e-10	-1.57558272349e-05
8.26778909777e-10	-1.68091518162e-05
8.30453482709e-10	-1.7729693468e-05
8.34128055642e-10	-1.76543447878e-05
8.37802628574e-10	-1.5580282593e-05
8.41477201506e-10	-1.09488589715e-05
8.45151774439e-10	-4.10618892488e-06
8.48826347371e-10	3.65017996273e-06
8.52500920303e-10	1.0507539514e-05
8.56175493236e-10	1.48831879869e-05
8.59850066168e-10	1.60982170883e-05
8.635246391e-10	1.46251793467e-05
8.67199212033e-10	1.17702450098e-05
8.70873784965e-10	8.96888093393e-06
8.74548357897e-10	7.08668807192e-06
8.7822293083e-10	6.08877968489e-06
8.81897503762e-10	5.21761899108e-06
8.85572076694e-10	3.53723936541e-06
8.89246649627e-10	5.12633377525e-07
8.92921222559e-10	-3.68247776805e-06
8.96595795491e-10	-8.26674920518e-06
9.00270368424e-10	-1.22316655506e-05
9.03944941356e-10	-1.47667943793e-05
9.07619514289e-10	-1.55321807824e-05
9.11294087221e-10	-1.46604776319e-05
9.14968660153e-10	-1.25681724512e-05
9.18643233086e-10	-9.71668032435e-06
9.22317806018e-10	-6.44238696168e-06
9.2599237895e-10	-2.94529610301e-06
9.29666951883e-10	6.29430999766e-07
9.33341524815e-10	4.10670696738e-06
9.37016097747e-10	7.2349271818e-06
9.4069067068e-10	9.72984116743e-06
9.44365243612e-10	1.13538280857e-05
9.48039816544e-10	1.19763847124e-05
9.51714389477e-10	1.16129934895e-05
9.55388962409e-10	1.0407612649e-05
9.59063535341e-10	8.60068325892e-06
9.62738108274e-10	6.49377989248e-06
9.66412681206e-10	4.37519031493e-06
9.70087254138e-10	2.4377904424e-06
9.73761827071e-10	7.04996232059e-07
9.77436400003e-10	-9.86840369421e-07
9.81110972935e-10	-2.87566308543e-06
9.84785545868e-10	-5.08395993393e-06
9.884601188e-10	-7.44419128296e-06
9.92134691732e-10	-9.46233524246e-06
9.95809264665e-10	-1.04842561086e-05
9.99483837597e-10	-1.00062843558e-05
1.00315841053e-09	-7.97168786448e-06
1.00683298346e-09	-4.87559526618e-06
1.01050755639e-09	-1.58493892854e-06
1.01418212933e-09	1.03833781395e-06
1.01785670226e-09	2.52055716032e-06
1.02153127519e-09	2.9535765691e-06
1.02520584812e-09	2.87539052124e-06
1.02888042106e-09	2.91719925372e-06
1.03255499399e-09	3.42178208257e-06
1.03622956692e-09	4.25392266834e-06
1.03990413985e-09	4.90098079808e-06
1.04357871279e-09	4.79936818465e-06
1.04725328572e-09	3.68599242506e-06
1.05092785865e-09	1.76423911569e-06
1.05460243158e-09	-3.91868816507e-07
1.05827700451e-09	-2.13829983409e-06
1.06195157745e-09	-3.08325246579e-06
1.06562615038e-09	-3.24298451915e-06
1.06930072331e-09	-2.97849464914e-06
1.07297529624e-09	-2.74761694641e-06
1.07664986918e-09	-2.83538327039e-06
1.08032444211e-09	-3.20795007269e-06
1.08399901504e-09	-3.54212249931e-06
1.08767358797e-09	-3.41107110557e-06
1.09134816091e-09	-2.51259075412e-06
1.09502273384e-09	-8.25890474232e-07
1.09869730677e-09	1.34180542943e-06
1.1023718797e-09	3.46234298831e-06
1.10604645263e-09	4.97668696653e-06
1.10972102557e-09	5.48937111944e-06
1.1133955985e-09	4.91975248451e-06
1.11707017143e-09	3.53740350079e-06
1.12074474436e-09	1.86722404294e-06
1.1244193173e-09	4.93891022302e-07
1.12809389023e-09	-1.8766173504e-07
1.13176846316e-09	-1.47076749002e-07
1.13544303609e-09	2.63386750632e-07
1.13911760903e-09	4.71181351713e-07
1.14279218196e-09	-1.60313700093e-08
1.14646675489e-09	-1.33310372519e-06
1.15014132782e-09	-3.1466265682e-06
1.15381590076e-09	-4.78263820014e-06
1.15749047369e-09	-5.5518391946e-06
1.16116504662e-09	-5.10212890958e-06
1.16483961955e-09	-3.60958318879e-06
1.16851419248e-09	-1.70069452565e-06
1.17218876542e-09	-1.35596077477e-07
1.17586333835e-09	5.82528514315e-07
1.17953791128e-09	4.60585745543e-07
1.18321248421e-09	-1.28593047322e-08
1.18688705715e-09	-1.64560152172e-07
1.19056163008e-09	4.55172724401e-07
1.19423620301e-09	1.78466187606e-06
1.19791077594e-09	3.26113431015e-06
1.20158534888e-09	4.11405383716e-06
1.20525992181e-09	3.79135616413e-06
1.20893449474e-09	2.27824060062e-06
1.21260906767e-09	1.30467691761e-07
1.21628364061e-09	-1.78819026075e-06
1.21995821354e-09	-2.72629586107e-06
1.22363278647e-09	-2.40761394821e-06
1.2273073594e-09	-1.14530084261e-06
1.23098193233e-09	3.11554096299e-07
1.23465650527e-09	1.13819989167e-06
1.2383310782e-09	8.2470755558e-07
1.24200565113e-09	-5.80638754855e-07
1.24568022406e-09	-2.47064681957e-06
1.249354797e-09	-3.93581188973e-06
1.25302936993e-09	-4.17507482098e-06
1.25670394286e-09	-2.87196954218e-06
1.26037851579e-09	-3.83538420579e-07
1.26405308873e-09	2.37767611111e-06
1.26772766166e-09	4.32265539985e-06
1.27140223459e-09	4.66357079176e-06
1.27507680752e-09	3.28739793076e-06
1.27875138046e-09	8.29885664189e-07
1.28242595339e-09	-1.59398105382e-06
1.28610052632e-09	-2.8876569047e-06
1.28977509925e-09	-2.49048540013e-06
1.29344967218e-09	-6.5836494656e-07
1.29712424512e-09	1.63264658681e-06
1.30079881805e-09	3.13159699772e-06
1.30447339098e-09	2.92572042326e-06
1.30814796391e-09	9.15410794278e-07
1.31182253685e-09	-2.09100740278e-06
1.31549710978e-09	-4.72993417588e-06
1.31917168271e-09	-5.73491922751e-06
1.32284625564e-09	-4.567507915e-06
1.32652082858e-09	-1.70797933663e-06
1.33019540151e-09	1.55548083569e-06
1.33386997444e-09	3.74534161551e-06
1.33754454737e-09	3.91374538822e-06
1.3412191203e-09	2.10284018465e-06
1.34489369324e-09	-6.81875526709e-07
1.34856826617e-09	-2.96569555758e-06
1.3522428391e-09	-3.52200291331e-06
1.35591741203e-09	-1.96631056326e-06
1.35959198497e-09	1.05881939305e-06
1.3632665579e-09	4.1741724317e-06
1.36694113083e-09	5.89998853684e-06
1.37061570376e-09	5.34132959729e-06
1.3742902767e-09	2.60679942699e-06
1.37796484963e-09	-1.21618631965e-06
1.38163942256e-09	-4.53010619594e-06
1.38531399549e-09	-5.93927552472e-06
1.38898856843e-09	-4.87848353714e-06
1.39266314136e-09	-1.88670054513e-06
1.39633771429e-09	1.62170630347e-06
1.40001228722e-09	3.99576151722e-06
1.40368686015e-09	4.09970928672e-06
1.40736143309e-09	1.84911232282e-06
1.41103600602e-09	-1.73224641742e-06
1.41471057895e-09	-4.96794035598e-06
1.41838515188e-09	-6.28820765769e-06
1.42205972482e-09	-4.96237248626e-06
1.42573429775e-09	-1.45636646209e-06
1.42940887068e-09	2.75589633247e-06
1.43308344361e-09	5.84221800182e-06
1.43675801655e-09	6.4510659854e-06
1.44043258948e-09	4.3425082481e-06
1.44410716241e-09	5.12443698142e-07
1.44778173534e-09	-3.25969179471e-06
1.45145630828e-09	-5.24359569454e-06
1.45513088121e-09	-4.57287541167e-06
1.45880545414e-09	-1.64954694526e-06
1.46248002707e-09	2.05543854293e-06
1.4661546e-09	4.71596547413e-06
1.46982917294e-09	5.02104029465e-06
1.47350374587e-09	2.78808815324e-06
1.4771783188e-09	-9.66317784901e-07
1.48085289173e-09	-4.52011960306e-06
1.48452746467e-09	-6.25476928917e-06
1.4882020376e-09	-5.39722242365e-06
1.49187661053e-09	-2.35727500808e-06
1.49555118346e-09	1.48047223547e-06
1.4992257564e-09	4.39968158616e-06
1.50290032933e-09	5.13707942673e-06
1.50657490226e-09	3.4467557839e-06
1.51024947519e-09	1.97192180806e-07
1.51392404812e-09	-3.04044908717e-06
1.51759862106e-09	-4.7226052402e-06
1.52127319399e-09	-4.0419782863e-06
1.52494776692e-09	-1.29814138461e-06
1.52862233985e-09	2.24211083832e-06
1.53229691279e-09	4.93214344033e-06
1.53597148572e-09	5.50032211777e-06
1.53964605865e-09	3.63699936656e-06
1.54332063158e-09	1.37324759564e-07
1.54699520452e-09	-3.46318091715e-06
1.55066977745e-09	-5.58593023925e-06
1.55434435038e-09	-5.33064985575e-06
1.55801892331e-09	-2.8832352541e-06
1.56169349625e-09	5.79788071775e-07
1.56536806918e-09	3.4357483969e-06
1.56904264211e-09	4.37310671941e-06
1.57271721504e-09	2.99815565086e-06
1.57639178797e-09	7.12982028972e-09
1.58006636091e-09	-3.14966516157e-06
1.58374093384e-09	-4.96033823083e-06
1.58741550677e-09	-4.56324380593e-06
1.5910900797e-09	-2.1373870851e-06
1.59476465264e-09	1.19961740097e-06
1.59843922557e-09	3.93941081711e-06
1.6021137985e-09	4.89255484126e-06
1.60578837143e-09	3.72281908767e-06
1.60946294437e-09	1.06708849046e-06
1.6131375173e-09	-1.80041440956e-06
1.61681209023e-09	-3.57999280709e-06
1.62048666316e-09	-3.53826118271e-06
1.6241612361e-09	-1.81652971776e-06
1.62783580903e-09	6.76944097222e-07
1.63151038196e-09	2.7162956826e-06
1.63518495489e-09	3.33525673568e-06
1.63885952782e-09	2.26271052384e-06
1.64253410076e-09	2.41353337316e-08
1.64620867369e-09	-2.32737596662e-06
1.64988324662e-09	-3.71552181377e-06
1.65355781955e-09	-3.53866428782e-06
1.65723239249e-09	-1.93059993592e-06
1.66090696542e-09	3.263717403e-07
1.66458153835e-09	2.1878262686e-06
1.66825611128e-09	2.83695715098e-06
1.67193068422e-09	2.05291458144e-06
1.67560525715e-09	2.9174081817e-07
1.67927983008e-09	-1.55112115863e-06
1.68295440301e-09	-2.5721539032e-06
1.68662897595e-09	-2.28794036161e-06
1.69030354888e-09	-8.56814054373e-07
1.69397812181e-09	1.01186626011e-06
1.69765269474e-09	2.40604600776e-06
1.70132726767e-09	2.65661225285e-06
1.70500184061e-09	1.65894010706e-06
1.70867641354e-09	-9.09323851772e-08
1.71235098647e-09	-1.75199630803e-06
1.7160255594e-09	-2.56066584825e-06
1.71970013234e-09	-2.20061664891e-06
1.72337470527e-09	-9.34161050736e-07
1.7270492782e-09	5.51994304487e-07
1.73072385113e-09	1.50838185675e-06
1.73439842407e-09	1.49534689342e-06
1.738072997e-09	5.817758435e-07
1.74174756993e-09	-7.1386494227e-07
1.74542214286e-09	-1.70489174423e-06
1.74909671579e-09	-1.88796194323e-06
1.75277128873e-09	-1.18470153154e-06
1.75644586166e-09	3.29761000728e-08
1.76012043459e-09	1.14838495335e-06
1.76379500752e-09	1.61867627924e-06
1.76746958046e-09	1.24644755317e-06
1.77114415339e-09	2.70566685501e-07
1.77481872632e-09	-7.69643136778e-07
1.77849329925e-09	-1.31970044492e-06
1.78216787219e-09	-1.09718207142e-06
1.78584244512e-09	-2.36632645922e-07
1.78951701805e-09	7.83751097799e-07
1.79319159098e-09	1.39081117823e-06
1.79686616392e-09	1.2153046498e-06
1.80054073685e-09	2.89820420107e-07
1.80421530978e-09	-9.57026060178e-07
1.80788988271e-09	-1.90664654554e-06
1.81156445564e-09	-2.06095373301e-06
1.81523902858e-09	-1.29988065112e-06
1.81891360151e-09	3.90036536402e-08
1.82258817444e-09	1.30733015169e-06
1.82626274737e-09	1.85831194699e-06
1.82993732031e-09	1.37429606184e-06
1.83361189324e-09	4.74489993962e-08
1.83728646617e-09	-1.4846627181e-06
1.8409610391e-09	-2.43779956577e-06
1.84463561204e-09	-2.26935091518e-06
1.84831018497e-09	-9.71309546571e-07
1.8519847579e-09	8.91097570843e-07
1.85565933083e-09	2.43315938064e-06
1.85933390377e-09	2.87537110921e-06
1.8630084767e-09	1.93945193416e-06
1.86668304963e-09	1.18619851719e-08
1.87035762256e-09	-2.01998723526e-06
1.87403219549e-09	-3.18115175446e-06
1.87770676843e-09	-2.88259653303e-06
1.88138134136e-09	-1.22333942443e-06
1.88505591429e-09	1.03516197214e-06
1.88873048722e-09	2.81131985957e-06
1.89240506016e-09	3.21634806255e-06
1.89607963309e-09	1.99153561198e-06
1.89975420602e-09	-3.45052225015e-07
1.90342877895e-09	-2.71729624046e-06
1.90710335189e-09	-3.98826415449e-06
1.91077792482e-09	-3.50357714751e-06
1.91445249775e-09	-1.41951912269e-06
1.91812707068e-09	1.343740891e-06
1.92180164361e-09	3.51559518208e-06
1.92547621655e-09	4.06477954584e-06
1.92915078948e-09	2.68913925083e-06
1.93282536241e-09	-2.10982040727e-08
1.93649993534e-09	-2.83604043716e-06
1.94017450828e-09	-4.44012863454e-06
1.94384908121e-09	-4.04279671784e-06
1.94752365414e-09	-1.76234263449e-06
1.95119822707e-09	1.3994602881e-06
1.95487280001e-09	3.99405587359e-06
1.95854737294e-09	4.78510992252e-06
1.96222194587e-09	3.33330564217e-06
1.9658965188e-09	2.26903880574e-07
1.96957109174e-09	-3.15564210496e-06
1.97324566467e-09	-5.26350333985e-06
1.9769202376e-09	-5.08839536906e-06
1.98059481053e-09	-2.64898812929e-06
1.98426938346e-09	9.89297376464e-07
1.9879439564e-09	4.18200650643e-06
1.99161852933e-09	5.45195865698e-06
1.99529310226e-09	4.17517861706e-06
1.99896767519e-09	8.89287520067e-07
2.00264224813e-09	-2.93186923273e-06
2.00631682106e-09	-5.53745468324e-06
2.00999139399e-09	-5.70096563024e-06
2.01366596692e-09	-3.29560901946e-06
2.01734053986e-09	6.30066296026e-07
2.02101511279e-09	4.31199322293e-06
2.02468968572e-09	6.06841911122e-06
2.02836425865e-09	5.07140816808e-06
2.03203883159e-09	1.73401626569e-06
2.03571340452e-09	-2.46192414011e-06
2.03938797745e-09	-5.62900601153e-06
2.04306255038e-09	-6.32815294921e-06
2.04673712331e-09	-4.22323790872e-06
2.05041169625e-09	-2.44145425654e-07
2.05408626918e-09	3.82366459917e-06
2.05776084211e-09	6.13963135265e-06
2.06143541504e-09	5.63647768104e-06
2.06510998798e-09	2.51079097779e-06
2.06878456091e-09	-1.85454707946e-06
2.07245913384e-09	-5.50210108941e-06
2.07613370677e-09	-6.77628139556e-06
2.07980827971e-09	-5.0737352808e-06
2.08348285264e-09	-1.12694522159e-06
2.08715742557e-09	3.31290155486e-06
2.0908319985e-09	6.25483244221e-06
2.09450657144e-09	6.36617119198e-06
2.09818114437e-09	3.57784000471e-06
2.1018557173e-09	-8.74095498204e-07
2.10553029023e-09	-4.99758749584e-06
2.10920486316e-09	-6.93725542078e-06
2.1128794361e-09	-5.81004059086e-06
2.11655400903e-09	-2.10694960856e-06
2.12022858196e-09	2.52157911973e-06
2.12390315489e-09	6.00212496238e-06
2.12757772783e-09	6.7656601459e-06
2.13125230076e-09	4.45482714895e-06
2.13492687369e-09	8.79955788236e-08
2.13860144662e-09	-4.39201556901e-06
2.14227601956e-09	-6.98579941627e-06
2.14595059249e-09	-6.53438996778e-06
2.14962516542e-09	-3.23780668054e-06
2.15329973835e-09	1.4349344184e-06
2.15697431128e-09	5.40484353451e-06
2.16064888422e-09	6.91351112891e-06
2.16432345715e-09	5.3023721307e-06
2.16799803008e-09	1.29918987568e-06
2.17167260301e-09	-3.31257871267e-06
2.17534717595e-09	-6.4903641146e-06
2.17902174888e-09	-6.83331273876e-06
2.18269632181e-09	-4.19779942717e-06
2.18637089474e-09	2.44904226676e-07
2.19004546768e-09	4.52981601029e-06
2.19372004061e-09	6.76560716784e-06
2.19739461354e-09	5.97050211582e-06
2.20106918647e-09	2.50472965035e-06
2.20474375941e-09	-2.09321218847e-06
2.20841833234e-09	-5.7900836623e-06
2.21209290527e-09	-6.96258672406e-06
2.2157674782e-09	-5.11346621579e-06
2.21944205113e-09	-1.08305658131e-06
2.22311662407e-09	3.33271000841e-06
2.226791197e-09	6.18534033947e-06
2.23046576993e-09	6.23412518053e-06
2.23414034286e-09	3.48438447872e-06
2.2378149158e-09	-8.27546564608e-07
2.24148948873e-09	-4.79142079257e-06
2.24516406166e-09	-6.66790259629e-06
2.24883863459e-09	-5.65086332927e-06
2.25251320753e-09	-2.21333712602e-06
2.25618778046e-09	2.11331102662e-06
2.25986235339e-09	5.42229508937e-06
2.26353692632e-09	6.27487196425e-06
2.26721149926e-09	4.32869302358e-06
2.27088607219e-09	4.74724750177e-07
2.27456064512e-09	-3.57153319896e-06
2.27823521805e-09	-6.03746639172e-06
2.28190979098e-09	-5.87184911183e-06
2.28558436392e-09	-3.19215715194e-06
2.28925893685e-09	7.88779999539e-07
2.29293350978e-09	4.31435182691e-06
2.29660808271e-09	5.85847863022e-06
2.30028265565e-09	4.78315530472e-06
2.30395722858e-09	1.59820434931e-06
2.30763180151e-09	-2.28187718676e-06
2.31130637444e-09	-5.16414593221e-06
2.31498094738e-09	-5.81551819323e-06
2.31865552031e-09	-3.9898392572e-06
2.32233009324e-09	-5.19222894013e-07
2.32600466617e-09	3.06303840603e-06
2.3296792391e-09	5.20111677815e-06
2.33335381204e-09	4.99671557463e-06
2.33702838497e-09	2.58712540813e-06
2.3407029579e-09	-9.33303923034e-07
2.34437753083e-09	-4.01324601285e-06
2.34805210377e-09	-5.33043208861e-06
2.3517266767e-09	-4.35956806655e-06
2.35540124963e-09	-1.57830784531e-06
2.35907582256e-09	1.76788883266e-06
2.3627503955e-09	4.22534401423e-06
2.36642496843e-09	4.76152609963e-06
2.37009954136e-09	3.19783322311e-06
2.37377411429e-09	2.61104647237e-07
2.37744868723e-09	-2.75244943282e-06
2.38112326016e-09	-4.5493548555e-06
2.38479783309e-09	-4.39604974645e-06
2.38847240602e-09	-2.41866979422e-06
2.39214697895e-09	4.76573092101e-07
2.39582155189e-09	3.01888837839e-06
2.39949612482e-09	4.13425902934e-06
2.40317069775e-09	3.40015978395e-06
2.40684527068e-09	1.20154052752e-06
2.41051984362e-09	-1.46825523473e-06
2.41419441655e-09	-3.45827174897e-06
2.41786898948e-09	-3.95470317471e-06
2.42154356241e-09	-2.81011108427e-06
2.42521813535e-09	-5.74251416197e-07
2.42889270828e-09	1.76854737788e-06
2.43256728121e-09	3.23106041833e-06
2.43624185414e-09	3.23789879531e-06
2.43991642708e-09	1.8485699087e-06
2.44359100001e-09	-2.93824029995e-07
2.44726557294e-09	-2.25850465085e-06
2.45094014587e-09	-3.23258120716e-06
2.4546147188e-09	-2.85819791657e-06
2.45828929174e-09	-1.36133614603e-06
2.46196386467e-09	5.73808755178e-07
2.4656384376e-09	2.11993058485e-06
2.46931301053e-09	2.660465384e-06
2.47298758347e-09	2.03459326542e-06
2.4766621564e-09	5.71558679496e-07
2.48033672933e-09	-1.07977267305e-06
2.48401130226e-09	-2.23956584477e-06
2.4876858752e-09	-2.47530448405e-06
2.49136044813e-09	-1.75671242175e-06
2.49503502106e-09	-4.34378513603e-07
2.49870959399e-09	9.28208265805e-07
2.50238416693e-09	1.79592250049e-06
2.50605873986e-09	1.86830600057e-06
2.50973331279e-09	1.17714112946e-06
2.51340788572e-09	4.573548118e-08
2.51708245865e-09	-1.06260920774e-06
2.52075703159e-09	-1.7337823266e-06
2.52443160452e-09	-1.75358893273e-06
2.52810617745e-09	-1.16700906005e-06
2.53178075038e-09	-2.32773889053e-07
2.53545532332e-09	6.91685258403e-07
2.53912989625e-09	1.28376336761e-06
2.54280446918e-09	1.35981997573e-06
2.54647904211e-09	9.19418766898e-07
2.55015361505e-09	1.31067485754e-07
2.55382818798e-09	-7.30855497011e-07
2.55750276091e-09	-1.37317114479e-06
2.56117733384e-09	-1.57465724726e-06
2.56485190677e-09	-1.25736866607e-06
2.56852647971e-09	-5.17718426352e-07
2.57220105264e-09	3.96913442557e-07
2.57587562557e-09	1.16287199603e-06
2.5795501985e-09	1.49032524632e-06
2.58322477144e-09	1.23007875175e-06
2.58689934437e-09	4.41823466701e-07
2.5905739173e-09	-6.09161013188e-07
2.59424849023e-09	-1.53326939767e-06
2.59792306317e-09	-1.9545349943e-06
2.6015976361e-09	-1.66200364049e-06
2.60527220903e-09	-7.13140408948e-07
2.60894678196e-09	5.59444899295e-07
2.6126213549e-09	1.65498495619e-06
2.61629592783e-09	2.09838644594e-06
2.61997050076e-09	1.64639965305e-06
2.62364507369e-09	4.16936316583e-07
2.62731964662e-09	-1.12517042794e-06
2.63099421956e-09	-2.33997531041e-06
2.63466879249e-09	-2.67716154667e-06
2.63834336542e-09	-1.92720395376e-06
2.64201793835e-09	-3.422819006e-07
2.64569251129e-09	1.44088470222e-06
2.64936708422e-09	2.65450537995e-06
2.65304165715e-09	2.7314706017e-06
2.65671623008e-09	1.570967612e-06
2.66039080302e-09	-3.87774313992e-07
2.66406537595e-09	-2.32665797739e-06
2.66773994888e-09	-3.3894108924e-06
2.67141452181e-09	-3.06063984112e-06
2.67508909475e-09	-1.41320613523e-06
2.67876366768e-09	8.8981761337e-07
2.68243824061e-09	2.86010103423e-06
2.68611281354e-09	3.60760037665e-06
2.68978738647e-09	2.74440486692e-06
2.69346195941e-09	5.83658334108e-07
2.69713653234e-09	-1.96730327673e-06
2.70081110527e-09	-3.78884212182e-06
2.7044856782e-09	-4.04191368375e-06
2.70816025114e-09	-2.55790172332e-06
2.71183482407e-09	6.25347436056e-08
2.715509397e-09	2.6905735524e-06
2.71918396993e-09	4.15801326881e-06
2.72285854287e-09	3.7772745145e-06
2.7265331158e-09	1.66277574465e-06
2.73020768873e-09	-1.29676629967e-06
2.73388226166e-09	-3.81034021757e-06
2.73755683459e-09	-4.7485453365e-06
2.74123140753e-09	-3.65034458127e-06
2.74490598046e-09	-9.49743679257e-07
2.74858055339e-09	2.19213733033e-06
2.75225512632e-09	4.38528809354e-06
2.75592969926e-09	4.62804018753e-06
2.75960427219e-09	2.76815541156e-06
2.76327884512e-09	-4.07643927502e-07
2.76695341805e-09	-3.50588308606e-06
2.77062799099e-09	-5.14071615498e-06
2.77430256392e-09	-4.55839676761e-06
2.77797713685e-09	-1.98556070075e-06
2.78165170978e-09	1.45789503847e-06
2.78532628272e-09	4.24863117132e-06
2.78900085565e-09	5.13673722935e-06
2.79267542858e-09	3.70556116991e-06
2.79635000151e-09	5.66744532193e-07
2.80002457444e-09	-2.9014282461e-06
2.80369914738e-09	-5.16009959028e-06
2.80737372031e-09	-5.19252535014e-06
2.81104829324e-09	-2.96420097357e-06
2.81472286617e-09	5.50871099847e-07
2.81839743911e-09	3.79518670002e-06
2.82207201204e-09	5.31924746383e-06
2.82574658497e-09	4.4333041842e-06
2.8294211579e-09	1.52334560255e-06
2.83309573084e-09	-2.11687142837e-06
2.83677030377e-09	-4.86291810375e-06
2.8404448767e-09	-5.49007506834e-06
2.84411944963e-09	-3.72137748172e-06
2.84779402257e-09	-3.4986179287e-07
2.8514685955e-09	3.11973866474e-06
2.85514316843e-09	5.14514096039e-06
2.85881774136e-09	4.83295019649e-06
2.86249231429e-09	2.33162285213e-06
2.86616688723e-09	-1.23817019926e-06
2.86984146016e-09	-4.2859487337e-06
2.87351603309e-09	-5.45870352653e-06
2.87719060602e-09	-4.24390108833e-06
2.88086517896e-09	-1.1964486788e-06
2.88453975189e-09	2.31191989997e-06
2.88821432482e-09	4.71043102834e-06
2.89188889775e-09	4.93676293445e-06
2.89556347069e-09	2.91271521746e-06
2.89923804362e-09	-4.29408771652e-07
2.90291261655e-09	-3.57795582318e-06
2.90658718948e-09	-5.13079771736e-06
2.91026176241e-09	-4.42280310153e-06
2.91393633535e-09	-1.80983795417e-06
2.91761090828e-09	1.51013647098e-06
2.92128548121e-09	4.04909462759e-06
2.92496005414e-09	4.69556539429e-06
2.92863462708e-09	3.20034803281e-06
2.93230920001e-09	2.70117928025e-07
2.93598377294e-09	-2.76427545032e-06
2.93965834587e-09	-4.55045130821e-06
2.94333291881e-09	-4.31801390732e-06
2.94700749174e-09	-2.21431508862e-06
2.95068206467e-09	7.78247652988e-07
2.9543566376e-09	3.29860529291e-06
2.95803121054e-09	4.22995674398e-06
2.96170578347e-09	3.19910054714e-06
2.9653803564e-09	7.2596773748e-07
2.96905492933e-09	-2.03656425413e-06
2.97272950226e-09	-3.84336132697e-06
2.9764040752e-09	-3.92110374037e-06
2.98007864813e-09	-2.29781338135e-06
2.98375322106e-09	2.39340911534e-07
2.98742779399e-09	2.52573727266e-06
2.99110236693e-09	3.55263867391e-06
2.99477693986e-09	2.9102640724e-06
2.99845151279e-09	9.49169489672e-07
3.00212608572e-09	-1.40332451792e-06
3.00580065866e-09	-3.07748575779e-06
3.00947523159e-09	-3.3467791809e-06
3.01314980452e-09	-2.14581793045e-06
3.01682437745e-09	-7.84384841523e-08
3.02049895039e-09	1.88033993709e-06
3.02417352332e-09	2.84500472958e-06
3.02784809625e-09	2.42403652351e-06
3.03152266918e-09	8.79229830275e-07
3.03519724211e-09	-1.02503997823e-06
3.03887181505e-09	-2.40010086827e-06
3.04254638798e-09	-2.64965817109e-06
3.04622096091e-09	-1.72685652444e-06
3.04989553384e-09	-1.24002666801e-07
3.05357010678e-09	1.3857733876e-06
3.05724467971e-09	2.11797591021e-06
3.06091925264e-09	1.78426893171e-06
3.06459382557e-09	6.01920611132e-07
3.06826839851e-09	-8.32566037445e-07
3.07194297144e-09	-1.83751153315e-06
3.07561754437e-09	-1.96608050373e-06
3.0792921173e-09	-1.20692325822e-06
3.08296669024e-09	2.95871380729e-08
3.08664126317e-09	1.12352820736e-06
3.0903158361e-09	1.55412514857e-06
3.09399040903e-09	1.14928215567e-06
3.09766498196e-09	1.55385281531e-07
3.1013395549e-09	-9.03724988177e-07
3.10501412783e-09	-1.49899058499e-06
3.10868870076e-09	-1.3601624147e-06
3.11236327369e-09	-5.95764298339e-07
3.11603784663e-09	3.78751735752e-07
3.11971241956e-09	1.06293464341e-06
3.12338699249e-09	1.12254454621e-06
3.12706156542e-09	5.47797441186e-07
3.13073613836e-09	-3.5278505095e-07
3.13441071129e-09	-1.1131871247e-06
3.13808528422e-09	-1.34413204478e-06
3.14175985715e-09	-9.2575761812e-07
3.14543443008e-09	-6.88761634393e-08
3.14910900302e-09	7.88699047405e-07
3.15278357595e-09	1.20045224605e-06
3.15645814888e-09	9.3928653655e-07
3.16013272181e-09	1.2055703813e-07
3.16380729475e-09	-8.48473206361e-07
3.16748186768e-09	-1.47054097965e-06
3.17115644061e-09	-1.41211255311e-06
3.17483101354e-09	-6.79432865525e-07
3.17850558648e-09	3.77487339165e-07
3.18218015941e-09	1.23530556095e-06
3.18585473234e-09	1.45761374881e-06
3.18952930527e-09	9.13665928692e-07
3.19320387821e-09	-1.52859364277e-07
3.19687845114e-09	-1.23713067524e-06
3.20055302407e-09	-1.81312145742e-06
3.204227597e-09	-1.58627975111e-06
3.20790216993e-09	-6.37960404504e-07
3.21157674287e-09	6.03093162965e-07
3.2152513158e-09	1.555161802e-06
3.21892588873e-09	1.75419624782e-06
3.22260046166e-09	1.07863978371e-06
3.2262750346e-09	-1.81083333217e-07
3.22994960753e-09	-1.4466794056e-06
3.23362418046e-09	-2.11902640501e-06
3.23729875339e-09	-1.86316805184e-06
3.24097332633e-09	-7.7662976139e-07
3.24464789926e-09	6.48791811386e-07
3.24832247219e-09	1.75275046388e-06
3.25199704512e-09	2.01666473743e-06
3.25567161806e-09	1.30799281806e-06
3.25934619099e-09	-5.65138069675e-08
3.26302076392e-09	-1.45704042609e-06
3.26669533685e-09	-2.2550817107e-06
3.27036990978e-09	-2.08483056952e-06
3.27404448272e-09	-1.01761957438e-06
3.27771905565e-09	4.697992253e-07
3.28139362858e-09	1.70931055266e-06
3.28506820151e-09	2.14133696375e-06
3.28874277445e-09	1.56671283946e-06
3.29241734738e-09	2.39516195322e-07
3.29609192031e-09	-1.24512045829e-06
3.29976649324e-09	-2.21873099804e-06
3.30344106618e-09	-2.24326154807e-06
3.30711563911e-09	-1.31097488065e-06
3.31079021204e-09	1.53410931958e-07
3.31446478497e-09	1.48950913115e-06
3.3181393579e-09	2.10294702185e-06
3.32181393084e-09	1.73314295182e-06
3.32548850377e-09	5.62056719389e-07
3.3291630767e-09	-8.7819108785e-07
3.33283764963e-09	-1.95090338195e-06
3.33651222257e-09	-2.19766589282e-06
3.3401867955e-09	-1.53195993846e-06
3.34386136843e-09	-2.64590974908e-07
3.34753594136e-09	1.04269064138e-06
3.3512105143e-09	1.82643283608e-06
3.35488508723e-09	1.7630201512e-06
3.35855966016e-09	9.01454569657e-07
3.36223423309e-09	-3.67059939776e-07
3.36590880603e-09	-1.48692863888e-06
3.36958337896e-09	-1.98246374339e-06
3.37325795189e-09	-1.66242493549e-06
3.37693252482e-09	-6.930131633e-07
3.38060709775e-09	4.87712547681e-07
3.38428167069e-09	1.37111044296e-06
3.38795624362e-09	1.60049354747e-06
3.39163081655e-09	1.11391511837e-06
3.39530538948e-09	1.51108720203e-07
3.39897996242e-09	-8.67186159326e-07
3.40265453535e-09	-1.52548724941e-06
3.40632910828e-09	-1.58035884112e-06
3.41000368121e-09	-1.04373755505e-06
3.41367825415e-09	-1.59595112237e-07
3.41735282708e-09	7.0738263247e-07
3.42102740001e-09	1.21882071369e-06
3.42470197294e-09	1.19175751934e-06
3.42837654588e-09	6.60384117168e-07
3.43205111881e-09	-1.4725671349e-07
3.43572569174e-09	-9.06862631211e-07
3.43940026467e-09	-1.32803636177e-06
3.4430748376e-09	-1.26522560606e-06
3.44674941054e-09	-7.63672673543e-07
3.45042398347e-09	-3.03943927804e-08
3.4540985564e-09	6.55034376962e-07
3.45777312933e-09	1.0448656127e-06
3.46144770227e-09	1.00673840109e-06
3.4651222752e-09	5.60529137772e-07
3.46879684813e-09	-1.34092490889e-07
3.47247142106e-09	-8.3054625577e-07
3.476145994e-09	-1.2736525008e-06
3.47982056693e-09	-1.28697847401e-06
3.48349513986e-09	-8.41873486479e-07
3.48716971279e-09	-8.35775857411e-08
3.49084428573e-09	7.07638974973e-07
3.49451885866e-09	1.21603279979e-06
3.49819343159e-09	1.21722735003e-06
3.50186800452e-09	6.79604589493e-07
3.50554257745e-09	-2.0804647427e-07
3.50921715039e-09	-1.10047940893e-06
3.51289172332e-09	-1.6293637799e-06
3.51656629625e-09	-1.55455484219e-06
3.52024086918e-09	-8.70322764968e-07
3.52391544212e-09	1.76554417308e-07
3.52759001505e-09	1.17033539482e-06
3.53126458798e-09	1.68629553343e-06
3.53493916091e-09	1.46976830706e-06
3.53861373385e-09	5.61252477382e-07
3.54228830678e-09	-6.93082412795e-07
3.54596287971e-09	-1.76708171296e-06
3.54963745264e-09	-2.17401743896e-06
3.55331202557e-09	-1.69148212592e-06
3.55698659851e-09	-4.82221402365e-07
3.56066117144e-09	9.54204367076e-07
3.56433574437e-09	1.98952874086e-06
3.5680103173e-09	2.1452613197e-06
3.57168489024e-09	1.3157834502e-06
3.57535946317e-09	-1.7087259252e-07
3.5790340361e-09	-1.68309732373e-06
3.58270860903e-09	-2.555582995e-06
3.58638318197e-09	-2.3800067197e-06
3.5900577549e-09	-1.19407827981e-06
3.59373232783e-09	5.17466993699e-07
3.59740690076e-09	2.0173151114e-06
3.6010814737e-09	2.63069040329e-06
3.60475604663e-09	2.04919446389e-06
3.60843061956e-09	4.88165611046e-07
3.61210519249e-09	-1.38662663574e-06
3.61577976542e-09	-2.74178051995e-06
3.61945433836e-09	-2.95110012871e-06
3.62312891129e-09	-1.88982468785e-06
3.62680348422e-09	-6.18542905784e-09
3.63047805715e-09	1.86969883487e-06
3.63415263009e-09	2.8969357686e-06
3.63782720302e-09	2.60423576037e-06
3.64150177595e-09	1.1049658184e-06
3.64517634888e-09	-9.48747619134e-07
3.64885092182e-09	-2.65214072215e-06
3.65252549475e-09	-3.2462630486e-06
3.65620006768e-09	-2.45433355417e-06
3.65987464061e-09	-6.10108500609e-07
3.66354921355e-09	1.48095594454e-06
3.66722378648e-09	2.89104087869e-06
3.67089835941e-09	2.98211850236e-06
3.67457293234e-09	1.69826785168e-06
3.67824750527e-09	-3.9868320556e-07
3.68192207821e-09	-2.37382963064e-06
3.68559665114e-09	-3.33962597665e-06
3.68927122407e-09	-2.86064607735e-06
3.692945797e-09	-1.15287528502e-06
3.69662036994e-09	1.01496149796e-06
3.70029494287e-09	2.67265542675e-06
3.7039695158e-09	3.08713748609e-06
3.70764408873e-09	2.08703154669e-06
3.71131866167e-09	1.30601298665e-07
3.7149932346e-09	-1.90731178407e-06
3.71866780753e-09	-3.12741224207e-06
3.72234238046e-09	-3.00131270592e-06
3.72601695339e-09	-1.59955780532e-06
3.72969152633e-09	4.45495594192e-07
3.73336609926e-09	2.22289169471e-06
3.73704067219e-09	2.94844832638e-06
3.74071524512e-09	2.31371669202e-06
3.74438981806e-09	6.20713578314e-07
3.74806439099e-09	-1.35923944811e-06
3.75173896392e-09	-2.73913965998e-06
3.75541353685e-09	-2.91935145924e-06
3.75908810979e-09	-1.85183415624e-06
3.76276268272e-09	-4.70300651756e-08
3.76643725565e-09	1.67356778036e-06
3.77011182858e-09	2.55614486377e-06
3.77378640152e-09	2.24607876476e-06
3.77746097445e-09	9.26648482391e-07
3.78113554738e-09	-7.86069456638e-07
3.78481012031e-09	-2.13215035672e-06
3.78848469324e-09	-2.54361617635e-06
3.79215926618e-09	-1.88225246234e-06
3.79583383911e-09	-4.80913776357e-07
3.79950841204e-09	1.02004949554e-06
3.80318298497e-09	1.9641863247e-06
3.80685755791e-09	1.96741639513e-06
3.81053213084e-09	1.07638562952e-06
3.81420670377e-09	-2.71759061476e-07
3.8178812767e-09	-1.46264289924e-06
3.82155584964e-09	-1.98934127127e-06
3.82523042257e-09	-1.67106387039e-06
3.8289049955e-09	-7.10847373853e-07
3.83257956843e-09	4.26015724031e-07
3.83625414137e-09	1.24010331604e-06
3.8399287143e-09	1.41951564103e-06
3.84360328723e-09	9.54196892167e-07
3.84727786016e-09	1.06496651497e-07
3.85095243309e-09	-7.33091340521e-07
3.85462700603e-09	-1.22429518967e-06
3.85830157896e-09	-1.21237873429e-06
3.86197615189e-09	-7.66912549466e-07
3.86565072482e-09	-1.23235260219e-07
3.86932529776e-09	4.37488914429e-07
3.87299987069e-09	7.10922805069e-07
3.87667444362e-09	6.42287439234e-07
3.88034901655e-09	3.22580568479e-07
3.88402358949e-09	-7.83147768857e-08
3.88769816242e-09	-4.02387321685e-07
3.89137273535e-09	-5.67599123258e-07
3.89504730828e-09	-5.77838441984e-07
3.89872188122e-09	-4.84527745925e-07
3.90239645415e-09	-3.34873316632e-07
3.90607102708e-09	-1.46404124379e-07
3.90974560001e-09	7.80381679277e-08
3.91342017294e-09	3.12182521611e-07
3.91709474588e-09	4.82091792264e-07
3.92076931881e-09	4.85762456037e-07
3.92444389174e-09	2.52583513216e-07
3.92811846467e-09	-1.9202336965e-07
3.93179303761e-09	-7.02371671935e-07
3.93546761054e-09	-1.0555387675e-06
3.93914218347e-09	-1.05027601194e-06
3.9428167564e-09	-6.16308902579e-07
3.94649132934e-09	1.22772965128e-07
3.95016590227e-09	8.75069765982e-07
3.9538404752e-09	1.29248304859e-06
3.95751504813e-09	1.13011931546e-06
3.96118962106e-09	3.80340054562e-07
3.964864194e-09	-6.867251372e-07
3.96853876693e-09	-1.61266879672e-06
3.97221333986e-09	-1.94480914217e-06
3.97588791279e-09	-1.456920387e-06
3.97956248573e-09	-2.87477526228e-07
3.98323705866e-09	1.08273152932e-06
3.98691163159e-09	2.02695876794e-06
3.99058620452e-09	2.06076653342e-06
3.99426077746e-09	1.09011503469e-06
3.99793535039e-09	-5.09649382252e-07
4.00160992332e-09	-2.03615809369e-06
4.00528449625e-09	-2.77113116454e-06
4.00895906919e-09	-2.31914256688e-06
4.01263364212e-09	-8.14552429063e-07
4.01630821505e-09	1.10977461532e-06
4.01998278798e-09	2.58831386191e-06
4.02365736091e-09	2.91180717227e-06
4.02733193385e-09	1.86548182057e-06
4.03100650678e-09	-1.43812028952e-07
4.03468107971e-09	-2.24015698791e-06
4.03835565264e-09	-3.45864293649e-06
4.04203022558e-09	-3.18909849284e-06
4.04570479851e-09	-1.48084835416e-06
4.04937937144e-09	9.44342986031e-07
4.05305394437e-09	2.9944537232e-06
4.05672851731e-09	3.70095523294e-06
4.06040309024e-09	2.67868702508e-06
4.06407766317e-09	3.32808291148e-07
4.0677522361e-09	-2.29945547403e-06
4.07142680904e-09	-4.00998371219e-06
4.07510138197e-09	-3.9772480136e-06
4.0787759549e-09	-2.16085628324e-06
4.08245052783e-09	6.56917102049e-07
4.08612510076e-09	3.20946267607e-06
4.0897996737e-09	4.31623925579e-06
4.09347424663e-09	3.42812273857e-06
4.09714881956e-09	8.96847112131e-07
4.10082339249e-09	-2.16143011755e-06
4.10449796543e-09	-4.35663275766e-06
4.10817253836e-09	-4.6563302476e-06
4.11184711129e-09	-2.87161171286e-06
4.11552168422e-09	2.30263738743e-07
4.11919625716e-09	3.25301857629e-06
4.12287083009e-09	4.80083730281e-06
4.12654540302e-09	4.12618504697e-06
