% time-domain current integration by openEMS v0.0.36-93-g7b9cd51 @Thu Sep 24 16:23:26 2026
% start-coordinates: (0.05825,-0.0023,0.000323542) m -> [74,1,6]
% stop-coordinates: (0.0583,0.0006,0.000323542) m -> [75,4,6]
% t/s	current
2.06436681592e-14	0
3.6952166005e-12	0
7.36978953284e-12	0
1.10443624652e-11	0
1.47189353975e-11	0
1.83935083299e-11	0
2.20680812622e-11	1.33834612854e-36
2.57426541946e-11	7.13839368751e-33
2.94172271269e-11	5.55190458176e-30
3.30918000592e-11	1.25666659241e-27
3.67663729916e-11	1.14740545896e-25
4.04409459239e-11	5.19118596151e-24
4.41155188563e-11	1.34722599405e-22
4.77900917886e-11	2.23289328423e-21
5.14646647209e-11	2.56202134138e-20
5.51392376533e-11	2.16562010673e-19
5.88138105856e-11	1.41605462653e-18
6.2488383518e-11	7.4467364779e-18
6.61629564503e-11	3.2487518558e-17
6.98375293827e-11	1.20464761061e-16
7.3512102315e-11	3.86401978038e-16
7.71866752473e-11	1.08310060614e-15
8.08612481797e-11	2.65438992197e-15
8.4535821112e-11	5.60097698812e-15
8.82103940444e-11	9.65529044927e-15
9.18849669767e-11	1.1092916272e-14
9.55595399091e-11	-4.1619700782e-15
9.92341128414e-11	-7.57568039875e-14
1.02908685774e-10	-2.98856588348e-13
1.06583258706e-10	-8.7745837072e-13
1.10257831638e-10	-2.21067131614e-12
1.13932404571e-10	-5.01905027955e-12
1.17606977503e-10	-1.0509020737e-11
1.21281550435e-10	-2.0554110497e-11
1.24956123368e-10	-3.78387737809e-11
1.286306963e-10	-6.58617674287e-11
1.32305269232e-10	-1.08632117191e-10
1.35979842165e-10	-1.69815952966e-10
1.39654415097e-10	-2.51018483777e-10
1.4332898803e-10	-3.48824996665e-10
1.47003560962e-10	-4.50206288916e-10
1.50678133894e-10	-5.25939569673e-10
1.54352706827e-10	-5.21849563562e-10
1.58027279759e-10	-3.47953804658e-10
1.61701852691e-10	1.33959038306e-10
1.65376425624e-10	1.12320175383e-09
1.69050998556e-10	2.89169399537e-09
1.72725571488e-10	5.7915712226e-09
1.76400144421e-10	1.02557722315e-08
1.80074717353e-10	1.67881353264e-08
1.83749290285e-10	2.59396149005e-08
1.87423863218e-10	3.8267835123e-08
1.9109843615e-10	5.42780043133e-08
1.94773009082e-10	7.43450030427e-08
1.98447582015e-10	9.86184005569e-08
2.02122154947e-10	1.2691346285e-07
2.05796727879e-10	1.58595710786e-07
2.09471300812e-10	1.9246694194e-07
2.13145873744e-10	2.26666287517e-07
2.16820446676e-10	2.58600152847e-07
2.20495019609e-10	2.8491800208e-07
2.24169592541e-10	3.01549505366e-07
2.27844165473e-10	3.03815596681e-07
2.31518738406e-10	2.86620633005e-07
2.35193311338e-10	2.44724873255e-07
2.3886788427e-10	1.73086149857e-07
2.42542457203e-10	6.72579716365e-08
2.46217030135e-10	-7.61824452411e-08
2.49891603067e-10	-2.59199310904e-07
2.53566176e-10	-4.81884399051e-07
2.57240748932e-10	-7.42095380701e-07
2.60915321864e-10	-1.03517868411e-06
2.64589894797e-10	-1.35381617383e-06
2.68264467729e-10	-1.68803353517e-06
2.71939040661e-10	-2.02540672944e-06
2.75613613594e-10	-2.35148536376e-06
2.79288186526e-10	-2.65043422587e-06
2.82962759459e-10	-2.90585444418e-06
2.86637332391e-10	-3.10174050355e-06
2.90311905323e-10	-3.22348068948e-06
2.93986478256e-10	-3.2588486647e-06
2.97661051188e-10	-3.19889409184e-06
3.0133562412e-10	-3.03870592688e-06
3.05010197053e-10	-2.77801882476e-06
3.08684769985e-10	-2.42161968345e-06
3.12359342917e-10	-1.97951862901e-06
3.1603391585e-10	-1.46684544688e-06
3.19708488782e-10	-9.03385625861e-07
3.23383061714e-10	-3.12724068863e-07
3.27057634647e-10	2.78992274616e-07
3.30732207579e-10	8.44606745432e-07
3.34406780511e-10	1.35766845233e-06
3.38081353444e-10	1.79412018042e-06
3.41755926376e-10	2.13378461922e-06
3.45430499308e-10	2.36152118305e-06
3.49105072241e-10	2.46801482717e-06
3.52779645173e-10	2.45024807555e-06
3.56454218105e-10	2.31169860854e-06
3.60128791038e-10	2.06234176403e-06
3.6380336397e-10	1.71838178176e-06
3.67477936902e-10	1.30164812617e-06
3.71152509835e-10	8.38509834011e-07
3.74827082767e-10	3.58234501618e-07
3.78501655699e-10	-1.09125245729e-07
3.82176228632e-10	-5.35095125542e-07
3.85850801564e-10	-8.95031121217e-07
3.89525374496e-10	-1.16988894661e-06
3.93199947429e-10	-1.34726974466e-06
3.96874520361e-10	-1.42167334616e-06
4.00549093293e-10	-1.3941527186e-06
4.04223666226e-10	-1.27168061681e-06
4.07898239158e-10	-1.06650566067e-06
4.1157281209e-10	-7.95639380158e-07
4.15247385023e-10	-4.80348376186e-07
4.18921957955e-10	-1.45353695302e-07
4.22596530888e-10	1.82574581231e-07
4.2627110382e-10	4.76757236356e-07
4.29945676752e-10	7.13303165867e-07
4.33620249685e-10	8.73836654591e-07
4.37294822617e-10	9.47581042965e-07
4.40969395549e-10	9.32244461183e-07
4.44643968482e-10	8.33478225104e-07
4.48318541414e-10	6.63173182147e-07
4.51993114346e-10	4.37253873997e-07
4.55667687279e-10	1.73721247165e-07
4.59342260211e-10	-1.08502547391e-07
4.63016833143e-10	-3.89865022044e-07
4.66691406076e-10	-6.50041101835e-07
4.70365979008e-10	-8.68125312081e-07
4.7404055194e-10	-1.02380738554e-06
4.77715124873e-10	-1.0997340496e-06
4.81389697805e-10	-1.08459187231e-06
4.85064270737e-10	-9.75905095402e-07
4.8873884367e-10	-7.81438757258e-07
4.92413416602e-10	-5.18425395057e-07
4.96087989534e-10	-2.10678976487e-07
4.99762562467e-10	1.15565832459e-07
5.03437135399e-10	4.35690822087e-07
5.07111708331e-10	7.29287080503e-07
5.10786281264e-10	9.80638787951e-07
5.14460854196e-10	1.17737818073e-06
5.18135427128e-10	1.30849934976e-06
5.21810000061e-10	1.36318988098e-06
5.25484572993e-10	1.33158459903e-06
5.29159145925e-10	1.20755089483e-06
5.32833718858e-10	9.92482682705e-07
5.3650829179e-10	6.98341750649e-07
5.40182864722e-10	3.48211216306e-07
5.43857437655e-10	-2.64761936819e-08
5.47532010587e-10	-3.91482330997e-07
5.51206583519e-10	-7.16293470759e-07
5.54881156452e-10	-9.79274773272e-07
5.58555729384e-10	-1.16959995466e-06
5.62230302317e-10	-1.28545502776e-06
5.65904875249e-10	-1.32963305077e-06
5.69579448181e-10	-1.30481589622e-06
5.73254021114e-10	-1.21096286421e-06
5.76928594046e-10	-1.04624029973e-06
5.80603166978e-10	-8.11158656688e-07
5.84277739911e-10	-5.13927432166e-07
5.87952312843e-10	-1.74174999756e-07
5.91626885775e-10	1.77322391437e-07
5.95301458708e-10	5.03617570757e-07
5.9897603164e-10	7.69854352711e-07
6.02650604572e-10	9.51730612542e-07
6.06325177505e-10	1.040765369e-06
6.09999750437e-10	1.04414823454e-06
6.13674323369e-10	9.79262381406e-07
6.17348896302e-10	8.65318611432e-07
6.21023469234e-10	7.15854923783e-07
6.24698042166e-10	5.35507012955e-07
6.28372615099e-10	3.22468508784e-07
6.32047188031e-10	7.53874829229e-08
6.35721760963e-10	-1.98771715532e-07
6.39396333896e-10	-4.80033179429e-07
6.43070906828e-10	-7.3673965062e-07
6.4674547976e-10	-9.33109674861e-07
6.50420052693e-10	-1.04025002656e-06
6.54094625625e-10	-1.04603100226e-06
6.57769198557e-10	-9.59430053626e-07
6.6144377149e-10	-8.07131073088e-07
6.65118344422e-10	-6.23573782832e-07
6.68792917354e-10	-4.38598647179e-07
6.72467490287e-10	-2.6802089792e-07
6.76142063219e-10	-1.11287256743e-07
6.79816636151e-10	4.28582680456e-08
6.83491209084e-10	2.05452039381e-07
6.87165782016e-10	3.76435480121e-07
6.90840354948e-10	5.39264874533e-07
6.94514927881e-10	6.6403481469e-07
6.98189500813e-10	7.18225237506e-07
7.01864073746e-10	6.80544985698e-07
7.05538646678e-10	5.51640596314e-07
7.0921321961e-10	3.56540880375e-07
7.12887792543e-10	1.37225129038e-07
7.16562365475e-10	-6.19096027776e-08
7.20236938407e-10	-2.09590467648e-07
7.2391151134e-10	-2.97468318422e-07
7.27586084272e-10	-3.39845598774e-07
7.31260657204e-10	-3.63457957064e-07
7.34935230137e-10	-3.92012026396e-07
7.38609803069e-10	-4.32688722185e-07
7.42284376001e-10	-4.71063202667e-07
7.45958948934e-10	-4.77086757655e-07
7.49633521866e-10	-4.19653900963e-07
7.53308094798e-10	-2.83174699689e-07
7.56982667731e-10	-7.83712863495e-08
7.60657240663e-10	1.58039355824e-07
7.64331813595e-10	3.75221986815e-07
7.68006386528e-10	5.26839926351e-07
7.7168095946e-10	5.88382647493e-07
7.75355532392e-10	5.65555751564e-07
7.79030105325e-10	4.89890112476e-07
7.82704678257e-10	4.03427520723e-07
7.86379251189e-10	3.39300044061e-07
7.90053824122e-10	3.06993285903e-07
7.93728397054e-10	2.89119782337e-07
7.97402969986e-10	2.51290458664e-07
8.01077542919e-10	1.606567821e-07
8.04752115851e-10	4.5428585338e-09
8.08426688783e-10	-1.99659240252e-07
8.12101261716e-10	-4.08288940434e-07
8.15775834648e-10	-5.67661174955e-07
8.1945040758e-10	-6.35737364973e-07
8.23124980513e-10	-5.99588872774e-07
8.26799553445e-10	-4.80747132769e-07
8.30474126377e-10	-3.25882496099e-07
8.3414869931e-10	-1.86825587889e-07
8.37823272242e-10	-9.87552510878e-08
8.41497845175e-10	-6.62940635721e-08
8.45172418107e-10	-6.37553512206e-08
8.48846991039e-10	-4.94390839378e-08
8.52521563972e-10	1.25578587529e-08
8.56196136904e-10	1.33074536279e-07
8.59870709836e-10	2.90183777452e-07
8.63545282769e-10	4.36911392399e-07
8.67219855701e-10	5.21118295183e-07
8.70894428633e-10	5.08649918629e-07
8.74569001566e-10	3.99207038981e-07
8.78243574498e-10	2.27590277291e-07
8.8191814743e-10	4.9604544472e-08
8.85592720363e-10	-8.11816107671e-08
8.89267293295e-10	-1.35440046733e-07
8.92941866227e-10	-1.19069682114e-07
8.9661643916e-10	-6.83518948108e-08
9.00291012092e-10	-3.15824983943e-08
9.03965585024e-10	-4.56013751204e-08
9.07640157957e-10	-1.17897855034e-07
9.11314730889e-10	-2.22499153324e-07
9.14989303821e-10	-3.11574012812e-07
9.18663876754e-10	-3.37532014782e-07
9.22338449686e-10	-2.75560040564e-07
9.26013022618e-10	-1.36217309432e-07
9.29687595551e-10	3.77622555447e-08
9.33362168483e-10	1.89154064856e-07
9.37036741415e-10	2.704533415e-07
9.40711314348e-10	2.63679709178e-07
9.4438588728e-10	1.86933078794e-07
9.48060460212e-10	8.49133385827e-08
9.51735033145e-10	7.9286479604e-09
9.55409606077e-10	-1.09787450242e-08
9.59084179009e-10	2.95568050035e-08
9.62758751942e-10	9.96260851593e-08
9.66433324874e-10	1.5284751953e-07
9.70107897806e-10	1.48682190115e-07
9.73782470739e-10	7.20183876979e-08
9.77457043671e-10	-5.88750523889e-08
9.81131616604e-10	-1.99651637445e-07
9.84806189536e-10	-2.99094665479e-07
9.88480762468e-10	-3.21474288967e-07
9.92155335401e-10	-2.61931859313e-07
9.95829908333e-10	-1.47972386344e-07
9.99504481265e-10	-2.66122519577e-08
1.0031790542e-09	5.67500038073e-08
1.00685362713e-09	7.80010367407e-08
1.01052820006e-09	4.36700773321e-08
1.01420277299e-09	-1.39125742038e-08
1.01787734593e-09	-5.30226564877e-08
1.02155191886e-09	-4.2668443001e-08
1.02522649179e-09	2.28010712533e-08
1.02890106472e-09	1.21088959304e-07
1.03257563766e-09	2.12241275221e-07
1.03625021059e-09	2.56860801073e-07
1.03992478352e-09	2.33870466104e-07
1.04359935645e-09	1.49790011506e-07
1.04727392939e-09	3.55207383507e-08
1.05094850232e-09	-6.76277096545e-08
1.05462307525e-09	-1.26090100139e-07
1.05829764818e-09	-1.28016324652e-07
1.06197222112e-09	-8.68760068329e-08
1.06564679405e-09	-3.34510730227e-08
1.06932136698e-09	-3.99691391095e-10
1.07299593991e-09	-6.84674361651e-09
1.07667051284e-09	-5.00984178586e-08
1.08034508578e-09	-1.07963913365e-07
1.08401965871e-09	-1.50050325942e-07
1.08769423164e-09	-1.52387514163e-07
1.09136880457e-09	-1.08485018302e-07
1.09504337751e-09	-3.19329913623e-08
1.09871795044e-09	5.0209056468e-08
1.10239252337e-09	1.09795628589e-07
1.1060670963e-09	1.29820222128e-07
1.10974166924e-09	1.1093996477e-07
1.11341624217e-09	6.96070543427e-08
1.1170908151e-09	2.91370056971e-08
1.12076538803e-09	8.29709012606e-09
1.12443996096e-09	1.29281509942e-08
1.1281145339e-09	3.44505863836e-08
1.13178910683e-09	5.55216459475e-08
1.13546367976e-09	5.96251581442e-08
1.13913825269e-09	3.96014030457e-08
1.14281282563e-09	9.12851128021e-10
1.14648739856e-09	-4.16133687509e-08
1.15016197149e-09	-7.15336270218e-08
1.15383654442e-09	-7.88306451227e-08
1.15751111736e-09	-6.42006199314e-08
1.16118569029e-09	-3.77075828339e-08
1.16486026322e-09	-1.28506680852e-08
1.16853483615e-09	6.24277574079e-10
1.17220940909e-09	1.41474598703e-09
1.17588398202e-09	-3.48667850147e-09
1.17955855495e-09	-3.52863560593e-09
1.18323312788e-09	8.72670469221e-09
1.18690770081e-09	3.26596243383e-08
1.19058227375e-09	5.91909383729e-08
1.19425684668e-09	7.53070423798e-08
1.19793141961e-09	7.12248677814e-08
1.20160599254e-09	4.6312528923e-08
1.20528056548e-09	1.03479917968e-08
1.20895513841e-09	-2.09047783528e-08
1.21262971134e-09	-3.37482788382e-08
1.21630428427e-09	-2.40355806369e-08
1.21997885721e-09	3.37698757846e-11
1.22365343014e-09	2.16290736432e-08
1.22732800307e-09	2.39330866236e-08
1.231002576e-09	-5.734968056e-10
1.23467714894e-09	-4.50250610129e-08
1.23835172187e-09	-9.02298609162e-08
1.2420262948e-09	-1.13302561999e-07
1.24570086773e-09	-9.89596316003e-08
1.24937544066e-09	-4.798829778e-08
1.2530500136e-09	2.15657962599e-08
1.25672458653e-09	8.16147149862e-08
1.26039915946e-09	1.06742248818e-07
1.26407373239e-09	8.65633964509e-08
1.26774830533e-09	3.16271311362e-08
1.27142287826e-09	-3.04918366112e-08
1.27509745119e-09	-6.76842688563e-08
1.27877202412e-09	-5.87879007696e-08
1.28244659706e-09	-4.64815208545e-09
1.28612116999e-09	7.09412262268e-08
1.28979574292e-09	1.31460765829e-07
1.29347031585e-09	1.44654478618e-07
1.29714488878e-09	9.84038592833e-08
1.30081946172e-09	7.76779085498e-09
1.30449403465e-09	-9.05746091462e-08
1.30816860758e-09	-1.54371733174e-07
1.31184318051e-09	-1.5519151475e-07
1.31551775345e-09	-9.21579612623e-08
1.31919232638e-09	6.6148824196e-09
1.32286689931e-09	9.60416315365e-08
1.32654147224e-09	1.34440881538e-07
1.33021604518e-09	1.03072572699e-07
1.33389061811e-09	1.56683643837e-08
1.33756519104e-09	-8.69092033895e-08
1.34123976397e-09	-1.54940138941e-07
1.34491433691e-09	-1.52966947553e-07
1.34858890984e-09	-7.70478791878e-08
1.35226348277e-09	4.21848227461e-08
1.3559380557e-09	1.52562435574e-07
1.35961262863e-09	2.03908172125e-07
1.36328720157e-09	1.71309068264e-07
1.3669617745e-09	6.72800126722e-08
1.37063634743e-09	-6.30975733884e-08
1.37431092036e-09	-1.62160631589e-07
1.3779854933e-09	-1.85805461683e-07
1.38166006623e-09	-1.23870506741e-07
1.38533463916e-09	-5.2695701136e-09
1.38900921209e-09	1.14714637789e-07
1.39268378503e-09	1.79461778771e-07
1.39635835796e-09	1.5709922252e-07
1.40003293089e-09	5.56622659076e-08
1.40370750382e-09	-7.98238772859e-08
1.40738207676e-09	-1.87382198646e-07
1.41105664969e-09	-2.16309004486e-07
1.41473122262e-09	-1.50716900293e-07
1.41840579555e-09	-1.74504357631e-08
1.42208036848e-09	1.2555291562e-07
1.42575494142e-09	2.15327602859e-07
1.42942951435e-09	2.12528775023e-07
1.43310408728e-09	1.19481825323e-07
1.43677866021e-09	-2.0733853745e-08
1.44045323315e-09	-1.4382585789e-07
1.44412780608e-09	-1.93570016904e-07
1.44780237901e-09	-1.47454656485e-07
1.45147695194e-09	-2.69995759083e-08
1.45515152488e-09	1.11981336204e-07
1.45882609781e-09	2.04763480838e-07
1.46250067074e-09	2.07231423133e-07
1.46617524367e-09	1.16128440197e-07
1.46984981661e-09	-2.92309962902e-08
1.47352438954e-09	-1.64627266486e-07
1.47719896247e-09	-2.30017633385e-07
1.4808735354e-09	-1.96792257157e-07
1.48454810833e-09	-8.07308069284e-08
1.48822268127e-09	6.52839844406e-08
1.4918972542e-09	1.75468883867e-07
1.49557182713e-09	2.01107525299e-07
1.49924640006e-09	1.32545196152e-07
1.502920973e-09	3.18007620237e-09
1.50659554593e-09	-1.26212768237e-07
1.51027011886e-09	-1.95453040419e-07
1.51394469179e-09	-1.72359648332e-07
1.51761926473e-09	-6.71119053663e-08
1.52129383766e-09	7.27630293795e-08
1.52496841059e-09	1.84266497172e-07
1.52864298352e-09	2.17573074224e-07
1.53231755645e-09	1.58400823125e-07
1.53599212939e-09	3.40794450437e-08
1.53966670232e-09	-9.92797737354e-08
1.54334127525e-09	-1.82494517276e-07
1.54701584818e-09	-1.80100144576e-07
1.55069042112e-09	-9.60088328839e-08
1.55436499405e-09	2.89855499602e-08
1.55803956698e-09	1.36467733114e-07
1.56171413991e-09	1.77370239385e-07
1.56538871285e-09	1.34151790121e-07
1.56906328578e-09	2.81166343541e-08
1.57273785871e-09	-9.11535806836e-08
1.57641243164e-09	-1.69008217199e-07
1.58008700458e-09	-1.70663298604e-07
1.58376157751e-09	-9.64828856809e-08
1.58743615044e-09	1.90635383035e-08
1.59111072337e-09	1.2382643888e-07
1.5947852963e-09	1.71933905335e-07
1.59845986924e-09	1.44262784829e-07
1.60213444217e-09	5.62711122143e-08
1.6058090151e-09	-5.0009248298e-08
1.60948358803e-09	-1.25805996731e-07
1.61315816097e-09	-1.37957528068e-07
1.6168327339e-09	-8.35260607346e-08
1.62050730683e-09	9.81935599498e-09
1.62418187976e-09	9.74725651304e-08
1.6278564527e-09	1.38917272352e-07
1.63153102563e-09	1.16192460098e-07
1.63520559856e-09	4.13379268593e-08
1.63888017149e-09	-5.02369594813e-08
1.64255474443e-09	-1.16853698273e-07
1.64622931736e-09	-1.29833239271e-07
1.64990389029e-09	-8.59734683445e-08
1.65357846322e-09	-7.83105846835e-09
1.65725303615e-09	6.77463205534e-08
1.66092760909e-09	1.07061701726e-07
1.66460218202e-09	9.47484011249e-08
1.66827675495e-09	3.98857373796e-08
1.67195132788e-09	-2.93518311878e-08
1.67562590082e-09	-7.95864849579e-08
1.67930047375e-09	-8.79292656464e-08
1.68297504668e-09	-5.21549559096e-08
1.68664961961e-09	9.18401710237e-09
1.69032419255e-09	6.63875567852e-08
1.69399876548e-09	9.30704260327e-08
1.69767333841e-09	7.84171731993e-08
1.70134791134e-09	3.14764108111e-08
1.70502248427e-09	-2.41880897534e-08
1.70869705721e-09	-6.24665901228e-08
1.71237163014e-09	-6.72060238571e-08
1.71604620307e-09	-3.92304286834e-08
1.719720776e-09	5.15572740056e-09
1.72339534894e-09	4.29640394373e-08
1.72706992187e-09	5.59709150139e-08
1.7307444948e-09	3.92123453707e-08
1.73441906773e-09	2.63415089741e-09
1.73809364067e-09	-3.45305863902e-08
1.7417682136e-09	-5.3612485118e-08
1.74544278653e-09	-4.56715341102e-08
1.74911735946e-09	-1.5541425924e-08
1.7527919324e-09	2.10610675566e-08
1.75646650533e-09	4.57711841761e-08
1.76014107826e-09	4.6930193065e-08
1.76381565119e-09	2.53194354372e-08
1.76749022412e-09	-6.57805410142e-09
1.77116479706e-09	-3.13290371423e-08
1.77483936999e-09	-3.57316736199e-08
1.77851394292e-09	-1.76473822222e-08
1.78218851585e-09	1.302618724e-08
1.78586308879e-09	3.96661263835e-08
1.78953766172e-09	4.76588937204e-08
1.79321223465e-09	3.20312665281e-08
1.79688680758e-09	7.10254077774e-11
1.80056138052e-09	-3.23296411864e-08
1.80423595345e-09	-4.87108309244e-08
1.80791052638e-09	-4.04281799149e-08
1.81158509931e-09	-1.1178183712e-08
1.81525967225e-09	2.45980906755e-08
1.81893424518e-09	4.87472462396e-08
1.82260881811e-09	4.84825726232e-08
1.82628339104e-09	2.30393020217e-08
1.82995796397e-09	-1.54972301658e-08
1.83363253691e-09	-4.78324899689e-08
1.83730710984e-09	-5.69517339954e-08
1.84098168277e-09	-3.68267087936e-08
1.8446562557e-09	4.111752272e-09
1.84833082864e-09	4.66669725085e-08
1.85200540157e-09	7.00838000967e-08
1.8556799745e-09	6.23011189305e-08
1.85935454743e-09	2.61292925074e-08
1.86302912037e-09	-2.17616626941e-08
1.8667036933e-09	-5.86633177591e-08
1.87037826623e-09	-6.6705183599e-08
1.87405283916e-09	-4.15492884542e-08
1.87772741209e-09	5.27986498966e-09
1.88140198503e-09	5.16252534055e-08
1.88507655796e-09	7.50657065396e-08
1.88875113089e-09	6.36067767346e-08
1.89242570382e-09	2.16312567858e-08
1.89610027676e-09	-3.18063300142e-08
1.89977484969e-09	-7.16956236602e-08
1.90344942262e-09	-7.88441880673e-08
1.90712399555e-09	-4.91367089239e-08
1.91079856849e-09	4.20055368267e-09
1.91447314142e-09	5.65834810118e-08
1.91814771435e-09	8.35883326999e-08
1.92182228728e-09	7.25349380559e-08
1.92549686022e-09	2.85875874084e-08
1.92917143315e-09	-2.7606152031e-08
1.93284600608e-09	-6.96180109117e-08
1.93652057901e-09	-7.76652342438e-08
1.94019515194e-09	-4.78842991924e-08
1.94386972488e-09	5.8996865171e-09
1.94754429781e-09	5.86572532768e-08
1.95121887074e-09	8.58234159296e-08
1.95489344367e-09	7.46983630506e-08
1.95856801661e-09	3.03163538717e-08
1.96224258954e-09	-2.69081148474e-08
1.96591716247e-09	-7.06659974981e-08
1.9695917354e-09	-8.09647815458e-08
1.97326630834e-09	-5.34046655787e-08
1.97694088127e-09	-1.1688695567e-09
1.9806154542e-09	5.12185884816e-08
1.98429002713e-09	7.94284886751e-08
1.98796460007e-09	7.07123817278e-08
1.991639173e-09	2.9734632534e-08
1.99531374593e-09	-2.38494397564e-08
1.99898831886e-09	-6.48313474017e-08
2.00266289179e-09	-7.43274810588e-08
2.00633746473e-09	-4.84533586587e-08
2.01001203766e-09	1.92785565289e-10
2.01368661059e-09	4.87579043806e-08
2.01736118352e-09	7.49551531953e-08
2.02103575646e-09	6.73469600088e-08
2.02471032939e-09	3.03529930079e-08
2.02838490232e-09	-1.81906791852e-08
2.03205947525e-09	-5.56036638955e-08
2.03573404819e-09	-6.49860680824e-08
2.03940862112e-09	-4.29206750141e-08
2.04308319405e-09	-7.35250638151e-10
2.04675776698e-09	4.11572145254e-08
2.05043233992e-09	6.30756460396e-08
2.05410691285e-09	5.53207968323e-08
2.05778148578e-09	2.24852527708e-08
2.06145605871e-09	-1.91413640493e-08
2.06513063164e-09	-4.96651182402e-08
2.06880520458e-09	-5.51478365196e-08
2.07247977751e-09	-3.40087176198e-08
2.07615435044e-09	2.70568434324e-09
2.07982892337e-09	3.70698494123e-08
2.08350349631e-09	5.30675521304e-08
2.08717806924e-09	4.41014016417e-08
2.09085264217e-09	1.57096540221e-08
2.0945272151e-09	-1.75834848903e-08
2.09820178804e-09	-3.95617263393e-08
2.10187636097e-09	-4.0126735712e-08
2.1055509339e-09	-1.99122069944e-08
2.10922550683e-09	1.03952189079e-08
2.11290007976e-09	3.55610758618e-08
2.1165746527e-09	4.33630624741e-08
2.12024922563e-09	3.05046405913e-08
2.12392379856e-09	4.00579880377e-09
2.12759837149e-09	-2.25368950169e-08
2.13127294443e-09	-3.58964733493e-08
2.13494751736e-09	-2.98398354914e-08
2.13862209029e-09	-8.09467159968e-09
2.14229666322e-09	1.77686878544e-08
2.14597123616e-09	3.43872414987e-08
2.14964580909e-09	3.34311742733e-08
2.15332038202e-09	1.57328372552e-08
2.15699495495e-09	-9.30387500375e-09
2.16066952789e-09	-2.86221695234e-08
2.16434410082e-09	-3.21854685126e-08
2.16801867375e-09	-1.80456218857e-08
2.17169324668e-09	6.69899602457e-09
2.17536781961e-09	2.94878397256e-08
2.17904239255e-09	3.86141820741e-08
2.18271696548e-09	2.91579347333e-08
2.18639153841e-09	5.57653612177e-09
2.19006611134e-09	-2.03722034797e-08
2.19374068428e-09	-3.54299700689e-08
2.19741525721e-09	-3.15431378795e-08
2.20108983014e-09	-1.01041823797e-08
2.20476440307e-09	1.84778237156e-08
2.20843897601e-09	3.98112440791e-08
2.21211354894e-09	4.27242312639e-08
2.21578812187e-09	2.50241889432e-08
2.2194626948e-09	-5.14230613646e-09
2.22313726774e-09	-3.31215872507e-08
2.22681184067e-09	-4.4925968723e-08
2.2304864136e-09	-3.42099824024e-08
2.23416098653e-09	-5.57164492321e-09
2.23783555946e-09	2.74859282001e-08
2.2415101324e-09	4.89751528221e-08
2.24518470533e-09	4.81559396803e-08
2.24885927826e-09	2.48457290297e-08
2.25253385119e-09	-1.02597308427e-08
2.25620842413e-09	-4.04934787923e-08
2.25988299706e-09	-5.11026314598e-08
2.26355756999e-09	-3.63992569419e-08
2.26723214292e-09	-2.74153189039e-09
2.27090671586e-09	3.42178623214e-08
2.27458128879e-09	5.6837137663e-08
2.27825586172e-09	5.39418749668e-08
2.28193043465e-09	2.63552593083e-08
2.28560500758e-09	-1.32654376372e-08
2.28927958052e-09	-4.63082301394e-08
2.29295415345e-09	-5.7049490465e-08
2.29662872638e-09	-4.01952853224e-08
2.30030329931e-09	-3.48114692628e-09
2.30397787225e-09	3.59306504549e-08
2.30765244518e-09	5.95380491575e-08
2.31132701811e-09	5.62014719208e-08
2.31500159104e-09	2.73800466744e-08
2.31867616398e-09	-1.35495463738e-08
2.32235073691e-09	-4.75316568327e-08
2.32602530984e-09	-5.87065756008e-08
2.32969988277e-09	-4.18098444754e-08
2.33337445571e-09	-4.63928717664e-09
2.33704902864e-09	3.55528939622e-08
2.34072360157e-09	6.0107886668e-08
2.3443981745e-09	5.76888226078e-08
2.34807274743e-09	2.95827895513e-08
2.35174732037e-09	-1.09367652712e-08
2.3554218933e-09	-4.49134560654e-08
2.35909646623e-09	-5.66515012679e-08
2.36277103916e-09	-4.10467286827e-08
2.3664456121e-09	-5.82130255111e-09
2.37012018503e-09	3.23183719786e-08
2.37379475796e-09	5.56561516873e-08
2.37746933089e-09	5.37405568934e-08
2.38114390383e-09	2.80484666604e-08
2.38481847676e-09	-9.00653596148e-09
2.38849304969e-09	-4.01061441835e-08
2.39216762262e-09	-5.11513569279e-08
2.39584219556e-09	-3.76685598269e-08
2.39951676849e-09	-6.60996324342e-09
2.40319134142e-09	2.71833968668e-08
2.40686591435e-09	4.80698396643e-08
2.41054048728e-09	4.68939163056e-08
2.41421506022e-09	2.50614071717e-08
2.41788963315e-09	-6.45542375111e-09
2.42156420608e-09	-3.25831486236e-08
2.42523877901e-09	-4.13992182757e-08
2.42891335195e-09	-2.9634250609e-08
2.43258792488e-09	-3.84769327511e-09
2.43626249781e-09	2.3137236127e-08
2.43993707074e-09	3.86372462913e-08
2.44361164368e-09	3.61167522556e-08
2.44728621661e-09	1.794233917e-08
2.45096078954e-09	-6.28299368088e-09
2.45463536247e-09	-2.47405527176e-08
2.45830993541e-09	-2.91666708563e-08
2.46198450834e-09	-1.85697359711e-08
2.46565908127e-09	7.7841327828e-10
2.4693336542e-09	1.88392021983e-08
2.47300822713e-09	2.69291238197e-08
2.47668280007e-09	2.18942801666e-08
2.480357373e-09	7.3368897624e-09
2.48403194593e-09	-8.58113757829e-09
2.48770651886e-09	-1.75451742024e-08
2.4913810918e-09	-1.53854031737e-08
2.49505566473e-09	-4.06519173879e-09
2.49873023766e-09	9.62954516126e-09
2.50240481059e-09	1.7938560859e-08
2.50607938353e-09	1.64035700578e-08
2.50975395646e-09	6.26189233799e-09
2.51342852939e-09	-6.34290486801e-09
2.51710310232e-09	-1.38666003124e-08
2.52077767525e-09	-1.16506964076e-08
2.52445224819e-09	-6.238445871e-10
2.52812682112e-09	1.30921886665e-08
2.53180139405e-09	2.14792859055e-08
2.53547596698e-09	1.90816393797e-08
2.53915053992e-09	6.21672402445e-09
2.54282511285e-09	-1.08365920681e-08
2.54649968578e-09	-2.28896794852e-08
2.55017425871e-09	-2.26634710998e-08
2.55384883165e-09	-8.90118911911e-09
2.55752340458e-09	1.24336088092e-08
2.56119797751e-09	3.07089180751e-08
2.56487255044e-09	3.58572691539e-08
2.56854712338e-09	2.37496564637e-08
2.57222169631e-09	-1.08406950083e-09
2.57589626924e-09	-2.70396807167e-08
2.57957084217e-09	-4.0841655391e-08
2.5832454151e-09	-3.42659802754e-08
2.58691998804e-09	-8.79519124197e-09
2.59059456097e-09	2.43620732476e-08
2.5942691339e-09	4.92174194733e-08
2.59794370683e-09	5.27288719354e-08
2.60161827977e-09	3.1549930668e-08
2.6052928527e-09	-5.65722491075e-09
2.60896742563e-09	-4.17501482275e-08
2.61264199856e-09	-5.90357203123e-08
2.6163165715e-09	-4.79056119218e-08
2.61999114443e-09	-1.19912275665e-08
2.62366571736e-09	3.2853034071e-08
2.62734029029e-09	6.55446541487e-08
2.63101486323e-09	6.96624766761e-08
2.63468943616e-09	4.16167473816e-08
2.63836400909e-09	-6.93282586894e-09
2.64203858202e-09	-5.38674278516e-08
2.64571315495e-09	-7.66894814319e-08
2.64938772789e-09	-6.33029912933e-08
2.65306230082e-09	-1.83317023783e-08
2.65673687375e-09	3.8297663707e-08
2.66041144668e-09	8.0206071118e-08
2.66408601962e-09	8.6894729634e-08
2.66776059255e-09	5.37766098319e-08
2.67143516548e-09	-5.02193042706e-09
2.67510973841e-09	-6.26946530247e-08
2.67878431135e-09	-9.20238960589e-08
2.68245888428e-09	-7.82454421255e-08
2.68613345721e-09	-2.64062158806e-08
2.68980803014e-09	4.04044335767e-08
2.69348260307e-09	9.13629207844e-08
2.69715717601e-09	1.02144674941e-07
2.70083174894e-09	6.65079298301e-08
2.70450632187e-09	-2.5611415766e-10
2.7081808948e-09	-6.78622740224e-08
2.71185546774e-09	-1.04777150511e-07
2.71553004067e-09	-9.29489374357e-08
2.7192046136e-09	-3.66381058825e-08
2.72287918653e-09	3.89850143279e-08
2.72655375947e-09	9.90988979765e-08
2.7302283324e-09	1.15322393412e-07
2.73390290533e-09	7.91594061411e-08
2.73757747826e-09	6.40055608514e-09
2.7412520512e-09	-6.97848676623e-08
2.74492662413e-09	-1.140366237e-07
2.74860119706e-09	-1.05260937744e-07
2.75227576999e-09	-4.66781635566e-08
2.75595034292e-09	3.53219355986e-08
2.75962491586e-09	1.03113848127e-07
2.76329948879e-09	1.25130497963e-07
2.76697406172e-09	9.05679939933e-08
2.77064863465e-09	1.46567593617e-08
2.77432320759e-09	-6.80429437239e-08
2.77799778052e-09	-1.19386044162e-07
2.78167235345e-09	-1.15261215683e-07
2.78534692638e-09	-5.6944493565e-08
2.78902149932e-09	2.91697492827e-08
2.79269607225e-09	1.03521855976e-07
2.79637064518e-09	1.31604849685e-07
2.80004521811e-09	1.00044019291e-07
2.80371979105e-09	2.29947154651e-08
2.80739436398e-09	-6.42254605054e-08
2.81106893691e-09	-1.21386790397e-07
2.81474350984e-09	-1.21972675515e-07
2.81841808277e-09	-6.55000818028e-08
2.82209265571e-09	2.21827871627e-08
2.82576722864e-09	1.00777192813e-07
2.82944180157e-09	1.34097476234e-07
2.8331163745e-09	1.06742547246e-07
2.83679094744e-09	3.1216487173e-08
2.84046552037e-09	-5.77958942927e-08
2.8441400933e-09	-1.19361828865e-07
2.84781466623e-09	-1.25140715568e-07
2.85148923917e-09	-7.24644806382e-08
2.8551638121e-09	1.4400750814e-08
2.85883838503e-09	9.5424482538e-08
2.86251295796e-09	1.33300247285e-07
2.8661875309e-09	1.10683046728e-07
2.86986210383e-09	3.81803175742e-08
2.87353667676e-09	-5.06241768505e-08
2.87721124969e-09	-1.14782906735e-07
2.88088582262e-09	-1.24928973833e-07
2.88456039556e-09	-7.67600170093e-08
2.88823496849e-09	7.16352710484e-09
2.89190954142e-09	8.80222330579e-08
2.89558411435e-09	1.28732324356e-07
2.89925868729e-09	1.10974418988e-07
2.90293326022e-09	4.34274411987e-08
2.90660783315e-09	-4.24599306825e-08
2.91028240608e-09	-1.0711588061e-07
2.91395697902e-09	-1.21087836646e-07
2.91763155195e-09	-7.84801557074e-08
2.92130612488e-09	5.43863287739e-10
2.92498069781e-09	7.92889522927e-08
2.92865527074e-09	1.21585088664e-07
2.93232984368e-09	1.08458628745e-07
2.93600441661e-09	4.66878233851e-08
2.93967898954e-09	-3.46470443446e-08
2.94335356247e-09	-9.78794645334e-08
2.94702813541e-09	-1.1426391211e-07
2.95070270834e-09	-7.70800738792e-08
2.95437728127e-09	-4.35166613855e-09
2.9580518542e-09	6.98981850178e-08
2.96172642714e-09	1.11597977082e-07
2.96540100007e-09	1.02277894598e-07
2.969075573e-09	4.7241538681e-08
2.97275014593e-09	-2.73510067927e-08
2.97642471887e-09	-8.69078107257e-08
2.9800992918e-09	-1.04453299343e-07
2.98377386473e-09	-7.28609705902e-08
2.98744843766e-09	-7.72019870254e-09
2.99112301059e-09	6.03014456146e-08
2.99479758353e-09	9.99026781301e-08
2.99847215646e-09	9.35893709197e-08
3.00214672939e-09	4.54349162737e-08
3.00582130232e-09	-2.13090025625e-08
3.00949587526e-09	-7.5437014857e-08
3.01317044819e-09	-9.24171814631e-08
3.01684502112e-09	-6.55481713352e-08
3.02051959405e-09	-8.54015347329e-09
3.02419416699e-09	5.14329592249e-08
3.02786873992e-09	8.66996217042e-08
3.03154331285e-09	8.18807990299e-08
3.03521788578e-09	4.0575400817e-08
3.03889245872e-09	-1.69335976352e-08
3.04256703165e-09	-6.36049151126e-08
3.04624160458e-09	-7.83537359439e-08
3.04991617751e-09	-5.55805144131e-08
3.05359075044e-09	-7.22437887291e-09
3.05726532338e-09	4.33881695017e-08
3.06093989631e-09	7.27680031787e-08
3.06461446924e-09	6.8185251223e-08
3.06828904217e-09	3.31994414182e-08
3.07196361511e-09	-1.46242360444e-08
3.07563818804e-09	-5.24713428263e-08
3.07931276097e-09	-6.31763512615e-08
3.0829873339e-09	-4.30353210845e-08
3.08666190684e-09	-2.96493651852e-09
3.09033647977e-09	3.72838790952e-08
3.0940110527e-09	5.88402002677e-08
3.09768562563e-09	5.2570189979e-08
3.10136019856e-09	2.29295054055e-08
3.1050347715e-09	-1.48122563104e-08
3.10870934443e-09	-4.23486667955e-08
3.11238391736e-09	-4.71894665566e-08
3.11605849029e-09	-2.83302785675e-08
3.11973306323e-09	3.84018372657e-09
3.12340763616e-09	3.30893605849e-08
3.12708220909e-09	4.54565949326e-08
3.13075678202e-09	3.59091103519e-08
3.13443135496e-09	1.03722106459e-08
3.13810592789e-09	-1.76768075733e-08
3.14178050082e-09	-3.4195817733e-08
3.14545507375e-09	-3.15602335377e-08
3.14912964669e-09	-1.2101662783e-08
3.15280421962e-09	1.34622437642e-08
3.15647879255e-09	3.17654453852e-08
3.16015336548e-09	3.36786136756e-08
3.16382793841e-09	1.88461530826e-08
3.16750251135e-09	-4.38848779538e-09
3.17117708428e-09	-2.35158559292e-08
3.17485165721e-09	-2.84467365219e-08
3.17852623014e-09	-1.6741076081e-08
3.18220080308e-09	5.20224574529e-09
3.18587537601e-09	2.55528451731e-08
3.18954994894e-09	3.3281821743e-08
3.19322452187e-09	2.39793820356e-08
3.19689909481e-09	2.25849605684e-09
3.20057366774e-09	-2.05223731342e-08
3.20424824067e-09	-3.21026369932e-08
3.2079228136e-09	-2.5751129229e-08
3.21159738654e-09	-3.99177046972e-09
3.21527195947e-09	2.2381207998e-08
3.2189465324e-09	3.9621625092e-08
3.22262110533e-09	3.80764930696e-08
3.22629567826e-09	1.74072702919e-08
3.2299702512e-09	-1.27860007026e-08
3.23364482413e-09	-3.7422839938e-08
3.23731939706e-09	-4.34274234351e-08
3.24099396999e-09	-2.65370800889e-08
3.24466854293e-09	6.06630479183e-09
3.24834311586e-09	3.88075065416e-08
3.25201768879e-09	5.5169049773e-08
3.25569226172e-09	4.59555558052e-08
3.25936683466e-09	1.42688199034e-08
3.26304140759e-09	-2.54314933557e-08
3.26671598052e-09	-5.3957332824e-08
3.27039055345e-09	-5.66444953165e-08
3.27406512639e-09	-3.07862642046e-08
3.27773969932e-09	1.24863817064e-08
3.28141427225e-09	5.30044452773e-08
3.28508884518e-09	7.09682836941e-08
3.28876341811e-09	5.65766242744e-08
3.29243799105e-09	1.52124322028e-08
3.29611256398e-09	-3.4487520395e-08
3.29978713691e-09	-6.90486814392e-08
3.30346170984e-09	-7.12460206387e-08
3.30713628278e-09	-3.86320238022e-08
3.31081085571e-09	1.4695041628e-08
3.31448542864e-09	6.41985451466e-08
3.31816000157e-09	8.62261799739e-08
3.32183457451e-09	6.9312555695e-08
3.32550914744e-09	2.00499155056e-08
3.32918372037e-09	-3.94459114261e-08
3.3328582933e-09	-8.15093059714e-08
3.33653286623e-09	-8.58181934404e-08
3.34020743917e-09	-4.91754619247e-08
3.3438820121e-09	1.25054340216e-08
3.34755658503e-09	7.11405263587e-08
3.35123115796e-09	9.92949296119e-08
3.3549057309e-09	8.3015237351e-08
3.35858030383e-09	2.86867898325e-08
3.36225487676e-09	-3.94355943456e-08
3.36592944969e-09	-9.00801637727e-08
3.36960402263e-09	-9.93395445903e-08
3.37327859556e-09	-6.19587581241e-08
3.37695316849e-09	5.80759529356e-09
3.38062774142e-09	7.32774765311e-08
3.38430231436e-09	1.09283845973e-07
3.38797688729e-09	9.66088649079e-08
3.39165146022e-09	4.02070696737e-08
3.39532603315e-09	-3.47135156176e-08
3.39900060608e-09	-9.40160163054e-08
3.40267517902e-09	-1.10239675166e-07
3.40634975195e-09	-7.53296234279e-08
3.41002432488e-09	-4.57860549474e-09
3.41369889781e-09	7.01144386994e-08
3.41737347075e-09	1.14672864981e-07
3.42104804368e-09	1.08414532463e-07
3.42472261661e-09	5.3640018649e-08
3.42839718954e-09	-2.5189468289e-08
3.43207176248e-09	-9.24102181443e-08
3.43574633541e-09	-1.17327878968e-07
3.43942090834e-09	-8.82589219486e-08
3.44309548127e-09	-1.80098744806e-08
3.44677005421e-09	6.1788419714e-08
3.45044462714e-09	1.14972522169e-07
3.45411920007e-09	1.172900852e-07
3.457793773e-09	6.74850042515e-08
3.46146834593e-09	-1.20618723898e-08
3.46514291887e-09	-8.54438653164e-08
3.4688174918e-09	-1.19502303164e-07
3.47249206473e-09	-9.88420794101e-08
3.47616663766e-09	-3.27810596445e-08
3.4798412106e-09	4.8896026783e-08
3.48351578353e-09	1.0942081019e-07
3.48719035646e-09	1.21627380167e-07
3.49086492939e-09	8.01557220598e-08
3.49453950233e-09	3.78661901834e-09
3.49821407526e-09	-7.30951583705e-08
3.50188864819e-09	-1.16021368513e-07
3.50556322112e-09	-1.05928478433e-07
3.50923779405e-09	-4.763357353e-08
3.51291236699e-09	3.24697069232e-08
3.51658693992e-09	9.84061117038e-08
3.52026151285e-09	1.20828701711e-07
3.52393608578e-09	9.01139571852e-08
3.52761065872e-09	2.04796908321e-08
3.53128523165e-09	-5.66351374687e-08
3.53495980458e-09	-1.06820913004e-07
3.53863437751e-09	-1.08093885842e-07
3.54230895045e-09	-6.05241723406e-08
3.54598352338e-09	1.41156366595e-08
3.54965809631e-09	8.23562089636e-08
3.55333266924e-09	1.14079512059e-07
3.55700724218e-09	9.58218251412e-08
3.56068181511e-09	3.64632484207e-08
3.56435638804e-09	-3.70914392533e-08
3.56803096097e-09	-9.21389329278e-08
3.5717055339e-09	-1.04744920293e-07
3.57538010684e-09	-7.01590465724e-08
3.57905467977e-09	-4.53284254576e-09
3.5827292527e-09	6.26386480462e-08
3.58640382563e-09	1.01812815956e-07
3.59007839857e-09	9.64214947885e-08
3.5937529715e-09	4.98591390397e-08
3.59742754443e-09	-1.64992126628e-08
3.60110211736e-09	-7.31462179715e-08
3.6047766903e-09	-9.55971373173e-08
3.60845126323e-09	-7.49735136196e-08
3.61212583616e-09	-2.14372981588e-08
3.61580040909e-09	4.08055136347e-08
3.61947498203e-09	8.44773850872e-08
3.62314955496e-09	9.11950621685e-08
3.62682412789e-09	5.91728728239e-08
3.63049870082e-09	3.46154593878e-09
3.63417327375e-09	-5.11294757644e-08
3.63784784669e-09	-8.10990528066e-08
3.64152241962e-09	-7.43631716205e-08
3.64519699255e-09	-3.50713271757e-08
3.64887156548e-09	1.87707023258e-08
3.65254613842e-09	6.35653378822e-08
3.65622071135e-09	8.04788200526e-08
3.65989528428e-09	6.33367918113e-08
3.66356985721e-09	2.07584669454e-08
3.66724443015e-09	-2.81389542778e-08
3.67091900308e-09	-6.23439220249e-08
3.67459357601e-09	-6.7975193474e-08
3.67826814894e-09	-4.38535643354e-08
3.68194272187e-09	-1.42020362137e-09
3.68561729481e-09	4.06886435655e-08
3.68929186774e-09	6.48295710448e-08
3.69296644067e-09	6.17093292021e-08
3.6966410136e-09	3.38625696372e-08
3.70031558654e-09	-5.99806115886e-09
3.70399015947e-09	-4.07815718972e-08
3.7076647324e-09	-5.63308475421e-08
3.71133930533e-09	-4.71255319212e-08
3.71501387827e-09	-1.81133739119e-08
3.7186884512e-09	1.78676700102e-08
3.72236302413e-09	4.57655957575e-08
3.72603759706e-09	5.45804610397e-08
3.72971217e-09	4.16325462993e-08
3.73338674293e-09	1.32028707966e-08
3.73706131586e-09	-1.84899953126e-08
3.74073588879e-09	-4.05322637675e-08
3.74441046172e-09	-4.45309780162e-08
3.74808503466e-09	-2.97138633698e-08
3.75175960759e-09	-2.82548695552e-09
3.75543418052e-09	2.49360283533e-08
3.75910875345e-09	4.25489936617e-08
3.76278332639e-09	4.3467291988e-08
3.76645789932e-09	2.79588370233e-08
3.77013247225e-09	2.69744981907e-09
3.77380704518e-09	-2.20802895967e-08
3.77748161812e-09	-3.6667842096e-08
3.78115619105e-09	-3.56211558028e-08
3.78483076398e-09	-1.97337790553e-08
3.78850533691e-09	4.43112524451e-09
3.79217990985e-09	2.7220718124e-08
3.79585448278e-09	3.96969994654e-08
3.79952905571e-09	3.70974682085e-08
3.80320362864e-09	2.06262029678e-08
3.80687820157e-09	-3.08816372474e-09
3.81055277451e-09	-2.4621485295e-08
3.81422734744e-09	-3.54523415069e-08
3.81790192037e-09	-3.12904546718e-08
3.8215764933e-09	-1.37682736323e-08
3.82525106624e-09	1.01664650032e-08
3.82892563917e-09	3.09496783757e-08
3.8326002121e-09	4.01711268694e-08
3.83627478503e-09	3.39690267026e-08
3.83994935797e-09	1.46747591856e-08
3.8436239309e-09	-1.00008614723e-08
3.84729850383e-09	-3.0003516116e-08
3.85097307676e-09	-3.70254120696e-08
3.8546476497e-09	-2.79787002455e-08
3.85832222263e-09	-6.39057162743e-09
3.86199679556e-09	1.89379321114e-08
3.86567136849e-09	3.75094408867e-08
3.86934594142e-09	4.14924983261e-08
3.87302051436e-09	2.90427308869e-08
3.87669508729e-09	5.16872589174e-09
3.88036966022e-09	-2.0260428002e-08
3.88404423315e-09	-3.65873162878e-08
3.88771880609e-09	-3.68352921498e-08
3.89139337902e-09	-2.07123491691e-08
3.89506795195e-09	5.15449860572e-09
3.89874252488e-09	2.99197324694e-08
3.90241709782e-09	4.30661657447e-08
3.90609167075e-09	3.89046022065e-08
3.90976624368e-09	1.90746405337e-08
3.91344081661e-09	-8.07239164402e-09
3.91711538954e-09	-3.09972314483e-08
3.92078996248e-09	-3.99144113317e-08
3.92446453541e-09	-3.10048342556e-08
3.92813910834e-09	-8.07060729358e-09
3.93181368127e-09	1.90995343985e-08
3.93548825421e-09	3.89336918261e-08
3.93916282714e-09	4.30281872354e-08
3.94283740007e-09	2.97212139344e-08
3.946511973e-09	4.76088324319e-09
3.95018654594e-09	-2.11817408058e-08
3.95386111887e-09	-3.70854849052e-08
3.9575356918e-09	-3.6275782378e-08
3.96121026473e-09	-1.92395006593e-08
3.96488483767e-09	6.62929666717e-09
3.9685594106e-09	3.02466993674e-08
3.97223398353e-09	4.16107326373e-08
3.97590855646e-09	3.60707588243e-08
3.97958312939e-09	1.6244104728e-08
3.98325770233e-09	-9.22196896624e-09
3.98693227526e-09	-2.94521385058e-08
3.99060684819e-09	-3.60256358078e-08
3.99428142112e-09	-2.6487638749e-08
3.99795599406e-09	-5.23230969662e-09
4.00163056699e-09	1.85442186051e-08
4.00530513992e-09	3.48478295109e-08
4.00897971285e-09	3.70880073319e-08
4.01265428579e-09	2.47231888295e-08
4.01632885872e-09	3.29444294067e-09
4.02000343165e-09	-1.80620105539e-08
4.02367800458e-09	-3.05151992563e-08
4.02735257752e-09	-2.91901489646e-08
4.03102715045e-09	-1.50584007486e-08
4.03470172338e-09	5.65389868257e-09
4.03837629631e-09	2.4225219164e-08
4.04205086924e-09	3.31277973942e-08
4.04572544218e-09	2.90786470458e-08
4.04940001511e-09	1.42099505496e-08
4.05307458804e-09	-5.04527664091e-09
4.05674916097e-09	-2.07607921965e-08
4.06042373391e-09	-2.67830717604e-08
4.06409830684e-09	-2.10991348837e-08
4.06777287977e-09	-6.4226712837e-09
4.0714474527e-09	1.11084350607e-08
4.07512202564e-09	2.44979911912e-08
4.07879659857e-09	2.86443704312e-08
4.0824711715e-09	2.22308536024e-08
4.08614574443e-09	8.08094924309e-09
4.08982031736e-09	-8.07952993398e-09
4.0934948903e-09	-1.99175733684e-08
4.09716946323e-09	-2.29443237743e-08
4.10084403616e-09	-1.61810405075e-08
4.10451860909e-09	-2.44027020813e-09
4.10819318203e-09	1.28469173077e-08
4.11186775496e-09	2.3761948853e-08
4.11554232789e-09	2.61524633061e-08
4.11921690082e-09	1.91707005825e-08
4.12289147376e-09	5.54303358768e-09
4.12656604669e-09	-9.48217060426e-09
