% time-domain current integration by openEMS v0.0.36-93-g7b9cd51 @Thu Sep 24 16:23:26 2026
% start-coordinates: (0.00695,-0.0023,0.000323542) m -> [9,1,6]
% stop-coordinates: (0.007,0.0006,0.000323542) m -> [10,4,6]
% t/s	current
2.06436681592e-14	0
3.6952166005e-12	-2.22945528705e-09
7.36978953284e-12	-3.97763688653e-09
1.10443624652e-11	-1.18213638878e-09
1.47189353975e-11	1.14961808961e-08
1.83935083299e-11	4.58066580222e-08
2.20680812622e-11	1.15826999547e-07
2.57426541946e-11	2.32112071785e-07
2.94172271269e-11	3.86588311585e-07
3.30918000592e-11	5.29427495621e-07
3.67663729916e-11	5.48418142898e-07
4.04409459239e-11	2.63841997139e-07
4.41155188563e-11	-5.39120435405e-07
4.77900917886e-11	-2.02578962671e-06
5.14646647209e-11	-4.18518357037e-06
5.51392376533e-11	-6.7050391408e-06
5.88138105856e-11	-8.92145180842e-06
6.2488383518e-11	-9.91258275462e-06
6.61629564503e-11	-8.75847763382e-06
6.98375293827e-11	-4.90714091939e-06
7.3512102315e-11	1.49423158291e-06
7.71866752473e-11	9.4682436611e-06
8.08612481797e-11	1.73803018697e-05
8.4535821112e-11	2.33890932577e-05
8.82103940444e-11	2.60138021986e-05
9.18849669767e-11	2.45911396632e-05
9.55595399091e-11	1.94449967239e-05
9.92341128414e-11	1.17275194498e-05
1.02908685774e-10	3.03185129269e-06
1.06583258706e-10	-5.044063073e-06
1.10257831638e-10	-1.12264433483e-05
1.13932404571e-10	-1.47290584209e-05
1.17606977503e-10	-1.52841894305e-05
1.21281550435e-10	-1.31108517962e-05
1.24956123368e-10	-8.86365887709e-06
1.286306963e-10	-3.54841495209e-06
1.32305269232e-10	1.64110997503e-06
1.35979842165e-10	5.58082138014e-06
1.39654415097e-10	7.5108710007e-06
1.4332898803e-10	7.25295421944e-06
1.47003560962e-10	5.24068946106e-06
1.50678133894e-10	2.32868001149e-06
1.54352706827e-10	-5.42222039712e-07
1.58027279759e-10	-2.67246650765e-06
1.61701852691e-10	-3.77949845642e-06
1.65376425624e-10	-3.96155428461e-06
1.69050998556e-10	-3.50895743395e-06
1.72725571488e-10	-2.69284782917e-06
1.76400144421e-10	-1.64963171301e-06
1.80074717353e-10	-4.1012509655e-07
1.83749290285e-10	9.83732093118e-07
1.87423863218e-10	2.37734502662e-06
1.9109843615e-10	3.49164497493e-06
1.94773009082e-10	4.01811257689e-06
1.98447582015e-10	3.76170555683e-06
2.02122154947e-10	2.74365424957e-06
2.05796727879e-10	1.20733307085e-06
2.09471300812e-10	-4.79193147385e-07
2.13145873744e-10	-1.97026338355e-06
2.16820446676e-10	-3.05747835228e-06
2.20495019609e-10	-3.69946906176e-06
2.24169592541e-10	-3.96334735342e-06
2.27844165473e-10	-3.92375386582e-06
2.31518738406e-10	-3.59058503818e-06
2.35193311338e-10	-2.9114003155e-06
2.3886788427e-10	-1.84192720099e-06
2.42542457203e-10	-4.33836419234e-07
2.46217030135e-10	1.12511020234e-06
2.49891603067e-10	2.55396616922e-06
2.53566176e-10	3.58499801223e-06
2.57240748932e-10	4.07526158597e-06
2.60915321864e-10	4.05883383792e-06
2.64589894797e-10	3.70772909264e-06
2.68264467729e-10	3.22625737681e-06
2.71939040661e-10	2.73913656201e-06
2.75613613594e-10	2.23507436203e-06
2.79288186526e-10	1.59858882398e-06
2.82962759459e-10	7.09301616553e-07
2.86637332391e-10	-4.51049459116e-07
2.90311905323e-10	-1.74576052814e-06
2.93986478256e-10	-2.91814285447e-06
2.97661051188e-10	-3.69858094018e-06
3.0133562412e-10	-3.92539413951e-06
3.05010197053e-10	-3.61257411896e-06
3.08684769985e-10	-2.92956656267e-06
3.12359342917e-10	-2.11009887607e-06
3.1603391585e-10	-1.34364972837e-06
3.19708488782e-10	-7.09336973159e-07
3.23383061714e-10	-1.81719684633e-07
3.27057634647e-10	3.07895788865e-07
3.30732207579e-10	7.98069436314e-07
3.34406780511e-10	1.25818701235e-06
3.38081353444e-10	1.60434842655e-06
3.41755926376e-10	1.75242098521e-06
3.45430499308e-10	1.67208645507e-06
3.49105072241e-10	1.40791075864e-06
3.52779645173e-10	1.05569165498e-06
3.56454218105e-10	7.12639973699e-07
3.60128791038e-10	4.31852413385e-07
3.6380336397e-10	2.08060129125e-07
3.67477936902e-10	1.49195500398e-09
3.71152509835e-10	-2.20207738266e-07
3.74827082767e-10	-4.49546092796e-07
3.78501655699e-10	-6.36496622519e-07
3.82176228632e-10	-7.1758068998e-07
3.85850801564e-10	-6.54391271837e-07
3.89525374496e-10	-4.55774198826e-07
3.93199947429e-10	-1.73190642272e-07
3.96874520361e-10	1.25435335008e-07
4.00549093293e-10	3.84916290841e-07
4.04223666226e-10	5.75687977289e-07
4.07898239158e-10	6.87826968715e-07
4.1157281209e-10	7.17362240721e-07
4.15247385023e-10	6.57994405628e-07
4.18921957955e-10	5.06149262947e-07
4.22596530888e-10	2.74153791224e-07
4.2627110382e-10	-1.5292300759e-09
4.29945676752e-10	-2.65039972192e-07
4.33620249685e-10	-4.60174760519e-07
4.37294822617e-10	-5.54097027816e-07
4.40969395549e-10	-5.50013396605e-07
4.44643968482e-10	-4.81445169953e-07
4.48318541414e-10	-3.90018556118e-07
4.51993114346e-10	-2.9905976362e-07
4.55667687279e-10	-2.00559682639e-07
4.59342260211e-10	-6.24345801725e-08
4.63016833143e-10	1.47866728639e-07
4.66691406076e-10	4.37388706587e-07
4.70365979008e-10	7.76865988428e-07
4.7404055194e-10	1.11102610845e-06
4.77715124873e-10	1.38310679176e-06
4.81389697805e-10	1.55856105266e-06
4.85064270737e-10	1.63306685863e-06
4.8873884367e-10	1.6224181536e-06
4.92413416602e-10	1.54319002377e-06
4.96087989534e-10	1.39837391089e-06
4.99762562467e-10	1.17717445391e-06
5.03437135399e-10	8.67210474098e-07
5.07111708331e-10	4.71727105378e-07
5.10786281264e-10	2.10180566285e-08
5.14460854196e-10	-4.30129972528e-07
5.18135427128e-10	-8.17238515083e-07
5.21810000061e-10	-1.08682718292e-06
5.25484572993e-10	-1.21421476251e-06
5.29159145925e-10	-1.21028494959e-06
5.32833718858e-10	-1.11470069442e-06
5.3650829179e-10	-9.78387674877e-07
5.40182864722e-10	-8.42721760819e-07
5.43857437655e-10	-7.24452036138e-07
5.47532010587e-10	-6.11931739058e-07
5.51206583519e-10	-4.74137891615e-07
5.54881156452e-10	-2.78787410934e-07
5.58555729384e-10	-1.21819923038e-08
5.62230302317e-10	3.07158217083e-07
5.65904875249e-10	6.27231884209e-07
5.69579448181e-10	8.76510057424e-07
5.73254021114e-10	9.89401542029e-07
5.76928594046e-10	9.3286990932e-07
5.80603166978e-10	7.22577681245e-07
5.84277739911e-10	4.1933645889e-07
5.87952312843e-10	1.05071357837e-07
5.91626885775e-10	-1.49961749685e-07
5.95301458708e-10	-3.13682789965e-07
5.9897603164e-10	-3.99349289637e-07
6.02650604572e-10	-4.49120733492e-07
6.06325177505e-10	-5.05090497427e-07
6.09999750437e-10	-5.8352702581e-07
6.13674323369e-10	-6.64835113184e-07
6.17348896302e-10	-7.044966992e-07
6.21023469234e-10	-6.57343548482e-07
6.24698042166e-10	-5.02219279497e-07
6.28372615099e-10	-2.54721214787e-07
6.32047188031e-10	3.85661707014e-08
6.35721760963e-10	3.19123103054e-07
6.39396333896e-10	5.39098834906e-07
6.43070906828e-10	6.77328387155e-07
6.4674547976e-10	7.41104713597e-07
6.50420052693e-10	7.55673454478e-07
6.54094625625e-10	7.47893238895e-07
6.57769198557e-10	7.31551608624e-07
6.6144377149e-10	7.01247472534e-07
6.65118344422e-10	6.35986907582e-07
6.68792917354e-10	5.10209929416e-07
6.72467490287e-10	3.07766129026e-07
6.76142063219e-10	3.32809548809e-08
6.79816636151e-10	-2.82944483843e-07
6.83491209084e-10	-5.89566923281e-07
6.87165782016e-10	-8.28371867101e-07
6.90840354948e-10	-9.53589790242e-07
6.94514927881e-10	-9.49320906329e-07
6.98189500813e-10	-8.36788331071e-07
7.01864073746e-10	-6.66641881253e-07
7.05538646678e-10	-4.98129452353e-07
7.0921321961e-10	-3.73486216176e-07
7.12887792543e-10	-2.99626037759e-07
7.16562365475e-10	-2.4695489742e-07
7.20236938407e-10	-1.66931869217e-07
7.2391151134e-10	-1.98443501631e-08
7.27586084272e-10	2.00837462216e-07
7.31260657204e-10	4.5995778919e-07
7.34935230137e-10	6.93629090165e-07
7.38609803069e-10	8.36833464746e-07
7.42284376001e-10	8.51698700899e-07
7.45958948934e-10	7.42830820855e-07
7.49633521866e-10	5.5240036545e-07
7.53308094798e-10	3.39319910836e-07
7.56982667731e-10	1.53843728867e-07
7.60657240663e-10	1.96648475281e-08
7.64331813595e-10	-6.85315342253e-08
7.68006386528e-10	-1.34279517283e-07
7.7168095946e-10	-2.02336735811e-07
7.75355532392e-10	-2.83907183984e-07
7.79030105325e-10	-3.71537566934e-07
7.82704678257e-10	-4.43686104745e-07
7.86379251189e-10	-4.75255717447e-07
7.90053824122e-10	-4.49358964261e-07
7.93728397054e-10	-3.64420429833e-07
7.97402969986e-10	-2.34976980096e-07
8.01077542919e-10	-8.64688161073e-08
8.04752115851e-10	5.38444275833e-08
8.08426688783e-10	1.65431458754e-07
8.12101261716e-10	2.39990356476e-07
8.15775834648e-10	2.82170276478e-07
8.1945040758e-10	3.04970228626e-07
8.23124980513e-10	3.22072537529e-07
8.26799553445e-10	3.39628854817e-07
8.30474126377e-10	3.51665278231e-07
8.3414869931e-10	3.42084206295e-07
8.37823272242e-10	2.92706602067e-07
8.41497845175e-10	1.94420294974e-07
8.45172418107e-10	5.56723769307e-08
8.48846991039e-10	-9.72323945803e-08
8.52521563972e-10	-2.29093430448e-07
8.56196136904e-10	-3.10292591621e-07
8.59870709836e-10	-3.29332522142e-07
8.63545282769e-10	-2.9688303016e-07
8.67219855701e-10	-2.38967402311e-07
8.70894428633e-10	-1.83137800036e-07
8.74569001566e-10	-1.45351776837e-07
8.78243574498e-10	-1.24162170323e-07
8.8191814743e-10	-1.04584586325e-07
8.85592720363e-10	-6.86580747811e-08
8.89267293295e-10	-6.43721875804e-09
8.92941866227e-10	7.81950149076e-08
8.9661643916e-10	1.69611084289e-07
9.00291012092e-10	2.47793423114e-07
9.03965585024e-10	2.96619930396e-07
9.07640157957e-10	3.09364395434e-07
9.11314730889e-10	2.88817346927e-07
9.14989303821e-10	2.43522237042e-07
9.18663876754e-10	1.83051213298e-07
9.22338449686e-10	1.14463702516e-07
9.26013022618e-10	4.21291375119e-08
9.29687595551e-10	-3.06356398028e-08
9.33362168483e-10	-9.9983282098e-08
9.37036741415e-10	-1.60742331445e-07
9.40711314348e-10	-2.0751619445e-07
9.4438588728e-10	-2.36302724943e-07
9.48060460212e-10	-2.45396961418e-07
9.51735033145e-10	-2.35793649495e-07
9.55409606077e-10	-2.10533855238e-07
9.59084179009e-10	-1.74128075514e-07
9.62758751942e-10	-1.32107871309e-07
9.66433324874e-10	-8.97513743325e-08
9.70107897806e-10	-5.06173449821e-08
9.73782470739e-10	-1.5087803007e-08
9.77457043671e-10	1.99795024969e-08
9.81131616604e-10	5.8966424632e-08
9.84806189536e-10	1.03710625865e-07
9.88480762468e-10	1.50239699792e-07
9.92155335401e-10	1.88406957591e-07
9.95829908333e-10	2.0550605484e-07
9.99504481265e-10	1.92364680629e-07
1.0031790542e-09	1.48893704477e-07
1.00685362713e-09	8.55905923913e-08
1.01052820006e-09	1.9682270036e-08
1.01420277299e-09	-3.21988089524e-08
1.01787734593e-09	-6.11962889252e-08
1.02155191886e-09	-6.93694062193e-08
1.02522649179e-09	-6.72446134331e-08
1.02890106472e-09	-6.70758595334e-08
1.03257563766e-09	-7.55536433417e-08
1.03625021059e-09	-9.02406895875e-08
1.03992478352e-09	-1.01423722754e-07
1.04359935645e-09	-9.83354482287e-08
1.04727392939e-09	-7.59453158139e-08
1.05094850232e-09	-3.81668741056e-08
1.05462307525e-09	3.93390164888e-09
1.05829764818e-09	3.80170916969e-08
1.06197222112e-09	5.67067672819e-08
1.06564679405e-09	6.04779941682e-08
1.06932136698e-09	5.62709772112e-08
1.07299593991e-09	5.26029140246e-08
1.07667051284e-09	5.44263301094e-08
1.08034508578e-09	6.06388468327e-08
1.08401965871e-09	6.49080220683e-08
1.08769423164e-09	5.94332760784e-08
1.09136880457e-09	3.91407510847e-08
1.09504337751e-09	4.35262448306e-09
1.09871795044e-09	-3.85446661255e-08
1.10239252337e-09	-7.92758072521e-08
1.1060670963e-09	-1.0728971489e-07
1.10974166924e-09	-1.15329740424e-07
1.11341624217e-09	-1.02332435858e-07
1.1170908151e-09	-7.39981089737e-08
1.12076538803e-09	-4.08199980484e-08
1.12443996096e-09	-1.41550682287e-08
1.1281145339e-09	-1.30898647477e-09
1.13178910683e-09	-2.34524089038e-09
1.13546367976e-09	-1.00051691376e-08
1.13913825269e-09	-1.31065274189e-08
1.14281282563e-09	-2.42287789831e-09
1.14648739856e-09	2.41416699964e-08
1.15016197149e-09	5.97311284878e-08
1.15383654442e-09	9.11696176331e-08
1.15751111736e-09	1.05270942186e-07
1.16118569029e-09	9.54837346967e-08
1.16486026322e-09	6.5458934273e-08
1.16853483615e-09	2.74476583684e-08
1.17220940909e-09	-3.81688103346e-09
1.17588398202e-09	-1.86479205411e-08
1.17955855495e-09	-1.72309881918e-08
1.18323312788e-09	-8.96577034837e-09
1.18690770081e-09	-6.68316513242e-09
1.19058227375e-09	-1.87851174616e-08
1.19425684668e-09	-4.38049951867e-08
1.19793141961e-09	-7.08636775926e-08
1.20160599254e-09	-8.54410444617e-08
1.20528056548e-09	-7.74932331638e-08
1.20895513841e-09	-4.73536516665e-08
1.21262971134e-09	-5.99842930882e-09
1.21630428427e-09	3.01176896755e-08
1.21997885721e-09	4.70826009291e-08
1.22365343014e-09	4.02152373624e-08
1.22732800307e-09	1.59494106811e-08
1.231002576e-09	-1.12504041638e-08
1.23467714894e-09	-2.58054040359e-08
1.23835172187e-09	-1.84693522698e-08
1.2420262948e-09	9.23965792765e-09
1.24570086773e-09	4.52088997349e-08
1.24937544066e-09	7.1879924235e-08
1.2530500136e-09	7.42399066667e-08
1.25672458653e-09	4.69396077563e-08
1.26039915946e-09	-2.35787056546e-09
1.26407373239e-09	-5.56304300403e-08
1.26774830533e-09	-9.2017963027e-08
1.27142287826e-09	-9.69272235807e-08
1.27509745119e-09	-6.89319392677e-08
1.27877202412e-09	-2.08218793318e-08
1.28244659706e-09	2.58108698858e-08
1.28612116999e-09	5.01149877152e-08
1.28979574292e-09	4.18078727193e-08
1.29347031585e-09	6.2956404534e-09
1.29714488878e-09	-3.73541944043e-08
1.30081946172e-09	-6.51190745771e-08
1.30449403465e-09	-5.98381006967e-08
1.30816860758e-09	-2.02073344724e-08
1.31184318051e-09	3.76851119199e-08
1.31551775345e-09	8.74554046959e-08
1.31919232638e-09	1.05145232965e-07
1.32286689931e-09	8.11718123828e-08
1.32654147224e-09	2.55208014721e-08
1.33021604518e-09	-3.67774752874e-08
1.33389061811e-09	-7.7716514113e-08
1.33756519104e-09	-7.98902988208e-08
1.34123976397e-09	-4.48691430677e-08
1.34491433691e-09	7.73631025908e-09
1.34858890984e-09	4.98910601721e-08
1.35226348277e-09	5.87464583646e-08
1.3559380557e-09	2.77155596251e-08
1.35961262863e-09	-3.0314154742e-08
1.36328720157e-09	-8.87307294306e-08
1.3669617745e-09	-1.19473028803e-07
1.37063634743e-09	-1.06152143076e-07
1.37431092036e-09	-5.18081968437e-08
1.3779854933e-09	2.1927455407e-08
1.38166006623e-09	8.42420107006e-08
1.38533463916e-09	1.08980891866e-07
1.38900921209e-09	8.64272564627e-08
1.39268378503e-09	2.80172898215e-08
1.39635835796e-09	-3.86326917123e-08
1.40003293089e-09	-8.22301728931e-08
1.40370750382e-09	-8.19652399286e-08
1.40738207676e-09	-3.72939545912e-08
1.41105664969e-09	3.14562136339e-08
1.41473122262e-09	9.20878875377e-08
1.41840579555e-09	1.15004148427e-07
1.42208036848e-09	8.70609682124e-08
1.42575494142e-09	1.81121624365e-08
1.42942951435e-09	-6.29314627076e-08
1.43310408728e-09	-1.20824822147e-07
1.43677866021e-09	-1.30209770077e-07
1.44045323315e-09	-8.75450894e-08
1.44412780608e-09	-1.29792789849e-08
1.44780237901e-09	5.88760578069e-08
1.45147695194e-09	9.52274419319e-08
1.45515152488e-09	8.04913611319e-08
1.45882609781e-09	2.34821744272e-08
1.46250067074e-09	-4.7043393181e-08
1.46617524367e-09	-9.63434274581e-08
1.46984981661e-09	-1.00139750714e-07
1.47352438954e-09	-5.58908581638e-08
1.47719896247e-09	1.63159192823e-08
1.4808735354e-09	8.34264781702e-08
1.48454810833e-09	1.14851872013e-07
1.48822268127e-09	9.6509573666e-08
1.4918972542e-09	3.7012899412e-08
1.49557182713e-09	-3.65866341667e-08
1.49924640006e-09	-9.13565827432e-08
1.502920973e-09	-1.03645341198e-07
1.50659554593e-09	-6.96972648484e-08
1.51027011886e-09	-7.05033542658e-09
1.51394469179e-09	5.38581232945e-08
1.51761926473e-09	8.39344380665e-08
1.52129383766e-09	6.87744829975e-08
1.52496841059e-09	1.51883661204e-08
1.52864298352e-09	-5.20291685291e-08
1.53231755645e-09	-1.01605458269e-07
1.53599212939e-09	-1.1002667577e-07
1.53966670232e-09	-7.23443918105e-08
1.54334127525e-09	-4.49809789416e-09
1.54701584818e-09	6.38944328557e-08
1.55069042112e-09	1.02885486797e-07
1.55436499405e-09	9.59243280363e-08
1.55803956698e-09	4.74448391685e-08
1.56171413991e-09	-1.93071709731e-08
1.56538871285e-09	-7.30085218947e-08
1.56906328578e-09	-8.89875266807e-08
1.57273785871e-09	-6.06868297837e-08
1.57641243164e-09	-2.47165221623e-09
1.58008700458e-09	5.73539260529e-08
1.58376157751e-09	9.01322536606e-08
1.58743615044e-09	8.02870729899e-08
1.59111072337e-09	3.22681898979e-08
1.5947852963e-09	-3.19209974009e-08
1.59845986924e-09	-8.34626163737e-08
1.60213444217e-09	-1.00149591731e-07
1.6058090151e-09	-7.62583880487e-08
1.60948358803e-09	-2.45487292716e-08
1.61315816097e-09	3.03352791775e-08
1.6168327339e-09	6.3609277845e-08
1.62050730683e-09	6.16367827888e-08
1.62418187976e-09	2.77134493132e-08
1.6278564527e-09	-2.02349301759e-08
1.63153102563e-09	-5.85344963611e-08
1.63520559856e-09	-6.89886263672e-08
1.63888017149e-09	-4.71083474451e-08
1.64255474443e-09	-3.66858698975e-09
1.64622931736e-09	4.08594758028e-08
1.64990389029e-09	6.61557919557e-08
1.65357846322e-09	6.13849664433e-08
1.65725303615e-09	2.97663245163e-08
1.66092760909e-09	-1.34160025311e-08
1.66460218202e-09	-4.83272977192e-08
1.66827675495e-09	-5.97646092615e-08
1.67195132788e-09	-4.39706511202e-08
1.67562590082e-09	-1.00084598387e-08
1.67930047375e-09	2.4871118498e-08
1.68297504668e-09	4.3493461277e-08
1.68664961961e-09	3.69488581953e-08
1.69032419255e-09	8.77411032718e-09
1.69399876548e-09	-2.70315752005e-08
1.69767333841e-09	-5.28917247777e-08
1.70134791134e-09	-5.6331245446e-08
1.70502248427e-09	-3.59941942918e-08
1.70869705721e-09	-1.96635596694e-09
1.71237163014e-09	2.94567108483e-08
1.71604620307e-09	4.39591403278e-08
1.719720776e-09	3.60678811262e-08
1.72339534894e-09	1.12944285036e-08
1.72706992187e-09	-1.7050943768e-08
1.7307444948e-09	-3.48043371901e-08
1.73441906773e-09	-3.3897389784e-08
1.73809364067e-09	-1.59490394225e-08
1.7417682136e-09	8.94401708251e-09
1.74544278653e-09	2.76198743876e-08
1.74911735946e-09	3.05482537044e-08
1.7527919324e-09	1.64491478216e-08
1.75646650533e-09	-7.27366078479e-09
1.76014107826e-09	-2.86068235766e-08
1.76381565119e-09	-3.71733719362e-08
1.76749022412e-09	-2.94602564566e-08
1.77116479706e-09	-1.04267705581e-08
1.77483936999e-09	9.37214927887e-09
1.77851394292e-09	1.94138429777e-08
1.78218851585e-09	1.4655062941e-08
1.78586308879e-09	-1.93906446455e-09
1.78953766172e-09	-2.10840696013e-08
1.79321223465e-09	-3.19989865716e-08
1.79688680758e-09	-2.79901897215e-08
1.80056138052e-09	-9.9980708157e-09
1.80423595345e-09	1.36739890522e-08
1.80791052638e-09	3.13017132214e-08
1.81158509931e-09	3.35835892429e-08
1.81525967225e-09	1.84784507695e-08
1.81893424518e-09	-7.34073157815e-09
1.82260881811e-09	-3.13336379065e-08
1.82628339104e-09	-4.11897360664e-08
1.82995796397e-09	-3.11173309342e-08
1.83363253691e-09	-5.23172305478e-09
1.83730710984e-09	2.39072868169e-08
1.84098168277e-09	4.12774063818e-08
1.8446562557e-09	3.68854138344e-08
1.84833082864e-09	1.1188433291e-08
1.85200540157e-09	-2.45217464112e-08
1.8556799745e-09	-5.3274611389e-08
1.85935454743e-09	-6.05463981174e-08
1.86302912037e-09	-4.15980352386e-08
1.8667036933e-09	-4.29942126345e-09
1.87037826623e-09	3.42400596764e-08
1.87405283916e-09	5.5562995982e-08
1.87772741209e-09	4.88152700484e-08
1.88140198503e-09	1.63521267638e-08
1.88507655796e-09	-2.6914882767e-08
1.88875113089e-09	-6.0202907548e-08
1.89242570382e-09	-6.67484201244e-08
1.89610027676e-09	-4.2150428925e-08
1.89977484969e-09	3.07423020374e-09
1.90344942262e-09	4.79778528018e-08
1.90712399555e-09	7.09594445425e-08
1.91079856849e-09	6.01270642164e-08
1.91447314142e-09	1.92573210711e-08
1.91814771435e-09	-3.3527726373e-08
1.92182228728e-09	-7.39615728662e-08
1.92549686022e-09	-8.28723401014e-08
1.92917143315e-09	-5.52459482606e-08
1.93284600608e-09	-2.97649949133e-09
1.93652057901e-09	5.0227420445e-08
1.94019515194e-09	7.94791503722e-08
1.94386972488e-09	7.02608886627e-08
1.94754429781e-09	2.5541325499e-08
1.95121887074e-09	-3.49948230394e-08
1.95489344367e-09	-8.35098816765e-08
1.95856801661e-09	-9.67554711906e-08
1.96224258954e-09	-6.71399433827e-08
1.96591716247e-09	-6.79291245476e-09
1.9695917354e-09	5.74102116957e-08
1.97326630834e-09	9.59745491969e-08
1.97694088127e-09	9.0416854448e-08
1.9806154542e-09	4.21357917446e-08
1.98429002713e-09	-2.77229101897e-08
1.98796460007e-09	-8.75960068925e-08
1.991639173e-09	-1.09802286374e-07
1.99531374593e-09	-8.33563831293e-08
1.99898831886e-09	-1.94448972479e-08
2.00266289179e-09	5.32809991682e-08
2.00633746473e-09	1.01471357539e-07
2.01001203766e-09	1.0235316239e-07
2.01368661059e-09	5.44646567846e-08
2.01736118352e-09	-2.12864179616e-08
2.02103575646e-09	-9.08059973881e-08
2.02471032939e-09	-1.22266811786e-07
2.02838490232e-09	-1.00784532719e-07
2.03205947525e-09	-3.53741107517e-08
2.03573404819e-09	4.48633912242e-08
2.03940862112e-09	1.03830302578e-07
2.04308319405e-09	1.14765740022e-07
2.04675776698e-09	7.23836706129e-08
2.05043233992e-09	-4.55480719808e-09
2.05410691285e-09	-8.15419980427e-08
2.05778148578e-09	-1.2376757752e-07
2.06145605871e-09	-1.11740106945e-07
2.06513063164e-09	-5.02772223854e-08
2.06880520458e-09	3.34291101467e-08
2.07247977751e-09	1.01818258713e-07
2.07615435044e-09	1.23782839978e-07
2.07982892337e-09	8.88275124566e-08
2.08350349631e-09	1.20408767401e-08
2.08717806924e-09	-7.24521243001e-08
2.09085264217e-09	-1.26722312643e-07
2.0945272151e-09	-1.26177269522e-07
2.09820178804e-09	-7.07307989956e-08
2.10187636097e-09	1.49929810789e-08
2.1055509339e-09	9.26294347892e-08
2.10922550683e-09	1.27264897287e-07
2.11290007976e-09	1.03126254203e-07
2.1165746527e-09	3.07574872238e-08
2.12024922563e-09	-5.75987222362e-08
2.12392379856e-09	-1.2235881286e-07
2.12759837149e-09	-1.34287304832e-07
2.13127294443e-09	-8.77074199934e-08
2.13494751736e-09	-3.14590820061e-09
2.13862209029e-09	8.17552248122e-08
2.14229666322e-09	1.29066933141e-07
2.14597123616e-09	1.17632559693e-07
2.14964580909e-09	5.2534577577e-08
2.15332038202e-09	-3.72053392539e-08
2.15699495495e-09	-1.11656255797e-07
2.16066952789e-09	-1.37872973482e-07
2.16434410082e-09	-1.04453796723e-07
2.16801867375e-09	-2.64741562006e-08
2.17169324668e-09	6.13525727999e-08
2.17536781961e-09	1.20154382444e-07
2.17904239255e-09	1.24013340042e-07
2.18271696548e-09	7.13519270334e-08
2.18639153841e-09	-1.44527438906e-08
2.19006611134e-09	-9.54568122324e-08
2.19374068428e-09	-1.35883993835e-07
2.19741525721e-09	-1.17974423119e-07
2.20108983014e-09	-4.98125842796e-08
2.20476440307e-09	3.8336054331e-08
2.20843897601e-09	1.07491139545e-07
2.21211354894e-09	1.27317562715e-07
2.21578812187e-09	8.94871803325e-08
2.2194626948e-09	1.11710756201e-08
2.22313726774e-09	-7.27597324612e-08
2.22681184067e-09	-1.25315096966e-07
2.2304864136e-09	-1.23676898056e-07
2.23416098653e-09	-6.9069926667e-08
2.23783555946e-09	1.39976137348e-08
2.2415101324e-09	8.87502764613e-08
2.24518470533e-09	1.22379873346e-07
2.24885927826e-09	1.00442264284e-07
2.25253385119e-09	3.30701865892e-08
2.25620842413e-09	-4.972172718e-08
2.25988299706e-09	-1.11434793837e-07
2.26355756999e-09	-1.25251062855e-07
2.26723214292e-09	-8.57544364408e-08
2.27090671586e-09	-1.10072404524e-08
2.27458128879e-09	6.57323298014e-08
2.27825586172e-09	1.10900174377e-07
2.28193043465e-09	1.05315265841e-07
2.28560500758e-09	5.22933731872e-08
2.28927958052e-09	-2.4232273077e-08
2.29295415345e-09	-9.05481627456e-08
2.29662872638e-09	-1.17973989688e-07
2.30030329931e-09	-9.52004555188e-08
2.30397787225e-09	-3.29044702596e-08
2.30765244518e-09	4.12778931036e-08
2.31132701811e-09	9.49619618495e-08
2.31500159104e-09	1.05171395148e-07
2.31867616398e-09	6.8186132296e-08
2.32235073691e-09	8.44593506244e-10
2.32602530984e-09	-6.70922872814e-08
2.32969988277e-09	-1.06150864099e-07
2.33337445571e-09	-1.00010481674e-07
2.33704902864e-09	-5.23067669178e-08
2.34072360157e-09	1.53467496489e-08
2.3443981745e-09	7.32110763124e-08
2.34807274743e-09	9.65186828239e-08
2.35174732037e-09	7.60456160265e-08
2.3554218933e-09	2.17053397478e-08
2.35909646623e-09	-4.22470201045e-08
2.36277103916e-09	-8.80522890156e-08
2.3664456121e-09	-9.64560555872e-08
2.37012018503e-09	-6.4814095424e-08
2.37379475796e-09	-7.77381270467e-09
2.37746933089e-09	4.94787713023e-08
2.38114390383e-09	8.23687145157e-08
2.38481847676e-09	7.75429285227e-08
2.38849304969e-09	3.82887073158e-08
2.39216762262e-09	-1.74281602483e-08
2.39584219556e-09	-6.52018101732e-08
2.39951676849e-09	-8.4953363455e-08
2.40319134142e-09	-6.93392649964e-08
2.40686591435e-09	-2.63848249915e-08
2.41054048728e-09	2.46062707987e-08
2.41421506022e-09	6.17266096015e-08
2.41788963315e-09	6.98310032021e-08
2.42156420608e-09	4.66503458085e-08
2.42523877901e-09	3.20110027374e-09
2.42891335195e-09	-4.14164276208e-08
2.43258792488e-09	-6.83788528022e-08
2.43626249781e-09	-6.71030164767e-08
2.43993707074e-09	-3.9345270153e-08
2.44361164368e-09	2.05307326695e-09
2.44728621661e-09	3.91056182991e-08
2.45096078954e-09	5.65456232948e-08
2.45463536247e-09	4.81112039097e-08
2.45830993541e-09	1.87021473863e-08
2.46198450834e-09	-1.83089294836e-08
2.46565908127e-09	-4.7194660624e-08
2.4693336542e-09	-5.65227722404e-08
2.47300822713e-09	-4.36353637667e-08
2.47668280007e-09	-1.51469397025e-08
2.480357373e-09	1.63947113663e-08
2.48403194593e-09	3.80171059078e-08
2.48770651886e-09	4.16509493562e-08
2.4913810918e-09	2.70414783898e-08
2.49505566473e-09	1.25236399029e-09
2.49873023766e-09	-2.47108182805e-08
2.50240481059e-09	-4.06479436776e-08
2.50607938353e-09	-4.11237941478e-08
2.50975395646e-09	-2.71699001075e-08
2.51342852939e-09	-5.28518828702e-09
2.51710310232e-09	1.56265258511e-08
2.52077767525e-09	2.78500014161e-08
2.52445224819e-09	2.75805085437e-08
2.52812682112e-09	1.59085296048e-08
2.53180139405e-09	-2.12737827354e-09
2.53547596698e-09	-1.96894447413e-08
2.53915053992e-09	-3.06491223512e-08
2.54282511285e-09	-3.1573407e-08
2.54649968578e-09	-2.26038423534e-08
2.55017425871e-09	-7.17238890502e-09
2.55384883165e-09	9.28952292867e-09
2.55752340458e-09	2.11507042991e-08
2.56119797751e-09	2.43474271855e-08
2.56487255044e-09	1.76857959389e-08
2.56854712338e-09	3.25609472718e-09
2.57222169631e-09	-1.41227589623e-08
2.57589626924e-09	-2.83526411238e-08
2.57957084217e-09	-3.40691670431e-08
2.5832454151e-09	-2.85901080588e-08
2.58691998804e-09	-1.31897177624e-08
2.59059456097e-09	6.95620094859e-09
2.5942691339e-09	2.43355700036e-08
2.59794370683e-09	3.17905630709e-08
2.60161827977e-09	2.54727758886e-08
2.6052928527e-09	6.79125911063e-09
2.60896742563e-09	-1.76078067682e-08
2.61264199856e-09	-3.80513576204e-08
2.6163165715e-09	-4.56479583022e-08
2.61999114443e-09	-3.61376315539e-08
2.62366571736e-09	-1.21717560475e-08
2.62734029029e-09	1.71613976363e-08
2.63101486323e-09	3.96950596837e-08
2.63468943616e-09	4.51996164941e-08
2.63836400909e-09	3.00344815685e-08
2.64203858202e-09	-6.56768417429e-10
2.64571315495e-09	-3.45348105668e-08
2.64938772789e-09	-5.69577771614e-08
2.65306230082e-09	-5.73466572007e-08
2.65673687375e-09	-3.4204379773e-08
2.66041144668e-09	3.63019347915e-09
2.66408601962e-09	4.02731750171e-08
2.66776059255e-09	5.94705653612e-08
2.67143516548e-09	5.18404306149e-08
2.67510973841e-09	1.93957720995e-08
2.67878431135e-09	-2.47225209193e-08
2.68245888428e-09	-6.15485760136e-08
2.68613345721e-09	-7.44357322446e-08
2.68980803014e-09	-5.65859394897e-08
2.69348260307e-09	-1.45800438389e-08
2.69715717601e-09	3.39370131996e-08
2.70083174894e-09	6.76584335224e-08
2.70450632187e-09	7.09944529831e-08
2.7081808948e-09	4.13422007739e-08
2.71185546774e-09	-9.26211374264e-09
2.71553004067e-09	-5.89838720089e-08
2.7192046136e-09	-8.5654200177e-08
2.72287918653e-09	-7.6694604445e-08
2.72655375947e-09	-3.50280586758e-08
2.7302283324e-09	2.1761756841e-08
2.73390290533e-09	6.8847498369e-08
2.73757747826e-09	8.50347845471e-08
2.7412520512e-09	6.22863041144e-08
2.74492662413e-09	9.70307389991e-09
2.74860119706e-09	-5.00736518916e-08
2.75227576999e-09	-9.05881307744e-08
2.75595034292e-09	-9.33172614737e-08
2.75962491586e-09	-5.6192522635e-08
2.76329948879e-09	5.05698505293e-09
2.76697406172e-09	6.35570955865e-08
2.77064863465e-09	9.311959559e-08
2.77432320759e-09	8.00597206307e-08
2.77799778052e-09	2.95405779838e-08
2.78167235345e-09	-3.64318530899e-08
2.78534692638e-09	-8.86462387939e-08
2.78902149932e-09	-1.03674850038e-07
2.79269607225e-09	-7.44014911902e-08
2.79637064518e-09	-1.33748363496e-08
2.80004521811e-09	5.25705665666e-08
2.80371979105e-09	9.41527034115e-08
2.80739436398e-09	9.26365117948e-08
2.81106893691e-09	4.83272515339e-08
2.81474350984e-09	-1.93763796119e-08
2.81841808277e-09	-8.047071276e-08
2.82209265571e-09	-1.07667553095e-07
2.82576722864e-09	-8.86574156311e-08
2.82944180157e-09	-3.17438662023e-08
2.8331163745e-09	3.77846482991e-08
2.83679094744e-09	8.89179645469e-08
2.84046552037e-09	9.88536896784e-08
2.8441400933e-09	6.31961754038e-08
2.84781466623e-09	-2.09801109818e-09
2.85148923917e-09	-6.78957974287e-08
2.8551638121e-09	-1.04939971379e-07
2.85883838503e-09	-9.68729239048e-08
2.86251295796e-09	-4.74577888099e-08
2.8661875309e-09	2.11605186706e-08
2.86986210383e-09	7.83889007039e-08
2.87353667676e-09	9.88172104144e-08
2.87721124969e-09	7.35521510364e-08
2.88088582262e-09	1.41416922617e-08
2.88456039556e-09	-5.2669143713e-08
2.88823496849e-09	-9.69914992766e-08
2.89190954142e-09	-9.92423281332e-08
2.89558411435e-09	-5.88781432498e-08
2.89925868729e-09	5.55282131387e-09
2.90293326022e-09	6.49588756119e-08
2.90660783315e-09	9.29270314032e-08
2.91028240608e-09	7.75081190341e-08
2.91395697902e-09	2.63097206243e-08
2.91763155195e-09	-3.72500217338e-08
2.92130612488e-09	-8.46931129672e-08
2.92498069781e-09	-9.52438341528e-08
2.92865527074e-09	-6.49239595418e-08
2.93232984368e-09	-8.02467425842e-09
2.93600441661e-09	4.96017023011e-08
2.93967898954e-09	8.22653163368e-08
2.94335356247e-09	7.59330021083e-08
2.94702813541e-09	3.43120305502e-08
2.95070270834e-09	-2.3169354435e-08
2.95437728127e-09	-7.04072107283e-08
2.9580518542e-09	-8.6546556588e-08
2.96172642714e-09	-6.52538147961e-08
2.96540100007e-09	-1.71643517177e-08
2.969075573e-09	3.53874263226e-08
2.97275014593e-09	6.87890633344e-08
2.97642471887e-09	6.87900296725e-08
2.9800992918e-09	3.6552595617e-08
2.98377386473e-09	-1.23892673898e-08
2.98744843766e-09	-5.56019053022e-08
2.99112301059e-09	-7.40114245446e-08
2.99479758353e-09	-6.03123169185e-08
2.99847215646e-09	-2.18488604986e-08
3.00214672939e-09	2.31854091481e-08
3.00582130232e-09	5.43051044133e-08
3.00949587526e-09	5.80561483332e-08
3.01317044819e-09	3.38893499929e-08
3.01684502112e-09	-6.06928463043e-09
3.02051959405e-09	-4.30166835486e-08
3.02419416699e-09	-6.03448171432e-08
3.02786873992e-09	-5.11536697445e-08
3.03154331285e-09	-2.09706367826e-08
3.03521788578e-09	1.53737289565e-08
3.03889245872e-09	4.10103773163e-08
3.04256703165e-09	4.48747172754e-08
3.04624160458e-09	2.64468269506e-08
3.04991617751e-09	-4.56536231042e-09
3.05359075044e-09	-3.32451222107e-08
3.05726532338e-09	-4.65742822087e-08
3.06093989631e-09	-3.93191932346e-08
3.06461446924e-09	-1.60435202901e-08
3.06828904217e-09	1.1501865238e-08
3.07196361511e-09	3.02035800814e-08
3.07563818804e-09	3.17896144963e-08
3.07931276097e-09	1.65252380668e-08
3.0829873339e-09	-7.33643013007e-09
3.08666190684e-09	-2.78639067375e-08
3.09033647977e-09	-3.53728779601e-08
3.0940110527e-09	-2.70059867802e-08
3.09768562563e-09	-7.78110198496e-09
3.10136019856e-09	1.22509220546e-08
3.1050347715e-09	2.31694166075e-08
3.10870934443e-09	2.00635632552e-08
3.11238391736e-09	5.18487031087e-09
3.11605849029e-09	-1.3460645043e-08
3.11973306323e-09	-2.63196930916e-08
3.12340763616e-09	-2.70773448108e-08
3.12708220909e-09	-1.56879274016e-08
3.13075678202e-09	1.75170300487e-09
3.13443135496e-09	1.61687001565e-08
3.13810592789e-09	2.01293470781e-08
3.14178050082e-09	1.15713492121e-08
3.14545507375e-09	-5.12627185145e-09
3.14912964669e-09	-2.13653326142e-08
3.15280421962e-09	-2.8673929009e-08
3.15647879255e-09	-2.305307234e-08
3.16015336548e-09	-7.09607483884e-09
3.16382793841e-09	1.12320766021e-08
3.16750251135e-09	2.25673169041e-08
3.17117708428e-09	2.08685424496e-08
3.17485165721e-09	6.56330989557e-09
3.17852623014e-09	-1.35529658607e-08
3.18220080308e-09	-2.95674098538e-08
3.18587537601e-09	-3.33281668929e-08
3.18954994894e-09	-2.25172058776e-08
3.19322452187e-09	-1.93251525893e-09
3.19689909481e-09	1.86797208812e-08
3.20057366774e-09	2.92492732257e-08
3.20424824067e-09	2.42776199144e-08
3.2079228136e-09	5.60677193562e-09
3.21159738654e-09	-1.82447230657e-08
3.21527195947e-09	-3.6008188431e-08
3.2189465324e-09	-3.89867338413e-08
3.22262110533e-09	-2.52906655618e-08
3.22629567826e-09	-9.1760593568e-10
3.2299702512e-09	2.29082797176e-08
3.23364482413e-09	3.49396458432e-08
3.23731939706e-09	2.92198549801e-08
3.24099396999e-09	8.01853250465e-09
3.24466854293e-09	-1.91029148056e-08
3.24834311586e-09	-3.96421455662e-08
3.25201768879e-09	-4.39583303091e-08
3.25569226172e-09	-2.98030933266e-08
3.25936683466e-09	-3.43977446526e-09
3.26304140759e-09	2.31737562473e-08
3.26671598052e-09	3.78511160193e-08
3.27039055345e-09	3.37878738321e-08
3.27406512639e-09	1.26860628669e-08
3.27773969932e-09	-1.59763100527e-08
3.28141427225e-09	-3.92494037271e-08
3.28508884518e-09	-4.65957015194e-08
3.28876341811e-09	-3.46593438394e-08
3.29243799105e-09	-8.79447892288e-09
3.29611256398e-09	1.93681852778e-08
3.29978713691e-09	3.71902473262e-08
3.30346170984e-09	3.67177008798e-08
3.30713628278e-09	1.82582322594e-08
3.31081085571e-09	-9.82571002339e-09
3.31448542864e-09	-3.49388784571e-08
3.31816000157e-09	-4.59484752469e-08
3.32183457451e-09	-3.81603868504e-08
3.32550914744e-09	-1.53046801898e-08
3.32918372037e-09	1.22783614387e-08
3.3328582933e-09	3.23732827212e-08
3.33653286623e-09	3.63420689098e-08
3.34020743917e-09	2.28268284275e-08
3.3438820121e-09	-1.86092230514e-09
3.34755658503e-09	-2.6729107816e-08
3.35123115796e-09	-4.10360740943e-08
3.3549057309e-09	-3.89219465546e-08
3.35858030383e-09	-2.17771649602e-08
3.36225487676e-09	2.59884824771e-09
3.36592944969e-09	2.35642207969e-08
3.36960402263e-09	3.22909059491e-08
3.37327859556e-09	2.54877736694e-08
3.37695316849e-09	6.60899912575e-09
3.38062774142e-09	-1.58948374462e-08
3.38430231436e-09	-3.23839550731e-08
3.38797688729e-09	-3.62112437813e-08
3.39165146022e-09	-2.63790163046e-08
3.39532603315e-09	-7.64553487187e-09
3.39900060608e-09	1.18141798566e-08
3.40267517902e-09	2.40278428265e-08
3.40634975195e-09	2.44652600401e-08
3.41002432488e-09	1.36151685481e-08
3.41369889781e-09	-3.57570195675e-09
3.41737347075e-09	-1.99915710652e-08
3.42104804368e-09	-2.92457595918e-08
3.42472261661e-09	-2.81070065e-08
3.42839718954e-09	-1.75229928345e-08
3.43207176248e-09	-2.01220951013e-09
3.43574633541e-09	1.22518626355e-08
3.43942090834e-09	1.98796783479e-08
3.44309548127e-09	1.82621757716e-08
3.44677005421e-09	8.38550651139e-09
3.45044462714e-09	-5.73757130695e-09
3.45411920007e-09	-1.87386177686e-08
3.457793773e-09	-2.58890526794e-08
3.46146834593e-09	-2.47253613139e-08
3.46514291887e-09	-1.57752051422e-08
3.4688174918e-09	-2.28102514654e-09
3.47249206473e-09	1.0913616677e-08
3.47616663766e-09	1.89515532156e-08
3.4798412106e-09	1.86472028929e-08
3.48351578353e-09	9.70973967895e-09
3.48719035646e-09	-4.89388618519e-09
3.49086492939e-09	-1.97768628141e-08
3.49453950233e-09	-2.90287509586e-08
3.49821407526e-09	-2.85573520387e-08
3.50188864819e-09	-1.79303221159e-08
3.50556322112e-09	-8.62716509342e-10
3.50923779405e-09	1.60191842014e-08
3.51291236699e-09	2.57080809973e-08
3.51658693992e-09	2.372995489e-08
3.52026151285e-09	1.01649337836e-08
3.52393608578e-09	-1.00450634477e-08
3.52761065872e-09	-2.88065802323e-08
3.53128523165e-09	-3.80406426359e-08
3.53495980458e-09	-3.31335279213e-08
3.53863437751e-09	-1.52259467256e-08
3.54230895045e-09	8.78162520479e-09
3.54598352338e-09	2.87938668464e-08
3.54965809631e-09	3.57427758502e-08
3.55333266924e-09	2.57624481748e-08
3.55700724218e-09	2.29761898396e-09
3.56068181511e-09	-2.49689247056e-08
3.56435638804e-09	-4.41267289375e-08
3.56803096097e-09	-4.62918592348e-08
3.5717055339e-09	-2.97543678585e-08
3.57538010684e-09	-1.0465822653e-09
3.57905467977e-09	2.76219616069e-08
3.5827292527e-09	4.35786660091e-08
3.58640382563e-09	3.92705565844e-08
3.59007839857e-09	1.58176689524e-08
3.5937529715e-09	-1.71236997915e-08
3.59742754443e-09	-4.52884023616e-08
3.60110211736e-09	-5.59607116202e-08
3.6047766903e-09	-4.37288001365e-08
3.60845126323e-09	-1.32580977308e-08
3.61212583616e-09	2.24085816569e-08
3.61580040909e-09	4.74252992433e-08
3.61947498203e-09	5.02540835612e-08
3.62314955496e-09	2.90507067291e-08
3.62682412789e-09	-7.23110327172e-09
3.63049870082e-09	-4.26444835e-08
3.63417327375e-09	-6.1327284584e-08
3.63784784669e-09	-5.46596119477e-08
3.64152241962e-09	-2.52238230303e-08
3.64519699255e-09	1.41952041233e-08
3.64887156548e-09	4.61979468014e-08
3.65254613842e-09	5.64537536718e-08
3.65622071135e-09	4.01186426302e-08
3.65989528428e-09	4.12625134061e-09
3.66356985721e-09	-3.57310732113e-08
3.66724443015e-09	-6.17203781417e-08
3.67091900308e-09	-6.20867552925e-08
3.67459357601e-09	-3.6433849715e-08
3.67826814894e-09	3.9596073087e-09
3.68194272187e-09	4.10967828657e-08
3.68561729481e-09	5.83480783689e-08
3.68929186774e-09	4.79747512827e-08
3.69296644067e-09	1.46331258222e-08
3.6966410136e-09	-2.67357016526e-08
3.70031558654e-09	-5.7670419551e-08
3.70399015947e-09	-6.44839701636e-08
3.7076647324e-09	-4.43316139354e-08
3.71133930533e-09	-6.37824815186e-09
3.71501387827e-09	3.24036619759e-08
3.7186884512e-09	5.48442855575e-08
3.72236302413e-09	5.11841662387e-08
3.72603759706e-09	2.33339640943e-08
3.72971217e-09	-1.60926418857e-08
3.73338674293e-09	-4.94849210497e-08
3.73706131586e-09	-6.21265385803e-08
3.74073588879e-09	-4.87358278178e-08
3.74441046172e-09	-1.57040194182e-08
3.74808503466e-09	2.19406626201e-08
3.75175960759e-09	4.7410438242e-08
3.75543418052e-09	4.97241785524e-08
3.75910875345e-09	2.8471253799e-08
3.76278332639e-09	-6.28504626121e-09
3.76645789932e-09	-3.8811993619e-08
3.77013247225e-09	-5.48861791572e-08
3.77380704518e-09	-4.80346749043e-08
3.77748161812e-09	-2.21019877955e-08
3.78115619105e-09	1.0843411502e-08
3.78483076398e-09	3.61496717005e-08
3.78850533691e-09	4.31001900836e-08
3.79217990985e-09	2.9458222528e-08
3.79585448278e-09	2.07699057952e-09
3.79952905571e-09	-2.64940585026e-08
3.80320362864e-09	-4.37758806981e-08
3.80687820157e-09	-4.28430766419e-08
3.81055277451e-09	-2.50982381544e-08
3.81422734744e-09	7.89863785489e-10
3.81790192037e-09	2.31119869909e-08
3.8215764933e-09	3.24740412339e-08
3.82525106624e-09	2.57645496049e-08
3.82892563917e-09	7.07925362775e-09
3.8326002121e-09	-1.4640746393e-08
3.83627478503e-09	-2.99107334456e-08
3.83994935797e-09	-3.28722187248e-08
3.8436239309e-09	-2.34744153005e-08
3.84729850383e-09	-6.91063473113e-09
3.85097307676e-09	9.18254894344e-09
3.8546476497e-09	1.82468440357e-08
3.85832222263e-09	1.7462044255e-08
3.86199679556e-09	8.44270253708e-09
3.86567136849e-09	-4.04982980484e-09
3.86934594142e-09	-1.45716851918e-08
3.87302051436e-09	-1.93781559688e-08
3.87669508729e-09	-1.76871797208e-08
3.88036966022e-09	-1.14130127571e-08
3.88404423315e-09	-3.79741171841e-09
3.88771880609e-09	2.2722521642e-09
3.89139337902e-09	5.33577182438e-09
3.89506795195e-09	5.46813794244e-09
3.89874252488e-09	3.57886364988e-09
3.90241709782e-09	5.41771516538e-10
3.90609167075e-09	-3.23387583379e-09
3.90976624368e-09	-7.55948637021e-09
3.91344081661e-09	-1.18659198023e-08
3.91711538954e-09	-1.48023824309e-08
3.92078996248e-09	-1.45806602347e-08
3.92446453541e-09	-9.98683979958e-09
3.92813910834e-09	-1.54488333237e-09
3.93181368127e-09	8.01865418509e-09
3.93548825421e-09	1.45185872213e-08
3.93916282714e-09	1.41560096978e-08
3.94283740007e-09	5.62884006072e-09
3.946511973e-09	-8.61855120604e-09
3.95018654594e-09	-2.2891709861e-08
3.95386111887e-09	-3.04800416018e-08
3.9575356918e-09	-2.68072408716e-08
3.96121026473e-09	-1.19992566994e-08
3.96488483767e-09	8.48459702496e-09
3.9685594106e-09	2.57562042805e-08
3.97223398353e-09	3.13289199028e-08
3.97590855646e-09	2.12594262194e-08
3.97958312939e-09	-1.41855815983e-09
3.98325770233e-09	-2.73444467069e-08
3.98693227526e-09	-4.46605845639e-08
3.99060684819e-09	-4.44447465497e-08
3.99428142112e-09	-2.52718521665e-08
3.99795599406e-09	5.42762679245e-09
4.00163056699e-09	3.41730412856e-08
4.00530513992e-09	4.73829118164e-08
4.00897971285e-09	3.78103237608e-08
4.01265428579e-09	8.41113401151e-09
4.01632885872e-09	-2.83974515014e-08
4.02000343165e-09	-5.59738104755e-08
4.02367800458e-09	-6.09979835531e-08
4.02735257752e-09	-3.98739530283e-08
4.03102715045e-09	-9.42755873368e-10
4.03470172338e-09	3.87403744639e-08
4.03837629631e-09	6.08611117059e-08
4.04205086924e-09	5.42962474981e-08
4.04572544218e-09	2.06661372459e-08
4.04940001511e-09	-2.57544083837e-08
4.05307458804e-09	-6.4056827398e-08
4.05674916097e-09	-7.61317053843e-08
4.06042373391e-09	-5.52638184104e-08
4.06409830684e-09	-9.78337411084e-09
4.06777287977e-09	4.01986426368e-08
4.0714474527e-09	7.17189578836e-08
4.07512202564e-09	6.9560854854e-08
4.07879659857e-09	3.36086429797e-08
4.0824711715e-09	-2.06215453602e-08
4.08614574443e-09	-6.87014534151e-08
4.08982031736e-09	-8.83223094661e-08
4.0934948903e-09	-6.96536019973e-08
4.09716946323e-09	-2.02070680189e-08
4.10084403616e-09	3.81407083694e-08
4.10451860909e-09	7.88194327583e-08
4.10819318203e-09	8.26648900443e-08
4.11186775496e-09	4.69500527345e-08
4.11554232789e-09	-1.2895857715e-08
4.11921690082e-09	-6.99116498026e-08
4.12289147376e-09	-9.77703322746e-08
4.12656604669e-09	-8.2979042304e-08
