0	-0.000112442
1.2403e-13	-0.000114484
2.48061e-13	-0.00011654
3.72091e-13	-0.000118609
4.96121e-13	-0.00012069
6.20151e-13	-0.000122784
7.44182e-13	-0.000124888
8.68212e-13	-0.000127002
9.92242e-13	-0.000129124
1.11627e-12	-0.000131255
1.2403e-12	-0.000133391
1.36433e-12	-0.000135534
1.48836e-12	-0.00013768
1.61239e-12	-0.00013983
1.73642e-12	-0.000141981
1.86045e-12	-0.000144133
1.98448e-12	-0.000146283
2.10851e-12	-0.00014843
2.23254e-12	-0.000150574
2.35657e-12	-0.000152711
2.48061e-12	-0.000154841
2.60464e-12	-0.000156961
2.72867e-12	-0.00015907
2.8527e-12	-0.000161166
2.97673e-12	-0.000163247
3.10076e-12	-0.000165311
3.22479e-12	-0.000167356
3.34882e-12	-0.000169379
3.47285e-12	-0.000171379
3.59688e-12	-0.000173352
3.72091e-12	-0.000175297
3.84494e-12	-0.000177211
3.96897e-12	-0.000179091
4.093e-12	-0.000180935
4.21703e-12	-0.000182739
4.34106e-12	-0.000184502
4.46509e-12	-0.000186219
4.58912e-12	-0.000187889
4.71315e-12	-0.000189507
4.83718e-12	-0.000191071
4.96121e-12	-0.000192576
5.08524e-12	-0.000194021
5.20927e-12	-0.0001954
5.3333e-12	-0.000196711
5.45733e-12	-0.000197949
5.58136e-12	-0.000199112
5.70539e-12	-0.000200193
5.82942e-12	-0.000201191
5.95345e-12	-0.000202099
6.07748e-12	-0.000202915
6.20151e-12	-0.000203633
6.32554e-12	-0.000204249
6.44957e-12	-0.000204758
6.5736e-12	-0.000205155
6.69763e-12	-0.000205436
6.82166e-12	-0.000205595
6.94569e-12	-0.000205627
7.06972e-12	-0.000205526
7.19375e-12	-0.000205287
7.31778e-12	-0.000204905
7.44182e-12	-0.000204373
7.56585e-12	-0.000203686
7.68988e-12	-0.000202838
7.81391e-12	-0.000201822
7.93794e-12	-0.000200632
8.06197e-12	-0.000199261
8.186e-12	-0.000197703
8.31003e-12	-0.000195951
8.43406e-12	-0.000193998
8.55809e-12	-0.000191837
8.68212e-12	-0.00018946
8.80615e-12	-0.00018686
8.93018e-12	-0.00018403
9.05421e-12	-0.000180961
9.17824e-12	-0.000177646
9.30227e-12	-0.000174077
9.4263e-12	-0.000170245
9.55033e-12	-0.000166142
9.67436e-12	-0.000161759
9.79839e-12	-0.000157087
9.92242e-12	-0.000152118
1.00465e-11	-0.000146842
1.01705e-11	-0.000141249
1.02945e-11	-0.000135332
1.04185e-11	-0.000129079
1.05426e-11	-0.00012248
1.06666e-11	-0.000115527
1.07906e-11	-0.000108208
1.09147e-11	-0.000100513
1.10387e-11	-9.24317e-05
1.11627e-11	-8.39531e-05
1.12868e-11	-7.50662e-05
1.14108e-11	-6.57598e-05
1.15348e-11	-5.60226e-05
1.16588e-11	-4.58431e-05
1.17829e-11	-3.52095e-05
1.19069e-11	-2.41099e-05
1.20309e-11	-1.25321e-05
1.2155e-11	-4.63937e-07
1.2279e-11	1.21072e-05
1.2403e-11	2.51939e-05
1.25271e-11	3.88091e-05
1.26511e-11	5.29658e-05
1.27751e-11	6.76773e-05
1.28991e-11	8.29571e-05
1.30232e-11	9.88187e-05
1.31472e-11	0.000115276
1.32712e-11	0.000132343
1.33953e-11	0.000150034
1.35193e-11	0.000168363
1.36433e-11	0.000187345
1.37674e-11	0.000206994
1.38914e-11	0.000227326
1.40154e-11	0.000248355
1.41394e-11	0.000270098
1.42635e-11	0.000292568
1.43875e-11	0.000315782
1.45115e-11	0.000339756
1.46356e-11	0.000364506
1.47596e-11	0.000390047
1.48836e-11	0.000416397
1.50077e-11	0.00044357
1.51317e-11	0.000471585
1.52557e-11	0.000500458
1.53798e-11	0.000530206
1.55038e-11	0.000560845
1.56278e-11	0.000592393
1.57518e-11	0.000624868
1.58759e-11	0.000658286
1.59999e-11	0.000692666
1.61239e-11	0.000728025
1.6248e-11	0.000764381
1.6372e-11	0.000801751
1.6496e-11	0.000840155
1.66201e-11	0.00087961
1.67441e-11	0.000920134
1.68681e-11	0.000961746
1.69921e-11	0.00100446
1.71162e-11	0.00104831
1.72402e-11	0.00109329
1.73642e-11	0.00113944
1.74883e-11	0.00118677
1.76123e-11	0.0012353
1.77363e-11	0.00128505
1.78604e-11	0.00133603
1.79844e-11	0.00138827
1.81084e-11	0.00144178
1.82324e-11	0.00149659
1.83565e-11	0.00155271
1.84805e-11	0.00161017
1.86045e-11	0.00166897
1.87286e-11	0.00172914
1.88526e-11	0.00179071
1.89766e-11	0.00185367
1.91007e-11	0.00191807
1.92247e-11	0.00198391
1.93487e-11	0.00205121
1.94727e-11	0.00211999
1.95968e-11	0.00219027
1.97208e-11	0.00226207
1.98448e-11	0.00233541
1.99689e-11	0.0024103
2.00929e-11	0.00248676
2.02169e-11	0.00256481
2.0341e-11	0.00264447
2.0465e-11	0.00272575
2.0589e-11	0.00280867
2.07131e-11	0.00289325
2.08371e-11	0.00297951
2.09611e-11	0.00306746
2.10851e-11	0.00315711
2.12092e-11	0.00324849
2.13332e-11	0.0033416
2.14572e-11	0.00343647
2.15813e-11	0.00353311
2.17053e-11	0.00363153
2.18293e-11	0.00373174
2.19534e-11	0.00383377
2.20774e-11	0.00393762
2.22014e-11	0.0040433
2.23254e-11	0.00415084
2.24495e-11	0.00426023
2.25735e-11	0.0043715
2.26975e-11	0.00448465
2.28216e-11	0.00459969
2.29456e-11	0.00471664
2.30696e-11	0.0048355
2.31937e-11	0.00495628
2.33177e-11	0.00507898
2.34417e-11	0.00520363
2.35657e-11	0.00533022
2.36898e-11	0.00545876
2.38138e-11	0.00558925
2.39378e-11	0.0057217
2.40619e-11	0.00585612
2.41859e-11	0.0059925
2.43099e-11	0.00613086
2.4434e-11	0.00627118
2.4558e-11	0.00641347
2.4682e-11	0.00655774
2.48061e-11	0.00670397
2.49301e-11	0.00685218
2.50541e-11	0.00700235
2.51781e-11	0.00715447
2.53022e-11	0.00730856
2.54262e-11	0.0074646
2.55502e-11	0.00762258
2.56743e-11	0.00778249
2.57983e-11	0.00794433
2.59223e-11	0.00810809
2.60464e-11	0.00827375
2.61704e-11	0.0084413
2.62944e-11	0.00861073
2.64184e-11	0.00878203
2.65425e-11	0.00895517
2.66665e-11	0.00913014
2.67905e-11	0.00930692
2.69146e-11	0.00948549
2.70386e-11	0.00966582
2.71626e-11	0.0098479
2.72867e-11	0.0100317
2.74107e-11	0.0102172
2.75347e-11	0.0104044
2.76587e-11	0.0105932
2.77828e-11	0.0107836
2.79068e-11	0.0109755
2.80308e-11	0.0111691
2.81549e-11	0.0113641
2.82789e-11	0.0115606
2.84029e-11	0.0117585
2.8527e-11	0.0119578
2.8651e-11	0.0121585
2.8775e-11	0.0123604
2.8899e-11	0.0125637
2.90231e-11	0.0127681
2.91471e-11	0.0129737
2.92711e-11	0.0131804
2.93952e-11	0.0133881
2.95192e-11	0.0135969
2.96432e-11	0.0138065
2.97673e-11	0.0140171
2.98913e-11	0.0142285
3.00153e-11	0.0144406
3.01394e-11	0.0146535
3.02634e-11	0.0148669
3.03874e-11	0.0150809
3.05114e-11	0.0152954
3.06355e-11	0.0155103
3.07595e-11	0.0157255
3.08835e-11	0.015941
3.10076e-11	0.0161566
3.11316e-11	0.0163723
3.12556e-11	0.0165881
3.13797e-11	0.0168037
3.15037e-11	0.0170191
3.16277e-11	0.0172343
3.17517e-11	0.0174491
3.18758e-11	0.0176635
3.19998e-11	0.0178772
3.21238e-11	0.0180904
3.22479e-11	0.0183027
3.23719e-11	0.0185141
3.24959e-11	0.0187246
3.262e-11	0.0189339
3.2744e-11	0.0191421
3.2868e-11	0.0193489
3.2992e-11	0.0195542
3.31161e-11	0.0197579
3.32401e-11	0.01996
3.33641e-11	0.0201602
3.34882e-11	0.0203584
3.36122e-11	0.0205545
3.37362e-11	0.0207484
3.38603e-11	0.0209399
3.39843e-11	0.0211289
3.41083e-11	0.0213152
3.42323e-11	0.0214987
3.43564e-11	0.0216792
3.44804e-11	0.0218566
3.46044e-11	0.0220307
3.47285e-11	0.0222014
3.48525e-11	0.0223685
3.49765e-11	0.0225318
3.51006e-11	0.0226912
3.52246e-11	0.0228466
3.53486e-11	0.0229976
3.54727e-11	0.0231442
3.55967e-11	0.0232862
3.57207e-11	0.0234234
3.58447e-11	0.0235555
3.59688e-11	0.0236826
3.60928e-11	0.0238042
3.62168e-11	0.0239203
3.63409e-11	0.0240307
3.64649e-11	0.0241351
3.65889e-11	0.0242334
3.6713e-11	0.0243253
3.6837e-11	0.0244107
3.6961e-11	0.0244894
3.7085e-11	0.024561
3.72091e-11	0.0246255
3.73331e-11	0.0246826
3.74571e-11	0.0247321
3.75812e-11	0.0247738
3.77052e-11	0.0248074
3.78292e-11	0.0248328
3.79533e-11	0.0248496
3.80773e-11	0.0248577
3.82013e-11	0.0248569
3.83253e-11	0.0248468
3.84494e-11	0.0248274
3.85734e-11	0.0247982
3.86974e-11	0.0247592
3.88215e-11	0.02471
3.89455e-11	0.0246504
3.90695e-11	0.0245802
3.91936e-11	0.0244991
3.93176e-11	0.0244069
3.94416e-11	0.0243032
3.95656e-11	0.024188
3.96897e-11	0.0240608
3.98137e-11	0.0239215
3.99377e-11	0.0237698
4.00618e-11	0.0236054
4.01858e-11	0.0234281
4.03098e-11	0.0232376
4.04339e-11	0.0230337
4.05579e-11	0.0228161
4.06819e-11	0.0225844
4.0806e-11	0.0223385
4.093e-11	0.0220782
4.1054e-11	0.021803
4.1178e-11	0.0215128
4.13021e-11	0.0212072
4.14261e-11	0.0208861
4.15501e-11	0.0205491
4.16742e-11	0.020196
4.17982e-11	0.0198265
4.19222e-11	0.0194403
4.20463e-11	0.0190372
4.21703e-11	0.0186169
4.22943e-11	0.0181791
4.24183e-11	0.0177235
4.25424e-11	0.0172499
4.26664e-11	0.016758
4.27904e-11	0.0162475
4.29145e-11	0.0157182
4.30385e-11	0.0151698
4.31625e-11	0.0146021
4.32866e-11	0.0140147
4.34106e-11	0.0134074
4.35346e-11	0.0127799
4.36586e-11	0.0121321
4.37827e-11	0.0114635
4.39067e-11	0.010774
4.40307e-11	0.0100633
4.41548e-11	0.00933111
4.42788e-11	0.00857724
4.44028e-11	0.0078014
4.45269e-11	0.00700336
4.46509e-11	0.00618286
4.47749e-11	0.00533967
4.4899e-11	0.00447353
4.5023e-11	0.00358422
4.5147e-11	0.0026715
4.5271e-11	0.00173513
4.53951e-11	0.000774895
4.55191e-11	-0.000209436
4.56431e-11	-0.00121808
4.57672e-11	-0.00225127
4.58912e-11	-0.00330919
4.60152e-11	-0.00439208
4.61393e-11	-0.00550012
4.62633e-11	-0.00663353
4.63873e-11	-0.00779249
4.65113e-11	-0.0089772
4.66354e-11	-0.0101878
4.67594e-11	-0.0114246
4.68834e-11	-0.0126876
4.70075e-11	-0.0139772
4.71315e-11	-0.0152933
4.72555e-11	-0.0166362
4.73796e-11	-0.0180061
4.75036e-11	-0.019403
4.76276e-11	-0.0208272
4.77516e-11	-0.0222787
4.78757e-11	-0.0237577
4.79997e-11	-0.0252643
4.81237e-11	-0.0267987
4.82478e-11	-0.0283608
4.83718e-11	-0.0299509
4.84958e-11	-0.0315691
4.86199e-11	-0.0332153
4.87439e-11	-0.0348897
4.88679e-11	-0.0365924
4.89919e-11	-0.0383234
4.9116e-11	-0.0400827
4.924e-11	-0.0418705
4.9364e-11	-0.0436867
4.94881e-11	-0.0455314
4.96121e-11	-0.0474046
4.97361e-11	-0.0493063
4.98602e-11	-0.0512365
4.99842e-11	-0.0531951
5.01082e-11	-0.0551823
5.02323e-11	-0.0571979
5.03563e-11	-0.0592419
5.04803e-11	-0.0613143
5.06043e-11	-0.063415
5.07284e-11	-0.0655439
5.08524e-11	-0.0677009
5.09764e-11	-0.0698861
5.11005e-11	-0.0720991
5.12245e-11	-0.0743401
5.13485e-11	-0.0766087
5.14726e-11	-0.078905
5.15966e-11	-0.0812287
5.17206e-11	-0.0835797
5.18446e-11	-0.0859578
5.19687e-11	-0.0883628
5.20927e-11	-0.0907946
5.22167e-11	-0.093253
5.23408e-11	-0.0957377
5.24648e-11	-0.0982485
5.25888e-11	-0.100785
5.27129e-11	-0.103347
5.28369e-11	-0.105935
5.29609e-11	-0.108548
5.30849e-11	-0.111185
5.3209e-11	-0.113847
5.3333e-11	-0.116533
5.3457e-11	-0.119243
5.35811e-11	-0.121976
5.37051e-11	-0.124733
5.38291e-11	-0.127512
5.39532e-11	-0.130313
5.40772e-11	-0.133137
5.42012e-11	-0.135982
5.43252e-11	-0.138848
5.44493e-11	-0.141735
5.45733e-11	-0.144642
5.46973e-11	-0.147569
5.48214e-11	-0.150515
5.49454e-11	-0.15348
5.50694e-11	-0.156463
5.51935e-11	-0.159464
5.53175e-11	-0.162483
5.54415e-11	-0.165518
5.55656e-11	-0.168569
5.56896e-11	-0.171635
5.58136e-11	-0.174717
5.59376e-11	-0.177813
5.60617e-11	-0.180923
5.61857e-11	-0.184045
5.63097e-11	-0.187181
5.64338e-11	-0.190327
5.65578e-11	-0.193486
5.66818e-11	-0.196654
5.68059e-11	-0.199832
5.69299e-11	-0.203019
5.70539e-11	-0.206215
5.71779e-11	-0.209418
5.7302e-11	-0.212627
5.7426e-11	-0.215843
5.755e-11	-0.219064
5.76741e-11	-0.222289
5.77981e-11	-0.225518
5.79221e-11	-0.22875
5.80462e-11	-0.231983
5.81702e-11	-0.235218
5.82942e-11	-0.238453
5.84182e-11	-0.241687
5.85423e-11	-0.244919
5.86663e-11	-0.248149
5.87903e-11	-0.251376
5.89144e-11	-0.254598
5.90384e-11	-0.257815
5.91624e-11	-0.261026
5.92865e-11	-0.264229
5.94105e-11	-0.267425
5.95345e-11	-0.270611
5.96586e-11	-0.273787
5.97826e-11	-0.276952
5.99066e-11	-0.280105
6.00306e-11	-0.283244
6.01547e-11	-0.28637
6.02787e-11	-0.28948
6.04027e-11	-0.292573
6.05268e-11	-0.295649
6.06508e-11	-0.298707
6.07748e-11	-0.301745
6.08989e-11	-0.304762
6.10229e-11	-0.307757
6.11469e-11	-0.31073
6.12709e-11	-0.313678
6.1395e-11	-0.316601
6.1519e-11	-0.319498
6.1643e-11	-0.322368
6.17671e-11	-0.325208
6.18911e-11	-0.328019
6.20151e-11	-0.330799
6.21392e-11	-0.333547
6.22632e-11	-0.336261
6.23872e-11	-0.338941
6.25112e-11	-0.341585
6.26353e-11	-0.344192
6.27593e-11	-0.346761
6.28833e-11	-0.349291
6.30074e-11	-0.35178
6.31314e-11	-0.354228
6.32554e-11	-0.356632
6.33795e-11	-0.358993
6.35035e-11	-0.361308
6.36275e-11	-0.363576
6.37515e-11	-0.365797
6.38756e-11	-0.367968
6.39996e-11	-0.370089
6.41236e-11	-0.372159
6.42477e-11	-0.374176
6.43717e-11	-0.376139
6.44957e-11	-0.378047
6.46198e-11	-0.379899
6.47438e-11	-0.381693
6.48678e-11	-0.383428
6.49919e-11	-0.385103
6.51159e-11	-0.386717
6.52399e-11	-0.388268
6.53639e-11	-0.389756
6.5488e-11	-0.391179
6.5612e-11	-0.392536
6.5736e-11	-0.393826
6.58601e-11	-0.395048
6.59841e-11	-0.396199
6.61081e-11	-0.397281
6.62322e-11	-0.39829
6.63562e-11	-0.399226
6.64802e-11	-0.400088
6.66042e-11	-0.400875
6.67283e-11	-0.401586
6.68523e-11	-0.402219
6.69763e-11	-0.402773
6.71004e-11	-0.403247
6.72244e-11	-0.403641
6.73484e-11	-0.403953
6.74725e-11	-0.404182
6.75965e-11	-0.404327
6.77205e-11	-0.404387
6.78445e-11	-0.404361
6.79686e-11	-0.404248
6.80926e-11	-0.404047
6.82166e-11	-0.403757
6.83407e-11	-0.403378
6.84647e-11	-0.402907
6.85887e-11	-0.402345
6.87128e-11	-0.40169
6.88368e-11	-0.400941
6.89608e-11	-0.400098
6.90848e-11	-0.39916
6.92089e-11	-0.398125
6.93329e-11	-0.396994
6.94569e-11	-0.395765
6.9581e-11	-0.394437
6.9705e-11	-0.393011
6.9829e-11	-0.391484
6.99531e-11	-0.389857
7.00771e-11	-0.388128
7.02011e-11	-0.386298
7.03252e-11	-0.384364
7.04492e-11	-0.382328
7.05732e-11	-0.380187
7.06972e-11	-0.377943
7.08213e-11	-0.375593
7.09453e-11	-0.373138
7.10693e-11	-0.370577
7.11934e-11	-0.367909
7.13174e-11	-0.365135
7.14414e-11	-0.362254
7.15655e-11	-0.359264
7.16895e-11	-0.356167
7.18135e-11	-0.352962
7.19375e-11	-0.349648
7.20616e-11	-0.346225
7.21856e-11	-0.342693
7.23096e-11	-0.339051
7.24337e-11	-0.3353
7.25577e-11	-0.33144
7.26817e-11	-0.32747
7.28058e-11	-0.323389
7.29298e-11	-0.319199
7.30538e-11	-0.314899
7.31778e-11	-0.310489
7.33019e-11	-0.305969
7.34259e-11	-0.30134
7.35499e-11	-0.2966
7.3674e-11	-0.291751
7.3798e-11	-0.286793
7.3922e-11	-0.281725
7.40461e-11	-0.276548
7.41701e-11	-0.271263
7.42941e-11	-0.265869
7.44182e-11	-0.260367
7.45422e-11	-0.254757
7.46662e-11	-0.24904
7.47902e-11	-0.243216
7.49143e-11	-0.237285
7.50383e-11	-0.231249
7.51623e-11	-0.225107
7.52864e-11	-0.21886
7.54104e-11	-0.212509
7.55344e-11	-0.206055
7.56585e-11	-0.199497
7.57825e-11	-0.192838
7.59065e-11	-0.186076
7.60305e-11	-0.179215
7.61546e-11	-0.172253
7.62786e-11	-0.165192
7.64026e-11	-0.158034
7.65267e-11	-0.150778
7.66507e-11	-0.143425
7.67747e-11	-0.135978
7.68988e-11	-0.128436
7.70228e-11	-0.120801
7.71468e-11	-0.113074
7.72708e-11	-0.105256
7.73949e-11	-0.0973479
7.75189e-11	-0.0893513
7.76429e-11	-0.0812673
7.7767e-11	-0.0730972
7.7891e-11	-0.0648422
7.8015e-11	-0.0565037
7.81391e-11	-0.0480829
7.82631e-11	-0.0395814
7.83871e-11	-0.0310005
7.85111e-11	-0.0223417
7.86352e-11	-0.0136064
7.87592e-11	-0.00479625
7.88832e-11	0.00408729
7.90073e-11	0.0130426
7.91313e-11	0.0220681
7.92553e-11	0.0311622
7.93794e-11	0.0403231
7.95034e-11	0.0495492
7.96274e-11	0.0588388
7.97515e-11	0.06819
7.98755e-11	0.0776012
7.99995e-11	0.0870704
8.01235e-11	0.0965959
8.02476e-11	0.106176
8.03716e-11	0.115808
8.04956e-11	0.125491
8.06197e-11	0.135223
8.07437e-11	0.145001
8.08677e-11	0.154824
8.09918e-11	0.16469
8.11158e-11	0.174596
8.12398e-11	0.184541
8.13638e-11	0.194522
8.14879e-11	0.204537
8.16119e-11	0.214585
8.17359e-11	0.224663
8.186e-11	0.234769
8.1984e-11	0.2449
8.2108e-11	0.255056
8.22321e-11	0.265232
8.23561e-11	0.275427
8.24801e-11	0.285639
8.26041e-11	0.295866
8.27282e-11	0.306105
8.28522e-11	0.316354
8.29762e-11	0.32661
8.31003e-11	0.336872
8.32243e-11	0.347137
8.33483e-11	0.357402
8.34724e-11	0.367665
8.35964e-11	0.377924
8.37204e-11	0.388177
8.38444e-11	0.39842
8.39685e-11	0.408653
8.40925e-11	0.418871
8.42165e-11	0.429073
8.43406e-11	0.439257
8.44646e-11	0.449419
8.45886e-11	0.459558
8.47127e-11	0.469671
8.48367e-11	0.479756
8.49607e-11	0.48981
8.50848e-11	0.49983
8.52088e-11	0.509815
8.53328e-11	0.519761
8.54568e-11	0.529667
8.55809e-11	0.53953
8.57049e-11	0.549347
8.58289e-11	0.559116
8.5953e-11	0.568835
8.6077e-11	0.578501
8.6201e-11	0.588112
8.63251e-11	0.597665
8.64491e-11	0.607158
8.65731e-11	0.616589
8.66971e-11	0.625955
8.68212e-11	0.635253
8.69452e-11	0.644482
8.70692e-11	0.653639
8.71933e-11	0.662721
8.73173e-11	0.671727
8.74413e-11	0.680654
8.75654e-11	0.6895
8.76894e-11	0.698262
8.78134e-11	0.706938
8.79374e-11	0.715526
8.80615e-11	0.724024
8.81855e-11	0.732429
8.83095e-11	0.74074
8.84336e-11	0.748953
8.85576e-11	0.757068
8.86816e-11	0.765081
8.88057e-11	0.772991
8.89297e-11	0.780795
8.90537e-11	0.788492
8.91778e-11	0.796079
8.93018e-11	0.803555
8.94258e-11	0.810917
8.95498e-11	0.818164
8.96739e-11	0.825293
8.97979e-11	0.832303
8.99219e-11	0.839191
9.0046e-11	0.845957
9.017e-11	0.852598
9.0294e-11	0.859112
9.04181e-11	0.865497
9.05421e-11	0.871752
9.06661e-11	0.877876
9.07901e-11	0.883866
9.09142e-11	0.88972
9.10382e-11	0.895438
9.11622e-11	0.901018
9.12863e-11	0.906458
9.14103e-11	0.911757
9.15343e-11	0.916913
9.16584e-11	0.921924
9.17824e-11	0.926791
9.19064e-11	0.93151
9.20304e-11	0.936081
9.21545e-11	0.940503
9.22785e-11	0.944775
9.24025e-11	0.948894
9.25266e-11	0.952861
9.26506e-11	0.956674
9.27746e-11	0.960331
9.28987e-11	0.963833
9.30227e-11	0.967177
9.31467e-11	0.970364
9.32707e-11	0.973392
9.33948e-11	0.97626
9.35188e-11	0.978968
9.36428e-11	0.981514
9.37669e-11	0.983899
9.38909e-11	0.986121
9.40149e-11	0.98818
9.4139e-11	0.990076
9.4263e-11	0.991807
9.4387e-11	0.993373
9.45111e-11	0.994774
9.46351e-11	0.996009
9.47591e-11	0.997079
9.48831e-11	0.997982
9.50072e-11	0.998719
9.51312e-11	0.99929
9.52552e-11	0.999693
9.53793e-11	0.99993
9.55033e-11	0.999999
9.56273e-11	0.999902
9.57514e-11	0.999638
9.58754e-11	0.999206
9.59994e-11	0.998608
9.61234e-11	0.997844
9.62475e-11	0.996912
9.63715e-11	0.995815
9.64955e-11	0.994552
9.66196e-11	0.993123
9.67436e-11	0.99153
9.68676e-11	0.989771
9.69917e-11	0.987849
9.71157e-11	0.985763
9.72397e-11	0.983513
9.73637e-11	0.981102
9.74878e-11	0.978528
9.76118e-11	0.975794
9.77358e-11	0.972899
9.78599e-11	0.969844
9.79839e-11	0.966631
9.81079e-11	0.963261
9.8232e-11	0.959733
9.8356e-11	0.956049
9.848e-11	0.952211
9.8604e-11	0.948219
9.87281e-11	0.944074
9.88521e-11	0.939777
9.89761e-11	0.935331
9.91002e-11	0.930735
9.92242e-11	0.925991
9.93482e-11	0.9211
9.94723e-11	0.916064
9.95963e-11	0.910884
9.97203e-11	0.905562
9.98444e-11	0.900099
9.99684e-11	0.894496
1.00092e-10	0.888755
1.00216e-10	0.882878
1.0034e-10	0.876865
1.00465e-10	0.87072
1.00589e-10	0.864443
1.00713e-10	0.858036
1.00837e-10	0.851501
1.00961e-10	0.844839
1.01085e-10	0.838053
1.01209e-10	0.831144
1.01333e-10	0.824114
1.01457e-10	0.816965
1.01581e-10	0.809699
1.01705e-10	0.802318
1.01829e-10	0.794823
1.01953e-10	0.787218
1.02077e-10	0.779503
1.02201e-10	0.771681
1.02325e-10	0.763753
1.02449e-10	0.755723
1.02573e-10	0.747592
1.02697e-10	0.739362
1.02821e-10	0.731036
1.02945e-10	0.722615
1.03069e-10	0.714102
1.03193e-10	0.705499
1.03317e-10	0.696809
1.03441e-10	0.688033
1.03565e-10	0.679173
1.03689e-10	0.670233
1.03813e-10	0.661214
1.03937e-10	0.652119
1.04061e-10	0.64295
1.04185e-10	0.633709
1.04309e-10	0.6244
1.04433e-10	0.615023
1.04558e-10	0.605582
1.04682e-10	0.596079
1.04806e-10	0.586516
1.0493e-10	0.576895
1.05054e-10	0.56722
1.05178e-10	0.557493
1.05302e-10	0.547715
1.05426e-10	0.53789
1.0555e-10	0.52802
1.05674e-10	0.518108
1.05798e-10	0.508155
1.05922e-10	0.498164
1.06046e-10	0.488138
1.0617e-10	0.478079
1.06294e-10	0.467989
1.06418e-10	0.457872
1.06542e-10	0.447729
1.06666e-10	0.437562
1.0679e-10	0.427376
1.06914e-10	0.417171
1.07038e-10	0.40695
1.07162e-10	0.396715
1.07286e-10	0.38647
1.0741e-10	0.376216
1.07534e-10	0.365956
1.07658e-10	0.355692
1.07782e-10	0.345427
1.07906e-10	0.335163
1.0803e-10	0.324902
1.08154e-10	0.314647
1.08278e-10	0.304399
1.08402e-10	0.294162
1.08526e-10	0.283938
1.0865e-10	0.273728
1.08775e-10	0.263536
1.08899e-10	0.253363
1.09023e-10	0.243212
1.09147e-10	0.233084
1.09271e-10	0.222983
1.09395e-10	0.21291
1.09519e-10	0.202867
1.09643e-10	0.192857
1.09767e-10	0.182882
1.09891e-10	0.172943
1.10015e-10	0.163044
1.10139e-10	0.153185
1.10263e-10	0.14337
1.10387e-10	0.133599
1.10511e-10	0.123875
1.10635e-10	0.114201
1.10759e-10	0.104577
1.10883e-10	0.0950059
1.11007e-10	0.0854896
1.11131e-10	0.0760299
1.11255e-10	0.0666286
1.11379e-10	0.0572875
1.11503e-10	0.0480084
1.11627e-10	0.038793
1.11751e-10	0.0296431
1.11875e-10	0.0205604
1.11999e-10	0.0115464
1.12123e-10	0.00260294
1.12247e-10	-0.00626849
1.12371e-10	-0.0150663
1.12495e-10	-0.0237889
1.12619e-10	-0.0324349
1.12743e-10	-0.0410027
1.12868e-10	-0.0494908
1.12992e-10	-0.057898
1.13116e-10	-0.0662227
1.1324e-10	-0.0744637
1.13364e-10	-0.0826195
1.13488e-10	-0.090689
1.13612e-10	-0.0986709
1.13736e-10	-0.106564
1.1386e-10	-0.114367
1.13984e-10	-0.122079
1.14108e-10	-0.129698
1.14232e-10	-0.137225
1.14356e-10	-0.144656
1.1448e-10	-0.151993
1.14604e-10	-0.159233
1.14728e-10	-0.166375
1.14852e-10	-0.173419
1.14976e-10	-0.180364
1.151e-10	-0.187209
1.15224e-10	-0.193954
1.15348e-10	-0.200596
1.15472e-10	-0.207137
1.15596e-10	-0.213574
1.1572e-10	-0.219908
1.15844e-10	-0.226137
1.15968e-10	-0.232261
1.16092e-10	-0.23828
1.16216e-10	-0.244193
1.1634e-10	-0.249999
1.16464e-10	-0.255698
1.16588e-10	-0.26129
1.16712e-10	-0.266774
1.16836e-10	-0.27215
1.16961e-10	-0.277418
1.17085e-10	-0.282576
1.17209e-10	-0.287626
1.17333e-10	-0.292566
1.17457e-10	-0.297397
1.17581e-10	-0.302118
1.17705e-10	-0.30673
1.17829e-10	-0.311231
1.17953e-10	-0.315623
1.18077e-10	-0.319905
1.18201e-10	-0.324077
1.18325e-10	-0.328138
1.18449e-10	-0.33209
1.18573e-10	-0.335933
1.18697e-10	-0.339665
1.18821e-10	-0.343288
1.18945e-10	-0.346802
1.19069e-10	-0.350207
1.19193e-10	-0.353503
1.19317e-10	-0.35669
1.19441e-10	-0.35977
1.19565e-10	-0.362741
1.19689e-10	-0.365605
1.19813e-10	-0.368361
1.19937e-10	-0.371011
1.20061e-10	-0.373554
1.20185e-10	-0.375992
1.20309e-10	-0.378324
1.20433e-10	-0.380551
1.20557e-10	-0.382674
1.20681e-10	-0.384693
1.20805e-10	-0.38661
1.20929e-10	-0.388423
1.21054e-10	-0.390135
1.21178e-10	-0.391745
1.21302e-10	-0.393255
1.21426e-10	-0.394665
1.2155e-10	-0.395976
1.21674e-10	-0.397189
1.21798e-10	-0.398304
1.21922e-10	-0.399323
1.22046e-10	-0.400245
1.2217e-10	-0.401072
1.22294e-10	-0.401805
1.22418e-10	-0.402445
1.22542e-10	-0.402992
1.22666e-10	-0.403447
1.2279e-10	-0.403812
1.22914e-10	-0.404087
1.23038e-10	-0.404273
1.23162e-10	-0.404372
1.23286e-10	-0.404383
1.2341e-10	-0.404309
1.23534e-10	-0.40415
1.23658e-10	-0.403907
1.23782e-10	-0.403581
1.23906e-10	-0.403174
1.2403e-10	-0.402686
1.24154e-10	-0.402119
1.24278e-10	-0.401473
1.24402e-10	-0.400749
1.24526e-10	-0.39995
1.2465e-10	-0.399075
1.24774e-10	-0.398127
1.24898e-10	-0.397106
1.25022e-10	-0.396013
1.25147e-10	-0.394849
1.25271e-10	-0.393616
1.25395e-10	-0.392315
1.25519e-10	-0.390947
1.25643e-10	-0.389513
1.25767e-10	-0.388014
1.25891e-10	-0.386453
1.26015e-10	-0.384828
1.26139e-10	-0.383143
1.26263e-10	-0.381398
1.26387e-10	-0.379594
1.26511e-10	-0.377733
1.26635e-10	-0.375816
1.26759e-10	-0.373844
1.26883e-10	-0.371818
1.27007e-10	-0.36974
1.27131e-10	-0.36761
1.27255e-10	-0.36543
1.27379e-10	-0.363202
1.27503e-10	-0.360925
1.27627e-10	-0.358603
1.27751e-10	-0.356235
1.27875e-10	-0.353823
1.27999e-10	-0.351369
1.28123e-10	-0.348873
1.28247e-10	-0.346336
1.28371e-10	-0.343761
1.28495e-10	-0.341147
1.28619e-10	-0.338497
1.28743e-10	-0.335811
1.28867e-10	-0.333091
1.28991e-10	-0.330338
1.29115e-10	-0.327553
1.2924e-10	-0.324737
1.29364e-10	-0.321892
1.29488e-10	-0.319018
1.29612e-10	-0.316117
1.29736e-10	-0.313189
1.2986e-10	-0.310237
1.29984e-10	-0.30726
1.30108e-10	-0.304261
1.30232e-10	-0.30124
1.30356e-10	-0.298199
1.3048e-10	-0.295138
1.30604e-10	-0.292059
1.30728e-10	-0.288963
1.30852e-10	-0.28585
1.30976e-10	-0.282722
1.311e-10	-0.279581
1.31224e-10	-0.276426
1.31348e-10	-0.273259
1.31472e-10	-0.270081
1.31596e-10	-0.266893
1.3172e-10	-0.263696
1.31844e-10	-0.260491
1.31968e-10	-0.25728
1.32092e-10	-0.254062
1.32216e-10	-0.250839
1.3234e-10	-0.247611
1.32464e-10	-0.244381
1.32588e-10	-0.241148
1.32712e-10	-0.237914
1.32836e-10	-0.234679
1.3296e-10	-0.231445
1.33084e-10	-0.228211
1.33208e-10	-0.22498
1.33333e-10	-0.221752
1.33457e-10	-0.218527
1.33581e-10	-0.215307
1.33705e-10	-0.212093
1.33829e-10	-0.208884
1.33953e-10	-0.205682
1.34077e-10	-0.202488
1.34201e-10	-0.199302
1.34325e-10	-0.196126
1.34449e-10	-0.192959
1.34573e-10	-0.189803
1.34697e-10	-0.186658
1.34821e-10	-0.183524
1.34945e-10	-0.180404
1.35069e-10	-0.177296
1.35193e-10	-0.174203
1.35317e-10	-0.171124
1.35441e-10	-0.16806
1.35565e-10	-0.165011
1.35689e-10	-0.161979
1.35813e-10	-0.158963
1.35937e-10	-0.155965
1.36061e-10	-0.152985
1.36185e-10	-0.150023
1.36309e-10	-0.14708
1.36433e-10	-0.144157
1.36557e-10	-0.141253
1.36681e-10	-0.138369
1.36805e-10	-0.135507
1.36929e-10	-0.132665
1.37053e-10	-0.129845
1.37177e-10	-0.127047
1.37301e-10	-0.124272
1.37426e-10	-0.121519
1.3755e-10	-0.11879
1.37674e-10	-0.116084
1.37798e-10	-0.113402
1.37922e-10	-0.110744
1.38046e-10	-0.108111
1.3817e-10	-0.105502
1.38294e-10	-0.102919
1.38418e-10	-0.100361
1.38542e-10	-0.0978285
1.38666e-10	-0.0953221
1.3879e-10	-0.0928418
1.38914e-10	-0.0903878
1.39038e-10	-0.0879605
1.39162e-10	-0.0855599
1.39286e-10	-0.0831863
1.3941e-10	-0.0808398
1.39534e-10	-0.0785207
1.39658e-10	-0.076229
1.39782e-10	-0.073965
1.39906e-10	-0.0717287
1.4003e-10	-0.0695202
1.40154e-10	-0.0673398
1.40278e-10	-0.0651874
1.40402e-10	-0.0630632
1.40526e-10	-0.0609672
1.4065e-10	-0.0588996
1.40774e-10	-0.0568603
1.40898e-10	-0.0548494
1.41022e-10	-0.052867
1.41146e-10	-0.0509131
1.4127e-10	-0.0489876
1.41394e-10	-0.0470907
1.41519e-10	-0.0452222
1.41643e-10	-0.0433823
1.41767e-10	-0.0415708
1.41891e-10	-0.0397878
1.42015e-10	-0.0380332
1.42139e-10	-0.0363069
1.42263e-10	-0.0346089
1.42387e-10	-0.0329392
1.42511e-10	-0.0312977
1.42635e-10	-0.0296842
1.42759e-10	-0.0280988
1.42883e-10	-0.0265412
1.43007e-10	-0.0250115
1.43131e-10	-0.0235095
1.43255e-10	-0.0220351
1.43379e-10	-0.0205881
1.43503e-10	-0.0191685
1.43627e-10	-0.0177761
1.43751e-10	-0.0164107
1.43875e-10	-0.0150723
1.43999e-10	-0.0137606
1.44123e-10	-0.0124755
1.44247e-10	-0.0112168
1.44371e-10	-0.00998443
1.44495e-10	-0.00877812
1.44619e-10	-0.00759771
1.44743e-10	-0.00644302
1.44867e-10	-0.00531385
1.44991e-10	-0.00421001
1.45115e-10	-0.0031313
1.45239e-10	-0.0020775
1.45363e-10	-0.00104842
1.45487e-10	-4.38402e-05
1.45612e-10	0.000936464
1.45736e-10	0.00189271
1.4586e-10	0.00282512
1.45984e-10	0.00373393
1.46108e-10	0.00461937
1.46232e-10	0.00548166
1.46356e-10	0.00632106
1.4648e-10	0.00713781
1.46604e-10	0.00793213
1.46728e-10	0.00870429
1.46852e-10	0.00945454
1.46976e-10	0.0101831
1.471e-10	0.0108903
1.47224e-10	0.0115763
1.47348e-10	0.0122414
1.47472e-10	0.0128858
1.47596e-10	0.0135099
1.4772e-10	0.0141139
1.47844e-10	0.014698
1.47968e-10	0.0152625
1.48092e-10	0.0158077
1.48216e-10	0.0163338
1.4834e-10	0.0168412
1.48464e-10	0.01733
1.48588e-10	0.0178006
1.48712e-10	0.0182532
1.48836e-10	0.0186881
1.4896e-10	0.0191055
1.49084e-10	0.0195058
1.49208e-10	0.0198892
1.49332e-10	0.020256
1.49456e-10	0.0206064
1.4958e-10	0.0209407
1.49705e-10	0.0212592
1.49829e-10	0.0215622
1.49953e-10	0.0218498
1.50077e-10	0.0221225
1.50201e-10	0.0223805
1.50325e-10	0.022624
1.50449e-10	0.0228533
1.50573e-10	0.0230686
1.50697e-10	0.0232703
1.50821e-10	0.0234586
1.50945e-10	0.0236337
1.51069e-10	0.0237959
1.51193e-10	0.0239456
1.51317e-10	0.0240828
1.51441e-10	0.024208
1.51565e-10	0.0243213
1.51689e-10	0.024423
1.51813e-10	0.0245134
1.51937e-10	0.0245926
1.52061e-10	0.0246611
1.52185e-10	0.0247189
1.52309e-10	0.0247664
1.52433e-10	0.0248038
1.52557e-10	0.0248313
1.52681e-10	0.0248492
1.52805e-10	0.0248576
1.52929e-10	0.024857
1.53053e-10	0.0248474
1.53177e-10	0.0248291
1.53301e-10	0.0248024
1.53425e-10	0.0247674
1.53549e-10	0.0247244
1.53673e-10	0.0246736
1.53798e-10	0.0246153
1.53922e-10	0.0245496
1.54046e-10	0.0244767
1.5417e-10	0.024397
1.54294e-10	0.0243105
1.54418e-10	0.0242175
1.54542e-10	0.0241182
1.54666e-10	0.0240127
1.5479e-10	0.0239014
1.54914e-10	0.0237844
1.55038e-10	0.0236618
1.55162e-10	0.0235339
1.55286e-10	0.0234009
1.5541e-10	0.0232629
1.55534e-10	0.0231201
1.55658e-10	0.0229727
1.55782e-10	0.022821
1.55906e-10	0.022665
1.5603e-10	0.0225049
1.56154e-10	0.0223409
1.56278e-10	0.0221732
1.56402e-10	0.0220019
1.56526e-10	0.0218273
1.5665e-10	0.0216493
1.56774e-10	0.0214683
1.56898e-10	0.0212843
1.57022e-10	0.0210976
1.57146e-10	0.0209082
1.5727e-10	0.0207163
1.57394e-10	0.020522
1.57518e-10	0.0203255
1.57642e-10	0.020127
1.57766e-10	0.0199265
1.57891e-10	0.0197241
1.58015e-10	0.0195201
1.58139e-10	0.0193145
1.58263e-10	0.0191075
1.58387e-10	0.0188992
1.58511e-10	0.0186896
1.58635e-10	0.018479
1.58759e-10	0.0182674
1.58883e-10	0.0180549
1.59007e-10	0.0178417
1.59131e-10	0.0176278
1.59255e-10	0.0174134
1.59379e-10	0.0171985
1.59503e-10	0.0169833
1.59627e-10	0.0167678
1.59751e-10	0.0165521
1.59875e-10	0.0163364
1.59999e-10	0.0161207
1.60123e-10	0.0159051
1.60247e-10	0.0156897
1.60371e-10	0.0154745
1.60495e-10	0.0152597
1.60619e-10	0.0150452
1.60743e-10	0.0148313
1.60867e-10	0.014618
1.60991e-10	0.0144053
1.61115e-10	0.0141932
1.61239e-10	0.013982
1.61363e-10	0.0137716
1.61487e-10	0.013562
1.61611e-10	0.0133535
1.61735e-10	0.0131459
1.61859e-10	0.0129394
1.61984e-10	0.012734
1.62108e-10	0.0125297
1.62232e-10	0.0123267
1.62356e-10	0.012125
1.6248e-10	0.0119245
1.62604e-10	0.0117255
1.62728e-10	0.0115278
1.62852e-10	0.0113315
1.62976e-10	0.0111367
1.631e-10	0.0109435
1.63224e-10	0.0107517
1.63348e-10	0.0105616
1.63472e-10	0.0103731
1.63596e-10	0.0101862
1.6372e-10	0.010001
1.63844e-10	0.00981746
1.63968e-10	0.00963567
1.64092e-10	0.00945563
1.64216e-10	0.00927735
1.6434e-10	0.00910087
1.64464e-10	0.00892621
1.64588e-10	0.00875337
1.64712e-10	0.00858239
1.64836e-10	0.00841327
1.6496e-10	0.00824603
1.65084e-10	0.00808069
1.65208e-10	0.00791725
1.65332e-10	0.00775573
1.65456e-10	0.00759613
1.6558e-10	0.00743848
1.65704e-10	0.00728277
1.65828e-10	0.00712901
1.65952e-10	0.0069772
1.66077e-10	0.00682736
1.66201e-10	0.00667949
1.66325e-10	0.00653358
1.66449e-10	0.00638964
1.66573e-10	0.00624768
1.66697e-10	0.00610768
1.66821e-10	0.00596966
1.66945e-10	0.0058336
1.67069e-10	0.00569951
1.67193e-10	0.00556739
1.67317e-10	0.00543722
1.67441e-10	0.005309
1.67565e-10	0.00518274
1.67689e-10	0.00505842
1.67813e-10	0.00493603
1.67937e-10	0.00481557
1.68061e-10	0.00469703
1.68185e-10	0.0045804
1.68309e-10	0.00446567
1.68433e-10	0.00435284
1.68557e-10	0.00424188
1.68681e-10	0.0041328
1.68805e-10	0.00402557
1.68929e-10	0.0039202
1.69053e-10	0.00381665
1.69177e-10	0.00371493
1.69301e-10	0.00361501
1.69425e-10	0.00351689
1.69549e-10	0.00342055
1.69673e-10	0.00332598
1.69797e-10	0.00323315
1.69921e-10	0.00314206
1.70045e-10	0.00305269
1.7017e-10	0.00296503
1.70294e-10	0.00287905
1.70418e-10	0.00279475
1.70542e-10	0.0027121
1.70666e-10	0.00263109
1.7079e-10	0.0025517
1.70914e-10	0.00247392
1.71038e-10	0.00239772
1.71162e-10	0.00232309
1.71286e-10	0.00225001
1.7141e-10	0.00217846
1.71534e-10	0.00210843
1.71658e-10	0.0020399
1.71782e-10	0.00197284
1.71906e-10	0.00190724
1.7203e-10	0.00184309
1.72154e-10	0.00178036
1.72278e-10	0.00171903
1.72402e-10	0.00165908
1.72526e-10	0.00160051
1.7265e-10	0.00154328
1.72774e-10	0.00148738
1.72898e-10	0.00143278
1.73022e-10	0.00137948
1.73146e-10	0.00132745
1.7327e-10	0.00127668
1.73394e-10	0.00122713
1.73518e-10	0.00117881
1.73642e-10	0.00113168
1.73766e-10	0.00108572
1.7389e-10	0.00104093
1.74014e-10	0.000997273
1.74138e-10	0.00095474
1.74263e-10	0.000913311
1.74387e-10	0.000872966
1.74511e-10	0.000833687
1.74635e-10	0.000795457
1.74759e-10	0.000758256
1.74883e-10	0.000722068
1.75007e-10	0.000686873
1.75131e-10	0.000652655
1.75255e-10	0.000619395
1.75379e-10	0.000587076
1.75503e-10	0.00055568
1.75627e-10	0.00052519
1.75751e-10	0.00049559
1.75875e-10	0.000466861
1.75999e-10	0.000438987
1.76123e-10	0.000411952
1.76247e-10	0.000385738
1.76371e-10	0.00036033
1.76495e-10	0.000335711
1.76619e-10	0.000311864
1.76743e-10	0.000288775
1.76867e-10	0.000266427
1.76991e-10	0.000244804
1.77115e-10	0.000223892
1.77239e-10	0.000203675
1.77363e-10	0.000184138
1.77487e-10	0.000165266
1.77611e-10	0.000147044
1.77735e-10	0.000129458
1.77859e-10	0.000112494
1.77983e-10	9.61364e-05
1.78107e-10	8.03726e-05
1.78231e-10	6.51884e-05
1.78356e-10	5.05702e-05
1.7848e-10	3.65046e-05
1.78604e-10	2.29783e-05
1.78728e-10	9.97834e-06
1.78852e-10	-2.50814e-06
1.78976e-10	-1.44938e-05
1.791e-10	-2.59911e-05
1.79224e-10	-3.70123e-05
1.79348e-10	-4.75694e-05
1.79472e-10	-5.76745e-05
1.79596e-10	-6.73391e-05
1.7972e-10	-7.65749e-05
1.79844e-10	-8.5393e-05
1.79968e-10	-9.38047e-05
1.80092e-10	-0.000101821
1.80216e-10	-0.000109452
1.8034e-10	-0.00011671
1.80464e-10	-0.000123603
1.80588e-10	-0.000130144
1.80712e-10	-0.00013634
1.80836e-10	-0.000142203
1.8096e-10	-0.000147742
1.81084e-10	-0.000152966
1.81208e-10	-0.000157885
1.81332e-10	-0.000162508
1.81456e-10	-0.000166844
1.8158e-10	-0.000170902
1.81704e-10	-0.000174689
1.81828e-10	-0.000178216
1.81952e-10	-0.000181489
1.82076e-10	-0.000184518
1.822e-10	-0.000187309
1.82324e-10	-0.000189871
1.82448e-10	-0.000192211
1.82573e-10	-0.000194337
1.82697e-10	-0.000196256
1.82821e-10	-0.000197976
1.82945e-10	-0.000199502
1.83069e-10	-0.000200842
1.83193e-10	-0.000202003
1.83317e-10	-0.000202991
1.83441e-10	-0.000203812
1.83565e-10	-0.000204472
1.83689e-10	-0.000204979
1.83813e-10	-0.000205337
1.83937e-10	-0.000205552
1.84061e-10	-0.00020563
1.84185e-10	-0.000205577
1.84309e-10	-0.000205398
1.84433e-10	-0.000205097
1.84557e-10	-0.000204681
1.84681e-10	-0.000204154
1.84805e-10	-0.00020352
1.84929e-10	-0.000202786
1.85053e-10	-0.000201954
1.85177e-10	-0.000201031
1.85301e-10	-0.000200019
1.85425e-10	-0.000198924
1.85549e-10	-0.000197748
1.85673e-10	-0.000196498
1.85797e-10	-0.000195175
1.85921e-10	-0.000193785
1.86045e-10	-0.00019233
1.86169e-10	-0.000190814
1.86293e-10	-0.000189241
1.86417e-10	-0.000187614
1.86541e-10	-0.000185937
1.86666e-10	-0.000184211
1.8679e-10	-0.000182442
1.86914e-10	-0.00018063
1.87038e-10	-0.00017878
1.87162e-10	-0.000176894
1.87286e-10	-0.000174975
1.8741e-10	-0.000173025
1.87534e-10	-0.000171048
1.87658e-10	-0.000169044
1.87782e-10	-0.000167017
1.87906e-10	-0.000164969
1.8803e-10	-0.000162902
1.88154e-10	-0.000160818
1.88278e-10	-0.00015872
1.88402e-10	-0.000156609
1.88526e-10	-0.000154487
1.8865e-10	-0.000152355
1.88774e-10	-0.000150217
1.88898e-10	-0.000148073
1.89022e-10	-0.000145925
1.89146e-10	-0.000143774
1.8927e-10	-0.000141623
1.89394e-10	-0.000139472
1.89518e-10	-0.000137323
1.89642e-10	-0.000135177
1.89766e-10	-0.000133035
1.8989e-10	-0.000130899
1.90014e-10	-0.00012877
1.90138e-10	-0.000126649
1.90262e-10	-0.000124537
1.90386e-10	-0.000122434
1.9051e-10	-0.000120343
1.90634e-10	-0.000118263
1.90759e-10	-0.000116196
1.90883e-10	-0.000114143
