% time-domain voltage integration by openEMS v0.0.36-93-g7b9cd51 @Thu Sep 17 12:06:17 2026
% start-coordinates: (0.0537645,0,-5e-05) m -> [627,22,41]
% stop-coordinates: (0.0537645,0,0.00025) m -> [627,22,45]
% t/s	voltage
0	-0
1.7854797592e-12	-3.12176950956e-11
3.57095951841e-12	3.25988125383e-11
5.35643927761e-12	2.38126740548e-10
7.14191903682e-12	6.98900493035e-10
8.92739879602e-12	1.50652113007e-09
1.07128785552e-11	2.60169485955e-09
1.24983583144e-11	3.57329099643e-09
1.42838380736e-11	3.46312845068e-09
1.60693178328e-11	7.51811057853e-10
1.7854797592e-11	-6.22105744696e-09
1.96402773512e-11	-1.83099899687e-08
2.14257571105e-11	-3.4204504118e-08
2.32112368697e-11	-4.934372555e-08
2.49967166289e-11	-5.60321495868e-08
2.67821963881e-11	-4.55929693999e-08
2.85676761473e-11	-1.24509824673e-08
3.03531559065e-11	4.16057446273e-08
3.21386356657e-11	1.04733771877e-07
3.39241154249e-11	1.57162844516e-07
3.57095951841e-11	1.77820766112e-07
3.74950749433e-11	1.53431756189e-07
3.92805547025e-11	8.56816768646e-08
4.10660344617e-11	-7.54880602472e-09
4.28515142209e-11	-9.85201040749e-08
4.46369939801e-11	-1.60340277944e-07
4.64224737393e-11	-1.77370566234e-07
4.82079534985e-11	-1.50588334691e-07
4.99934332577e-11	-9.50485627982e-08
5.17789130169e-11	-3.21942934534e-08
5.35643927761e-11	1.91321305465e-08
5.53498725353e-11	4.86725184601e-08
5.71353522945e-11	5.59030013392e-08
5.89208320537e-11	4.73119143862e-08
6.0706311813e-11	3.16154000757e-08
6.24917915722e-11	1.61074922289e-08
