0	-0.000112442
4.50927e-14	-0.000113282
9.01854e-14	-0.000114124
1.35278e-13	-0.000114968
1.80371e-13	-0.000115815
2.25463e-13	-0.000116664
2.70556e-13	-0.000117515
3.15649e-13	-0.000118369
3.60741e-13	-0.000119224
4.05834e-13	-0.000120082
4.50927e-13	-0.000120942
4.9602e-13	-0.000121804
5.41112e-13	-0.000122667
5.86205e-13	-0.000123533
6.31298e-13	-0.0001244
6.7639e-13	-0.000125269
7.21483e-13	-0.000126139
7.66576e-13	-0.000127011
8.11668e-13	-0.000127885
8.56761e-13	-0.00012876
9.01854e-13	-0.000129636
9.46946e-13	-0.000130514
9.92039e-13	-0.000131393
1.03713e-12	-0.000132273
1.08222e-12	-0.000133154
1.12732e-12	-0.000134036
1.17241e-12	-0.000134918
1.2175e-12	-0.000135802
1.2626e-12	-0.000136686
1.30769e-12	-0.000137571
1.35278e-12	-0.000138456
1.39787e-12	-0.000139342
1.44297e-12	-0.000140228
1.48806e-12	-0.000141115
1.53315e-12	-0.000142001
1.57824e-12	-0.000142888
1.62334e-12	-0.000143774
1.66843e-12	-0.00014466
1.71352e-12	-0.000145546
1.75861e-12	-0.000146432
1.80371e-12	-0.000147317
1.8488e-12	-0.000148202
1.89389e-12	-0.000149086
1.93899e-12	-0.000149969
1.98408e-12	-0.000150851
2.02917e-12	-0.000151732
2.07426e-12	-0.000152612
2.11936e-12	-0.000153491
2.16445e-12	-0.000154368
2.20954e-12	-0.000155244
2.25463e-12	-0.000156118
2.29973e-12	-0.00015699
2.34482e-12	-0.000157861
2.38991e-12	-0.000158729
2.43501e-12	-0.000159596
2.4801e-12	-0.00016046
2.52519e-12	-0.000161321
2.57028e-12	-0.00016218
2.61538e-12	-0.000163036
2.66047e-12	-0.00016389
2.70556e-12	-0.00016474
2.75065e-12	-0.000165587
2.79575e-12	-0.000166431
2.84084e-12	-0.000167271
2.88593e-12	-0.000168108
2.93102e-12	-0.000168941
2.97612e-12	-0.00016977
3.02121e-12	-0.000170595
3.0663e-12	-0.000171416
3.1114e-12	-0.000172232
3.15649e-12	-0.000173043
3.20158e-12	-0.00017385
3.24667e-12	-0.000174652
3.29177e-12	-0.000175449
3.33686e-12	-0.00017624
3.38195e-12	-0.000177026
3.42704e-12	-0.000177806
3.47214e-12	-0.000178581
3.51723e-12	-0.000179349
3.56232e-12	-0.000180111
3.60741e-12	-0.000180867
3.65251e-12	-0.000181616
3.6976e-12	-0.000182358
3.74269e-12	-0.000183094
3.78779e-12	-0.000183822
3.83288e-12	-0.000184542
3.87797e-12	-0.000185255
3.92306e-12	-0.00018596
3.96816e-12	-0.000186657
4.01325e-12	-0.000187346
4.05834e-12	-0.000188026
4.10343e-12	-0.000188697
4.14853e-12	-0.000189359
4.19362e-12	-0.000190013
4.23871e-12	-0.000190656
4.28381e-12	-0.00019129
4.3289e-12	-0.000191915
4.37399e-12	-0.000192529
4.41908e-12	-0.000193132
4.46418e-12	-0.000193725
4.50927e-12	-0.000194307
4.55436e-12	-0.000194878
4.59945e-12	-0.000195438
4.64455e-12	-0.000195985
4.68964e-12	-0.000196521
4.73473e-12	-0.000197045
4.77982e-12	-0.000197556
4.82492e-12	-0.000198055
4.87001e-12	-0.00019854
4.9151e-12	-0.000199013
4.9602e-12	-0.000199471
5.00529e-12	-0.000199916
5.05038e-12	-0.000200347
5.09547e-12	-0.000200763
5.14057e-12	-0.000201164
5.18566e-12	-0.000201551
5.23075e-12	-0.000201922
5.27584e-12	-0.000202277
5.32094e-12	-0.000202617
5.36603e-12	-0.00020294
5.41112e-12	-0.000203246
5.45621e-12	-0.000203536
5.50131e-12	-0.000203809
5.5464e-12	-0.000204064
5.59149e-12	-0.000204301
5.63659e-12	-0.00020452
5.68168e-12	-0.00020472
5.72677e-12	-0.000204901
5.77186e-12	-0.000205063
5.81696e-12	-0.000205206
5.86205e-12	-0.000205329
5.90714e-12	-0.000205431
5.95223e-12	-0.000205513
5.99733e-12	-0.000205573
6.04242e-12	-0.000205612
6.08751e-12	-0.00020563
6.13261e-12	-0.000205625
6.1777e-12	-0.000205598
6.22279e-12	-0.000205548
6.26788e-12	-0.000205475
6.31298e-12	-0.000205378
6.35807e-12	-0.000205256
6.40316e-12	-0.000205111
6.44825e-12	-0.00020494
6.49335e-12	-0.000204745
6.53844e-12	-0.000204523
6.58353e-12	-0.000204276
6.62862e-12	-0.000204002
6.67372e-12	-0.0002037
6.71881e-12	-0.000203372
6.7639e-12	-0.000203016
6.809e-12	-0.000202631
6.85409e-12	-0.000202218
6.89918e-12	-0.000201776
6.94427e-12	-0.000201304
6.98937e-12	-0.000200802
7.03446e-12	-0.000200269
7.07955e-12	-0.000199706
7.12464e-12	-0.000199111
7.16974e-12	-0.000198484
7.21483e-12	-0.000197825
7.25992e-12	-0.000197133
7.30502e-12	-0.000196407
7.35011e-12	-0.000195648
7.3952e-12	-0.000194855
7.44029e-12	-0.000194026
7.48539e-12	-0.000193163
7.53048e-12	-0.000192263
7.57557e-12	-0.000191327
7.62066e-12	-0.000190355
7.66576e-12	-0.000189345
7.71085e-12	-0.000188297
7.75594e-12	-0.00018721
7.80103e-12	-0.000186085
7.84613e-12	-0.00018492
7.89122e-12	-0.000183715
7.93631e-12	-0.000182469
7.98141e-12	-0.000181182
8.0265e-12	-0.000179854
8.07159e-12	-0.000178483
8.11668e-12	-0.000177069
8.16178e-12	-0.000175612
8.20687e-12	-0.000174111
8.25196e-12	-0.000172566
8.29705e-12	-0.000170975
8.34215e-12	-0.000169338
8.38724e-12	-0.000167655
8.43233e-12	-0.000165925
8.47742e-12	-0.000164148
8.52252e-12	-0.000162322
8.56761e-12	-0.000160448
8.6127e-12	-0.000158524
8.6578e-12	-0.00015655
8.70289e-12	-0.000154525
8.74798e-12	-0.000152449
8.79307e-12	-0.000150321
8.83817e-12	-0.00014814
8.88326e-12	-0.000145906
8.92835e-12	-0.000143619
8.97344e-12	-0.000141276
9.01854e-12	-0.000138878
9.06363e-12	-0.000136425
9.10872e-12	-0.000133914
9.15382e-12	-0.000131347
9.19891e-12	-0.000128721
9.244e-12	-0.000126037
9.28909e-12	-0.000123293
9.33419e-12	-0.00012049
9.37928e-12	-0.000117625
9.42437e-12	-0.000114699
9.46946e-12	-0.00011171
9.51456e-12	-0.000108659
9.55965e-12	-0.000105544
9.60474e-12	-0.000102365
9.64983e-12	-9.91198e-05
9.69493e-12	-9.58092e-05
9.74002e-12	-9.24319e-05
9.78511e-12	-8.89872e-05
9.83021e-12	-8.54742e-05
9.8753e-12	-8.18922e-05
9.92039e-12	-7.82405e-05
9.96548e-12	-7.45183e-05
1.00106e-11	-7.07247e-05
1.00557e-11	-6.6859e-05
1.01008e-11	-6.29204e-05
1.01459e-11	-5.89081e-05
1.01909e-11	-5.48212e-05
1.0236e-11	-5.0659e-05
1.02811e-11	-4.64207e-05
1.03262e-11	-4.21054e-05
1.03713e-11	-3.77123e-05
1.04164e-11	-3.32405e-05
1.04615e-11	-2.86892e-05
1.05066e-11	-2.40577e-05
1.05517e-11	-1.93449e-05
1.05968e-11	-1.45501e-05
1.06419e-11	-9.67241e-06
1.0687e-11	-4.71095e-06
1.07321e-11	3.35157e-07
1.07772e-11	5.46678e-06
1.08222e-11	1.06848e-05
1.08673e-11	1.59901e-05
1.09124e-11	2.13837e-05
1.09575e-11	2.68663e-05
1.10026e-11	3.24389e-05
1.10477e-11	3.81024e-05
1.10928e-11	4.38577e-05
1.11379e-11	4.97058e-05
1.1183e-11	5.56475e-05
1.12281e-11	6.16839e-05
1.12732e-11	6.78158e-05
1.13183e-11	7.40442e-05
1.13634e-11	8.037e-05
1.14084e-11	8.67942e-05
1.14535e-11	9.33178e-05
1.14986e-11	9.99417e-05
1.15437e-11	0.000106667
1.15888e-11	0.000113494
1.16339e-11	0.000120425
1.1679e-11	0.00012746
1.17241e-11	0.0001346
1.17692e-11	0.000141847
1.18143e-11	0.0001492
1.18594e-11	0.000156662
1.19045e-11	0.000164233
1.19496e-11	0.000171915
1.19947e-11	0.000179707
1.20397e-11	0.000187612
1.20848e-11	0.000195631
1.21299e-11	0.000203764
1.2175e-11	0.000212012
1.22201e-11	0.000220377
1.22652e-11	0.000228859
1.23103e-11	0.00023746
1.23554e-11	0.00024618
1.24005e-11	0.000255022
1.24456e-11	0.000263985
1.24907e-11	0.000273071
1.25358e-11	0.000282281
1.25809e-11	0.000291616
1.2626e-11	0.000301078
1.2671e-11	0.000310666
1.27161e-11	0.000320383
1.27612e-11	0.00033023
1.28063e-11	0.000340207
1.28514e-11	0.000350316
1.28965e-11	0.000360557
1.29416e-11	0.000370933
1.29867e-11	0.000381444
1.30318e-11	0.000392091
1.30769e-11	0.000402875
1.3122e-11	0.000413798
1.31671e-11	0.000424861
1.32122e-11	0.000436064
1.32572e-11	0.00044741
1.33023e-11	0.000458898
1.33474e-11	0.000470532
1.33925e-11	0.00048231
1.34376e-11	0.000494236
1.34827e-11	0.000506309
1.35278e-11	0.000518531
1.35729e-11	0.000530904
1.3618e-11	0.000543428
1.36631e-11	0.000556104
1.37082e-11	0.000568935
1.37533e-11	0.000581921
1.37984e-11	0.000595063
1.38435e-11	0.000608362
1.38885e-11	0.00062182
1.39336e-11	0.000635438
1.39787e-11	0.000649218
1.40238e-11	0.00066316
1.40689e-11	0.000677265
1.4114e-11	0.000691535
1.41591e-11	0.000705972
1.42042e-11	0.000720575
1.42493e-11	0.000735348
1.42944e-11	0.00075029
1.43395e-11	0.000765404
1.43846e-11	0.000780689
1.44297e-11	0.000796149
1.44748e-11	0.000811783
1.45198e-11	0.000827594
1.45649e-11	0.000843582
1.461e-11	0.000859748
1.46551e-11	0.000876095
1.47002e-11	0.000892623
1.47453e-11	0.000909334
1.47904e-11	0.000926228
1.48355e-11	0.000943308
1.48806e-11	0.000960574
1.49257e-11	0.000978027
1.49708e-11	0.00099567
1.50159e-11	0.0010135
1.5061e-11	0.00103153
1.5106e-11	0.00104975
1.51511e-11	0.00106816
1.51962e-11	0.00108676
1.52413e-11	0.00110557
1.52864e-11	0.00112457
1.53315e-11	0.00114377
1.53766e-11	0.00116317
1.54217e-11	0.00118278
1.54668e-11	0.00120259
1.55119e-11	0.0012226
1.5557e-11	0.00124282
1.56021e-11	0.00126324
1.56472e-11	0.00128388
1.56923e-11	0.00130472
1.57373e-11	0.00132578
1.57824e-11	0.00134705
1.58275e-11	0.00136853
1.58726e-11	0.00139023
1.59177e-11	0.00141214
1.59628e-11	0.00143427
1.60079e-11	0.00145662
1.6053e-11	0.0014792
1.60981e-11	0.00150199
1.61432e-11	0.00152501
1.61883e-11	0.00154825
1.62334e-11	0.00157171
1.62785e-11	0.00159541
1.63236e-11	0.00161933
1.63686e-11	0.00164348
1.64137e-11	0.00166787
1.64588e-11	0.00169248
1.65039e-11	0.00171733
1.6549e-11	0.00174242
1.65941e-11	0.00176774
1.66392e-11	0.0017933
1.66843e-11	0.0018191
1.67294e-11	0.00184513
1.67745e-11	0.00187141
1.68196e-11	0.00189794
1.68647e-11	0.0019247
1.69098e-11	0.00195172
1.69548e-11	0.00197898
1.69999e-11	0.00200648
1.7045e-11	0.00203424
1.70901e-11	0.00206225
1.71352e-11	0.00209051
1.71803e-11	0.00211902
1.72254e-11	0.00214779
1.72705e-11	0.00217681
1.73156e-11	0.00220609
1.73607e-11	0.00223563
1.74058e-11	0.00226543
1.74509e-11	0.00229549
1.7496e-11	0.00232581
1.75411e-11	0.00235639
1.75861e-11	0.00238724
1.76312e-11	0.00241836
1.76763e-11	0.00244974
1.77214e-11	0.00248139
1.77665e-11	0.00251331
1.78116e-11	0.00254551
1.78567e-11	0.00257797
1.79018e-11	0.00261071
1.79469e-11	0.00264372
1.7992e-11	0.00267701
1.80371e-11	0.00271057
1.80822e-11	0.00274441
1.81273e-11	0.00277853
1.81724e-11	0.00281294
1.82174e-11	0.00284762
1.82625e-11	0.00288259
1.83076e-11	0.00291784
1.83527e-11	0.00295337
1.83978e-11	0.00298919
1.84429e-11	0.0030253
1.8488e-11	0.0030617
1.85331e-11	0.00309839
1.85782e-11	0.00313537
1.86233e-11	0.00317264
1.86684e-11	0.0032102
1.87135e-11	0.00324806
1.87586e-11	0.00328621
1.88036e-11	0.00332466
1.88487e-11	0.0033634
1.88938e-11	0.00340245
1.89389e-11	0.00344179
1.8984e-11	0.00348143
1.90291e-11	0.00352138
1.90742e-11	0.00356162
1.91193e-11	0.00360217
1.91644e-11	0.00364303
1.92095e-11	0.00368419
1.92546e-11	0.00372565
1.92997e-11	0.00376743
1.93448e-11	0.00380951
1.93899e-11	0.0038519
1.94349e-11	0.0038946
1.948e-11	0.00393761
1.95251e-11	0.00398093
1.95702e-11	0.00402457
1.96153e-11	0.00406852
1.96604e-11	0.00411278
1.97055e-11	0.00415736
1.97506e-11	0.00420226
1.97957e-11	0.00424747
1.98408e-11	0.004293
1.98859e-11	0.00433885
1.9931e-11	0.00438501
1.99761e-11	0.0044315
2.00212e-11	0.00447831
2.00662e-11	0.00452543
2.01113e-11	0.00457289
2.01564e-11	0.00462066
2.02015e-11	0.00466876
2.02466e-11	0.00471718
2.02917e-11	0.00476592
2.03368e-11	0.00481499
2.03819e-11	0.00486439
2.0427e-11	0.00491411
2.04721e-11	0.00496416
2.05172e-11	0.00501454
2.05623e-11	0.00506525
2.06074e-11	0.00511628
2.06524e-11	0.00516765
2.06975e-11	0.00521934
2.07426e-11	0.00527136
2.07877e-11	0.00532372
2.08328e-11	0.0053764
2.08779e-11	0.00542942
2.0923e-11	0.00548277
2.09681e-11	0.00553645
2.10132e-11	0.00559046
2.10583e-11	0.00564481
2.11034e-11	0.00569949
2.11485e-11	0.0057545
2.11936e-11	0.00580984
2.12387e-11	0.00586552
2.12837e-11	0.00592153
2.13288e-11	0.00597788
2.13739e-11	0.00603456
2.1419e-11	0.00609158
2.14641e-11	0.00614893
2.15092e-11	0.00620661
2.15543e-11	0.00626463
2.15994e-11	0.00632299
2.16445e-11	0.00638167
2.16896e-11	0.0064407
2.17347e-11	0.00650006
2.17798e-11	0.00655975
2.18249e-11	0.00661978
2.187e-11	0.00668014
2.1915e-11	0.00674083
2.19601e-11	0.00680186
2.20052e-11	0.00686323
2.20503e-11	0.00692492
2.20954e-11	0.00698695
2.21405e-11	0.00704932
2.21856e-11	0.00711201
2.22307e-11	0.00717504
2.22758e-11	0.0072384
2.23209e-11	0.00730209
2.2366e-11	0.00736612
2.24111e-11	0.00743047
2.24562e-11	0.00749515
2.25012e-11	0.00756017
2.25463e-11	0.00762551
2.25914e-11	0.00769118
2.26365e-11	0.00775718
2.26816e-11	0.00782351
2.27267e-11	0.00789016
2.27718e-11	0.00795714
2.28169e-11	0.00802445
2.2862e-11	0.00809207
2.29071e-11	0.00816003
2.29522e-11	0.0082283
2.29973e-11	0.0082969
2.30424e-11	0.00836582
2.30875e-11	0.00843505
2.31325e-11	0.00850461
2.31776e-11	0.00857448
2.32227e-11	0.00864468
2.32678e-11	0.00871518
2.33129e-11	0.008786
2.3358e-11	0.00885714
2.34031e-11	0.00892859
2.34482e-11	0.00900035
2.34933e-11	0.00907241
2.35384e-11	0.00914479
2.35835e-11	0.00921747
2.36286e-11	0.00929046
2.36737e-11	0.00936375
2.37188e-11	0.00943735
2.37638e-11	0.00951125
2.38089e-11	0.00958544
2.3854e-11	0.00965994
2.38991e-11	0.00973473
2.39442e-11	0.00980982
2.39893e-11	0.00988519
2.40344e-11	0.00996086
2.40795e-11	0.0100368
2.41246e-11	0.0101131
2.41697e-11	0.0101896
2.42148e-11	0.0102664
2.42599e-11	0.0103435
2.4305e-11	0.0104209
2.43501e-11	0.0104985
2.43951e-11	0.0105765
2.44402e-11	0.0106547
2.44853e-11	0.0107332
2.45304e-11	0.0108119
2.45755e-11	0.0108909
2.46206e-11	0.0109702
2.46657e-11	0.0110497
2.47108e-11	0.0111295
2.47559e-11	0.0112096
2.4801e-11	0.0112899
2.48461e-11	0.0113704
2.48912e-11	0.0114512
2.49363e-11	0.0115323
2.49813e-11	0.0116136
2.50264e-11	0.0116951
2.50715e-11	0.0117769
2.51166e-11	0.0118589
2.51617e-11	0.0119412
2.52068e-11	0.0120236
2.52519e-11	0.0121063
2.5297e-11	0.0121892
2.53421e-11	0.0122724
2.53872e-11	0.0123557
2.54323e-11	0.0124393
2.54774e-11	0.0125231
2.55225e-11	0.0126071
2.55676e-11	0.0126913
2.56126e-11	0.0127757
2.56577e-11	0.0128603
2.57028e-11	0.012945
2.57479e-11	0.01303
2.5793e-11	0.0131152
2.58381e-11	0.0132005
2.58832e-11	0.013286
2.59283e-11	0.0133717
2.59734e-11	0.0134576
2.60185e-11	0.0135436
2.60636e-11	0.0136298
2.61087e-11	0.0137161
2.61538e-11	0.0138026
2.61989e-11	0.0138893
2.62439e-11	0.0139761
2.6289e-11	0.014063
2.63341e-11	0.0141501
2.63792e-11	0.0142373
2.64243e-11	0.0143246
2.64694e-11	0.0144121
2.65145e-11	0.0144997
2.65596e-11	0.0145874
2.66047e-11	0.0146752
2.66498e-11	0.0147631
2.66949e-11	0.0148511
2.674e-11	0.0149392
2.67851e-11	0.0150274
2.68301e-11	0.0151156
2.68752e-11	0.015204
2.69203e-11	0.0152924
2.69654e-11	0.0153809
2.70105e-11	0.0154695
2.70556e-11	0.0155581
2.71007e-11	0.0156467
2.71458e-11	0.0157355
2.71909e-11	0.0158242
2.7236e-11	0.015913
2.72811e-11	0.0160018
2.73262e-11	0.0160907
2.73713e-11	0.0161796
2.74164e-11	0.0162684
2.74614e-11	0.0163573
2.75065e-11	0.0164462
2.75516e-11	0.0165351
2.75967e-11	0.016624
2.76418e-11	0.0167128
2.76869e-11	0.0168017
2.7732e-11	0.0168905
2.77771e-11	0.0169792
2.78222e-11	0.017068
2.78673e-11	0.0171566
2.79124e-11	0.0172452
2.79575e-11	0.0173338
2.80026e-11	0.0174223
2.80477e-11	0.0175107
2.80927e-11	0.017599
2.81378e-11	0.0176872
2.81829e-11	0.0177754
2.8228e-11	0.0178634
2.82731e-11	0.0179513
2.83182e-11	0.0180391
2.83633e-11	0.0181268
2.84084e-11	0.0182143
2.84535e-11	0.0183017
2.84986e-11	0.0183889
2.85437e-11	0.018476
2.85888e-11	0.0185629
2.86339e-11	0.0186497
2.86789e-11	0.0187362
2.8724e-11	0.0188226
2.87691e-11	0.0189088
2.88142e-11	0.0189948
2.88593e-11	0.0190805
2.89044e-11	0.0191661
2.89495e-11	0.0192514
2.89946e-11	0.0193364
2.90397e-11	0.0194213
2.90848e-11	0.0195058
2.91299e-11	0.0195901
2.9175e-11	0.0196742
2.92201e-11	0.0197579
2.92652e-11	0.0198414
2.93102e-11	0.0199245
2.93553e-11	0.0200074
2.94004e-11	0.0200899
2.94455e-11	0.0201721
2.94906e-11	0.020254
2.95357e-11	0.0203355
2.95808e-11	0.0204167
2.96259e-11	0.0204975
2.9671e-11	0.020578
2.97161e-11	0.020658
2.97612e-11	0.0207377
2.98063e-11	0.0208169
2.98514e-11	0.0208958
2.98965e-11	0.0209742
2.99415e-11	0.0210522
2.99866e-11	0.0211297
3.00317e-11	0.0212068
3.00768e-11	0.0212834
3.01219e-11	0.0213596
3.0167e-11	0.0214353
3.02121e-11	0.0215104
3.02572e-11	0.0215851
3.03023e-11	0.0216593
3.03474e-11	0.0217329
3.03925e-11	0.021806
3.04376e-11	0.0218785
3.04827e-11	0.0219505
3.05277e-11	0.0220219
3.05728e-11	0.0220927
3.06179e-11	0.022163
3.0663e-11	0.0222326
3.07081e-11	0.0223016
3.07532e-11	0.02237
3.07983e-11	0.0224378
3.08434e-11	0.0225049
3.08885e-11	0.0225713
3.09336e-11	0.0226371
3.09787e-11	0.0227021
3.10238e-11	0.0227665
3.10689e-11	0.0228302
3.1114e-11	0.0228932
3.1159e-11	0.0229554
3.12041e-11	0.0230168
3.12492e-11	0.0230776
3.12943e-11	0.0231375
3.13394e-11	0.0231967
3.13845e-11	0.023255
3.14296e-11	0.0233126
3.14747e-11	0.0233693
3.15198e-11	0.0234252
3.15649e-11	0.0234803
3.161e-11	0.0235345
3.16551e-11	0.0235878
3.17002e-11	0.0236402
3.17453e-11	0.0236918
3.17903e-11	0.0237424
3.18354e-11	0.0237921
3.18805e-11	0.0238408
3.19256e-11	0.0238886
3.19707e-11	0.0239355
3.20158e-11	0.0239813
3.20609e-11	0.0240262
3.2106e-11	0.0240701
3.21511e-11	0.0241129
3.21962e-11	0.0241547
3.22413e-11	0.0241955
3.22864e-11	0.0242352
3.23315e-11	0.0242738
3.23765e-11	0.0243113
3.24216e-11	0.0243477
3.24667e-11	0.024383
3.25118e-11	0.0244172
3.25569e-11	0.0244502
3.2602e-11	0.024482
3.26471e-11	0.0245127
3.26922e-11	0.0245422
3.27373e-11	0.0245704
3.27824e-11	0.0245975
3.28275e-11	0.0246233
3.28726e-11	0.0246478
3.29177e-11	0.0246711
3.29628e-11	0.0246931
3.30078e-11	0.0247138
3.30529e-11	0.0247332
3.3098e-11	0.0247512
3.31431e-11	0.0247679
3.31882e-11	0.0247833
3.32333e-11	0.0247973
3.32784e-11	0.0248098
3.33235e-11	0.024821
3.33686e-11	0.0248308
3.34137e-11	0.0248391
3.34588e-11	0.0248459
3.35039e-11	0.0248513
3.3549e-11	0.0248552
3.35941e-11	0.0248576
3.36391e-11	0.0248585
3.36842e-11	0.0248578
3.37293e-11	0.0248556
3.37744e-11	0.0248518
3.38195e-11	0.0248464
3.38646e-11	0.0248394
3.39097e-11	0.0248309
3.39548e-11	0.0248206
3.39999e-11	0.0248087
3.4045e-11	0.0247952
3.40901e-11	0.02478
3.41352e-11	0.024763
3.41803e-11	0.0247444
3.42253e-11	0.024724
3.42704e-11	0.0247018
3.43155e-11	0.0246779
3.43606e-11	0.0246522
3.44057e-11	0.0246247
3.44508e-11	0.0245954
3.44959e-11	0.0245642
3.4541e-11	0.0245312
3.45861e-11	0.0244963
3.46312e-11	0.0244595
3.46763e-11	0.0244208
3.47214e-11	0.0243802
3.47665e-11	0.0243376
3.48116e-11	0.0242931
3.48566e-11	0.0242466
3.49017e-11	0.024198
3.49468e-11	0.0241475
3.49919e-11	0.024095
3.5037e-11	0.0240403
3.50821e-11	0.0239837
3.51272e-11	0.0239249
3.51723e-11	0.023864
3.52174e-11	0.023801
3.52625e-11	0.0237359
3.53076e-11	0.0236686
3.53527e-11	0.0235991
3.53978e-11	0.0235274
3.54429e-11	0.0234536
3.54879e-11	0.0233774
3.5533e-11	0.0232991
3.55781e-11	0.0232184
3.56232e-11	0.0231355
3.56683e-11	0.0230503
3.57134e-11	0.0229627
3.57585e-11	0.0228728
3.58036e-11	0.0227805
3.58487e-11	0.0226859
3.58938e-11	0.0225889
3.59389e-11	0.0224894
3.5984e-11	0.0223875
3.60291e-11	0.0222832
3.60741e-11	0.0221763
3.61192e-11	0.022067
3.61643e-11	0.0219552
3.62094e-11	0.0218408
3.62545e-11	0.0217239
3.62996e-11	0.0216044
3.63447e-11	0.0214824
3.63898e-11	0.0213577
3.64349e-11	0.0212304
3.648e-11	0.0211005
3.65251e-11	0.0209679
3.65702e-11	0.0208326
3.66153e-11	0.0206946
3.66604e-11	0.020554
3.67054e-11	0.0204105
3.67505e-11	0.0202643
3.67956e-11	0.0201154
3.68407e-11	0.0199636
3.68858e-11	0.019809
3.69309e-11	0.0196516
3.6976e-11	0.0194914
3.70211e-11	0.0193282
3.70662e-11	0.0191622
3.71113e-11	0.0189933
3.71564e-11	0.0188215
3.72015e-11	0.0186467
3.72466e-11	0.0184689
3.72917e-11	0.0182882
3.73367e-11	0.0181044
3.73818e-11	0.0179176
3.74269e-11	0.0177278
3.7472e-11	0.017535
3.75171e-11	0.017339
3.75622e-11	0.01714
3.76073e-11	0.0169378
3.76524e-11	0.0167325
3.76975e-11	0.016524
3.77426e-11	0.0163124
3.77877e-11	0.0160976
3.78328e-11	0.0158796
3.78779e-11	0.0156583
3.79229e-11	0.0154338
3.7968e-11	0.015206
3.80131e-11	0.014975
3.80582e-11	0.0147406
3.81033e-11	0.0145029
3.81484e-11	0.0142619
3.81935e-11	0.0140175
3.82386e-11	0.0137697
3.82837e-11	0.0135186
3.83288e-11	0.013264
3.83739e-11	0.013006
3.8419e-11	0.0127445
3.84641e-11	0.0124796
3.85092e-11	0.0122112
3.85542e-11	0.0119393
3.85993e-11	0.0116638
3.86444e-11	0.0113848
3.86895e-11	0.0111023
3.87346e-11	0.0108162
3.87797e-11	0.0105264
3.88248e-11	0.0102331
3.88699e-11	0.0099361
3.8915e-11	0.00963548
3.89601e-11	0.00933118
3.90052e-11	0.00902321
3.90503e-11	0.00871152
3.90954e-11	0.00839612
3.91405e-11	0.00807698
3.91855e-11	0.00775408
3.92306e-11	0.00742741
3.92757e-11	0.00709695
3.93208e-11	0.00676268
3.93659e-11	0.00642459
3.9411e-11	0.00608265
3.94561e-11	0.00573686
3.95012e-11	0.00538719
3.95463e-11	0.00503363
3.95914e-11	0.00467616
3.96365e-11	0.00431477
3.96816e-11	0.00394943
3.97267e-11	0.00358014
3.97717e-11	0.00320687
3.98168e-11	0.0028296
3.98619e-11	0.00244834
3.9907e-11	0.00206304
3.99521e-11	0.00167371
3.99972e-11	0.00128033
4.00423e-11	0.000882868
4.00874e-11	0.000481324
4.01325e-11	7.56783e-05
4.01776e-11	-0.000334085
4.02227e-11	-0.000747982
4.02678e-11	-0.00116603
4.03129e-11	-0.00158824
4.0358e-11	-0.00201462
4.0403e-11	-0.0024452
4.04481e-11	-0.00287999
4.04932e-11	-0.003319
4.05383e-11	-0.00376225
4.05834e-11	-0.00420975
4.06285e-11	-0.00466151
4.06736e-11	-0.00511756
4.07187e-11	-0.0055779
4.07638e-11	-0.00604255
4.08089e-11	-0.00651152
4.0854e-11	-0.00698482
4.08991e-11	-0.00746247
4.09442e-11	-0.00794449
4.09893e-11	-0.00843088
4.10343e-11	-0.00892166
4.10794e-11	-0.00941684
4.11245e-11	-0.00991644
4.11696e-11	-0.0104205
4.12147e-11	-0.0109289
4.12598e-11	-0.0114418
4.13049e-11	-0.0119592
4.135e-11	-0.0124811
4.13951e-11	-0.0130074
4.14402e-11	-0.0135382
4.14853e-11	-0.0140736
4.15304e-11	-0.0146135
4.15755e-11	-0.0151579
4.16205e-11	-0.0157068
4.16656e-11	-0.0162603
4.17107e-11	-0.0168184
4.17558e-11	-0.0173811
4.18009e-11	-0.0179483
4.1846e-11	-0.0185201
4.18911e-11	-0.0190966
4.19362e-11	-0.0196776
4.19813e-11	-0.0202633
4.20264e-11	-0.0208536
4.20715e-11	-0.0214486
4.21166e-11	-0.0220482
4.21617e-11	-0.0226525
4.22068e-11	-0.0232615
4.22518e-11	-0.0238751
4.22969e-11	-0.0244935
4.2342e-11	-0.0251165
4.23871e-11	-0.0257442
4.24322e-11	-0.0263766
4.24773e-11	-0.0270138
4.25224e-11	-0.0276557
4.25675e-11	-0.0283023
4.26126e-11	-0.0289537
4.26577e-11	-0.0296098
4.27028e-11	-0.0302707
4.27479e-11	-0.0309363
4.2793e-11	-0.0316067
4.28381e-11	-0.0322819
4.28831e-11	-0.0329618
4.29282e-11	-0.0336465
4.29733e-11	-0.034336
4.30184e-11	-0.0350304
4.30635e-11	-0.0357295
4.31086e-11	-0.0364334
4.31537e-11	-0.0371421
4.31988e-11	-0.0378556
4.32439e-11	-0.0385739
4.3289e-11	-0.0392971
4.33341e-11	-0.0400251
4.33792e-11	-0.0407579
4.34243e-11	-0.0414955
4.34693e-11	-0.042238
4.35144e-11	-0.0429853
4.35595e-11	-0.0437374
4.36046e-11	-0.0444943
4.36497e-11	-0.0452561
4.36948e-11	-0.0460227
4.37399e-11	-0.0467942
4.3785e-11	-0.0475705
4.38301e-11	-0.0483517
4.38752e-11	-0.0491376
4.39203e-11	-0.0499285
4.39654e-11	-0.0507241
4.40105e-11	-0.0515246
4.40556e-11	-0.05233
4.41006e-11	-0.0531401
4.41457e-11	-0.0539552
4.41908e-11	-0.054775
4.42359e-11	-0.0555997
4.4281e-11	-0.0564292
4.43261e-11	-0.0572635
4.43712e-11	-0.0581026
4.44163e-11	-0.0589466
4.44614e-11	-0.0597954
4.45065e-11	-0.060649
4.45516e-11	-0.0615074
4.45967e-11	-0.0623706
4.46418e-11	-0.0632386
4.46869e-11	-0.0641114
4.47319e-11	-0.064989
4.4777e-11	-0.0658714
4.48221e-11	-0.0667585
4.48672e-11	-0.0676505
4.49123e-11	-0.0685471
4.49574e-11	-0.0694486
4.50025e-11	-0.0703548
4.50476e-11	-0.0712657
4.50927e-11	-0.0721814
4.51378e-11	-0.0731018
4.51829e-11	-0.0740269
4.5228e-11	-0.0749568
4.52731e-11	-0.0758913
4.53181e-11	-0.0768305
4.53632e-11	-0.0777744
4.54083e-11	-0.078723
4.54534e-11	-0.0796763
4.54985e-11	-0.0806342
4.55436e-11	-0.0815967
4.55887e-11	-0.0825639
4.56338e-11	-0.0835356
4.56789e-11	-0.084512
4.5724e-11	-0.085493
4.57691e-11	-0.0864786
4.58142e-11	-0.0874687
4.58593e-11	-0.0884634
4.59044e-11	-0.0894626
4.59494e-11	-0.0904663
4.59945e-11	-0.0914746
4.60396e-11	-0.0924874
4.60847e-11	-0.0935046
4.61298e-11	-0.0945263
4.61749e-11	-0.0955524
4.622e-11	-0.096583
4.62651e-11	-0.097618
4.63102e-11	-0.0986574
4.63553e-11	-0.0997012
4.64004e-11	-0.100749
4.64455e-11	-0.101802
4.64906e-11	-0.102859
4.65357e-11	-0.10392
4.65807e-11	-0.104985
4.66258e-11	-0.106055
4.66709e-11	-0.107129
4.6716e-11	-0.108207
4.67611e-11	-0.10929
4.68062e-11	-0.110376
4.68513e-11	-0.111467
4.68964e-11	-0.112562
4.69415e-11	-0.113661
4.69866e-11	-0.114764
4.70317e-11	-0.115871
4.70768e-11	-0.116983
4.71219e-11	-0.118098
4.71669e-11	-0.119217
4.7212e-11	-0.120341
4.72571e-11	-0.121468
4.73022e-11	-0.122599
4.73473e-11	-0.123734
4.73924e-11	-0.124873
4.74375e-11	-0.126016
4.74826e-11	-0.127163
4.75277e-11	-0.128313
4.75728e-11	-0.129468
4.76179e-11	-0.130626
4.7663e-11	-0.131787
4.77081e-11	-0.132953
4.77532e-11	-0.134122
4.77982e-11	-0.135295
4.78433e-11	-0.136471
4.78884e-11	-0.137651
4.79335e-11	-0.138834
4.79786e-11	-0.140021
4.80237e-11	-0.141212
4.80688e-11	-0.142406
4.81139e-11	-0.143603
4.8159e-11	-0.144804
4.82041e-11	-0.146008
4.82492e-11	-0.147215
4.82943e-11	-0.148426
4.83394e-11	-0.14964
4.83845e-11	-0.150857
4.84295e-11	-0.152077
4.84746e-11	-0.153301
4.85197e-11	-0.154527
4.85648e-11	-0.155757
4.86099e-11	-0.15699
4.8655e-11	-0.158225
4.87001e-11	-0.159464
4.87452e-11	-0.160706
4.87903e-11	-0.16195
4.88354e-11	-0.163197
4.88805e-11	-0.164448
4.89256e-11	-0.165701
4.89707e-11	-0.166956
4.90157e-11	-0.168214
4.90608e-11	-0.169475
4.91059e-11	-0.170739
4.9151e-11	-0.172005
4.91961e-11	-0.173274
4.92412e-11	-0.174545
4.92863e-11	-0.175819
4.93314e-11	-0.177095
4.93765e-11	-0.178373
4.94216e-11	-0.179654
4.94667e-11	-0.180937
4.95118e-11	-0.182222
4.95569e-11	-0.183509
4.9602e-11	-0.184799
4.9647e-11	-0.18609
4.96921e-11	-0.187384
4.97372e-11	-0.188679
4.97823e-11	-0.189977
4.98274e-11	-0.191276
4.98725e-11	-0.192578
4.99176e-11	-0.193881
4.99627e-11	-0.195185
5.00078e-11	-0.196492
5.00529e-11	-0.1978
5.0098e-11	-0.19911
5.01431e-11	-0.200421
5.01882e-11	-0.201734
5.02333e-11	-0.203049
5.02783e-11	-0.204364
5.03234e-11	-0.205681
5.03685e-11	-0.207
5.04136e-11	-0.208319
5.04587e-11	-0.20964
5.05038e-11	-0.210962
5.05489e-11	-0.212285
5.0594e-11	-0.213609
5.06391e-11	-0.214934
5.06842e-11	-0.21626
5.07293e-11	-0.217587
5.07744e-11	-0.218914
5.08195e-11	-0.220243
5.08645e-11	-0.221572
5.09096e-11	-0.222901
5.09547e-11	-0.224232
5.09998e-11	-0.225563
5.10449e-11	-0.226894
5.109e-11	-0.228225
5.11351e-11	-0.229558
5.11802e-11	-0.23089
5.12253e-11	-0.232222
5.12704e-11	-0.233555
5.13155e-11	-0.234888
5.13606e-11	-0.236221
5.14057e-11	-0.237554
5.14508e-11	-0.238886
5.14958e-11	-0.240219
5.15409e-11	-0.241551
5.1586e-11	-0.242884
5.16311e-11	-0.244215
5.16762e-11	-0.245547
5.17213e-11	-0.246878
5.17664e-11	-0.248208
5.18115e-11	-0.249538
5.18566e-11	-0.250868
5.19017e-11	-0.252196
5.19468e-11	-0.253524
5.19919e-11	-0.254851
5.2037e-11	-0.256177
5.20821e-11	-0.257502
5.21271e-11	-0.258826
5.21722e-11	-0.260149
5.22173e-11	-0.261471
5.22624e-11	-0.262791
5.23075e-11	-0.26411
5.23526e-11	-0.265428
5.23977e-11	-0.266745
5.24428e-11	-0.268059
5.24879e-11	-0.269373
5.2533e-11	-0.270684
5.25781e-11	-0.271994
5.26232e-11	-0.273302
5.26683e-11	-0.274608
5.27133e-11	-0.275913
5.27584e-11	-0.277215
5.28035e-11	-0.278515
5.28486e-11	-0.279813
5.28937e-11	-0.281109
5.29388e-11	-0.282402
5.29839e-11	-0.283693
5.3029e-11	-0.284982
5.30741e-11	-0.286268
5.31192e-11	-0.287552
5.31643e-11	-0.288833
5.32094e-11	-0.290111
5.32545e-11	-0.291386
5.32996e-11	-0.292658
5.33446e-11	-0.293928
5.33897e-11	-0.295194
5.34348e-11	-0.296458
5.34799e-11	-0.297718
5.3525e-11	-0.298974
5.35701e-11	-0.300228
5.36152e-11	-0.301478
5.36603e-11	-0.302725
5.37054e-11	-0.303968
5.37505e-11	-0.305207
5.37956e-11	-0.306442
5.38407e-11	-0.307674
5.38858e-11	-0.308902
5.39309e-11	-0.310126
5.39759e-11	-0.311346
5.4021e-11	-0.312562
5.40661e-11	-0.313773
5.41112e-11	-0.31498
5.41563e-11	-0.316183
5.42014e-11	-0.317382
5.42465e-11	-0.318576
5.42916e-11	-0.319765
5.43367e-11	-0.320949
5.43818e-11	-0.322129
5.44269e-11	-0.323304
5.4472e-11	-0.324474
5.45171e-11	-0.325639
5.45621e-11	-0.326799
5.46072e-11	-0.327954
5.46523e-11	-0.329104
5.46974e-11	-0.330248
5.47425e-11	-0.331387
5.47876e-11	-0.33252
5.48327e-11	-0.333647
5.48778e-11	-0.33477
5.49229e-11	-0.335886
5.4968e-11	-0.336996
5.50131e-11	-0.338101
5.50582e-11	-0.339199
5.51033e-11	-0.340292
5.51484e-11	-0.341378
5.51934e-11	-0.342458
5.52385e-11	-0.343532
5.52836e-11	-0.344599
5.53287e-11	-0.34566
5.53738e-11	-0.346714
5.54189e-11	-0.347761
5.5464e-11	-0.348802
5.55091e-11	-0.349836
5.55542e-11	-0.350863
5.55993e-11	-0.351883
5.56444e-11	-0.352896
5.56895e-11	-0.353901
5.57346e-11	-0.3549
5.57797e-11	-0.355891
5.58247e-11	-0.356874
5.58698e-11	-0.357851
5.59149e-11	-0.358819
5.596e-11	-0.35978
5.60051e-11	-0.360733
5.60502e-11	-0.361678
5.60953e-11	-0.362615
5.61404e-11	-0.363545
5.61855e-11	-0.364466
5.62306e-11	-0.365379
5.62757e-11	-0.366283
5.63208e-11	-0.367179
5.63659e-11	-0.368067
5.64109e-11	-0.368946
5.6456e-11	-0.369817
5.65011e-11	-0.370679
5.65462e-11	-0.371532
5.65913e-11	-0.372376
5.66364e-11	-0.373211
5.66815e-11	-0.374038
5.67266e-11	-0.374855
5.67717e-11	-0.375662
5.68168e-11	-0.376461
5.68619e-11	-0.37725
5.6907e-11	-0.37803
5.69521e-11	-0.3788
5.69972e-11	-0.37956
5.70422e-11	-0.380311
5.70873e-11	-0.381051
5.71324e-11	-0.381782
5.71775e-11	-0.382503
5.72226e-11	-0.383214
5.72677e-11	-0.383915
5.73128e-11	-0.384605
5.73579e-11	-0.385285
5.7403e-11	-0.385955
5.74481e-11	-0.386614
5.74932e-11	-0.387263
5.75383e-11	-0.387901
5.75834e-11	-0.388528
5.76285e-11	-0.389144
5.76735e-11	-0.389749
5.77186e-11	-0.390344
5.77637e-11	-0.390927
5.78088e-11	-0.391499
5.78539e-11	-0.39206
5.7899e-11	-0.39261
5.79441e-11	-0.393148
5.79892e-11	-0.393674
5.80343e-11	-0.394189
5.80794e-11	-0.394693
5.81245e-11	-0.395184
5.81696e-11	-0.395664
5.82147e-11	-0.396132
5.82597e-11	-0.396588
5.83048e-11	-0.397032
5.83499e-11	-0.397463
5.8395e-11	-0.397883
5.84401e-11	-0.39829
5.84852e-11	-0.398685
5.85303e-11	-0.399067
5.85754e-11	-0.399436
5.86205e-11	-0.399793
5.86656e-11	-0.400138
5.87107e-11	-0.400469
5.87558e-11	-0.400788
5.88009e-11	-0.401094
5.8846e-11	-0.401386
5.8891e-11	-0.401666
5.89361e-11	-0.401932
5.89812e-11	-0.402185
5.90263e-11	-0.402425
5.90714e-11	-0.402651
5.91165e-11	-0.402864
5.91616e-11	-0.403064
5.92067e-11	-0.403249
5.92518e-11	-0.403421
5.92969e-11	-0.403579
5.9342e-11	-0.403724
5.93871e-11	-0.403854
5.94322e-11	-0.40397
5.94773e-11	-0.404073
5.95223e-11	-0.404161
5.95674e-11	-0.404235
5.96125e-11	-0.404294
5.96576e-11	-0.404339
5.97027e-11	-0.40437
5.97478e-11	-0.404386
5.97929e-11	-0.404388
5.9838e-11	-0.404375
5.98831e-11	-0.404347
5.99282e-11	-0.404304
5.99733e-11	-0.404247
6.00184e-11	-0.404174
6.00635e-11	-0.404087
6.01085e-11	-0.403985
6.01536e-11	-0.403867
6.01987e-11	-0.403734
6.02438e-11	-0.403586
6.02889e-11	-0.403423
6.0334e-11	-0.403244
6.03791e-11	-0.403049
6.04242e-11	-0.402839
6.04693e-11	-0.402614
6.05144e-11	-0.402373
6.05595e-11	-0.402116
6.06046e-11	-0.401843
6.06497e-11	-0.401555
6.06948e-11	-0.40125
6.07398e-11	-0.40093
6.07849e-11	-0.400594
6.083e-11	-0.400241
6.08751e-11	-0.399873
6.09202e-11	-0.399488
6.09653e-11	-0.399087
6.10104e-11	-0.398669
6.10555e-11	-0.398235
6.11006e-11	-0.397785
6.11457e-11	-0.397318
6.11908e-11	-0.396835
6.12359e-11	-0.396335
6.1281e-11	-0.395818
6.13261e-11	-0.395285
6.13711e-11	-0.394735
6.14162e-11	-0.394168
6.14613e-11	-0.393584
6.15064e-11	-0.392984
6.15515e-11	-0.392366
6.15966e-11	-0.391731
6.16417e-11	-0.39108
6.16868e-11	-0.390411
6.17319e-11	-0.389725
6.1777e-11	-0.389022
6.18221e-11	-0.388301
6.18672e-11	-0.387563
6.19123e-11	-0.386808
6.19573e-11	-0.386036
6.20024e-11	-0.385246
6.20475e-11	-0.384438
6.20926e-11	-0.383613
6.21377e-11	-0.382771
6.21828e-11	-0.38191
6.22279e-11	-0.381033
6.2273e-11	-0.380137
6.23181e-11	-0.379224
6.23632e-11	-0.378293
6.24083e-11	-0.377344
6.24534e-11	-0.376377
6.24985e-11	-0.375393
6.25436e-11	-0.37439
6.25886e-11	-0.37337
6.26337e-11	-0.372332
6.26788e-11	-0.371275
6.27239e-11	-0.370201
6.2769e-11	-0.369109
6.28141e-11	-0.367998
6.28592e-11	-0.366869
6.29043e-11	-0.365722
6.29494e-11	-0.364557
6.29945e-11	-0.363374
6.30396e-11	-0.362172
6.30847e-11	-0.360953
6.31298e-11	-0.359715
6.31749e-11	-0.358458
6.32199e-11	-0.357183
6.3265e-11	-0.35589
6.33101e-11	-0.354579
6.33552e-11	-0.353249
6.34003e-11	-0.3519
6.34454e-11	-0.350533
6.34905e-11	-0.349148
6.35356e-11	-0.347744
6.35807e-11	-0.346322
6.36258e-11	-0.344881
6.36709e-11	-0.343422
6.3716e-11	-0.341944
6.37611e-11	-0.340447
6.38061e-11	-0.338932
6.38512e-11	-0.337398
6.38963e-11	-0.335846
6.39414e-11	-0.334275
6.39865e-11	-0.332686
6.40316e-11	-0.331078
6.40767e-11	-0.329451
6.41218e-11	-0.327805
6.41669e-11	-0.326141
6.4212e-11	-0.324458
6.42571e-11	-0.322757
6.43022e-11	-0.321037
6.43473e-11	-0.319298
6.43924e-11	-0.317541
6.44374e-11	-0.315765
6.44825e-11	-0.31397
6.45276e-11	-0.312157
6.45727e-11	-0.310325
6.46178e-11	-0.308474
6.46629e-11	-0.306605
6.4708e-11	-0.304716
6.47531e-11	-0.30281
6.47982e-11	-0.300884
6.48433e-11	-0.298941
6.48884e-11	-0.296978
6.49335e-11	-0.294997
6.49786e-11	-0.292997
6.50237e-11	-0.290979
6.50687e-11	-0.288942
6.51138e-11	-0.286886
6.51589e-11	-0.284812
6.5204e-11	-0.28272
6.52491e-11	-0.280609
6.52942e-11	-0.278479
6.53393e-11	-0.276331
6.53844e-11	-0.274164
6.54295e-11	-0.271979
6.54746e-11	-0.269776
6.55197e-11	-0.267554
6.55648e-11	-0.265314
6.56099e-11	-0.263056
6.56549e-11	-0.260779
6.57e-11	-0.258484
6.57451e-11	-0.25617
6.57902e-11	-0.253839
6.58353e-11	-0.251489
6.58804e-11	-0.249121
6.59255e-11	-0.246735
6.59706e-11	-0.24433
6.60157e-11	-0.241908
6.60608e-11	-0.239467
6.61059e-11	-0.237009
6.6151e-11	-0.234532
6.61961e-11	-0.232038
6.62412e-11	-0.229526
6.62862e-11	-0.226996
6.63313e-11	-0.224448
6.63764e-11	-0.221882
6.64215e-11	-0.219298
6.64666e-11	-0.216697
6.65117e-11	-0.214078
6.65568e-11	-0.211442
6.66019e-11	-0.208788
6.6647e-11	-0.206116
6.66921e-11	-0.203427
6.67372e-11	-0.20072
6.67823e-11	-0.197996
6.68274e-11	-0.195255
6.68725e-11	-0.192497
6.69175e-11	-0.189721
6.69626e-11	-0.186928
6.70077e-11	-0.184118
6.70528e-11	-0.181291
6.70979e-11	-0.178447
6.7143e-11	-0.175586
6.71881e-11	-0.172708
6.72332e-11	-0.169814
6.72783e-11	-0.166902
6.73234e-11	-0.163974
6.73685e-11	-0.16103
6.74136e-11	-0.158068
6.74587e-11	-0.15509
6.75037e-11	-0.152096
6.75488e-11	-0.149085
6.75939e-11	-0.146059
6.7639e-11	-0.143015
6.76841e-11	-0.139956
6.77292e-11	-0.136881
6.77743e-11	-0.133789
6.78194e-11	-0.130682
6.78645e-11	-0.127558
6.79096e-11	-0.124419
6.79547e-11	-0.121264
6.79998e-11	-0.118094
6.80449e-11	-0.114908
6.809e-11	-0.111706
6.8135e-11	-0.108489
6.81801e-11	-0.105257
6.82252e-11	-0.10201
6.82703e-11	-0.0987469
6.83154e-11	-0.0954691
6.83605e-11	-0.0921763
6.84056e-11	-0.0888686
6.84507e-11	-0.0855461
6.84958e-11	-0.0822088
6.85409e-11	-0.0788568
6.8586e-11	-0.0754904
6.86311e-11	-0.0721094
6.86762e-11	-0.068714
6.87213e-11	-0.0653044
6.87663e-11	-0.0618806
6.88114e-11	-0.0584426
6.88565e-11	-0.0549907
6.89016e-11	-0.0515248
6.89467e-11	-0.0480452
6.89918e-11	-0.0445518
6.90369e-11	-0.0410448
6.9082e-11	-0.0375243
6.91271e-11	-0.0339903
6.91722e-11	-0.0304431
6.92173e-11	-0.0268826
6.92624e-11	-0.023309
6.93075e-11	-0.0197225
6.93525e-11	-0.016123
6.93976e-11	-0.0125107
6.94427e-11	-0.00888574
6.94878e-11	-0.0052482
6.95329e-11	-0.00159819
6.9578e-11	0.00206418
6.96231e-11	0.0057388
6.96682e-11	0.00942556
6.97133e-11	0.0131243
6.97584e-11	0.016835
6.98035e-11	0.0205575
6.98486e-11	0.0242917
6.98937e-11	0.0280375
6.99388e-11	0.0317947
6.99838e-11	0.0355632
7.00289e-11	0.039343
7.0074e-11	0.0431338
7.01191e-11	0.0469356
7.01642e-11	0.0507483
7.02093e-11	0.0545717
7.02544e-11	0.0584057
7.02995e-11	0.0622503
7.03446e-11	0.0661051
7.03897e-11	0.0699702
7.04348e-11	0.0738455
7.04799e-11	0.0777307
7.0525e-11	0.0816258
7.05701e-11	0.0855306
7.06151e-11	0.089445
7.06602e-11	0.0933689
7.07053e-11	0.0973021
7.07504e-11	0.101245
7.07955e-11	0.105196
7.08406e-11	0.109156
7.08857e-11	0.113126
7.09308e-11	0.117104
7.09759e-11	0.12109
7.1021e-11	0.125085
7.10661e-11	0.129088
7.11112e-11	0.1331
7.11563e-11	0.137119
7.12014e-11	0.141146
7.12464e-11	0.145181
7.12915e-11	0.149223
7.13366e-11	0.153273
7.13817e-11	0.15733
7.14268e-11	0.161395
7.14719e-11	0.165466
7.1517e-11	0.169544
7.15621e-11	0.173629
7.16072e-11	0.177721
7.16523e-11	0.181819
7.16974e-11	0.185923
7.17425e-11	0.190033
7.17876e-11	0.19415
7.18326e-11	0.198272
7.18777e-11	0.2024
7.19228e-11	0.206533
7.19679e-11	0.210672
7.2013e-11	0.214816
7.20581e-11	0.218966
7.21032e-11	0.22312
7.21483e-11	0.227279
7.21934e-11	0.231442
7.22385e-11	0.235611
7.22836e-11	0.239783
7.23287e-11	0.24396
7.23738e-11	0.24814
7.24189e-11	0.252325
7.24639e-11	0.256513
7.2509e-11	0.260705
7.25541e-11	0.2649
7.25992e-11	0.269098
7.26443e-11	0.2733
7.26894e-11	0.277504
7.27345e-11	0.281712
7.27796e-11	0.285922
7.28247e-11	0.290134
7.28698e-11	0.294348
7.29149e-11	0.298565
7.296e-11	0.302784
7.30051e-11	0.307004
7.30502e-11	0.311227
7.30952e-11	0.31545
7.31403e-11	0.319675
7.31854e-11	0.323901
7.32305e-11	0.328128
7.32756e-11	0.332356
7.33207e-11	0.336585
7.33658e-11	0.340814
7.34109e-11	0.345044
7.3456e-11	0.349273
7.35011e-11	0.353503
7.35462e-11	0.357733
7.35913e-11	0.361962
7.36364e-11	0.36619
7.36814e-11	0.370419
7.37265e-11	0.374646
7.37716e-11	0.378872
7.38167e-11	0.383097
7.38618e-11	0.387321
7.39069e-11	0.391543
7.3952e-11	0.395764
7.39971e-11	0.399983
7.40422e-11	0.404199
7.40873e-11	0.408414
7.41324e-11	0.412626
7.41775e-11	0.416836
7.42226e-11	0.421043
7.42677e-11	0.425248
7.43127e-11	0.429449
7.43578e-11	0.433647
7.44029e-11	0.437842
7.4448e-11	0.442033
7.44931e-11	0.446221
7.45382e-11	0.450404
7.45833e-11	0.454584
7.46284e-11	0.458759
7.46735e-11	0.46293
7.47186e-11	0.467097
7.47637e-11	0.471259
7.48088e-11	0.475416
7.48539e-11	0.479567
7.4899e-11	0.483714
7.4944e-11	0.487855
7.49891e-11	0.491991
7.50342e-11	0.496121
7.50793e-11	0.500245
7.51244e-11	0.504363
7.51695e-11	0.508474
7.52146e-11	0.51258
7.52597e-11	0.516678
7.53048e-11	0.52077
7.53499e-11	0.524855
7.5395e-11	0.528933
7.54401e-11	0.533003
7.54852e-11	0.537066
7.55302e-11	0.541122
7.55753e-11	0.54517
7.56204e-11	0.549209
7.56655e-11	0.553241
7.57106e-11	0.557264
7.57557e-11	0.561279
7.58008e-11	0.565285
7.58459e-11	0.569282
7.5891e-11	0.57327
7.59361e-11	0.57725
7.59812e-11	0.581219
7.60263e-11	0.58518
7.60714e-11	0.58913
7.61165e-11	0.593071
7.61615e-11	0.597002
7.62066e-11	0.600923
7.62517e-11	0.604833
7.62968e-11	0.608733
7.63419e-11	0.612622
7.6387e-11	0.6165
7.64321e-11	0.620367
7.64772e-11	0.624224
7.65223e-11	0.628068
7.65674e-11	0.631902
7.66125e-11	0.635723
7.66576e-11	0.639533
7.67027e-11	0.643331
7.67478e-11	0.647116
7.67928e-11	0.650889
7.68379e-11	0.65465
7.6883e-11	0.658398
7.69281e-11	0.662133
7.69732e-11	0.665856
7.70183e-11	0.669565
7.70634e-11	0.673261
7.71085e-11	0.676943
7.71536e-11	0.680611
7.71987e-11	0.684266
7.72438e-11	0.687907
7.72889e-11	0.691534
7.7334e-11	0.695147
7.7379e-11	0.698745
7.74241e-11	0.702328
7.74692e-11	0.705897
7.75143e-11	0.709451
7.75594e-11	0.712989
7.76045e-11	0.716513
7.76496e-11	0.720021
7.76947e-11	0.723514
7.77398e-11	0.72699
7.77849e-11	0.730452
7.783e-11	0.733897
7.78751e-11	0.737325
7.79202e-11	0.740738
7.79653e-11	0.744134
7.80103e-11	0.747514
7.80554e-11	0.750876
7.81005e-11	0.754222
7.81456e-11	0.757551
7.81907e-11	0.760863
7.82358e-11	0.764157
7.82809e-11	0.767434
7.8326e-11	0.770693
7.83711e-11	0.773934
7.84162e-11	0.777157
7.84613e-11	0.780363
7.85064e-11	0.78355
7.85515e-11	0.786718
7.85966e-11	0.789868
7.86416e-11	0.793
7.86867e-11	0.796112
7.87318e-11	0.799206
7.87769e-11	0.802281
7.8822e-11	0.805336
7.88671e-11	0.808372
7.89122e-11	0.811389
7.89573e-11	0.814386
7.90024e-11	0.817363
7.90475e-11	0.82032
7.90926e-11	0.823257
7.91377e-11	0.826174
7.91828e-11	0.829071
7.92278e-11	0.831947
7.92729e-11	0.834803
7.9318e-11	0.837638
7.93631e-11	0.840452
7.94082e-11	0.843246
7.94533e-11	0.846018
7.94984e-11	0.848769
7.95435e-11	0.851498
7.95886e-11	0.854206
7.96337e-11	0.856893
7.96788e-11	0.859558
7.97239e-11	0.862201
7.9769e-11	0.864822
7.98141e-11	0.867421
7.98591e-11	0.869998
7.99042e-11	0.872552
7.99493e-11	0.875084
7.99944e-11	0.877594
8.00395e-11	0.880081
8.00846e-11	0.882545
8.01297e-11	0.884986
8.01748e-11	0.887405
8.02199e-11	0.8898
8.0265e-11	0.892172
8.03101e-11	0.89452
8.03552e-11	0.896845
8.04003e-11	0.899147
8.04454e-11	0.901425
8.04904e-11	0.903679
8.05355e-11	0.905909
8.05806e-11	0.908116
8.06257e-11	0.910298
8.06708e-11	0.912456
8.07159e-11	0.91459
8.0761e-11	0.9167
8.08061e-11	0.918785
8.08512e-11	0.920845
8.08963e-11	0.922881
8.09414e-11	0.924892
8.09865e-11	0.926879
8.10316e-11	0.92884
8.10766e-11	0.930776
8.11217e-11	0.932687
8.11668e-11	0.934573
8.12119e-11	0.936434
8.1257e-11	0.938269
8.13021e-11	0.940079
8.13472e-11	0.941864
8.13923e-11	0.943622
8.14374e-11	0.945355
8.14825e-11	0.947062
8.15276e-11	0.948744
8.15727e-11	0.950399
8.16178e-11	0.952028
8.16629e-11	0.953632
8.17079e-11	0.955209
8.1753e-11	0.956759
8.17981e-11	0.958284
8.18432e-11	0.959782
8.18883e-11	0.961253
8.19334e-11	0.962698
8.19785e-11	0.964117
8.20236e-11	0.965509
8.20687e-11	0.966874
8.21138e-11	0.968212
8.21589e-11	0.969523
8.2204e-11	0.970808
8.22491e-11	0.972065
8.22942e-11	0.973296
8.23392e-11	0.974499
8.23843e-11	0.975675
8.24294e-11	0.976824
8.24745e-11	0.977946
8.25196e-11	0.97904
8.25647e-11	0.980107
8.26098e-11	0.981147
8.26549e-11	0.982159
8.27e-11	0.983144
8.27451e-11	0.984101
8.27902e-11	0.98503
8.28353e-11	0.985932
8.28804e-11	0.986806
8.29254e-11	0.987652
8.29705e-11	0.988471
8.30156e-11	0.989262
8.30607e-11	0.990025
8.31058e-11	0.99076
8.31509e-11	0.991467
8.3196e-11	0.992146
8.32411e-11	0.992797
8.32862e-11	0.99342
8.33313e-11	0.994016
8.33764e-11	0.994583
8.34215e-11	0.995122
8.34666e-11	0.995632
8.35117e-11	0.996115
8.35567e-11	0.99657
8.36018e-11	0.996996
8.36469e-11	0.997394
8.3692e-11	0.997764
8.37371e-11	0.998106
8.37822e-11	0.998419
8.38273e-11	0.998704
8.38724e-11	0.998961
8.39175e-11	0.999189
8.39626e-11	0.99939
8.40077e-11	0.999561
8.40528e-11	0.999705
8.40979e-11	0.99982
8.4143e-11	0.999907
8.4188e-11	0.999965
8.42331e-11	0.999996
8.42782e-11	0.999997
8.43233e-11	0.999971
8.43684e-11	0.999916
8.44135e-11	0.999833
8.44586e-11	0.999721
8.45037e-11	0.999581
8.45488e-11	0.999413
8.45939e-11	0.999216
8.4639e-11	0.998991
8.46841e-11	0.998738
8.47292e-11	0.998456
8.47742e-11	0.998146
8.48193e-11	0.997808
8.48644e-11	0.997442
8.49095e-11	0.997047
8.49546e-11	0.996624
8.49997e-11	0.996174
8.50448e-11	0.995694
8.50899e-11	0.995187
8.5135e-11	0.994652
8.51801e-11	0.994088
8.52252e-11	0.993496
8.52703e-11	0.992877
8.53154e-11	0.992229
8.53605e-11	0.991553
8.54055e-11	0.99085
8.54506e-11	0.990118
8.54957e-11	0.989359
8.55408e-11	0.988571
8.55859e-11	0.987756
8.5631e-11	0.986913
8.56761e-11	0.986043
8.57212e-11	0.985144
8.57663e-11	0.984218
8.58114e-11	0.983265
8.58565e-11	0.982284
8.59016e-11	0.981275
8.59467e-11	0.980239
8.59918e-11	0.979175
8.60368e-11	0.978084
8.60819e-11	0.976966
8.6127e-11	0.97582
8.61721e-11	0.974647
8.62172e-11	0.973448
8.62623e-11	0.97222
8.63074e-11	0.970966
8.63525e-11	0.969685
8.63976e-11	0.968377
8.64427e-11	0.967042
8.64878e-11	0.965681
8.65329e-11	0.964292
8.6578e-11	0.962877
8.6623e-11	0.961435
8.66681e-11	0.959967
8.67132e-11	0.958472
8.67583e-11	0.956951
8.68034e-11	0.955404
8.68485e-11	0.95383
8.68936e-11	0.95223
8.69387e-11	0.950604
8.69838e-11	0.948952
8.70289e-11	0.947274
8.7074e-11	0.94557
8.71191e-11	0.94384
8.71642e-11	0.942085
8.72093e-11	0.940304
8.72543e-11	0.938497
8.72994e-11	0.936665
8.73445e-11	0.934807
8.73896e-11	0.932924
8.74347e-11	0.931016
8.74798e-11	0.929083
8.75249e-11	0.927125
8.757e-11	0.925142
8.76151e-11	0.923134
8.76602e-11	0.921101
8.77053e-11	0.919044
8.77504e-11	0.916962
8.77955e-11	0.914855
8.78406e-11	0.912724
8.78856e-11	0.910569
8.79307e-11	0.90839
8.79758e-11	0.906186
8.80209e-11	0.903959
8.8066e-11	0.901708
8.81111e-11	0.899433
8.81562e-11	0.897134
8.82013e-11	0.894812
8.82464e-11	0.892466
8.82915e-11	0.890097
8.83366e-11	0.887705
8.83817e-11	0.88529
8.84268e-11	0.882851
8.84718e-11	0.88039
8.85169e-11	0.877906
8.8562e-11	0.875399
8.86071e-11	0.87287
8.86522e-11	0.870318
8.86973e-11	0.867744
8.87424e-11	0.865148
8.87875e-11	0.86253
8.88326e-11	0.859889
8.88777e-11	0.857227
8.89228e-11	0.854543
8.89679e-11	0.851838
8.9013e-11	0.849111
8.90581e-11	0.846363
8.91031e-11	0.843593
8.91482e-11	0.840802
8.91933e-11	0.837991
8.92384e-11	0.835158
8.92835e-11	0.832305
8.93286e-11	0.829432
8.93737e-11	0.826537
8.94188e-11	0.823623
8.94639e-11	0.820688
8.9509e-11	0.817733
8.95541e-11	0.814759
8.95992e-11	0.811764
8.96443e-11	0.80875
8.96894e-11	0.805717
8.97344e-11	0.802664
8.97795e-11	0.799591
8.98246e-11	0.7965
8.98697e-11	0.79339
8.99148e-11	0.790261
8.99599e-11	0.787113
9.0005e-11	0.783947
9.00501e-11	0.780762
9.00952e-11	0.777559
9.01403e-11	0.774338
9.01854e-11	0.771099
9.02305e-11	0.767842
9.02756e-11	0.764567
9.03206e-11	0.761275
9.03657e-11	0.757966
9.04108e-11	0.754639
9.04559e-11	0.751295
9.0501e-11	0.747935
9.05461e-11	0.744557
9.05912e-11	0.741163
9.06363e-11	0.737753
9.06814e-11	0.734326
9.07265e-11	0.730883
9.07716e-11	0.727424
9.08167e-11	0.723949
9.08618e-11	0.720458
9.09069e-11	0.716952
9.09519e-11	0.71343
9.0997e-11	0.709894
9.10421e-11	0.706342
9.10872e-11	0.702775
9.11323e-11	0.699193
9.11774e-11	0.695597
9.12225e-11	0.691986
9.12676e-11	0.688361
9.13127e-11	0.684722
9.13578e-11	0.681069
9.14029e-11	0.677402
9.1448e-11	0.673721
9.14931e-11	0.670027
9.15382e-11	0.66632
9.15832e-11	0.662599
9.16283e-11	0.658866
9.16734e-11	0.655119
9.17185e-11	0.65136
9.17636e-11	0.647588
9.18087e-11	0.643804
9.18538e-11	0.640008
9.18989e-11	0.6362
9.1944e-11	0.63238
9.19891e-11	0.628548
9.20342e-11	0.624705
9.20793e-11	0.62085
9.21244e-11	0.616984
9.21694e-11	0.613107
9.22145e-11	0.609219
9.22596e-11	0.605321
9.23047e-11	0.601412
9.23498e-11	0.597492
9.23949e-11	0.593563
9.244e-11	0.589623
9.24851e-11	0.585674
9.25302e-11	0.581715
9.25753e-11	0.577746
9.26204e-11	0.573768
9.26655e-11	0.569781
9.27106e-11	0.565785
9.27557e-11	0.56178
9.28007e-11	0.557766
9.28458e-11	0.553744
9.28909e-11	0.549713
9.2936e-11	0.545675
9.29811e-11	0.541628
9.30262e-11	0.537574
9.30713e-11	0.533511
9.31164e-11	0.529442
9.31615e-11	0.525365
9.32066e-11	0.521281
9.32517e-11	0.51719
9.32968e-11	0.513092
9.33419e-11	0.508988
9.3387e-11	0.504877
9.3432e-11	0.50076
9.34771e-11	0.496636
9.35222e-11	0.492507
9.35673e-11	0.488372
9.36124e-11	0.484232
9.36575e-11	0.480086
9.37026e-11	0.475935
9.37477e-11	0.471778
9.37928e-11	0.467617
9.38379e-11	0.463451
9.3883e-11	0.459281
9.39281e-11	0.455106
9.39732e-11	0.450927
9.40182e-11	0.446743
9.40633e-11	0.442556
9.41084e-11	0.438366
9.41535e-11	0.434171
9.41986e-11	0.429974
9.42437e-11	0.425773
9.42888e-11	0.421569
9.43339e-11	0.417362
9.4379e-11	0.413153
9.44241e-11	0.40894
9.44692e-11	0.404726
9.45143e-11	0.40051
9.45594e-11	0.396291
9.46045e-11	0.392071
9.46495e-11	0.387849
9.46946e-11	0.383625
9.47397e-11	0.3794
9.47848e-11	0.375174
9.48299e-11	0.370947
9.4875e-11	0.366719
9.49201e-11	0.36249
9.49652e-11	0.358261
9.50103e-11	0.354031
9.50554e-11	0.349802
9.51005e-11	0.345572
9.51456e-11	0.341343
9.51907e-11	0.337113
9.52358e-11	0.332885
9.52808e-11	0.328657
9.53259e-11	0.324429
9.5371e-11	0.320203
9.54161e-11	0.315978
9.54612e-11	0.311754
9.55063e-11	0.307532
9.55514e-11	0.303311
9.55965e-11	0.299092
9.56416e-11	0.294875
9.56867e-11	0.29066
9.57318e-11	0.286448
9.57769e-11	0.282237
9.5822e-11	0.27803
9.5867e-11	0.273825
9.59121e-11	0.269623
9.59572e-11	0.265424
9.60023e-11	0.261229
9.60474e-11	0.257037
9.60925e-11	0.252848
9.61376e-11	0.248663
9.61827e-11	0.244482
9.62278e-11	0.240305
9.62729e-11	0.236132
9.6318e-11	0.231963
9.63631e-11	0.227799
9.64082e-11	0.223639
9.64533e-11	0.219484
9.64983e-11	0.215335
9.65434e-11	0.21119
9.65885e-11	0.20705
9.66336e-11	0.202916
9.66787e-11	0.198787
9.67238e-11	0.194664
9.67689e-11	0.190547
9.6814e-11	0.186436
9.68591e-11	0.182331
9.69042e-11	0.178232
9.69493e-11	0.17414
9.69944e-11	0.170054
9.70395e-11	0.165975
9.70846e-11	0.161903
9.71296e-11	0.157838
9.71747e-11	0.15378
9.72198e-11	0.149729
9.72649e-11	0.145686
9.731e-11	0.14165
9.73551e-11	0.137622
9.74002e-11	0.133601
9.74453e-11	0.129589
9.74904e-11	0.125585
9.75355e-11	0.121589
9.75806e-11	0.117601
9.76257e-11	0.113622
9.76708e-11	0.109652
9.77158e-11	0.10569
9.77609e-11	0.101738
9.7806e-11	0.0977941
9.78511e-11	0.0938597
9.78962e-11	0.0899347
9.79413e-11	0.0860191
9.79864e-11	0.0821131
9.80315e-11	0.0782168
9.80766e-11	0.0743303
9.81217e-11	0.0704539
9.81668e-11	0.0665875
9.82119e-11	0.0627313
9.8257e-11	0.0588855
9.83021e-11	0.0550501
9.83471e-11	0.0512254
9.83922e-11	0.0474114
9.84373e-11	0.0436082
9.84824e-11	0.039816
9.85275e-11	0.0360348
9.85726e-11	0.0322649
9.86177e-11	0.0285063
9.86628e-11	0.0247591
9.87079e-11	0.0210234
9.8753e-11	0.0172995
9.87981e-11	0.0135873
9.88432e-11	0.00988702
9.88883e-11	0.00619875
9.89334e-11	0.00252261
9.89784e-11	-0.0011413
9.90235e-11	-0.00479286
9.90686e-11	-0.00843197
9.91137e-11	-0.0120585
9.91588e-11	-0.0156724
9.92039e-11	-0.0192735
9.9249e-11	-0.0228617
9.92941e-11	-0.0264369
9.93392e-11	-0.029999
9.93843e-11	-0.0335479
9.94294e-11	-0.0370835
9.94745e-11	-0.0406057
9.95196e-11	-0.0441144
9.95646e-11	-0.0476095
9.96097e-11	-0.0510909
9.96548e-11	-0.0545584
9.96999e-11	-0.0580121
9.9745e-11	-0.0614518
9.97901e-11	-0.0648774
9.98352e-11	-0.0682888
9.98803e-11	-0.071686
9.99254e-11	-0.0750687
9.99705e-11	-0.078437
1.00016e-10	-0.0817908
1.00061e-10	-0.0851299
1.00106e-10	-0.0884543
1.00151e-10	-0.0917639
1.00196e-10	-0.0950585
1.00241e-10	-0.0983382
1.00286e-10	-0.101603
1.00331e-10	-0.104852
1.00376e-10	-0.108086
1.00421e-10	-0.111305
1.00467e-10	-0.114509
1.00512e-10	-0.117697
1.00557e-10	-0.120869
1.00602e-10	-0.124026
1.00647e-10	-0.127167
1.00692e-10	-0.130292
1.00737e-10	-0.133402
1.00782e-10	-0.136495
1.00827e-10	-0.139573
1.00872e-10	-0.142634
1.00917e-10	-0.145679
1.00963e-10	-0.148708
1.01008e-10	-0.151721
1.01053e-10	-0.154717
1.01098e-10	-0.157697
1.01143e-10	-0.16066
1.01188e-10	-0.163607
1.01233e-10	-0.166537
1.01278e-10	-0.169451
1.01323e-10	-0.172348
1.01368e-10	-0.175228
1.01413e-10	-0.178091
1.01459e-10	-0.180937
1.01504e-10	-0.183766
1.01549e-10	-0.186578
1.01594e-10	-0.189373
1.01639e-10	-0.192151
1.01684e-10	-0.194912
1.01729e-10	-0.197655
1.01774e-10	-0.200381
1.01819e-10	-0.20309
1.01864e-10	-0.205781
1.01909e-10	-0.208455
1.01955e-10	-0.211111
1.02e-10	-0.21375
1.02045e-10	-0.216371
1.0209e-10	-0.218974
1.02135e-10	-0.22156
1.0218e-10	-0.224128
1.02225e-10	-0.226678
1.0227e-10	-0.229211
1.02315e-10	-0.231725
1.0236e-10	-0.234222
1.02405e-10	-0.236701
1.02451e-10	-0.239161
1.02496e-10	-0.241604
1.02541e-10	-0.244029
1.02586e-10	-0.246435
1.02631e-10	-0.248824
1.02676e-10	-0.251194
1.02721e-10	-0.253546
1.02766e-10	-0.25588
1.02811e-10	-0.258196
1.02856e-10	-0.260493
1.02902e-10	-0.262772
1.02947e-10	-0.265033
1.02992e-10	-0.267275
1.03037e-10	-0.269499
1.03082e-10	-0.271705
1.03127e-10	-0.273892
1.03172e-10	-0.276061
1.03217e-10	-0.278212
1.03262e-10	-0.280344
1.03307e-10	-0.282457
1.03352e-10	-0.284552
1.03398e-10	-0.286628
1.03443e-10	-0.288686
1.03488e-10	-0.290725
1.03533e-10	-0.292746
1.03578e-10	-0.294748
1.03623e-10	-0.296732
1.03668e-10	-0.298696
1.03713e-10	-0.300643
1.03758e-10	-0.30257
1.03803e-10	-0.304479
1.03848e-10	-0.30637
1.03894e-10	-0.308241
1.03939e-10	-0.310094
1.03984e-10	-0.311929
1.04029e-10	-0.313745
1.04074e-10	-0.315542
1.04119e-10	-0.31732
1.04164e-10	-0.31908
1.04209e-10	-0.320821
1.04254e-10	-0.322543
1.04299e-10	-0.324247
1.04344e-10	-0.325932
1.0439e-10	-0.327598
1.04435e-10	-0.329246
1.0448e-10	-0.330875
1.04525e-10	-0.332486
1.0457e-10	-0.334078
1.04615e-10	-0.335651
1.0466e-10	-0.337205
1.04705e-10	-0.338741
1.0475e-10	-0.340259
1.04795e-10	-0.341758
1.0484e-10	-0.343238
1.04886e-10	-0.3447
1.04931e-10	-0.346143
1.04976e-10	-0.347567
1.05021e-10	-0.348974
1.05066e-10	-0.350361
1.05111e-10	-0.35173
1.05156e-10	-0.353081
1.05201e-10	-0.354413
1.05246e-10	-0.355727
1.05291e-10	-0.357023
1.05337e-10	-0.3583
1.05382e-10	-0.359559
1.05427e-10	-0.360799
1.05472e-10	-0.362021
1.05517e-10	-0.363225
1.05562e-10	-0.36441
1.05607e-10	-0.365578
1.05652e-10	-0.366727
1.05697e-10	-0.367858
1.05742e-10	-0.368971
1.05787e-10	-0.370066
1.05833e-10	-0.371142
1.05878e-10	-0.372201
1.05923e-10	-0.373241
1.05968e-10	-0.374264
1.06013e-10	-0.375269
1.06058e-10	-0.376255
1.06103e-10	-0.377224
1.06148e-10	-0.378175
1.06193e-10	-0.379108
1.06238e-10	-0.380024
1.06283e-10	-0.380922
1.06329e-10	-0.381802
1.06374e-10	-0.382664
1.06419e-10	-0.383509
1.06464e-10	-0.384336
1.06509e-10	-0.385146
1.06554e-10	-0.385938
1.06599e-10	-0.386712
1.06644e-10	-0.38747
1.06689e-10	-0.38821
1.06734e-10	-0.388932
1.06779e-10	-0.389638
1.06825e-10	-0.390326
1.0687e-10	-0.390997
1.06915e-10	-0.391651
1.0696e-10	-0.392288
1.07005e-10	-0.392907
1.0705e-10	-0.39351
1.07095e-10	-0.394096
1.0714e-10	-0.394665
1.07185e-10	-0.395217
1.0723e-10	-0.395753
1.07275e-10	-0.396271
1.07321e-10	-0.396773
1.07366e-10	-0.397259
1.07411e-10	-0.397728
1.07456e-10	-0.39818
1.07501e-10	-0.398616
1.07546e-10	-0.399035
1.07591e-10	-0.399438
1.07636e-10	-0.399825
1.07681e-10	-0.400196
1.07726e-10	-0.400551
1.07772e-10	-0.400889
1.07817e-10	-0.401211
1.07862e-10	-0.401518
1.07907e-10	-0.401808
1.07952e-10	-0.402083
1.07997e-10	-0.402342
1.08042e-10	-0.402585
1.08087e-10	-0.402812
1.08132e-10	-0.403024
1.08177e-10	-0.40322
1.08222e-10	-0.403401
1.08268e-10	-0.403566
1.08313e-10	-0.403716
1.08358e-10	-0.403851
1.08403e-10	-0.403971
1.08448e-10	-0.404075
1.08493e-10	-0.404164
1.08538e-10	-0.404239
1.08583e-10	-0.404298
1.08628e-10	-0.404342
1.08673e-10	-0.404372
1.08718e-10	-0.404387
1.08764e-10	-0.404387
1.08809e-10	-0.404373
1.08854e-10	-0.404344
1.08899e-10	-0.404301
1.08944e-10	-0.404243
1.08989e-10	-0.404171
1.09034e-10	-0.404084
1.09079e-10	-0.403984
1.09124e-10	-0.403869
1.09169e-10	-0.403741
1.09214e-10	-0.403598
1.0926e-10	-0.403442
1.09305e-10	-0.403272
1.0935e-10	-0.403088
1.09395e-10	-0.40289
1.0944e-10	-0.402679
1.09485e-10	-0.402454
1.0953e-10	-0.402216
1.09575e-10	-0.401965
1.0962e-10	-0.4017
1.09665e-10	-0.401422
1.09711e-10	-0.401131
1.09756e-10	-0.400827
1.09801e-10	-0.40051
1.09846e-10	-0.40018
1.09891e-10	-0.399837
1.09936e-10	-0.399482
1.09981e-10	-0.399114
1.10026e-10	-0.398733
1.10071e-10	-0.39834
1.10116e-10	-0.397934
1.10161e-10	-0.397516
1.10207e-10	-0.397086
1.10252e-10	-0.396644
1.10297e-10	-0.39619
1.10342e-10	-0.395723
1.10387e-10	-0.395245
1.10432e-10	-0.394755
1.10477e-10	-0.394253
1.10522e-10	-0.393739
1.10567e-10	-0.393214
1.10612e-10	-0.392677
1.10657e-10	-0.392129
1.10703e-10	-0.39157
1.10748e-10	-0.390999
1.10793e-10	-0.390417
1.10838e-10	-0.389824
1.10883e-10	-0.38922
1.10928e-10	-0.388605
1.10973e-10	-0.387979
1.11018e-10	-0.387343
1.11063e-10	-0.386696
1.11108e-10	-0.386038
1.11153e-10	-0.385369
1.11199e-10	-0.384691
1.11244e-10	-0.384002
1.11289e-10	-0.383302
1.11334e-10	-0.382593
1.11379e-10	-0.381873
1.11424e-10	-0.381143
1.11469e-10	-0.380404
1.11514e-10	-0.379654
1.11559e-10	-0.378895
1.11604e-10	-0.378126
1.11649e-10	-0.377348
1.11695e-10	-0.37656
1.1174e-10	-0.375763
1.11785e-10	-0.374956
1.1183e-10	-0.37414
1.11875e-10	-0.373315
1.1192e-10	-0.372481
1.11965e-10	-0.371638
1.1201e-10	-0.370786
1.12055e-10	-0.369925
1.121e-10	-0.369056
1.12146e-10	-0.368178
1.12191e-10	-0.367291
1.12236e-10	-0.366396
1.12281e-10	-0.365492
1.12326e-10	-0.36458
1.12371e-10	-0.36366
1.12416e-10	-0.362732
1.12461e-10	-0.361796
1.12506e-10	-0.360851
1.12551e-10	-0.359899
1.12596e-10	-0.35894
1.12642e-10	-0.357972
1.12687e-10	-0.356997
1.12732e-10	-0.356014
1.12777e-10	-0.355024
1.12822e-10	-0.354026
1.12867e-10	-0.353022
1.12912e-10	-0.35201
1.12957e-10	-0.350991
1.13002e-10	-0.349965
1.13047e-10	-0.348931
1.13092e-10	-0.347892
1.13138e-10	-0.346845
1.13183e-10	-0.345792
1.13228e-10	-0.344732
1.13273e-10	-0.343665
1.13318e-10	-0.342592
1.13363e-10	-0.341513
1.13408e-10	-0.340428
1.13453e-10	-0.339336
1.13498e-10	-0.338238
1.13543e-10	-0.337135
1.13588e-10	-0.336025
1.13634e-10	-0.334909
1.13679e-10	-0.333788
1.13724e-10	-0.332661
1.13769e-10	-0.331528
1.13814e-10	-0.33039
1.13859e-10	-0.329247
1.13904e-10	-0.328098
1.13949e-10	-0.326944
1.13994e-10	-0.325785
1.14039e-10	-0.32462
1.14084e-10	-0.323451
1.1413e-10	-0.322276
1.14175e-10	-0.321097
1.1422e-10	-0.319913
1.14265e-10	-0.318724
1.1431e-10	-0.317531
1.14355e-10	-0.316333
1.144e-10	-0.315131
1.14445e-10	-0.313924
1.1449e-10	-0.312713
1.14535e-10	-0.311498
1.14581e-10	-0.310279
1.14626e-10	-0.309055
1.14671e-10	-0.307828
1.14716e-10	-0.306597
1.14761e-10	-0.305361
1.14806e-10	-0.304123
1.14851e-10	-0.30288
1.14896e-10	-0.301634
1.14941e-10	-0.300384
1.14986e-10	-0.299131
1.15031e-10	-0.297875
1.15077e-10	-0.296615
1.15122e-10	-0.295352
1.15167e-10	-0.294086
1.15212e-10	-0.292817
1.15257e-10	-0.291545
1.15302e-10	-0.29027
1.15347e-10	-0.288992
1.15392e-10	-0.287712
1.15437e-10	-0.286429
1.15482e-10	-0.285143
1.15527e-10	-0.283854
1.15573e-10	-0.282564
1.15618e-10	-0.28127
1.15663e-10	-0.279975
1.15708e-10	-0.278677
1.15753e-10	-0.277377
1.15798e-10	-0.276075
1.15843e-10	-0.274771
1.15888e-10	-0.273465
1.15933e-10	-0.272158
1.15978e-10	-0.270848
1.16023e-10	-0.269537
1.16069e-10	-0.268224
1.16114e-10	-0.266909
1.16159e-10	-0.265593
1.16204e-10	-0.264275
1.16249e-10	-0.262956
1.16294e-10	-0.261636
1.16339e-10	-0.260314
1.16384e-10	-0.258991
1.16429e-10	-0.257667
1.16474e-10	-0.256343
1.16519e-10	-0.255017
1.16565e-10	-0.25369
1.1661e-10	-0.252362
1.16655e-10	-0.251034
1.167e-10	-0.249704
1.16745e-10	-0.248375
1.1679e-10	-0.247044
1.16835e-10	-0.245713
1.1688e-10	-0.244382
1.16925e-10	-0.24305
1.1697e-10	-0.241718
1.17016e-10	-0.240385
1.17061e-10	-0.239053
1.17106e-10	-0.23772
1.17151e-10	-0.236387
1.17196e-10	-0.235054
1.17241e-10	-0.233722
1.17286e-10	-0.232389
1.17331e-10	-0.231056
1.17376e-10	-0.229724
1.17421e-10	-0.228392
1.17466e-10	-0.22706
1.17512e-10	-0.225729
1.17557e-10	-0.224398
1.17602e-10	-0.223068
1.17647e-10	-0.221738
1.17692e-10	-0.220409
1.17737e-10	-0.21908
1.17782e-10	-0.217753
1.17827e-10	-0.216426
1.17872e-10	-0.2151
1.17917e-10	-0.213775
1.17962e-10	-0.21245
1.18008e-10	-0.211127
1.18053e-10	-0.209805
1.18098e-10	-0.208484
1.18143e-10	-0.207164
1.18188e-10	-0.205846
1.18233e-10	-0.204529
1.18278e-10	-0.203213
1.18323e-10	-0.201898
1.18368e-10	-0.200585
1.18413e-10	-0.199274
1.18458e-10	-0.197964
1.18504e-10	-0.196655
1.18549e-10	-0.195349
1.18594e-10	-0.194044
1.18639e-10	-0.19274
1.18684e-10	-0.191439
1.18729e-10	-0.190139
1.18774e-10	-0.188841
1.18819e-10	-0.187546
1.18864e-10	-0.186252
1.18909e-10	-0.18496
1.18955e-10	-0.18367
1.19e-10	-0.182383
1.19045e-10	-0.181097
1.1909e-10	-0.179814
1.19135e-10	-0.178533
1.1918e-10	-0.177254
1.19225e-10	-0.175978
1.1927e-10	-0.174704
1.19315e-10	-0.173433
1.1936e-10	-0.172164
1.19405e-10	-0.170897
1.19451e-10	-0.169633
1.19496e-10	-0.168372
1.19541e-10	-0.167113
1.19586e-10	-0.165857
1.19631e-10	-0.164604
1.19676e-10	-0.163354
1.19721e-10	-0.162106
1.19766e-10	-0.160861
1.19811e-10	-0.159619
1.19856e-10	-0.15838
1.19901e-10	-0.157144
1.19947e-10	-0.155911
1.19992e-10	-0.154681
1.20037e-10	-0.153454
1.20082e-10	-0.15223
1.20127e-10	-0.151009
1.20172e-10	-0.149792
1.20217e-10	-0.148577
1.20262e-10	-0.147366
1.20307e-10	-0.146159
1.20352e-10	-0.144954
1.20397e-10	-0.143753
1.20443e-10	-0.142555
1.20488e-10	-0.141361
1.20533e-10	-0.14017
1.20578e-10	-0.138982
1.20623e-10	-0.137799
1.20668e-10	-0.136618
1.20713e-10	-0.135441
1.20758e-10	-0.134268
1.20803e-10	-0.133099
1.20848e-10	-0.131933
1.20893e-10	-0.13077
1.20939e-10	-0.129612
1.20984e-10	-0.128457
1.21029e-10	-0.127306
1.21074e-10	-0.126159
1.21119e-10	-0.125016
1.21164e-10	-0.123876
1.21209e-10	-0.122741
1.21254e-10	-0.121609
1.21299e-10	-0.120481
1.21344e-10	-0.119357
1.2139e-10	-0.118238
1.21435e-10	-0.117122
1.2148e-10	-0.11601
1.21525e-10	-0.114902
1.2157e-10	-0.113799
1.21615e-10	-0.112699
1.2166e-10	-0.111604
1.21705e-10	-0.110512
1.2175e-10	-0.109425
1.21795e-10	-0.108342
1.2184e-10	-0.107263
1.21886e-10	-0.106189
1.21931e-10	-0.105119
1.21976e-10	-0.104053
1.22021e-10	-0.102991
1.22066e-10	-0.101934
1.22111e-10	-0.100881
1.22156e-10	-0.099832
1.22201e-10	-0.0987876
1.22246e-10	-0.0977477
1.22291e-10	-0.0967121
1.22336e-10	-0.095681
1.22382e-10	-0.0946543
1.22427e-10	-0.093632
1.22472e-10	-0.0926142
1.22517e-10	-0.0916009
1.22562e-10	-0.0905921
1.22607e-10	-0.0895877
1.22652e-10	-0.088588
1.22697e-10	-0.0875927
1.22742e-10	-0.086602
1.22787e-10	-0.0856159
1.22832e-10	-0.0846343
1.22878e-10	-0.0836574
1.22923e-10	-0.082685
1.22968e-10	-0.0817173
1.23013e-10	-0.0807542
1.23058e-10	-0.0797957
1.23103e-10	-0.0788419
1.23148e-10	-0.0778927
1.23193e-10	-0.0769482
1.23238e-10	-0.0760084
1.23283e-10	-0.0750733
1.23328e-10	-0.0741428
1.23374e-10	-0.0732171
1.23419e-10	-0.0722961
1.23464e-10	-0.0713799
1.23509e-10	-0.0704683
1.23554e-10	-0.0695615
1.23599e-10	-0.0686595
1.23644e-10	-0.0677622
1.23689e-10	-0.0668697
1.23734e-10	-0.065982
1.23779e-10	-0.065099
1.23825e-10	-0.0642208
1.2387e-10	-0.0633474
1.23915e-10	-0.0624788
1.2396e-10	-0.061615
1.24005e-10	-0.060756
1.2405e-10	-0.0599018
1.24095e-10	-0.0590524
1.2414e-10	-0.0582078
1.24185e-10	-0.0573681
1.2423e-10	-0.0565331
1.24275e-10	-0.055703
1.24321e-10	-0.0548778
1.24366e-10	-0.0540573
1.24411e-10	-0.0532417
1.24456e-10	-0.0524309
1.24501e-10	-0.051625
1.24546e-10	-0.0508239
1.24591e-10	-0.0500276
1.24636e-10	-0.0492362
1.24681e-10	-0.0484496
1.24726e-10	-0.0476678
1.24771e-10	-0.0468909
1.24817e-10	-0.0461189
1.24862e-10	-0.0453516
1.24907e-10	-0.0445892
1.24952e-10	-0.0438317
1.24997e-10	-0.043079
1.25042e-10	-0.0423311
1.25087e-10	-0.041588
1.25132e-10	-0.0408498
1.25177e-10	-0.0401164
1.25222e-10	-0.0393878
1.25267e-10	-0.038664
1.25313e-10	-0.0379451
1.25358e-10	-0.037231
1.25403e-10	-0.0365217
1.25448e-10	-0.0358171
1.25493e-10	-0.0351174
1.25538e-10	-0.0344225
1.25583e-10	-0.0337324
1.25628e-10	-0.0330471
1.25673e-10	-0.0323665
1.25718e-10	-0.0316908
1.25763e-10	-0.0310198
1.25809e-10	-0.0303536
1.25854e-10	-0.0296921
1.25899e-10	-0.0290354
1.25944e-10	-0.0283834
1.25989e-10	-0.0277362
1.26034e-10	-0.0270937
1.26079e-10	-0.026456
1.26124e-10	-0.025823
1.26169e-10	-0.0251946
1.26214e-10	-0.024571
1.2626e-10	-0.0239521
1.26305e-10	-0.0233379
1.2635e-10	-0.0227284
1.26395e-10	-0.0221235
1.2644e-10	-0.0215233
1.26485e-10	-0.0209277
1.2653e-10	-0.0203368
1.26575e-10	-0.0197506
1.2662e-10	-0.0191689
1.26665e-10	-0.0185919
1.2671e-10	-0.0180195
1.26756e-10	-0.0174517
1.26801e-10	-0.0168885
1.26846e-10	-0.0163298
1.26891e-10	-0.0157757
1.26936e-10	-0.0152262
1.26981e-10	-0.0146812
1.27026e-10	-0.0141408
1.27071e-10	-0.0136049
1.27116e-10	-0.0130735
1.27161e-10	-0.0125466
1.27206e-10	-0.0120242
1.27252e-10	-0.0115062
1.27297e-10	-0.0109928
1.27342e-10	-0.0104837
1.27387e-10	-0.00997917
1.27432e-10	-0.00947902
1.27477e-10	-0.00898329
1.27522e-10	-0.00849196
1.27567e-10	-0.00800502
1.27612e-10	-0.00752246
1.27657e-10	-0.00704426
1.27702e-10	-0.00657041
1.27748e-10	-0.0061009
1.27793e-10	-0.00563571
1.27838e-10	-0.00517484
1.27883e-10	-0.00471826
1.27928e-10	-0.00426596
1.27973e-10	-0.00381792
1.28018e-10	-0.00337415
1.28063e-10	-0.00293461
1.28108e-10	-0.00249929
1.28153e-10	-0.00206819
1.28199e-10	-0.00164128
1.28244e-10	-0.00121855
1.28289e-10	-0.000799984
1.28334e-10	-0.00038557
1.28379e-10	2.47093e-05
1.28424e-10	0.000430869
1.28469e-10	0.000832925
1.28514e-10	0.00123089
1.28559e-10	0.00162479
1.28604e-10	0.00201462
1.28649e-10	0.00240042
1.28695e-10	0.00278219
1.2874e-10	0.00315995
1.28785e-10	0.00353372
1.2883e-10	0.00390351
1.28875e-10	0.00426934
1.2892e-10	0.00463123
1.28965e-10	0.00498918
1.2901e-10	0.00534323
1.29055e-10	0.00569339
1.291e-10	0.00603966
1.29145e-10	0.00638208
1.29191e-10	0.00672065
1.29236e-10	0.00705539
1.29281e-10	0.00738633
1.29326e-10	0.00771347
1.29371e-10	0.00803684
1.29416e-10	0.00835645
1.29461e-10	0.00867232
1.29506e-10	0.00898447
1.29551e-10	0.00929291
1.29596e-10	0.00959766
1.29641e-10	0.00989874
1.29687e-10	0.0101962
1.29732e-10	0.01049
1.29777e-10	0.0107802
1.29822e-10	0.0110667
1.29867e-10	0.0113497
1.29912e-10	0.0116292
1.29957e-10	0.0119051
1.30002e-10	0.0121774
1.30047e-10	0.0124463
1.30092e-10	0.0127116
1.30137e-10	0.0129735
1.30183e-10	0.013232
1.30228e-10	0.013487
1.30273e-10	0.0137386
1.30318e-10	0.0139867
1.30363e-10	0.0142315
1.30408e-10	0.014473
1.30453e-10	0.0147111
1.30498e-10	0.0149459
1.30543e-10	0.0151773
1.30588e-10	0.0154055
1.30634e-10	0.0156304
1.30679e-10	0.0158521
1.30724e-10	0.0160705
1.30769e-10	0.0162857
1.30814e-10	0.0164978
1.30859e-10	0.0167066
1.30904e-10	0.0169123
1.30949e-10	0.0171149
1.30994e-10	0.0173143
1.31039e-10	0.0175106
1.31084e-10	0.0177039
1.3113e-10	0.0178941
1.31175e-10	0.0180812
1.3122e-10	0.0182654
1.31265e-10	0.0184465
1.3131e-10	0.0186246
1.31355e-10	0.0187998
1.314e-10	0.018972
1.31445e-10	0.0191413
1.3149e-10	0.0193077
1.31535e-10	0.0194712
1.3158e-10	0.0196318
1.31626e-10	0.0197895
1.31671e-10	0.0199444
1.31716e-10	0.0200966
1.31761e-10	0.0202459
1.31806e-10	0.0203924
1.31851e-10	0.0205362
1.31896e-10	0.0206772
1.31941e-10	0.0208155
1.31986e-10	0.0209511
1.32031e-10	0.0210841
1.32076e-10	0.0212143
1.32122e-10	0.021342
1.32167e-10	0.0214669
1.32212e-10	0.0215893
1.32257e-10	0.0217091
1.32302e-10	0.0218264
1.32347e-10	0.021941
1.32392e-10	0.0220532
1.32437e-10	0.0221628
1.32482e-10	0.0222699
1.32527e-10	0.0223746
1.32572e-10	0.0224768
1.32618e-10	0.0225766
1.32663e-10	0.0226739
1.32708e-10	0.0227689
1.32753e-10	0.0228614
1.32798e-10	0.0229516
1.32843e-10	0.0230395
1.32888e-10	0.023125
1.32933e-10	0.0232082
1.32978e-10	0.0232891
1.33023e-10	0.0233678
1.33069e-10	0.0234442
1.33114e-10	0.0235183
1.33159e-10	0.0235903
1.33204e-10	0.02366
1.33249e-10	0.0237276
1.33294e-10	0.023793
1.33339e-10	0.0238563
1.33384e-10	0.0239174
1.33429e-10	0.0239764
1.33474e-10	0.0240334
1.33519e-10	0.0240882
1.33565e-10	0.0241411
1.3361e-10	0.0241918
1.33655e-10	0.0242406
1.337e-10	0.0242874
1.33745e-10	0.0243321
1.3379e-10	0.024375
1.33835e-10	0.0244158
1.3388e-10	0.0244548
1.33925e-10	0.0244918
1.3397e-10	0.0245269
1.34015e-10	0.0245602
1.34061e-10	0.0245916
1.34106e-10	0.0246211
1.34151e-10	0.0246489
1.34196e-10	0.0246748
1.34241e-10	0.0246989
1.34286e-10	0.0247213
1.34331e-10	0.0247419
1.34376e-10	0.0247608
1.34421e-10	0.0247779
1.34466e-10	0.0247934
1.34511e-10	0.0248071
1.34557e-10	0.0248192
1.34602e-10	0.0248297
1.34647e-10	0.0248385
1.34692e-10	0.0248456
1.34737e-10	0.0248512
1.34782e-10	0.0248552
1.34827e-10	0.0248576
1.34872e-10	0.0248585
1.34917e-10	0.0248578
1.34962e-10	0.0248556
1.35007e-10	0.0248519
1.35053e-10	0.0248467
1.35098e-10	0.02484
1.35143e-10	0.0248319
1.35188e-10	0.0248223
1.35233e-10	0.0248113
1.35278e-10	0.0247989
1.35323e-10	0.0247851
1.35368e-10	0.0247699
1.35413e-10	0.0247534
1.35458e-10	0.0247355
1.35504e-10	0.0247163
1.35549e-10	0.0246958
1.35594e-10	0.0246739
1.35639e-10	0.0246508
1.35684e-10	0.0246264
1.35729e-10	0.0246008
1.35774e-10	0.0245739
1.35819e-10	0.0245458
1.35864e-10	0.0245164
1.35909e-10	0.0244859
1.35954e-10	0.0244542
1.36e-10	0.0244213
1.36045e-10	0.0243873
1.3609e-10	0.0243522
1.36135e-10	0.0243159
1.3618e-10	0.0242785
1.36225e-10	0.02424
1.3627e-10	0.0242005
1.36315e-10	0.0241599
1.3636e-10	0.0241182
1.36405e-10	0.0240755
1.3645e-10	0.0240317
1.36496e-10	0.023987
1.36541e-10	0.0239413
1.36586e-10	0.0238946
1.36631e-10	0.0238469
1.36676e-10	0.0237982
1.36721e-10	0.0237486
1.36766e-10	0.0236981
1.36811e-10	0.0236467
1.36856e-10	0.0235944
1.36901e-10	0.0235412
1.36946e-10	0.0234871
1.36992e-10	0.0234321
1.37037e-10	0.0233763
1.37082e-10	0.0233197
1.37127e-10	0.0232623
1.37172e-10	0.023204
1.37217e-10	0.0231449
1.37262e-10	0.0230851
1.37307e-10	0.0230245
1.37352e-10	0.0229631
1.37397e-10	0.022901
1.37443e-10	0.0228381
1.37488e-10	0.0227745
1.37533e-10	0.0227102
1.37578e-10	0.0226452
1.37623e-10	0.0225796
1.37668e-10	0.0225132
1.37713e-10	0.0224462
1.37758e-10	0.0223785
1.37803e-10	0.0223102
1.37848e-10	0.0222413
1.37893e-10	0.0221717
1.37939e-10	0.0221015
1.37984e-10	0.0220308
1.38029e-10	0.0219594
1.38074e-10	0.0218875
1.38119e-10	0.0218151
1.38164e-10	0.021742
1.38209e-10	0.0216685
1.38254e-10	0.0215944
1.38299e-10	0.0215198
1.38344e-10	0.0214447
1.38389e-10	0.0213691
1.38435e-10	0.021293
1.3848e-10	0.0212164
1.38525e-10	0.0211394
1.3857e-10	0.0210619
1.38615e-10	0.020984
1.3866e-10	0.0209056
1.38705e-10	0.0208268
1.3875e-10	0.0207476
1.38795e-10	0.020668
1.3884e-10	0.020588
1.38885e-10	0.0205076
1.38931e-10	0.0204268
1.38976e-10	0.0203457
1.39021e-10	0.0202642
1.39066e-10	0.0201824
1.39111e-10	0.0201002
1.39156e-10	0.0200177
1.39201e-10	0.0199349
1.39246e-10	0.0198518
1.39291e-10	0.0197684
1.39336e-10	0.0196847
1.39381e-10	0.0196007
1.39427e-10	0.0195164
1.39472e-10	0.0194319
1.39517e-10	0.0193471
1.39562e-10	0.019262
1.39607e-10	0.0191767
1.39652e-10	0.0190912
1.39697e-10	0.0190055
1.39742e-10	0.0189195
1.39787e-10	0.0188334
1.39832e-10	0.018747
1.39878e-10	0.0186605
1.39923e-10	0.0185738
1.39968e-10	0.0184869
1.40013e-10	0.0183998
1.40058e-10	0.0183126
1.40103e-10	0.0182252
1.40148e-10	0.0181377
1.40193e-10	0.0180501
1.40238e-10	0.0179623
1.40283e-10	0.0178744
1.40328e-10	0.0177864
1.40374e-10	0.0176983
1.40419e-10	0.01761
1.40464e-10	0.0175217
1.40509e-10	0.0174333
1.40554e-10	0.0173449
1.40599e-10	0.0172563
1.40644e-10	0.0171677
1.40689e-10	0.017079
1.40734e-10	0.0169903
1.40779e-10	0.0169016
1.40824e-10	0.0168128
1.4087e-10	0.0167239
1.40915e-10	0.0166351
1.4096e-10	0.0165462
1.41005e-10	0.0164573
1.4105e-10	0.0163684
1.41095e-10	0.0162796
1.4114e-10	0.0161907
1.41185e-10	0.0161018
1.4123e-10	0.0160129
1.41275e-10	0.0159241
1.4132e-10	0.0158353
1.41366e-10	0.0157466
1.41411e-10	0.0156578
1.41456e-10	0.0155692
1.41501e-10	0.0154805
1.41546e-10	0.015392
1.41591e-10	0.0153035
1.41636e-10	0.015215
1.41681e-10	0.0151267
1.41726e-10	0.0150384
1.41771e-10	0.0149502
1.41816e-10	0.0148621
1.41862e-10	0.0147741
1.41907e-10	0.0146861
1.41952e-10	0.0145983
1.41997e-10	0.0145106
1.42042e-10	0.014423
1.42087e-10	0.0143356
1.42132e-10	0.0142482
1.42177e-10	0.014161
1.42222e-10	0.0140739
1.42267e-10	0.0139869
1.42313e-10	0.0139001
1.42358e-10	0.0138135
1.42403e-10	0.0137269
1.42448e-10	0.0136406
1.42493e-10	0.0135544
1.42538e-10	0.0134683
1.42583e-10	0.0133824
1.42628e-10	0.0132967
1.42673e-10	0.0132112
1.42718e-10	0.0131258
1.42763e-10	0.0130406
1.42809e-10	0.0129556
1.42854e-10	0.0128708
1.42899e-10	0.0127862
1.42944e-10	0.0127018
1.42989e-10	0.0126176
1.43034e-10	0.0125336
1.43079e-10	0.0124498
1.43124e-10	0.0123662
1.43169e-10	0.0122828
1.43214e-10	0.0121996
1.43259e-10	0.0121167
1.43305e-10	0.0120339
1.4335e-10	0.0119514
1.43395e-10	0.0118692
1.4344e-10	0.0117871
1.43485e-10	0.0117053
1.4353e-10	0.0116238
1.43575e-10	0.0115424
1.4362e-10	0.0114614
1.43665e-10	0.0113805
1.4371e-10	0.0112999
1.43755e-10	0.0112196
1.43801e-10	0.0111395
1.43846e-10	0.0110597
1.43891e-10	0.0109801
1.43936e-10	0.0109008
1.43981e-10	0.0108218
1.44026e-10	0.010743
1.44071e-10	0.0106645
1.44116e-10	0.0105862
1.44161e-10	0.0105083
1.44206e-10	0.0104306
1.44252e-10	0.0103532
1.44297e-10	0.010276
1.44342e-10	0.0101992
1.44387e-10	0.0101226
1.44432e-10	0.0100463
1.44477e-10	0.00997034
1.44522e-10	0.00989463
1.44567e-10	0.00981922
1.44612e-10	0.00974409
1.44657e-10	0.00966927
1.44702e-10	0.00959474
1.44748e-10	0.0095205
1.44793e-10	0.00944657
1.44838e-10	0.00937293
1.44883e-10	0.0092996
1.44928e-10	0.00922658
1.44973e-10	0.00915385
1.45018e-10	0.00908144
1.45063e-10	0.00900933
1.45108e-10	0.00893753
1.45153e-10	0.00886605
1.45198e-10	0.00879487
1.45244e-10	0.00872401
1.45289e-10	0.00865347
1.45334e-10	0.00858324
1.45379e-10	0.00851332
1.45424e-10	0.00844373
1.45469e-10	0.00837445
1.45514e-10	0.00830549
1.45559e-10	0.00823685
1.45604e-10	0.00816854
1.45649e-10	0.00810055
1.45694e-10	0.00803288
1.4574e-10	0.00796553
1.45785e-10	0.00789851
1.4583e-10	0.00783182
1.45875e-10	0.00776545
1.4592e-10	0.00769941
1.45965e-10	0.0076337
1.4601e-10	0.00756831
1.46055e-10	0.00750326
1.461e-10	0.00743853
1.46145e-10	0.00737414
1.4619e-10	0.00731007
1.46236e-10	0.00724634
1.46281e-10	0.00718294
1.46326e-10	0.00711987
1.46371e-10	0.00705713
1.46416e-10	0.00699473
1.46461e-10	0.00693265
1.46506e-10	0.00687092
1.46551e-10	0.00680951
1.46596e-10	0.00674844
1.46641e-10	0.0066877
1.46687e-10	0.0066273
1.46732e-10	0.00656723
1.46777e-10	0.0065075
1.46822e-10	0.0064481
1.46867e-10	0.00638903
1.46912e-10	0.0063303
1.46957e-10	0.0062719
1.47002e-10	0.00621384
1.47047e-10	0.00615612
1.47092e-10	0.00609872
1.47137e-10	0.00604167
1.47183e-10	0.00598494
1.47228e-10	0.00592856
1.47273e-10	0.0058725
1.47318e-10	0.00581678
1.47363e-10	0.00576139
1.47408e-10	0.00570634
1.47453e-10	0.00565162
1.47498e-10	0.00559723
1.47543e-10	0.00554318
1.47588e-10	0.00548946
1.47633e-10	0.00543607
1.47679e-10	0.00538301
1.47724e-10	0.00533028
1.47769e-10	0.00527789
1.47814e-10	0.00522582
1.47859e-10	0.00517409
1.47904e-10	0.00512268
1.47949e-10	0.00507161
1.47994e-10	0.00502086
1.48039e-10	0.00497044
1.48084e-10	0.00492035
1.48129e-10	0.00487058
1.48175e-10	0.00482115
1.4822e-10	0.00477204
1.48265e-10	0.00472325
1.4831e-10	0.00467479
1.48355e-10	0.00462665
1.484e-10	0.00457884
1.48445e-10	0.00453135
1.4849e-10	0.00448418
1.48535e-10	0.00443733
1.4858e-10	0.0043908
1.48625e-10	0.0043446
1.48671e-10	0.00429871
1.48716e-10	0.00425314
1.48761e-10	0.00420789
1.48806e-10	0.00416295
1.48851e-10	0.00411834
1.48896e-10	0.00407403
1.48941e-10	0.00403004
1.48986e-10	0.00398637
1.49031e-10	0.00394301
1.49076e-10	0.00389996
1.49122e-10	0.00385722
1.49167e-10	0.00381479
1.49212e-10	0.00377267
1.49257e-10	0.00373086
1.49302e-10	0.00368935
1.49347e-10	0.00364815
1.49392e-10	0.00360726
1.49437e-10	0.00356667
1.49482e-10	0.00352639
1.49527e-10	0.00348641
1.49572e-10	0.00344673
1.49618e-10	0.00340735
1.49663e-10	0.00336826
1.49708e-10	0.00332948
1.49753e-10	0.003291
1.49798e-10	0.00325281
1.49843e-10	0.00321491
1.49888e-10	0.00317731
1.49933e-10	0.00314001
1.49978e-10	0.00310299
1.50023e-10	0.00306627
1.50068e-10	0.00302984
1.50114e-10	0.00299369
1.50159e-10	0.00295783
1.50204e-10	0.00292226
1.50249e-10	0.00288698
1.50294e-10	0.00285197
1.50339e-10	0.00281725
1.50384e-10	0.00278282
1.50429e-10	0.00274866
1.50474e-10	0.00271478
1.50519e-10	0.00268118
1.50564e-10	0.00264786
1.5061e-10	0.00261482
1.50655e-10	0.00258205
1.507e-10	0.00254955
1.50745e-10	0.00251732
1.5079e-10	0.00248537
1.50835e-10	0.00245368
1.5088e-10	0.00242227
1.50925e-10	0.00239112
1.5097e-10	0.00236023
1.51015e-10	0.00232962
1.5106e-10	0.00229926
1.51106e-10	0.00226917
1.51151e-10	0.00223934
1.51196e-10	0.00220977
1.51241e-10	0.00218045
1.51286e-10	0.0021514
1.51331e-10	0.0021226
1.51376e-10	0.00209406
1.51421e-10	0.00206576
1.51466e-10	0.00203773
1.51511e-10	0.00200994
1.51557e-10	0.0019824
1.51602e-10	0.00195511
1.51647e-10	0.00192807
1.51692e-10	0.00190127
1.51737e-10	0.00187471
1.51782e-10	0.0018484
1.51827e-10	0.00182234
1.51872e-10	0.00179651
1.51917e-10	0.00177092
1.51962e-10	0.00174557
1.52007e-10	0.00172045
1.52053e-10	0.00169557
1.52098e-10	0.00167093
1.52143e-10	0.00164652
1.52188e-10	0.00162234
1.52233e-10	0.00159838
1.52278e-10	0.00157466
1.52323e-10	0.00155117
1.52368e-10	0.0015279
1.52413e-10	0.00150485
1.52458e-10	0.00148203
1.52503e-10	0.00145943
1.52549e-10	0.00143705
1.52594e-10	0.00141489
1.52639e-10	0.00139295
1.52684e-10	0.00137123
1.52729e-10	0.00134972
1.52774e-10	0.00132842
1.52819e-10	0.00130734
1.52864e-10	0.00128647
1.52909e-10	0.00126581
1.52954e-10	0.00124536
1.52999e-10	0.00122511
1.53045e-10	0.00120508
1.5309e-10	0.00118524
1.53135e-10	0.00116561
1.5318e-10	0.00114619
1.53225e-10	0.00112696
1.5327e-10	0.00110793
1.53315e-10	0.0010891
1.5336e-10	0.00107047
1.53405e-10	0.00105203
1.5345e-10	0.00103379
1.53496e-10	0.00101574
1.53541e-10	0.000997888
1.53586e-10	0.000980221
1.53631e-10	0.000962744
1.53676e-10	0.000945455
1.53721e-10	0.000928352
1.53766e-10	0.000911434
1.53811e-10	0.000894701
1.53856e-10	0.00087815
1.53901e-10	0.000861781
1.53946e-10	0.000845592
1.53992e-10	0.000829581
1.54037e-10	0.000813749
1.54082e-10	0.000798093
1.54127e-10	0.000782611
1.54172e-10	0.000767304
1.54217e-10	0.000752169
1.54262e-10	0.000737205
1.54307e-10	0.000722412
1.54352e-10	0.000707787
1.54397e-10	0.00069333
1.54442e-10	0.000679039
1.54488e-10	0.000664913
1.54533e-10	0.000650951
1.54578e-10	0.000637151
1.54623e-10	0.000623513
1.54668e-10	0.000610035
1.54713e-10	0.000596716
1.54758e-10	0.000583554
1.54803e-10	0.000570549
1.54848e-10	0.000557699
1.54893e-10	0.000545003
1.54938e-10	0.00053246
1.54984e-10	0.000520069
1.55029e-10	0.000507828
1.55074e-10	0.000495736
1.55119e-10	0.000483792
1.55164e-10	0.000471995
1.55209e-10	0.000460344
1.55254e-10	0.000448837
1.55299e-10	0.000437474
1.55344e-10	0.000426253
1.55389e-10	0.000415172
1.55434e-10	0.000404232
1.5548e-10	0.00039343
1.55525e-10	0.000382766
1.5557e-10	0.000372239
1.55615e-10	0.000361846
1.5566e-10	0.000351588
1.55705e-10	0.000341462
1.5575e-10	0.000331469
1.55795e-10	0.000321606
1.5584e-10	0.000311873
1.55885e-10	0.000302269
1.55931e-10	0.000292791
1.55976e-10	0.000283441
1.56021e-10	0.000274215
1.56066e-10	0.000265113
1.56111e-10	0.000256135
1.56156e-10	0.000247278
1.56201e-10	0.000238543
1.56246e-10	0.000229927
1.56291e-10	0.00022143
1.56336e-10	0.000213051
1.56381e-10	0.000204788
1.56427e-10	0.000196641
1.56472e-10	0.000188608
1.56517e-10	0.000180689
1.56562e-10	0.000172882
1.56607e-10	0.000165187
1.56652e-10	0.000157602
1.56697e-10	0.000150127
1.56742e-10	0.00014276
1.56787e-10	0.0001355
1.56832e-10	0.000128346
1.56877e-10	0.000121298
1.56923e-10	0.000114355
1.56968e-10	0.000107514
1.57013e-10	0.000100776
1.57058e-10	9.41399e-05
1.57103e-10	8.76038e-05
1.57148e-10	8.11672e-05
1.57193e-10	7.48291e-05
1.57238e-10	6.85886e-05
1.57283e-10	6.24447e-05
1.57328e-10	5.63965e-05
1.57373e-10	5.0443e-05
1.57419e-10	4.45832e-05
1.57464e-10	3.88164e-05
1.57509e-10	3.31414e-05
1.57554e-10	2.75575e-05
1.57599e-10	2.20637e-05
1.57644e-10	1.66591e-05
1.57689e-10	1.13429e-05
1.57734e-10	6.11396e-06
1.57779e-10	9.7159e-07
1.57824e-10	-4.08515e-06
1.57869e-10	-9.05714e-06
1.57915e-10	-1.39453e-05
1.5796e-10	-1.87504e-05
1.58005e-10	-2.34733e-05
1.5805e-10	-2.8115e-05
1.58095e-10	-3.26762e-05
1.5814e-10	-3.71579e-05
1.58185e-10	-4.15608e-05
1.5823e-10	-4.58858e-05
1.58275e-10	-5.01337e-05
1.5832e-10	-5.43053e-05
1.58366e-10	-5.84016e-05
1.58411e-10	-6.24231e-05
1.58456e-10	-6.63709e-05
1.58501e-10	-7.02457e-05
1.58546e-10	-7.40482e-05
1.58591e-10	-7.77793e-05
1.58636e-10	-8.14398e-05
1.58681e-10	-8.50304e-05
1.58726e-10	-8.8552e-05
1.58771e-10	-9.20052e-05
1.58816e-10	-9.53909e-05
1.58862e-10	-9.87098e-05
1.58907e-10	-0.000101963
1.58952e-10	-0.00010515
1.58997e-10	-0.000108273
1.59042e-10	-0.000111333
1.59087e-10	-0.000114329
1.59132e-10	-0.000117263
1.59177e-10	-0.000120135
1.59222e-10	-0.000122946
1.59267e-10	-0.000125697
1.59312e-10	-0.000128389
1.59358e-10	-0.000131022
1.59403e-10	-0.000133597
1.59448e-10	-0.000136114
1.59493e-10	-0.000138575
1.59538e-10	-0.00014098
1.59583e-10	-0.000143329
1.59628e-10	-0.000145624
1.59673e-10	-0.000147864
1.59718e-10	-0.000150051
1.59763e-10	-0.000152186
1.59808e-10	-0.000154268
1.59854e-10	-0.0001563
1.59899e-10	-0.00015828
1.59944e-10	-0.00016021
1.59989e-10	-0.000162091
1.60034e-10	-0.000163922
1.60079e-10	-0.000165706
1.60124e-10	-0.000167442
1.60169e-10	-0.000169131
1.60214e-10	-0.000170773
1.60259e-10	-0.000172369
1.60304e-10	-0.000173921
1.6035e-10	-0.000175427
1.60395e-10	-0.00017689
1.6044e-10	-0.000178309
1.60485e-10	-0.000179685
1.6053e-10	-0.000181019
1.60575e-10	-0.000182311
1.6062e-10	-0.000183561
1.60665e-10	-0.000184771
1.6071e-10	-0.000185941
1.60755e-10	-0.000187072
1.60801e-10	-0.000188163
1.60846e-10	-0.000189216
1.60891e-10	-0.00019023
1.60936e-10	-0.000191208
1.60981e-10	-0.000192148
1.61026e-10	-0.000193052
1.61071e-10	-0.00019392
1.61116e-10	-0.000194753
1.61161e-10	-0.000195551
1.61206e-10	-0.000196314
1.61251e-10	-0.000197044
1.61297e-10	-0.00019774
1.61342e-10	-0.000198403
1.61387e-10	-0.000199034
1.61432e-10	-0.000199633
1.61477e-10	-0.0002002
1.61522e-10	-0.000200737
1.61567e-10	-0.000201243
1.61612e-10	-0.000201718
1.61657e-10	-0.000202164
1.61702e-10	-0.000202581
1.61747e-10	-0.000202969
1.61793e-10	-0.000203329
1.61838e-10	-0.000203661
1.61883e-10	-0.000203965
1.61928e-10	-0.000204243
1.61973e-10	-0.000204494
1.62018e-10	-0.000204718
1.62063e-10	-0.000204917
1.62108e-10	-0.000205091
1.62153e-10	-0.00020524
1.62198e-10	-0.000205364
1.62243e-10	-0.000205464
1.62289e-10	-0.00020554
1.62334e-10	-0.000205593
1.62379e-10	-0.000205623
1.62424e-10	-0.000205631
1.62469e-10	-0.000205616
1.62514e-10	-0.000205579
1.62559e-10	-0.000205521
1.62604e-10	-0.000205442
1.62649e-10	-0.000205342
1.62694e-10	-0.000205222
1.6274e-10	-0.000205082
1.62785e-10	-0.000204923
1.6283e-10	-0.000204744
1.62875e-10	-0.000204546
1.6292e-10	-0.000204329
1.62965e-10	-0.000204094
1.6301e-10	-0.000203841
1.63055e-10	-0.000203571
1.631e-10	-0.000203284
1.63145e-10	-0.000202979
1.6319e-10	-0.000202658
1.63236e-10	-0.00020232
1.63281e-10	-0.000201967
1.63326e-10	-0.000201598
1.63371e-10	-0.000201213
1.63416e-10	-0.000200814
1.63461e-10	-0.000200399
1.63506e-10	-0.000199971
1.63551e-10	-0.000199527
1.63596e-10	-0.000199071
1.63641e-10	-0.0001986
1.63686e-10	-0.000198116
1.63732e-10	-0.000197619
1.63777e-10	-0.00019711
1.63822e-10	-0.000196587
1.63867e-10	-0.000196053
1.63912e-10	-0.000195507
1.63957e-10	-0.000194949
1.64002e-10	-0.000194379
1.64047e-10	-0.000193798
1.64092e-10	-0.000193207
1.64137e-10	-0.000192604
1.64182e-10	-0.000191992
1.64228e-10	-0.000191369
1.64273e-10	-0.000190736
1.64318e-10	-0.000190094
1.64363e-10	-0.000189441
1.64408e-10	-0.00018878
1.64453e-10	-0.00018811
1.64498e-10	-0.000187431
1.64543e-10	-0.000186743
1.64588e-10	-0.000186048
1.64633e-10	-0.000185344
1.64678e-10	-0.000184632
1.64724e-10	-0.000183912
1.64769e-10	-0.000183185
1.64814e-10	-0.000182451
1.64859e-10	-0.000181709
1.64904e-10	-0.000180961
1.64949e-10	-0.000180206
1.64994e-10	-0.000179445
1.65039e-10	-0.000178677
1.65084e-10	-0.000177904
1.65129e-10	-0.000177124
1.65175e-10	-0.000176339
1.6522e-10	-0.000175548
1.65265e-10	-0.000174752
1.6531e-10	-0.000173951
1.65355e-10	-0.000173144
1.654e-10	-0.000172333
1.65445e-10	-0.000171518
1.6549e-10	-0.000170698
1.65535e-10	-0.000169873
1.6558e-10	-0.000169045
1.65625e-10	-0.000168212
1.65671e-10	-0.000167376
1.65716e-10	-0.000166536
1.65761e-10	-0.000165693
1.65806e-10	-0.000164846
1.65851e-10	-0.000163996
1.65896e-10	-0.000163143
1.65941e-10	-0.000162287
1.65986e-10	-0.000161429
1.66031e-10	-0.000160567
1.66076e-10	-0.000159704
1.66121e-10	-0.000158838
1.66167e-10	-0.00015797
1.66212e-10	-0.000157099
1.66257e-10	-0.000156227
1.66302e-10	-0.000155353
1.66347e-10	-0.000154478
1.66392e-10	-0.000153601
1.66437e-10	-0.000152722
1.66482e-10	-0.000151842
1.66527e-10	-0.000150961
1.66572e-10	-0.000150079
1.66617e-10	-0.000149196
1.66663e-10	-0.000148312
1.66708e-10	-0.000147428
1.66753e-10	-0.000146543
1.66798e-10	-0.000145657
1.66843e-10	-0.000144771
1.66888e-10	-0.000143885
1.66933e-10	-0.000142998
1.66978e-10	-0.000142112
1.67023e-10	-0.000141225
1.67068e-10	-0.000140339
1.67113e-10	-0.000139453
1.67159e-10	-0.000138567
1.67204e-10	-0.000137682
1.67249e-10	-0.000136797
1.67294e-10	-0.000135912
1.67339e-10	-0.000135029
1.67384e-10	-0.000134146
1.67429e-10	-0.000133264
1.67474e-10	-0.000132383
1.67519e-10	-0.000131503
1.67564e-10	-0.000130624
1.6761e-10	-0.000129746
1.67655e-10	-0.000128869
1.677e-10	-0.000127994
1.67745e-10	-0.00012712
1.6779e-10	-0.000126248
1.67835e-10	-0.000125377
1.6788e-10	-0.000124508
1.67925e-10	-0.000123641
1.6797e-10	-0.000122775
1.68015e-10	-0.000121911
1.6806e-10	-0.000121049
1.68106e-10	-0.000120189
1.68151e-10	-0.000119331
1.68196e-10	-0.000118475
1.68241e-10	-0.000117622
1.68286e-10	-0.00011677
1.68331e-10	-0.000115921
1.68376e-10	-0.000115074
1.68421e-10	-0.000114229
1.68466e-10	-0.000113387
1.68511e-10	-0.000112547
