% time-domain voltage integration by openEMS v0.0.36-93-g7b9cd51 @Thu Sep 24 15:53:26 2026
% start-coordinates: (0.007,0,0.000116134) m -> [10,3,5]
% stop-coordinates: (0.007,0,0.0021) m -> [10,3,7]
% t/s	voltage
0	-0
3.65250750694e-12	-3.47630447095e-07
7.30501501388e-12	-3.00246643548e-07
1.09575225208e-11	1.0697979036e-07
1.46100300278e-11	1.54456236601e-06
1.82625375347e-11	4.89329841002e-06
2.19150450417e-11	1.10995385967e-05
2.55675525486e-11	2.03142380997e-05
2.92200600555e-11	3.05003757148e-05
3.28725675625e-11	3.58408769898e-05
3.65250750694e-11	2.57046303886e-05
4.01775825764e-11	-1.40334393564e-05
4.38300900833e-11	-9.59142935244e-05
4.74825975902e-11	-0.000222207498155
5.11351050972e-11	-0.000375080388039
5.47876126041e-11	-0.000511064186867
5.84401201111e-11	-0.000566208524106
6.2092627618e-11	-0.000475174114399
6.5745135125e-11	-0.000200703798328
6.93976426319e-11	0.000238041242483
7.30501501388e-11	0.000753997577704
7.67026576458e-11	0.00120901697665
8.03551651527e-11	0.00145803150372
8.40076726597e-11	0.00140486466989
8.76601801666e-11	0.0010449333422
9.13126876736e-11	0.000473629355838
9.49651951805e-11	-0.000145474114106
9.86177026874e-11	-0.00063950488402
1.02270210194e-10	-0.00088666510419
1.05922717701e-10	-0.000853104284033
1.09575225208e-10	-0.00059401703038
1.13227732715e-10	-0.000223306538828
1.16880240222e-10	0.000131921606226
1.20532747729e-10	0.000372974805941
1.24185255236e-10	0.000453936503618
1.27837762743e-10	0.000384775321436
1.3149027025e-10	0.000216958627789
1.35142777757e-10	1.95374652776e-05
1.38795285264e-10	-0.000145386933582
1.42447792771e-10	-0.000240447019678
1.46100300278e-10	-0.000259619657299
1.49752807785e-10	-0.000222929365918
1.53405315292e-10	-0.000162719175933
1.57057822799e-10	-0.000107870850115
1.60710330305e-10	-7.25938771211e-05
1.64362837812e-10	-5.41018225704e-05
1.68015345319e-10	-3.89211427319e-05
1.71667852826e-10	-1.35310783662e-05
1.75320360333e-10	2.69173162906e-05
1.7897286784e-10	7.52774867578e-05
1.82625375347e-10	0.000116314096886
1.86277882854e-10	0.000134524973873
1.89930390361e-10	0.000121623372252
1.93582897868e-10	8.02890481282e-05
1.97235405375e-10	2.29278084589e-05
2.00887912882e-10	-3.32295508088e-05
2.04540420389e-10	-7.23122711861e-05
2.08192927896e-10	-8.48006930028e-05
2.11845435403e-10	-6.95508019817e-05
2.1549794291e-10	-3.26872157075e-05
2.19150450417e-10	1.56368546413e-05
2.22802957923e-10	6.50108290756e-05
2.2645546543e-10	0.000107334058157
2.30107972937e-10	0.000137320166687
2.33760480444e-10	0.000151384765559
2.37412987951e-10	0.000146237494846
2.41065495458e-10	0.000118655738333
2.44718002965e-10	6.71041634632e-05
2.48370510472e-10	-5.63602827697e-06
2.52023017979e-10	-9.0532048489e-05
2.55675525486e-10	-0.00017271820434
2.59328032993e-10	-0.000234947976423
2.629805405e-10	-0.00026300375248
2.66633048007e-10	-0.000250729042818
2.70285555514e-10	-0.000202346507649
2.73938063021e-10	-0.000130745193019
2.77590570528e-10	-5.23891067132e-05
2.81243078035e-10	1.86835809473e-05
2.84895585541e-10	7.49492173782e-05
2.88548093048e-10	0.000115764882139
2.92200600555e-10	0.000144218725836
2.95853108062e-10	0.000162717007697
2.99505615569e-10	0.000170219798747
3.03158123076e-10	0.000162912201631
3.06810630583e-10	0.000137801527671
3.1046313809e-10	9.67302848949e-05
3.14115645597e-10	4.78599054077e-05
3.17768153104e-10	3.18152208933e-06
3.21420660611e-10	-2.68035660156e-05
3.25073168118e-10	-3.82702428396e-05
3.28725675625e-10	-3.59947002835e-05
3.32378183132e-10	-3.06198801354e-05
3.36030690639e-10	-3.26626520746e-05
3.39683198146e-10	-4.6548746468e-05
3.43335705653e-10	-6.79961681271e-05
3.4698821316e-10	-8.63180312081e-05
3.50640720666e-10	-9.03159379959e-05
3.54293228173e-10	-7.44505841794e-05
3.5794573568e-10	-4.19811299253e-05
3.61598243187e-10	-3.31141373522e-06
3.65250750694e-10	2.93897066967e-05
3.68903258201e-10	4.80966741634e-05
3.72555765708e-10	5.21275069332e-05
3.76208273215e-10	4.69777642138e-05
3.79860780722e-10	3.97274598072e-05
3.83513288229e-10	3.41408492659e-05
3.87165795736e-10	2.85160567728e-05
3.90818303243e-10	1.75061232994e-05
3.9447081075e-10	-3.2838012487e-06
3.98123318257e-10	-3.29285458065e-05
4.01775825764e-10	-6.39591853542e-05
4.05428333271e-10	-8.51729419082e-05
4.09080840778e-10	-8.70144076544e-05
4.12733348284e-10	-6.65388633934e-05
4.16385855791e-10	-2.91612618639e-05
4.20038363298e-10	1.3696828546e-05
4.23690870805e-10	4.97145269946e-05
4.27343378312e-10	7.08463594492e-05
4.30995885819e-10	7.5919203482e-05
4.34648393326e-10	6.95645649103e-05
4.38300900833e-10	5.84603767493e-05
4.4195340834e-10	4.71470011689e-05
4.45605915847e-10	3.58175007023e-05
4.49258423354e-10	2.11768779081e-05
4.52910930861e-10	-4.29286757253e-07
4.56563438368e-10	-2.96320870348e-05
4.60215945875e-10	-6.24990498181e-05
4.63868453382e-10	-9.17887218748e-05
4.67520960889e-10	-0.000110240265712
4.71173468396e-10	-0.000114009543722
4.74825975902e-10	-0.000104347250272
4.78478483409e-10	-8.66860509632e-05
4.82130990916e-10	-6.7752645009e-05
4.85783498423e-10	-5.23334770151e-05
4.8943600593e-10	-4.13813040723e-05
4.93088513437e-10	-3.22473658798e-05
4.96741020944e-10	-2.07178293294e-05
5.00393528451e-10	-3.73196934333e-06
5.04046035958e-10	1.86462677902e-05
5.07698543465e-10	4.29203114436e-05
5.11351050972e-10	6.3523976678e-05
5.15003558479e-10	7.51497282181e-05
5.18656065986e-10	7.48606498746e-05
5.22308573493e-10	6.30373697277e-05
5.25961081e-10	4.29050542152e-05
5.29613588507e-10	1.90324196865e-05
5.33266096014e-10	-4.34728616483e-06
5.36918603521e-10	-2.44001025749e-05
5.40571111027e-10	-3.98633501391e-05
5.44223618534e-10	-5.05003763465e-05
5.47876126041e-10	-5.63246690035e-05
5.51528633548e-10	-5.7087273035e-05
5.55181141055e-10	-5.22164637005e-05
5.58833648562e-10	-4.11652640651e-05
5.62486156069e-10	-2.39929217969e-05
5.66138663576e-10	-1.85934659669e-06
5.69791171083e-10	2.28300773415e-05
5.7344367859e-10	4.67426166324e-05
5.77096186097e-10	6.63611126583e-05
5.80748693604e-10	7.88653997006e-05
5.84401201111e-10	8.27619060146e-05
5.88053708618e-10	7.80767732067e-05
5.91706216125e-10	6.61072149342e-05
5.95358723632e-10	4.89064768772e-05
5.99011231139e-10	2.87948237201e-05
6.02663738645e-10	8.00140645651e-06
6.06316246152e-10	-1.15955815545e-05
6.09968753659e-10	-2.86568040337e-05
6.13621261166e-10	-4.25157363679e-05
6.17273768673e-10	-5.31355535713e-05
6.2092627618e-10	-6.08163722973e-05
6.24578783687e-10	-6.5776923293e-05
6.28231291194e-10	-6.7802252488e-05
6.31883798701e-10	-6.6161610448e-05
6.35536306208e-10	-5.98929059379e-05
6.39188813715e-10	-4.83181406707e-05
6.42841321222e-10	-3.15923932703e-05
6.46493828729e-10	-1.10603465373e-05
6.50146336236e-10	1.07829005174e-05
6.53798843743e-10	3.07923676246e-05
6.5745135125e-10	4.60376659248e-05
6.61103858757e-10	5.47206445844e-05
6.64756366263e-10	5.67219171899e-05
6.6840887377e-10	5.34667565262e-05
6.72061381277e-10	4.70898785352e-05
6.75713888784e-10	3.93265104321e-05
6.79366396291e-10	3.07584812163e-05
6.83018903798e-10	2.08580743219e-05
6.86671411305e-10	8.81539705233e-06
6.90323918812e-10	-5.37369663789e-06
6.93976426319e-10	-2.02652461212e-05
6.97628933826e-10	-3.31705618919e-05
7.01281441333e-10	-4.11480086768e-05
7.0493394884e-10	-4.22778230131e-05
7.08586456347e-10	-3.65553796655e-05
7.12238963854e-10	-2.59631060544e-05
7.15891471361e-10	-1.3684641317e-05
7.19543978868e-10	-2.81662434531e-06
7.23196486375e-10	4.80659031155e-06
7.26848993882e-10	9.14145687148e-06
7.30501501388e-10	1.1583327364e-05
7.34154008895e-10	1.39143244269e-05
7.37806516402e-10	1.71292358573e-05
7.41459023909e-10	2.07994835364e-05
7.45111531416e-10	2.33089187986e-05
7.48764038923e-10	2.28274623169e-05
7.5241654643e-10	1.84483299108e-05
7.56069053937e-10	1.07762781454e-05
7.59721561444e-10	1.67103496551e-06
7.63374068951e-10	-6.66176799768e-06
7.67026576458e-10	-1.27006024968e-05
7.70679083965e-10	-1.61612845204e-05
7.74331591472e-10	-1.78213977051e-05
7.77984098979e-10	-1.88215249182e-05
7.81636606486e-10	-1.98611799078e-05
7.85289113993e-10	-2.07611192309e-05
7.889416215e-10	-2.05989242659e-05
7.92594129006e-10	-1.82891758413e-05
7.96246636513e-10	-1.32964544264e-05
7.9989914402e-10	-6.09484379765e-06
8.03551651527e-10	1.8874464871e-06
8.07204159034e-10	8.81434732491e-06
8.10856666541e-10	1.3234032167e-05
8.14509174048e-10	1.46984828007e-05
8.18161681555e-10	1.38661562232e-05
8.21814189062e-10	1.20511947443e-05
8.25466696569e-10	1.046614193e-05
8.29119204076e-10	9.59356418662e-06
8.32771711583e-10	9.04021840142e-06
8.3642421909e-10	7.92237386804e-06
8.40076726597e-10	5.51781539571e-06
8.43729234104e-10	1.79255103205e-06
8.47381741611e-10	-2.49998387858e-06
8.51034249118e-10	-6.17208962694e-06
8.54686756624e-10	-8.19299293653e-06
8.58339264131e-10	-8.18917555989e-06
8.61991771638e-10	-6.61909467681e-06
8.65644279145e-10	-4.5665275934e-06
8.69296786652e-10	-3.25206301e-06
8.72949294159e-10	-3.4782688374e-06
8.76601801666e-10	-5.25890254721e-06
8.80254309173e-10	-7.80133524358e-06
8.8390681668e-10	-9.86653412838e-06
8.87559324187e-10	-1.03586395426e-05
8.91211831694e-10	-8.85669965101e-06
8.94864339201e-10	-5.81816738077e-06
8.98516846708e-10	-2.34693928292e-06
9.02169354215e-10	3.60785467279e-07
9.05821861722e-10	1.59638337038e-06
9.09474369229e-10	1.43619607229e-06
9.13126876736e-10	6.39867494101e-07
9.16779384243e-10	2.26416265292e-07
9.20431891749e-10	9.65091871308e-07
9.24084399256e-10	3.0305899088e-06
9.27736906763e-10	5.93277769667e-06
9.3138941427e-10	8.72685836839e-06
9.35041921777e-10	1.04140522126e-05
9.38694429284e-10	1.03542346324e-05
9.42346936791e-10	8.54080377621e-06
9.45999444298e-10	5.61734776738e-06
9.49651951805e-10	2.58378977946e-06
9.53304459312e-10	3.3833265789e-07
9.56956966819e-10	-7.33890331617e-07
9.60609474326e-10	-9.18692336427e-07
9.64261981833e-10	-9.70133356759e-07
9.6791448934e-10	-1.66207257735e-06
9.71566996847e-10	-3.34811761604e-06
9.75219504354e-10	-5.74581565616e-06
9.78872011861e-10	-8.05284980743e-06
9.82524519367e-10	-9.30399653498e-06
9.86177026874e-10	-8.7881564923e-06
9.89829534381e-10	-6.3573976945e-06
9.93482041888e-10	-2.51291154996e-06
9.97134549395e-10	1.75729304885e-06
1.0007870569e-09	5.32564791911e-06
1.00443956441e-09	7.34504459388e-06
1.00809207192e-09	7.57136410812e-06
1.01174457942e-09	6.43138054102e-06
1.01539708693e-09	4.78675480053e-06
1.01904959444e-09	3.48695110119e-06
1.02270210194e-09	2.93380134053e-06
1.02635460945e-09	2.88984944063e-06
1.03000711696e-09	2.64149505824e-06
1.03365962446e-09	1.42233120926e-06
1.03731213197e-09	-1.12747476066e-06
1.04096463948e-09	-4.70791042062e-06
1.04461714699e-09	-8.42897475195e-06
1.04826965449e-09	-1.11664770657e-05
1.051922162e-09	-1.20329100355e-05
1.05557466951e-09	-1.07583581439e-05
1.05922717701e-09	-7.81447312193e-06
1.06287968452e-09	-4.21799657602e-06
1.06653219203e-09	-1.08016956801e-06
1.07018469953e-09	8.9038225326e-07
1.07383720704e-09	1.70165682789e-06
1.07748971455e-09	2.03974373392e-06
1.08114222205e-09	2.86290861595e-06
1.08479472956e-09	4.82792523826e-06
1.08844723707e-09	7.85380831303e-06
1.09209974458e-09	1.10595298111e-05
1.09575225208e-09	1.3143466731e-05
1.09940475959e-09	1.3014307342e-05
1.1030572671e-09	1.03464625454e-05
1.1067097746e-09	5.78732471013e-06
1.11036228211e-09	6.95870014056e-07
1.11401478962e-09	-3.45769117871e-06
1.11766729712e-09	-5.73122883907e-06
1.12131980463e-09	-6.09626954429e-06
1.12497231214e-09	-5.37805016165e-06
1.12862481965e-09	-4.7788044526e-06
1.13227732715e-09	-5.23073111935e-06
1.13592983466e-09	-6.88655336489e-06
1.13958234217e-09	-9.00497821021e-06
1.14323484967e-09	-1.03077952645e-05
1.14688735718e-09	-9.6321688261e-06
1.15053986469e-09	-6.56517437392e-06
1.15419237219e-09	-1.73844505014e-06
1.1578448797e-09	3.3900919334e-06
1.16149738721e-09	7.17018451724e-06
1.16514989471e-09	8.50434190625e-06
1.16880240222e-09	7.3434231922e-06
1.17245490973e-09	4.68095714723e-06
1.17610741724e-09	2.04757064637e-06
1.17975992474e-09	7.57811520202e-07
1.18341243225e-09	1.27667344429e-06
1.18706493976e-09	3.01681592418e-06
1.19071744726e-09	4.66164800628e-06
1.19436995477e-09	4.84430808001e-06
1.19802246228e-09	2.85186519022e-06
1.20167496978e-09	-9.8095701162e-07
1.20532747729e-09	-5.38186037602e-06
1.2089799848e-09	-8.69927316671e-06
1.2126324923e-09	-9.65025435562e-06
1.21628499981e-09	-7.91148119106e-06
1.21993750732e-09	-4.27338625286e-06
1.22359001483e-09	-2.77722776332e-07
1.22724252233e-09	2.49196469326e-06
1.23089502984e-09	3.13460117241e-06
1.23454753735e-09	1.82360284384e-06
1.23820004485e-09	-3.17011796369e-07
1.24185255236e-09	-1.79490028529e-06
1.24550505987e-09	-1.50284425615e-06
1.24915756737e-09	7.28199694322e-07
1.25281007488e-09	4.03420196449e-06
1.25646258239e-09	6.9232191322e-06
1.2601150899e-09	7.98452157369e-06
1.2637675974e-09	6.55461792576e-06
1.26742010491e-09	3.04048509747e-06
1.27107261242e-09	-1.24879515795e-06
1.27472511992e-09	-4.69067583708e-06
1.27837762743e-09	-6.07568699706e-06
1.28203013494e-09	-5.13971269811e-06
1.28568264244e-09	-2.66049698894e-06
1.28933514995e-09	-6.38784118934e-08
1.29298765746e-09	1.26548243884e-06
1.29664016496e-09	6.40334079094e-07
1.30029267247e-09	-1.61039164936e-06
1.30394517998e-09	-4.31604414075e-06
1.30759768749e-09	-6.03809519362e-06
1.31125019499e-09	-5.76085744797e-06
1.3149027025e-09	-3.37891611935e-06
1.31855521001e-09	2.49064942892e-07
1.32220771751e-09	3.69773843545e-06
1.32586022502e-09	5.62785555758e-06
1.32951273253e-09	5.39584073067e-06
1.33316524003e-09	3.33652539553e-06
1.33681774754e-09	5.8517535706e-07
1.34047025505e-09	-1.47265336636e-06
1.34412276255e-09	-1.86053395623e-06
1.34777527006e-09	-4.68020363797e-07
1.35142777757e-09	1.91922684678e-06
1.35508028508e-09	4.01825502649e-06
1.35873279258e-09	4.67852623842e-06
1.36238530009e-09	3.43665416835e-06
1.3660378076e-09	7.31351576633e-07
1.3696903151e-09	-2.31667280559e-06
1.37334282261e-09	-4.43547946816e-06
1.37699533012e-09	-4.79587060909e-06
1.38064783762e-09	-3.38635103958e-06
1.38430034513e-09	-1.00138574055e-06
1.38795285264e-09	1.14653450112e-06
1.39160536015e-09	2.00819810914e-06
1.39525786765e-09	1.20083502964e-06
1.39891037516e-09	-8.14502854496e-07
1.40256288267e-09	-2.965495014e-06
1.40621539017e-09	-4.10463465528e-06
1.40986789768e-09	-3.57948874807e-06
1.41352040519e-09	-1.55204349994e-06
1.41717291269e-09	1.08845702584e-06
1.4208254202e-09	3.17231464919e-06
1.42447792771e-09	3.82194352255e-06
1.42813043521e-09	2.86340377897e-06
1.43178294272e-09	8.86053143745e-07
1.43543545023e-09	-1.068788265e-06
1.43908795774e-09	-2.02658407034e-06
1.44274046524e-09	-1.54708534694e-06
1.44639297275e-09	6.93805120022e-08
1.45004548026e-09	1.93502856405e-06
1.45369798776e-09	3.01434829453e-06
1.45735049527e-09	2.63940555101e-06
1.46100300278e-09	8.54537944406e-07
1.46465551028e-09	-1.58543861062e-06
1.46830801779e-09	-3.57715285304e-06
1.4719605253e-09	-4.21246926408e-06
1.4756130328e-09	-3.23418336734e-06
1.47926554031e-09	-1.16677801998e-06
1.48291804782e-09	9.53167372586e-07
1.48657055533e-09	2.10362956921e-06
1.49022306283e-09	1.7899243403e-06
1.49387557034e-09	2.8504744165e-07
1.49752807785e-09	-1.52193089775e-06
1.50118058535e-09	-2.58230073769e-06
1.50483309286e-09	-2.21289764113e-06
1.50848560037e-09	-4.40463157503e-07
1.51213810787e-09	1.99786644828e-06
1.51579061538e-09	3.99719743882e-06
1.51944312289e-09	4.60615706288e-06
1.52309563039e-09	3.48825059859e-06
1.5267481379e-09	1.10385953178e-06
1.53040064541e-09	-1.48956114288e-06
1.53405315292e-09	-3.13644036964e-06
1.53770566042e-09	-3.14585682304e-06
1.54135816793e-09	-1.64361787824e-06
1.54501067544e-09	4.80326210806e-07
1.54866318294e-09	2.0131664229e-06
1.55231569045e-09	2.03496394136e-06
1.55596819796e-09	3.93600370074e-07
1.55962070546e-09	-2.20321706479e-06
1.56327321297e-09	-4.52594036915e-06
1.56692572048e-09	-5.4163398886e-06
1.57057822799e-09	-4.34779548186e-06
1.57423073549e-09	-1.68151471769e-06
1.577883243e-09	1.49009889583e-06
1.58153575051e-09	3.83783628877e-06
1.58518825801e-09	4.40284890146e-06
1.58884076552e-09	3.0410236036e-06
1.59249327303e-09	5.00967718864e-07
1.59614578053e-09	-1.91243456982e-06
1.59979828804e-09	-2.95306941211e-06
1.60345079555e-09	-2.04211080757e-06
1.60710330305e-09	4.27007588399e-07
1.61075581056e-09	3.2500964835e-06
1.61440831807e-09	4.98642856428e-06
1.61806082558e-09	4.66395033527e-06
1.62171333308e-09	2.26602028874e-06
1.62536584059e-09	-1.24347253916e-06
1.6290183481e-09	-4.36676293702e-06
1.6326708556e-09	-5.77088496811e-06
1.63632336311e-09	-4.89716052243e-06
1.63997587062e-09	-2.20998379064e-06
1.64362837812e-09	1.02260641199e-06
1.64728088563e-09	3.30719311137e-06
1.65093339314e-09	3.60394940913e-06
1.65458590064e-09	1.80612757106e-06
1.65823840815e-09	-1.19549628153e-06
1.66189091566e-09	-3.91010371459e-06
1.66554342317e-09	-4.93852923e-06
1.66919593067e-09	-3.64815085163e-06
1.67284843818e-09	-5.02546235737e-07
1.67650094569e-09	3.13117467954e-06
1.68015345319e-09	5.61644134223e-06
1.6838059607e-09	5.81882363804e-06
1.68745846821e-09	3.6418130378e-06
1.69111097571e-09	6.53546656793e-08
1.69476348322e-09	-3.3183679875e-06
1.69841599073e-09	-5.03674300489e-06
1.70206849824e-09	-4.39909626948e-06
1.70572100574e-09	-1.79273150991e-06
1.70937351325e-09	1.50758623363e-06
1.71302602076e-09	3.91893263441e-06
1.71667852826e-09	4.26689555866e-06
1.72033103577e-09	2.32796642763e-06
1.72398354328e-09	-1.05170325071e-06
1.72763605078e-09	-4.32664785421e-06
1.73128855829e-09	-5.95840430151e-06
1.7349410658e-09	-5.13834442017e-06
1.7385935733e-09	-2.17778710976e-06
1.74224608081e-09	1.62918631474e-06
1.74589858832e-09	4.60936837499e-06
1.74955109583e-09	5.48659011201e-06
1.75320360333e-09	3.95813387399e-06
1.75685611084e-09	8.08080557135e-07
1.76050861835e-09	-2.47758660521e-06
1.76416112585e-09	-4.3972351591e-06
1.76781363336e-09	-4.10180010135e-06
1.77146614087e-09	-1.75889751119e-06
1.77511864837e-09	1.53531004798e-06
1.77877115588e-09	4.25100765256e-06
1.78242366339e-09	5.10956442668e-06
1.78607617089e-09	3.66311277844e-06
1.7897286784e-09	5.07613901135e-07
1.79338118591e-09	-2.97901144108e-06
1.79703369342e-09	-5.26450702409e-06
1.80068620092e-09	-5.36656938266e-06
1.80433870843e-09	-3.30115824454e-06
1.80799121594e-09	-5.74079450644e-08
1.81164372344e-09	2.87823149847e-06
1.81529623095e-09	4.21267893103e-06
1.81894873846e-09	3.42063023595e-06
1.82260124596e-09	9.47512418747e-07
1.82625375347e-09	-2.02842608132e-06
1.82990626098e-09	-4.13972199453e-06
1.83355876849e-09	-4.43251013849e-06
1.83721127599e-09	-2.76979673686e-06
1.8408637835e-09	1.23287222209e-07
1.84451629101e-09	2.98400291854e-06
1.84816879851e-09	4.56845987173e-06
1.85182130602e-09	4.20378304966e-06
1.85547381353e-09	2.08630648046e-06
1.85912632103e-09	-8.12163975183e-07
1.86277882854e-09	-3.19509979363e-06
1.86643133605e-09	-4.03849099939e-06
1.87008384355e-09	-3.04754513536e-06
1.87373635106e-09	-7.60967807878e-07
1.87738885857e-09	1.73107024182e-06
1.88104136608e-09	3.30230957957e-06
1.88469387358e-09	3.28594623511e-06
1.88834638109e-09	1.73479860166e-06
1.8919988886e-09	-6.41864588147e-07
1.8956513961e-09	-2.81097985066e-06
1.89930390361e-09	-3.85930766811e-06
1.90295641112e-09	-3.36898986575e-06
1.90660891862e-09	-1.58101057934e-06
1.91026142613e-09	7.17597572475e-07
1.91391393364e-09	2.53881796652e-06
1.91756644114e-09	3.12734860586e-06
1.92121894865e-09	2.29275261177e-06
1.92487145616e-09	4.80008193193e-07
1.92852396367e-09	-1.45361893544e-06
1.93217647117e-09	-2.64457887056e-06
1.93582897868e-09	-2.61069556018e-06
1.93948148619e-09	-1.4370237551e-06
1.94313399369e-09	3.08710955466e-07
1.9467865012e-09	1.85888691817e-06
1.95043900871e-09	2.58069619008e-06
1.95409151621e-09	2.21686107693e-06
1.95774402372e-09	9.55172964723e-07
1.96139653123e-09	-6.73573637755e-07
1.96504903873e-09	-2.01607589645e-06
1.96870154624e-09	-2.55660617654e-06
1.97235405375e-09	-2.12071428507e-06
1.97600656126e-09	-9.43253681385e-07
1.97965906876e-09	4.38531909452e-07
1.98331157627e-09	1.42703299844e-06
1.98696408378e-09	1.63207840842e-06
1.99061659128e-09	1.03128647311e-06
1.99426909879e-09	-4.92962186627e-08
1.9979216063e-09	-1.1125788717e-06
2.0015741138e-09	-1.71985119835e-06
2.00522662131e-09	-1.65979631106e-06
2.00887912882e-09	-9.94650619646e-07
2.01253163633e-09	2.68623168154e-09
2.01618414383e-09	9.66971796856e-07
2.01983665134e-09	1.5651669969e-06
2.02348915885e-09	1.60066073818e-06
2.02714166635e-09	1.07649648839e-06
2.03079417386e-09	1.99069333462e-07
2.03444668137e-09	-6.93125713269e-07
2.03809918887e-09	-1.26443683257e-06
2.04175169638e-09	-1.32188542068e-06
2.04540420389e-09	-8.91406884307e-07
2.04905671139e-09	-1.91532063099e-07
2.0527092189e-09	4.759817962e-07
2.05636172641e-09	8.55628726981e-07
2.06001423392e-09	8.2114269162e-07
2.06366674142e-09	3.95217416127e-07
2.06731924893e-09	-2.78003945198e-07
2.07097175644e-09	-9.77621695597e-07
2.07462426394e-09	-1.460589516e-06
2.07827677145e-09	-1.52978364554e-06
2.08192927896e-09	-1.11279510406e-06
2.08558178646e-09	-3.16946490386e-07
2.08923429397e-09	5.83998982506e-07
2.09288680148e-09	1.24949235669e-06
2.09653930898e-09	1.41745378812e-06
2.10019181649e-09	1.02374440303e-06
2.103844324e-09	2.325447781e-07
2.10749683151e-09	-6.36905070905e-07
2.11114933901e-09	-1.24274696134e-06
2.11480184652e-09	-1.34925042516e-06
2.11845435403e-09	-9.08424922841e-07
2.12210686153e-09	-7.70205268452e-08
2.12575936904e-09	8.30440555433e-07
2.12941187655e-09	1.44142398995e-06
2.13306438405e-09	1.46291091596e-06
2.13671689156e-09	8.16049279706e-07
2.14036939907e-09	-2.97449183506e-07
2.14402190658e-09	-1.44795347978e-06
2.14767441408e-09	-2.14868910575e-06
2.15132692159e-09	-2.07533859964e-06
2.1549794291e-09	-1.22573426609e-06
2.1586319366e-09	6.73848994381e-08
2.16228444411e-09	1.27654290338e-06
2.16593695162e-09	1.90587540772e-06
2.16958945912e-09	1.6969495249e-06
2.17324196663e-09	7.32260588165e-07
2.17689447414e-09	-5.98741110025e-07
2.18054698164e-09	-1.74771138006e-06
2.18419948915e-09	-2.21848435444e-06
2.18785199666e-09	-1.76918084094e-06
2.19150450417e-09	-5.3240230713e-07
2.19515701167e-09	1.00929791813e-06
2.19880951918e-09	2.20218140612e-06
2.20246202669e-09	2.49884340064e-06
2.20611453419e-09	1.71452303732e-06
2.2097670417e-09	1.33263128532e-07
2.21341954921e-09	-1.59791392207e-06
2.21707205671e-09	-2.74715731052e-06
2.22072456422e-09	-2.81942774905e-06
2.22437707173e-09	-1.77368922039e-06
2.22802957923e-09	-4.01383477566e-08
2.23168208674e-09	1.6581801674e-06
2.23533459425e-09	2.60419508891e-06
2.23898710176e-09	2.38021982568e-06
2.24263960926e-09	1.04787555699e-06
2.24629211677e-09	-8.5953308826e-07
2.24994462428e-09	-2.53699170116e-06
2.25359713178e-09	-3.23844318473e-06
2.25724963929e-09	-2.60441294131e-06
2.2609021468e-09	-8.45563192797e-07
2.2645546543e-09	1.32049036949e-06
2.26820716181e-09	2.96684001455e-06
2.27185966932e-09	3.36504936627e-06
2.27551217683e-09	2.31480717616e-06
2.27916468433e-09	2.42553273466e-07
2.28281719184e-09	-1.9781734153e-06
2.28646969935e-09	-3.40102917562e-06
2.29012220685e-09	-3.41038870033e-06
2.29377471436e-09	-1.98517183492e-06
2.29742722187e-09	2.85645878506e-07
2.30107972937e-09	2.4391178215e-06
2.30473223688e-09	3.53638108663e-06
2.30838474439e-09	3.06464673372e-06
2.31203725189e-09	1.17589794968e-06
2.3156897594e-09	-1.35268024337e-06
2.31934226691e-09	-3.43472993336e-06
2.32299477442e-09	-4.14549251104e-06
2.32664728192e-09	-3.13898192417e-06
2.33029978943e-09	-8.1740705582e-07
2.33395229694e-09	1.83271745868e-06
2.33760480444e-09	3.66808885133e-06
2.34125731195e-09	3.88905246496e-06
2.34490981946e-09	2.38977085587e-06
2.34856232696e-09	-1.93538379989e-07
2.35221483447e-09	-2.75226855706e-06
2.35586734198e-09	-4.17708380951e-06
2.35951984948e-09	-3.83300550766e-06
2.36317235699e-09	-1.84033712003e-06
2.3668248645e-09	9.62623786904e-07
2.37047737201e-09	3.3666815682e-06
2.37412987951e-09	4.31143374158e-06
2.37778238702e-09	3.35569501431e-06
2.38143489453e-09	8.86122833776e-07
2.38508740203e-09	-2.03898825646e-06
2.38873990954e-09	-4.14924326719e-06
2.39239241705e-09	-4.52190221267e-06
2.39604492455e-09	-2.99083845334e-06
2.39969743206e-09	-2.19590956974e-07
2.40334993957e-09	2.58896761807e-06
2.40700244707e-09	4.21741341938e-06
2.41065495458e-09	3.95933827235e-06
2.41430746209e-09	1.92441571301e-06
2.4179599696e-09	-1.00808232162e-06
2.4216124771e-09	-3.56537523771e-06
2.42526498461e-09	-4.6305124215e-06
2.42891749212e-09	-3.7280575782e-06
2.43256999962e-09	-1.23942422192e-06
2.43622250713e-09	1.7576277429e-06
2.43987501464e-09	3.95868175929e-06
2.44352752214e-09	4.40654986278e-06
2.44718002965e-09	2.9128293022e-06
2.45083253716e-09	1.3922694464e-07
2.45448504467e-09	-2.70052251494e-06
2.45813755217e-09	-4.3772298568e-06
2.46179005968e-09	-4.18019740778e-06
2.46544256719e-09	-2.21850160642e-06
2.46909507469e-09	6.37902871858e-07
2.4727475822e-09	3.14350776875e-06
2.47640008971e-09	4.21671600748e-06
2.48005259721e-09	3.40307900615e-06
2.48370510472e-09	1.06835476288e-06
2.48735761223e-09	-1.76513829331e-06
2.49101011973e-09	-3.86584426337e-06
2.49466262724e-09	-4.33109994447e-06
2.49831513475e-09	-2.97928909276e-06
2.50196764226e-09	-4.22317476989e-07
2.50562014976e-09	2.21497819552e-06
2.50927265727e-09	3.79605316425e-06
2.51292516478e-09	3.66815913821e-06
2.51657767228e-09	1.93236370194e-06
2.52023017979e-09	-6.22240861503e-07
2.5238826873e-09	-2.8790580302e-06
2.5275351948e-09	-3.88060004752e-06
2.53118770231e-09	-3.23053106399e-06
2.53484020982e-09	-1.24643415234e-06
2.53849271732e-09	1.19317907377e-06
2.54214522483e-09	3.03533553847e-06
2.54579773234e-09	3.50530012838e-06
2.54945023985e-09	2.43349271045e-06
2.55310274735e-09	3.16349289875e-07
2.55675525486e-09	-1.91378804004e-06
2.56040776237e-09	-3.30436080276e-06
2.56406026987e-09	-3.29576971581e-06
2.56771277738e-09	-1.9490692722e-06
2.57136528489e-09	1.07786764403e-07
2.57501779239e-09	1.97566897953e-06
2.5786702999e-09	2.88000146043e-06
2.58232280741e-09	2.48887607768e-06
2.58597531492e-09	1.02670753677e-06
2.58962782242e-09	-8.4949321888e-07
2.59328032993e-09	-2.34173623426e-06
2.59693283744e-09	-2.84556165298e-06
2.60058534494e-09	-2.1897997442e-06
2.60423785245e-09	-6.91126842867e-07
2.60789035996e-09	9.95395936343e-07
2.61154286746e-09	2.16269428677e-06
2.61519537497e-09	2.35189762066e-06
2.61884788248e-09	1.5351322844e-06
2.62250038998e-09	1.05300006936e-07
2.62615289749e-09	-1.31530119063e-06
2.629805405e-09	-2.15155954209e-06
2.63345791251e-09	-2.10850917881e-06
2.63711042001e-09	-1.26737133144e-06
2.64076292752e-09	-1.87739157553e-08
2.64441543503e-09	1.11829000105e-06
2.64806794253e-09	1.70683128431e-06
2.65172045004e-09	1.54947726116e-06
2.65537295755e-09	7.47070160401e-07
2.65902546505e-09	-3.57400235629e-07
2.66267797256e-09	-1.31998569941e-06
2.66633048007e-09	-1.77097199128e-06
2.66998298757e-09	-1.55668867308e-06
2.67363549508e-09	-7.9261955932e-07
2.67728800259e-09	1.96914868411e-07
2.6809405101e-09	1.01994329782e-06
2.6845930176e-09	1.37606204476e-06
2.68824552511e-09	1.16404206096e-06
2.69189803262e-09	4.99965846501e-07
2.69555054012e-09	-3.47646597731e-07
2.69920304763e-09	-1.06500768027e-06
2.70285555514e-09	-1.40036908647e-06
2.70650806264e-09	-1.24236700572e-06
2.71016057015e-09	-6.52782105703e-07
2.71381307766e-09	1.51588707809e-07
2.71746558517e-09	8.68559112632e-07
2.72111809267e-09	1.2185440994e-06
2.72477060018e-09	1.0558067487e-06
2.72842310769e-09	4.34041222519e-07
2.73207561519e-09	-4.0764525977e-07
2.7357281227e-09	-1.13897519327e-06
2.73938063021e-09	-1.4727818467e-06
2.74303313771e-09	-1.2787914585e-06
2.74668564522e-09	-6.31549639252e-07
2.75033815273e-09	2.21995247074e-07
2.75399066023e-09	9.55924207346e-07
2.75764316774e-09	1.28446878023e-06
2.76129567525e-09	1.06798889021e-06
2.76494818276e-09	3.74088312327e-07
2.76860069026e-09	-5.34897782956e-07
2.77225319777e-09	-1.29175295172e-06
2.77590570528e-09	-1.57071046658e-06
2.77955821278e-09	-1.23281907349e-06
2.78321072029e-09	-4.01169415909e-07
2.7868632278e-09	5.81139261158e-07
2.7905157353e-09	1.29573017205e-06
2.79416824281e-09	1.43445414835e-06
2.79782075032e-09	9.3585300931e-07
2.80147325782e-09	8.49678016834e-09
2.80512576533e-09	-9.62307552754e-07
2.80877827284e-09	-1.57738665507e-06
2.81243078035e-09	-1.5862261904e-06
2.81608328785e-09	-9.8536118287e-07
2.81973579536e-09	-1.80602484079e-08
2.82338830287e-09	9.18672341754e-07
2.82704081037e-09	1.43228128024e-06
2.83069331788e-09	1.29836519136e-06
2.83434582539e-09	5.64134069236e-07
2.83799833289e-09	-4.6181335378e-07
2.8416508404e-09	-1.33629863797e-06
2.84530334791e-09	-1.67896374137e-06
2.84895585541e-09	-1.34411180852e-06
2.85260836292e-09	-4.85620493151e-07
2.85626087043e-09	5.18824773366e-07
2.85991337794e-09	1.24103132748e-06
2.86356588544e-09	1.39009415534e-06
2.86721839295e-09	9.26331196638e-07
2.87087090046e-09	6.20065847556e-08
2.87452340796e-09	-8.3927878336e-07
2.87817591547e-09	-1.41326961511e-06
2.88182842298e-09	-1.43693965526e-06
2.88548093048e-09	-9.12072593451e-07
2.88913343799e-09	-6.23171931835e-08
2.8927859455e-09	7.56323899509e-07
2.89643845301e-09	1.20243286972e-06
2.90009096051e-09	1.09461966247e-06
2.90374346802e-09	4.91135470071e-07
2.90739597553e-09	-3.38769218899e-07
2.91104848303e-09	-1.03889966852e-06
2.91470099054e-09	-1.32643903328e-06
2.91835349805e-09	-1.10902422534e-06
2.92200600555e-09	-5.07644056569e-07
2.92565851306e-09	2.1520486726e-07
2.92931102057e-09	7.74452445285e-07
2.93296352807e-09	9.72038634472e-07
2.93661603558e-09	7.57651008598e-07
2.94026854309e-09	2.31008055351e-07
2.9439210506e-09	-4.0231170928e-07
2.9475735581e-09	-9.03839790567e-07
2.95122606561e-09	-1.08582545977e-06
2.95487857312e-09	-8.8137454668e-07
2.95853108062e-09	-3.72963437911e-07
2.96218358813e-09	2.36486457084e-07
2.96583609564e-09	7.05830672132e-07
2.96948860314e-09	8.55788130139e-07
2.97314111065e-09	6.39008575831e-07
2.97679361816e-09	1.50429606549e-07
2.98044612566e-09	-4.2007791734e-07
2.98409863317e-09	-8.64984542659e-07
2.98775114068e-09	-1.03020695974e-06
2.99140364819e-09	-8.58186197661e-07
2.99505615569e-09	-4.03268888505e-07
2.9987086632e-09	1.8141457403e-07
3.00236117071e-09	6.84657095462e-07
3.00601367821e-09	9.0500800809e-07
3.00966618572e-09	7.31000241672e-07
3.01331869323e-09	2.03955536904e-07
3.01697120073e-09	-4.79722572777e-07
3.02062370824e-09	-1.0386511633e-06
3.02427621575e-09	-1.22661207058e-06
3.02792872326e-09	-9.45788215745e-07
3.03158123076e-09	-2.97950990102e-07
3.03523373827e-09	4.56218142375e-07
3.03888624578e-09	1.00544387749e-06
3.04253875328e-09	1.11627103649e-06
3.04619126079e-09	7.28542019601e-07
3.0498437683e-09	-1.68482721108e-08
3.0534962758e-09	-8.2706934279e-07
3.05714878331e-09	-1.36573714826e-06
3.06080129082e-09	-1.38761105006e-06
3.06445379832e-09	-8.51886554187e-07
3.06810630583e-09	4.02659310339e-08
3.07175881334e-09	9.12386084906e-07
3.07541132085e-09	1.37037055481e-06
3.07906382835e-09	1.18588842213e-06
3.08271633586e-09	4.1667036399e-07
3.08636884337e-09	-6.06549797055e-07
3.09002135087e-09	-1.42565777139e-06
3.09367385838e-09	-1.66731288687e-06
3.09732636589e-09	-1.21624614735e-06
3.10097887339e-09	-2.68052890107e-07
3.1046313809e-09	7.61200382726e-07
3.10828388841e-09	1.42010866e-06
3.11193639591e-09	1.41853715263e-06
3.11558890342e-09	7.51621982431e-07
3.11924141093e-09	-2.95918372473e-07
3.12289391844e-09	-1.26734265393e-06
3.12654642594e-09	-1.72836607248e-06
3.13019893345e-09	-1.46050892624e-06
3.13385144096e-09	-5.69516529936e-07
3.13750394846e-09	5.48170959291e-07
3.14115645597e-09	1.37919971621e-06
3.14480896348e-09	1.53344252851e-06
3.14846147098e-09	9.34340434355e-07
3.15211397849e-09	-1.38315975562e-07
3.155766486e-09	-1.18076253841e-06
3.15941899351e-09	-1.70900132446e-06
3.16307150101e-09	-1.48873310479e-06
3.16672400852e-09	-6.39411183556e-07
3.17037651603e-09	4.32830606911e-07
3.17402902353e-09	1.23240450023e-06
3.17768153104e-09	1.40323241737e-06
3.18133403855e-09	8.83352043957e-07
3.18498654605e-09	-7.54201519015e-08
3.18863905356e-09	-1.02609290309e-06
3.19229156107e-09	-1.52904476636e-06
3.19594406857e-09	-1.35278705216e-06
3.19959657608e-09	-5.83320620251e-07
3.20324908359e-09	4.09883892161e-07
3.2069015911e-09	1.14606537238e-06
3.2105540986e-09	1.26671731948e-06
3.21420660611e-09	7.17025173458e-07
3.21785911362e-09	-2.2263035504e-07
3.22151162112e-09	-1.0772704826e-06
3.22516412863e-09	-1.42048345708e-06
3.22881663614e-09	-1.0917404154e-06
3.23246914364e-09	-2.73078914148e-07
3.23612165115e-09	6.11592327004e-07
3.23977415866e-09	1.11706360428e-06
3.24342666616e-09	9.98374574124e-07
3.24707917367e-09	3.2541218431e-07
3.25073168118e-09	-5.59923975629e-07
3.25438418869e-09	-1.21412715259e-06
3.25803669619e-09	-1.30725712211e-06
3.2616892037e-09	-7.82041794878e-07
3.26534171121e-09	1.11923096568e-07
3.26899421871e-09	9.30743638605e-07
3.27264672622e-09	1.24848919825e-06
3.27629923373e-09	8.7458299447e-07
3.27995174123e-09	-3.34847065631e-08
3.28360424874e-09	-1.02828343529e-06
3.28725675625e-09	-1.58980387255e-06
3.29090926376e-09	-1.39623190876e-06
3.29456177126e-09	-5.06208444051e-07
3.29821427877e-09	6.52282992064e-07
3.30186678628e-09	1.49029546037e-06
3.30551929378e-09	1.55955656567e-06
3.30917180129e-09	7.87609792496e-07
3.3128243088e-09	-4.7464113706e-07
3.3164768163e-09	-1.6178404536e-06
3.32012932381e-09	-2.06918596746e-06
3.32378183132e-09	-1.57277693802e-06
3.32743433882e-09	-3.22330699021e-07
3.33108684633e-09	1.11401577385e-06
3.33473935384e-09	2.04800512904e-06
3.33839186135e-09	1.9941796694e-06
3.34204436885e-09	9.15039152005e-07
3.34569687636e-09	-7.30687887085e-07
3.34934938387e-09	-2.17575984607e-06
3.35300189137e-09	-2.69959792831e-06
3.35665439888e-09	-1.98785474481e-06
3.36030690639e-09	-3.15048751531e-07
3.36395941389e-09	1.55546432268e-06
3.3676119214e-09	2.72319454098e-06
3.37126442891e-09	2.58970445088e-06
3.37491693641e-09	1.164225921e-06
3.37856944392e-09	-9.20689799955e-07
3.38222195143e-09	-2.69605115477e-06
3.38587445894e-09	-3.31084706318e-06
3.38952696644e-09	-2.43727535576e-06
3.39317947395e-09	-4.35447311986e-07
3.39683198146e-09	1.79801685363e-06
3.40048448896e-09	3.22971973787e-06
3.40413699647e-09	3.16334907779e-06
3.40778950398e-09	1.57355437125e-06
3.41144201148e-09	-8.56122966297e-07
3.41509451899e-09	-3.02214087355e-06
3.4187470265e-09	-3.89951011925e-06
3.422399534e-09	-3.02977943534e-06
3.42605204151e-09	-7.61675892136e-07
3.42970454902e-09	1.88342488627e-06
3.43335705653e-09	3.6748719765e-06
3.43700956403e-09	3.75164975708e-06
3.44066207154e-09	2.04065072751e-06
3.44431457905e-09	-6.94810189827e-07
3.44796708655e-09	-3.20166412848e-06
3.45161959406e-09	-4.31723094607e-06
3.45527210157e-09	-3.50851578901e-06
3.45892460907e-09	-1.12248984863e-06
3.46257711658e-09	1.76740799418e-06
3.46622962409e-09	3.84539376341e-06
3.4698821316e-09	4.15001144916e-06
3.4735346391e-09	2.51631436754e-06
3.47718714661e-09	-3.35986403144e-07
3.48083965412e-09	-3.11669526809e-06
3.48449216162e-09	-4.54739955558e-06
3.48814466913e-09	-3.95169004719e-06
3.49179717664e-09	-1.58006713491e-06
3.49544968414e-09	1.49099821556e-06
3.49910219165e-09	3.85029571248e-06
3.50275469916e-09	4.40687199443e-06
3.50640720666e-09	2.89986635948e-06
3.51005971417e-09	2.16479634219e-08
3.51371222168e-09	-2.90532895519e-06
3.51736472919e-09	-4.54247043535e-06
3.52101723669e-09	-4.14986311625e-06
3.5246697442e-09	-1.91850949705e-06
3.52832225171e-09	1.12548887898e-06
3.53197475921e-09	3.59529693128e-06
3.53562726672e-09	4.37474631099e-06
3.53927977423e-09	3.12151598791e-06
3.54293228173e-09	4.18075327246e-07
3.54658478924e-09	-2.49653436413e-06
3.55023729675e-09	-4.29369643484e-06
3.55388980425e-09	-4.16294102479e-06
3.55754231176e-09	-2.1821172993e-06
3.56119481927e-09	7.22610806747e-07
3.56484732678e-09	3.21031532735e-06
3.56849983428e-09	4.14929533576e-06
3.57215234179e-09	3.1371951934e-06
3.5758048493e-09	6.75056384125e-07
3.5794573568e-09	-2.08183270445e-06
3.58310986431e-09	-3.87040685723e-06
3.58676237182e-09	-3.90181176613e-06
3.59041487932e-09	-2.20901370085e-06
3.59406738683e-09	3.91372385167e-07
3.59771989434e-09	2.69391409802e-06
3.60137240185e-09	3.6631154785e-06
3.60502490935e-09	2.89896982508e-06
3.60867741686e-09	8.01050234145e-07
3.61232992437e-09	-1.63498953043e-06
3.61598243187e-09	-3.28876728872e-06
3.61963493938e-09	-3.43092793287e-06
3.62328744689e-09	-2.04828546657e-06
3.62693995439e-09	1.70973198266e-07
3.6305924619e-09	2.17678137915e-06
3.63424496941e-09	3.0563145117e-06
3.63789747691e-09	2.45265405852e-06
3.64154998442e-09	7.10395681836e-07
3.64520249193e-09	-1.3139808317e-06
3.64885499944e-09	-2.67311258995e-06
3.65250750694e-09	-2.77411615457e-06
3.65616001445e-09	-1.63773539441e-06
3.65981252196e-09	1.4170386109e-07
3.66346502946e-09	1.70290851997e-06
3.66711753697e-09	2.33322444387e-06
3.67077004448e-09	1.79417307322e-06
3.67442255198e-09	4.08833638943e-07
3.67807505949e-09	-1.12027416321e-06
3.681727567e-09	-2.06288770244e-06
3.6853800745e-09	-2.00947995666e-06
3.68903258201e-09	-1.04985352323e-06
3.69268508952e-09	2.95794844618e-07
3.69633759703e-09	1.35193293715e-06
3.69999010453e-09	1.62351444999e-06
3.70364261204e-09	1.02946184199e-06
3.70729511955e-09	-7.89448613148e-08
3.71094762705e-09	-1.11408250802e-06
3.71460013456e-09	-1.55792152157e-06
3.71825264207e-09	-1.21883752513e-06
3.72190514957e-09	-3.15326033729e-07
3.72555765708e-09	6.52330072626e-07
3.72921016459e-09	1.17024904966e-06
3.7328626721e-09	9.78664473905e-07
3.7365151796e-09	2.0107103893e-07
3.74016768711e-09	-7.27909238663e-07
3.74382019462e-09	-1.29754083389e-06
3.74747270212e-09	-1.19424245781e-06
3.75112520963e-09	-4.68814029375e-07
3.75477771714e-09	4.89168041184e-07
3.75843022464e-09	1.15650441046e-06
3.76208273215e-09	1.15459519634e-06
3.76573523966e-09	4.55372994423e-07
3.76938774716e-09	-5.9478793446e-07
3.77304025467e-09	-1.4464677065e-06
3.77669276218e-09	-1.62942234283e-06
3.78034526969e-09	-1.00287022065e-06
3.78399777719e-09	1.55440130101e-07
3.7876502847e-09	1.27287469809e-06
3.79130279221e-09	1.76257471196e-06
3.79495529971e-09	1.32522309571e-06
3.79860780722e-09	1.20673480097e-07
3.80226031473e-09	-1.28641944741e-06
3.80591282223e-09	-2.1912672139e-06
3.80956532974e-09	-2.10057328331e-06
3.81321783725e-09	-9.95416300498e-07
3.81687034475e-09	6.31662757655e-07
3.82052285226e-09	1.99834992998e-06
3.82417535977e-09	2.41094448938e-06
3.82782786728e-09	1.6146682924e-06
3.83148037478e-09	-6.12107680098e-08
3.83513288229e-09	-1.84090087885e-06
3.8387853898e-09	-2.86479129841e-06
3.8424378973e-09	-2.60423519194e-06
3.84609040481e-09	-1.12821356879e-06
3.84974291232e-09	9.07849255327e-07
3.85339541982e-09	2.55404484051e-06
3.85704792733e-09	3.00856711988e-06
3.86070043484e-09	2.00605906286e-06
3.86435294234e-09	-3.57085259139e-08
3.86800544985e-09	-2.18650868078e-06
3.87165795736e-09	-3.4279713077e-06
3.87531046487e-09	-3.13694570764e-06
3.87896297237e-09	-1.39878281402e-06
3.88261547988e-09	1.00944956216e-06
3.88626798739e-09	2.9674360178e-06
3.88992049489e-09	3.53809761577e-06
3.8935730024e-09	2.41825256353e-06
3.89722550991e-09	9.62142294725e-08
3.90087801741e-09	-2.36502350504e-06
3.90453052492e-09	-3.818523993e-06
3.90818303243e-09	-3.57021946229e-06
3.91183553994e-09	-1.70730714899e-06
3.91548804744e-09	9.32908520213e-07
3.91914055495e-09	3.14100063292e-06
3.92279306246e-09	3.88923749028e-06
3.92644556996e-09	2.80869630842e-06
3.93009807747e-09	3.69952825707e-07
3.93375058498e-09	-2.32011015555e-06
3.93740309248e-09	-4.0198874558e-06
3.94105559999e-09	-3.92857984366e-06
3.9447081075e-09	-2.06622461008e-06
3.948360615e-09	7.23167474348e-07
3.95201312251e-09	3.15575275067e-06
3.95566563002e-09	4.10380070548e-06
3.95931813753e-09	3.1232180504e-06
3.96297064503e-09	6.61688588366e-07
3.96662315254e-09	-2.1492974156e-06
3.97027566005e-09	-4.01977396791e-06
3.97392816755e-09	-4.09601580031e-06
3.97758067506e-09	-2.34859123793e-06
3.98123318257e-09	4.20152968417e-07
3.98488569007e-09	2.94657107247e-06
3.98853819758e-09	4.08227134585e-06
3.99219070509e-09	3.31491537509e-06
3.99584321259e-09	9.98982073952e-07
3.9994957201e-09	-1.80638848235e-06
4.00314822761e-09	-3.82082188821e-06
4.00680073512e-09	-4.12858307186e-06
4.01045324262e-09	-2.5984878107e-06
4.01410575013e-09	5.75036587236e-08
4.01775825764e-09	2.61644063926e-06
4.02141076514e-09	3.91187583659e-06
4.02506327265e-09	3.37057346655e-06
4.02871578016e-09	1.26699393377e-06
4.03236828766e-09	-1.41720896352e-06
4.03602079517e-09	-3.4566647571e-06
4.03967330268e-09	-3.94389314806e-06
4.04332581019e-09	-2.6921360643e-06
4.04697831769e-09	-3.00887286642e-07
4.0506308252e-09	2.13243440328e-06
4.05428333271e-09	3.51654699671e-06
4.05793584021e-09	3.25337813933e-06
4.06158834772e-09	1.49582801612e-06
4.06524085523e-09	-9.35691275572e-07
4.06889336273e-09	-2.93461985734e-06
4.07254587024e-09	-3.6129272587e-06
4.07619837775e-09	-2.69794051633e-06
4.07985088525e-09	-6.43398351485e-07
4.08350339276e-09	1.5943665943e-06
4.08715590027e-09	3.00524436625e-06
4.09080840778e-09	2.98533441878e-06
4.09446091528e-09	1.59586939219e-06
4.09811342279e-09	-4.90865428304e-07
4.1017659303e-09	-2.31975940324e-06
4.1054184378e-09	-3.09304843427e-06
4.10907094531e-09	-2.51613164437e-06
4.11272345282e-09	-9.03137987507e-07
4.11637596032e-09	9.91877215029e-07
4.12002846783e-09	2.32648815768e-06
4.12368097534e-09	2.54311734693e-06
4.12733348284e-09	1.59904426766e-06
4.13098599035e-09	-3.81620779422e-08
4.13463849786e-09	-1.61935254539e-06
4.13829100537e-09	-2.45649289354e-06
4.14194351287e-09	-2.22411108552e-06
4.14559602038e-09	-1.08431559909e-06
4.14924852789e-09	4.124115911e-07
4.15290103539e-09	1.59458036819e-06
4.1565535429e-09	1.97420395409e-06
4.16020605041e-09	1.44766292465e-06
4.16385855791e-09	3.09182407676e-07
4.16751106542e-09	-9.11169451001e-07
4.17116357293e-09	-1.69544995288e-06
4.17481608044e-09	-1.75605033803e-06
4.17846858794e-09	-1.13266466428e-06
4.18212109545e-09	-1.41795029052e-07
4.18577360296e-09	7.81301324082e-07
4.18942611046e-09	1.27157834129e-06
4.19307861797e-09	1.17504575314e-06
4.19673112548e-09	5.88311166894e-07
4.20038363298e-09	-2.08216912156e-07
4.20403614049e-09	-8.82913454348e-07
4.207688648e-09	-1.19157823519e-06
4.2113411555e-09	-1.06203978589e-06
4.21499366301e-09	-5.96205865122e-07
4.21864617052e-09	-2.25960761213e-09
4.22229867803e-09	4.99541226162e-07
4.22595118553e-09	7.55758861715e-07
4.22960369304e-09	7.13828825383e-07
4.23325620055e-09	4.14681320393e-07
4.23690870805e-09	-3.64400847275e-08
4.24056121556e-09	-5.01972518663e-07
4.24421372307e-09	-8.42572333681e-07
4.24786623057e-09	-9.46306116134e-07
4.25151873808e-09	-7.61376895753e-07
4.25517124559e-09	-3.24150477127e-07
4.25882375309e-09	2.34889331097e-07
4.2624762606e-09	7.20593050119e-07
4.26612876811e-09	9.36501010074e-07
4.26978127562e-09	7.64140580145e-07
4.27343378312e-09	2.25927113462e-07
4.27708629063e-09	-5.01406770326e-07
4.28073879814e-09	-1.1361845651e-06
4.28439130564e-09	-1.39721672099e-06
4.28804381315e-09	-1.12740444536e-06
4.29169632066e-09	-3.83258104364e-07
4.29534882816e-09	5.59871907058e-07
4.29900133567e-09	1.30258678155e-06
4.30265384318e-09	1.49088617718e-06
4.30630635068e-09	9.86466545783e-07
4.30995885819e-09	-4.41543228646e-08
4.3136113657e-09	-1.17689185686e-06
4.31726387321e-09	-1.90438096581e-06
4.32091638071e-09	-1.86640637878e-06
4.32456888822e-09	-1.02805967117e-06
4.32822139573e-09	2.81317813489e-07
4.33187390323e-09	1.49646247394e-06
4.33552641074e-09	2.06098478372e-06
4.33917891825e-09	1.6825832887e-06
4.34283142575e-09	4.81637147942e-07
4.34648393326e-09	-1.04033230741e-06
4.35013644077e-09	-2.20839501708e-06
4.35378894828e-09	-2.47375712092e-06
4.35744145578e-09	-1.67273778118e-06
4.36109396329e-09	-1.22696757643e-07
4.3647464708e-09	1.50054209769e-06
4.3683989783e-09	2.45836250201e-06
4.37205148581e-09	2.28858820606e-06
4.37570399332e-09	1.03068114754e-06
4.37935650082e-09	-7.75049642243e-07
4.38300900833e-09	-2.32151882074e-06
4.38666151584e-09	-2.8988215206e-06
4.39031402334e-09	-2.22203493649e-06
4.39396653085e-09	-5.71041105957e-07
4.39761903836e-09	1.32655442542e-06
4.40127154587e-09	2.61775934973e-06
4.40492405337e-09	2.70840493499e-06
4.40857656088e-09	1.537007293e-06
4.41222906839e-09	-3.8757683285e-07
4.41588157589e-09	-2.20741631551e-06
4.4195340834e-09	-3.09844458002e-06
4.42318659091e-09	-2.64570113018e-06
4.42683909841e-09	-1.03943611407e-06
4.43049160592e-09	1.00351691401e-06
4.43414411343e-09	2.56167757584e-06
4.43779662093e-09	2.92808843483e-06
4.44144912844e-09	1.93455819897e-06
4.44510163595e-09	3.0159970521e-08
4.44875414346e-09	-1.92489805784e-06
4.45240665096e-09	-3.05135827716e-06
4.45605915847e-09	-2.84921583216e-06
4.45971166598e-09	-1.4196937741e-06
4.46336417348e-09	5.86196804875e-07
4.46701668099e-09	2.26695846095e-06
4.4706691885e-09	2.87646642505e-06
4.474321696e-09	2.15632563538e-06
4.47797420351e-09	4.45079802347e-07
4.48162671102e-09	-1.48003573486e-06
4.48527921853e-09	-2.75726173982e-06
4.48893172603e-09	-2.82788749928e-06
4.49258423354e-09	-1.68376308807e-06
4.49623674105e-09	1.38500318769e-07
4.49988924855e-09	1.80964732976e-06
4.50354175606e-09	2.58903440908e-06
4.50719426357e-09	2.15681505722e-06
