% time-domain current integration by openEMS v0.0.36-93-g7b9cd51 @Thu Sep 24 15:53:26 2026
% start-coordinates: (0.05825,-0.0023,0.000338199) m -> [74,1,6]
% stop-coordinates: (0.0583,0.0006,0.000338199) m -> [75,4,6]
% t/s	current
2.25463426354e-14	0
3.67505384958e-12	0
7.32756135652e-12	0
1.09800688635e-11	0
1.46325763704e-11	0
1.82850838773e-11	0
2.19375913843e-11	2.53103941135e-37
2.55900988912e-11	2.41293321317e-33
2.92426063982e-11	1.95464360384e-30
3.28951139051e-11	4.60055745094e-28
3.65476214121e-11	4.35518118785e-26
4.0200128919e-11	2.04344675065e-24
4.38526364259e-11	5.49390439191e-23
4.75051439329e-11	9.42554738494e-22
5.11576514398e-11	1.11855126747e-20
5.48101589468e-11	9.77031747594e-20
5.84626664537e-11	6.59605504376e-19
6.21151739607e-11	3.57879857457e-18
6.57676814676e-11	1.61029599039e-17
6.94201889745e-11	6.16055929914e-17
7.30726964815e-11	2.04187681324e-16
7.67252039884e-11	5.93452670428e-16
8.03777114954e-11	1.51850899883e-15
8.40302190023e-11	3.3940455613e-15
8.76827265093e-11	6.42329139639e-15
9.13352340162e-11	9.29158551315e-15
9.49877415231e-11	5.50487855915e-15
9.86402490301e-11	-2.52385528384e-14
1.02292756537e-10	-1.35027622764e-13
1.05945264044e-10	-4.41610127373e-13
1.09597771551e-10	-1.18664344843e-12
1.13250279058e-10	-2.82728181145e-12
1.16902786565e-10	-6.16696190642e-12
1.20555294072e-10	-1.25216217603e-11
1.24207801579e-10	-2.38979287748e-11
1.27860309086e-10	-4.31269880918e-11
1.31512816593e-10	-7.38478861395e-11
1.351653241e-10	-1.20170220996e-10
1.38817831606e-10	-1.85767373706e-10
1.42470339113e-10	-2.72070505014e-10
1.4612284662e-10	-3.75166731015e-10
1.49775354127e-10	-4.80968043171e-10
1.53427861634e-10	-5.58259771744e-10
1.57080369141e-10	-5.49375600567e-10
1.60732876648e-10	-3.58535479084e-10
1.64385384155e-10	1.61658741948e-10
1.68037891662e-10	1.22443921668e-09
1.71690399169e-10	3.12190739926e-09
1.75342906676e-10	6.23416074319e-09
1.78995414183e-10	1.10310658386e-08
1.8264792169e-10	1.80626855695e-08
1.86300429197e-10	2.79343090881e-08
1.89952936704e-10	4.12622824797e-08
1.93605444211e-10	5.86081370102e-08
1.97257951718e-10	8.03896682555e-08
2.00910459224e-10	1.06770521313e-07
2.04562966731e-10	1.37531984024e-07
2.08215474238e-10	1.71935568005e-07
2.11867981745e-10	2.08586726558e-07
2.15520489252e-10	2.45316840619e-07
2.19172996759e-10	2.79102152945e-07
2.22825504266e-10	3.06038941744e-07
2.26478011773e-10	3.21398829328e-07
2.3013051928e-10	3.19776006563e-07
2.33783026787e-10	2.95339617651e-07
2.37435534294e-10	2.42188519906e-07
2.41088041801e-10	1.54797518803e-07
2.44740549308e-10	2.85308772163e-08
2.48393056815e-10	-1.39806616062e-07
2.52045564322e-10	-3.5142301158e-07
2.55698071829e-10	-6.05041122981e-07
2.59350579336e-10	-8.9649495294e-07
2.63003086842e-10	-1.21847642731e-06
2.66655594349e-10	-1.56047872224e-06
2.70308101856e-10	-1.90898163055e-06
2.73960609363e-10	-2.24791892833e-06
2.7761311687e-10	-2.55942222793e-06
2.81265624377e-10	-2.82483460978e-06
2.84918131884e-10	-3.02592525259e-06
2.88570639391e-10	-3.14621183861e-06
2.92223146898e-10	-3.17227863889e-06
2.95875654405e-10	-3.09497477247e-06
2.99528161912e-10	-2.91038554678e-06
3.03180669419e-10	-2.62050571109e-06
3.06833176926e-10	-2.23355823437e-06
3.10485684433e-10	-1.76393200491e-06
3.1413819194e-10	-1.23170821098e-06
3.17790699447e-10	-6.61773981392e-07
3.21443206954e-10	-8.24882704364e-08
3.2509571446e-10	4.7604385145e-07
3.28748221967e-10	9.84018129202e-07
3.32400729474e-10	1.41415046073e-06
3.36053236981e-10	1.74382194018e-06
3.39705744488e-10	1.95690790861e-06
3.43358251995e-10	2.04506682167e-06
3.47010759502e-10	2.00834801944e-06
3.50663267009e-10	1.85507053629e-06
3.54315774516e-10	1.60110198522e-06
3.57968282023e-10	1.26866154915e-06
3.6162078953e-10	8.8479760052e-07
3.65273297037e-10	4.79656080188e-07
3.68925804544e-10	8.45222487555e-08
3.72578312051e-10	-2.70361766752e-07
3.76230819558e-10	-5.58159570119e-07
3.79883327065e-10	-7.57852774314e-07
3.83535834572e-10	-8.56389874571e-07
3.87188342079e-10	-8.50168817124e-07
3.90840849585e-10	-7.455084301e-07
3.94493357092e-10	-5.57895418751e-07
3.98145864599e-10	-3.10087671096e-07
4.01798372106e-10	-2.94585120741e-08
4.05450879613e-10	2.5488702704e-07
4.0910338712e-10	5.14721421041e-07
4.12755894627e-10	7.24697372334e-07
4.16408402134e-10	8.63755190039e-07
4.20060909641e-10	9.16186877475e-07
4.23713417148e-10	8.72675741448e-07
4.27365924655e-10	7.31477712179e-07
4.31018432162e-10	4.99583279634e-07
4.34670939669e-10	1.93381453073e-07
4.38323447176e-10	-1.61798084264e-07
4.41975954683e-10	-5.33683476078e-07
4.4562846219e-10	-8.86600446393e-07
4.49280969697e-10	-1.18597051824e-06
4.52933477203e-10	-1.40274903515e-06
4.5658598471e-10	-1.51673850723e-06
4.60238492217e-10	-1.51804670168e-06
4.63890999724e-10	-1.40661995829e-06
4.67543507231e-10	-1.19047206226e-06
4.71196014738e-10	-8.83646123384e-07
4.74848522245e-10	-5.0482884717e-07
4.78501029752e-10	-7.70051400423e-08
4.82153537259e-10	3.72216732103e-07
4.85806044766e-10	8.10616597846e-07
4.89458552273e-10	1.20276899906e-06
4.9311105978e-10	1.51341271248e-06
4.96763567287e-10	1.71243800651e-06
5.00416074794e-10	1.78019058694e-06
5.04068582301e-10	1.71135968685e-06
5.07721089808e-10	1.51598101183e-06
5.11373597315e-10	1.21703908462e-06
5.15026104821e-10	8.45437739372e-07
5.18678612328e-10	4.34109608705e-07
5.22331119835e-10	1.33152298076e-08
5.25983627342e-10	-3.91427818158e-07
5.29636134849e-10	-7.58624310038e-07
5.33288642356e-10	-1.06850677639e-06
5.36941149863e-10	-1.30116279706e-06
5.4059365737e-10	-1.436903176e-06
5.44246164877e-10	-1.45954959407e-06
5.47898672384e-10	-1.36167545861e-06
5.51551179891e-10	-1.14958186259e-06
5.55203687398e-10	-8.45458430376e-07
5.58856194905e-10	-4.85073485379e-07
5.62508702412e-10	-1.11162982819e-07
5.66161209919e-10	2.35466643517e-07
5.69813717426e-10	5.23980872913e-07
5.73466224933e-10	7.3781404808e-07
5.7711873244e-10	8.73855242389e-07
5.80771239946e-10	9.37349284413e-07
5.84423747453e-10	9.35193497753e-07
5.8807625496e-10	8.70985445545e-07
5.91728762467e-10	7.44287376619e-07
5.95381269974e-10	5.54480720893e-07
5.99033777481e-10	3.07213241513e-07
6.02686284988e-10	1.99322158778e-08
6.06338792495e-10	-2.76888442841e-07
6.09991300002e-10	-5.44406532299e-07
6.13643807509e-10	-7.44829662835e-07
6.17296315016e-10	-8.52060168199e-07
6.20948822523e-10	-8.59201918502e-07
6.2460133003e-10	-7.79639208304e-07
6.28253837537e-10	-6.41084625386e-07
6.31906345044e-10	-4.75056111782e-07
6.35558852551e-10	-3.06241105363e-07
6.39211360058e-10	-1.46258997802e-07
6.42863867564e-10	5.65642110928e-09
6.46516375071e-10	1.55720101702e-07
6.50168882578e-10	3.06002988282e-07
6.53821390085e-10	4.47115127145e-07
6.57473897592e-10	5.57161285997e-07
6.61126405099e-10	6.08084349096e-07
6.64778912606e-10	5.76946263209e-07
6.68431420113e-10	4.57135826082e-07
6.7208392762e-10	2.64159638164e-07
6.75736435127e-10	3.28615143985e-08
6.79388942634e-10	-1.93263332449e-07
6.83041450141e-10	-3.76385685286e-07
6.86693957648e-10	-4.96226732594e-07
6.90346465155e-10	-5.54433199795e-07
6.93998972662e-10	-5.69701853692e-07
6.97651480169e-10	-5.66048242945e-07
7.01303987676e-10	-5.59705085834e-07
7.04956495182e-10	-5.50741788174e-07
7.08609002689e-10	-5.23330811575e-07
7.12261510196e-10	-4.54606521316e-07
7.15914017703e-10	-3.28039703845e-07
7.1956652521e-10	-1.44994146467e-07
7.23219032717e-10	7.12609420361e-08
7.26871540224e-10	2.81482442688e-07
7.30524047731e-10	4.44181949888e-07
7.34176555238e-10	5.31262060122e-07
7.37829062745e-10	5.38561380381e-07
7.41481570252e-10	4.86457565785e-07
7.45134077759e-10	4.10157070974e-07
7.48786585266e-10	3.44015177234e-07
7.52439092773e-10	3.06960316721e-07
7.5609160028e-10	2.95562983865e-07
7.59744107787e-10	2.87736696691e-07
7.63396615294e-10	2.55182442288e-07
7.67049122801e-10	1.78733813527e-07
7.70701630307e-10	5.9454485779e-08
7.74354137814e-10	-7.97187809098e-08
7.78006645321e-10	-2.02710907615e-07
7.81659152828e-10	-2.75615946066e-07
7.85311660335e-10	-2.81679263026e-07
7.88964167842e-10	-2.29037596e-07
7.92616675349e-10	-1.47485138768e-07
7.96269182856e-10	-7.55340749947e-08
7.99921690363e-10	-4.35638511931e-08
8.0357419787e-10	-6.07631776006e-08
8.07226705377e-10	-1.11849971063e-07
8.10879212884e-10	-1.64981130979e-07
8.14531720391e-10	-1.87060777534e-07
8.18184227898e-10	-1.5928659991e-07
8.21836735405e-10	-8.58120330349e-08
8.25489242912e-10	8.25647727964e-09
8.29141750419e-10	8.83857893541e-08
8.32794257925e-10	1.26256423982e-07
8.36446765432e-10	1.12382011253e-07
8.40099272939e-10	6.00641527626e-08
8.43751780446e-10	-1.03253616768e-09
8.47404287953e-10	-3.87313932038e-08
8.5105679546e-10	-3.32835554673e-08
8.54709302967e-10	1.34837216947e-08
8.58361810474e-10	7.90748302393e-08
8.62014317981e-10	1.30902847673e-07
8.65666825488e-10	1.4156299244e-07
8.69319332995e-10	1.01593848001e-07
8.72971840502e-10	2.37855957153e-08
8.76624348009e-10	-6.28054550589e-08
8.80276855516e-10	-1.26042166926e-07
8.83929363023e-10	-1.44736134189e-07
8.8758187053e-10	-1.17092881169e-07
8.91234378037e-10	-6.00593921263e-08
8.94886885543e-10	-3.88064719248e-10
8.9853939305e-10	3.81031384222e-08
9.02191900557e-10	4.51663311196e-08
9.05844408064e-10	2.79671965586e-08
9.09496915571e-10	6.62832233544e-09
9.13149423078e-10	3.71308894742e-09
9.16801930585e-10	3.26264313344e-08
9.20454438092e-10	9.04219206177e-08
9.24106945599e-10	1.5847456325e-07
9.27759453106e-10	2.10713707816e-07
9.31411960613e-10	2.2541004796e-07
9.3506446812e-10	1.94751436311e-07
9.38716975627e-10	1.27636141656e-07
9.42369483134e-10	4.46508821028e-08
9.46021990641e-10	-3.18472217486e-08
9.49674498148e-10	-8.73872991747e-08
9.53327005655e-10	-1.20167399587e-07
9.56979513162e-10	-1.3917843944e-07
9.60632020668e-10	-1.57284731017e-07
9.64284528175e-10	-1.83101178663e-07
9.67937035682e-10	-2.15692352867e-07
9.71589543189e-10	-2.44480077072e-07
9.75242050696e-10	-2.54207691341e-07
9.78894558203e-10	-2.32519113297e-07
9.8254706571e-10	-1.76509331595e-07
9.86199573217e-10	-9.50037417624e-08
9.89852080724e-10	-5.28143928591e-09
9.93504588231e-10	7.4304871589e-08
9.97157095738e-10	1.32097881078e-07
1.00080960324e-09	1.67199530665e-07
1.00446211075e-09	1.87633276028e-07
1.00811461826e-09	2.03700849966e-07
1.01176712577e-09	2.20441989995e-07
1.01541963327e-09	2.33639525504e-07
1.01907214078e-09	2.31733210398e-07
1.02272464829e-09	2.0256882749e-07
1.02637715579e-09	1.41166196954e-07
1.0300296633e-09	5.42239995127e-08
1.03368217081e-09	-4.10801206385e-08
1.03733467831e-09	-1.23467742696e-07
1.04098718582e-09	-1.76113786665e-07
1.04463969333e-09	-1.93425918837e-07
1.04829220084e-09	-1.82899839274e-07
1.05194470834e-09	-1.61020096812e-07
1.05559721585e-09	-1.44793304457e-07
1.05924972336e-09	-1.42723649788e-07
1.06290223086e-09	-1.49763039303e-07
1.06655473837e-09	-1.49327632926e-07
1.07020724588e-09	-1.22112439271e-07
1.07385975338e-09	-5.76371519401e-08
1.07751226089e-09	3.75671866948e-08
1.0811647684e-09	1.40025647966e-07
1.0848172759e-09	2.18374538008e-07
1.08846978341e-09	2.47269724696e-07
1.09212229092e-09	2.19242423327e-07
1.09577479843e-09	1.48490158836e-07
1.09942730593e-09	6.46663380621e-08
1.10307981344e-09	-3.86064513691e-10
1.10673232095e-09	-2.67607465076e-08
1.11038482845e-09	-1.50588732595e-08
1.11403733596e-09	1.44238807565e-08
1.11768984347e-09	3.16689074964e-08
1.12134235097e-09	1.18534302374e-08
1.12499485848e-09	-5.135086667e-08
1.12864736599e-09	-1.40474995192e-07
1.13229987349e-09	-2.20227789782e-07
1.135952381e-09	-2.52901742215e-07
1.13960488851e-09	-2.1647649362e-07
1.14325739602e-09	-1.16588736887e-07
1.14690990352e-09	1.40947218341e-08
1.15056241103e-09	1.29521993131e-07
1.15421491854e-09	1.90697960534e-07
1.15786742604e-09	1.83078739724e-07
1.16151993355e-09	1.22531218949e-07
1.16517244106e-09	4.71448515782e-08
1.16882494856e-09	-1.01446495648e-09
1.17247745607e-09	4.37550706778e-09
1.17612996358e-09	6.16050499502e-08
1.17978247108e-09	1.4144062277e-07
1.18343497859e-09	2.00185667154e-07
1.1870874861e-09	1.99747404395e-07
1.19073999361e-09	1.26021845404e-07
1.19439250111e-09	-2.78603096149e-09
1.19804500862e-09	-1.42327237995e-07
1.20169751613e-09	-2.40833173848e-07
1.20535002363e-09	-2.62288580188e-07
1.20900253114e-09	-2.03162272783e-07
1.21265503865e-09	-9.43243492202e-08
1.21630754615e-09	1.32217436999e-08
1.21996005366e-09	7.2089633818e-08
1.22361256117e-09	6.03023480039e-08
1.22726506868e-09	-9.23578813428e-09
1.23091757618e-09	-9.57137515911e-08
1.23457008369e-09	-1.50059008774e-07
1.2382225912e-09	-1.37875460382e-07
1.2418750987e-09	-5.5339288707e-08
1.24552760621e-09	6.86918184556e-08
1.24918011372e-09	1.85049330526e-07
1.25283262122e-09	2.45724265824e-07
1.25648512873e-09	2.25232156481e-07
1.26013763624e-09	1.32471782877e-07
1.26379014374e-09	7.39620542589e-09
1.26744265125e-09	-9.65895452509e-08
1.27109515876e-09	-1.36831431519e-07
1.27474766627e-09	-1.00932403768e-07
1.27840017377e-09	-1.20866063824e-08
1.28205268128e-09	8.24671957389e-08
1.28570518879e-09	1.34209145131e-07
1.28935769629e-09	1.16154083685e-07
1.2930102038e-09	3.48656783444e-08
1.29666271131e-09	-7.3497076869e-08
1.30031521881e-09	-1.60451918418e-07
1.30396772632e-09	-1.87273059282e-07
1.30762023383e-09	-1.41912366303e-07
1.31127274133e-09	-4.37369429562e-08
1.31492524884e-09	6.54234284525e-08
1.31857775635e-09	1.39786251907e-07
1.32223026386e-09	1.49709649122e-07
1.32588277136e-09	9.46668521351e-08
1.32953527887e-09	3.21313819995e-09
1.33318778638e-09	-8.03500910251e-08
1.33684029388e-09	-1.16682812745e-07
1.34049280139e-09	-8.97363747754e-08
1.3441453089e-09	-1.38087745682e-08
1.3477978164e-09	7.40396757237e-08
1.35145032391e-09	1.32194529101e-07
1.35510283142e-09	1.34082071668e-07
1.35875533893e-09	7.96768446776e-08
1.36240784643e-09	-5.95055471564e-09
1.36606035394e-09	-8.53419876989e-08
1.36971286145e-09	-1.25907206439e-07
1.37336536895e-09	-1.1376795328e-07
1.37701787646e-09	-5.85955959309e-08
1.38067038397e-09	1.18902319102e-08
1.38432289147e-09	6.48607780818e-08
1.38797539898e-09	7.70696999552e-08
1.39162790649e-09	4.49918786671e-08
1.39528041399e-09	-1.40623370726e-08
1.3989329215e-09	-7.047540862e-08
1.40258542901e-09	-9.65940429865e-08
1.40623793652e-09	-7.98403476665e-08
1.40989044402e-09	-2.81618532938e-08
1.41354295153e-09	3.47821256241e-08
1.41719545904e-09	8.1870176416e-08
1.42084796654e-09	9.55715080408e-08
1.42450047405e-09	7.51934621235e-08
1.42815298156e-09	3.53026265998e-08
1.43180548906e-09	-2.85805268341e-09
1.43545799657e-09	-2.1953177054e-08
1.43911050408e-09	-1.59634012675e-08
1.44276301158e-09	8.42511749255e-09
1.44641551909e-09	3.61923220282e-08
1.4500680266e-09	5.15744389418e-08
1.45372053411e-09	4.53913884257e-08
1.45737304161e-09	1.90350704088e-08
1.46102554912e-09	-1.6549003945e-08
1.46467805663e-09	-4.64462459604e-08
1.46833056413e-09	-5.92782214426e-08
1.47198307164e-09	-5.27978727405e-08
1.47563557915e-09	-3.4485399425e-08
1.47928808665e-09	-1.6746168896e-08
1.48294059416e-09	-9.47975475896e-09
1.48659310167e-09	-1.44393315082e-08
1.49024560918e-09	-2.47226665806e-08
1.49389811668e-09	-2.95058804056e-08
1.49755062419e-09	-2.09529531503e-08
1.5012031317e-09	9.26671184232e-10
1.5048556392e-09	2.81785350609e-08
1.50850814671e-09	4.92983396327e-08
1.51216065422e-09	5.54144747866e-08
1.51581316172e-09	4.48856454227e-08
1.51946566923e-09	2.41218067742e-08
1.52311817674e-09	4.40600178564e-09
1.52677068424e-09	-3.71392872012e-09
1.53042319175e-09	4.10397049677e-09
1.53407569926e-09	2.3241371494e-08
1.53772820677e-09	4.17158716459e-08
1.54138071427e-09	4.58683224736e-08
1.54503322178e-09	2.77385829861e-08
1.54868572929e-09	-9.64372670609e-09
1.55233823679e-09	-5.23126644225e-08
1.5559907443e-09	-8.14259095705e-08
1.55964325181e-09	-8.26367596574e-08
1.56329575931e-09	-5.3878888906e-08
1.56694826682e-09	-7.20299553336e-09
1.57060077433e-09	3.66029553334e-08
1.57425328183e-09	5.80032235575e-08
1.57790578934e-09	4.82536499646e-08
1.58155829685e-09	1.37385303134e-08
1.58521080436e-09	-2.6970806033e-08
1.58886331186e-09	-5.18690690399e-08
1.59251581937e-09	-4.59912747885e-08
1.59616832688e-09	-8.83072281965e-09
1.59982083438e-09	4.47386625524e-08
1.60347334189e-09	9.06645851728e-08
1.6071258494e-09	1.06552931811e-07
1.6107783569e-09	8.23646928438e-08
1.61443086441e-09	2.5889777433e-08
1.61808337192e-09	-3.99776709514e-08
1.62173587943e-09	-8.73582095551e-08
1.62538838693e-09	-9.63432142953e-08
1.62904089444e-09	-6.45416093903e-08
1.63269340195e-09	-8.41771186089e-09
1.63634590945e-09	4.44067502769e-08
1.63999841696e-09	6.82320973056e-08
1.64365092447e-09	5.14605176249e-08
1.64730343197e-09	2.07879558012e-09
1.65095593948e-09	-5.60708528496e-08
1.65460844699e-09	-9.43993256897e-08
1.65826095449e-09	-9.28792616151e-08
1.661913462e-09	-4.944136478e-08
1.66556596951e-09	1.88153954639e-08
1.66921847702e-09	8.31907414067e-08
1.67287098452e-09	1.16341780654e-07
1.67652349203e-09	1.047324929e-07
1.68017599954e-09	5.48226708474e-08
1.68382850704e-09	-9.94982407576e-09
1.68748101455e-09	-6.00477179091e-08
1.69113352206e-09	-7.35039407118e-08
1.69478602956e-09	-4.5961812134e-08
1.69843853707e-09	7.59707319276e-09
1.70209104458e-09	6.01489844598e-08
1.70574355208e-09	8.54254977867e-08
1.70939605959e-09	7.01646456491e-08
1.7130485671e-09	2.01536920486e-08
1.71670107461e-09	-4.26243360607e-08
1.72035358211e-09	-9.02885375353e-08
1.72400608962e-09	-1.01941530772e-07
1.72765859713e-09	-7.31440081836e-08
1.73131110463e-09	-1.7634995686e-08
1.73496361214e-09	3.93811703248e-08
1.73861611965e-09	7.30945259875e-08
1.74226862715e-09	7.04284985886e-08
1.74592113466e-09	3.5558901601e-08
1.74957364217e-09	-1.27686039519e-08
1.75322614967e-09	-5.05467987466e-08
1.75687865718e-09	-5.98253180328e-08
1.76053116469e-09	-3.67222661168e-08
1.7641836722e-09	7.37235428261e-09
1.7678361797e-09	5.16164142539e-08
1.77148868721e-09	7.56055769102e-08
1.77514119472e-09	6.87109746877e-08
1.77879370222e-09	3.46571340515e-08
1.78244620973e-09	-1.06265165556e-08
1.78609871724e-09	-4.67597374154e-08
1.78975122474e-09	-5.85549386756e-08
1.79340373225e-09	-4.29323918638e-08
1.79705623976e-09	-9.79781233923e-09
1.80070874727e-09	2.34103278984e-08
1.80436125477e-09	4.05984224017e-08
1.80801376228e-09	3.47319222271e-08
1.81166626979e-09	1.05811270856e-08
1.81531877729e-09	-1.85325319535e-08
1.8189712848e-09	-3.78882063501e-08
1.82262379231e-09	-3.85384950619e-08
1.82627629981e-09	-2.10487556274e-08
1.82992880732e-09	5.58516566329e-09
1.83358131483e-09	2.88088699563e-08
1.83723382233e-09	3.85839555861e-08
1.84088632984e-09	3.18662429777e-08
1.84453883735e-09	1.36189530764e-08
1.84819134486e-09	-5.95893556721e-09
1.85184385236e-09	-1.66700555582e-08
1.85549635987e-09	-1.35305020521e-08
1.85914886738e-09	6.88463674958e-10
1.86280137488e-09	1.70586087478e-08
1.86645388239e-09	2.55319783093e-08
1.8701063899e-09	2.06750918608e-08
1.8737588974e-09	4.78394213133e-09
1.87741140491e-09	-1.35059394779e-08
1.88106391242e-09	-2.42898750002e-08
1.88471641992e-09	-2.20895852721e-08
1.88836892743e-09	-8.80993944463e-09
1.89202143494e-09	7.60909912856e-09
1.89567394245e-09	1.78025256758e-08
1.89932644995e-09	1.60773350188e-08
1.90297895746e-09	3.27586979765e-09
1.90663146497e-09	-1.3803854948e-08
1.91028397247e-09	-2.58492605099e-08
1.91393647998e-09	-2.55901486668e-08
1.91758898749e-09	-1.14736433687e-08
1.92124149499e-09	1.11376543543e-08
1.9248940025e-09	3.19801856108e-08
1.92854651001e-09	4.05868192388e-08
1.93219901752e-09	3.17381321224e-08
1.93585152502e-09	8.86459616822e-09
1.93950403253e-09	-1.68695333258e-08
1.94315654004e-09	-3.19351585176e-08
1.94680904754e-09	-2.77004978955e-08
1.95046155505e-09	-5.51464207632e-09
1.95411406256e-09	2.35141861538e-08
1.95776657006e-09	4.4171628133e-08
1.96141907757e-09	4.51213999497e-08
1.96507158508e-09	2.48070044506e-08
1.96872409258e-09	-7.80363329511e-09
1.97237660009e-09	-3.77364663962e-08
1.9760291076e-09	-5.12145561515e-08
1.97968161511e-09	-4.19941166285e-08
1.98333412261e-09	-1.41255185326e-08
1.98698663012e-09	1.98060909895e-08
1.99063913763e-09	4.41377636662e-08
1.99429164513e-09	4.71469085994e-08
1.99794415264e-09	2.67629509665e-08
2.00159666015e-09	-7.75897301963e-09
2.00524916765e-09	-3.95591719382e-08
2.00890167516e-09	-5.21412388821e-08
2.01255418267e-09	-3.78912830001e-08
2.01620669017e-09	-2.56073473537e-09
2.01985919768e-09	3.71215200801e-08
2.02351170519e-09	6.17980830953e-08
2.0271642127e-09	5.93895315149e-08
2.0308167202e-09	3.11876924286e-08
2.03446922771e-09	-9.04036134841e-09
2.03812173522e-09	-4.21640962145e-08
2.04177424272e-09	-5.30454293823e-08
2.04542675023e-09	-3.74473181353e-08
2.04907925774e-09	-3.52532225634e-09
2.05273176524e-09	3.22739595049e-08
2.05638427275e-09	5.27700763087e-08
2.06003678026e-09	4.78049955177e-08
2.06368928777e-09	1.90288282909e-08
2.06734179527e-09	-2.04351540134e-08
2.07099430278e-09	-5.17003755363e-08
2.07464681029e-09	-5.90505955245e-08
2.07829931779e-09	-3.79904392389e-08
2.0819518253e-09	1.90007187761e-09
2.08560433281e-09	4.13204048755e-08
2.08925684031e-09	6.09642114568e-08
2.09290934782e-09	5.15193221418e-08
2.09656185533e-09	1.84633659472e-08
2.10021436283e-09	-2.09570121257e-08
2.10386687034e-09	-4.67843683793e-08
2.10751937785e-09	-4.64330653926e-08
2.11117188536e-09	-2.05937702447e-08
2.11482439286e-09	1.76407510821e-08
2.11847690037e-09	4.94544245555e-08
2.12212940788e-09	5.9268860042e-08
2.12578191538e-09	4.19039096755e-08
2.12943442289e-09	4.96701568764e-09
2.1330869304e-09	-3.44702719701e-08
2.1367394379e-09	-5.76193279755e-08
2.14039194541e-09	-5.29434984742e-08
2.14404445292e-09	-2.22093632374e-08
2.14769696042e-09	1.96793159546e-08
2.15134946793e-09	5.16279037299e-08
2.15500197544e-09	5.70152920432e-08
2.15865448295e-09	3.25789386579e-08
2.16230699045e-09	-9.45817113518e-09
2.16595949796e-09	-4.74772612336e-08
2.16961200547e-09	-6.16244761886e-08
2.17326451297e-09	-4.40585239403e-08
2.17691702048e-09	-2.88721624386e-09
2.18056952799e-09	4.20385326549e-08
2.18422203549e-09	6.90049830609e-08
2.187874543e-09	6.49197176017e-08
2.19152705051e-09	3.14471613194e-08
2.19517955801e-09	-1.57947255275e-08
2.19883206552e-09	-5.44151106396e-08
2.20248457303e-09	-6.56132783661e-08
2.20613708054e-09	-4.31955271551e-08
2.20978958804e-09	2.89599388914e-09
2.21344209555e-09	5.05931545547e-08
2.21709460306e-09	7.5938999089e-08
2.22074711056e-09	6.49886473525e-08
2.22439961807e-09	2.14149569189e-08
2.22805212558e-09	-3.4489506362e-08
2.23170463308e-09	-7.54326663355e-08
2.23535714059e-09	-8.0723800977e-08
2.2390096481e-09	-4.68520902075e-08
2.24266215561e-09	1.0495078584e-08
2.24631466311e-09	6.40091997184e-08
2.24996717062e-09	8.80330901509e-08
2.25361967813e-09	7.08960996576e-08
2.25727218563e-09	2.04418828531e-08
2.26092469314e-09	-3.96528641033e-08
2.26457720065e-09	-8.08701869914e-08
2.26822970815e-09	-8.30900930282e-08
2.27188221566e-09	-4.41483045677e-08
2.27553472317e-09	1.86649984357e-08
2.27918723067e-09	7.61200311672e-08
2.28283973818e-09	1.00509126355e-07
2.28649224569e-09	7.90070657786e-08
2.2901447532e-09	2.04494643441e-08
2.2937972607e-09	-4.81754085513e-08
2.29744976821e-09	-9.43115523455e-08
2.30110227572e-09	-9.55726662255e-08
2.30475478322e-09	-5.083694532e-08
2.30840729073e-09	1.89371913706e-08
2.31205979824e-09	8.06710644952e-08
2.31571230574e-09	1.04990327543e-07
2.31936481325e-09	8.0193117924e-08
2.32301732076e-09	1.77208594465e-08
2.32666982826e-09	-5.32737765013e-08
2.33032233577e-09	-9.95372886337e-08
2.33397484328e-09	-9.91464048639e-08
2.33762735079e-09	-5.17156486524e-08
2.34127985829e-09	2.12451727322e-08
2.3449323658e-09	8.60659383761e-08
2.34858487331e-09	1.12450443623e-07
2.35223738081e-09	8.77317063441e-08
2.35588988832e-09	2.31213839186e-08
2.35954239583e-09	-5.12439370937e-08
2.36319490333e-09	-1.00379367041e-07
2.36684741084e-09	-1.0106303705e-07
2.37049991835e-09	-5.29704280439e-08
2.37415242586e-09	2.11229966851e-08
2.37780493336e-09	8.61983266986e-08
2.38145744087e-09	1.11635571898e-07
2.38510994838e-09	8.56249116055e-08
2.38876245588e-09	2.0534926648e-08
2.39241496339e-09	-5.31275361482e-08
2.3960674709e-09	-1.01127469065e-07
2.3997199784e-09	-1.014439448e-07
2.40337248591e-09	-5.43611733406e-08
2.40702499342e-09	1.78585004562e-08
2.41067750092e-09	8.14687695083e-08
2.41433000843e-09	1.07000005301e-07
2.41798251594e-09	8.29698336702e-08
2.42163502345e-09	2.11557811269e-08
2.42528753095e-09	-4.90549076915e-08
2.42894003846e-09	-9.45890832327e-08
2.43259254597e-09	-9.42924458514e-08
2.43624505347e-09	-4.8802395014e-08
2.43989756098e-09	1.99833145587e-08
2.44355006849e-09	7.95077355065e-08
2.44720257599e-09	1.02063317797e-07
2.4508550835e-09	7.77709630029e-08
2.45450759101e-09	1.89145161755e-08
2.45816009851e-09	-4.62641587262e-08
2.46181260602e-09	-8.71658158985e-08
2.46546511353e-09	-8.52664783224e-08
2.46911762104e-09	-4.25628705614e-08
2.47277012854e-09	1.98199217039e-08
2.47642263605e-09	7.19982651276e-08
2.48007514356e-09	8.96039438203e-08
2.48372765106e-09	6.51496137039e-08
2.48738015857e-09	1.11810223302e-08
2.49103266608e-09	-4.6105547824e-08
2.49468517358e-09	-7.95592853819e-08
2.49833768109e-09	-7.39478593914e-08
2.5019901886e-09	-3.29054614667e-08
2.50564269611e-09	2.32208048345e-08
2.50929520361e-09	6.74177229598e-08
2.51294771112e-09	7.90273375628e-08
2.51660021863e-09	5.34765227655e-08
2.52025272613e-09	4.11849132576e-09
2.52390523364e-09	-4.45780088398e-08
2.52755774115e-09	-6.90805279646e-08
2.53121024865e-09	-5.81703822888e-08
2.53486275616e-09	-1.81215824568e-08
2.53851526367e-09	3.07547090017e-08
2.54216777117e-09	6.43539834755e-08
2.54582027868e-09	6.6648688346e-08
2.54947278619e-09	3.73196087367e-08
2.5531252937e-09	-8.49743919673e-09
2.5567778012e-09	-4.8010036835e-08
2.56043030871e-09	-6.20925675321e-08
2.56408281622e-09	-4.45234178414e-08
2.56773532372e-09	-4.71509009614e-09
2.57138783123e-09	3.72073785115e-08
2.57504033874e-09	6.04353687095e-08
2.57869284624e-09	5.36859872113e-08
2.58234535375e-09	2.06603996133e-08
2.58599786126e-09	-2.18689226728e-08
2.58965036876e-09	-5.24139807112e-08
2.59330287627e-09	-5.54943966335e-08
2.59695538378e-09	-2.94329147721e-08
2.60060789129e-09	1.27207648859e-08
2.60426039879e-09	4.96998850963e-08
2.6079129063e-09	6.27513401241e-08
2.61156541381e-09	4.51653860978e-08
2.61521792131e-09	5.72342173655e-09
2.61887042882e-09	-3.57089895431e-08
2.62252293633e-09	-5.81971555391e-08
2.62617544383e-09	-5.02671255731e-08
2.62982795134e-09	-1.56563721987e-08
2.63348045885e-09	2.85179098114e-08
2.63713296635e-09	6.02011738238e-08
2.64078547386e-09	6.32660430711e-08
2.64443798137e-09	3.55218858772e-08
2.64809048888e-09	-1.00005088655e-08
2.65174299638e-09	-5.11639797196e-08
2.65539550389e-09	-6.74066882311e-08
2.6590480114e-09	-4.99299019907e-08
2.6627005189e-09	-6.39611164033e-09
2.66635302641e-09	4.23615098555e-08
2.67000553392e-09	7.22896018601e-08
2.67365804142e-09	6.80060097125e-08
2.67731054893e-09	3.07222798313e-08
2.68096305644e-09	-2.19210196661e-08
2.68461556395e-09	-6.42463149347e-08
2.68826807145e-09	-7.51046655978e-08
2.69192057896e-09	-4.83978013222e-08
2.69557308647e-09	3.69397756828e-09
2.69922559397e-09	5.64043105555e-08
2.70287810148e-09	8.42240837073e-08
2.70653060899e-09	7.31909750584e-08
2.71018311649e-09	2.77481149169e-08
2.713835624e-09	-3.10926644431e-08
2.71748813151e-09	-7.54784039714e-08
2.72114063901e-09	-8.38536990955e-08
2.72479314652e-09	-5.13882980613e-08
2.72844565403e-09	7.30451255038e-09
2.73209816154e-09	6.46760014433e-08
2.73575066904e-09	9.31456867193e-08
2.73940317655e-09	7.83851206165e-08
2.74305568406e-09	2.65440416314e-08
2.74670819156e-09	-3.82777827213e-08
2.75036069907e-09	-8.53120880606e-08
2.75401320658e-09	-9.18196221278e-08
2.75766571408e-09	-5.40952953543e-08
2.76131822159e-09	1.05731832178e-08
2.7649707291e-09	7.19630008916e-08
2.7686232366e-09	1.01139981723e-07
2.77227574411e-09	8.40979907935e-08
2.77592825162e-09	2.84127033012e-08
2.77958075913e-09	-4.01756636847e-08
2.78323326663e-09	-8.96636223047e-08
2.78688577414e-09	-9.66821289694e-08
2.79053828165e-09	-5.75076164466e-08
2.79419078915e-09	9.97571536487e-09
2.79784329666e-09	7.44077581771e-08
2.80149580417e-09	1.05529579741e-07
2.80514831167e-09	8.84393003275e-08
2.80880081918e-09	3.07583896131e-08
2.81245332669e-09	-4.0782232702e-08
2.8161058342e-09	-9.28274630496e-08
2.8197583417e-09	-1.0105929249e-07
2.82341084921e-09	-6.16063573489e-08
2.82706335672e-09	7.17720061161e-09
2.83071586422e-09	7.3342235396e-08
2.83436837173e-09	1.06252585397e-07
2.83802087924e-09	9.07788404447e-08
2.84167338674e-09	3.42181536439e-08
2.84532589425e-09	-3.71750203954e-08
2.84897840176e-09	-9.03754866499e-08
2.85263090926e-09	-1.00854173013e-07
2.85628341677e-09	-6.38838741907e-08
2.85993592428e-09	3.31785732222e-09
2.86358843179e-09	6.96171156278e-08
2.86724093929e-09	1.04440850635e-07
2.8708934468e-09	9.19481450978e-08
2.87454595431e-09	3.82795306564e-08
2.87819846181e-09	-3.14810151281e-08
2.88185096932e-09	-8.51120418588e-08
2.88550347683e-09	-9.82221664003e-08
2.88915598433e-09	-6.53691500929e-08
2.89280849184e-09	-2.25821827904e-09
2.89646099935e-09	6.18042435008e-08
2.90011350685e-09	9.75424541139e-08
2.90376601436e-09	8.90771900686e-08
2.90741852187e-09	4.09529867795e-08
2.91107102938e-09	-2.42594726529e-08
2.91472353688e-09	-7.65504637457e-08
2.91837604439e-09	-9.23045035961e-08
2.9220285519e-09	-6.50117470968e-08
2.9256810594e-09	-7.9554123289e-09
2.92933356691e-09	5.22554230997e-08
2.93298607442e-09	8.81745592096e-08
2.93663858192e-09	8.41209981672e-08
2.94029108943e-09	4.30385433958e-08
2.94394359694e-09	-1.53951003057e-08
2.94759610445e-09	-6.42547348662e-08
2.95124861195e-09	-8.18161822735e-08
2.95490111946e-09	-6.11837549513e-08
2.95855362697e-09	-1.28692780876e-08
2.96220613447e-09	4.05436679785e-08
2.96585864198e-09	7.4937673844e-08
2.96951114949e-09	7.55243121375e-08
2.97316365699e-09	4.31785949218e-08
2.9768161645e-09	-6.45436104563e-09
2.98046867201e-09	-5.04853545635e-08
2.98412117951e-09	-6.93813575481e-08
2.98777368702e-09	-5.57084618436e-08
2.99142619453e-09	-1.70466396554e-08
2.99507870204e-09	2.8100709315e-08
2.99873120954e-09	5.92392481735e-08
3.00238371705e-09	6.32742285234e-08
3.00603622456e-09	3.99875794699e-08
3.00968873206e-09	1.31702670991e-09
3.01334123957e-09	-3.47766153652e-08
3.01699374708e-09	-5.2665384942e-08
3.02064625458e-09	-4.57386342134e-08
3.02429876209e-09	-1.86308071193e-08
3.0279512696e-09	1.55801469504e-08
3.0316037771e-09	4.16172554196e-08
3.03525628461e-09	4.87733302634e-08
3.03890879212e-09	3.52797755454e-08
3.04256129963e-09	8.51067483154e-09
3.04621380713e-09	-1.88773796594e-08
3.04986631464e-09	-3.49464599481e-08
3.05351882215e-09	-3.37736878464e-08
3.05717132965e-09	-1.75955445769e-08
3.06082383716e-09	4.9960164894e-09
3.06447634467e-09	2.36206112447e-08
3.06812885217e-09	3.0967356679e-08
3.07178135968e-09	2.5577948648e-08
3.07543386719e-09	1.15503002718e-08
3.07908637469e-09	-4.1752201696e-09
3.0827388822e-09	-1.52293679889e-08
3.08639138971e-09	-1.82608168586e-08
3.09004389722e-09	-1.36059261635e-08
3.09369640472e-09	-4.35438263224e-09
3.09734891223e-09	5.40424327511e-09
3.10100141974e-09	1.23000605257e-08
3.10465392724e-09	1.47383740767e-08
3.10830643475e-09	1.30270416676e-08
3.11195894226e-09	8.69541416648e-09
3.11561144976e-09	3.46089379377e-09
3.11926395727e-09	-1.52525803099e-09
3.12291646478e-09	-5.73096325951e-09
3.12656897229e-09	-8.68957883426e-09
3.13022147979e-09	-9.45981604161e-09
3.1338739873e-09	-6.78892275729e-09
3.13752649481e-09	-1.10651710017e-10
3.14117900231e-09	9.27622245683e-09
3.14483150982e-09	1.79128178956e-08
3.14848401733e-09	2.14043325286e-08
3.15213652483e-09	1.67482063773e-08
3.15578903234e-09	4.45055947651e-09
3.15944153985e-09	-1.0985155896e-08
3.16309404735e-09	-2.27377761064e-08
3.16674655486e-09	-2.48128380065e-08
3.17039906237e-09	-1.50837049517e-08
3.17405156988e-09	3.30360938605e-09
3.17770407738e-09	2.28972645289e-08
3.18135658489e-09	3.49487230267e-08
3.1850090924e-09	3.32501031153e-08
3.1886615999e-09	1.72094125617e-08
3.19231410741e-09	-7.25760695985e-09
3.19596661492e-09	-2.97130426929e-08
3.19961912242e-09	-3.95640853412e-08
3.20327162993e-09	-3.1084947949e-08
3.20692413744e-09	-6.69584254709e-09
3.21057664494e-09	2.34039898572e-08
3.21422915245e-09	4.55085888973e-08
3.21788165996e-09	4.87914277869e-08
3.22153416747e-09	3.07049390358e-08
3.22518667497e-09	-1.3844156932e-09
3.22883918248e-09	-3.32894956045e-08
3.23249168999e-09	-5.04216615127e-08
3.23614419749e-09	-4.45096794977e-08
3.239796705e-09	-1.75075296482e-08
3.24344921251e-09	1.90689739554e-08
3.24710172001e-09	4.90749485493e-08
3.25075422752e-09	5.88167097249e-08
3.25440673503e-09	4.32477875734e-08
3.25805924254e-09	8.54891979429e-09
3.26171175004e-09	-3.02110336747e-08
3.26536425755e-09	-5.55704957605e-08
3.26901676506e-09	-5.55919221767e-08
3.27266927256e-09	-2.95895503655e-08
3.27632178007e-09	1.11787779034e-08
3.27997428758e-09	4.84248516841e-08
3.28362679508e-09	6.51814104913e-08
3.28727930259e-09	5.36681028507e-08
3.2909318101e-09	1.89151379004e-08
3.2945843176e-09	-2.3538968108e-08
3.29823682511e-09	-5.47283356411e-08
3.30188933262e-09	-6.07901569083e-08
3.30554184013e-09	-3.90809233863e-08
3.30919434763e-09	7.45562556137e-10
3.31284685514e-09	4.10631209036e-08
3.31649936265e-09	6.40497077598e-08
3.32015187015e-09	5.95421774108e-08
3.32380437766e-09	2.95558084673e-08
3.32745688517e-09	-1.2563434737e-08
3.33110939267e-09	-4.80621338284e-08
3.33476190018e-09	-6.12006800793e-08
3.33841440769e-09	-4.6346663396e-08
3.34206691519e-09	-1.04484101371e-08
3.3457194227e-09	3.0256046557e-08
3.34937193021e-09	5.77148320247e-08
3.35302443772e-09	6.01778538112e-08
3.35667694522e-09	3.72270179128e-08
3.36032945273e-09	-4.24213886241e-10
3.36398196024e-09	-3.60187009107e-08
3.36763446774e-09	-5.42482254673e-08
3.37128697525e-09	-4.77995669712e-08
3.37493948276e-09	-2.02089278645e-08
3.37859199026e-09	1.60189710385e-08
3.38224449777e-09	4.5064815879e-08
3.38589700528e-09	5.47070726498e-08
3.38954951279e-09	4.14931093928e-08
3.39320202029e-09	1.19514673713e-08
3.3968545278e-09	-2.06129797675e-08
3.40050703531e-09	-4.21897432545e-08
3.40415954281e-09	-4.41803784668e-08
3.40781205032e-09	-2.68133586445e-08
3.41146455783e-09	1.51358647837e-09
3.41511706533e-09	2.83677774604e-08
3.41876957284e-09	4.27990087815e-08
3.42242208035e-09	3.97461583646e-08
3.42607458785e-09	2.16163531519e-08
3.42972709536e-09	-3.30033489426e-09
3.43337960287e-09	-2.46140601234e-08
3.43703211038e-09	-3.41164465567e-08
3.44068461788e-09	-2.88583557051e-08
3.44433712539e-09	-1.19184733194e-08
3.4479896329e-09	9.27345933377e-09
3.4516421404e-09	2.62223949221e-08
3.45529464791e-09	3.2799380989e-08
3.45894715542e-09	2.73853775212e-08
3.46259966292e-09	1.29863604315e-08
3.46625217043e-09	-4.45589742881e-09
3.46990467794e-09	-1.85696542587e-08
3.47355718544e-09	-2.47617357729e-08
3.47720969295e-09	-2.14328519377e-08
3.48086220046e-09	-1.01005985798e-08
3.48451470797e-09	5.28991650484e-09
3.48816721547e-09	1.95675831094e-08
3.49181972298e-09	2.78241216733e-08
3.49547223049e-09	2.6957962973e-08
3.49912473799e-09	1.68618363716e-08
3.5027772455e-09	7.3810851875e-10
3.50642975301e-09	-1.57674424628e-08
3.51008226051e-09	-2.64669459682e-08
3.51373476802e-09	-2.69121969154e-08
3.51738727553e-09	-1.62042272933e-08
3.52103978304e-09	2.37238406697e-09
3.52469229054e-09	2.21965166247e-08
3.52834479805e-09	3.54795588464e-08
3.53199730556e-09	3.61853302877e-08
3.53564981306e-09	2.27265566366e-08
3.53930232057e-09	-7.03822000681e-10
3.54295482808e-09	-2.50881093677e-08
3.54660733558e-09	-3.9913103933e-08
3.55025984309e-09	-3.77520912309e-08
3.5539123506e-09	-1.80653145776e-08
3.5575648581e-09	1.1815187051e-08
3.56121736561e-09	3.93513452934e-08
3.56486987312e-09	5.21592298242e-08
3.56852238063e-09	4.36622045186e-08
3.57217488813e-09	1.63823052901e-08
3.57582739564e-09	-1.8715402561e-08
3.57947990315e-09	-4.66495571061e-08
3.58313241065e-09	-5.47760130587e-08
3.58678491816e-09	-3.8427366178e-08
3.59043742567e-09	-3.42685879673e-09
3.59408993317e-09	3.57950682428e-08
3.59774244068e-09	6.20080058411e-08
3.60139494819e-09	6.27253271546e-08
3.60504745569e-09	3.6225578981e-08
3.6086999632e-09	-6.90733603648e-09
3.61235247071e-09	-4.78942538962e-08
3.61600497822e-09	-6.8030360012e-08
3.61965748572e-09	-5.73894674005e-08
3.62330999323e-09	-1.97779232991e-08
3.62696250074e-09	2.86010646278e-08
3.63061500824e-09	6.62786732164e-08
3.63426751575e-09	7.61623510925e-08
3.63792002326e-09	5.32725721314e-08
3.64157253076e-09	7.10615477573e-09
3.64522503827e-09	-4.23573567332e-08
3.64887754578e-09	-7.32672020831e-08
3.65253005328e-09	-7.14685839398e-08
3.65618256079e-09	-3.69503290187e-08
3.6598350683e-09	1.56985109356e-08
3.66348757581e-09	6.33160794905e-08
3.66714008331e-09	8.43300682618e-08
3.67079259082e-09	6.86545220674e-08
3.67444509833e-09	2.26897292066e-08
3.67809760583e-09	-3.31949436827e-08
3.68175011334e-09	-7.3793742672e-08
3.68540262085e-09	-8.06424012012e-08
3.68905512835e-09	-5.05406845264e-08
3.69270763586e-09	3.00539948483e-09
3.69636014337e-09	5.60122153104e-08
3.70001265088e-09	8.48953263244e-08
3.70366515838e-09	7.69479484575e-08
3.70731766589e-09	3.58226799335e-08
3.7109701734e-09	-2.022317247e-08
3.7146226809e-09	-6.63932695488e-08
3.71827518841e-09	-8.22235648457e-08
3.72192769592e-09	-6.06270234016e-08
3.72558020342e-09	-1.11636513367e-08
3.72923271093e-09	4.40435030669e-08
3.73288521844e-09	8.01656909744e-08
3.73653772594e-09	8.0964618121e-08
3.74019023345e-09	4.62913263277e-08
3.74384274096e-09	-7.84220866024e-09
3.74749524847e-09	-5.67506504012e-08
3.75114775597e-09	-7.85331621955e-08
3.75480026348e-09	-6.40221813342e-08
3.75845277099e-09	-2.05867962677e-08
3.76210527849e-09	3.17179029707e-08
3.765757786e-09	6.95197286404e-08
3.76941029351e-09	7.65582583995e-08
3.77306280101e-09	5.05530302064e-08
3.77671530852e-09	3.76879505382e-09
3.78036781603e-09	-4.26983106649e-08
3.78402032353e-09	-6.83181227146e-08
3.78767283104e-09	-6.21542923795e-08
3.79132533855e-09	-2.76257630105e-08
3.79497784606e-09	1.9161941367e-08
3.79863035356e-09	5.68535725165e-08
3.80228286107e-09	6.86989096721e-08
3.80593536858e-09	5.01913959283e-08
3.80958787608e-09	1.08314708314e-08
3.81324038359e-09	-3.07436280877e-08
3.8168928911e-09	-5.57432642267e-08
3.8205453986e-09	-5.38361248914e-08
3.82419790611e-09	-2.73502145376e-08
3.82785041362e-09	1.05717496979e-08
3.83150292113e-09	4.25319655051e-08
3.83515542863e-09	5.48110570264e-08
3.83880793614e-09	4.31254711941e-08
3.84246044365e-09	1.3934558396e-08
3.84611295115e-09	-1.89349993462e-08
3.84976545866e-09	-4.06831688338e-08
3.85341796617e-09	-4.21429646735e-08
3.85707047367e-09	-2.37121362545e-08
3.86072298118e-09	5.1379047683e-09
3.86437548869e-09	3.05741885143e-08
3.86802799619e-09	4.10869382961e-08
3.8716805037e-09	3.28567857366e-08
3.87533301121e-09	1.11598721375e-08
3.87898551872e-09	-1.27733157385e-08
3.88263802622e-09	-2.76124048071e-08
3.88629053373e-09	-2.73613238733e-08
3.88994304124e-09	-1.36941977757e-08
3.89359554874e-09	5.63392088537e-09
3.89724805625e-09	2.10646859955e-08
3.90090056376e-09	2.58589949453e-08
3.90455307126e-09	1.88968627413e-08
3.90820557877e-09	4.64465665928e-09
3.91185808628e-09	-9.38193878142e-09
3.91551059378e-09	-1.63536846287e-08
3.91916310129e-09	-1.33527766621e-08
3.9228156088e-09	-2.64815125384e-09
3.92646811631e-09	9.60484580759e-09
3.93012062381e-09	1.66601097362e-08
3.93377313132e-09	1.48232368602e-08
3.93742563883e-09	5.46664669088e-09
3.94107814633e-09	-5.77828851434e-09
3.94473065384e-09	-1.22586945039e-08
3.94838316135e-09	-1.01298711641e-08
3.95203566885e-09	-5.4797932858e-10
3.95568817636e-09	1.10264064546e-08
3.95934068387e-09	1.79412857904e-08
3.96299319138e-09	1.60554911588e-08
3.96664569888e-09	5.98229421556e-09
3.97029820639e-09	-7.23307103101e-09
3.9739507139e-09	-1.66961058312e-08
3.9776032214e-09	-1.71361449475e-08
3.98125572891e-09	-7.60011165113e-09
3.98490823642e-09	7.85999887398e-09
3.98856074392e-09	2.18679048203e-08
3.99221325143e-09	2.71325291124e-08
3.99586575894e-09	2.01240517583e-08
3.99951826644e-09	3.23397930657e-09
4.00317077395e-09	-1.58705848463e-08
4.00682328146e-09	-2.77109268865e-08
4.01047578897e-09	-2.57471999277e-08
4.01412829647e-09	-9.98276306063e-09
4.01778080398e-09	1.26191963545e-08
4.02143331149e-09	3.13167092258e-08
4.02508581899e-09	3.68311603438e-08
4.0287383265e-09	2.59739572073e-08
4.03239083401e-09	3.3172733449e-09
4.03604334151e-09	-2.08697308324e-08
4.03969584902e-09	-3.53611362414e-08
4.04334835653e-09	-3.31423315458e-08
4.04700086403e-09	-1.46795677836e-08
4.05065337154e-09	1.2113251735e-08
4.05430587905e-09	3.52288438421e-08
4.05795838656e-09	4.38790550561e-08
4.06161089406e-09	3.35065628576e-08
4.06526340157e-09	8.20208168051e-09
4.06891590908e-09	-2.07983923417e-08
4.07256841658e-09	-4.01069293332e-08
4.07622092409e-09	-4.04705318147e-08
4.0798734316e-09	-2.1312569487e-08
4.0835259391e-09	8.80037553941e-09
4.08717844661e-09	3.60960967782e-08
4.09083095412e-09	4.80452726492e-08
4.09448346162e-09	3.91757843943e-08
4.09813596913e-09	1.35109656796e-08
4.10178847664e-09	-1.73821863569e-08
4.10544098415e-09	-3.96806463243e-08
4.10909349165e-09	-4.34564526586e-08
4.11274599916e-09	-2.70175277706e-08
4.11639850667e-09	2.37069808229e-09
4.12005101417e-09	3.16519965793e-08
4.12370352168e-09	4.77155239764e-08
4.12735602919e-09	4.32734381661e-08
4.13100853669e-09	2.02520098469e-08
4.1346610442e-09	-1.09519149305e-08
4.13831355171e-09	-3.61710377206e-08
4.14196605922e-09	-4.40089067411e-08
4.14561856672e-09	-3.11162686728e-08
4.14927107423e-09	-3.65372532229e-09
4.15292358174e-09	2.57349910271e-08
4.15657608924e-09	4.38696616811e-08
4.16022859675e-09	4.30047961686e-08
4.16388110426e-09	2.40774831184e-08
4.16753361176e-09	-4.06200362235e-09
4.17118611927e-09	-2.88266619464e-08
4.17483862678e-09	-3.94849273277e-08
4.17849113428e-09	-3.17341282141e-08
4.18214364179e-09	-9.40234290425e-09
4.1857961493e-09	1.73622183297e-08
4.18944865681e-09	3.66307553179e-08
4.19310116431e-09	4.00101747289e-08
4.19675367182e-09	2.63873101147e-08
4.20040617933e-09	2.345552641e-09
4.20405868683e-09	-2.09853752153e-08
4.20771119434e-09	-3.31635874318e-08
4.21136370185e-09	-2.92238482302e-08
4.21501620935e-09	-1.17166489844e-08
4.21866871686e-09	1.08492423934e-08
4.22232122437e-09	2.82178191924e-08
4.22597373187e-09	3.30877476529e-08
4.22962623938e-09	2.41166375758e-08
4.23327874689e-09	6.0710143579e-09
4.2369312544e-09	-1.26693775471e-08
4.2405837619e-09	-2.3940645022e-08
4.24423626941e-09	-2.32750103635e-08
4.24788877692e-09	-1.1631955843e-08
4.25154128442e-09	5.26000709655e-09
4.25519379193e-09	1.9609620594e-08
4.25884629944e-09	2.51380214422e-08
4.26249880694e-09	1.98912619709e-08
4.26615131445e-09	6.97476743028e-09
4.26980382196e-09	-7.14173964411e-09
4.27345632947e-09	-1.58854138732e-08
4.27710883697e-09	-1.57135371381e-08
4.28076134448e-09	-7.56729789941e-09
4.28441385199e-09	3.9823300213e-09
4.28806635949e-09	1.32619639714e-08
4.291718867e-09	1.62749707044e-08
4.29537137451e-09	1.23717711631e-08
4.29902388201e-09	4.15602796622e-09
4.30267638952e-09	-4.07156486304e-09
4.30632889703e-09	-8.4553493096e-09
4.30998140453e-09	-7.30770732815e-09
4.31363391204e-09	-1.71549574546e-09
4.31728641955e-09	5.14471132362e-09
4.32093892706e-09	9.64760538125e-09
4.32459143456e-09	9.54798906605e-09
4.32824394207e-09	5.122660518e-09
4.33189644958e-09	-9.9095320838e-10
4.33554895708e-09	-5.23463494773e-09
4.33920146459e-09	-5.10794029296e-09
4.3428539721e-09	-6.02627392432e-10
4.3465064796e-09	5.75335379338e-09
4.35015898711e-09	1.02886206221e-08
4.35381149462e-09	1.02418082903e-08
4.35746400212e-09	5.32598676273e-09
4.36111650963e-09	-2.06046157913e-09
4.36476901714e-09	-8.05598787679e-09
4.36842152465e-09	-9.32688415389e-09
4.37207403215e-09	-4.79766359973e-09
4.37572653966e-09	3.71796149423e-09
4.37937904717e-09	1.22703749383e-08
4.38303155467e-09	1.65820335241e-08
4.38668406218e-09	1.41009017796e-08
4.39033656969e-09	5.37547606427e-09
4.39398907719e-09	-5.94003912724e-09
4.3976415847e-09	-1.45831222653e-08
4.40129409221e-09	-1.61029518608e-08
4.40494659972e-09	-9.11675357429e-09
4.40859910722e-09	3.74804276504e-09
4.41225161473e-09	1.68116010002e-08
4.41590412224e-09	2.38754314097e-08
4.41955662974e-09	2.11824477958e-08
4.42320913725e-09	9.35637167743e-09
4.42686164476e-09	-6.65780408582e-09
4.43051415226e-09	-1.97022309578e-08
4.43416665977e-09	-2.36269368514e-08
4.43781916728e-09	-1.61571058754e-08
4.44147167478e-09	-9.48003897605e-11
4.44512418229e-09	1.7735885649e-08
4.4487766898e-09	2.93870954238e-08
4.45242919731e-09	2.93114315042e-08
4.45608170481e-09	1.69649343462e-08
4.45973421232e-09	-2.71236233473e-09
4.46338671983e-09	-2.12538111555e-08
4.46703922733e-09	-3.03067722029e-08
4.47069173484e-09	-2.53922340931e-08
4.47434424235e-09	-8.09278954961e-09
4.47799674985e-09	1.43978002853e-08
4.48164925736e-09	3.22700159927e-08
4.48530176487e-09	3.73864921244e-08
4.48895427237e-09	2.69852726831e-08
4.49260677988e-09	5.10889952565e-09
4.49625928739e-09	-1.89552125107e-08
4.4999117949e-09	-3.46256072703e-08
4.5035643024e-09	-3.4689016104e-08
4.50721680991e-09	-1.86119635259e-08
