% time-domain voltage integration by openEMS v0.0.36-93-g7b9cd51 @Thu Sep 24 15:53:26 2026
% start-coordinates: (0.0583,0,0.000116134) m -> [75,3,5]
% stop-coordinates: (0.0583,0,0.0021) m -> [75,3,7]
% t/s	voltage
0	-0
3.65250750694e-12	-0
7.30501501388e-12	-0
1.09575225208e-11	-0
1.46100300278e-11	-0
1.82625375347e-11	-0
2.19150450417e-11	-0
2.55675525486e-11	-1.08351587782e-31
2.92200600555e-11	-9.09432274849e-29
3.28725675625e-11	-2.20198611742e-26
3.65250750694e-11	-2.12819651824e-24
4.01775825764e-11	-1.01416786279e-22
4.38300900833e-11	-2.75581292146e-21
4.74825975902e-11	-4.75835812969e-20
5.11351050972e-11	-5.66227127127e-19
5.47876126041e-11	-4.94400806321e-18
5.84401201111e-11	-3.32815304688e-17
6.2092627618e-11	-1.79718762289e-16
6.5745135125e-11	-8.03833816958e-16
6.93976426319e-11	-3.05500556285e-15
7.30501501388e-11	-1.00575615366e-14
7.67026576458e-11	-2.90402548166e-14
8.03551651527e-11	-7.38406977233e-14
8.40076726597e-11	-1.63998438243e-13
8.76601801666e-11	-3.08035416835e-13
9.13126876736e-11	-4.39636642249e-13
9.49651951805e-11	-2.39795547446e-13
9.86177026874e-11	1.28103383207e-12
1.02270210194e-10	6.65198397667e-12
1.05922717701e-10	2.1576872667e-11
1.09575225208e-10	5.77438019275e-11
1.13227732715e-10	1.37240632053e-10
1.16880240222e-10	2.98859600262e-10
1.20532747729e-10	6.06114075596e-10
1.24185255236e-10	1.15584831983e-09
1.27837762743e-10	2.08473832641e-09
1.3149027025e-10	3.56862264739e-09
1.35142777757e-10	5.80647974147e-09
1.38795285264e-10	8.9771209355e-09
1.42447792771e-10	1.31527293501e-08
1.46100300278e-10	1.81499935081e-08
1.49752807785e-10	2.32977979131e-08
1.53405315292e-10	2.71020490494e-08
1.57057822799e-10	2.67947344312e-08
1.60710330305e-10	1.77678526336e-08
1.64362837812e-10	-7.0850617595e-09
1.68015345319e-10	-5.80667842698e-08
1.71667852826e-10	-1.49323001963e-07
1.75320360333e-10	-2.99306687879e-07
1.7897286784e-10	-5.3089392793e-07
1.82625375347e-10	-8.70955545906e-07
1.86277882854e-10	-1.34918860795e-06
1.89930390361e-10	-1.99601734607e-06
1.93582897868e-10	-2.83943722934e-06
1.97235405375e-10	-3.90073000744e-06
2.00887912882e-10	-5.18911275549e-06
2.04540420389e-10	-6.69548421683e-06
2.08192927896e-10	-8.3856767219e-06
2.11845435403e-10	-1.0193698472e-05
2.1549794291e-10	-1.2015788343e-05
2.19150450417e-10	-1.37062199883e-05
2.22802957923e-10	-1.5075749161e-05
2.2645546543e-10	-1.58939585617e-05
2.30107972937e-10	-1.58960737053e-05
2.33760480444e-10	-1.47949233451e-05
2.37412987951e-10	-1.22979979551e-05
2.41065495458e-10	-8.12904266922e-06
2.44718002965e-10	-2.05314000823e-06
2.48370510472e-10	6.09628426673e-06
2.52023017979e-10	1.63903359862e-05
2.55675525486e-10	2.87797499823e-05
2.59328032993e-10	4.30742547906e-05
2.629805405e-10	5.89291166762e-05
2.66633048007e-10	7.58410124035e-05
2.70285555514e-10	9.31556878641e-05
2.73938063021e-10	0.000110089463305
2.77590570528e-10	0.000125764581753
2.81243078035e-10	0.000139258110721
2.84895585541e-10	0.000149661218529
2.88548093048e-10	0.000156144182256
2.92200600555e-10	0.000158021910465
2.95853108062e-10	0.000154813806148
2.99505615569e-10	0.000146293299622
3.03158123076e-10	0.0001325224639
3.06810630583e-10	0.00011387028826
3.1046313809e-10	9.10121561901e-05
3.14115645597e-10	6.49093854008e-05
3.17768153104e-10	3.67685620404e-05
3.21420660611e-10	7.97821348897e-06
3.25073168118e-10	-1.99742587483e-05
3.28725675625e-10	-4.56030675196e-05
3.32378183132e-10	-6.75339842928e-05
3.36030690639e-10	-8.46122238727e-05
3.39683198146e-10	-9.59955377766e-05
3.43335705653e-10	-0.000101221108707
3.4698821316e-10	-0.000100239026324
3.50640720666e-10	-9.34092940952e-05
3.54293228173e-10	-8.14695713416e-05
3.5794573568e-10	-6.54785653751e-05
3.61598243187e-10	-4.6744440624e-05
3.65250750694e-10	-2.67419084139e-05
3.68903258201e-10	-7.01842043327e-06
3.72555765708e-10	1.09125280687e-05
3.76208273215e-10	2.56885800809e-05
3.79860780722e-10	3.62207692888e-05
3.83513288229e-10	4.18048061874e-05
3.87165795736e-10	4.22009302383e-05
3.90818303243e-10	3.76633952328e-05
3.9447081075e-10	2.89087965939e-05
3.98123318257e-10	1.70248749782e-05
4.01775825764e-10	3.34098268695e-06
4.05428333271e-10	-1.07155009346e-05
4.09080840778e-10	-2.37476413076e-05
4.12733348284e-10	-3.4488430174e-05
4.16385855791e-10	-4.186852766e-05
4.20038363298e-10	-4.50687248303e-05
4.23690870805e-10	-4.35719725829e-05
4.27343378312e-10	-3.72260210497e-05
4.30995885819e-10	-2.63084216385e-05
4.34648393326e-10	-1.15687163316e-05
4.38300900833e-10	5.78479694013e-06
4.4195340834e-10	2.41774271217e-05
4.45605915847e-10	4.18417334913e-05
4.49258423354e-10	5.70432007407e-05
4.52910930861e-10	6.83070688865e-05
4.56563438368e-10	7.45892448322e-05
4.60215945875e-10	7.53543772589e-05
4.63868453382e-10	7.0553714977e-05
4.67520960889e-10	6.05364080002e-05
4.71173468396e-10	4.59461271021e-05
4.74825975902e-10	2.76528419363e-05
4.78478483409e-10	6.74082542673e-06
4.82130990916e-10	-1.54658062002e-05
4.85783498423e-10	-3.73919274352e-05
4.8943600593e-10	-5.7272660797e-05
4.93088513437e-10	-7.33181195756e-05
4.96741020944e-10	-8.39671838548e-05
5.00393528451e-10	-8.81642317836e-05
5.04046035958e-10	-8.5567460701e-05
5.07698543465e-10	-7.66118264437e-05
5.11351050972e-10	-6.23953787908e-05
5.15003558479e-10	-4.4427071316e-05
5.18656065986e-10	-2.43260076331e-05
5.22308573493e-10	-3.57945731366e-06
5.25961081e-10	1.65635528901e-05
5.29613588507e-10	3.50522591361e-05
5.33266096014e-10	5.09088295075e-05
5.36918603521e-10	6.31227076155e-05
5.40571111027e-10	7.06612281647e-05
5.44223618534e-10	7.26361085981e-05
5.47876126041e-10	6.85786881149e-05
5.51528633548e-10	5.87095851188e-05
5.55181141055e-10	4.40674166384e-05
5.58833648562e-10	2.64063100985e-05
5.62486156069e-10	7.86547320786e-06
5.66138663576e-10	-9.48730064465e-06
5.69791171083e-10	-2.40756473886e-05
5.7344367859e-10	-3.50450841324e-05
5.77096186097e-10	-4.22285465902e-05
5.80748693604e-10	-4.58856893601e-05
5.84401201111e-10	-4.63534402115e-05
5.88053708618e-10	-4.37824105575e-05
5.91706216125e-10	-3.80923693228e-05
5.95358723632e-10	-2.91704629944e-05
5.99011231139e-10	-1.7213102069e-05
6.02663738645e-10	-3.02859214685e-06
6.06316246152e-10	1.18791519981e-05
6.09968753659e-10	2.55360196206e-05
6.13621261166e-10	3.59794057658e-05
6.17273768673e-10	4.1816202156e-05
6.2092627618e-10	4.26276865255e-05
6.24578783687e-10	3.90439508919e-05
6.28231291194e-10	3.2449608625e-05
6.31883798701e-10	2.44428579208e-05
6.35536306208e-10	1.62790802278e-05
6.39188813715e-10	8.53650840327e-06
6.42841321222e-10	1.14140398466e-06
6.46493828729e-10	-6.27555596111e-06
6.50146336236e-10	-1.38750808674e-05
6.53798843743e-10	-2.12140112126e-05
6.5745135125e-10	-2.71728154075e-05
6.61103858757e-10	-3.02718053717e-05
6.64756366263e-10	-2.92563677249e-05
6.6840887377e-10	-2.36931523432e-05
6.72061381277e-10	-1.42948163102e-05
6.75713888784e-10	-2.80020014998e-06
6.79366396291e-10	8.5661419007e-06
6.83018903798e-10	1.78381146725e-05
6.86671411305e-10	2.39394953496e-05
6.90323918812e-10	2.69311128704e-05
6.93976426319e-10	2.77734552583e-05
6.97628933826e-10	2.77224739875e-05
7.01281441333e-10	2.76412124549e-05
7.0493394884e-10	2.75481731933e-05
7.08586456347e-10	2.66133943114e-05
7.12238963854e-10	2.36083421896e-05
7.15891471361e-10	1.76036969606e-05
7.19543978868e-10	8.58688457583e-06
7.23196486375e-10	-2.30372393162e-06
7.26848993882e-10	-1.30635323785e-05
7.30501501388e-10	-2.15245249819e-05
7.34154008895e-10	-2.61760169451e-05
7.37806516402e-10	-2.6736212476e-05
7.41459023909e-10	-2.42111909756e-05
7.45111531416e-10	-2.0409409899e-05
7.48764038923e-10	-1.71283206782e-05
7.5241654643e-10	-1.53823449409e-05
7.56069053937e-10	-1.50197768107e-05
7.59721561444e-10	-1.48957262809e-05
7.63374068951e-10	-1.3511266161e-05
7.67026576458e-10	-9.81810399026e-06
7.70679083965e-10	-3.81408673888e-06
7.74331591472e-10	3.34842994221e-06
7.77984098979e-10	9.79874971563e-06
7.81636606486e-10	1.37386773531e-05
7.85289113993e-10	1.42334838529e-05
7.889416215e-10	1.16394351153e-05
7.92594129006e-10	7.46376991856e-06
7.96246636513e-10	3.70885396705e-06
7.9989914402e-10	1.99349844365e-06
8.03551651527e-10	2.85220932028e-06
8.07204159034e-10	5.53559311811e-06
8.10856666541e-10	8.39951354692e-06
8.14509174048e-10	9.69729376266e-06
8.18161681555e-10	8.40197344587e-06
8.21814189062e-10	4.68060329695e-06
8.25466696569e-10	-1.88520495215e-07
8.29119204076e-10	-4.40460058826e-06
8.32771711583e-10	-6.46078126465e-06
8.3642421909e-10	-5.81507481456e-06
8.40076726597e-10	-3.11664223318e-06
8.43729234104e-10	1.09063400533e-07
8.47381741611e-10	2.17083866971e-06
8.51034249118e-10	1.99411047674e-06
8.54686756624e-10	-3.8265877933e-07
8.58339264131e-10	-3.82805953336e-06
8.61991771638e-10	-6.647809073e-06
8.65644279145e-10	-7.37771784998e-06
8.69296786652e-10	-5.46597306084e-06
8.72949294159e-10	-1.52553164412e-06
8.76601801666e-10	2.95485463653e-06
8.80254309173e-10	6.29096280136e-06
8.8390681668e-10	7.34498280508e-06
8.87559324187e-10	5.98489629056e-06
8.91211831694e-10	3.0680139389e-06
8.94864339201e-10	-1.61870481463e-08
8.98516846708e-10	-2.01087058826e-06
9.02169354215e-10	-2.35435172158e-06
9.05821861722e-10	-1.39311190139e-06
9.09474369229e-10	-1.63636718398e-07
9.13126876736e-10	1.45141367813e-07
9.16779384243e-10	-1.20386316382e-06
9.20431891749e-10	-4.10802400097e-06
9.24084399256e-10	-7.63745799759e-06
9.27736906763e-10	-1.04445872466e-05
9.3138941427e-10	-1.13733769922e-05
9.35041921777e-10	-9.97216193355e-06
9.38694429284e-10	-6.66248979542e-06
9.42346936791e-10	-2.49598556934e-06
9.45999444298e-10	1.36005691331e-06
9.49651951805e-10	4.13752832173e-06
9.53304459312e-10	5.73279186256e-06
9.56956966819e-10	6.61766551957e-06
9.60609474326e-10	7.4777447594e-06
9.64261981833e-10	8.78175376329e-06
9.6791448934e-10	1.04988565681e-05
9.71566996847e-10	1.20890955486e-05
9.75219504354e-10	1.27584319216e-05
9.78872011861e-10	1.18492880574e-05
9.82524519367e-10	9.18086379897e-06
9.86177026874e-10	5.17471011108e-06
9.89829534381e-10	6.98127159637e-07
9.93482041888e-10	-3.30664181547e-06
9.97134549395e-10	-6.22482446033e-06
1.0007870569e-09	-7.99297879439e-06
1.00443956441e-09	-9.02172257611e-06
1.00809207192e-09	-9.85973088063e-06
1.01174457942e-09	-1.07938342353e-05
1.01539708693e-09	-1.16215011303e-05
1.01904959444e-09	-1.17336827543e-05
1.02270210194e-09	-1.04648316892e-05
1.02635460945e-09	-7.51200468585e-06
1.03000711696e-09	-3.18827230217e-06
1.03365962446e-09	1.62914145108e-06
1.03731213197e-09	5.83264016996e-06
1.04096463948e-09	8.53789765642e-06
1.04461714699e-09	9.44309545048e-06
1.04826965449e-09	8.92820082754e-06
1.051922162e-09	7.84358212513e-06
1.05557466951e-09	7.07422975665e-06
1.05922717701e-09	7.07340166173e-06
1.06287968452e-09	7.59484123591e-06
1.06653219203e-09	7.78205100005e-06
1.07018469953e-09	6.61016696313e-06
1.07383720704e-09	3.48381777826e-06
1.07748971455e-09	-1.31825458993e-06
1.08114222205e-09	-6.61541537283e-06
1.08479472956e-09	-1.07726524448e-05
1.08844723707e-09	-1.24260865277e-05
1.09209974458e-09	-1.11255961883e-05
1.09575225208e-09	-7.56515038347e-06
1.09940475959e-09	-3.27801271283e-06
1.1030572671e-09	5.77382071043e-08
1.1067097746e-09	1.37360996177e-06
1.11036228211e-09	6.7619055244e-07
1.11401478962e-09	-9.8487170419e-07
1.11766729712e-09	-2.03343822136e-06
1.12131980463e-09	-1.14486812208e-06
1.12497231214e-09	2.05643655704e-06
1.12862481965e-09	6.70752876886e-06
1.13227732715e-09	1.0994956142e-05
1.13592983466e-09	1.29359748371e-05
1.13958234217e-09	1.13182494488e-05
1.14323484967e-09	6.34846179537e-06
1.14688735718e-09	-3.37660360117e-07
1.15053986469e-09	-6.35152667883e-06
1.15419237219e-09	-9.61350872331e-06
1.1578448797e-09	-9.29030875341e-06
1.16149738721e-09	-6.15026624473e-06
1.16514989471e-09	-2.16682269638e-06
1.16880240222e-09	4.32172427622e-07
1.17245490973e-09	2.1628753899e-07
1.17610741724e-09	-2.77770027424e-06
1.17975992474e-09	-7.05203024154e-06
1.18341243225e-09	-1.03213337752e-05
1.18706493976e-09	-1.05594247088e-05
1.19071744726e-09	-6.96510880971e-06
1.19436995477e-09	-4.14079227795e-07
1.19802246228e-09	6.83378004851e-06
1.20167496978e-09	1.20814003139e-05
1.20532747729e-09	1.33933363031e-05
1.2089799848e-09	1.04917451154e-05
1.2126324923e-09	4.9047473567e-06
1.21628499981e-09	-7.32076962606e-07
1.21993750732e-09	-3.90196782973e-06
1.22359001483e-09	-3.37234308745e-06
1.22724252233e-09	2.59848359718e-07
1.23089502984e-09	4.89120117209e-06
1.23454753735e-09	7.9284467347e-06
1.23820004485e-09	7.50740042577e-06
1.24185255236e-09	3.35615774816e-06
1.24550505987e-09	-3.06873562295e-06
1.24915756737e-09	-9.21529897369e-06
1.25281007488e-09	-1.25538138036e-05
1.25646258239e-09	-1.16964992003e-05
1.2601150899e-09	-7.03140295855e-06
1.2637675974e-09	-5.77589545969e-07
1.26742010491e-09	4.90012638465e-06
1.27107261242e-09	7.13598558377e-06
1.27472511992e-09	5.39653001397e-06
1.27837762743e-09	8.04854835224e-07
1.28203013494e-09	-4.2113848906e-06
1.28568264244e-09	-7.08545735506e-06
1.28933514995e-09	-6.32331187944e-06
1.29298765746e-09	-2.18016225517e-06
1.29664016496e-09	3.50004140159e-06
1.30029267247e-09	8.17077437887e-06
1.30394517998e-09	9.75271609605e-06
1.30759768749e-09	7.54902669087e-06
1.31125019499e-09	2.51875465551e-06
1.3149027025e-09	-3.1782019505e-06
1.31855521001e-09	-7.14443217475e-06
1.32220771751e-09	-7.7950440982e-06
1.32586022502e-09	-5.04316363958e-06
1.32951273253e-09	-3.18854329606e-07
1.33316524003e-09	4.0965894641e-06
1.33681774754e-09	6.12877784079e-06
1.34047025505e-09	4.87096514235e-06
1.34412276255e-09	9.8793569947e-07
1.34777527006e-09	-3.6328403894e-06
1.35142777757e-09	-6.8036903258e-06
1.35508028508e-09	-7.07038736891e-06
1.35873279258e-09	-4.35399812204e-06
1.36238530009e-09	8.22176309256e-08
1.3660378076e-09	4.27877728271e-06
1.3696903151e-09	6.49411214226e-06
1.37334282261e-09	5.95515393798e-06
1.37699533012e-09	3.13138284014e-06
1.38064783762e-09	-5.45668562779e-07
1.38430034513e-09	-3.35998208811e-06
1.38795285264e-09	-4.07939546676e-06
1.39160536015e-09	-2.48584780138e-06
1.39525786765e-09	5.58422797781e-07
1.39891037516e-09	3.5368327076e-06
1.40256288267e-09	5.00240065548e-06
1.40621539017e-09	4.25701441031e-06
1.40986789768e-09	1.65612046032e-06
1.41352040519e-09	-1.60728593812e-06
1.41717291269e-09	-4.11616693441e-06
1.4208254202e-09	-4.9139047178e-06
1.42447792771e-09	-3.91203926142e-06
1.42813043521e-09	-1.84164441919e-06
1.43178294272e-09	1.81213401618e-07
1.43543545023e-09	1.22068257724e-06
1.43908795774e-09	9.32801100362e-07
1.44274046524e-09	-3.45483641695e-07
1.44639297275e-09	-1.82586701669e-06
1.45004548026e-09	-2.67595768833e-06
1.45369798776e-09	-2.40881152536e-06
1.45735049527e-09	-1.08894966644e-06
1.46100300278e-09	7.25643559463e-07
1.46465551028e-09	2.27156533583e-06
1.46830801779e-09	2.9605898817e-06
1.4719605253e-09	2.6628058265e-06
1.4756130328e-09	1.74329179004e-06
1.47926554031e-09	8.2967088133e-07
1.48291804782e-09	4.40904635468e-07
1.48657055533e-09	6.92312347894e-07
1.49022306283e-09	1.24975265692e-06
1.49387557034e-09	1.55421716386e-06
1.49752807785e-09	1.17577528158e-06
1.50118058535e-09	8.19758705362e-08
1.50483309286e-09	-1.33214354037e-06
1.50848560037e-09	-2.4600635129e-06
1.51213810787e-09	-2.8132176908e-06
1.51579061538e-09	-2.28192891427e-06
1.51944312289e-09	-1.19454081471e-06
1.52309563039e-09	-1.52164105316e-07
1.5267481379e-09	2.76655988785e-07
1.53040064541e-09	-1.45513535443e-07
1.53405315292e-09	-1.17808352229e-06
1.53770566042e-09	-2.1904454286e-06
1.54135816793e-09	-2.46330714049e-06
1.54501067544e-09	-1.57208617679e-06
1.54866318294e-09	3.40732224657e-07
1.55231569045e-09	2.5651287956e-06
1.55596819796e-09	4.12790788573e-06
1.55962070546e-09	4.26885281968e-06
1.56327321297e-09	2.84664668015e-06
1.56692572048e-09	4.51929132339e-07
1.57057822799e-09	-1.84884449084e-06
1.57423073549e-09	-3.02028919918e-06
1.577883243e-09	-2.56445531477e-06
1.58153575051e-09	-7.73119815278e-07
1.58518825801e-09	1.39952136635e-06
1.58884076552e-09	2.78538877296e-06
1.59249327303e-09	2.56246860886e-06
1.59614578053e-09	6.6554108713e-07
1.59979828804e-09	-2.14715971936e-06
1.60345079555e-09	-4.61365448245e-06
1.60710330305e-09	-5.54105048423e-06
1.61075581056e-09	-4.37445623902e-06
1.61440831807e-09	-1.49139330574e-06
1.61806082558e-09	1.93312635588e-06
1.62171333308e-09	4.44710133252e-06
1.62536584059e-09	4.99214735328e-06
1.6290183481e-09	3.40530127119e-06
1.6326708556e-09	5.04825603542e-07
1.63632336311e-09	-2.28834073823e-06
1.63997587062e-09	-3.61771191137e-06
1.64362837812e-09	-2.83110580312e-06
1.64728088563e-09	-2.91786861339e-07
1.65093339314e-09	2.78520519714e-06
1.65458590064e-09	4.89539053206e-06
1.65823840815e-09	4.94646786819e-06
1.66189091566e-09	2.77511853142e-06
1.66554342317e-09	-7.61418235129e-07
1.66919593067e-09	-4.16624843069e-06
1.67284843818e-09	-5.9842295741e-06
1.67650094569e-09	-5.46896848164e-06
1.68015345319e-09	-2.92311497674e-06
1.6838059607e-09	4.48454372304e-07
1.68745846821e-09	3.10295283157e-06
1.69111097571e-09	3.87389698631e-06
1.69476348322e-09	2.50023825288e-06
1.69841599073e-09	-2.72152199443e-07
1.70206849824e-09	-3.05462549477e-06
1.70572100574e-09	-4.46883791483e-06
1.70937351325e-09	-3.78429848524e-06
1.71302602076e-09	-1.25039828447e-06
1.71667852826e-09	2.0242345613e-06
1.72033103577e-09	4.58614238141e-06
1.72398354328e-09	5.30732916104e-06
1.72763605078e-09	3.90114621496e-06
1.73128855829e-09	1.04312110238e-06
1.7349410658e-09	-1.95852629759e-06
1.7385935733e-09	-3.78313754368e-06
1.74224608081e-09	-3.7086139173e-06
1.74589858832e-09	-1.92175926372e-06
1.74955109583e-09	6.10072135032e-07
1.75320360333e-09	2.62637865944e-06
1.75685611084e-09	3.17215730661e-06
1.76050861835e-09	2.02273400873e-06
1.76416112585e-09	-2.49330533109e-07
1.76781363336e-09	-2.57230402667e-06
1.77146614087e-09	-3.88266593632e-06
1.77511864837e-09	-3.60590507853e-06
1.77877115588e-09	-1.90009646417e-06
1.78242366339e-09	4.38207209186e-07
1.78607617089e-09	2.35665848436e-06
1.7897286784e-09	3.04108721139e-06
1.79338118591e-09	2.28835187954e-06
1.79703369342e-09	5.79421566727e-07
1.80068620092e-09	-1.18278191508e-06
1.80433870843e-09	-2.13438558205e-06
1.80799121594e-09	-1.87253979789e-06
1.81164372344e-09	-6.22926187077e-07
1.81529623095e-09	9.18361983793e-07
1.81894873846e-09	1.96558458754e-06
1.82260124596e-09	2.03389619458e-06
1.82625375347e-09	1.14484565472e-06
1.82990626098e-09	-2.32434020475e-07
1.83355876849e-09	-1.44326358509e-06
1.83721127599e-09	-1.96680552733e-06
1.8408637835e-09	-1.64332055874e-06
1.84451629101e-09	-7.20393515508e-07
1.84816879851e-09	2.88191262854e-07
1.85182130602e-09	8.61643968619e-07
1.85547381353e-09	7.31397051368e-07
1.85912632103e-09	1.63621294291e-08
1.86277882854e-09	-8.41823577957e-07
1.86643133605e-09	-1.32095394179e-06
1.87008384355e-09	-1.11396545321e-06
1.87373635106e-09	-3.08736968435e-07
1.87738885857e-09	6.58879137916e-07
1.88104136608e-09	1.25856793431e-06
1.88469387358e-09	1.17434126423e-06
1.88834638109e-09	4.83716000588e-07
1.8919988886e-09	-3.9666072027e-07
1.8956513961e-09	-9.56533327212e-07
1.89930390361e-09	-8.77850027337e-07
1.90295641112e-09	-2.00032667763e-07
1.90660891862e-09	7.11464934966e-07
1.91026142613e-09	1.35848227956e-06
1.91391393364e-09	1.35901886722e-06
1.91756644114e-09	6.36271984433e-07
1.92121894865e-09	-5.30256841103e-07
1.92487145616e-09	-1.61536499377e-06
1.92852396367e-09	-2.08416791736e-06
1.93217647117e-09	-1.66105212429e-06
1.93582897868e-09	-5.01876300518e-07
1.93948148619e-09	8.38893285504e-07
1.94313399369e-09	1.66438633187e-06
1.9467865012e-09	1.50166110302e-06
1.95043900871e-09	3.80415659862e-07
1.95409151621e-09	-1.14883798119e-06
1.95774402372e-09	-2.28681432191e-06
1.96139653123e-09	-2.40585646338e-06
1.96504903873e-09	-1.3845888418e-06
1.96870154624e-09	3.25571242854e-07
1.97235405375e-09	1.92919964093e-06
1.97600656126e-09	2.67879289595e-06
1.97965906876e-09	2.22755582513e-06
1.98331157627e-09	7.82650644737e-07
1.98696408378e-09	-9.94078959593e-07
1.99061659128e-09	-2.28220932286e-06
1.99426909879e-09	-2.46998240527e-06
1.9979216063e-09	-1.44271903935e-06
2.0015741138e-09	3.3606686145e-07
2.00522662131e-09	2.00964966268e-06
2.00887912882e-09	2.72301591053e-06
2.01253163633e-09	2.05439393142e-06
2.01618414383e-09	2.59558454729e-07
2.01983665134e-09	-1.82248426484e-06
2.02348915885e-09	-3.17850222586e-06
2.02714166635e-09	-3.13762808446e-06
2.03079417386e-09	-1.71707597474e-06
2.03444668137e-09	3.90148688467e-07
2.03809918887e-09	2.17199360009e-06
2.04175169638e-09	2.80029965438e-06
2.04540420389e-09	2.02030943797e-06
2.04905671139e-09	2.47538393339e-07
2.0527092189e-09	-1.64894498766e-06
2.05636172641e-09	-2.75653854942e-06
2.06001423392e-09	-2.53479586831e-06
2.06366674142e-09	-1.062811819e-06
2.06731924893e-09	9.85554486022e-07
2.07097175644e-09	2.63797838329e-06
2.07462426394e-09	3.07669841959e-06
2.07827677145e-09	2.04646798352e-06
2.08192927896e-09	9.27410059859e-09
2.08558178646e-09	-2.05845390155e-06
2.08923429397e-09	-3.14726247552e-06
2.09288680148e-09	-2.73281483487e-06
2.09653930898e-09	-1.05070816403e-06
2.10019181649e-09	1.02601022434e-06
2.103844324e-09	2.44102380975e-06
2.10749683151e-09	2.49327467827e-06
2.11114933901e-09	1.17722980519e-06
2.11480184652e-09	-8.3668039963e-07
2.11845435403e-09	-2.54854379023e-06
2.12210686153e-09	-3.11554472887e-06
2.12575936904e-09	-2.24597454235e-06
2.12941187655e-09	-3.30440961704e-07
2.13306438405e-09	1.73845724305e-06
2.13671689156e-09	2.97748627531e-06
2.14036939907e-09	2.77871632193e-06
2.14402190658e-09	1.21846818502e-06
2.14767441408e-09	-9.50046867843e-07
2.15132692159e-09	-2.64417568019e-06
2.1549794291e-09	-2.98965505863e-06
2.1586319366e-09	-1.78079129398e-06
2.16228444411e-09	3.88883197644e-07
2.16593695162e-09	2.41297661319e-06
2.16958945912e-09	3.23635759969e-06
2.17324196663e-09	2.400451109e-06
2.17689447414e-09	2.81399334057e-07
2.18054698164e-09	-2.09875176438e-06
2.18419948915e-09	-3.58163853775e-06
2.18785199666e-09	-3.43979172612e-06
2.19150450417e-09	-1.72577105673e-06
2.19515701167e-09	7.53492777505e-07
2.19880951918e-09	2.81503977817e-06
2.20246202669e-09	3.45487939057e-06
2.20611453419e-09	2.32938873523e-06
2.2097670417e-09	-5.81209231854e-08
2.21341954921e-09	-2.56649880725e-06
2.21707205671e-09	-3.94572350615e-06
2.22072456422e-09	-3.45028990978e-06
2.22437707173e-09	-1.23639088656e-06
2.22802957923e-09	1.67390733452e-06
2.23168208674e-09	3.8698902074e-06
2.23533459425e-09	4.2468907111e-06
2.23898710176e-09	2.56800746001e-06
2.24263960926e-09	-3.98760782616e-07
2.24629211677e-09	-3.24377214156e-06
2.24994462428e-09	-4.59796586938e-06
2.25359713178e-09	-3.7960822965e-06
2.25724963929e-09	-1.19930562903e-06
2.2609021468e-09	1.97095866383e-06
2.2645546543e-09	4.20422517777e-06
2.26820716181e-09	4.40926754663e-06
2.27185966932e-09	2.43511959752e-06
2.27551217683e-09	-8.3703429965e-07
2.27916468433e-09	-3.8827889739e-06
2.28281719184e-09	-5.23951985087e-06
2.28646969935e-09	-4.20698813741e-06
2.29012220685e-09	-1.20848372376e-06
2.29377471436e-09	2.37814447246e-06
2.29742722187e-09	4.85926699412e-06
2.30107972937e-09	5.03674891661e-06
2.30473223688e-09	2.79681944448e-06
2.30838474439e-09	-8.19065668622e-07
2.31203725189e-09	-4.10222099845e-06
2.3156897594e-09	-5.48973105197e-06
2.31934226691e-09	-4.30879512692e-06
2.32299477442e-09	-1.09775812973e-06
2.32664728192e-09	2.64513309389e-06
2.33029978943e-09	5.1619763326e-06
2.33395229694e-09	5.25663972439e-06
2.33760480444e-09	2.85634499164e-06
2.34125731195e-09	-9.45619859749e-07
2.34490981946e-09	-4.38965923877e-06
2.34856232696e-09	-5.86627379562e-06
2.35221483447e-09	-4.67316618824e-06
2.35586734198e-09	-1.35550975244e-06
2.35951984948e-09	2.53874614486e-06
2.36317235699e-09	5.18223669133e-06
2.3668248645e-09	5.33119776946e-06
2.37047737201e-09	2.91635862482e-06
2.37412987951e-09	-9.22770908574e-07
2.37778238702e-09	-4.37747098658e-06
2.38143489453e-09	-5.82424235063e-06
2.38508740203e-09	-4.58769955003e-06
2.38873990954e-09	-1.25176410393e-06
2.39239241705e-09	2.62145545094e-06
2.39604492455e-09	5.22813843418e-06
2.39969743206e-09	5.36588743216e-06
2.40334993957e-09	2.9905537815e-06
2.40700244707e-09	-7.70981053222e-07
2.41065495458e-09	-4.15481343907e-06
2.41430746209e-09	-5.58902166858e-06
2.4179599696e-09	-4.42814109647e-06
2.4216124771e-09	-1.24809216118e-06
2.42526498461e-09	2.43532289801e-06
2.42891749212e-09	4.88800287712e-06
2.43256999962e-09	4.97458051996e-06
2.43622250713e-09	2.6841640306e-06
2.43987501464e-09	-8.79999582537e-07
2.44352752214e-09	-4.03429234552e-06
2.44718002965e-09	-5.31313253305e-06
2.45083253716e-09	-4.15224593553e-06
2.45448504467e-09	-1.13878492414e-06
2.45813755217e-09	2.28334909025e-06
2.46179005968e-09	4.50564152743e-06
2.46544256719e-09	4.51457026429e-06
2.46909507469e-09	2.35856853692e-06
2.4727475822e-09	-8.94010526054e-07
2.47640008971e-09	-3.6799971781e-06
2.48005259721e-09	-4.69214342047e-06
2.48370510472e-09	-3.49392320231e-06
2.48735761223e-09	-7.06883554358e-07
2.49101011973e-09	2.31005469686e-06
2.49466262724e-09	4.12411199591e-06
2.49831513475e-09	3.91001125877e-06
2.50196764226e-09	1.82462557063e-06
2.50562014976e-09	-1.09399911707e-06
2.50927265727e-09	-3.44173469102e-06
2.51292516478e-09	-4.12345681866e-06
2.51657767228e-09	-2.86530968197e-06
2.52023017979e-09	-3.26000588302e-07
2.5238826873e-09	2.23834643975e-06
2.5275351948e-09	3.58937177225e-06
2.53118770231e-09	3.10354582211e-06
2.53484020982e-09	1.06311091486e-06
2.53849271732e-09	-1.4981515335e-06
2.54214522483e-09	-3.31442350898e-06
2.54579773234e-09	-3.5133296592e-06
2.54945023985e-09	-2.03622057882e-06
2.55310274735e-09	3.5133431453e-07
2.55675525486e-09	2.45596638138e-06
2.56040776237e-09	3.253844028e-06
2.56406026987e-09	2.38900867089e-06
2.56771277738e-09	3.30894042833e-07
2.57136528489e-09	-1.87567245291e-06
2.57501779239e-09	-3.13473606184e-06
2.5786702999e-09	-2.83701101012e-06
2.58232280741e-09	-1.15153314084e-06
2.58597531492e-09	1.06557568813e-06
2.58962782242e-09	2.69762333005e-06
2.59328032993e-09	2.92134819802e-06
2.59693283744e-09	1.61794048381e-06
2.60058534494e-09	-5.6339417398e-07
2.60423785245e-09	-2.5258721621e-06
2.60789035996e-09	-3.27507916609e-06
2.61154286746e-09	-2.42331176992e-06
2.61519537497e-09	-3.91543331091e-07
2.61884788248e-09	1.79824198199e-06
2.62250038998e-09	3.03710280036e-06
2.62615289749e-09	2.68950498139e-06
2.629805405e-09	9.15461555451e-07
2.63345791251e-09	-1.40630666579e-06
2.63711042001e-09	-3.11389521812e-06
2.64076292752e-09	-3.33801619945e-06
2.64441543503e-09	-1.9349665763e-06
2.64806794253e-09	4.34189480814e-07
2.65172045004e-09	2.61669720203e-06
2.65537295755e-09	3.5257416755e-06
2.65902546505e-09	2.67627623884e-06
2.66267797256e-09	4.39158789334e-07
2.66633048007e-09	-2.11818411344e-06
2.66998298757e-09	-3.73914849661e-06
2.67363549508e-09	-3.59495624025e-06
2.67728800259e-09	-1.70842666591e-06
2.6809405101e-09	1.0336411691e-06
2.6845930176e-09	3.29783031816e-06
2.68824552511e-09	3.95390796371e-06
2.69189803262e-09	2.63725004856e-06
2.69555054012e-09	-5.69908302772e-08
2.69920304763e-09	-2.84871225631e-06
2.70285555514e-09	-4.38520271473e-06
2.70650806264e-09	-3.89541736467e-06
2.71016057015e-09	-1.5704767975e-06
2.71381307766e-09	1.51307932583e-06
2.71746558517e-09	3.89399338019e-06
2.72111809267e-09	4.41763233994e-06
2.72477060018e-09	2.79373298895e-06
2.72842310769e-09	-2.46467102727e-07
2.73207561519e-09	-3.27727661897e-06
2.7357281227e-09	-4.84581505589e-06
2.73938063021e-09	-4.16860908103e-06
2.74303313771e-09	-1.52265627662e-06
2.74668564522e-09	1.86581843309e-06
2.75033815273e-09	4.39271803998e-06
2.75399066023e-09	4.83894456238e-06
2.75764316774e-09	2.9592890769e-06
2.76129567525e-09	-3.891707685e-07
2.76494818276e-09	-3.64332302638e-06
2.76860069026e-09	-5.26862459083e-06
2.77225319777e-09	-4.48362322913e-06
2.77590570528e-09	-1.63344701321e-06
2.77955821278e-09	1.96400119989e-06
2.78321072029e-09	4.62820048597e-06
2.7868632278e-09	5.1005839623e-06
2.7905157353e-09	3.13831020549e-06
2.79416824281e-09	-3.6160187733e-07
2.79782075032e-09	-3.77187788558e-06
2.80147325782e-09	-5.49252780502e-06
2.80512576533e-09	-4.70354217441e-06
2.80877827284e-09	-1.75655678447e-06
2.81243078035e-09	1.98345355784e-06
2.81608328785e-09	4.7750748422e-06
2.81973579536e-09	5.31620582933e-06
2.82338830287e-09	3.35303431598e-06
2.82704081037e-09	-2.02847285635e-07
2.83069331788e-09	-3.70168271502e-06
2.83434582539e-09	-5.52359119865e-06
2.83799833289e-09	-4.82896513176e-06
2.8416508404e-09	-1.94425307143e-06
2.84530334791e-09	1.79196777594e-06
2.84895585541e-09	4.6500292683e-06
2.85260836292e-09	5.30990377001e-06
2.85626087043e-09	3.47182964333e-06
2.85991337794e-09	-6.58948534626e-09
2.86356588544e-09	-3.51138180577e-06
2.86721839295e-09	-5.42472719189e-06
2.87087090046e-09	-4.87622821765e-06
2.87452340796e-09	-2.14079821603e-06
2.87817591547e-09	1.50053593018e-06
2.88182842298e-09	4.36553716554e-06
2.88548093048e-09	5.15209006835e-06
2.88913343799e-09	3.53057814095e-06
2.8927859455e-09	2.78078005067e-07
2.89643845301e-09	-3.09592735448e-06
2.90009096051e-09	-5.0505816489e-06
2.90374346802e-09	-4.71573821414e-06
2.90739597553e-09	-2.27788345342e-06
2.91104848303e-09	1.12029427157e-06
2.91470099054e-09	3.91438538827e-06
2.91835349805e-09	4.83958768882e-06
2.92200600555e-09	3.50630790535e-06
2.92565851306e-09	5.65811419051e-07
2.92931102057e-09	-2.60745787273e-06
2.93296352807e-09	-4.56295833828e-06
2.93661603558e-09	-4.44311302772e-06
2.94026854309e-09	-2.36093856643e-06
2.9439210506e-09	6.81153338178e-07
2.9475735581e-09	3.27823141788e-06
2.95122606561e-09	4.27458795116e-06
2.95487857312e-09	3.2761587363e-06
2.95853108062e-09	7.98230452403e-07
2.96218358813e-09	-1.99969207415e-06
2.96583609564e-09	-3.85531131997e-06
2.96948860314e-09	-3.97024328436e-06
2.97314111065e-09	-2.35119662761e-06
2.97679361816e-09	2.18233267901e-07
2.98044612566e-09	2.55343940125e-06
2.98409863317e-09	3.61580214303e-06
2.98775114068e-09	2.9790551821e-06
2.99140364819e-09	1.00181449625e-06
2.99505615569e-09	-1.36667067352e-06
2.9987086632e-09	-3.04608798274e-06
3.00236117071e-09	-3.32383825707e-06
3.00601367821e-09	-2.15769020429e-06
3.00966618572e-09	-1.52554834543e-07
3.01331869323e-09	1.75464259655e-06
3.01697120073e-09	2.73514271498e-06
3.02062370824e-09	2.42445182153e-06
3.02427621575e-09	1.04562499814e-06
3.02792872326e-09	-7.3232842368e-07
3.03158123076e-09	-2.11563485664e-06
3.03523373827e-09	-2.53623591107e-06
3.03888624578e-09	-1.8813128122e-06
3.04253875328e-09	-5.12279100917e-07
3.04619126079e-09	9.24147130377e-07
3.0498437683e-09	1.80063737787e-06
3.0534962758e-09	1.78723149702e-06
3.05714878331e-09	9.75744661957e-07
3.06080129082e-09	-1.9977989929e-07
3.06445379832e-09	-1.19427394907e-06
3.06810630583e-09	-1.61008172483e-06
3.07175881334e-09	-1.35425125336e-06
3.07541132085e-09	-6.32668417211e-07
3.07906382835e-09	1.90651988419e-07
3.08271633586e-09	7.77434244981e-07
3.08636884337e-09	9.48959183233e-07
3.09002135087e-09	7.21230911438e-07
3.09367385838e-09	2.53165708841e-07
3.09732636589e-09	-2.47436757306e-07
3.10097887339e-09	-6.10428891434e-07
3.1046313809e-09	-7.53132034959e-07
3.10828388841e-09	-6.84382811755e-07
3.11193639591e-09	-4.73144179836e-07
3.11558890342e-09	-2.02230875601e-07
3.11924141093e-09	6.65701271885e-08
3.12289391844e-09	2.97845396346e-07
3.12654642594e-09	4.6087191663e-07
3.13019893345e-09	5.06229653752e-07
3.13385144096e-09	3.72298302409e-07
3.13750394846e-09	3.08303200747e-08
3.14115645597e-09	-4.5531860593e-07
3.14480896348e-09	-9.13504997868e-07
3.14846147098e-09	-1.11670266278e-06
3.15211397849e-09	-8.99965456824e-07
3.155766486e-09	-2.7413389958e-07
3.15941899351e-09	5.37773921394e-07
3.16307150101e-09	1.17914041198e-06
3.16672400852e-09	1.32306786327e-06
3.17037651603e-09	8.40087473364e-07
3.17402902353e-09	-1.17426466772e-07
3.17768153104e-09	-1.16002819084e-06
3.18133403855e-09	-1.82088315626e-06
3.18498654605e-09	-1.76293423237e-06
3.18863905356e-09	-9.44826489047e-07
3.19229156107e-09	3.309910106e-07
3.19594406857e-09	1.52180149371e-06
3.19959657608e-09	2.07111941108e-06
3.20324908359e-09	1.66874887952e-06
3.2069015911e-09	4.23244642889e-07
3.2105540986e-09	-1.14952791819e-06
3.21420660611e-09	-2.33877102573e-06
3.21785911362e-09	-2.56573122215e-06
3.22151162112e-09	-1.67043981492e-06
3.22516412863e-09	-1.1377339515e-08
3.22881663614e-09	1.68055636607e-06
3.23246914364e-09	2.63119991928e-06
3.23612165115e-09	2.38104485106e-06
3.23977415866e-09	1.00454536778e-06
3.24342666616e-09	-9.10938226184e-07
3.24707917367e-09	-2.51790172001e-06
3.25073168118e-09	-3.08296463913e-06
3.25438418869e-09	-2.3194272103e-06
3.25803669619e-09	-5.30630963169e-07
3.2616892037e-09	1.50624194362e-06
3.26534171121e-09	2.87599280568e-06
3.26899421871e-09	2.9384588629e-06
3.27264672622e-09	1.63220100546e-06
3.27629923373e-09	-4.79500201322e-07
3.27995174123e-09	-2.45264729415e-06
3.28360424874e-09	-3.39095936397e-06
3.28725675625e-09	-2.85929903043e-06
3.29090926376e-09	-1.08672141153e-06
3.29456177126e-09	1.13621192099e-06
3.29821427877e-09	2.81617516862e-06
3.30186678628e-09	3.204232911e-06
3.30551929378e-09	2.12874132899e-06
3.30917180129e-09	6.81994656304e-08
3.3128243088e-09	-2.06341867681e-06
3.3164768163e-09	-3.32189216579e-06
3.32012932381e-09	-3.15071022783e-06
3.32378183132e-09	-1.62847923946e-06
3.32743433882e-09	5.65162117994e-07
3.33108684633e-09	2.4529304028e-06
3.33473935384e-09	3.19906348523e-06
3.33839186135e-09	2.48450419349e-06
3.34204436885e-09	6.4581391257e-07
3.34569687636e-09	-1.4856608459e-06
3.34934938387e-09	-2.96563160873e-06
3.35300189137e-09	-3.16035385595e-06
3.35665439888e-09	-2.0178567155e-06
3.36030690639e-09	-7.1805214219e-08
3.36395941389e-09	1.81149763989e-06
3.3676119214e-09	2.82031018628e-06
3.37126442891e-09	2.54571517644e-06
3.37491693641e-09	1.14436079457e-06
3.37856944392e-09	-7.46761607218e-07
3.38222195143e-09	-2.29918700256e-06
3.38587445894e-09	-2.85691046997e-06
3.38952696644e-09	-2.21581120741e-06
3.39317947395e-09	-6.97430664331e-07
3.39683198146e-09	1.01125124985e-06
3.40048448896e-09	2.17330969576e-06
3.40413699647e-09	2.32465069416e-06
3.40778950398e-09	1.45830875908e-06
3.41144201148e-09	-2.96112923071e-09
3.41509451899e-09	-1.41694616218e-06
3.4187470265e-09	-2.20697290843e-06
3.422399534e-09	-2.09348675639e-06
3.42605204151e-09	-1.18242870428e-06
3.42970454902e-09	1.08768669627e-07
3.43335705653e-09	1.24124721879e-06
3.43700956403e-09	1.77652597699e-06
3.44066207154e-09	1.54216888859e-06
3.44431457905e-09	6.81541372671e-07
3.44796708655e-09	-4.25564532947e-07
3.45161959406e-09	-1.33194001251e-06
3.45527210157e-09	-1.70606421079e-06
3.45892460907e-09	-1.45104469595e-06
3.46257711658e-09	-7.15573605703e-07
3.46622962409e-09	1.93047352326e-07
3.4698821316e-09	9.41540200472e-07
3.4735346391e-09	1.28710075842e-06
3.47718714661e-09	1.14048572186e-06
3.48083965412e-09	5.72038338476e-07
3.48449216162e-09	-2.22286868024e-07
3.48814466913e-09	-9.78496338178e-07
3.49179717664e-09	-1.43761857885e-06
3.49544968414e-09	-1.42604687881e-06
3.49910219165e-09	-9.23069265468e-07
3.50275469916e-09	-8.55376649511e-08
3.50640720666e-09	7.92369803548e-07
3.51005971417e-09	1.37933646727e-06
3.51371222168e-09	1.43172498213e-06
3.51736472919e-09	8.93337961827e-07
3.52101723669e-09	-6.96600555017e-08
3.5246697442e-09	-1.11375908318e-06
3.52832225171e-09	-1.83189024483e-06
3.53197475921e-09	-1.90362216301e-06
3.53562726672e-09	-1.23435215471e-06
3.53927977423e-09	-2.7082109888e-08
3.54293228173e-09	1.2592803813e-06
3.54658478924e-09	2.07462116464e-06
3.55023729675e-09	2.01412143497e-06
3.55388980425e-09	1.02401596536e-06
3.55754231176e-09	-5.32705470846e-07
3.56119481927e-09	-2.00400862127e-06
3.56484732678e-09	-2.72733598194e-06
3.56849983428e-09	-2.33407988048e-06
3.57215234179e-09	-9.34637185424e-07
3.5758048493e-09	9.07183874688e-07
3.5794573568e-09	2.40414607333e-06
3.58310986431e-09	2.88155030148e-06
3.58676237182e-09	2.07686066744e-06
3.59041487932e-09	2.75289719909e-07
3.59406738683e-09	-1.78290747499e-06
3.59771989434e-09	-3.19910679991e-06
3.60137240185e-09	-3.30519557679e-06
3.60502490935e-09	-1.98128371665e-06
3.60867741686e-09	2.50797976165e-07
3.61232992437e-09	2.42463843847e-06
3.61598243187e-09	3.5504222069e-06
3.61963493938e-09	3.07443417569e-06
3.62328744689e-09	1.15628093056e-06
3.62693995439e-09	-1.37963493785e-06
3.6305924619e-09	-3.40602690585e-06
3.63424496941e-09	-4.00157202307e-06
3.63789747691e-09	-2.87094636064e-06
3.64154998442e-09	-4.84308454674e-07
3.64520249193e-09	2.12274379408e-06
3.64885499944e-09	3.79895305969e-06
3.65250750694e-09	3.78153328029e-06
3.65616001445e-09	2.04019767125e-06
3.65981252196e-09	-6.900835956e-07
3.66346502946e-09	-3.21225331845e-06
3.66711753697e-09	-4.38899252231e-06
3.67077004448e-09	-3.6598273141e-06
3.67442255198e-09	-1.31601149178e-06
3.67807505949e-09	1.60859538312e-06
3.681727567e-09	3.79688677299e-06
3.6853800745e-09	4.25175295504e-06
3.68903258201e-09	2.75860102761e-06
3.69268508952e-09	-1.40215872246e-08
3.69633759703e-09	-2.82168258536e-06
3.69999010453e-09	-4.4109884243e-06
3.70364261204e-09	-4.08067373314e-06
3.70729511955e-09	-1.98632231729e-06
3.71094762705e-09	9.3811836166e-07
3.71460013456e-09	3.39679357353e-06
3.71825264207e-09	4.30215737879e-06
3.72190514957e-09	3.25310401195e-06
3.72555765708e-09	7.15849594712e-07
3.72921016459e-09	-2.17673252223e-06
3.7328626721e-09	-4.12753539081e-06
3.7365151796e-09	-4.26146272048e-06
3.74016768711e-09	-2.52745107332e-06
3.74382019462e-09	2.76462692739e-07
3.74747270212e-09	2.87285007516e-06
3.75112520963e-09	4.09648390587e-06
3.75477771714e-09	3.42553761357e-06
3.75843022464e-09	1.20389556457e-06
3.76208273215e-09	-1.53946746195e-06
3.76573523966e-09	-3.57359695613e-06
3.76938774716e-09	-4.01919680826e-06
3.77304025467e-09	-2.72348307817e-06
3.77669276218e-09	-3.03513676414e-07
3.78034526969e-09	2.14591223369e-06
3.78399777719e-09	3.54239764988e-06
3.7876502847e-09	3.29154022438e-06
3.79130279221e-09	1.54241951122e-06
3.79495529971e-09	-8.88309067193e-07
3.79860780722e-09	-2.89314803581e-06
3.80226031473e-09	-3.58198073513e-06
3.80591282223e-09	-2.68612561172e-06
3.80956532974e-09	-6.67097083351e-07
3.81321783725e-09	1.51918374058e-06
3.81687034475e-09	2.88176852337e-06
3.82052285226e-09	2.85080608364e-06
3.82417535977e-09	1.5143563985e-06
3.82782786728e-09	-4.60396350377e-07
3.83148037478e-09	-2.16233092942e-06
3.83513288229e-09	-2.85587353233e-06
3.8387853898e-09	-2.29342009561e-06
3.8424378973e-09	-7.94015143413e-07
3.84609040481e-09	9.27591543132e-07
3.84974291232e-09	2.09472025858e-06
3.85339541982e-09	2.21543496082e-06
3.85704792733e-09	1.29214637923e-06
3.86070043484e-09	-1.97870521745e-07
3.86435294234e-09	-1.54038026778e-06
3.86800544985e-09	-2.12780435049e-06
3.87165795736e-09	-1.74146838106e-06
3.87531046487e-09	-6.3464785427e-07
3.87896297237e-09	6.18634729221e-07
3.88261547988e-09	1.42255377966e-06
3.88626798739e-09	1.44638681832e-06
3.88992049489e-09	7.57852980371e-07
3.8935730024e-09	-2.48637784139e-07
3.89722550991e-09	-1.07123128856e-06
3.90087801741e-09	-1.34619946834e-06
3.90453052492e-09	-1.0023408592e-06
3.90818303243e-09	-2.65533824262e-07
3.91183553994e-09	4.72395367268e-07
3.91548804744e-09	8.50418963694e-07
3.91914055495e-09	7.09491480677e-07
3.92279306246e-09	1.61125036868e-07
3.92644556996e-09	-4.78221839018e-07
3.93009807747e-09	-8.56729258203e-07
3.93375058498e-09	-7.76144325698e-07
3.93740309248e-09	-2.98929844433e-07
3.94105559999e-09	2.88465397347e-07
3.9447081075e-09	6.39292011329e-07
3.948360615e-09	5.45101336513e-07
3.95201312251e-09	5.49546292916e-08
3.95566563002e-09	-5.53399601699e-07
3.95931813753e-09	-9.30851825842e-07
3.96297064503e-09	-8.51377194522e-07
3.96662315254e-09	-3.35463667511e-07
3.97027566005e-09	3.59574119813e-07
3.97392816755e-09	8.71328637686e-07
3.97758067506e-09	9.15593261652e-07
3.98123318257e-09	4.32064911848e-07
3.98488569007e-09	-3.74838919015e-07
3.98853819758e-09	-1.12098156535e-06
3.99219070509e-09	-1.42012557092e-06
3.99584321259e-09	-1.07758114609e-06
3.9994957201e-09	-2.06821887616e-07
4.00314822761e-09	7.9909321471e-07
4.00680073512e-09	1.44366825339e-06
4.01045324262e-09	1.37421282886e-06
4.01410575013e-09	5.74488467464e-07
4.01775825764e-09	-6.04916600366e-07
4.02141076514e-09	-1.60513889114e-06
4.02506327265e-09	-1.9308985344e-06
4.02871578016e-09	-1.39745039007e-06
4.03236828766e-09	-2.27296791167e-07
4.03602079517e-09	1.04954494873e-06
4.03967330268e-09	1.84065316944e-06
4.04332581019e-09	1.76443177224e-06
4.04697831769e-09	8.27948511528e-07
4.0506308252e-09	-5.67881528468e-07
4.05428333271e-09	-1.79846637138e-06
4.05793584021e-09	-2.29151675057e-06
4.06158834772e-09	-1.79153873603e-06
4.06524085523e-09	-4.92829911991e-07
4.06889336273e-09	1.02990256323e-06
4.07254587024e-09	2.07551637743e-06
4.07619837775e-09	2.14415356936e-06
4.07985088525e-09	1.18204900446e-06
4.08350339276e-09	-3.82182864911e-07
4.08715590027e-09	-1.83333742143e-06
4.09080840778e-09	-2.50453913964e-06
4.09446091528e-09	-2.08776172883e-06
4.09811342279e-09	-7.72403112137e-07
4.1017659303e-09	8.47490753131e-07
4.1054184378e-09	2.04606061516e-06
4.10907094531e-09	2.28992979601e-06
4.11272345282e-09	1.47129158279e-06
4.11637596032e-09	-4.70833114719e-08
4.12002846783e-09	-1.59095731078e-06
4.12368097534e-09	-2.47061902314e-06
4.12733348284e-09	-2.28842367278e-06
4.13098599035e-09	-1.12242715034e-06
4.13463849786e-09	5.02218910015e-07
4.13829100537e-09	1.84897284328e-06
4.14194351287e-09	2.30884404573e-06
4.14559602038e-09	1.6824352258e-06
4.14924852789e-09	2.69161091637e-07
4.15290103539e-09	-1.27941034123e-06
4.1565535429e-09	-2.26644954182e-06
4.16020605041e-09	-2.26770382028e-06
4.16385855791e-09	-1.31147577065e-06
4.16751106542e-09	1.5212979676e-07
4.17116357293e-09	1.46616073948e-06
4.17481608044e-09	2.06036855843e-06
4.17846858794e-09	1.69482721901e-06
4.18212109545e-09	5.53887488763e-07
4.18577360296e-09	-8.43225699043e-07
4.18942611046e-09	-1.87480436864e-06
4.19307861797e-09	-2.09242884353e-06
4.19673112548e-09	-1.4194015705e-06
4.20038363298e-09	-1.80968903862e-07
4.20403614049e-09	1.05028816932e-06
4.207688648e-09	1.7224493547e-06
4.2113411555e-09	1.5575913892e-06
4.21499366301e-09	6.68703954432e-07
4.21864617052e-09	-5.10599363679e-07
4.22229867803e-09	-1.44147982439e-06
4.22595118553e-09	-1.72881976823e-06
4.22960369304e-09	-1.28715771552e-06
4.23325620055e-09	-3.55475854974e-07
4.23690870805e-09	6.30175556182e-07
4.24056121556e-09	1.23872689528e-06
4.24421372307e-09	1.22878002173e-06
4.24786623057e-09	6.41344364283e-07
4.25151873808e-09	-2.32367499464e-07
4.25517124559e-09	-9.89720277289e-07
4.25882375309e-09	-1.30021541622e-06
4.2624762606e-09	-1.05205147349e-06
4.26612876811e-09	-3.94462894349e-07
4.26978127562e-09	3.43633224986e-07
4.27343378312e-09	8.1803088392e-07
4.27708629063e-09	8.33231524666e-07
4.28073879814e-09	4.24856160919e-07
4.28439130564e-09	-1.76580300604e-07
4.28804381315e-09	-6.73044894484e-07
4.29169632066e-09	-8.47042187502e-07
4.29534882816e-09	-6.55043123743e-07
4.29900133567e-09	-2.28811622094e-07
4.30265384318e-09	2.0548652202e-07
4.30630635068e-09	4.41966900411e-07
4.30995885819e-09	3.88892203773e-07
4.3136113657e-09	1.01422615195e-07
4.31726387321e-09	-2.55264506421e-07
4.32091638071e-09	-4.92542607589e-07
4.32456888822e-09	-4.93135598134e-07
4.32822139573e-09	-2.69187705015e-07
4.33187390323e-09	4.60442959316e-08
4.33552641074e-09	2.7035533634e-07
4.33917891825e-09	2.72544417257e-07
4.34283142575e-09	4.64606748629e-08
4.34648393326e-09	-2.83051861061e-07
4.35013644077e-09	-5.27266223571e-07
4.35378894828e-09	-5.37954637281e-07
4.35744145578e-09	-2.91182885803e-07
4.36109396329e-09	9.50580059111e-08
4.3647464708e-09	4.19663550133e-07
4.3683989783e-09	5.01621624238e-07
4.37205148581e-09	2.75481866652e-07
4.37570399332e-09	-1.69823699991e-07
4.37935650082e-09	-6.27125466224e-07
4.38300900833e-09	-8.67107843305e-07
4.38666151584e-09	-7.49609888828e-07
4.39031402334e-09	-2.98830389767e-07
4.39396653085e-09	2.95771723557e-07
4.39761903836e-09	7.58262196143e-07
4.40127154587e-09	8.5324347765e-07
4.40492405337e-09	5.0333808943e-07
4.40857656088e-09	-1.61032179591e-07
4.41222906839e-09	-8.48858491054e-07
4.41588157589e-09	-1.23686456277e-06
4.4195340834e-09	-1.12149770359e-06
4.42318659091e-09	-5.22788145219e-07
4.42683909841e-09	3.12261327906e-07
4.43049160592e-09	1.01238241967e-06
4.43414411343e-09	1.2479352165e-06
4.43779662093e-09	8.84802176415e-07
4.44144912844e-09	5.58152972729e-08
4.44510163595e-09	-8.87202347144e-07
4.44875414346e-09	-1.52291865163e-06
4.45240665096e-09	-1.54894601678e-06
4.45605915847e-09	-9.24165675542e-07
4.45971166598e-09	1.00838201789e-07
4.46336417348e-09	1.08448222136e-06
4.46701668099e-09	1.58493693903e-06
4.4706691885e-09	1.35848223692e-06
4.474321696e-09	4.76065505239e-07
4.47797420351e-09	-6.96575895631e-07
4.48162671102e-09	-1.65062840551e-06
4.48527921853e-09	-1.95466932951e-06
4.48893172603e-09	-1.44879895458e-06
4.49258423354e-09	-3.25868029449e-07
4.49623674105e-09	9.40319004883e-07
4.49988924855e-09	1.79428172942e-06
4.50354175606e-09	1.84287557659e-06
4.50719426357e-09	1.03651780137e-06
