2.55214e-14	-0.000113841
7.65643e-14	-0.000116659
1.27607e-13	-0.000119501
1.7865e-13	-0.000122367
2.29693e-13	-0.000125253
2.80736e-13	-0.000128157
3.31779e-13	-0.000131077
3.82822e-13	-0.000134009
4.33864e-13	-0.000136951
4.84907e-13	-0.000139899
5.3595e-13	-0.00014285
5.86993e-13	-0.0001458
6.38036e-13	-0.000148746
6.89079e-13	-0.000151684
7.40122e-13	-0.000154609
7.91165e-13	-0.000157516
8.42207e-13	-0.000160402
8.9325e-13	-0.00016326
9.44293e-13	-0.000166087
9.95336e-13	-0.000168875
1.04638e-12	-0.00017162
1.09742e-12	-0.000174315
1.14846e-12	-0.000176955
1.19951e-12	-0.000179531
1.25055e-12	-0.000182038
1.30159e-12	-0.000184468
1.35264e-12	-0.000186813
1.40368e-12	-0.000189066
1.45472e-12	-0.000191218
1.50576e-12	-0.00019326
1.55681e-12	-0.000195183
1.60785e-12	-0.000196979
1.65889e-12	-0.000198637
1.70994e-12	-0.000200146
1.76098e-12	-0.000201497
1.81202e-12	-0.000202679
1.86306e-12	-0.00020368
1.91411e-12	-0.000204487
1.96515e-12	-0.00020509
2.01619e-12	-0.000205475
2.06724e-12	-0.000205629
2.11828e-12	-0.000205538
2.16932e-12	-0.000205188
2.22037e-12	-0.000204564
2.27141e-12	-0.000203652
2.32245e-12	-0.000202436
2.37349e-12	-0.000200899
2.42454e-12	-0.000199025
2.47558e-12	-0.000196796
2.52662e-12	-0.000194195
2.57767e-12	-0.000191204
2.62871e-12	-0.000187804
2.67975e-12	-0.000183975
2.73079e-12	-0.000179696
2.78184e-12	-0.000174949
2.83288e-12	-0.000169711
2.88392e-12	-0.00016396
2.93497e-12	-0.000157674
2.98601e-12	-0.00015083
3.03705e-12	-0.000143405
3.08809e-12	-0.000135374
3.13914e-12	-0.000126712
3.19018e-12	-0.000117393
3.24122e-12	-0.000107392
3.29227e-12	-9.66815e-05
3.34331e-12	-8.52337e-05
3.39435e-12	-7.30207e-05
3.44539e-12	-6.00136e-05
3.49644e-12	-4.61829e-05
3.54748e-12	-3.14984e-05
3.59852e-12	-1.59292e-05
3.64957e-12	5.56153e-07
3.70061e-12	1.79899e-05
3.75165e-12	3.64049e-05
3.80269e-12	5.58347e-05
3.85374e-12	7.63135e-05
3.90478e-12	9.78762e-05
3.95582e-12	0.000120558
4.00687e-12	0.000144396
4.05791e-12	0.000169426
4.10895e-12	0.000195687
4.15999e-12	0.000223215
4.21104e-12	0.000252051
4.26208e-12	0.000282232
4.31312e-12	0.000313801
4.36417e-12	0.000346796
4.41521e-12	0.000381259
4.46625e-12	0.000417233
4.51729e-12	0.000454759
4.56834e-12	0.000493881
4.61938e-12	0.000534641
4.67042e-12	0.000577085
4.72147e-12	0.000621255
4.77251e-12	0.000667199
4.82355e-12	0.00071496
4.87459e-12	0.000764585
4.92564e-12	0.000816119
4.97668e-12	0.000869611
5.02772e-12	0.000925106
5.07877e-12	0.000982653
5.12981e-12	0.0010423
5.18085e-12	0.00110409
5.23189e-12	0.00116808
5.28294e-12	0.00123431
5.33398e-12	0.00130283
5.38502e-12	0.00137369
5.43607e-12	0.00144694
5.48711e-12	0.00152263
5.53815e-12	0.00160081
5.58919e-12	0.00168152
5.64024e-12	0.00176482
5.69128e-12	0.00185075
5.74232e-12	0.00193936
5.79337e-12	0.0020307
5.84441e-12	0.00212482
5.89545e-12	0.00222176
5.9465e-12	0.00232158
5.99754e-12	0.00242431
6.04858e-12	0.00253
6.09962e-12	0.00263871
6.15067e-12	0.00275047
6.20171e-12	0.00286532
6.25275e-12	0.00298332
6.3038e-12	0.0031045
6.35484e-12	0.00322891
6.40588e-12	0.00335658
6.45692e-12	0.00348755
6.50797e-12	0.00362187
6.55901e-12	0.00375956
6.61005e-12	0.00390067
6.6611e-12	0.00404522
6.71214e-12	0.00419326
6.76318e-12	0.0043448
6.81422e-12	0.00449988
6.86527e-12	0.00465853
6.91631e-12	0.00482077
6.96735e-12	0.00498662
7.0184e-12	0.0051561
7.06944e-12	0.00532924
7.12048e-12	0.00550604
7.17152e-12	0.00568653
7.22257e-12	0.00587071
7.27361e-12	0.00605859
7.32465e-12	0.00625018
7.3757e-12	0.00644548
7.42674e-12	0.00664448
7.47778e-12	0.0068472
7.52882e-12	0.0070536
7.57987e-12	0.0072637
7.63091e-12	0.00747747
7.68195e-12	0.0076949
7.733e-12	0.00791596
7.78404e-12	0.00814063
7.83508e-12	0.00836887
7.88612e-12	0.00860067
7.93717e-12	0.00883597
7.98821e-12	0.00907473
8.03925e-12	0.00931691
8.0903e-12	0.00956246
8.14134e-12	0.00981131
8.19238e-12	0.0100634
8.24342e-12	0.0103187
8.29447e-12	0.0105771
8.34551e-12	0.0108385
8.39655e-12	0.0111029
8.4476e-12	0.0113701
8.49864e-12	0.0116401
8.54968e-12	0.0119127
8.60072e-12	0.0121879
8.65177e-12	0.0124655
8.70281e-12	0.0127454
8.75385e-12	0.0130276
8.8049e-12	0.0133118
8.85594e-12	0.0135979
8.90698e-12	0.0138857
8.95802e-12	0.0141752
9.00907e-12	0.0144662
9.06011e-12	0.0147584
9.11115e-12	0.0150517
9.1622e-12	0.015346
9.21324e-12	0.015641
9.26428e-12	0.0159365
9.31532e-12	0.0162323
9.36637e-12	0.0165282
9.41741e-12	0.016824
9.46845e-12	0.0171195
9.5195e-12	0.0174144
9.57054e-12	0.0177084
9.62158e-12	0.0180013
9.67263e-12	0.0182928
9.72367e-12	0.0185827
9.77471e-12	0.0188706
9.82575e-12	0.0191563
9.8768e-12	0.0194395
9.92784e-12	0.0197198
9.97888e-12	0.019997
1.00299e-11	0.0202706
1.0081e-11	0.0205404
1.0132e-11	0.020806
1.01831e-11	0.021067
1.02341e-11	0.0213231
1.02851e-11	0.0215739
1.03362e-11	0.021819
1.03872e-11	0.022058
1.04383e-11	0.0222904
1.04893e-11	0.022516
1.05404e-11	0.0227342
1.05914e-11	0.0229446
1.06424e-11	0.0231467
1.06935e-11	0.0233401
1.07445e-11	0.0235244
1.07956e-11	0.023699
1.08466e-11	0.0238635
1.08977e-11	0.0240174
1.09487e-11	0.0241601
1.09997e-11	0.0242911
1.10508e-11	0.02441
1.11018e-11	0.0245162
1.11529e-11	0.0246092
1.12039e-11	0.0246883
1.1255e-11	0.0247531
1.1306e-11	0.0248029
1.1357e-11	0.0248372
1.14081e-11	0.0248555
1.14591e-11	0.024857
1.15102e-11	0.0248413
1.15612e-11	0.0248077
1.16123e-11	0.0247556
1.16633e-11	0.0246843
1.17143e-11	0.0245933
1.17654e-11	0.0244818
1.18164e-11	0.0243494
1.18675e-11	0.0241952
1.19185e-11	0.0240187
1.19696e-11	0.0238191
1.20206e-11	0.0235959
1.20716e-11	0.0233484
1.21227e-11	0.0230758
1.21737e-11	0.0227775
1.22248e-11	0.0224528
1.22758e-11	0.022101
1.23269e-11	0.0217215
1.23779e-11	0.0213135
1.24289e-11	0.0208763
1.248e-11	0.0204093
1.2531e-11	0.0199117
1.25821e-11	0.0193829
1.26331e-11	0.0188221
1.26842e-11	0.0182286
1.27352e-11	0.0176018
1.27862e-11	0.016941
1.28373e-11	0.0162454
1.28883e-11	0.0155144
1.29394e-11	0.0147472
1.29904e-11	0.0139432
1.30415e-11	0.0131017
1.30925e-11	0.012222
1.31435e-11	0.0113035
1.31946e-11	0.0103454
1.32456e-11	0.00934717
1.32967e-11	0.00830808
1.33477e-11	0.0072275
1.33988e-11	0.00610479
1.34498e-11	0.00493933
1.35008e-11	0.00373049
1.35519e-11	0.00247767
1.36029e-11	0.00118027
1.3654e-11	-0.000162302
1.3705e-11	-0.00155061
1.37561e-11	-0.00298521
1.38071e-11	-0.00446666
1.38581e-11	-0.00599547
1.39092e-11	-0.00757218
1.39602e-11	-0.00919726
1.40113e-11	-0.0108712
1.40623e-11	-0.0125945
1.41134e-11	-0.0143675
1.41644e-11	-0.0161908
1.42154e-11	-0.0180646
1.42665e-11	-0.0199894
1.43175e-11	-0.0219656
1.43686e-11	-0.0239934
1.44196e-11	-0.0260732
1.44707e-11	-0.0282053
1.45217e-11	-0.0303899
1.45727e-11	-0.0326274
1.46238e-11	-0.0349177
1.46748e-11	-0.0372613
1.47259e-11	-0.0396582
1.47769e-11	-0.0421085
1.4828e-11	-0.0446124
1.4879e-11	-0.0471699
1.493e-11	-0.049781
1.49811e-11	-0.0524457
1.50321e-11	-0.0551641
1.50832e-11	-0.0579359
1.51342e-11	-0.0607612
1.51853e-11	-0.0636398
1.52363e-11	-0.0665715
1.52873e-11	-0.0695561
1.53384e-11	-0.0725933
1.53894e-11	-0.0756829
1.54405e-11	-0.0788245
1.54915e-11	-0.0820178
1.55426e-11	-0.0852624
1.55936e-11	-0.0885577
1.56446e-11	-0.0919033
1.56957e-11	-0.0952987
1.57467e-11	-0.0987433
1.57978e-11	-0.102236
1.58488e-11	-0.105778
1.58999e-11	-0.109366
1.59509e-11	-0.113
1.60019e-11	-0.116681
1.6053e-11	-0.120406
1.6104e-11	-0.124175
1.61551e-11	-0.127987
1.62061e-11	-0.131841
1.62572e-11	-0.135736
1.63082e-11	-0.13967
1.63592e-11	-0.143644
1.64103e-11	-0.147654
1.64613e-11	-0.151701
1.65124e-11	-0.155784
1.65634e-11	-0.159899
1.66145e-11	-0.164047
1.66655e-11	-0.168226
1.67165e-11	-0.172435
1.67676e-11	-0.176671
1.68186e-11	-0.180933
1.68697e-11	-0.18522
1.69207e-11	-0.18953
1.69718e-11	-0.193861
1.70228e-11	-0.198212
1.70738e-11	-0.20258
1.71249e-11	-0.206964
1.71759e-11	-0.211362
1.7227e-11	-0.215771
1.7278e-11	-0.220191
1.73291e-11	-0.224618
1.73801e-11	-0.22905
1.74311e-11	-0.233487
1.74822e-11	-0.237924
1.75332e-11	-0.24236
1.75843e-11	-0.246793
1.76353e-11	-0.251221
1.76864e-11	-0.25564
1.77374e-11	-0.260049
1.77884e-11	-0.264445
1.78395e-11	-0.268825
1.78905e-11	-0.273187
1.79416e-11	-0.277529
1.79926e-11	-0.281847
1.80437e-11	-0.28614
1.80947e-11	-0.290403
1.81457e-11	-0.294636
1.81968e-11	-0.298834
1.82478e-11	-0.302995
1.82989e-11	-0.307116
1.83499e-11	-0.311194
1.8401e-11	-0.315227
1.8452e-11	-0.319211
1.8503e-11	-0.323144
1.85541e-11	-0.327022
1.86051e-11	-0.330843
1.86562e-11	-0.334603
1.87072e-11	-0.3383
1.87583e-11	-0.341929
1.88093e-11	-0.345489
1.88603e-11	-0.348977
1.89114e-11	-0.352388
1.89624e-11	-0.35572
1.90135e-11	-0.35897
1.90645e-11	-0.362134
1.91156e-11	-0.36521
1.91666e-11	-0.368194
1.92176e-11	-0.371084
1.92687e-11	-0.373875
1.93197e-11	-0.376566
1.93708e-11	-0.379151
1.94218e-11	-0.38163
1.94729e-11	-0.383998
1.95239e-11	-0.386252
1.95749e-11	-0.38839
1.9626e-11	-0.390407
1.9677e-11	-0.392302
1.97281e-11	-0.39407
1.97791e-11	-0.395709
1.98302e-11	-0.397216
1.98812e-11	-0.398589
1.99322e-11	-0.399823
1.99833e-11	-0.400916
2.00343e-11	-0.401865
2.00854e-11	-0.402667
2.01364e-11	-0.40332
2.01875e-11	-0.40382
2.02385e-11	-0.404165
2.02895e-11	-0.404353
2.03406e-11	-0.40438
2.03916e-11	-0.404244
2.04427e-11	-0.403942
2.04937e-11	-0.403472
2.05448e-11	-0.402832
2.05958e-11	-0.402019
2.06468e-11	-0.40103
2.06979e-11	-0.399864
2.07489e-11	-0.398518
2.08e-11	-0.396991
2.0851e-11	-0.395279
2.09021e-11	-0.393382
2.09531e-11	-0.391297
2.10041e-11	-0.389023
2.10552e-11	-0.386557
2.11062e-11	-0.383898
2.11573e-11	-0.381045
2.12083e-11	-0.377996
2.12594e-11	-0.374749
2.13104e-11	-0.371303
2.13614e-11	-0.367658
2.14125e-11	-0.363811
2.14635e-11	-0.359762
2.15146e-11	-0.355511
2.15656e-11	-0.351055
2.16167e-11	-0.346394
2.16677e-11	-0.341528
2.17187e-11	-0.336457
2.17698e-11	-0.331179
2.18208e-11	-0.325694
2.18719e-11	-0.320003
2.19229e-11	-0.314105
2.1974e-11	-0.308
2.2025e-11	-0.301688
2.2076e-11	-0.29517
2.21271e-11	-0.288446
2.21781e-11	-0.281515
2.22292e-11	-0.27438
2.22802e-11	-0.267041
2.23313e-11	-0.259497
2.23823e-11	-0.251751
2.24333e-11	-0.243804
2.24844e-11	-0.235656
2.25354e-11	-0.227309
2.25865e-11	-0.218765
2.26375e-11	-0.210024
2.26886e-11	-0.201089
2.27396e-11	-0.191961
2.27906e-11	-0.182642
2.28417e-11	-0.173135
2.28927e-11	-0.163441
2.29438e-11	-0.153563
2.29948e-11	-0.143503
2.30459e-11	-0.133264
2.30969e-11	-0.122848
2.31479e-11	-0.112259
2.3199e-11	-0.101498
2.325e-11	-0.0905694
2.33011e-11	-0.0794759
2.33521e-11	-0.0682208
2.34032e-11	-0.0568075
2.34542e-11	-0.0452394
2.35052e-11	-0.0335202
2.35563e-11	-0.0216535
2.36073e-11	-0.00964329
2.36584e-11	0.00250663
2.37094e-11	0.0147922
2.37605e-11	0.0272092
2.38115e-11	0.0397534
2.38625e-11	0.0524205
2.39136e-11	0.0652059
2.39646e-11	0.0781052
2.40157e-11	0.0911136
2.40667e-11	0.104226
2.41178e-11	0.117439
2.41688e-11	0.130745
2.42198e-11	0.144142
2.42709e-11	0.157623
2.43219e-11	0.171182
2.4373e-11	0.184816
2.4424e-11	0.198519
2.44751e-11	0.212284
2.45261e-11	0.226107
2.45771e-11	0.239982
2.46282e-11	0.253903
2.46792e-11	0.267864
2.47303e-11	0.281861
2.47813e-11	0.295886
2.48324e-11	0.309934
2.48834e-11	0.324
2.49344e-11	0.338076
2.49855e-11	0.352157
2.50365e-11	0.366237
2.50876e-11	0.38031
2.51386e-11	0.39437
2.51897e-11	0.40841
2.52407e-11	0.422424
2.52917e-11	0.436405
2.53428e-11	0.450349
2.53938e-11	0.464248
2.54449e-11	0.478096
2.54959e-11	0.491886
2.5547e-11	0.505613
2.5598e-11	0.51927
2.5649e-11	0.532851
2.57001e-11	0.546349
2.57511e-11	0.559758
2.58022e-11	0.573072
2.58532e-11	0.586285
2.59043e-11	0.59939
2.59553e-11	0.612382
2.60063e-11	0.625253
2.60574e-11	0.637998
2.61084e-11	0.65061
2.61595e-11	0.663085
2.62105e-11	0.675414
2.62616e-11	0.687594
2.63126e-11	0.699617
2.63636e-11	0.711478
2.64147e-11	0.723171
2.64657e-11	0.73469
2.65168e-11	0.746029
2.65678e-11	0.757184
2.66189e-11	0.768148
2.66699e-11	0.778916
2.67209e-11	0.789483
2.6772e-11	0.799843
2.6823e-11	0.809991
2.68741e-11	0.819922
2.69251e-11	0.829632
2.69762e-11	0.839114
2.70272e-11	0.848366
2.70782e-11	0.85738
2.71293e-11	0.866154
2.71803e-11	0.874683
2.72314e-11	0.882962
2.72824e-11	0.890987
2.73335e-11	0.898754
2.73845e-11	0.906259
2.74355e-11	0.913499
2.74866e-11	0.920469
2.75376e-11	0.927166
2.75887e-11	0.933586
2.76397e-11	0.939727
2.76908e-11	0.945585
2.77418e-11	0.951156
2.77928e-11	0.956439
2.78439e-11	0.96143
2.78949e-11	0.966127
2.7946e-11	0.970528
2.7997e-11	0.974629
2.80481e-11	0.978429
2.80991e-11	0.981927
2.81501e-11	0.985119
2.82012e-11	0.988005
2.82522e-11	0.990583
2.83033e-11	0.992851
2.83543e-11	0.994809
2.84054e-11	0.996456
2.84564e-11	0.99779
2.85074e-11	0.998811
2.85585e-11	0.999518
2.86095e-11	0.999911
2.86606e-11	0.99999
2.87116e-11	0.999755
2.87627e-11	0.999206
2.88137e-11	0.998342
2.88647e-11	0.997166
2.89158e-11	0.995676
2.89668e-11	0.993875
2.90179e-11	0.991762
2.90689e-11	0.98934
2.912e-11	0.986609
2.9171e-11	0.98357
2.9222e-11	0.980226
2.92731e-11	0.976578
2.93241e-11	0.972628
2.93752e-11	0.968378
2.94262e-11	0.96383
2.94773e-11	0.958986
2.95283e-11	0.95385
2.95793e-11	0.948423
2.96304e-11	0.942709
2.96814e-11	0.93671
2.97325e-11	0.93043
2.97835e-11	0.923872
2.98346e-11	0.917038
2.98856e-11	0.909934
2.99366e-11	0.902562
2.99877e-11	0.894926
3.00387e-11	0.88703
3.00898e-11	0.878878
3.01408e-11	0.870475
3.01919e-11	0.861823
3.02429e-11	0.852929
3.02939e-11	0.843797
3.0345e-11	0.83443
3.0396e-11	0.824834
3.04471e-11	0.815014
3.04981e-11	0.804974
3.05492e-11	0.79472
3.06002e-11	0.784256
3.06512e-11	0.773589
3.07023e-11	0.762723
3.07533e-11	0.751663
3.08044e-11	0.740416
3.08554e-11	0.728986
3.09065e-11	0.71738
3.09575e-11	0.705603
3.10085e-11	0.693661
3.10596e-11	0.681559
3.11106e-11	0.669304
3.11617e-11	0.656902
3.12127e-11	0.644358
3.12638e-11	0.631679
3.13148e-11	0.61887
3.13658e-11	0.605939
3.14169e-11	0.59289
3.14679e-11	0.579731
3.1519e-11	0.566467
3.157e-11	0.553105
3.16211e-11	0.53965
3.16721e-11	0.52611
3.17231e-11	0.512491
3.17742e-11	0.498798
3.18252e-11	0.485039
3.18763e-11	0.471219
3.19273e-11	0.457345
3.19784e-11	0.443424
3.20294e-11	0.42946
3.20804e-11	0.415462
3.21315e-11	0.401434
3.21825e-11	0.387384
3.22336e-11	0.373317
3.22846e-11	0.359239
3.23357e-11	0.345158
3.23867e-11	0.331078
3.24377e-11	0.317007
3.24888e-11	0.302949
3.25398e-11	0.288912
3.25909e-11	0.2749
3.26419e-11	0.26092
3.2693e-11	0.246978
3.2744e-11	0.233079
3.2795e-11	0.219229
3.28461e-11	0.205434
3.28971e-11	0.1917
3.29482e-11	0.178031
3.29992e-11	0.164433
3.30503e-11	0.150912
3.31013e-11	0.137472
3.31523e-11	0.12412
3.32034e-11	0.110859
3.32544e-11	0.0976959
3.33055e-11	0.0846344
3.33565e-11	0.0716797
3.34076e-11	0.0588364
3.34586e-11	0.0461092
3.35096e-11	0.0335027
3.35607e-11	0.0210212
3.36117e-11	0.00866896
3.36628e-11	-0.00354969
3.37138e-11	-0.0156307
3.37649e-11	-0.0275701
3.38159e-11	-0.0393639
3.38669e-11	-0.0510084
3.3918e-11	-0.0625001
3.3969e-11	-0.0738352
3.40201e-11	-0.0850104
3.40711e-11	-0.0960223
3.41222e-11	-0.106868
3.41732e-11	-0.117544
3.42242e-11	-0.128048
3.42753e-11	-0.138376
3.43263e-11	-0.148526
3.43774e-11	-0.158496
3.44284e-11	-0.168283
3.44795e-11	-0.177884
3.45305e-11	-0.187298
3.45815e-11	-0.196522
3.46326e-11	-0.205554
3.46836e-11	-0.214393
3.47347e-11	-0.223036
3.47857e-11	-0.231483
3.48368e-11	-0.239731
3.48878e-11	-0.247779
3.49388e-11	-0.255627
3.49899e-11	-0.263272
3.50409e-11	-0.270714
3.5092e-11	-0.277952
3.5143e-11	-0.284986
3.51941e-11	-0.291814
3.52451e-11	-0.298436
3.52961e-11	-0.304851
3.53472e-11	-0.31106
3.53982e-11	-0.317063
3.54493e-11	-0.322858
3.55003e-11	-0.328446
3.55514e-11	-0.333828
3.56024e-11	-0.339003
3.56534e-11	-0.343973
3.57045e-11	-0.348736
3.57555e-11	-0.353295
3.58066e-11	-0.357649
3.58576e-11	-0.3618
3.59087e-11	-0.365748
3.59597e-11	-0.369495
3.60107e-11	-0.373041
3.60618e-11	-0.376387
3.61128e-11	-0.379536
3.61639e-11	-0.382488
3.62149e-11	-0.385244
3.6266e-11	-0.387807
3.6317e-11	-0.390177
3.6368e-11	-0.392357
3.64191e-11	-0.394349
3.64701e-11	-0.396153
3.65212e-11	-0.397773
3.65722e-11	-0.39921
3.66233e-11	-0.400466
3.66743e-11	-0.401543
3.67253e-11	-0.402445
3.67764e-11	-0.403172
3.68274e-11	-0.403727
3.68785e-11	-0.404113
3.69295e-11	-0.404332
3.69806e-11	-0.404387
3.70316e-11	-0.40428
3.70826e-11	-0.404013
3.71337e-11	-0.403591
3.71847e-11	-0.403014
3.72358e-11	-0.402287
3.72868e-11	-0.401411
3.73379e-11	-0.40039
3.73889e-11	-0.399227
3.74399e-11	-0.397924
3.7491e-11	-0.396484
3.7542e-11	-0.394911
3.75931e-11	-0.393207
3.76441e-11	-0.391375
3.76952e-11	-0.389419
3.77462e-11	-0.387342
3.77973e-11	-0.385146
3.78483e-11	-0.382835
3.78993e-11	-0.380412
3.79504e-11	-0.377879
3.80014e-11	-0.375241
3.80525e-11	-0.3725
3.81035e-11	-0.36966
3.81546e-11	-0.366723
3.82056e-11	-0.363693
3.82566e-11	-0.360572
3.83077e-11	-0.357365
3.83587e-11	-0.354074
3.84098e-11	-0.350702
3.84608e-11	-0.347253
3.85119e-11	-0.343729
3.85629e-11	-0.340134
3.86139e-11	-0.33647
3.8665e-11	-0.332742
3.8716e-11	-0.328951
3.87671e-11	-0.325102
3.88181e-11	-0.321196
3.88692e-11	-0.317237
3.89202e-11	-0.313229
3.89712e-11	-0.309173
3.90223e-11	-0.305073
3.90733e-11	-0.300931
3.91244e-11	-0.296751
3.91754e-11	-0.292536
3.92265e-11	-0.288288
3.92775e-11	-0.284009
3.93285e-11	-0.279704
3.93796e-11	-0.275374
3.94306e-11	-0.271021
3.94817e-11	-0.26665
3.95327e-11	-0.262261
3.95838e-11	-0.257859
3.96348e-11	-0.253445
3.96858e-11	-0.249021
3.97369e-11	-0.24459
3.97879e-11	-0.240156
3.9839e-11	-0.235718
3.989e-11	-0.231281
3.99411e-11	-0.226847
3.99921e-11	-0.222416
4.00431e-11	-0.217993
4.00942e-11	-0.213578
4.01452e-11	-0.209174
4.01963e-11	-0.204783
4.02473e-11	-0.200407
4.02984e-11	-0.196047
4.03494e-11	-0.191706
4.04004e-11	-0.187385
4.04515e-11	-0.183086
4.05025e-11	-0.178811
4.05536e-11	-0.174562
4.06046e-11	-0.170339
4.06557e-11	-0.166145
4.07067e-11	-0.161982
4.07577e-11	-0.15785
4.08088e-11	-0.15375
4.08598e-11	-0.149685
4.09109e-11	-0.145656
4.09619e-11	-0.141664
4.1013e-11	-0.13771
4.1064e-11	-0.133795
4.1115e-11	-0.12992
4.11661e-11	-0.126087
4.12171e-11	-0.122296
4.12682e-11	-0.118549
4.13192e-11	-0.114846
4.13703e-11	-0.111188
4.14213e-11	-0.107576
4.14723e-11	-0.104012
4.15234e-11	-0.100494
4.15744e-11	-0.0970251
4.16255e-11	-0.0936048
4.16765e-11	-0.0902341
4.17276e-11	-0.0869134
4.17786e-11	-0.0836433
4.18296e-11	-0.0804242
4.18807e-11	-0.0772565
4.19317e-11	-0.0741407
4.19828e-11	-0.0710771
4.20338e-11	-0.068066
4.20849e-11	-0.0651077
4.21359e-11	-0.0622024
4.21869e-11	-0.0593502
4.2238e-11	-0.0565515
4.2289e-11	-0.0538062
4.23401e-11	-0.0511145
4.23911e-11	-0.0484764
4.24422e-11	-0.045892
4.24932e-11	-0.0433611
4.25442e-11	-0.0408839
4.25953e-11	-0.0384602
4.26463e-11	-0.0360898
4.26974e-11	-0.0337727
4.27484e-11	-0.0315086
4.27995e-11	-0.0292975
4.28505e-11	-0.027139
4.29015e-11	-0.0250329
4.29526e-11	-0.022979
4.30036e-11	-0.0209769
4.30547e-11	-0.0190263
4.31057e-11	-0.0171269
4.31568e-11	-0.0152782
4.32078e-11	-0.01348
4.32588e-11	-0.0117317
4.33099e-11	-0.010033
4.33609e-11	-0.00838344
4.3412e-11	-0.00678246
4.3463e-11	-0.00522962
4.35141e-11	-0.00372441
4.35651e-11	-0.00226632
4.36161e-11	-0.000854798
4.36672e-11	0.000510703
4.37182e-11	0.00183075
4.37693e-11	0.00310592
4.38203e-11	0.0043368
4.38714e-11	0.005524
4.39224e-11	0.00666814
4.39734e-11	0.00776982
4.40245e-11	0.0088297
4.40755e-11	0.00984841
4.41266e-11	0.0108266
4.41776e-11	0.0117649
4.42287e-11	0.0126641
4.42797e-11	0.0135247
4.43307e-11	0.0143475
4.43818e-11	0.0151331
4.44328e-11	0.0158822
4.44839e-11	0.0165955
4.45349e-11	0.0172738
4.4586e-11	0.0179176
4.4637e-11	0.0185277
4.4688e-11	0.0191049
4.47391e-11	0.0196497
4.47901e-11	0.0201629
4.48412e-11	0.0206452
4.48922e-11	0.0210973
4.49433e-11	0.0215199
4.49943e-11	0.0219136
4.50453e-11	0.0222793
4.50964e-11	0.0226175
4.51474e-11	0.022929
4.51985e-11	0.0232144
4.52495e-11	0.0234745
4.53006e-11	0.0237099
4.53516e-11	0.0239212
4.54026e-11	0.0241093
4.54537e-11	0.0242746
4.55047e-11	0.0244179
4.55558e-11	0.0245398
4.56068e-11	0.024641
4.56579e-11	0.0247222
4.57089e-11	0.0247838
4.57599e-11	0.0248267
4.5811e-11	0.0248513
4.5862e-11	0.0248584
4.59131e-11	0.0248485
4.59641e-11	0.0248222
4.60152e-11	0.02478
4.60662e-11	0.0247227
4.61172e-11	0.0246507
4.61683e-11	0.0245647
4.62193e-11	0.0244651
4.62704e-11	0.0243525
4.63214e-11	0.0242275
4.63725e-11	0.0240906
4.64235e-11	0.0239422
4.64745e-11	0.023783
4.65256e-11	0.0236135
4.65766e-11	0.023434
4.66277e-11	0.0232451
4.66787e-11	0.0230473
4.67298e-11	0.022841
4.67808e-11	0.0226267
4.68318e-11	0.0224048
4.68829e-11	0.0221757
4.69339e-11	0.02194
4.6985e-11	0.0216979
4.7036e-11	0.0214499
4.70871e-11	0.0211965
4.71381e-11	0.0209379
4.71891e-11	0.0206745
4.72402e-11	0.0204068
4.72912e-11	0.0201351
4.73423e-11	0.0198596
4.73933e-11	0.0195809
4.74444e-11	0.0192991
4.74954e-11	0.0190146
4.75464e-11	0.0187278
4.75975e-11	0.0184388
4.76485e-11	0.0181481
4.76996e-11	0.0178558
4.77506e-11	0.0175624
4.78017e-11	0.0172679
4.78527e-11	0.0169727
4.79037e-11	0.016677
4.79548e-11	0.0163811
4.80058e-11	0.0160852
4.80569e-11	0.0157895
4.81079e-11	0.0154943
4.8159e-11	0.0151996
4.821e-11	0.0149058
4.8261e-11	0.014613
4.83121e-11	0.0143214
4.83631e-11	0.0140311
4.84142e-11	0.0137424
4.84652e-11	0.0134554
4.85163e-11	0.0131703
4.85673e-11	0.0128871
4.86183e-11	0.012606
4.86694e-11	0.0123272
4.87204e-11	0.0120508
4.87715e-11	0.0117768
4.88225e-11	0.0115055
4.88736e-11	0.0112369
4.89246e-11	0.0109711
4.89756e-11	0.0107082
4.90267e-11	0.0104483
4.90777e-11	0.0101914
4.91288e-11	0.00993771
4.91798e-11	0.00968721
4.92309e-11	0.00943999
4.92819e-11	0.00919611
4.93329e-11	0.00895562
4.9384e-11	0.00871857
4.9435e-11	0.00848501
4.94861e-11	0.00825498
4.95371e-11	0.0080285
4.95882e-11	0.00780563
4.96392e-11	0.00758637
4.96902e-11	0.00737076
4.97413e-11	0.00715881
4.97923e-11	0.00695055
4.98434e-11	0.00674597
4.98944e-11	0.00654511
4.99455e-11	0.00634794
4.99965e-11	0.00615449
5.00475e-11	0.00596474
5.00986e-11	0.0057787
5.01496e-11	0.00559636
5.02007e-11	0.0054177
5.02517e-11	0.00524272
5.03028e-11	0.0050714
5.03538e-11	0.00490373
5.04048e-11	0.00473968
5.04559e-11	0.00457923
5.05069e-11	0.00442236
5.0558e-11	0.00426904
5.0609e-11	0.00411924
5.06601e-11	0.00397294
5.07111e-11	0.0038301
5.07621e-11	0.0036907
5.08132e-11	0.00355469
5.08642e-11	0.00342204
5.09153e-11	0.00329271
5.09663e-11	0.00316667
5.10174e-11	0.00304387
5.10684e-11	0.00292428
5.11194e-11	0.00280785
5.11705e-11	0.00269453
5.12215e-11	0.0025843
5.12726e-11	0.00247709
5.13236e-11	0.00237288
5.13747e-11	0.0022716
5.14257e-11	0.00217322
5.14767e-11	0.00207769
5.15278e-11	0.00198496
5.15788e-11	0.00189498
5.16299e-11	0.00180771
5.16809e-11	0.00172309
5.1732e-11	0.00164109
5.1783e-11	0.00156164
5.1834e-11	0.00148471
5.18851e-11	0.00141023
5.19361e-11	0.00133817
5.19872e-11	0.00126848
5.20382e-11	0.0012011
5.20893e-11	0.00113599
5.21403e-11	0.0010731
5.21913e-11	0.00101239
5.22424e-11	0.00095379
5.22934e-11	0.000897269
5.23445e-11	0.000842775
5.23955e-11	0.000790262
5.24466e-11	0.000739683
5.24976e-11	0.00069099
5.25486e-11	0.000644138
5.25997e-11	0.000599082
5.26507e-11	0.000555775
5.27018e-11	0.000514174
5.27528e-11	0.000474233
5.28039e-11	0.00043591
5.28549e-11	0.000399161
5.29059e-11	0.000363943
5.2957e-11	0.000330215
5.3008e-11	0.000297934
5.30591e-11	0.00026706
5.31101e-11	0.000237552
5.31612e-11	0.000209371
5.32122e-11	0.000182478
5.32632e-11	0.000156834
5.33143e-11	0.000132401
5.33653e-11	0.000109142
5.34164e-11	8.70208e-05
5.34674e-11	6.60012e-05
5.35185e-11	4.60481e-05
5.35695e-11	2.7127e-05
5.36205e-11	9.20387e-06
5.36716e-11	-7.75441e-06
5.37226e-11	-2.37804e-05
5.37737e-11	-3.8906e-05
5.38247e-11	-5.31623e-05
5.38758e-11	-6.65799e-05
5.39268e-11	-7.91886e-05
5.39778e-11	-9.10177e-05
5.40289e-11	-0.000102096
5.40799e-11	-0.00011245
5.4131e-11	-0.000122109
5.4182e-11	-0.000131098
5.42331e-11	-0.000139443
5.42841e-11	-0.00014717
5.43351e-11	-0.000154303
5.43862e-11	-0.000160867
5.44372e-11	-0.000166884
5.44883e-11	-0.000172377
5.45393e-11	-0.000177369
5.45904e-11	-0.00018188
5.46414e-11	-0.000185933
5.46924e-11	-0.000189546
5.47435e-11	-0.000192741
5.47945e-11	-0.000195536
5.48456e-11	-0.000197949
5.48966e-11	-0.000199999
5.49477e-11	-0.000201704
5.49987e-11	-0.000203079
5.50497e-11	-0.000204142
5.51008e-11	-0.000204909
5.51518e-11	-0.000205395
5.52029e-11	-0.000205614
5.52539e-11	-0.000205582
5.5305e-11	-0.000205312
5.5356e-11	-0.000204817
5.5407e-11	-0.000204111
5.54581e-11	-0.000203206
5.55091e-11	-0.000202114
5.55602e-11	-0.000200846
5.56112e-11	-0.000199415
5.56623e-11	-0.00019783
5.57133e-11	-0.000196103
5.57643e-11	-0.000194243
5.58154e-11	-0.000192259
5.58664e-11	-0.000190161
5.59175e-11	-0.000187958
5.59685e-11	-0.000185659
5.60196e-11	-0.00018327
5.60706e-11	-0.000180801
5.61216e-11	-0.000178259
5.61727e-11	-0.00017565
5.62237e-11	-0.000172982
5.62748e-11	-0.000170262
5.63258e-11	-0.000167494
5.63769e-11	-0.000164686
5.64279e-11	-0.000161843
5.64789e-11	-0.000158971
5.653e-11	-0.000156074
5.6581e-11	-0.000153157
5.66321e-11	-0.000150225
5.66831e-11	-0.000147283
5.67342e-11	-0.000144334
5.67852e-11	-0.000141383
5.68362e-11	-0.000138433
5.68873e-11	-0.000135487
5.69383e-11	-0.00013255
5.69894e-11	-0.000129624
5.70404e-11	-0.000126711
5.70915e-11	-0.000123816
5.71425e-11	-0.00012094
5.71935e-11	-0.000118085
5.72446e-11	-0.000115255
5.72956e-11	-0.000112451
