% time-domain voltage integration by openEMS v0.0.36-93-g7b9cd51 @Tue Sep 15 09:52:37 2026
% start-coordinates: (-0.007,-0.00055,0) m -> [4,6,18]
% stop-coordinates: (-0.007,0.00055,0) m -> [4,12,18]
% t/s	voltage
0	-0
1.22502903735e-12	-5.80428114461e-07
2.4500580747e-12	5.43815065868e-07
3.67508711205e-12	5.73759720623e-07
4.90011614941e-12	3.97102522243e-06
6.12514518676e-12	7.18906733255e-06
7.35017422411e-12	1.42245580719e-05
8.57520326146e-12	1.93245919036e-05
9.80023229881e-12	2.12558320527e-05
1.10252613362e-11	8.98255893844e-06
1.22502903735e-11	-2.4569014613e-05
1.34753194109e-11	-8.77923994267e-05
1.47003484482e-11	-0.000175273622517
1.59253774856e-11	-0.000266495062533
1.71504065229e-11	-0.00032032245872
1.83754355603e-11	-0.000285844278551
1.96004645976e-11	-0.000122226312669
2.0825493635e-11	0.00017527086311
2.20505226723e-11	0.000554161917535
2.32755517097e-11	0.000908153975615
2.4500580747e-11	0.001104789073
2.57256097844e-11	0.00103906895674
2.69506388217e-11	0.000682062032865
2.81756678591e-11	0.000107483632746
2.94006968964e-11	-0.000528480450157
3.06257259338e-11	-0.00104207515687
3.18507549711e-11	-0.00129268088494
3.30757840085e-11	-0.00123271335178
3.43008130458e-11	-0.000917412922718
3.55258420832e-11	-0.000472199171782
3.67508711205e-11	-3.7438741856e-05
3.79759001579e-11	0.000281892476778
3.92009291953e-11	0.000442869793915
4.04259582326e-11	0.000460402508907
4.165098727e-11	0.000384682309232
4.28760163073e-11	0.000272121029411
4.41010453447e-11	0.000165998042576
4.5326074382e-11	8.79000472196e-05
4.65511034194e-11	4.14390945025e-05
4.77761324567e-11	1.94107790321e-05
4.90011614941e-11	1.18906051512e-05
5.02261905314e-11	1.05194285425e-05
5.14512195688e-11	1.04901877194e-05
5.26762486061e-11	9.72790184051e-06
5.39012776435e-11	8.01464904043e-06
5.51263066808e-11	5.74778658802e-06
5.63513357182e-11	3.43125230984e-06
5.75763647555e-11	1.30798896691e-06
5.88013937929e-11	-6.25203867344e-07
6.00264228302e-11	-1.54185811141e-06
6.12514518676e-11	-2.76107579111e-06
6.24764809049e-11	-3.15188202649e-06
6.37015099423e-11	-3.79507667958e-06
6.49265389796e-11	-3.87388985246e-06
6.6151568017e-11	-4.09822217762e-06
6.73765970543e-11	-4.01370465397e-06
6.86016260917e-11	-3.95421642452e-06
6.9826655129e-11	-3.76154906689e-06
7.10516841664e-11	-3.55561036258e-06
7.22767132037e-11	-3.30438609808e-06
7.35017422411e-11	-3.02429083376e-06
7.47267712784e-11	-2.76980694025e-06
7.59518003158e-11	-2.44675440797e-06
7.71768293531e-11	-2.22684586504e-06
7.84018583905e-11	-1.90775146791e-06
7.96268874279e-11	-1.70297691682e-06
8.08519164652e-11	-1.44092602739e-06
8.20769455026e-11	-1.23801412144e-06
8.33019745399e-11	-1.04779148558e-06
8.45270035773e-11	-8.50351099757e-07
8.57520326146e-11	-7.17521217553e-07
8.6977061652e-11	-5.68393190292e-07
8.82020906893e-11	-4.3824086049e-07
8.94271197267e-11	-3.53141260234e-07
9.0652148764e-11	-2.45689918188e-07
9.18771778014e-11	-1.83058475045e-07
9.31022068387e-11	-1.04361711273e-07
9.43272358761e-11	-6.1870118806e-08
9.55522649134e-11	-1.89128650518e-08
9.67772939508e-11	8.67756622114e-09
9.80023229881e-11	4.63379228322e-08
9.92273520255e-11	5.05288744179e-08
1.00452381063e-10	7.92252512483e-08
1.016774101e-10	7.41029770879e-08
1.02902439138e-10	9.59890575913e-08
1.04127468175e-10	8.16117653457e-08
1.05352497212e-10	9.6862172505e-08
1.0657752625e-10	7.98073278574e-08
1.07802555287e-10	8.71414931325e-08
