% time-domain voltage integration by openEMS v0.0.36-93-g7b9cd51 @Thu Sep 24 16:13:01 2026
% start-coordinates: (0.007,0,0.000110719) m -> [10,3,5]
% stop-coordinates: (0.007,0,0.0021) m -> [10,3,7]
% t/s	voltage
0	-0
3.64678393251e-12	-3.771777628e-07
7.29356786503e-12	-3.2592153687e-07
1.09403517975e-11	1.12027162658e-07
1.45871357301e-11	1.65919318817e-06
1.82339196626e-11	5.26371843534e-06
2.18807035951e-11	1.19493032571e-05
2.55274875276e-11	2.18932536882e-05
2.91742714601e-11	3.29341546603e-05
3.28210553926e-11	3.88604967156e-05
3.64678393251e-11	2.82774958578e-05
4.01146232577e-11	-1.40203102319e-05
4.37614071902e-11	-0.000101656722109
4.74081911227e-11	-0.000237397893216
5.10549750552e-11	-0.000402567013225
5.47017589877e-11	-0.000550932571059
5.83485429202e-11	-0.000613942291238
6.19953268528e-11	-0.000520890258485
6.56421107853e-11	-0.000230396646657
6.92888947178e-11	0.000238930115302
7.29356786503e-11	0.000795472733444
7.65824625828e-11	0.00129172443121
8.02292465153e-11	0.00157097185729
8.38760304478e-11	0.00152716130833
8.75228143804e-11	0.00115159175766
9.11695983129e-11	0.000543368085346
9.48163822454e-11	-0.000123318692204
9.84631661779e-11	-0.000661772777676
1.0210995011e-10	-0.000938105207752
1.05756734043e-10	-0.000912226139917
1.09403517975e-10	-0.000640640319034
1.13050301908e-10	-0.000244931281486
1.1669708584e-10	0.00013704936282
1.20343869773e-10	0.000396768769861
1.23990653706e-10	0.000482532857859
1.27637437638e-10	0.000403998528782
1.31284221571e-10	0.000217206374145
1.34931005503e-10	-1.4621077753e-06
1.38577789436e-10	-0.000182623494766
1.42224573368e-10	-0.000284139969153
1.45871357301e-10	-0.000299054077914
1.49518141233e-10	-0.000250090757618
1.53164925166e-10	-0.000174461771167
1.56811709098e-10	-0.000106070566289
1.60458493031e-10	-6.2612979491e-05
1.64105276963e-10	-4.24949503213e-05
1.67752060896e-10	-3.14053045258e-05
1.71398844828e-10	-1.37877077577e-05
1.75045628761e-10	1.76378323431e-05
1.78692412693e-10	5.82529110034e-05
1.82339196626e-10	9.54194938458e-05
1.85985980558e-10	0.000116363657071
1.89632764491e-10	0.000115211591037
1.93279548423e-10	9.57592155828e-05
1.96926332356e-10	6.9050061029e-05
2.00573116288e-10	4.77335829601e-05
2.04219900221e-10	4.0209681174e-05
2.07866684153e-10	4.71922494398e-05
2.11513468086e-10	6.20426426394e-05
2.15160252018e-10	7.42147549317e-05
2.18807035951e-10	7.39053084544e-05
2.22453819883e-10	5.58348001505e-05
2.26100603816e-10	2.06039837849e-05
2.29747387748e-10	-2.65985499937e-05
2.33394171681e-10	-7.87246481195e-05
2.37040955613e-10	-0.000129316329549
2.40687739546e-10	-0.000173376312887
2.44334523478e-10	-0.000206496128158
2.47981307411e-10	-0.000223449480472
2.51628091344e-10	-0.000217813418203
2.55274875276e-10	-0.000183522504813
2.58921659209e-10	-0.000118061233479
2.62568443141e-10	-2.56998544046e-05
2.66215227074e-10	8.12609541754e-05
2.69862011006e-10	0.000184385520697
2.73508794939e-10	0.000263903624727
2.77155578871e-10	0.000304636847432
2.80802362804e-10	0.000300496216369
2.84449146736e-10	0.000255625192949
2.88095930669e-10	0.000181856528798
2.91742714601e-10	9.38747753025e-05
2.95389498534e-10	4.56609467392e-06
2.99036282466e-10	-7.72577795942e-05
3.02683066399e-10	-0.000146148240674
3.06329850331e-10	-0.00019766780315
3.09976634264e-10	-0.000226670334087
3.13623418196e-10	-0.00022792148593
3.17270202129e-10	-0.000198984922463
3.20916986061e-10	-0.000143419601955
3.24563769994e-10	-7.18540140952e-05
3.28210553926e-10	4.12465340105e-07
3.31857337859e-10	5.86130126976e-05
3.35504121791e-10	9.39230767472e-05
3.39150905724e-10	0.000106172184132
3.42797689656e-10	0.000102405785583
3.46444473589e-10	9.20733536987e-05
3.50091257521e-10	8.16482461232e-05
3.53738041454e-10	7.17446864655e-05
3.57384825386e-10	5.8172462559e-05
3.61031609319e-10	3.61566844731e-05
3.64678393251e-10	4.98847742847e-06
3.68325177184e-10	-2.99464340969e-05
3.71971961117e-10	-5.90734762227e-05
3.75618745049e-10	-7.34326922611e-05
3.79265528982e-10	-6.95521002854e-05
3.82912312914e-10	-5.1294039622e-05
3.86559096847e-10	-2.75003555998e-05
3.90205880779e-10	-6.89454969915e-06
3.93852664712e-10	6.69529083552e-06
3.97499448644e-10	1.58389657372e-05
4.01146232577e-10	2.67290126885e-05
4.04793016509e-10	4.391067705e-05
4.08439800442e-10	6.583013419e-05
4.12086584374e-10	8.41035462145e-05
4.15733368307e-10	8.72739838087e-05
4.19380152239e-10	6.70754225212e-05
4.23026936172e-10	2.36710673107e-05
4.26673720104e-10	-3.31030969392e-05
4.30320504037e-10	-8.73694534675e-05
4.33967287969e-10	-0.000123905911096
4.37614071902e-10	-0.0001344336888
4.41260855834e-10	-0.000120368080388
4.44907639767e-10	-9.08500051082e-05
4.48554423699e-10	-5.74248683733e-05
4.52201207632e-10	-2.8468021128e-05
4.55847991564e-10	-6.2914517116e-06
4.59494775497e-10	1.18532035458e-05
4.63141559429e-10	2.99232920042e-05
4.66788343362e-10	4.89696267323e-05
4.70435127294e-10	6.53001116007e-05
4.74081911227e-10	7.19740792192e-05
4.77728695159e-10	6.26752107564e-05
4.81375479092e-10	3.56991095032e-05
4.85022263024e-10	-4.21633632186e-06
4.88669046957e-10	-4.72513966088e-05
4.9231583089e-10	-8.22982983664e-05
4.95962614822e-10	-0.000101271337371
4.99609398755e-10	-0.000101926116258
5.03256182687e-10	-8.79748058651e-05
5.0690296662e-10	-6.67135282129e-05
5.10549750552e-10	-4.55565750599e-05
5.14196534485e-10	-2.91336236842e-05
5.17843318417e-10	-1.81752327535e-05
5.2149010235e-10	-1.03759609829e-05
5.25136886282e-10	-2.43678994138e-06
5.28783670215e-10	7.85696022376e-06
5.32430454147e-10	2.04678747195e-05
5.3607723808e-10	3.32327772412e-05
5.39724022012e-10	4.29614201494e-05
5.43370805945e-10	4.68848002129e-05
5.47017589877e-10	4.38397532889e-05
5.5066437381e-10	3.47494578818e-05
5.54311157742e-10	2.2306499659e-05
5.57957941675e-10	1.00460252952e-05
5.61604725607e-10	1.12882820247e-06
5.6525150954e-10	-2.68016128757e-06
5.68898293472e-10	-1.42569354011e-06
5.72545077405e-10	3.35643551352e-06
5.76191861337e-10	9.51425352014e-06
5.7983864527e-10	1.52720199367e-05
5.83485429202e-10	1.9838175831e-05
5.87132213135e-10	2.33999076045e-05
5.90778997067e-10	2.65577882601e-05
5.94425781e-10	2.95111767628e-05
5.98072564932e-10	3.14631815854e-05
6.01719348865e-10	3.05952762574e-05
6.05366132797e-10	2.47065963777e-05
6.0901291673e-10	1.23099323446e-05
6.12659700662e-10	-6.30982094663e-06
6.16306484595e-10	-2.86183985736e-05
6.19953268528e-10	-5.02928523929e-05
6.2360005246e-10	-6.65583320369e-05
6.27246836393e-10	-7.38440712666e-05
6.30893620325e-10	-7.09994910721e-05
6.34540404258e-10	-5.95217434238e-05
6.3818718819e-10	-4.2738326556e-05
6.41833972123e-10	-2.44204393312e-05
6.45480756055e-10	-7.50953449824e-06
6.49127539988e-10	6.52848194704e-06
6.5277432392e-10	1.75849902462e-05
6.56421107853e-10	2.62547180228e-05
6.60067891785e-10	3.30418038175e-05
6.63714675718e-10	3.78232475668e-05
6.6736145965e-10	3.98215170208e-05
6.71008243583e-10	3.80780911655e-05
6.74655027515e-10	3.22070759466e-05
6.78301811448e-10	2.30251123412e-05
6.8194859538e-10	1.262890828e-05
6.85595379313e-10	3.75511365291e-06
6.89242163245e-10	-1.33826323179e-06
6.92888947178e-10	-1.92150366729e-06
6.9653573111e-10	8.4169992931e-07
7.00182515043e-10	4.4516567641e-06
7.03829298975e-10	6.27547416343e-06
7.07476082908e-10	4.80054399077e-06
7.1112286684e-10	3.16894553265e-07
7.14769650773e-10	-5.29756488277e-06
7.18416434705e-10	-9.55385417001e-06
7.22063218638e-10	-1.06379380895e-05
7.2571000257e-10	-8.40526240609e-06
7.29356786503e-10	-4.58317720131e-06
7.33003570435e-10	-2.02899968826e-06
7.36650354368e-10	-3.31126818764e-06
7.40297138301e-10	-9.26249038002e-06
7.43943922233e-10	-1.82929929906e-05
7.47590706166e-10	-2.69258682692e-05
7.51237490098e-10	-3.13818545692e-05
7.54884274031e-10	-2.94402689178e-05
7.58531057963e-10	-2.15456391288e-05
7.62177841896e-10	-1.05288403347e-05
7.65824625828e-10	-1.01536361541e-07
7.69471409761e-10	7.0396541787e-06
7.73118193693e-10	1.04639117353e-05
7.76764977626e-10	1.19548669772e-05
7.80411761558e-10	1.42446356222e-05
7.84058545491e-10	1.92448626422e-05
7.87705329423e-10	2.6726937449e-05
7.91352113356e-10	3.41599670719e-05
7.94998897288e-10	3.78170993827e-05
7.98645681221e-10	3.46388296748e-05
8.02292465153e-10	2.39472990415e-05
8.05939249086e-10	8.11796235212e-06
8.09586033018e-10	-8.21728042411e-06
8.13232816951e-10	-2.0137161755e-05
8.16879600883e-10	-2.46342365244e-05
8.20526384816e-10	-2.19233827465e-05
8.24173168748e-10	-1.51737490341e-05
8.27819952681e-10	-8.80550123838e-06
8.31466736613e-10	-6.26095499001e-06
8.35113520546e-10	-8.41495295845e-06
8.38760304478e-10	-1.33970041816e-05
8.42407088411e-10	-1.78079187663e-05
8.46053872343e-10	-1.86171680525e-05
8.49700656276e-10	-1.47329094489e-05
8.53347440208e-10	-7.50917433834e-06
8.56994224141e-10	-1.90136795197e-08
8.60641008074e-10	4.49118874712e-06
8.64287792006e-10	4.19733891022e-06
8.67934575939e-10	-3.96496638189e-07
8.71581359871e-10	-6.6583954208e-06
8.75228143804e-10	-1.10667982653e-05
8.78874927736e-10	-1.09072801706e-05
8.82521711669e-10	-5.60208138722e-06
8.86168495601e-10	2.99017074212e-06
8.89815279534e-10	1.14803655151e-05
8.93462063466e-10	1.65995966199e-05
8.97108847399e-10	1.67525797679e-05
9.00755631331e-10	1.26994762013e-05
9.04402415264e-10	7.05646732513e-06
9.08049199196e-10	2.91564418831e-06
9.11695983129e-10	2.31277223861e-06
9.15342767061e-10	5.27238614723e-06
9.18989550994e-10	9.84294570117e-06
9.22636334926e-10	1.30539002612e-05
9.26283118859e-10	1.23332425801e-05
9.29929902791e-10	6.75118582194e-06
9.33576686724e-10	-2.45722117143e-06
9.37223470656e-10	-1.23509086052e-05
9.40870254589e-10	-1.95489094494e-05
9.44517038521e-10	-2.17383294512e-05
9.48163822454e-10	-1.87083358014e-05
9.51810606386e-10	-1.23779253727e-05
9.55457390319e-10	-5.78894162118e-06
9.59104174251e-10	-1.58211307166e-06
9.62750958184e-10	-7.44197947711e-07
9.66397742116e-10	-2.26242275403e-06
9.70044526049e-10	-3.83416374916e-06
9.73691309981e-10	-3.20348817695e-06
9.77338093914e-10	5.88160702364e-07
9.80984877847e-10	6.66735007826e-06
9.84631661779e-10	1.27385332007e-05
9.88278445712e-10	1.62007220297e-05
9.91925229644e-10	1.54247204591e-05
9.95572013577e-10	1.05900955987e-05
9.99218797509e-10	3.67320484429e-06
1.00286558144e-09	-2.42618861535e-06
1.00651236537e-09	-5.23583366885e-06
1.01015914931e-09	-3.89279057345e-06
1.01380593324e-09	4.45244836556e-07
1.01745271717e-09	5.18913600445e-06
1.0210995011e-09	7.63183459185e-06
1.02474628504e-09	6.30695427617e-06
1.02839306897e-09	1.68638395337e-06
1.0320398529e-09	-4.12931291294e-06
1.03568663683e-09	-8.53430594816e-06
1.03933342077e-09	-9.74623253569e-06
1.0429802047e-09	-7.64963749589e-06
1.04662698863e-09	-3.77408809982e-06
1.05027377256e-09	-4.61407040575e-07
1.0539205565e-09	3.33064040348e-07
1.05756734043e-09	-1.97941221813e-06
1.06121412436e-09	-6.31933409068e-06
1.06486090829e-09	-1.04543779571e-05
1.06850769223e-09	-1.20962711208e-05
1.07215447616e-09	-1.00483451888e-05
1.07580126009e-09	-4.83203035628e-06
1.07944804402e-09	1.54201684666e-06
1.08309482796e-09	6.56591294046e-06
1.08674161189e-09	8.49161767746e-06
1.09038839582e-09	7.19631918855e-06
1.09403517975e-09	4.19516686634e-06
1.09768196369e-09	1.79880854034e-06
1.10132874762e-09	1.86401064184e-06
1.10497553155e-09	4.79990626445e-06
1.10862231548e-09	9.33185503982e-06
1.11226909942e-09	1.31303203261e-05
1.11591588335e-09	1.39777953336e-05
1.11956266728e-09	1.08912473706e-05
1.12320945121e-09	4.65106427328e-06
1.12685623515e-09	-2.51754042324e-06
1.13050301908e-09	-7.97303187028e-06
1.13414980301e-09	-9.90342357454e-06
1.13779658694e-09	-8.17838758849e-06
1.14144337088e-09	-4.38075204556e-06
1.14509015481e-09	-9.80772838943e-07
1.14873693874e-09	-6.33982217835e-08
1.15238372267e-09	-2.25643529461e-06
1.15603050661e-09	-6.41809373292e-06
1.15967729054e-09	-1.02492919041e-05
1.16332407447e-09	-1.15112362664e-05
1.1669708584e-09	-9.20649779346e-06
1.17061764234e-09	-4.11713750736e-06
1.17426442627e-09	1.57473147055e-06
1.1779112102e-09	5.37588800853e-06
1.18155799413e-09	5.72976824742e-06
1.18520477807e-09	2.79863556329e-06
1.188851562e-09	-1.6080394829e-06
1.19249834593e-09	-4.92515306405e-06
1.19614512986e-09	-5.10536193588e-06
1.1997919138e-09	-1.65234122562e-06
1.20343869773e-09	4.10356039993e-06
1.20708548166e-09	9.63425497957e-06
1.21073226559e-09	1.24467334217e-05
1.21437904953e-09	1.13115149816e-05
1.21802583346e-09	6.86667601713e-06
1.22167261739e-09	1.29008458316e-06
1.22531940132e-09	-2.79689092508e-06
1.22896618526e-09	-3.63783823332e-06
1.23261296919e-09	-1.20169914908e-06
1.23625975312e-09	2.8311645508e-06
1.23990653706e-09	5.93609615862e-06
1.24355332099e-09	6.02028740104e-06
1.24720010492e-09	2.47612109661e-06
1.25084688885e-09	-3.50140595629e-06
1.25449367279e-09	-9.47868909407e-06
1.25814045672e-09	-1.29488458924e-05
1.26178724065e-09	-1.25318708797e-05
1.26543402458e-09	-8.63090315306e-06
1.26908080852e-09	-3.2235872709e-06
1.27272759245e-09	1.11113035928e-06
1.27637437638e-09	2.46224243483e-06
1.28002116031e-09	5.2264539363e-07
1.28366794425e-09	-3.27917464915e-06
1.28731472818e-09	-6.52056411354e-06
1.29096151211e-09	-7.02703920297e-06
1.29460829604e-09	-3.98809964963e-06
1.29825507998e-09	1.61752264205e-06
1.30190186391e-09	7.49099979203e-06
1.30554864784e-09	1.1132629993e-05
1.30919543177e-09	1.10520894623e-05
1.31284221571e-09	7.47683873215e-06
1.31648899964e-09	2.22723119236e-06
1.32013578357e-09	-2.1692218013e-06
1.3237825675e-09	-3.6919352624e-06
1.32742935144e-09	-1.79028171488e-06
1.33107613537e-09	2.36698559775e-06
1.3347229193e-09	6.47755877026e-06
1.33836970323e-09	8.24822382128e-06
1.34201648717e-09	6.5365167643e-06
1.3456632711e-09	1.92209421357e-06
1.34931005503e-09	-3.58649322152e-06
1.35295683896e-09	-7.56408837788e-06
1.3566036229e-09	-8.37883578697e-06
1.36025040683e-09	-5.9841349298e-06
1.36389719076e-09	-1.89788792682e-06
1.36754397469e-09	1.59818856105e-06
1.37119075863e-09	2.61757710973e-06
1.37483754256e-09	5.96307557998e-07
1.37848432649e-09	-3.45235613963e-06
1.38213111042e-09	-7.45994498175e-06
1.38577789436e-09	-9.32758121053e-06
1.38942467829e-09	-7.95469884451e-06
1.39307146222e-09	-3.77849084998e-06
1.39671824615e-09	1.43309529221e-06
1.40036503009e-09	5.44296119642e-06
1.40401181402e-09	6.64299551545e-06
1.40765859795e-09	4.8438762974e-06
1.41130538188e-09	1.34833852883e-06
1.41495216582e-09	-1.73828048844e-06
1.41859894975e-09	-2.60509790451e-06
1.42224573368e-09	-6.69390374242e-07
1.42589251761e-09	3.13992339329e-06
1.42953930155e-09	6.88177175334e-06
1.43318608548e-09	8.60733644004e-06
1.43683286941e-09	7.34148522952e-06
1.44047965334e-09	3.55359230753e-06
1.44412643728e-09	-1.09753024446e-06
1.44777322121e-09	-4.58985476826e-06
1.45142000514e-09	-5.52186133973e-06
1.45506678907e-09	-3.77887437253e-06
1.45871357301e-09	-5.69366747527e-07
1.46236035694e-09	2.18906509986e-06
1.46600714087e-09	2.84324352151e-06
1.4696539248e-09	8.58487652522e-07
1.47330070874e-09	-2.88368823931e-06
1.47694749267e-09	-6.51821858355e-06
1.4805942766e-09	-8.15452528968e-06
1.48424106053e-09	-6.86718902898e-06
1.48788784447e-09	-3.19245364722e-06
1.4915346284e-09	1.13618659725e-06
1.49518141233e-09	4.07665157809e-06
1.49882819626e-09	4.31819421465e-06
1.5024749802e-09	1.93695848338e-06
1.50612176413e-09	-1.66050693906e-06
1.50976854806e-09	-4.4555180807e-06
1.51341533199e-09	-4.82754268205e-06
1.51706211593e-09	-2.35974749785e-06
1.52070889986e-09	1.94313690827e-06
1.52435568379e-09	6.12702166336e-06
1.52800246772e-09	8.22798676836e-06
1.53164925166e-09	7.23943173853e-06
1.53529603559e-09	3.63281816362e-06
1.53894281952e-09	-8.43657375071e-07
1.54258960345e-09	-4.01500761882e-06
1.54623638739e-09	-4.37219893001e-06
1.54988317132e-09	-1.84968953931e-06
1.55352995525e-09	2.12411674738e-06
1.55717673918e-09	5.34520097517e-06
1.56082352312e-09	5.95685770577e-06
1.56447030705e-09	3.39686903317e-06
1.56811709098e-09	-1.3141723656e-06
1.57176387491e-09	-6.07656539842e-06
1.57541065885e-09	-8.73993042205e-06
1.57905744278e-09	-8.13865744931e-06
1.58270422671e-09	-4.63944832063e-06
1.58635101064e-09	4.57315643132e-08
1.58999779458e-09	3.68143003016e-06
1.59364457851e-09	4.57387386632e-06
1.59729136244e-09	2.38366527583e-06
1.60093814637e-09	-1.70156066304e-06
1.60458493031e-09	-5.53197224917e-06
1.60823171424e-09	-7.04306222588e-06
1.61187849817e-09	-5.28222534513e-06
1.6155252821e-09	-9.00341220245e-07
1.61917206604e-09	4.15366218931e-06
1.62281884997e-09	7.58993644467e-06
1.6264656339e-09	7.90494857483e-06
1.63011241783e-09	5.10277368448e-06
1.63375920177e-09	6.5709294006e-07
1.6374059857e-09	-3.24359717752e-06
1.64105276963e-09	-4.76977112385e-06
1.64469955356e-09	-3.30861251996e-06
1.6483463375e-09	2.90648412005e-07
1.65199312143e-09	4.16694552996e-06
1.65563990536e-09	6.35609382016e-06
1.65928668929e-09	5.72254992903e-06
1.66293347323e-09	2.48506393064e-06
1.66658025716e-09	-1.90235556374e-06
1.67022704109e-09	-5.45817027842e-06
1.67387382502e-09	-6.63296373205e-06
1.67752060896e-09	-5.05683357233e-06
1.68116739289e-09	-1.69897369062e-06
1.68481417682e-09	1.64625519972e-06
1.68846096075e-09	3.27908446707e-06
1.69210774469e-09	2.44385060455e-06
1.69575452862e-09	-3.28091715573e-07
1.69940131255e-09	-3.54275243808e-06
1.70304809648e-09	-5.53528707314e-06
1.70669488042e-09	-5.30340059868e-06
1.71034166435e-09	-2.96499706565e-06
1.71398844828e-09	3.5947823207e-07
1.71763523221e-09	3.14253634315e-06
1.72128201615e-09	4.20759056396e-06
1.72492880008e-09	3.27917729237e-06
1.72857558401e-09	1.07415297634e-06
1.73222236794e-09	-1.09502404655e-06
1.73586915188e-09	-2.00510558557e-06
1.73951593581e-09	-1.15275702228e-06
1.74316271974e-09	9.91358888314e-07
1.74680950367e-09	3.24062898471e-06
1.75045628761e-09	4.33633846342e-06
1.75410307154e-09	3.63239297485e-06
1.75774985547e-09	1.44636371147e-06
1.7613966394e-09	-1.11752603971e-06
1.76504342334e-09	-2.77458607911e-06
1.76869020727e-09	-2.75798657867e-06
1.7723369912e-09	-1.22719266926e-06
1.77598377513e-09	8.28762424021e-07
1.77963055907e-09	2.13184461018e-06
1.783277343e-09	1.80450005871e-06
1.78692412693e-09	-1.50939690968e-07
1.79057091086e-09	-2.82860662537e-06
1.7942176948e-09	-4.86646990794e-06
1.79786447873e-09	-5.14377757099e-06
1.80151126266e-09	-3.3830246764e-06
1.80515804659e-09	-3.4376530067e-07
1.80880483053e-09	2.51285010222e-06
1.81245161446e-09	3.74680803361e-06
1.81609839839e-09	2.69497417094e-06
1.81974518232e-09	-1.36552198882e-07
1.82339196626e-09	-3.27373459186e-06
1.82703875019e-09	-4.99388698927e-06
1.83068553412e-09	-4.21172643428e-06
1.83433231805e-09	-1.07296979479e-06
1.83797910199e-09	3.06193010147e-06
1.84162588592e-09	6.25276976507e-06
1.84527266985e-09	6.92852796647e-06
1.84891945379e-09	4.6801117719e-06
1.85256623772e-09	5.0113263228e-07
1.85621302165e-09	-3.65232858712e-06
1.85985980558e-09	-5.78429848019e-06
1.86350658952e-09	-4.82947763203e-06
1.86715337345e-09	-1.20194178521e-06
1.87080015738e-09	3.35630315362e-06
1.87444694131e-09	6.57932201875e-06
1.87809372525e-09	6.76396899735e-06
1.88174050918e-09	3.61919745728e-06
1.88538729311e-09	-1.54699259269e-06
1.88903407704e-09	-6.41374913357e-06
1.89268086098e-09	-8.73916815181e-06
1.89632764491e-09	-7.43507212064e-06
1.89997442884e-09	-3.10255751401e-06
1.90362121277e-09	2.23621822215e-06
1.90726799671e-09	6.08499556165e-06
1.91091478064e-09	6.64903762981e-06
1.91456156457e-09	3.68288704067e-06
1.9182083485e-09	-1.39085730666e-06
1.92185513244e-09	-6.14534314991e-06
1.92550191637e-09	-8.28645636375e-06
1.9291487003e-09	-6.72925659728e-06
1.93279548423e-09	-2.11115130355e-06
1.93644226817e-09	3.50394878978e-06
1.9400890521e-09	7.59109889259e-06
1.94373583603e-09	8.34445825149e-06
1.94738261996e-09	5.51216652411e-06
1.9510294039e-09	4.93511763011e-07
1.95467618783e-09	-4.34105197655e-06
1.95832297176e-09	-6.77127775361e-06
1.96196975569e-09	-5.75271178604e-06
1.96561653963e-09	-1.86794841284e-06
1.96926332356e-09	2.99016517147e-06
1.97291010749e-09	6.52982140537e-06
1.97655689142e-09	7.12541094572e-06
1.98020367536e-09	4.54038467979e-06
1.98385045929e-09	-9.43929912012e-09
1.98749724322e-09	-4.45996641929e-06
1.99114402715e-09	-6.8709379093e-06
1.99479081109e-09	-6.30781966038e-06
1.99843759502e-09	-3.22630236838e-06
2.00208437895e-09	8.01111596616e-07
2.00573116288e-09	3.86774399885e-06
2.00937794682e-09	4.6331713861e-06
2.01302473075e-09	2.90939306069e-06
2.01667151468e-09	-3.29424970857e-07
2.02031829861e-09	-3.48150791751e-06
2.02396508255e-09	-5.10510727736e-06
2.02761186648e-09	-4.5671766884e-06
2.03125865041e-09	-2.25939569987e-06
2.03490543434e-09	6.7664329606e-07
2.03855221828e-09	2.94031102044e-06
2.04219900221e-09	3.67510637034e-06
2.04584578614e-09	2.80720294654e-06
2.04949257007e-09	9.88574512917e-07
2.05313935401e-09	-7.89434920989e-07
2.05678613794e-09	-1.7029216508e-06
2.06043292187e-09	-1.46823980174e-06
2.0640797058e-09	-4.09782227706e-07
2.06772648974e-09	7.88417835906e-07
2.07137327367e-09	1.48976126013e-06
2.0750200576e-09	1.43789000617e-06
2.07866684153e-09	8.37468206782e-07
2.08231362547e-09	1.57837504844e-07
2.0859604094e-09	-1.98761339831e-07
2.08960719333e-09	-1.49236441871e-07
2.09325397726e-09	4.83687294661e-08
2.0969007612e-09	2.96612867601e-09
2.10054754513e-09	-5.12898267857e-07
2.10419432906e-09	-1.37212391849e-06
2.10784111299e-09	-2.12818591194e-06
2.11148789693e-09	-2.26303023965e-06
2.11513468086e-09	-1.50907796126e-06
2.11878146479e-09	-6.34766639251e-08
2.12242824872e-09	1.43840858868e-06
2.12607503266e-09	2.20401898332e-06
2.12972181659e-09	1.69795070804e-06
2.13336860052e-09	-1.81531554233e-08
2.13701538445e-09	-2.21704996761e-06
2.14066216839e-09	-3.79046093713e-06
2.14430895232e-09	-3.78553926339e-06
2.14795573625e-09	-1.93397593762e-06
2.15160252018e-09	1.11524795443e-06
2.15524930412e-09	4.02446221415e-06
2.15889608805e-09	5.38203141787e-06
2.16254287198e-09	4.4127080514e-06
2.16618965591e-09	1.41745788085e-06
2.16983643985e-09	-2.29980366839e-06
2.17348322378e-09	-5.00814684301e-06
2.17713000771e-09	-5.36467956636e-06
2.18077679164e-09	-3.08032528551e-06
2.18442357558e-09	8.89002379267e-07
2.18807035951e-09	4.73295807524e-06
2.19171714344e-09	6.59959994209e-06
2.19536392737e-09	5.46919483213e-06
2.19901071131e-09	1.67983445465e-06
2.20265749524e-09	-3.16069795758e-06
2.20630427917e-09	-6.87267197463e-06
2.2099510631e-09	-7.7109339145e-06
2.21359784704e-09	-5.21218413496e-06
2.21724463097e-09	-4.62878830376e-07
2.2208914149e-09	4.36784483782e-06
2.22453819883e-09	7.02889525428e-06
2.22818498277e-09	6.2495590214e-06
2.2318317667e-09	2.35363637557e-06
2.23547855063e-09	-2.87522479425e-06
2.23912533456e-09	-7.01375785184e-06
2.2427721185e-09	-8.11924394384e-06
2.24641890243e-09	-5.62920553193e-06
2.25006568636e-09	-6.24634139967e-07
2.25371247029e-09	4.65882664002e-06
2.25735925423e-09	7.84873736848e-06
2.26100603816e-09	7.52036032736e-06
2.26465282209e-09	3.85240338119e-06
2.26829960602e-09	-1.45164098342e-06
2.27194638996e-09	-5.94611270799e-06
2.27559317389e-09	-7.57483087455e-06
2.27923995782e-09	-5.6220177953e-06
2.28288674175e-09	-1.03546511809e-06
2.28653352569e-09	4.0318159904e-06
2.29018030962e-09	7.23794039459e-06
2.29382709355e-09	7.13823959586e-06
2.29747387748e-09	3.83018692673e-06
2.30112066142e-09	-1.13293820903e-06
2.30476744535e-09	-5.49492762048e-06
2.30841422928e-09	-7.34363652555e-06
2.31206101321e-09	-5.96384717255e-06
2.31570779715e-09	-2.1170052662e-06
2.31935458108e-09	2.35652021274e-06
2.32300136501e-09	5.40729865861e-06
2.32664814894e-09	5.71186319576e-06
2.33029493288e-09	3.24665879248e-06
2.33394171681e-09	-7.49145826262e-07
2.33758850074e-09	-4.38944050529e-06
2.34123528467e-09	-6.03332506444e-06
2.34488206861e-09	-5.02773769995e-06
2.34852885254e-09	-1.95817477788e-06
2.35217563647e-09	1.68937829415e-06
2.3558224204e-09	4.26691599387e-06
2.35946920434e-09	4.72931753848e-06
2.36311598827e-09	3.06592536958e-06
2.3667627722e-09	2.22168022646e-07
2.37040955613e-09	-2.41093061959e-06
2.37405634007e-09	-3.66595844525e-06
2.377703124e-09	-3.10737297582e-06
2.38134990793e-09	-1.16105614723e-06
2.38499669186e-09	1.15946644996e-06
2.3886434758e-09	2.76962703083e-06
2.39229025973e-09	3.01807273217e-06
2.39593704366e-09	1.9441243353e-06
2.39958382759e-09	1.86495750398e-07
2.40323061153e-09	-1.383558768e-06
2.40687739546e-09	-2.10548287782e-06
2.41052417939e-09	-1.82104983537e-06
2.41417096332e-09	-8.80163256056e-07
2.41781774726e-09	1.11746718545e-07
2.42146453119e-09	6.44474226874e-07
2.42511131512e-09	5.53740321152e-07
2.42875809905e-09	4.85093458735e-08
2.43240488299e-09	-4.71427171078e-07
2.43605166692e-09	-6.80067614667e-07
2.43969845085e-09	-5.11449641749e-07
2.44334523478e-09	-1.69846346765e-07
2.44699201872e-09	2.71550497644e-08
2.45063880265e-09	-1.28677655198e-07
2.45428558658e-09	-5.83958353673e-07
2.45793237052e-09	-1.03411001362e-06
2.46157915445e-09	-1.09712253504e-06
2.46522593838e-09	-5.58686672036e-07
2.46887272231e-09	4.53627535535e-07
2.47251950625e-09	1.48285005253e-06
2.47616629018e-09	1.95884581444e-06
2.47981307411e-09	1.51701546258e-06
2.48345985804e-09	2.43437792591e-07
2.48710664198e-09	-1.30553668498e-06
2.49075342591e-09	-2.34917473563e-06
2.49440020984e-09	-2.28052923035e-06
2.49804699377e-09	-1.01091652027e-06
2.50169377771e-09	9.32000915554e-07
2.50534056164e-09	2.62214396685e-06
2.50898734557e-09	3.17632677138e-06
2.5126341295e-09	2.20373277671e-06
2.51628091344e-09	3.84176708224e-08
2.51992769737e-09	-2.37423719796e-06
2.5235744813e-09	-3.90006374573e-06
2.52722126523e-09	-3.75929982965e-06
2.53086804917e-09	-1.93162023265e-06
2.5345148331e-09	7.86511876072e-07
2.53816161703e-09	3.12249846957e-06
2.54180840096e-09	3.92498367319e-06
2.5454551849e-09	2.73584728916e-06
2.54910196883e-09	4.88320424097e-08
2.55274875276e-09	-2.89139134679e-06
2.55639553669e-09	-4.66869897764e-06
2.56004232063e-09	-4.3806385861e-06
2.56368910456e-09	-2.09075182056e-06
2.56733588849e-09	1.17818019874e-06
2.57098267242e-09	3.91464158156e-06
2.57462945636e-09	4.83053759126e-06
2.57827624029e-09	3.4770088746e-06
2.58192302422e-09	4.69629810596e-07
2.58556980815e-09	-2.78640192164e-06
2.58921659209e-09	-4.7485885375e-06
2.59286337602e-09	-4.46585335112e-06
2.59651015995e-09	-2.04067393383e-06
2.60015694388e-09	1.4010713727e-06
2.60380372782e-09	4.23078267886e-06
2.60745051175e-09	5.08907982066e-06
2.61109729568e-09	3.5423394138e-06
2.61474407961e-09	3.00499710448e-07
2.61839086355e-09	-3.115830566e-06
2.62203764748e-09	-5.10247804186e-06
2.62568443141e-09	-4.73901610576e-06
2.62933121534e-09	-2.22508703018e-06
2.63297799928e-09	1.22349342746e-06
2.63662478321e-09	3.96143701664e-06
2.64027156714e-09	4.69625189226e-06
2.64391835107e-09	3.09383628405e-06
2.64756513501e-09	-7.3517735899e-08
2.65121191894e-09	-3.30030431428e-06
2.65485870287e-09	-5.06147858914e-06
2.6585054868e-09	-4.53085732488e-06
2.66215227074e-09	-1.96910838213e-06
2.66579905467e-09	1.40402279669e-06
2.6694458386e-09	3.99383367267e-06
2.67309262253e-09	4.593831477e-06
2.67673940647e-09	2.96020772339e-06
2.6803861904e-09	-8.09792748413e-08
2.68403297433e-09	-3.04504328597e-06
2.68767975826e-09	-4.51304600801e-06
2.6913265422e-09	-3.8111886056e-06
2.69497332613e-09	-1.31572586781e-06
2.69862011006e-09	1.75286676551e-06
2.70226689399e-09	3.93194920889e-06
2.70591367793e-09	4.21535202122e-06
2.70956046186e-09	2.51363300663e-06
2.71320724579e-09	-3.29143155398e-07
2.71685402972e-09	-2.9559848258e-06
2.72050081366e-09	-4.14610929056e-06
2.72414759759e-09	-3.38614438533e-06
2.72779438152e-09	-1.09665683112e-06
2.73144116545e-09	1.58620348145e-06
2.73508794939e-09	3.36640223964e-06
2.73873473332e-09	3.41169720741e-06
2.74238151725e-09	1.74346725146e-06
2.74602830118e-09	-7.95420518784e-07
2.74967508512e-09	-2.9706555722e-06
2.75332186905e-09	-3.76374697453e-06
2.75696865298e-09	-2.85420509272e-06
2.76061543691e-09	-7.43553044913e-07
2.76426222085e-09	1.52161454992e-06
2.76790900478e-09	2.87415821276e-06
2.77155578871e-09	2.73188410915e-06
2.77520257264e-09	1.24701291782e-06
2.77884935658e-09	-8.04109220098e-07
2.78249614051e-09	-2.41796254841e-06
2.78614292444e-09	-2.8475402587e-06
2.78978970837e-09	-1.94185423652e-06
2.79343649231e-09	-1.91092279778e-07
2.79708327624e-09	1.53574303852e-06
2.80073006017e-09	2.42431934794e-06
2.8043768441e-09	2.10438383874e-06
2.80802362804e-09	8.07668683933e-07
2.81167041197e-09	-7.77631598226e-07
2.8153171959e-09	-1.87112692629e-06
2.81896397983e-09	-1.99061355488e-06
2.82261076377e-09	-1.16874127798e-06
2.8262575477e-09	1.02043745898e-07
2.82990433163e-09	1.15167786419e-06
2.83355111556e-09	1.47999246281e-06
2.8371978995e-09	9.91368594327e-07
2.84084468343e-09	4.78208761479e-09
2.84449146736e-09	-9.4299988973e-07
2.84813825129e-09	-1.38720177745e-06
2.85178503523e-09	-1.16414918239e-06
2.85543181916e-09	-4.69445183171e-07
2.85907860309e-09	2.73102454429e-07
2.86272538702e-09	6.5279120065e-07
2.86637217096e-09	4.93847849725e-07
2.87001895489e-09	-5.98867266888e-08
2.87366573882e-09	-6.40382999961e-07
2.87731252275e-09	-8.74991471278e-07
2.88095930669e-09	-6.07131511288e-07
2.88460609062e-09	9.75492753241e-09
2.88825287455e-09	5.98979880806e-07
2.89189965848e-09	7.83299057616e-07
2.89554644242e-09	4.13867415006e-07
2.89919322635e-09	-3.26497254122e-07
2.90284001028e-09	-1.01193757018e-06
2.90648679421e-09	-1.20862772235e-06
2.91013357815e-09	-7.29458562887e-07
2.91378036208e-09	2.37148139348e-07
2.91742714601e-09	1.20084128241e-06
2.92107392994e-09	1.61735609083e-06
2.92472071388e-09	1.1846136232e-06
2.92836749781e-09	3.0415094443e-08
2.93201428174e-09	-1.31622077504e-06
2.93566106567e-09	-2.17107196931e-06
2.93930784961e-09	-2.04235072943e-06
2.94295463354e-09	-9.06675012402e-07
2.94660141747e-09	7.38858901173e-07
2.9502482014e-09	2.09121316175e-06
2.95389498534e-09	2.43136250333e-06
2.95754176927e-09	1.49885151757e-06
2.9611885532e-09	-3.40961094025e-07
2.96483533713e-09	-2.23902921448e-06
2.96848212107e-09	-3.25748476371e-06
2.972128905e-09	-2.83361882225e-06
2.97577568893e-09	-1.08242291219e-06
2.97942247286e-09	1.22176093953e-06
2.9830692568e-09	2.99148533145e-06
2.98671604073e-09	3.34409352831e-06
2.99036282466e-09	2.04357502298e-06
2.99400960859e-09	-3.53897849692e-07
2.99765639253e-09	-2.73555011177e-06
3.00130317646e-09	-3.94922136593e-06
3.00494996039e-09	-3.36066543127e-06
3.00859674432e-09	-1.17897651819e-06
3.01224352826e-09	1.61397188947e-06
3.01589031219e-09	3.71128174947e-06
3.01953709612e-09	4.097685121e-06
3.02318388005e-09	2.54256983112e-06
3.02683066399e-09	-2.7122522539e-07
3.03047744792e-09	-3.05029931269e-06
3.03412423185e-09	-4.49080465614e-06
3.03777101578e-09	-3.89408347701e-06
3.04141779972e-09	-1.50724183356e-06
3.04506458365e-09	1.57691751212e-06
3.04871136758e-09	3.91999577687e-06
3.05235815151e-09	4.40999644979e-06
3.05600493545e-09	2.78992223457e-06
3.05965171938e-09	-2.103857355e-07
3.06329850331e-09	-3.20620929983e-06
3.06694528725e-09	-4.80395669911e-06
3.07059207118e-09	-4.25646879876e-06
3.07423885511e-09	-1.81609854621e-06
3.07788563904e-09	1.38412261208e-06
3.08153242298e-09	3.86283585385e-06
3.08517920691e-09	4.48306292355e-06
3.08882599084e-09	2.9773613619e-06
3.09247277477e-09	6.24195024557e-08
3.09611955871e-09	-2.90464481623e-06
3.09976634264e-09	-4.5591012281e-06
3.10341312657e-09	-4.15578927004e-06
3.1070599105e-09	-1.90319650528e-06
3.11070669444e-09	1.14552102559e-06
3.11435347837e-09	3.58744466666e-06
3.1180002623e-09	4.319651282e-06
3.12164704623e-09	3.04283511809e-06
3.12529383017e-09	3.86267910102e-07
3.1289406141e-09	-2.40158033193e-06
3.13258739803e-09	-4.04476685389e-06
3.13623418196e-09	-3.83173170349e-06
3.1398809659e-09	-1.92665785903e-06
3.14352774983e-09	7.36964324233e-07
3.14717453376e-09	2.91745368486e-06
3.15082131769e-09	3.6476853893e-06
3.15446810163e-09	2.66280810024e-06
3.15811488556e-09	4.84767369358e-07
3.16176166949e-09	-1.85507167316e-06
3.16540845342e-09	-3.3075823751e-06
3.16905523736e-09	-3.27686782953e-06
3.17270202129e-09	-1.86189549822e-06
3.17634880522e-09	2.25737306181e-07
3.17999558915e-09	2.01522178145e-06
3.18364237309e-09	2.72867558238e-06
3.18728915702e-09	2.12261062416e-06
3.19093594095e-09	5.65882658066e-07
3.19458272488e-09	-1.16906588232e-06
3.19822950882e-09	-2.29063604706e-06
3.20187629275e-09	-2.35407239302e-06
3.20552307668e-09	-1.43512482964e-06
3.20916986061e-09	-4.32691891206e-08
3.21281664455e-09	1.15962033931e-06
3.21646342848e-09	1.67950345542e-06
3.22011021241e-09	1.39101750563e-06
3.22375699634e-09	5.40351791756e-07
3.22740378028e-09	-4.21977144782e-07
3.23105056421e-09	-1.07437965369e-06
3.23469734814e-09	-1.20485216826e-06
3.23834413207e-09	-8.6690890555e-07
3.24199091601e-09	-3.04591438294e-07
3.24563769994e-09	1.95733008468e-07
3.24928448387e-09	4.47512729096e-07
3.2529312678e-09	4.30935241269e-07
3.25657805174e-09	2.610043488e-07
3.26022483567e-09	8.57930437803e-08
3.2638716196e-09	-1.69435345754e-08
3.26751840353e-09	-8.01982835696e-08
3.27116518747e-09	-1.98834811727e-07
3.2748119714e-09	-4.28187902912e-07
3.27845875533e-09	-7.05299783021e-07
3.28210553926e-09	-8.57175763258e-07
3.2857523232e-09	-7.04522520323e-07
3.28939910713e-09	-1.99003620693e-07
3.29304589106e-09	4.98143236882e-07
3.29669267499e-09	1.06104967301e-06
3.30033945893e-09	1.15751849705e-06
3.30398624286e-09	6.39896086341e-07
3.30763302679e-09	-3.40567574142e-07
3.31127981072e-09	-1.36676248985e-06
3.31492659466e-09	-1.93526295789e-06
3.31857337859e-09	-1.70062995153e-06
3.32222016252e-09	-6.68662792691e-07
3.32586694645e-09	7.63218139355e-07
3.32951373039e-09	1.95414628479e-06
3.33316051432e-09	2.30597038353e-06
3.33680729825e-09	1.56160324138e-06
3.34045408218e-09	-3.06392280436e-08
3.34410086612e-09	-1.78529336381e-06
3.34774765005e-09	-2.87466667714e-06
3.35139443398e-09	-2.72410767366e-06
3.35504121791e-09	-1.31631500722e-06
3.35868800185e-09	7.58747603413e-07
3.36233478578e-09	2.55145533856e-06
3.36598156971e-09	3.19393609516e-06
3.36962835364e-09	2.3225081236e-06
3.37327513758e-09	2.74424923674e-07
3.37692192151e-09	-2.04464450348e-06
3.38056870544e-09	-3.56668769541e-06
3.38421548937e-09	-3.55651104655e-06
3.38786227331e-09	-1.96512232264e-06
3.39150905724e-09	5.25153410535e-07
3.39515584117e-09	2.79300019201e-06
3.3988026251e-09	3.78348096319e-06
3.40244940904e-09	3.00099398487e-06
3.40609619297e-09	7.5898314833e-07
3.4097429769e-09	-1.94099496298e-06
3.41338976083e-09	-3.8570294123e-06
3.41703654477e-09	-4.08343424851e-06
3.4206833287e-09	-2.48378060519e-06
3.42433011263e-09	2.30863282269e-07
3.42797689656e-09	2.82325305534e-06
3.4316236805e-09	4.10196196299e-06
3.43527046443e-09	3.47600621353e-06
3.43891724836e-09	1.22885927567e-06
3.44256403229e-09	-1.61382378394e-06
3.44621081623e-09	-3.75783275786e-06
3.44985760016e-09	-4.23282591555e-06
3.45350438409e-09	-2.83226043507e-06
3.45715116802e-09	-2.02514270242e-07
3.46079795196e-09	2.45663403575e-06
3.46444473589e-09	3.94038687546e-06
3.46809151982e-09	3.58692278724e-06
3.47173830375e-09	1.57497741782e-06
3.47538508769e-09	-1.16459243316e-06
3.47903187162e-09	-3.38312827353e-06
3.48267865555e-09	-4.08942986496e-06
3.48632543948e-09	-2.99922493241e-06
3.48997222342e-09	-6.50135753233e-07
3.49361900735e-09	1.86451862305e-06
3.49726579128e-09	3.41098939316e-06
3.50091257521e-09	3.33097000293e-06
3.50455935915e-09	1.72189710668e-06
3.50820614308e-09	-6.37342793652e-07
3.51185292701e-09	-2.66615305122e-06
3.51549971094e-09	-3.47967409198e-06
3.51914649488e-09	-2.77465011322e-06
3.52279327881e-09	-9.36138889074e-07
3.52644006274e-09	1.16819285267e-06
3.53008684667e-09	2.59965321447e-06
3.53373363061e-09	2.77008919625e-06
3.53738041454e-09	1.68460447014e-06
3.54102719847e-09	-9.67316946543e-08
3.5446739824e-09	-1.74408221199e-06
3.54832076634e-09	-2.54811482137e-06
3.55196755027e-09	-2.22811573281e-06
3.5556143342e-09	-1.02274232461e-06
3.55926111813e-09	4.6209962079e-07
3.56290790207e-09	1.55820040959e-06
3.566554686e-09	1.83867868486e-06
3.57020146993e-09	1.27992369414e-06
3.57384825386e-09	2.23548706657e-07
3.5774950378e-09	-8.2089279374e-07
3.58114182173e-09	-1.42319490237e-06
3.58478860566e-09	-1.40857981989e-06
3.58843538959e-09	-8.93179347372e-07
3.59208217353e-09	-1.81939681099e-07
3.59572895746e-09	4.01289515395e-07
3.59937574139e-09	6.61550117798e-07
3.60302252532e-09	5.89912943383e-07
3.60666930926e-09	3.19064287879e-07
3.61031609319e-09	1.78260783912e-08
3.61396287712e-09	-2.06337016806e-07
3.61760966105e-09	-3.43438028239e-07
3.62125644499e-09	-4.43827072871e-07
3.62490322892e-09	-5.43953944998e-07
3.62855001285e-09	-6.11932136962e-07
3.63219679678e-09	-5.5543311106e-07
3.63584358072e-09	-2.91620128934e-07
3.63949036465e-09	1.66216757691e-07
3.64313714858e-09	6.66886720069e-07
3.64678393251e-09	9.66259719348e-07
3.65043071645e-09	8.47614316513e-07
3.65407750038e-09	2.58416005039e-07
3.65772428431e-09	-6.17604456465e-07
3.66137106824e-09	-1.40748558408e-06
3.66501785218e-09	-1.71022304585e-06
3.66866463611e-09	-1.29998649356e-06
3.67231142004e-09	-2.69947193487e-07
3.67595820397e-09	9.69058021383e-07
3.67960498791e-09	1.85176483569e-06
3.68325177184e-09	1.91879385625e-06
3.68689855577e-09	1.05292454577e-06
3.69054533971e-09	-4.29166885141e-07
3.69419212364e-09	-1.88865723771e-06
3.69783890757e-09	-2.64293854002e-06
3.7014856915e-09	-2.2878707e-06
3.70513247544e-09	-9.10946567956e-07
3.70877925937e-09	9.15583825645e-07
3.7124260433e-09	2.37298468164e-06
3.71607282723e-09	2.76762003182e-06
3.71971961117e-09	1.86379324418e-06
3.7233663951e-09	1.78265757711e-08
3.72701317903e-09	-1.96088103621e-06
3.73065996296e-09	-3.16868937489e-06
3.7343067469e-09	-3.02557191389e-06
3.73795353083e-09	-1.55485713549e-06
3.74160031476e-09	6.09835112186e-07
3.74524709869e-09	2.50140601565e-06
3.74889388263e-09	3.25728927919e-06
3.75254066656e-09	2.5169644573e-06
3.75618745049e-09	5.94290042955e-07
3.75983423442e-09	-1.65712891942e-06
3.76348101836e-09	-3.22643336403e-06
3.76712780229e-09	-3.40387262554e-06
3.77077458622e-09	-2.10466828321e-06
3.77442137015e-09	8.97844252279e-08
3.77806815409e-09	2.19408138946e-06
3.78171493802e-09	3.26524474303e-06
3.78536172195e-09	2.83050297867e-06
3.78900850588e-09	1.0988385668e-06
3.79265528982e-09	-1.14026416043e-06
3.79630207375e-09	-2.88172927299e-06
3.79994885768e-09	-3.36253529554e-06
3.80359564161e-09	-2.40091614501e-06
3.80724242555e-09	-4.62950566771e-07
3.81088920948e-09	1.56611181978e-06
3.81453599341e-09	2.79084204635e-06
3.81818277734e-09	2.70460742513e-06
3.82182956128e-09	1.39876388516e-06
3.82547634521e-09	-5.03476485392e-07
3.82912312914e-09	-2.14595860371e-06
3.83276991307e-09	-2.82727435774e-06
3.83641669701e-09	-2.30220578601e-06
3.84006348094e-09	-8.66067708216e-07
3.84371026487e-09	8.04879348948e-07
3.8473570488e-09	1.97448736117e-06
3.85100383274e-09	2.17551246351e-06
3.85465061667e-09	1.39793206699e-06
3.8582974006e-09	5.86428789973e-08
3.86194418453e-09	-1.21922046503e-06
3.86559096847e-09	-1.90077113871e-06
3.8692377524e-09	-1.76532788032e-06
3.87288453633e-09	-9.67558420939e-07
3.87653132026e-09	7.67813048697e-08
3.8801781042e-09	9.06574413762e-07
3.88382488813e-09	1.21981891255e-06
3.88747167206e-09	9.76968692612e-07
3.89111845599e-09	3.72487509281e-07
3.89476523993e-09	-2.90919956569e-07
3.89841202386e-09	-7.52218781486e-07
3.90205880779e-09	-8.9317731522e-07
3.90570559172e-09	-7.53894212835e-07
3.90935237566e-09	-4.70808970476e-07
3.91299915959e-09	-1.82819976047e-07
3.91664594352e-09	3.82222680173e-08
3.92029272745e-09	1.9645857563e-07
3.92393951139e-09	3.25204876361e-07
3.92758629532e-09	4.23684586082e-07
3.93123307925e-09	4.29683115755e-07
3.93487986318e-09	2.54803662614e-07
3.93852664712e-09	-1.35665951362e-07
3.94217343105e-09	-6.53846569776e-07
3.94582021498e-09	-1.08896392703e-06
3.94946699891e-09	-1.19425196488e-06
3.95311378285e-09	-8.24174662739e-07
3.95676056678e-09	-4.51239277055e-08
3.96040735071e-09	8.52156674114e-07
