% time-domain current integration by openEMS v0.0.36-93-g7b9cd51 @Thu Sep 24 16:13:01 2026
% start-coordinates: (0.00695,-0.0023,0.000379103) m -> [9,1,6]
% stop-coordinates: (0.007,0.0006,0.000379103) m -> [10,4,6]
% t/s	current
1.98194778941e-14	0
3.66660341041e-12	-2.23063967297e-09
7.31338734292e-12	-4.07942968295e-09
1.09601712754e-11	-1.34781252825e-09
1.4606955208e-11	1.11539169012e-08
1.82537391405e-11	4.51271731094e-08
2.1900523073e-11	1.14570198662e-07
2.55473070055e-11	2.30492844366e-07
2.9194090938e-11	3.8644574829e-07
3.28408748705e-11	5.3538838074e-07
3.6487658803e-11	5.69333280964e-07
4.01344427356e-11	3.12676348813e-07
4.37812266681e-11	-4.49648609901e-07
4.74280106006e-11	-1.89251136362e-06
5.10747945331e-11	-4.02815385314e-06
5.47215784656e-11	-6.58025783196e-06
5.83683623981e-11	-8.92247044249e-06
6.20151463306e-11	-1.01524856291e-05
6.56619302632e-11	-9.32986404223e-06
6.93087141957e-11	-5.82837401453e-06
7.29554981282e-11	3.24203540458e-07
7.66022820607e-11	8.28035445011e-06
8.02490659932e-11	1.64950688486e-05
8.38958499257e-11	2.31308804359e-05
8.75426338583e-11	2.66079114226e-05
9.11894177908e-11	2.60850665654e-05
9.48362017233e-11	2.16843436647e-05
9.84829856558e-11	1.43918814501e-05
1.02129769588e-10	5.71030795982e-06
1.05776553521e-10	-2.77316212305e-06
1.09423337453e-10	-9.73778878688e-06
1.13070121386e-10	-1.43163742905e-05
1.16716905318e-10	-1.6133662939e-05
1.20363689251e-10	-1.52633983816e-05
1.24010473183e-10	-1.21646726257e-05
1.27657257116e-10	-7.61084538681e-06
1.31304041048e-10	-2.58101499639e-06
1.34950824981e-10	1.9177955437e-06
1.38597608913e-10	5.08115135744e-06
1.42244392846e-10	6.51606205793e-06
1.45891176778e-10	6.33401032246e-06
1.49537960711e-10	5.0675039347e-06
1.53184744644e-10	3.43184865415e-06
1.56831528576e-10	2.03539684662e-06
1.60478312509e-10	1.16835781228e-06
1.64125096441e-10	7.62693957768e-07
1.67771880374e-10	5.24880135799e-07
1.71418664306e-10	1.52466043346e-07
1.75065448239e-10	-4.81915719774e-07
1.78712232171e-10	-1.27622865875e-06
1.82359016104e-10	-1.98035536414e-06
1.86005800036e-10	-2.35073730437e-06
1.89652583969e-10	-2.28516955758e-06
1.93299367901e-10	-1.87145064956e-06
1.96946151834e-10	-1.33437072236e-06
2.00592935766e-10	-9.22575509321e-07
2.04239719699e-10	-7.94773711732e-07
2.07886503631e-10	-9.55890072873e-07
2.11533287564e-10	-1.26705072034e-06
2.15180071496e-10	-1.51477536292e-06
2.18826855429e-10	-1.50233358909e-06
2.22473639361e-10	-1.12338443614e-06
2.26120423294e-10	-3.88844114241e-07
2.29767207226e-10	5.96602774294e-07
2.33413991159e-10	1.68648114141e-06
2.37060775091e-10	2.74072976936e-06
2.40707559024e-10	3.64490460925e-06
2.44354342956e-10	4.29769715993e-06
2.48001126889e-10	4.5880728976e-06
2.51647910821e-10	4.39089853899e-06
2.55294694754e-10	3.59826981366e-06
2.58941478686e-10	2.180771844e-06
2.62588262619e-10	2.4671663823e-07
2.66235046551e-10	-1.93922164726e-06
2.69881830484e-10	-3.99880082114e-06
2.73528614417e-10	-5.53817380933e-06
2.77175398349e-10	-6.26511064183e-06
2.80822182282e-10	-6.0743504946e-06
2.84468966214e-10	-5.06564992975e-06
2.88115750147e-10	-3.48972344e-06
2.91762534079e-10	-1.65091580584e-06
2.95409318012e-10	1.84442058071e-07
2.99056101944e-10	1.83285510502e-06
3.02702885877e-10	3.18108823194e-06
3.06349669809e-10	4.14234273194e-06
3.09996453742e-10	4.62478419649e-06
3.13643237674e-10	4.54303608421e-06
3.17290021607e-10	3.87056661566e-06
3.20936805539e-10	2.6965624329e-06
3.24583589472e-10	1.24131520352e-06
3.28230373404e-10	-1.93329213971e-07
3.31877157337e-10	-1.32429067889e-06
3.35523941269e-10	-1.9891260763e-06
3.39170725202e-10	-2.19454977923e-06
3.42817509134e-10	-2.08508936339e-06
3.46464293067e-10	-1.84855730367e-06
3.50111076999e-10	-1.61224761541e-06
3.53757860932e-10	-1.3885186263e-06
3.57404644864e-10	-1.09689176497e-06
3.61051428797e-10	-6.46775447422e-07
3.64698212729e-10	-2.70997730922e-08
3.68344996662e-10	6.55883525269e-07
3.71991780594e-10	1.21680579923e-06
3.75638564527e-10	1.48437231928e-06
3.79285348459e-10	1.39439657687e-06
3.82932132392e-10	1.02356034404e-06
3.86578916324e-10	5.42494547062e-07
3.90225700257e-10	1.17819283219e-07
3.9387248419e-10	-1.77633708631e-07
3.97519268122e-10	-3.90902982872e-07
4.01166052055e-10	-6.3419088292e-07
4.04812835987e-10	-9.84607822829e-07
4.0845961992e-10	-1.40256236136e-06
4.12106403852e-10	-1.72234285856e-06
4.15753187785e-10	-1.72710088009e-06
4.19399971717e-10	-1.2687465869e-06
4.2304675565e-10	-3.65326911833e-07
4.26693539582e-10	7.79900915404e-07
4.30340323515e-10	1.85225997029e-06
4.33987107447e-10	2.55617692346e-06
4.3763389138e-10	2.73526688943e-06
4.41280675312e-10	2.42306896325e-06
4.44927459245e-10	1.80281972462e-06
4.48574243177e-10	1.10356359073e-06
4.5222102711e-10	4.92690446663e-07
4.55867811042e-10	2.05648973406e-08
4.59514594975e-10	-3.60024074553e-07
4.63161378907e-10	-7.19930824289e-07
4.6680816284e-10	-1.0758354847e-06
4.70454946772e-10	-1.35674895319e-06
4.74101730705e-10	-1.43388911056e-06
4.77748514637e-10	-1.19514561447e-06
4.8139529857e-10	-6.19728439233e-07
4.85042082502e-10	1.90040196912e-07
4.88688866435e-10	1.03825220776e-06
4.92335650367e-10	1.71039255292e-06
4.959824343e-10	2.05577566703e-06
4.99629218232e-10	2.03913464247e-06
5.03276002165e-10	1.73969237949e-06
5.06922786097e-10	1.30306898427e-06
5.1056957003e-10	8.73916633282e-07
5.14216353962e-10	5.41107738172e-07
5.17863137895e-10	3.17594810895e-07
5.21509921828e-10	1.57923764732e-07
5.2515670576e-10	-1.98485494707e-09
5.28803489693e-10	-2.0479444629e-07
5.32450273625e-10	-4.49441046158e-07
5.36097057558e-10	-6.93660467732e-07
5.3974384149e-10	-8.75481305229e-07
5.43390625423e-10	-9.41726682413e-07
5.47037409355e-10	-8.71214638209e-07
5.50684193288e-10	-6.83810640112e-07
5.5433097722e-10	-4.33589207205e-07
5.57977761153e-10	-1.89998544897e-07
5.61624545085e-10	-1.41956491007e-08
5.65271329018e-10	6.01341128004e-08
5.6891811295e-10	3.39279111472e-08
5.72564896883e-10	-6.36877075522e-08
5.76211680815e-10	-1.91718982023e-07
5.79858464748e-10	-3.15528097872e-07
5.8350524868e-10	-4.18046226969e-07
5.87152032613e-10	-4.99769839735e-07
5.90798816545e-10	-5.68819530145e-07
5.94445600478e-10	-6.26136909432e-07
5.9809238441e-10	-6.54642462905e-07
6.01739168343e-10	-6.19219065356e-07
6.05385952275e-10	-4.79274604004e-07
6.09032736208e-10	-2.09951835473e-07
6.1267952014e-10	1.77862432338e-07
6.16326304073e-10	6.29612543435e-07
6.19973088005e-10	1.0575934084e-06
6.23619871938e-10	1.36818323426e-06
6.2726665587e-10	1.49405684624e-06
6.30913439803e-10	1.41657073982e-06
6.34560223735e-10	1.168812787e-06
6.38207007668e-10	8.18718945084e-07
6.41853791601e-10	4.41831559783e-07
6.45500575533e-10	9.6946997985e-08
6.49147359466e-10	-1.8618132458e-07
6.52794143398e-10	-4.0469058149e-07
6.56440927331e-10	-5.70121699184e-07
6.60087711263e-10	-6.93242952821e-07
6.63734495196e-10	-7.73452256908e-07
6.67381279128e-10	-7.97898564997e-07
6.71028063061e-10	-7.50374283598e-07
6.74674846993e-10	-6.25608436167e-07
6.78321630926e-10	-4.41099757609e-07
6.81968414858e-10	-2.38106409256e-07
6.85615198791e-10	-6.88348720246e-08
6.89261982723e-10	2.50765026522e-08
6.92908766656e-10	3.20444613067e-08
6.96555550588e-10	-2.34694432777e-08
7.00202334521e-10	-9.25553962361e-08
7.03849118453e-10	-1.25225099623e-07
7.07495902386e-10	-9.39530195865e-08
7.11142686318e-10	-5.87542103858e-09
7.14789470251e-10	1.02062770679e-07
7.18436254183e-10	1.8233779997e-07
7.22083038116e-10	2.01350800921e-07
7.25729822048e-10	1.57926763222e-07
7.29376605981e-10	8.65426912355e-08
7.33023389913e-10	4.24296828783e-08
7.36670173846e-10	7.39520231718e-08
7.40316957778e-10	1.95103055489e-07
7.43963741711e-10	3.73081860516e-07
7.47610525643e-10	5.39597067473e-07
7.51257309576e-10	6.21890194452e-07
7.54904093508e-10	5.78308913646e-07
7.58550877441e-10	4.18881768383e-07
7.62197661374e-10	1.99036094273e-07
7.65844445306e-10	-9.73405178684e-09
7.69491229239e-10	-1.55949237524e-07
7.73138013171e-10	-2.31504756698e-07
7.76784797104e-10	-2.6996519864e-07
7.80431581036e-10	-3.22050254908e-07
7.84078364969e-10	-4.22175645554e-07
7.87725148901e-10	-5.63922924357e-07
7.91371932834e-10	-6.97897917235e-07
7.95018716766e-10	-7.53549272758e-07
7.98665500699e-10	-6.74879288454e-07
8.02312284631e-10	-4.52713209143e-07
8.05959068564e-10	-1.36321730793e-07
8.09605852496e-10	1.83226717354e-07
8.13252636429e-10	4.11541918766e-07
8.16899420361e-10	4.93031336646e-07
8.20546204294e-10	4.34852040598e-07
8.24192988226e-10	3.00278884424e-07
8.27839772159e-10	1.75087535581e-07
8.31486556091e-10	1.24739443663e-07
8.35133340024e-10	1.64669444302e-07
8.38780123956e-10	2.57969333006e-07
8.42426907889e-10	3.39406966532e-07
8.46073691821e-10	3.51719506853e-07
8.49720475754e-10	2.7517091894e-07
8.53367259686e-10	1.36605706302e-07
8.57014043619e-10	-4.95737317863e-09
8.60660827551e-10	-8.80810944182e-08
8.64307611484e-10	-7.92896202029e-08
8.67954395416e-10	1.00703791972e-08
8.71601179349e-10	1.28389970655e-07
8.75247963281e-10	2.08166042626e-07
8.78894747214e-10	1.98737396317e-07
8.82541531146e-10	9.1257518875e-08
8.86188315079e-10	-7.66700196664e-08
8.89835099012e-10	-2.39363032506e-07
8.93481882944e-10	-3.35065664103e-07
8.97128666877e-10	-3.3518614373e-07
9.00775450809e-10	-2.56151366784e-07
9.04422234742e-10	-1.48828036117e-07
9.08069018674e-10	-7.17815424878e-08
9.11715802607e-10	-6.23662188559e-08
9.15362586539e-10	-1.19339674143e-07
9.19009370472e-10	-2.04226680012e-07
9.22656154404e-10	-2.6000697062e-07
9.26302938337e-10	-2.38337804603e-07
9.29949722269e-10	-1.23108137018e-07
9.33596506202e-10	6.000400532e-08
9.37243290134e-10	2.52995306482e-07
9.40890074067e-10	3.90499877767e-07
9.44536857999e-10	4.28935123864e-07
9.48183641932e-10	3.65940110214e-07
9.51830425864e-10	2.40019062403e-07
9.55477209797e-10	1.10272921461e-07
9.59123993729e-10	2.69139981413e-08
9.62770777662e-10	7.80298670122e-09
9.66417561594e-10	3.27664935185e-08
9.70064345527e-10	5.79133399015e-08
9.73711129459e-10	4.12332710198e-08
9.77357913392e-10	-3.41134196447e-08
9.81004697324e-10	-1.50358133055e-07
9.84651481257e-10	-2.63477147655e-07
9.88298265189e-10	-3.24562307696e-07
9.91945049122e-10	-3.03920359102e-07
9.95591833054e-10	-2.06632876143e-07
9.99238616987e-10	-7.1793650136e-08
1.00288540092e-09	4.46398971121e-08
1.00653218485e-09	9.59205053164e-08
1.01017896878e-09	6.70009541182e-08
1.01382575272e-09	-1.81845987157e-08
1.01747253665e-09	-1.08886553107e-07
1.02111932058e-09	-1.53284389626e-07
1.02476610451e-09	-1.24492615328e-07
1.02841288845e-09	-3.31901830464e-08
1.03205967238e-09	7.92767593794e-08
1.03570645631e-09	1.63005395848e-07
1.03935324024e-09	1.84838853556e-07
1.04300002418e-09	1.43865122482e-07
1.04664680811e-09	7.01765614508e-08
1.05029359204e-09	8.52665937856e-09
1.05394037597e-09	-4.49682469039e-09
1.05758715991e-09	4.12407388239e-08
1.06123394384e-09	1.24202941265e-07
1.06488072777e-09	2.01388331789e-07
1.0685275117e-09	2.29401607044e-07
1.07217429564e-09	1.86268366065e-07
1.07582107957e-09	8.30750224168e-08
1.0794678635e-09	-4.08915319383e-08
1.08311464743e-09	-1.37494140517e-07
1.08676143137e-09	-1.73940236436e-07
1.0904082153e-09	-1.49015249917e-07
1.09405499923e-09	-9.26632992559e-08
1.09770178316e-09	-4.92182223866e-08
1.1013485671e-09	-5.33170698702e-08
1.10499535103e-09	-1.11260433755e-07
1.10864213496e-09	-1.97332937546e-07
1.11228891889e-09	-2.66566161145e-07
1.11593570283e-09	-2.77331622556e-07
1.11958248676e-09	-2.12439303482e-07
1.12322927069e-09	-8.84572415316e-08
1.12687605462e-09	5.10785085339e-08
1.13052283856e-09	1.55646944222e-07
1.13416962249e-09	1.91411317019e-07
1.13781640642e-09	1.57028594572e-07
1.14146319036e-09	8.36829130435e-08
1.14510997429e-09	1.89506472736e-08
1.14875675822e-09	2.30702235093e-09
1.15240354215e-09	4.48959021071e-08
1.15605032609e-09	1.23988471046e-07
1.15969711002e-09	1.95219570287e-07
1.16334389395e-09	2.16178776213e-07
1.16699067788e-09	1.68906879594e-07
1.17063746182e-09	6.96284558899e-08
1.17428424575e-09	-3.91596550742e-08
1.17793102968e-09	-1.10035166756e-07
1.18157781361e-09	-1.14416621955e-07
1.18522459755e-09	-5.69445290921e-08
1.18887138148e-09	2.66876725163e-08
1.19251816541e-09	8.73815082514e-08
1.19616494934e-09	8.69895586675e-08
1.19981173328e-09	1.75611649667e-08
1.20345851721e-09	-9.41236066865e-08
1.20710530114e-09	-1.99201281248e-07
1.21075208507e-09	-2.50492888654e-07
1.21439886901e-09	-2.25683479016e-07
1.21804565294e-09	-1.38297963304e-07
1.22169243687e-09	-3.07934762134e-08
1.2253392208e-09	4.67317953223e-08
1.22898600474e-09	6.15354736055e-08
1.23263278867e-09	1.42465204078e-08
1.2362795726e-09	-6.19978095528e-08
1.23992635653e-09	-1.1866666938e-07
1.24357314047e-09	-1.16409282214e-07
1.2472199244e-09	-4.49238264366e-08
1.25086670833e-09	7.15662977768e-08
1.25451349226e-09	1.85766054983e-07
1.2581602762e-09	2.49985276923e-07
1.26180706013e-09	2.38960382148e-07
1.26545384406e-09	1.6182944762e-07
1.26910062799e-09	5.74141623133e-08
1.27274741193e-09	-2.49381884032e-08
1.27639419586e-09	-4.95829226566e-08
1.28004097979e-09	-1.19700516166e-08
1.28368776372e-09	5.95883555832e-08
1.28733454766e-09	1.18649431613e-07
1.29098133159e-09	1.24457045558e-07
1.29462811552e-09	6.28563228133e-08
1.29827489945e-09	-4.61886742187e-08
1.30192168339e-09	-1.58139101814e-07
1.30556846732e-09	-2.25477123195e-07
1.30921525125e-09	-2.20733227252e-07
1.31286203518e-09	-1.49591784293e-07
1.31650881912e-09	-4.79396788933e-08
1.32015560305e-09	3.55201805746e-08
1.32380238698e-09	6.27054674851e-08
1.32744917091e-09	2.43456579341e-08
1.33109595485e-09	-5.58831025899e-08
1.33474273878e-09	-1.33245436018e-07
1.33838952271e-09	-1.64226108268e-07
1.34203630664e-09	-1.28199971527e-07
1.34568309058e-09	-3.76637956379e-08
1.34932987451e-09	6.8135172171e-08
1.35297665844e-09	1.42987943264e-07
1.35662344237e-09	1.56697382181e-07
1.36027022631e-09	1.09587212194e-07
1.36391701024e-09	3.14754338149e-08
1.36756379417e-09	-3.39877068711e-08
1.3712105781e-09	-5.14115825467e-08
1.37485736204e-09	-1.10342748272e-08
1.37850414597e-09	6.68479103183e-08
1.3821509299e-09	1.42233957945e-07
1.38579771383e-09	1.75214452725e-07
1.38944449777e-09	1.45616070313e-07
1.3930912817e-09	6.29987084722e-08
1.39673806563e-09	-3.78593725259e-08
1.40038484956e-09	-1.13954754966e-07
1.4040316335e-09	-1.35232198772e-07
1.40767841743e-09	-9.93404825067e-08
1.41132520136e-09	-3.2286862961e-08
1.41497198529e-09	2.53773535519e-08
1.41861876923e-09	3.9712812594e-08
1.42226555316e-09	8.18018097704e-10
1.42591233709e-09	-7.24777891037e-08
1.42955912102e-09	-1.42723934005e-07
1.43320590496e-09	-1.73150482397e-07
1.43685268889e-09	-1.4609935306e-07
1.44049947282e-09	-7.15105912263e-08
1.44414625675e-09	1.83276043231e-08
1.44779304069e-09	8.47565289064e-08
1.45143982462e-09	1.01490527982e-07
1.45508660855e-09	6.71335342872e-08
1.45873339248e-09	5.56742119073e-09
1.46238017642e-09	-4.6197541792e-08
1.46602696035e-09	-5.68704727755e-08
1.46967374428e-09	-1.71484924039e-08
1.47332052821e-09	5.50553309608e-08
1.47696731215e-09	1.23509849459e-07
1.48061409608e-09	1.52397319653e-07
1.48426088001e-09	1.25103596815e-07
1.48790766394e-09	5.31371924239e-08
1.49155444788e-09	-2.96830968693e-08
1.49520123181e-09	-8.45635668156e-08
1.49884801574e-09	-8.74295338349e-08
1.50249479967e-09	-4.086400196e-08
1.50614158361e-09	2.75639617797e-08
1.50978836754e-09	7.93113130726e-08
1.51343515147e-09	8.4051862359e-08
1.5170819354e-09	3.47541728729e-08
1.52072871934e-09	-4.85449227483e-08
1.52437550327e-09	-1.28071945937e-07
1.5280222872e-09	-1.66456587181e-07
1.53166907113e-09	-1.45224106518e-07
1.53531585507e-09	-7.4451399712e-08
1.538962639e-09	1.15710463433e-08
1.54260942293e-09	7.1120645373e-08
1.54625620686e-09	7.60872751471e-08
1.5499029908e-09	2.64986876886e-08
1.55354977473e-09	-4.92561440524e-08
1.55719655866e-09	-1.08810567667e-07
1.56084334259e-09	-1.17462469973e-07
1.56449012653e-09	-6.58172609747e-08
1.56813691046e-09	2.54437750868e-08
1.57178369439e-09	1.15800062872e-07
1.57543047832e-09	1.6463931729e-07
1.57907726226e-09	1.50715251834e-07
1.58272404619e-09	8.20932584134e-08
1.58637083012e-09	-7.85643550216e-09
1.59001761405e-09	-7.63681811122e-08
1.59366439799e-09	-9.1640409039e-08
1.59731118192e-09	-4.81623061432e-08
1.60095796585e-09	3.03587697204e-08
1.60460474978e-09	1.02284872128e-07
1.60825153372e-09	1.2842596675e-07
1.61189831765e-09	9.16625211289e-08
1.61554510158e-09	5.82125991855e-09
1.61919188551e-09	-9.08923922793e-08
1.62283866945e-09	-1.54763057481e-07
1.62648545338e-09	-1.58075721401e-07
1.63013223731e-09	-1.02322076145e-07
1.63377902124e-09	-1.66791700451e-08
1.63742580518e-09	5.68929188205e-08
1.64107258911e-09	8.41458600576e-08
1.64471937304e-09	5.44498419686e-08
1.64836615697e-09	-1.50534607002e-08
1.65201294091e-09	-8.841631427e-08
1.65565972484e-09	-1.28330185589e-07
1.65930650877e-09	-1.13796446044e-07
1.6629532927e-09	-4.99094241491e-08
1.66660007664e-09	3.47598856365e-08
1.67024686057e-09	1.02044275252e-07
1.6738936445e-09	1.22727684015e-07
1.67754042843e-09	9.07028763208e-08
1.68118721237e-09	2.5553442029e-08
1.6848339963e-09	-3.7874571035e-08
1.68848078023e-09	-6.73888607139e-08
1.69212756416e-09	-4.95330532146e-08
1.6957743481e-09	4.44739622907e-09
1.69942113203e-09	6.5415505901e-08
1.70306791596e-09	1.01775626149e-07
1.70671469989e-09	9.51826564233e-08
1.71036148383e-09	4.87993254694e-08
1.71400826776e-09	-1.54196140301e-08
1.71765505169e-09	-6.82752627768e-08
1.72130183562e-09	-8.77037109603e-08
1.72494861956e-09	-6.90279193805e-08
1.72859540349e-09	-2.64514596893e-08
1.73224218742e-09	1.47044367793e-08
1.73588897135e-09	3.118089964e-08
1.73953575529e-09	1.38172451258e-08
1.74318253922e-09	-2.77778209323e-08
1.74682932315e-09	-7.04766449644e-08
1.75047610709e-09	-9.02186769736e-08
1.75412289102e-09	-7.51694386736e-08
1.75776967495e-09	-3.21575299722e-08
1.76141645888e-09	1.71577010377e-08
1.76506324282e-09	4.82293529558e-08
1.76871002675e-09	4.69668179903e-08
1.77235681068e-09	1.71903362656e-08
1.77600359461e-09	-2.17238564915e-08
1.77965037855e-09	-4.54525057592e-08
1.78329716248e-09	-3.7832023736e-08
1.78694394641e-09	3.66449537381e-10
1.79059073034e-09	5.13820310744e-08
1.79423751428e-09	8.92363374305e-08
1.79788429821e-09	9.29966361696e-08
1.80153108214e-09	5.80294283736e-08
1.80517786607e-09	-5.95190841057e-10
1.80882465001e-09	-5.47516627591e-08
1.81247143394e-09	-7.7174824753e-08
1.81611821787e-09	-5.5820290612e-08
1.8197650018e-09	-1.12042330969e-09
1.82341178574e-09	5.82335708543e-08
1.82705856967e-09	8.93679583669e-08
1.8307053536e-09	7.22155775179e-08
1.83435213753e-09	1.05968682718e-08
1.83799892147e-09	-6.86335681621e-08
1.8416457054e-09	-1.28216655071e-07
1.84529248933e-09	-1.38772961122e-07
1.84893927326e-09	-9.36474151558e-08
1.8525860572e-09	-1.28973489666e-08
1.85623284113e-09	6.56854268755e-08
1.85987962506e-09	1.04406318258e-07
1.86352640899e-09	8.39845526457e-08
1.86717319293e-09	1.34831701359e-08
1.87081997686e-09	-7.31234024443e-08
1.87446676079e-09	-1.32622631099e-07
1.87811354472e-09	-1.33287045401e-07
1.88176032866e-09	-7.073793995e-08
1.88540711259e-09	2.89826651567e-08
1.88905389652e-09	1.21073441051e-07
1.89270068045e-09	1.63078865967e-07
1.89634746439e-09	1.35288956926e-07
1.89999424832e-09	5.05185120403e-08
1.90364103225e-09	-5.16419440544e-08
1.90728781618e-09	-1.2341376987e-07
1.91093460012e-09	-1.3137334065e-07
1.91458138405e-09	-7.22594180047e-08
1.91822816798e-09	2.54605740935e-08
1.92187495191e-09	1.14930571726e-07
1.92552173585e-09	1.52868580017e-07
1.92916851978e-09	1.19867493709e-07
1.93281530371e-09	2.95373148163e-08
1.93646208764e-09	-7.78283961722e-08
1.94010887158e-09	-1.54064622393e-07
1.94375565551e-09	-1.65608668112e-07
1.94740243944e-09	-1.0896707181e-07
1.95104922337e-09	-1.19799397069e-08
1.95469600731e-09	7.96350079213e-08
1.95834279124e-09	1.23866755075e-07
1.96198957517e-09	1.0180191623e-07
1.9656363591e-09	2.57892498468e-08
1.96928314304e-09	-6.71283686415e-08
1.97292992697e-09	-1.33045645612e-07
1.9765767109e-09	-1.41602100712e-07
1.98022349483e-09	-8.95087453046e-08
1.98387027877e-09	-1.17887399842e-09
1.9875170627e-09	8.3393388195e-08
1.99116384663e-09	1.27475402678e-07
1.99481063056e-09	1.1426001123e-07
1.9984574145e-09	5.36654773953e-08
2.00210419843e-09	-2.35110189095e-08
2.00575098236e-09	-8.08685101106e-08
2.00939776629e-09	-9.35173858352e-08
2.01304455023e-09	-5.88521551492e-08
2.01669133416e-09	3.76101150223e-09
2.02033811809e-09	6.34699262037e-08
2.02398490202e-09	9.30187695758e-08
2.02763168596e-09	8.0928721502e-08
2.03127846989e-09	3.5365669504e-08
2.03492525382e-09	-2.13599289367e-08
2.03857203775e-09	-6.42489581537e-08
2.04221882169e-09	-7.72042909603e-08
2.04586560562e-09	-5.93773066271e-08
2.04951238955e-09	-2.38498074623e-08
2.05315917348e-09	1.00907460165e-08
2.05680595742e-09	2.68053987895e-08
2.06045274135e-09	2.13620676703e-08
2.06409952528e-09	5.21363840988e-10
2.06774630921e-09	-2.23593001891e-08
2.07139309315e-09	-3.52382762969e-08
2.07503987708e-09	-3.35995551382e-08
2.07868666101e-09	-2.16876578918e-08
2.08233344494e-09	-8.53523918209e-09
2.08598022888e-09	-1.6485449672e-09
2.08962701281e-09	-2.40956121722e-09
2.09327379674e-09	-5.8452482854e-09
2.09692058067e-09	-4.65352290036e-09
2.10056736461e-09	5.29720534104e-09
2.10421414854e-09	2.14696296297e-08
2.10786093247e-09	3.54126683533e-08
2.1115077164e-09	3.74280233473e-08
2.11515450034e-09	2.26183125562e-08
2.11880128427e-09	-5.09217334965e-09
2.1224480682e-09	-3.34812391145e-08
2.12609485213e-09	-4.7456136798e-08
2.12974163607e-09	-3.70106327807e-08
2.13338842e-09	-3.72623354394e-09
2.13703520393e-09	3.80768447883e-08
2.14068198786e-09	6.70594886287e-08
2.1443287718e-09	6.53181260191e-08
2.14797555573e-09	2.84593042466e-08
2.15162233966e-09	-3.03233314014e-08
2.15526912359e-09	-8.50905763627e-08
2.15891590753e-09	-1.09188725617e-07
2.16256269146e-09	-8.86916282639e-08
2.16620947539e-09	-3.03385903067e-08
2.16985625932e-09	4.04044264712e-08
2.17350304326e-09	9.06038764015e-08
2.17714982719e-09	9.53445251639e-08
2.18079661112e-09	5.00601018416e-08
2.18444339505e-09	-2.62236508064e-08
2.18809017899e-09	-9.86473196463e-08
2.19173696292e-09	-1.32149523324e-07
2.19538374685e-09	-1.08063105131e-07
2.19903053078e-09	-3.38786385612e-08
2.20267731472e-09	5.88473731966e-08
2.20632409865e-09	1.28248004216e-07
2.20997088258e-09	1.4157797068e-07
2.21361766651e-09	9.12142255061e-08
2.21726445045e-09	-7.90882803692e-10
2.22091123438e-09	-9.23182241763e-08
2.22455801831e-09	-1.40694226047e-07
2.22820480224e-09	-1.22849257878e-07
2.23185158618e-09	-4.64251499466e-08
2.23549837011e-09	5.3533259603e-08
2.23914515404e-09	1.30701849343e-07
2.24279193797e-09	1.48835425762e-07
2.24643872191e-09	9.84975017104e-08
2.25008550584e-09	1.49250156678e-09
2.25373228977e-09	-9.89308546195e-08
2.2573790737e-09	-1.57712648274e-07
2.26102585764e-09	-1.48574045511e-07
2.26467264157e-09	-7.61768319535e-08
2.2683194255e-09	2.58822936416e-08
2.27196620943e-09	1.10504124962e-07
2.27561299337e-09	1.38935078553e-07
2.2792597773e-09	9.87465540447e-08
2.28290656123e-09	9.44116695933e-09
2.28655334516e-09	-8.70066614311e-08
2.2902001291e-09	-1.46007096191e-07
2.29384691303e-09	-1.41030014333e-07
2.29749369696e-09	-7.53653637275e-08
2.30114048089e-09	2.02406447158e-08
2.30478726483e-09	1.02459395634e-07
2.30843404876e-09	1.35410431312e-07
2.31208083269e-09	1.06572066727e-07
2.31572761662e-09	3.15784234317e-08
2.31937440056e-09	-5.38267848071e-08
2.32302118449e-09	-1.10596701575e-07
2.32666796842e-09	-1.14154602215e-07
2.33031475235e-09	-6.50526388313e-08
2.33396153629e-09	1.21488188398e-08
2.33760832022e-09	8.1027266674e-08
2.34125510415e-09	1.10528532105e-07
2.34490188808e-09	8.90419613597e-08
2.34854867202e-09	2.87789063691e-08
2.35219545595e-09	-4.11774507825e-08
2.35584223988e-09	-8.93257166013e-08
2.35948902382e-09	-9.6335710964e-08
2.36313580775e-09	-6.29357828075e-08
2.36678259168e-09	-7.92895615831e-09
2.37042937561e-09	4.18989287709e-08
2.37407615955e-09	6.4601209715e-08
2.37772294348e-09	5.25230028359e-08
2.38136972741e-09	1.4431669193e-08
2.38501651134e-09	-2.99835072326e-08
2.38866329528e-09	-6.0064508034e-08
2.39231007921e-09	-6.37234762735e-08
2.39595686314e-09	-4.21809431828e-08
2.39960364707e-09	-8.02224242591e-09
2.40325043101e-09	2.19513278665e-08
2.40689721494e-09	3.52336684273e-08
2.41054399887e-09	2.91122788099e-08
2.4141907828e-09	1.06256941024e-08
2.41783756674e-09	-8.44154701696e-09
2.42148435067e-09	-1.83520878494e-08
2.4251311346e-09	-1.61828488388e-08
2.42877791853e-09	-6.19354834086e-09
2.43242470247e-09	3.81919118553e-09
2.4360714864e-09	7.66152830067e-09
2.43971827033e-09	4.24552970557e-09
2.44336505426e-09	-2.36080843763e-09
2.4470118382e-09	-6.06170402762e-09
2.45065862213e-09	-3.00100277961e-09
2.45430540606e-09	5.6168065754e-09
2.45795218999e-09	1.38844900022e-08
2.46159897393e-09	1.45970409093e-08
2.46524575786e-09	3.90130105998e-09
2.46889254179e-09	-1.55126684831e-08
2.47253932572e-09	-3.48155353436e-08
2.47618610966e-09	-4.32456737087e-08
2.47983289359e-09	-3.41454367003e-08
2.48347967752e-09	-9.49743927947e-09
2.48712646145e-09	1.98785077288e-08
2.49077324539e-09	3.91201311345e-08
2.49442002932e-09	3.6925968061e-08
2.49806681325e-09	1.20187424457e-08
2.50171359718e-09	-2.51669920459e-08
2.50536038112e-09	-5.68119880029e-08
2.50900716505e-09	-6.62406165475e-08
2.51265394898e-09	-4.6457852676e-08
2.51630073291e-09	-4.39958469656e-09
2.51994751685e-09	4.14963849948e-08
2.52359430078e-09	6.95837201192e-08
2.52724108471e-09	6.54305623016e-08
2.53088786864e-09	2.93531972062e-08
2.53453465258e-09	-2.28240679689e-08
2.53818143651e-09	-6.66173534114e-08
2.54182822044e-09	-8.04050586112e-08
2.54547500437e-09	-5.61833921608e-08
2.54912178831e-09	-4.13402601041e-09
2.55276857224e-09	5.15909981402e-08
2.55641535617e-09	8.41216234448e-08
2.5600621401e-09	7.68551018382e-08
2.56370892404e-09	3.17948511963e-08
2.56735570797e-09	-3.094260137e-08
2.5710024919e-09	-8.23609056511e-08
2.57464927583e-09	-9.82339898314e-08
2.57829605977e-09	-7.07176681658e-08
2.5819428437e-09	-1.23351604486e-08
2.58558962763e-09	4.96011018924e-08
2.58923641156e-09	8.56965556295e-08
2.5928831955e-09	7.84013138855e-08
2.59652997943e-09	3.05801037825e-08
2.60017676336e-09	-3.55027722776e-08
2.60382354729e-09	-8.85193855993e-08
2.60747033123e-09	-1.02977089966e-07
2.61111711516e-09	-7.15184711453e-08
2.61476389909e-09	-8.62370619359e-09
2.61841068302e-09	5.6227687395e-08
2.62205746696e-09	9.26428711523e-08
2.62570425089e-09	8.38169356143e-08
2.62935103482e-09	3.44624453419e-08
2.63299781875e-09	-3.16008623713e-08
2.63664460269e-09	-8.28958732768e-08
2.64029138662e-09	-9.52125205345e-08
2.64393817055e-09	-6.29476488712e-08
2.64758495448e-09	-1.59966262459e-09
2.65123173842e-09	5.96767080197e-08
2.65487852235e-09	9.18772826708e-08
2.65852530628e-09	7.98588288831e-08
2.66217209021e-09	2.94699393777e-08
2.66581887415e-09	-3.52842981499e-08
2.66946565808e-09	-8.37794118524e-08
2.67311244201e-09	-9.34600521418e-08
2.67675922594e-09	-6.05781380614e-08
2.68040600988e-09	-1.76016767828e-09
2.68405279381e-09	5.4287301765e-08
2.68769957774e-09	8.07895688126e-08
2.69134636167e-09	6.56648495578e-08
2.69499314561e-09	1.69254370519e-08
2.69863992954e-09	-4.16556531491e-08
2.70228671347e-09	-8.22233587883e-08
2.7059334974e-09	-8.60797655378e-08
2.70958028134e-09	-5.22171887951e-08
2.71322706527e-09	2.67075317417e-09
2.7168738492e-09	5.24331653651e-08
2.72052063313e-09	7.39545669148e-08
2.72416741707e-09	5.7986962787e-08
2.727814201e-09	1.32568560574e-08
2.73146098493e-09	-3.80331819372e-08
2.73510776886e-09	-7.10719660901e-08
2.7387545528e-09	-7.04298415144e-08
2.74240133673e-09	-3.72708797158e-08
2.74604812066e-09	1.16533076522e-08
2.74969490459e-09	5.25736254531e-08
2.75334168853e-09	6.63978525495e-08
2.75698847246e-09	4.7697302108e-08
2.76063525639e-09	6.68741773069e-09
2.76428204032e-09	-3.63794683267e-08
2.76792882426e-09	-6.13146085016e-08
2.77157560819e-09	-5.74890890448e-08
2.77522239212e-09	-2.8328424051e-08
2.77886917605e-09	1.101192737e-08
2.78251595999e-09	4.13350562667e-08
2.78616274392e-09	4.86098556962e-08
2.78980952785e-09	3.03612601726e-08
2.79345631178e-09	-3.63214125443e-09
2.79710309572e-09	-3.65186600959e-08
2.80074987965e-09	-5.27845536169e-08
2.80439666358e-09	-4.57022863998e-08
2.80804344751e-09	-2.01860146376e-08
2.81169023145e-09	1.02474881913e-08
2.81533701538e-09	3.06463263655e-08
2.81898379931e-09	3.21082609389e-08
2.82263058324e-09	1.57298156722e-08
2.82627736718e-09	-8.73156835723e-09
2.82992415111e-09	-2.84296692854e-08
2.83357093504e-09	-3.40646444386e-08
2.83721771897e-09	-2.41683473234e-08
2.84086450291e-09	-5.08805708677e-09
2.84451128684e-09	1.28888304474e-08
2.84815807077e-09	2.10283666036e-08
2.8518048547e-09	1.64073750142e-08
2.85545163864e-09	2.917971198e-09
2.85909842257e-09	-1.12834701582e-08
2.8627452065e-09	-1.83814439225e-08
2.86639199043e-09	-1.51143026983e-08
2.87003877437e-09	-4.36015490379e-09
2.8736855583e-09	6.73684219521e-09
2.87733234223e-09	1.10335331982e-08
2.88097912616e-09	5.63359536798e-09
2.8846259101e-09	-6.34558672274e-09
2.88827269403e-09	-1.75567453908e-08
2.89191947796e-09	-2.07932320251e-08
2.89556626189e-09	-1.33967450466e-08
2.89921304583e-09	8.82427020343e-10
2.90285982976e-09	1.37571189995e-08
2.90650661369e-09	1.70267764332e-08
2.91015339762e-09	7.40568006918e-09
2.91380018156e-09	-1.11935651859e-08
2.91744696549e-09	-2.92726589635e-08
2.92109374942e-09	-3.65787933276e-08
2.92474053335e-09	-2.76770926178e-08
2.92838731729e-09	-5.34712496503e-09
2.93203410122e-09	2.01561469737e-08
2.93568088515e-09	3.58595535488e-08
2.93932766908e-09	3.2664914329e-08
2.94297445302e-09	1.04700665915e-08
2.94662123695e-09	-2.09758539427e-08
2.95026802088e-09	-4.62822953295e-08
2.95391480481e-09	-5.18962153251e-08
2.95756158875e-09	-3.32182708007e-08
2.96120837268e-09	2.35270070092e-09
2.96485515661e-09	3.83234315393e-08
2.96850194055e-09	5.68259252987e-08
2.97214872448e-09	4.75121133547e-08
2.97579550841e-09	1.31704496198e-08
2.97944229234e-09	-3.09209085003e-08
2.98308907628e-09	-6.38950297116e-08
2.98673586021e-09	-6.9267215963e-08
2.99038264414e-09	-4.32066329381e-08
2.99402942807e-09	3.04065883583e-09
2.99767621201e-09	4.79723212266e-08
3.00132299594e-09	6.98392454979e-08
3.00496977987e-09	5.71418858897e-08
3.0086165638e-09	1.45526337647e-08
3.01226334774e-09	-3.87606462482e-08
3.01591013167e-09	-7.78437083682e-08
3.0195569156e-09	-8.37286009414e-08
3.02320369953e-09	-5.26588515015e-08
3.02685048347e-09	1.7123289453e-09
3.0304972674e-09	5.43716822676e-08
3.03414405133e-09	8.05582303087e-08
3.03779083526e-09	6.7502803347e-08
3.0414376192e-09	2.0699799208e-08
3.04508440313e-09	-3.83619536137e-08
3.04873118706e-09	-8.20753172093e-08
3.05237797099e-09	-8.96605811818e-08
3.05602475493e-09	-5.70534481881e-08
3.05967153886e-09	9.90967308212e-10
3.06331832279e-09	5.76704302091e-08
3.06696510672e-09	8.66392468879e-08
3.07061189066e-09	7.43823491689e-08
3.07425867459e-09	2.65588031567e-08
3.07790545852e-09	-3.46644810634e-08
3.08155224245e-09	-8.10008700114e-08
3.08519902639e-09	-9.12212385629e-08
3.08884581032e-09	-6.09474568591e-08
3.09249259425e-09	-4.51881243535e-09
3.09613937818e-09	5.18173095543e-08
3.09978616212e-09	8.21277836849e-08
3.10343294605e-09	7.27280422552e-08
3.10707972998e-09	2.83515646515e-08
3.11072651391e-09	-3.02510620998e-08
3.11437329785e-09	-7.60847669312e-08
3.11802008178e-09	-8.84462210138e-08
3.12166686571e-09	-6.23979161674e-08
3.12531364964e-09	-1.07617337264e-08
3.12896043358e-09	4.22005292933e-08
3.13260721751e-09	7.23080688658e-08
3.13625400144e-09	6.66315003173e-08
3.13990078537e-09	2.9086269393e-08
3.14354756931e-09	-2.20072937651e-08
3.14719435324e-09	-6.29158449783e-08
3.15084113717e-09	-7.55713926992e-08
3.1544879211e-09	-5.54989263435e-08
3.15813470504e-09	-1.31745112597e-08
3.16178148897e-09	3.14505115284e-08
3.1654282729e-09	5.83954715694e-08
3.16907505683e-09	5.66226603382e-08
3.17272184077e-09	2.8527171736e-08
3.1763686247e-09	-1.1826049473e-08
3.18001540863e-09	-4.56681163996e-08
3.18366219256e-09	-5.83035308921e-08
3.1873089765e-09	-4.55723530024e-08
3.19095576043e-09	-1.50965959733e-08
3.19460254436e-09	1.80260020244e-08
3.19824932829e-09	3.87425771464e-08
3.20189611223e-09	3.89750169916e-08
3.20554289616e-09	2.06683310466e-08
3.20918968009e-09	-6.14362827278e-09
3.21283646402e-09	-2.88332433485e-08
3.21648324796e-09	-3.82020246548e-08
3.22013003189e-09	-3.21398658798e-08
3.22377681582e-09	-1.55319597184e-08
3.22742359975e-09	2.95484481327e-09
3.23107038369e-09	1.52815164967e-08
3.23471716762e-09	1.74577223788e-08
3.23836395155e-09	1.06076152306e-08
3.24201073548e-09	-4.56359616763e-10
3.24565751942e-09	-1.01210622105e-08
3.24930430335e-09	-1.47750398583e-08
3.25295108728e-09	-1.41369875806e-08
3.25659787121e-09	-1.05876960532e-08
3.26024465515e-09	-7.09970082724e-09
3.26389143908e-09	-5.15867082385e-09
3.26753822301e-09	-4.02039734837e-09
3.27118500694e-09	-1.76521275375e-09
3.27483179088e-09	2.6479101134e-09
3.27847857481e-09	7.89118015376e-09
3.28212535874e-09	1.05606066114e-08
3.28577214267e-09	7.2877113233e-09
3.28941892661e-09	-2.63561950042e-09
3.29306571054e-09	-1.59032325087e-08
3.29671249447e-09	-2.62393538009e-08
3.3003592784e-09	-2.74866280847e-08
3.30400606234e-09	-1.71436234098e-08
3.30765284627e-09	1.64557967253e-09
3.3112996302e-09	2.08734345364e-08
3.31494641413e-09	3.10944550108e-08
3.31859319807e-09	2.59824552984e-08
3.322239982e-09	5.89434590026e-09
3.32588676593e-09	-2.14318376379e-08
3.32953354986e-09	-4.37320686331e-08
3.3331803338e-09	-4.9698176241e-08
3.33682711773e-09	-3.46821593666e-08
3.34047390166e-09	-3.78516062938e-09
3.34412068559e-09	2.96004323275e-08
3.34776746953e-09	4.96150889262e-08
3.35141425346e-09	4.55901378871e-08
3.35506103739e-09	1.77548127311e-08
3.35870782132e-09	-2.20970211018e-08
3.36235460526e-09	-5.56558887865e-08
3.36600138919e-09	-6.6645561958e-08
3.36964817312e-09	-4.87466742527e-08
3.37329495705e-09	-9.01037822132e-09
3.37694174099e-09	3.49831452695e-08
3.38058852492e-09	6.29952054965e-08
3.38423530885e-09	6.14728605797e-08
3.38788209278e-09	3.00536022735e-08
3.39152887672e-09	-1.78052559363e-08
3.39517566065e-09	-6.05592731517e-08
3.39882244458e-09	-7.82666234045e-08
3.40246922851e-09	-6.19475599706e-08
3.40611601245e-09	-1.81857213732e-08
3.40976279638e-09	3.34184058204e-08
3.41340958031e-09	6.90538541903e-08
3.41705636424e-09	7.18050117143e-08
3.42070314818e-09	3.97963404453e-08
3.42434993211e-09	-1.26718484594e-08
3.42799671604e-09	-6.1640825777e-08
3.43164349997e-09	-8.46104342145e-08
3.43529028391e-09	-7.09995333636e-08
3.43893706784e-09	-2.70138116321e-08
3.44258385177e-09	2.72850435579e-08
3.4462306357e-09	6.72254287792e-08
3.44987741964e-09	7.47710870996e-08
3.45352420357e-09	4.66651250974e-08
3.4571709875e-09	-4.18103240918e-09
3.46081777143e-09	-5.46116076805e-08
3.46446455537e-09	-8.17797456421e-08
3.4681113393e-09	-7.35333358648e-08
3.47175812323e-09	-3.39241879033e-08
3.47540490716e-09	1.87435400534e-08
3.4790516911e-09	6.04395467008e-08
3.48269847503e-09	7.25201232399e-08
3.48634525896e-09	5.02002777125e-08
3.48999204289e-09	4.46145564936e-09
3.49363882683e-09	-4.34053539777e-08
3.49728561076e-09	-7.18443260439e-08
3.50093239469e-09	-6.88373944513e-08
3.50457917862e-09	-3.69570933856e-08
3.50822596256e-09	8.41702618715e-09
3.51187274649e-09	4.65693474894e-08
3.51551953042e-09	6.09402306395e-08
3.51916631435e-09	4.62842990601e-08
3.52281309829e-09	1.04503499188e-08
3.52645988222e-09	-2.97416331563e-08
3.53010666615e-09	-5.64132562886e-08
3.53375345008e-09	-5.86407402636e-08
3.53740023402e-09	-3.69499559838e-08
3.54104701795e-09	-2.4383615127e-09
3.54469380188e-09	2.88472445931e-08
3.54834058581e-09	4.34470841526e-08
3.55198736975e-09	3.63567416173e-08
3.55563415368e-09	1.25906787218e-08
3.55928093761e-09	-1.59455595394e-08
3.56292772154e-09	-3.64507926065e-08
3.56657450548e-09	-4.10277074536e-08
3.57022128941e-09	-2.9624528608e-08
3.57386807334e-09	-9.08235975317e-09
3.57751485727e-09	1.07778728164e-08
3.58116164121e-09	2.1871388256e-08
3.58480842514e-09	2.11002451067e-08
3.58845520907e-09	1.08808890786e-08
3.59210199301e-09	-2.86834778152e-09
3.59574877694e-09	-1.396963345e-08
3.59939556087e-09	-1.87540845076e-08
3.6030423448e-09	-1.71241545388e-08
3.60668912874e-09	-1.16876330836e-08
3.61033591267e-09	-5.74642289308e-09
3.6139826966e-09	-1.4050720587e-09
3.61762948053e-09	1.1358721741e-09
3.62127626447e-09	2.88303647622e-09
3.6249230484e-09	4.59618032522e-09
3.62856983233e-09	5.7145790322e-09
3.63221661626e-09	4.49109860412e-09
3.6358634002e-09	-6.47200182335e-10
3.63951018413e-09	-9.40678646089e-09
3.64315696806e-09	-1.88382731636e-08
3.64680375199e-09	-2.42499176295e-08
3.65045053593e-09	-2.15738733544e-08
3.65409731986e-09	-9.98623139736e-09
3.65774410379e-09	6.7963514816e-09
3.66139088772e-09	2.1552425622e-08
3.66503767166e-09	2.67191975212e-08
3.66868445559e-09	1.82583068664e-08
3.67233123952e-09	-1.73780523305e-09
3.67597802345e-09	-2.52343834717e-08
3.67962480739e-09	-4.14801668569e-08
3.68327159132e-09	-4.19576480226e-08
3.68691837525e-09	-2.47769662565e-08
3.69056515918e-09	3.72653952141e-09
3.69421194312e-09	3.12453174445e-08
3.69785872705e-09	4.48623111993e-08
3.70150551098e-09	3.71662061127e-08
3.70515229491e-09	1.02170254479e-08
3.70879907885e-09	-2.47415226085e-08
3.71244586278e-09	-5.19850331671e-08
3.71609264671e-09	-5.84775392554e-08
3.71973943064e-09	-4.01697519692e-08
3.72338621458e-09	-4.36360680922e-09
3.72703299851e-09	3.31871632397e-08
3.73067978244e-09	5.52971357592e-08
3.73432656637e-09	5.13136200198e-08
3.73797335031e-09	2.22607461353e-08
3.74162013424e-09	-1.93114519931e-08
3.74526691817e-09	-5.48283125568e-08
3.7489137021e-09	-6.80943657017e-08
3.75256048604e-09	-5.27474313117e-08
3.75620726997e-09	-1.53089629862e-08
3.7598540539e-09	2.76108966801e-08
3.76350083783e-09	5.67414843999e-08
3.76714762177e-09	5.8885436971e-08
3.7707944057e-09	3.29592246828e-08
3.77444118963e-09	-9.44273814696e-09
3.77808797356e-09	-4.92698752907e-08
3.7817347575e-09	-6.86563268459e-08
3.78538154143e-09	-5.90454618532e-08
3.78902832536e-09	-2.50216309894e-08
3.79267510929e-09	1.79025914093e-08
3.79632189323e-09	5.04673245416e-08
3.79996867716e-09	5.84340327237e-08
3.80361546109e-09	3.88976708621e-08
3.80726224502e-09	1.27821886409e-09
3.81090902896e-09	-3.72766635337e-08
3.81455581289e-09	-5.97964344706e-08
3.81820259682e-09	-5.70151996726e-08
3.82184938075e-09	-3.11721315427e-08
3.82549616469e-09	5.46399858692e-09
3.82914294862e-09	3.64423655697e-08
3.83278973255e-09	4.85594462418e-08
3.83643651648e-09	3.75253534912e-08
3.84008330042e-09	9.41238109675e-09
3.84373008435e-09	-2.25829932532e-08
3.84737686828e-09	-4.43895480373e-08
3.85102365221e-09	-4.7347292309e-08
3.85467043615e-09	-3.16758494989e-08
3.85831722008e-09	-5.69156943797e-09
3.86196400401e-09	1.85650623763e-08
3.86561078794e-09	3.10038288376e-08
3.86925757188e-09	2.77081557698e-08
3.87290435581e-09	1.19419647504e-08
3.87655113974e-09	-8.17158252175e-09
3.88019792367e-09	-2.3818220285e-08
3.88384470761e-09	-2.93671966745e-08
3.88749149154e-09	-2.425406187e-08
3.89113827547e-09	-1.23645991223e-08
3.8947850594e-09	4.22288010116e-10
3.89843184334e-09	9.11262798553e-09
3.90207862727e-09	1.15237055454e-08
3.9057254112e-09	8.54439807796e-09
3.90937219513e-09	2.8976687716e-09
3.91301897907e-09	-2.70224242982e-09
3.916665763e-09	-6.89254253672e-09
3.92031254693e-09	-9.80593917177e-09
3.92395933086e-09	-1.21228937999e-08
3.9276061148e-09	-1.38389983917e-08
3.93125289873e-09	-1.37628877184e-08
3.93489968266e-09	-1.02313162387e-08
3.93854646659e-09	-2.66375943525e-09
3.94219325053e-09	7.16174097803e-09
3.94584003446e-09	1.51760524147e-08
3.94948681839e-09	1.67438916066e-08
3.95313360232e-09	9.27031251763e-09
3.95678038626e-09	-5.76998315793e-09
3.96042717019e-09	-2.27134009378e-08
