0	-0.000112442
1.19783e-13	-0.000115074
2.39567e-13	-0.000117729
3.5935e-13	-0.000120405
4.79134e-13	-0.0001231
5.98917e-13	-0.000125813
7.187e-13	-0.000128542
8.38484e-13	-0.000131284
9.58267e-13	-0.000134037
1.07805e-12	-0.000136798
1.19783e-12	-0.000139565
1.31762e-12	-0.000142335
1.4374e-12	-0.000145105
1.55718e-12	-0.000147872
1.67697e-12	-0.000150632
1.79675e-12	-0.000153383
1.91653e-12	-0.00015612
2.03632e-12	-0.00015884
2.1561e-12	-0.000161538
2.27588e-12	-0.000164211
2.39567e-12	-0.000166854
2.51545e-12	-0.000169462
2.63523e-12	-0.000172031
2.75502e-12	-0.000174555
2.8748e-12	-0.000177029
2.99458e-12	-0.000179448
3.11437e-12	-0.000181805
3.23415e-12	-0.000184096
3.35393e-12	-0.000186313
3.47372e-12	-0.000188449
3.5935e-12	-0.000190499
3.71329e-12	-0.000192455
3.83307e-12	-0.00019431
3.95285e-12	-0.000196056
4.07264e-12	-0.000197685
4.19242e-12	-0.000199189
4.3122e-12	-0.000200559
4.43199e-12	-0.000201786
4.55177e-12	-0.000202862
4.67155e-12	-0.000203777
4.79134e-12	-0.000204521
4.91112e-12	-0.000205083
5.0309e-12	-0.000205454
5.15069e-12	-0.000205622
5.27047e-12	-0.000205576
5.39025e-12	-0.000205304
5.51004e-12	-0.000204795
5.62982e-12	-0.000204035
5.7496e-12	-0.000203013
5.86939e-12	-0.000201715
5.98917e-12	-0.000200127
6.10895e-12	-0.000198235
6.22874e-12	-0.000196026
6.34852e-12	-0.000193484
6.4683e-12	-0.000190593
6.58809e-12	-0.000187339
6.70787e-12	-0.000183704
6.82765e-12	-0.000179673
6.94744e-12	-0.000175228
7.06722e-12	-0.000170352
7.187e-12	-0.000165026
7.30679e-12	-0.000159233
7.42657e-12	-0.000152953
7.54635e-12	-0.000146167
7.66614e-12	-0.000138854
7.78592e-12	-0.000130996
7.9057e-12	-0.000122569
8.02549e-12	-0.000113555
8.14527e-12	-0.000103929
8.26505e-12	-9.367e-05
8.38484e-12	-8.27552e-05
8.50462e-12	-7.11607e-05
8.6244e-12	-5.88628e-05
8.74419e-12	-4.5837e-05
8.86397e-12	-3.20582e-05
8.98375e-12	-1.75009e-05
9.10354e-12	-2.13907e-06
9.22332e-12	1.40538e-05
9.3431e-12	3.11049e-05
9.46289e-12	4.90417e-05
9.58267e-12	6.78924e-05
9.70245e-12	8.76857e-05
9.82224e-12	0.000108451
9.94202e-12	0.000130217
1.00618e-11	0.000153015
1.01816e-11	0.000176875
1.03014e-11	0.000201829
1.04212e-11	0.000227907
1.05409e-11	0.000255143
1.06607e-11	0.000283569
1.07805e-11	0.000313218
1.09003e-11	0.000344124
1.10201e-11	0.000376321
1.11399e-11	0.000409843
1.12596e-11	0.000444726
1.13794e-11	0.000481004
1.14992e-11	0.000518714
1.1619e-11	0.000557892
1.17388e-11	0.000598574
1.18586e-11	0.000640798
1.19783e-11	0.000684601
1.20981e-11	0.00073002
1.22179e-11	0.000777094
1.23377e-11	0.000825861
1.24575e-11	0.00087636
1.25773e-11	0.00092863
1.2697e-11	0.000982709
1.28168e-11	0.00103864
1.29366e-11	0.00109646
1.30564e-11	0.0011562
1.31762e-11	0.00121792
1.3296e-11	0.00128164
1.34157e-11	0.00134742
1.35355e-11	0.00141528
1.36553e-11	0.00148527
1.37751e-11	0.00155744
1.38949e-11	0.00163181
1.40147e-11	0.00170844
1.41344e-11	0.00178735
1.42542e-11	0.0018686
1.4374e-11	0.00195222
1.44938e-11	0.00203825
1.46136e-11	0.00212673
1.47334e-11	0.0022177
1.48531e-11	0.0023112
1.49729e-11	0.00240726
1.50927e-11	0.00250593
1.52125e-11	0.00260725
1.53323e-11	0.00271124
1.54521e-11	0.00281795
1.55718e-11	0.00292741
1.56916e-11	0.00303966
1.58114e-11	0.00315473
1.59312e-11	0.00327265
1.6051e-11	0.00339347
1.61708e-11	0.00351721
1.62905e-11	0.00364389
1.64103e-11	0.00377356
1.65301e-11	0.00390624
1.66499e-11	0.00404196
1.67697e-11	0.00418074
1.68895e-11	0.00432262
1.70092e-11	0.00446761
1.7129e-11	0.00461573
1.72488e-11	0.00476701
1.73686e-11	0.00492147
1.74884e-11	0.00507913
1.76082e-11	0.00524
1.77279e-11	0.00540409
1.78477e-11	0.00557142
1.79675e-11	0.00574199
1.80873e-11	0.00591583
1.82071e-11	0.00609293
1.83269e-11	0.00627329
1.84466e-11	0.00645692
1.85664e-11	0.00664382
1.86862e-11	0.00683399
1.8806e-11	0.00702741
1.89258e-11	0.00722408
1.90456e-11	0.007424
1.91653e-11	0.00762714
1.92851e-11	0.00783348
1.94049e-11	0.00804302
1.95247e-11	0.00825572
1.96445e-11	0.00847156
1.97643e-11	0.00869051
1.9884e-11	0.00891254
2.00038e-11	0.0091376
2.01236e-11	0.00936567
2.02434e-11	0.00959669
2.03632e-11	0.00983062
2.0483e-11	0.0100674
2.06027e-11	0.010307
2.07225e-11	0.0105493
2.08423e-11	0.0107943
2.09621e-11	0.0110419
2.10819e-11	0.0112921
2.12017e-11	0.0115447
2.13214e-11	0.0117996
2.14412e-11	0.0120569
2.1561e-11	0.0123164
2.16808e-11	0.0125779
2.18006e-11	0.0128415
2.19204e-11	0.0131069
2.20401e-11	0.0133742
2.21599e-11	0.013643
2.22797e-11	0.0139135
2.23995e-11	0.0141853
2.25193e-11	0.0144584
2.26391e-11	0.0147327
2.27588e-11	0.0150079
2.28786e-11	0.015284
2.29984e-11	0.0155607
2.31182e-11	0.015838
2.3238e-11	0.0161156
2.33578e-11	0.0163934
2.34775e-11	0.0166711
2.35973e-11	0.0169487
2.37171e-11	0.0172258
2.38369e-11	0.0175024
2.39567e-11	0.0177781
2.40765e-11	0.0180528
2.41962e-11	0.0183263
2.4316e-11	0.0185982
2.44358e-11	0.0188685
2.45556e-11	0.0191367
2.46754e-11	0.0194028
2.47952e-11	0.0196664
2.49149e-11	0.0199272
2.50347e-11	0.0201851
2.51545e-11	0.0204396
2.52743e-11	0.0206905
2.53941e-11	0.0209376
2.55139e-11	0.0211805
2.56336e-11	0.0214189
2.57534e-11	0.0216525
2.58732e-11	0.0218809
2.5993e-11	0.0221039
2.61128e-11	0.0223211
2.62326e-11	0.0225321
2.63523e-11	0.0227366
2.64721e-11	0.0229343
2.65919e-11	0.0231246
2.67117e-11	0.0233074
2.68315e-11	0.0234822
2.69513e-11	0.0236485
2.7071e-11	0.0238061
2.71908e-11	0.0239544
2.73106e-11	0.0240931
2.74304e-11	0.0242218
2.75502e-11	0.02434
2.767e-11	0.0244473
2.77897e-11	0.0245432
2.79095e-11	0.0246273
2.80293e-11	0.0246992
2.81491e-11	0.0247583
2.82689e-11	0.0248042
2.83887e-11	0.0248364
2.85084e-11	0.0248545
2.86282e-11	0.0248579
2.8748e-11	0.0248462
2.88678e-11	0.0248188
2.89876e-11	0.0247753
2.91074e-11	0.0247151
2.92271e-11	0.0246377
2.93469e-11	0.0245425
2.94667e-11	0.0244292
2.95865e-11	0.024297
2.97063e-11	0.0241455
2.98261e-11	0.0239742
2.99458e-11	0.0237824
3.00656e-11	0.0235697
3.01854e-11	0.0233355
3.03052e-11	0.0230791
3.0425e-11	0.0228002
3.05448e-11	0.022498
3.06645e-11	0.022172
3.07843e-11	0.0218217
3.09041e-11	0.0214465
3.10239e-11	0.0210458
3.11437e-11	0.020619
3.12635e-11	0.0201655
3.13832e-11	0.0196848
3.1503e-11	0.0191763
3.16228e-11	0.0186394
3.17426e-11	0.0180736
3.18624e-11	0.0174782
3.19822e-11	0.0168527
3.21019e-11	0.0161965
3.22217e-11	0.015509
3.23415e-11	0.0147897
3.24613e-11	0.0140379
3.25811e-11	0.0132532
3.27009e-11	0.0124349
3.28206e-11	0.0115826
3.29404e-11	0.0106956
3.30602e-11	0.00977338
3.318e-11	0.00881543
3.32998e-11	0.0078212
3.34196e-11	0.00679015
3.35393e-11	0.00572176
3.36591e-11	0.00461552
3.37789e-11	0.00347091
3.38987e-11	0.00228744
3.40185e-11	0.0010646
3.41383e-11	-0.000198074
3.4258e-11	-0.00150106
3.43778e-11	-0.00284483
3.44976e-11	-0.00422983
3.46174e-11	-0.0056565
3.47372e-11	-0.00712526
3.4857e-11	-0.00863653
3.49767e-11	-0.0101907
3.50965e-11	-0.0117882
3.52163e-11	-0.0134294
3.53361e-11	-0.0151146
3.54559e-11	-0.0168441
3.55757e-11	-0.0186184
3.56954e-11	-0.0204377
3.58152e-11	-0.0223023
3.5935e-11	-0.0242125
3.60548e-11	-0.0261685
3.61746e-11	-0.0281706
3.62944e-11	-0.0302189
3.64141e-11	-0.0323138
3.65339e-11	-0.0344553
3.66537e-11	-0.0366437
3.67735e-11	-0.038879
3.68933e-11	-0.0411613
3.70131e-11	-0.0434908
3.71329e-11	-0.0458675
3.72526e-11	-0.0482915
3.73724e-11	-0.0507627
3.74922e-11	-0.0532812
3.7612e-11	-0.0558469
3.77318e-11	-0.0584598
3.78516e-11	-0.0611197
3.79713e-11	-0.0638265
3.80911e-11	-0.0665801
3.82109e-11	-0.0693803
3.83307e-11	-0.072227
3.84505e-11	-0.0751197
3.85703e-11	-0.0780584
3.869e-11	-0.0810427
3.88098e-11	-0.0840723
3.89296e-11	-0.0871468
3.90494e-11	-0.0902658
3.91692e-11	-0.0934289
3.9289e-11	-0.0966356
3.94087e-11	-0.0998854
3.95285e-11	-0.103178
3.96483e-11	-0.106512
3.97681e-11	-0.109888
3.98879e-11	-0.113305
4.00077e-11	-0.116762
4.01274e-11	-0.120258
4.02472e-11	-0.123793
4.0367e-11	-0.127366
4.04868e-11	-0.130976
4.06066e-11	-0.134623
4.07264e-11	-0.138305
4.08461e-11	-0.142021
4.09659e-11	-0.14577
4.10857e-11	-0.149553
4.12055e-11	-0.153366
4.13253e-11	-0.15721
4.14451e-11	-0.161083
4.15648e-11	-0.164985
4.16846e-11	-0.168913
4.18044e-11	-0.172867
4.19242e-11	-0.176845
4.2044e-11	-0.180846
4.21638e-11	-0.184869
4.22835e-11	-0.188912
4.24033e-11	-0.192975
4.25231e-11	-0.197054
4.26429e-11	-0.20115
4.27627e-11	-0.20526
4.28825e-11	-0.209383
4.30022e-11	-0.213517
4.3122e-11	-0.217661
4.32418e-11	-0.221812
4.33616e-11	-0.22597
4.34814e-11	-0.230132
4.36012e-11	-0.234297
4.37209e-11	-0.238462
4.38407e-11	-0.242626
4.39605e-11	-0.246787
4.40803e-11	-0.250943
4.42001e-11	-0.255093
4.43199e-11	-0.259233
4.44396e-11	-0.263362
4.45594e-11	-0.267478
4.46792e-11	-0.271579
4.4799e-11	-0.275662
4.49188e-11	-0.279726
4.50386e-11	-0.283769
4.51583e-11	-0.287787
4.52781e-11	-0.291779
4.53979e-11	-0.295743
4.55177e-11	-0.299675
4.56375e-11	-0.303575
4.57573e-11	-0.307439
4.5877e-11	-0.311266
4.59968e-11	-0.315052
4.61166e-11	-0.318796
4.62364e-11	-0.322494
4.63562e-11	-0.326145
4.6476e-11	-0.329745
4.65957e-11	-0.333293
4.67155e-11	-0.336786
4.68353e-11	-0.340221
4.69551e-11	-0.343597
4.70749e-11	-0.346909
4.71947e-11	-0.350156
4.73144e-11	-0.353335
4.74342e-11	-0.356444
4.7554e-11	-0.35948
4.76738e-11	-0.36244
4.77936e-11	-0.365321
4.79134e-11	-0.368122
4.80331e-11	-0.370839
4.81529e-11	-0.37347
4.82727e-11	-0.376013
4.83925e-11	-0.378464
4.85123e-11	-0.380821
4.86321e-11	-0.383082
4.87518e-11	-0.385243
4.88716e-11	-0.387303
4.89914e-11	-0.389259
4.91112e-11	-0.391108
4.9231e-11	-0.392847
4.93508e-11	-0.394475
4.94705e-11	-0.395988
4.95903e-11	-0.397384
4.97101e-11	-0.398661
4.98299e-11	-0.399816
4.99497e-11	-0.400847
5.00695e-11	-0.401751
5.01892e-11	-0.402526
5.0309e-11	-0.40317
5.04288e-11	-0.403681
5.05486e-11	-0.404055
5.06684e-11	-0.404291
5.07882e-11	-0.404387
5.09079e-11	-0.40434
5.10277e-11	-0.404148
5.11475e-11	-0.40381
5.12673e-11	-0.403323
5.13871e-11	-0.402685
5.15069e-11	-0.401895
5.16266e-11	-0.400949
5.17464e-11	-0.399847
5.18662e-11	-0.398587
5.1986e-11	-0.397167
5.21058e-11	-0.395584
5.22256e-11	-0.393839
5.23453e-11	-0.391928
5.24651e-11	-0.389851
5.25849e-11	-0.387606
5.27047e-11	-0.385191
5.28245e-11	-0.382606
5.29443e-11	-0.379848
5.3064e-11	-0.376917
5.31838e-11	-0.373812
5.33036e-11	-0.370532
5.34234e-11	-0.367075
5.35432e-11	-0.36344
5.3663e-11	-0.359628
5.37827e-11	-0.355636
5.39025e-11	-0.351465
5.40223e-11	-0.347114
5.41421e-11	-0.342581
5.42619e-11	-0.337868
5.43817e-11	-0.332973
5.45014e-11	-0.327895
5.46212e-11	-0.322636
5.4741e-11	-0.317194
5.48608e-11	-0.311571
5.49806e-11	-0.305764
5.51004e-11	-0.299776
5.52201e-11	-0.293606
5.53399e-11	-0.287254
5.54597e-11	-0.280721
5.55795e-11	-0.274008
5.56993e-11	-0.267114
5.58191e-11	-0.260041
5.59388e-11	-0.25279
5.60586e-11	-0.24536
5.61784e-11	-0.237754
5.62982e-11	-0.229972
5.6418e-11	-0.222016
5.65378e-11	-0.213886
5.66575e-11	-0.205584
5.67773e-11	-0.197112
5.68971e-11	-0.18847
5.70169e-11	-0.179661
5.71367e-11	-0.170687
5.72565e-11	-0.161549
5.73762e-11	-0.152248
5.7496e-11	-0.142788
5.76158e-11	-0.13317
5.77356e-11	-0.123397
5.78554e-11	-0.11347
5.79752e-11	-0.103392
5.80949e-11	-0.0931651
5.82147e-11	-0.0827927
5.83345e-11	-0.0722771
5.84543e-11	-0.0616209
5.85741e-11	-0.0508272
5.86939e-11	-0.0398987
5.88136e-11	-0.0288385
5.89334e-11	-0.0176497
5.90532e-11	-0.00633555
5.9173e-11	0.00510072
5.92928e-11	0.0166557
5.94126e-11	0.028326
5.95323e-11	0.040108
5.96521e-11	0.0519982
5.97719e-11	0.0639928
5.98917e-11	0.0760881
6.00115e-11	0.0882801
6.01313e-11	0.100565
6.0251e-11	0.112939
6.03708e-11	0.125398
6.04906e-11	0.137937
6.06104e-11	0.150553
6.07302e-11	0.163241
6.085e-11	0.175997
6.09697e-11	0.188816
6.10895e-11	0.201694
6.12093e-11	0.214627
6.13291e-11	0.227609
6.14489e-11	0.240637
6.15687e-11	0.253705
6.16884e-11	0.266809
6.18082e-11	0.279944
6.1928e-11	0.293106
6.20478e-11	0.306288
6.21676e-11	0.319487
6.22874e-11	0.332697
6.24071e-11	0.345914
6.25269e-11	0.359132
6.26467e-11	0.372347
6.27665e-11	0.385552
6.28863e-11	0.398744
6.30061e-11	0.411917
6.31258e-11	0.425066
6.32456e-11	0.438185
6.33654e-11	0.45127
6.34852e-11	0.464315
6.3605e-11	0.477315
6.37248e-11	0.490265
6.38445e-11	0.50316
6.39643e-11	0.515993
6.40841e-11	0.528762
6.42039e-11	0.541459
6.43237e-11	0.554079
6.44435e-11	0.566619
6.45632e-11	0.579071
6.4683e-11	0.591432
6.48028e-11	0.603696
6.49226e-11	0.615857
6.50424e-11	0.627912
6.51622e-11	0.639854
6.52819e-11	0.651678
6.54017e-11	0.663381
6.55215e-11	0.674955
6.56413e-11	0.686398
6.57611e-11	0.697703
6.58809e-11	0.708866
6.60006e-11	0.719882
6.61204e-11	0.730747
6.62402e-11	0.741455
6.636e-11	0.752002
6.64798e-11	0.762384
6.65996e-11	0.772595
6.67193e-11	0.782632
6.68391e-11	0.792489
6.69589e-11	0.802163
6.70787e-11	0.81165
6.71985e-11	0.820944
6.73183e-11	0.830043
6.7438e-11	0.838942
6.75578e-11	0.847636
6.76776e-11	0.856123
6.77974e-11	0.864398
6.79172e-11	0.872458
6.8037e-11	0.880299
6.81567e-11	0.887917
6.82765e-11	0.89531
6.83963e-11	0.902473
6.85161e-11	0.909403
6.86359e-11	0.916099
6.87557e-11	0.922555
6.88754e-11	0.92877
6.89952e-11	0.934741
6.9115e-11	0.940464
6.92348e-11	0.945938
6.93546e-11	0.951159
6.94744e-11	0.956127
6.95941e-11	0.960837
6.97139e-11	0.965288
6.98337e-11	0.969478
6.99535e-11	0.973406
7.00733e-11	0.977068
7.01931e-11	0.980465
7.03128e-11	0.983593
7.04326e-11	0.986452
7.05524e-11	0.98904
7.06722e-11	0.991357
7.0792e-11	0.9934
7.09118e-11	0.99517
7.10315e-11	0.996665
7.11513e-11	0.997884
7.12711e-11	0.998828
7.13909e-11	0.999495
7.15107e-11	0.999885
7.16305e-11	0.999999
7.17502e-11	0.999836
7.187e-11	0.999395
7.19898e-11	0.998679
7.21096e-11	0.997686
7.22294e-11	0.996417
7.23492e-11	0.994873
7.24689e-11	0.993054
7.25887e-11	0.990961
7.27085e-11	0.988596
7.28283e-11	0.985959
7.29481e-11	0.983052
7.30679e-11	0.979875
7.31876e-11	0.976431
7.33074e-11	0.972721
7.34272e-11	0.968746
7.3547e-11	0.964509
7.36668e-11	0.960011
7.37866e-11	0.955255
7.39064e-11	0.950242
7.40261e-11	0.944975
7.41459e-11	0.939456
7.42657e-11	0.933688
7.43855e-11	0.927673
7.45053e-11	0.921415
7.46251e-11	0.914915
7.47448e-11	0.908178
7.48646e-11	0.901205
7.49844e-11	0.894001
7.51042e-11	0.886567
7.5224e-11	0.878909
7.53438e-11	0.871028
7.54635e-11	0.86293
7.55833e-11	0.854616
7.57031e-11	0.846092
7.58229e-11	0.837361
7.59427e-11	0.828426
7.60625e-11	0.819292
7.61822e-11	0.809962
7.6302e-11	0.800442
7.64218e-11	0.790735
7.65416e-11	0.780845
7.66614e-11	0.770776
7.67812e-11	0.760534
7.69009e-11	0.750123
7.70207e-11	0.739546
7.71405e-11	0.72881
7.72603e-11	0.717918
7.73801e-11	0.706875
7.74999e-11	0.695686
7.76196e-11	0.684356
7.77394e-11	0.672889
7.78592e-11	0.661291
7.7979e-11	0.649566
7.80988e-11	0.63772
7.82186e-11	0.625758
7.83383e-11	0.613684
7.84581e-11	0.601504
7.85779e-11	0.589222
7.86977e-11	0.576844
7.88175e-11	0.564376
7.89373e-11	0.551822
7.9057e-11	0.539187
7.91768e-11	0.526477
7.92966e-11	0.513696
7.94164e-11	0.500851
7.95362e-11	0.487946
7.9656e-11	0.474987
7.97757e-11	0.461978
7.98955e-11	0.448926
8.00153e-11	0.435834
8.01351e-11	0.422709
8.02549e-11	0.409556
8.03747e-11	0.39638
8.04944e-11	0.383185
8.06142e-11	0.369977
8.0734e-11	0.356762
8.08538e-11	0.343543
8.09736e-11	0.330327
8.10934e-11	0.317119
8.12131e-11	0.303922
8.13329e-11	0.290743
8.14527e-11	0.277586
8.15725e-11	0.264457
8.16923e-11	0.251359
8.18121e-11	0.238297
8.19318e-11	0.225277
8.20516e-11	0.212303
8.21714e-11	0.19938
8.22912e-11	0.186512
8.2411e-11	0.173704
8.25308e-11	0.16096
8.26505e-11	0.148285
8.27703e-11	0.135682
8.28901e-11	0.123157
8.30099e-11	0.110713
8.31297e-11	0.0983551
8.32495e-11	0.0860865
8.33692e-11	0.0739115
8.3489e-11	0.061834
8.36088e-11	0.0498579
8.37286e-11	0.0379869
8.38484e-11	0.0262246
8.39682e-11	0.0145747
8.40879e-11	0.00304079
8.42077e-11	-0.00837382
8.43275e-11	-0.0196657
8.44473e-11	-0.0308317
8.45671e-11	-0.0418685
8.46869e-11	-0.052773
8.48066e-11	-0.0635423
8.49264e-11	-0.0741735
8.50462e-11	-0.0846636
8.5166e-11	-0.09501
8.52858e-11	-0.10521
8.54056e-11	-0.115261
8.55253e-11	-0.125161
8.56451e-11	-0.134907
8.57649e-11	-0.144497
8.58847e-11	-0.153928
8.60045e-11	-0.1632
8.61243e-11	-0.172309
8.6244e-11	-0.181254
8.63638e-11	-0.190032
8.64836e-11	-0.198644
8.66034e-11	-0.207085
8.67232e-11	-0.215357
8.6843e-11	-0.223455
8.69627e-11	-0.231381
8.70825e-11	-0.239131
8.72023e-11	-0.246706
8.73221e-11	-0.254103
8.74419e-11	-0.261323
8.75617e-11	-0.268364
8.76814e-11	-0.275225
8.78012e-11	-0.281906
8.7921e-11	-0.288407
8.80408e-11	-0.294726
8.81606e-11	-0.300864
8.82804e-11	-0.306819
8.84001e-11	-0.312593
8.85199e-11	-0.318184
8.86397e-11	-0.323593
8.87595e-11	-0.328819
8.88793e-11	-0.333864
8.89991e-11	-0.338727
8.91188e-11	-0.343408
8.92386e-11	-0.347907
8.93584e-11	-0.352226
8.94782e-11	-0.356365
8.9598e-11	-0.360325
8.97178e-11	-0.364105
8.98375e-11	-0.367708
8.99573e-11	-0.371133
9.00771e-11	-0.374382
9.01969e-11	-0.377456
9.03167e-11	-0.380355
9.04365e-11	-0.383082
9.05562e-11	-0.385637
9.0676e-11	-0.388021
9.07958e-11	-0.390236
9.09156e-11	-0.392283
9.10354e-11	-0.394164
9.11552e-11	-0.39588
9.12749e-11	-0.397433
9.13947e-11	-0.398825
9.15145e-11	-0.400057
9.16343e-11	-0.40113
9.17541e-11	-0.402048
9.18739e-11	-0.402811
9.19936e-11	-0.403422
9.21134e-11	-0.403882
9.22332e-11	-0.404194
9.2353e-11	-0.404359
9.24728e-11	-0.40438
9.25926e-11	-0.404259
9.27123e-11	-0.403998
9.28321e-11	-0.403599
9.29519e-11	-0.403065
9.30717e-11	-0.402397
9.31915e-11	-0.401598
9.33113e-11	-0.400671
9.3431e-11	-0.399618
9.35508e-11	-0.398441
9.36706e-11	-0.397142
9.37904e-11	-0.395725
9.39102e-11	-0.394191
9.403e-11	-0.392543
9.41497e-11	-0.390784
9.42695e-11	-0.388916
9.43893e-11	-0.386941
9.45091e-11	-0.384863
9.46289e-11	-0.382684
9.47487e-11	-0.380405
9.48684e-11	-0.378031
9.49882e-11	-0.375564
9.5108e-11	-0.373005
9.52278e-11	-0.370358
9.53476e-11	-0.367626
9.54674e-11	-0.36481
9.55871e-11	-0.361914
9.57069e-11	-0.358941
9.58267e-11	-0.355892
9.59465e-11	-0.35277
9.60663e-11	-0.349579
9.61861e-11	-0.34632
9.63058e-11	-0.342996
9.64256e-11	-0.33961
9.65454e-11	-0.336164
9.66652e-11	-0.332661
9.6785e-11	-0.329103
9.69048e-11	-0.325493
9.70245e-11	-0.321834
9.71443e-11	-0.318127
9.72641e-11	-0.314376
9.73839e-11	-0.310583
9.75037e-11	-0.306749
9.76235e-11	-0.302878
9.77432e-11	-0.298972
9.7863e-11	-0.295034
9.79828e-11	-0.291065
9.81026e-11	-0.287068
9.82224e-11	-0.283045
9.83422e-11	-0.278999
9.84619e-11	-0.274931
9.85817e-11	-0.270845
9.87015e-11	-0.266741
9.88213e-11	-0.262622
9.89411e-11	-0.258491
9.90609e-11	-0.254349
9.91806e-11	-0.250198
9.93004e-11	-0.246041
9.94202e-11	-0.24188
9.954e-11	-0.237715
9.96598e-11	-0.23355
9.97796e-11	-0.229385
9.98993e-11	-0.225224
1.00019e-10	-0.221067
1.00139e-10	-0.216917
1.00259e-10	-0.212775
1.00378e-10	-0.208643
1.00498e-10	-0.204522
1.00618e-10	-0.200414
1.00738e-10	-0.196322
1.00858e-10	-0.192245
1.00977e-10	-0.188186
1.01097e-10	-0.184146
1.01217e-10	-0.180127
1.01337e-10	-0.17613
1.01457e-10	-0.172156
1.01576e-10	-0.168206
1.01696e-10	-0.164283
1.01816e-10	-0.160386
1.01936e-10	-0.156518
1.02055e-10	-0.15268
1.02175e-10	-0.148872
1.02295e-10	-0.145095
1.02415e-10	-0.141352
1.02535e-10	-0.137642
1.02654e-10	-0.133966
1.02774e-10	-0.130326
1.02894e-10	-0.126723
1.03014e-10	-0.123157
1.03133e-10	-0.119628
1.03253e-10	-0.116139
1.03373e-10	-0.112689
1.03493e-10	-0.10928
1.03613e-10	-0.105911
1.03732e-10	-0.102584
1.03852e-10	-0.0992994
1.03972e-10	-0.0960573
1.04092e-10	-0.0928583
1.04212e-10	-0.0897031
1.04331e-10	-0.0865921
1.04451e-10	-0.0835256
1.04571e-10	-0.0805042
1.04691e-10	-0.077528
1.0481e-10	-0.0745975
1.0493e-10	-0.071713
1.0505e-10	-0.0688747
1.0517e-10	-0.0660828
1.0529e-10	-0.0633376
1.05409e-10	-0.0606391
1.05529e-10	-0.0579877
1.05649e-10	-0.0553833
1.05769e-10	-0.0528261
1.05889e-10	-0.0503161
1.06008e-10	-0.0478533
1.06128e-10	-0.0454378
1.06248e-10	-0.0430696
1.06368e-10	-0.0407485
1.06487e-10	-0.0384746
1.06607e-10	-0.0362477
1.06727e-10	-0.0340678
1.06847e-10	-0.0319347
1.06967e-10	-0.0298481
1.07086e-10	-0.0278081
1.07206e-10	-0.0258143
1.07326e-10	-0.0238665
1.07446e-10	-0.0219645
1.07565e-10	-0.0201081
1.07685e-10	-0.0182969
1.07805e-10	-0.0165307
1.07925e-10	-0.0148091
1.08045e-10	-0.0131318
1.08164e-10	-0.0114985
1.08284e-10	-0.0099088
1.08404e-10	-0.00836234
1.08524e-10	-0.00685872
1.08644e-10	-0.00539754
1.08763e-10	-0.00397838
1.08883e-10	-0.00260081
1.09003e-10	-0.00126439
1.09123e-10	3.13399e-05
1.09242e-10	0.00128683
1.09362e-10	0.00250257
1.09482e-10	0.00367904
1.09602e-10	0.00481673
1.09722e-10	0.00591615
1.09841e-10	0.0069778
1.09961e-10	0.0080022
1.10081e-10	0.00898989
1.10201e-10	0.00994139
1.10321e-10	0.0108572
1.1044e-10	0.011738
1.1056e-10	0.0125842
1.1068e-10	0.0133964
1.108e-10	0.0141752
1.10919e-10	0.014921
1.11039e-10	0.0156346
1.11159e-10	0.0163164
1.11279e-10	0.0169671
1.11399e-10	0.0175872
1.11518e-10	0.0181772
1.11638e-10	0.0187378
1.11758e-10	0.0192696
1.11878e-10	0.0197731
1.11997e-10	0.0202488
1.12117e-10	0.0206975
1.12237e-10	0.0211195
1.12357e-10	0.0215157
1.12477e-10	0.0218864
1.12596e-10	0.0222323
1.12716e-10	0.0225539
1.12836e-10	0.0228519
1.12956e-10	0.0231268
1.13076e-10	0.0233791
1.13195e-10	0.0236094
1.13315e-10	0.0238184
1.13435e-10	0.0240064
1.13555e-10	0.0241741
1.13674e-10	0.0243221
1.13794e-10	0.0244509
1.13914e-10	0.0245609
1.14034e-10	0.0246528
1.14154e-10	0.0247271
1.14273e-10	0.0247843
1.14393e-10	0.0248249
1.14513e-10	0.0248494
1.14633e-10	0.0248584
1.14752e-10	0.0248523
1.14872e-10	0.0248317
1.14992e-10	0.0247969
1.15112e-10	0.0247486
1.15232e-10	0.0246872
1.15351e-10	0.0246131
1.15471e-10	0.0245268
1.15591e-10	0.0244289
1.15711e-10	0.0243196
1.15831e-10	0.0241995
1.1595e-10	0.024069
1.1607e-10	0.0239285
1.1619e-10	0.0237785
1.1631e-10	0.0236193
1.16429e-10	0.0234514
1.16549e-10	0.0232752
1.16669e-10	0.023091
1.16789e-10	0.0228993
1.16909e-10	0.0227004
1.17028e-10	0.0224947
1.17148e-10	0.0222826
1.17268e-10	0.0220643
1.17388e-10	0.0218404
1.17508e-10	0.021611
1.17627e-10	0.0213765
1.17747e-10	0.0211373
1.17867e-10	0.0208936
1.17987e-10	0.0206458
1.18106e-10	0.0203942
1.18226e-10	0.020139
1.18346e-10	0.0198807
1.18466e-10	0.0196193
1.18586e-10	0.0193553
1.18705e-10	0.0190888
1.18825e-10	0.0188201
1.18945e-10	0.0185496
1.19065e-10	0.0182773
1.19184e-10	0.0180036
1.19304e-10	0.0177287
1.19424e-10	0.0174528
1.19544e-10	0.0171762
1.19664e-10	0.0168989
1.19783e-10	0.0166213
1.19903e-10	0.0163435
1.20023e-10	0.0160658
1.20143e-10	0.0157882
1.20263e-10	0.015511
1.20382e-10	0.0152344
1.20502e-10	0.0149585
1.20622e-10	0.0146834
1.20742e-10	0.0144094
1.20861e-10	0.0141365
1.20981e-10	0.0138649
1.21101e-10	0.0135947
1.21221e-10	0.0133261
1.21341e-10	0.0130592
1.2146e-10	0.0127941
1.2158e-10	0.0125309
1.217e-10	0.0122697
1.2182e-10	0.0120106
1.21939e-10	0.0117537
1.22059e-10	0.0114992
1.22179e-10	0.011247
1.22299e-10	0.0109973
1.22419e-10	0.0107502
1.22538e-10	0.0105057
1.22658e-10	0.0102638
1.22778e-10	0.0100247
1.22898e-10	0.00978845
1.23018e-10	0.00955504
1.23137e-10	0.00932455
1.23257e-10	0.00909702
1.23377e-10	0.00887249
1.23497e-10	0.00865101
1.23616e-10	0.00843262
1.23736e-10	0.00821734
1.23856e-10	0.00800521
1.23976e-10	0.00779624
1.24096e-10	0.00759047
1.24215e-10	0.0073879
1.24335e-10	0.00718857
1.24455e-10	0.00699248
1.24575e-10	0.00679964
1.24695e-10	0.00661006
1.24814e-10	0.00642375
1.24934e-10	0.0062407
1.25054e-10	0.00606092
1.25174e-10	0.00588441
1.25293e-10	0.00571116
1.25413e-10	0.00554117
1.25533e-10	0.00537442
1.25653e-10	0.00521091
1.25773e-10	0.00505062
1.25892e-10	0.00489354
1.26012e-10	0.00473965
1.26132e-10	0.00458893
1.26252e-10	0.00444137
1.26371e-10	0.00429694
1.26491e-10	0.00415563
1.26611e-10	0.00401739
1.26731e-10	0.00388222
1.26851e-10	0.00375009
1.2697e-10	0.00362095
1.2709e-10	0.0034948
1.2721e-10	0.00337159
1.2733e-10	0.00325129
1.2745e-10	0.00313388
1.27569e-10	0.00301932
1.27689e-10	0.00290757
1.27809e-10	0.00279861
1.27929e-10	0.00269239
1.28048e-10	0.00258888
1.28168e-10	0.00248804
1.28288e-10	0.00238984
1.28408e-10	0.00229424
1.28528e-10	0.0022012
1.28647e-10	0.00211068
1.28767e-10	0.00202264
1.28887e-10	0.00193705
1.29007e-10	0.00185386
1.29126e-10	0.00177303
1.29246e-10	0.00169453
1.29366e-10	0.00161831
1.29486e-10	0.00154433
1.29606e-10	0.00147256
1.29725e-10	0.00140295
1.29845e-10	0.00133547
1.29965e-10	0.00127007
1.30085e-10	0.0012067
1.30205e-10	0.00114534
1.30324e-10	0.00108595
1.30444e-10	0.00102847
1.30564e-10	0.000972875
1.30684e-10	0.000919123
1.30803e-10	0.000867174
1.30923e-10	0.000816989
1.31043e-10	0.000768528
1.31163e-10	0.000721753
1.31283e-10	0.000676627
1.31402e-10	0.00063311
1.31522e-10	0.000591165
1.31642e-10	0.000550756
1.31762e-10	0.000511844
1.31882e-10	0.000474393
1.32001e-10	0.000438368
1.32121e-10	0.000403732
1.32241e-10	0.00037045
1.32361e-10	0.000338487
1.3248e-10	0.000307809
1.326e-10	0.000278382
1.3272e-10	0.000250172
1.3284e-10	0.000223146
1.3296e-10	0.000197271
1.33079e-10	0.000172516
1.33199e-10	0.000148849
1.33319e-10	0.000126238
1.33439e-10	0.000104654
1.33558e-10	8.40651e-05
1.33678e-10	6.4443e-05
1.33798e-10	4.57583e-05
1.33918e-10	2.79824e-05
1.34038e-10	1.10873e-05
1.34157e-10	-4.95458e-06
1.34277e-10	-2.01702e-05
1.34397e-10	-3.45859e-05
1.34517e-10	-4.82279e-05
1.34637e-10	-6.11213e-05
1.34756e-10	-7.32913e-05
1.34876e-10	-8.47621e-05
1.34996e-10	-9.55576e-05
1.35116e-10	-0.000105701
1.35235e-10	-0.000115216
1.35355e-10	-0.000124123
1.35475e-10	-0.000132446
1.35595e-10	-0.000140205
1.35715e-10	-0.000147422
1.35834e-10	-0.000154116
1.35954e-10	-0.000160307
1.36074e-10	-0.000166015
1.36194e-10	-0.000171259
1.36313e-10	-0.000176056
1.36433e-10	-0.000180426
1.36553e-10	-0.000184385
1.36673e-10	-0.00018795
1.36793e-10	-0.000191138
1.36912e-10	-0.000193965
1.37032e-10	-0.000196446
1.37152e-10	-0.000198598
1.37272e-10	-0.000200434
1.37392e-10	-0.000201968
1.37511e-10	-0.000203216
1.37631e-10	-0.00020419
1.37751e-10	-0.000204904
1.37871e-10	-0.00020537
1.3799e-10	-0.0002056
1.3811e-10	-0.000205607
1.3823e-10	-0.000205402
1.3835e-10	-0.000204996
1.3847e-10	-0.0002044
1.38589e-10	-0.000203625
1.38709e-10	-0.000202681
1.38829e-10	-0.000201577
1.38949e-10	-0.000200323
1.39069e-10	-0.000198928
1.39188e-10	-0.000197402
1.39308e-10	-0.000195751
1.39428e-10	-0.000193985
1.39548e-10	-0.000192112
1.39667e-10	-0.000190138
1.39787e-10	-0.000188072
1.39907e-10	-0.000185921
1.40027e-10	-0.00018369
1.40147e-10	-0.000181387
1.40266e-10	-0.000179018
1.40386e-10	-0.000176589
1.40506e-10	-0.000174106
1.40626e-10	-0.000171573
1.40745e-10	-0.000168997
1.40865e-10	-0.000166383
1.40985e-10	-0.000163734
1.41105e-10	-0.000161056
1.41225e-10	-0.000158354
1.41344e-10	-0.000155631
1.41464e-10	-0.000152891
1.41584e-10	-0.000150138
1.41704e-10	-0.000147376
1.41824e-10	-0.000144608
1.41943e-10	-0.000141838
1.42063e-10	-0.000139068
1.42183e-10	-0.000136302
1.42303e-10	-0.000133542
1.42422e-10	-0.000130791
1.42542e-10	-0.000128052
1.42662e-10	-0.000125326
1.42782e-10	-0.000122615
1.42902e-10	-0.000119923
1.43021e-10	-0.000117251
1.43141e-10	-0.0001146
