5.98917e-14	-0.000113755
1.79675e-13	-0.000116399
2.99458e-13	-0.000119064
4.19242e-13	-0.00012175
5.39025e-13	-0.000124455
6.58809e-13	-0.000127176
7.78592e-13	-0.000129911
8.98375e-13	-0.000132659
1.01816e-12	-0.000135416
1.13794e-12	-0.000138181
1.25773e-12	-0.00014095
1.37751e-12	-0.00014372
1.49729e-12	-0.000146489
1.61708e-12	-0.000149253
1.73686e-12	-0.000152009
1.85664e-12	-0.000154754
1.97643e-12	-0.000157483
2.09621e-12	-0.000160192
2.21599e-12	-0.000162878
2.33578e-12	-0.000165537
2.45556e-12	-0.000168163
2.57534e-12	-0.000170752
2.69513e-12	-0.000173299
2.81491e-12	-0.000175799
2.93469e-12	-0.000178246
3.05448e-12	-0.000180635
3.17426e-12	-0.000182959
3.29404e-12	-0.000185214
3.41383e-12	-0.000187391
3.53361e-12	-0.000189486
3.65339e-12	-0.000191489
3.77318e-12	-0.000193396
3.89296e-12	-0.000195197
4.01274e-12	-0.000196885
4.13253e-12	-0.000198453
4.25231e-12	-0.000199891
4.37209e-12	-0.000201191
4.49188e-12	-0.000202344
4.61166e-12	-0.000203341
4.73144e-12	-0.000204171
4.85123e-12	-0.000204825
4.97101e-12	-0.000205293
5.09079e-12	-0.000205564
5.21058e-12	-0.000205626
5.33036e-12	-0.000205469
5.45014e-12	-0.00020508
5.56993e-12	-0.000204447
5.68971e-12	-0.000203558
5.80949e-12	-0.000202399
5.92928e-12	-0.000200958
6.04906e-12	-0.00019922
6.16884e-12	-0.000197171
6.28863e-12	-0.000194797
6.40841e-12	-0.000192083
6.52819e-12	-0.000189012
6.64798e-12	-0.00018557
6.76776e-12	-0.000181739
6.88754e-12	-0.000177503
7.00733e-12	-0.000172845
7.12711e-12	-0.000167746
7.24689e-12	-0.000162189
7.36668e-12	-0.000156155
7.48646e-12	-0.000149624
7.60625e-12	-0.000142577
7.72603e-12	-0.000134995
7.84581e-12	-0.000126855
7.9656e-12	-0.000118137
8.08538e-12	-0.000108819
8.20516e-12	-9.888e-05
8.32495e-12	-8.82961e-05
8.44473e-12	-7.70444e-05
8.56451e-12	-6.51013e-05
8.6843e-12	-5.24425e-05
8.80408e-12	-3.90433e-05
8.92386e-12	-2.48785e-05
9.04365e-12	-9.92219e-06
9.16343e-12	5.85182e-06
9.28321e-12	2.24704e-05
9.403e-12	3.99608e-05
9.52278e-12	5.83511e-05
9.64256e-12	7.76694e-05
9.76235e-12	9.79449e-05
9.88213e-12	0.000119207
1.00019e-11	0.000141485
1.01217e-11	0.00016481
1.02415e-11	0.000189213
1.03613e-11	0.000214725
1.0481e-11	0.000241379
1.06008e-11	0.000269205
1.07206e-11	0.000298239
1.08404e-11	0.000328512
1.09602e-11	0.000360059
1.108e-11	0.000392914
1.11997e-11	0.000427112
1.13195e-11	0.000462688
1.14393e-11	0.000499678
1.15591e-11	0.000538117
1.16789e-11	0.000578043
1.17987e-11	0.000619491
1.19184e-11	0.0006625
1.20382e-11	0.000707106
1.2158e-11	0.000753348
1.22778e-11	0.000801264
1.23976e-11	0.000850892
1.25174e-11	0.000902271
1.26371e-11	0.000955441
1.27569e-11	0.00101044
1.28767e-11	0.00106731
1.29965e-11	0.00112609
1.31163e-11	0.00118681
1.32361e-11	0.00124953
1.33558e-11	0.00131427
1.34756e-11	0.00138109
1.35954e-11	0.00145001
1.37152e-11	0.00152108
1.3835e-11	0.00159435
1.39548e-11	0.00166984
1.40745e-11	0.00174761
1.41943e-11	0.00182768
1.43141e-11	0.00191011
1.44339e-11	0.00199493
1.45537e-11	0.00208218
1.46735e-11	0.0021719
1.47932e-11	0.00226413
1.4913e-11	0.00235891
1.50328e-11	0.00245627
1.51526e-11	0.00255626
1.52724e-11	0.00265891
1.53922e-11	0.00276425
1.55119e-11	0.00287233
1.56317e-11	0.00298318
1.57515e-11	0.00309684
1.58713e-11	0.00321333
1.59911e-11	0.0033327
1.61109e-11	0.00345497
1.62306e-11	0.00358018
1.63504e-11	0.00370835
1.64702e-11	0.00383952
1.659e-11	0.00397372
1.67098e-11	0.00411097
1.68296e-11	0.00425129
1.69493e-11	0.00439472
1.70691e-11	0.00454128
1.71889e-11	0.00469098
1.73087e-11	0.00484385
1.74285e-11	0.0049999
1.75483e-11	0.00515916
1.7668e-11	0.00532164
1.77878e-11	0.00548735
1.79076e-11	0.0056563
1.80274e-11	0.0058285
1.81472e-11	0.00600397
1.8267e-11	0.0061827
1.83868e-11	0.0063647
1.85065e-11	0.00654996
1.86263e-11	0.0067385
1.87461e-11	0.00693029
1.88659e-11	0.00712534
1.89857e-11	0.00732364
1.91055e-11	0.00752516
1.92252e-11	0.00772991
1.9345e-11	0.00793785
1.94648e-11	0.00814898
1.95846e-11	0.00836325
1.97044e-11	0.00858065
1.98242e-11	0.00880114
1.99439e-11	0.00902469
2.00637e-11	0.00925126
2.01835e-11	0.00948081
2.03033e-11	0.00971329
2.04231e-11	0.00994866
2.05429e-11	0.0101868
2.06626e-11	0.0104278
2.07824e-11	0.0106715
2.09022e-11	0.0109178
2.1022e-11	0.0111667
2.11418e-11	0.0114181
2.12616e-11	0.0116719
2.13813e-11	0.011928
2.15011e-11	0.0121864
2.16209e-11	0.0124469
2.17407e-11	0.0127095
2.18605e-11	0.012974
2.19803e-11	0.0132403
2.21e-11	0.0135084
2.22198e-11	0.0137781
2.23396e-11	0.0140492
2.24594e-11	0.0143217
2.25792e-11	0.0145954
2.2699e-11	0.0148702
2.28187e-11	0.0151458
2.29385e-11	0.0154223
2.30583e-11	0.0156993
2.31781e-11	0.0159767
2.32979e-11	0.0162545
2.34177e-11	0.0165323
2.35374e-11	0.0168099
2.36572e-11	0.0170873
2.3777e-11	0.0173642
2.38968e-11	0.0176403
2.40166e-11	0.0179156
2.41364e-11	0.0181897
2.42561e-11	0.0184624
2.43759e-11	0.0187336
2.44957e-11	0.0190029
2.46155e-11	0.0192701
2.47353e-11	0.0195349
2.48551e-11	0.0197972
2.49748e-11	0.0200565
2.50946e-11	0.0203127
2.52144e-11	0.0205655
2.53342e-11	0.0208146
2.5454e-11	0.0210596
2.55738e-11	0.0213003
2.56935e-11	0.0215363
2.58133e-11	0.0217674
2.59331e-11	0.0219931
2.60529e-11	0.0222133
2.61727e-11	0.0224274
2.62925e-11	0.0226352
2.64122e-11	0.0228363
2.6532e-11	0.0230304
2.66518e-11	0.023217
2.67716e-11	0.0233958
2.68914e-11	0.0235664
2.70112e-11	0.0237284
2.71309e-11	0.0238814
2.72507e-11	0.024025
2.73705e-11	0.0241588
2.74903e-11	0.0242822
2.76101e-11	0.024395
2.77299e-11	0.0244967
2.78496e-11	0.0245868
2.79694e-11	0.0246648
2.80892e-11	0.0247303
2.8209e-11	0.0247829
2.83288e-11	0.024822
2.84486e-11	0.0248473
2.85683e-11	0.0248581
2.86881e-11	0.024854
2.88079e-11	0.0248345
2.89277e-11	0.0247991
2.90475e-11	0.0247473
2.91673e-11	0.0246785
2.9287e-11	0.0245923
2.94068e-11	0.0244882
2.95266e-11	0.0243655
2.96464e-11	0.0242237
2.97662e-11	0.0240624
2.9886e-11	0.0238809
3.00057e-11	0.0236787
3.01255e-11	0.0234553
3.02453e-11	0.0232101
3.03651e-11	0.0229425
3.04849e-11	0.022652
3.06047e-11	0.022338
3.07244e-11	0.022
3.08442e-11	0.0216373
3.0964e-11	0.0212494
3.10838e-11	0.0208357
3.12036e-11	0.0203956
3.13234e-11	0.0199286
3.14431e-11	0.0194341
3.15629e-11	0.0189115
3.16827e-11	0.0183602
3.18025e-11	0.0177796
3.19223e-11	0.0171692
3.20421e-11	0.0165284
3.21618e-11	0.0158567
3.22816e-11	0.0151533
3.24014e-11	0.0144179
3.25212e-11	0.0136497
3.2641e-11	0.0128483
3.27608e-11	0.0120131
3.28805e-11	0.0111435
3.30003e-11	0.0102389
3.31201e-11	0.00929891
3.32399e-11	0.00832288
3.33597e-11	0.00731031
3.34795e-11	0.00626065
3.35992e-11	0.0051734
3.3719e-11	0.00404804
3.38388e-11	0.00288406
3.39586e-11	0.00168097
3.40784e-11	0.000438274
3.41982e-11	-0.0008445
3.43179e-11	-0.00216782
3.44377e-11	-0.00353215
3.45575e-11	-0.00493793
3.46773e-11	-0.00638559
3.47971e-11	-0.00787555
3.49169e-11	-0.00940824
3.50366e-11	-0.010984
3.51564e-11	-0.0126033
3.52762e-11	-0.0142664
3.5396e-11	-0.0159738
3.55158e-11	-0.0177257
3.56356e-11	-0.0195224
3.57553e-11	-0.0213643
3.58751e-11	-0.0232517
3.59949e-11	-0.0251847
3.61147e-11	-0.0271637
3.62345e-11	-0.0291889
3.63543e-11	-0.0312605
3.6474e-11	-0.0333787
3.65938e-11	-0.0355436
3.67136e-11	-0.0377554
3.68334e-11	-0.0400143
3.69532e-11	-0.0423202
3.7073e-11	-0.0446733
3.71927e-11	-0.0470736
3.73125e-11	-0.0495212
3.74323e-11	-0.0520161
3.75521e-11	-0.0545582
3.76719e-11	-0.0571475
3.77917e-11	-0.0597838
3.79114e-11	-0.0624672
3.80312e-11	-0.0651975
3.8151e-11	-0.0679744
3.82708e-11	-0.0707979
3.83906e-11	-0.0736676
3.85104e-11	-0.0765834
3.86301e-11	-0.0795449
3.87499e-11	-0.0825519
3.88697e-11	-0.085604
3.89895e-11	-0.0887007
3.91093e-11	-0.0918418
3.92291e-11	-0.0950268
3.93488e-11	-0.0982551
3.94686e-11	-0.101526
3.95884e-11	-0.10484
3.97082e-11	-0.108195
3.9828e-11	-0.111592
3.99478e-11	-0.115029
4.00675e-11	-0.118505
4.01873e-11	-0.122021
4.03071e-11	-0.125575
4.04269e-11	-0.129167
4.05467e-11	-0.132795
4.06665e-11	-0.136459
4.07862e-11	-0.140158
4.0906e-11	-0.143891
4.10258e-11	-0.147657
4.11456e-11	-0.151455
4.12654e-11	-0.155284
4.13852e-11	-0.159143
4.15049e-11	-0.16303
4.16247e-11	-0.166945
4.17445e-11	-0.170886
4.18643e-11	-0.174853
4.19841e-11	-0.178843
4.21039e-11	-0.182855
4.22236e-11	-0.186888
4.23434e-11	-0.190941
4.24632e-11	-0.195012
4.2583e-11	-0.1991
4.27028e-11	-0.203203
4.28226e-11	-0.20732
4.29423e-11	-0.211449
4.30621e-11	-0.215588
4.31819e-11	-0.219736
4.33017e-11	-0.223891
4.34215e-11	-0.228051
4.35413e-11	-0.232214
4.3661e-11	-0.236379
4.37808e-11	-0.240544
4.39006e-11	-0.244707
4.40204e-11	-0.248866
4.41402e-11	-0.253019
4.426e-11	-0.257164
4.43797e-11	-0.261299
4.44995e-11	-0.265422
4.46193e-11	-0.26953
4.47391e-11	-0.273623
4.48589e-11	-0.277697
4.49787e-11	-0.28175
4.50984e-11	-0.285781
4.52182e-11	-0.289786
4.5338e-11	-0.293765
4.54578e-11	-0.297713
4.55776e-11	-0.30163
4.56974e-11	-0.305512
4.58171e-11	-0.309358
4.59369e-11	-0.313164
4.60567e-11	-0.316929
4.61765e-11	-0.32065
4.62963e-11	-0.324325
4.64161e-11	-0.327951
4.65358e-11	-0.331526
4.66556e-11	-0.335047
4.67754e-11	-0.338511
4.68952e-11	-0.341917
4.7015e-11	-0.345261
4.71348e-11	-0.348541
4.72545e-11	-0.351754
4.73743e-11	-0.354899
4.74941e-11	-0.357971
4.76139e-11	-0.360969
4.77337e-11	-0.36389
4.78535e-11	-0.366732
4.79732e-11	-0.369491
4.8093e-11	-0.372166
4.82128e-11	-0.374753
4.83326e-11	-0.37725
4.84524e-11	-0.379654
4.85722e-11	-0.381964
4.86919e-11	-0.384175
4.88117e-11	-0.386286
4.89315e-11	-0.388294
4.90513e-11	-0.390197
4.91711e-11	-0.391991
4.92909e-11	-0.393675
4.94106e-11	-0.395246
4.95304e-11	-0.396701
4.96502e-11	-0.398038
4.977e-11	-0.399254
4.98898e-11	-0.400347
5.00096e-11	-0.401315
5.01293e-11	-0.402155
5.02491e-11	-0.402865
5.03689e-11	-0.403442
5.04887e-11	-0.403885
5.06085e-11	-0.40419
5.07283e-11	-0.404357
5.0848e-11	-0.404381
5.09678e-11	-0.404262
5.10876e-11	-0.403998
5.12074e-11	-0.403585
5.13272e-11	-0.403023
5.1447e-11	-0.402309
5.15667e-11	-0.401441
5.16865e-11	-0.400418
5.18063e-11	-0.399237
5.19261e-11	-0.397897
5.20459e-11	-0.396396
5.21657e-11	-0.394732
5.22854e-11	-0.392904
5.24052e-11	-0.39091
5.2525e-11	-0.388749
5.26448e-11	-0.38642
5.27646e-11	-0.38392
5.28844e-11	-0.381248
5.30041e-11	-0.378404
5.31239e-11	-0.375387
5.32437e-11	-0.372194
5.33635e-11	-0.368825
5.34833e-11	-0.36528
5.36031e-11	-0.361556
5.37228e-11	-0.357654
5.38426e-11	-0.353573
5.39624e-11	-0.349312
5.40822e-11	-0.34487
5.4202e-11	-0.340247
5.43218e-11	-0.335443
5.44415e-11	-0.330457
5.45613e-11	-0.325289
5.46811e-11	-0.319938
5.48009e-11	-0.314405
5.49207e-11	-0.30869
5.50405e-11	-0.302793
5.51603e-11	-0.296714
5.528e-11	-0.290453
5.53998e-11	-0.28401
5.55196e-11	-0.277387
5.56394e-11	-0.270583
5.57592e-11	-0.2636
5.5879e-11	-0.256438
5.59987e-11	-0.249097
5.61185e-11	-0.241579
5.62383e-11	-0.233885
5.63581e-11	-0.226016
5.64779e-11	-0.217972
5.65977e-11	-0.209756
5.67174e-11	-0.201369
5.68372e-11	-0.192812
5.6957e-11	-0.184087
5.70768e-11	-0.175195
5.71966e-11	-0.166138
5.73164e-11	-0.156919
5.74361e-11	-0.147538
5.75559e-11	-0.137999
5.76757e-11	-0.128303
5.77955e-11	-0.118452
5.79153e-11	-0.108449
5.80351e-11	-0.0982967
5.81548e-11	-0.087997
5.82746e-11	-0.0775526
5.83944e-11	-0.0669664
5.85142e-11	-0.0562411
5.8634e-11	-0.0453796
5.87538e-11	-0.0343849
5.88735e-11	-0.02326
5.89933e-11	-0.0120081
5.91131e-11	-0.000632471
5.92329e-11	0.0108636
5.93527e-11	0.0224767
5.94725e-11	0.0342033
5.95922e-11	0.0460398
5.9712e-11	0.0579827
5.98318e-11	0.0700281
5.99516e-11	0.0821722
6.00714e-11	0.0944112
6.01912e-11	0.106741
6.03109e-11	0.119158
6.04307e-11	0.131657
6.05505e-11	0.144236
6.06703e-11	0.156888
6.07901e-11	0.16961
6.09099e-11	0.182398
6.10296e-11	0.195248
6.11494e-11	0.208154
6.12692e-11	0.221112
6.1389e-11	0.234118
6.15088e-11	0.247166
6.16286e-11	0.260253
6.17483e-11	0.273373
6.18681e-11	0.286522
6.19879e-11	0.299694
6.21077e-11	0.312886
6.22275e-11	0.326091
6.23473e-11	0.339305
6.2467e-11	0.352523
6.25868e-11	0.36574
6.27066e-11	0.378951
6.28264e-11	0.39215
6.29462e-11	0.405333
6.3066e-11	0.418495
6.31857e-11	0.431629
6.33055e-11	0.444732
6.34253e-11	0.457798
6.35451e-11	0.470821
6.36649e-11	0.483797
6.37847e-11	0.496719
6.39044e-11	0.509584
6.40242e-11	0.522386
6.4144e-11	0.535119
6.42638e-11	0.547779
6.43836e-11	0.560359
6.45034e-11	0.572856
6.46231e-11	0.585263
6.47429e-11	0.597576
6.48627e-11	0.60979
6.49825e-11	0.621898
6.51023e-11	0.633897
6.52221e-11	0.645781
6.53418e-11	0.657545
6.54616e-11	0.669184
6.55814e-11	0.680693
6.57012e-11	0.692068
6.5821e-11	0.703303
6.59408e-11	0.714393
6.60605e-11	0.725334
6.61803e-11	0.736121
6.63001e-11	0.746749
6.64199e-11	0.757214
6.65397e-11	0.767511
6.66595e-11	0.777635
6.67792e-11	0.787583
6.6899e-11	0.797349
6.70188e-11	0.80693
6.71386e-11	0.816321
6.72584e-11	0.825519
6.73782e-11	0.834518
6.74979e-11	0.843315
6.76177e-11	0.851906
6.77375e-11	0.860287
6.78573e-11	0.868455
6.79771e-11	0.876406
6.80969e-11	0.884136
6.82166e-11	0.891642
6.83364e-11	0.89892
6.84562e-11	0.905967
6.8576e-11	0.912781
6.86958e-11	0.919357
6.88156e-11	0.925693
6.89353e-11	0.931786
6.90551e-11	0.937633
6.91749e-11	0.943232
6.92947e-11	0.94858
6.94145e-11	0.953675
6.95343e-11	0.958514
6.9654e-11	0.963095
6.97738e-11	0.967416
6.98936e-11	0.971475
7.00134e-11	0.97527
7.01332e-11	0.9788
7.0253e-11	0.982063
7.03727e-11	0.985056
7.04925e-11	0.98778
7.06123e-11	0.990233
7.07321e-11	0.992413
7.08519e-11	0.994319
7.09717e-11	0.995952
7.10914e-11	0.997309
7.12112e-11	0.99839
7.1331e-11	0.999196
7.14508e-11	0.999725
7.15706e-11	0.999977
7.16904e-11	0.999952
7.18101e-11	0.99965
7.19299e-11	0.999072
7.20497e-11	0.998217
7.21695e-11	0.997086
7.22893e-11	0.995679
7.24091e-11	0.993997
7.25288e-11	0.992042
7.26486e-11	0.989813
7.27684e-11	0.987311
7.28882e-11	0.984539
7.3008e-11	0.981497
7.31278e-11	0.978187
7.32475e-11	0.974609
7.33673e-11	0.970766
7.34871e-11	0.96666
7.36069e-11	0.962292
7.37267e-11	0.957665
7.38465e-11	0.95278
7.39662e-11	0.94764
7.4086e-11	0.942247
7.42058e-11	0.936603
7.43256e-11	0.930711
7.44454e-11	0.924574
7.45652e-11	0.918195
7.46849e-11	0.911576
7.48047e-11	0.904721
7.49245e-11	0.897632
7.50443e-11	0.890312
7.51641e-11	0.882766
7.52839e-11	0.874996
7.54036e-11	0.867006
7.55234e-11	0.8588
7.56432e-11	0.85038
7.5763e-11	0.841752
7.58828e-11	0.832918
7.60026e-11	0.823883
7.61223e-11	0.814651
7.62421e-11	0.805226
7.63619e-11	0.795611
7.64817e-11	0.785812
7.66015e-11	0.775832
7.67213e-11	0.765677
7.6841e-11	0.755349
7.69608e-11	0.744855
7.70806e-11	0.734198
7.72004e-11	0.723383
7.73202e-11	0.712415
7.744e-11	0.701298
7.75597e-11	0.690038
7.76795e-11	0.678639
7.77993e-11	0.667106
7.79191e-11	0.655444
7.80389e-11	0.643658
7.81587e-11	0.631753
7.82784e-11	0.619734
7.83982e-11	0.607607
7.8518e-11	0.595375
7.86378e-11	0.583045
7.87576e-11	0.570621
7.88774e-11	0.558109
7.89971e-11	0.545514
7.91169e-11	0.532841
7.92367e-11	0.520095
7.93565e-11	0.507282
7.94763e-11	0.494406
7.95961e-11	0.481473
7.97158e-11	0.468489
7.98356e-11	0.455457
7.99554e-11	0.442385
8.00752e-11	0.429276
8.0195e-11	0.416136
8.03148e-11	0.40297
8.04345e-11	0.389784
8.05543e-11	0.376582
8.06741e-11	0.36337
8.07939e-11	0.350153
8.09137e-11	0.336935
8.10335e-11	0.323722
8.11532e-11	0.310519
8.1273e-11	0.29733
8.13928e-11	0.284162
8.15126e-11	0.271018
8.16324e-11	0.257903
8.17522e-11	0.244823
8.18719e-11	0.231782
8.19917e-11	0.218784
8.21115e-11	0.205835
8.22313e-11	0.192939
8.23511e-11	0.1801
8.24709e-11	0.167324
8.25906e-11	0.154613
8.27104e-11	0.141974
8.28302e-11	0.12941
8.295e-11	0.116925
8.30698e-11	0.104523
8.31896e-11	0.0922094
8.33093e-11	0.0799871
8.34291e-11	0.0678604
8.35489e-11	0.0558331
8.36687e-11	0.043909
8.37885e-11	0.0320919
8.39083e-11	0.0203854
8.4028e-11	0.00879307
8.41478e-11	-0.00268164
8.42676e-11	-0.0140353
8.43874e-11	-0.0252647
8.45072e-11	-0.0363664
8.4627e-11	-0.0473375
8.47467e-11	-0.0581748
8.48665e-11	-0.0688753
8.49863e-11	-0.0794363
8.51061e-11	-0.0898549
8.52259e-11	-0.100128
8.53457e-11	-0.110254
8.54654e-11	-0.12023
8.55852e-11	-0.130053
8.5705e-11	-0.139721
8.58248e-11	-0.149232
8.59446e-11	-0.158584
8.60644e-11	-0.167775
8.61841e-11	-0.176802
8.63039e-11	-0.185664
8.64237e-11	-0.194359
8.65435e-11	-0.202886
8.66633e-11	-0.211242
8.67831e-11	-0.219428
8.69028e-11	-0.22744
8.70226e-11	-0.235278
8.71424e-11	-0.24294
8.72622e-11	-0.250427
8.7382e-11	-0.257735
8.75018e-11	-0.264866
8.76215e-11	-0.271817
8.77413e-11	-0.278588
8.78611e-11	-0.285179
8.79809e-11	-0.291589
8.81007e-11	-0.297817
8.82205e-11	-0.303864
8.83402e-11	-0.309729
8.846e-11	-0.315411
8.85798e-11	-0.320911
8.86996e-11	-0.326229
8.88194e-11	-0.331364
8.89392e-11	-0.336318
8.90589e-11	-0.34109
8.91787e-11	-0.34568
8.92985e-11	-0.350089
8.94183e-11	-0.354318
8.95381e-11	-0.358367
8.96579e-11	-0.362237
8.97776e-11	-0.365929
8.98974e-11	-0.369442
9.00172e-11	-0.372779
9.0137e-11	-0.375941
9.02568e-11	-0.378927
9.03766e-11	-0.38174
9.04963e-11	-0.384381
9.06161e-11	-0.38685
9.07359e-11	-0.389149
9.08557e-11	-0.39128
9.09755e-11	-0.393244
9.10953e-11	-0.395043
9.1215e-11	-0.396677
9.13348e-11	-0.398149
9.14546e-11	-0.39946
9.15744e-11	-0.400613
9.16942e-11	-0.401608
9.1814e-11	-0.402448
9.19338e-11	-0.403135
9.20535e-11	-0.40367
9.21733e-11	-0.404056
9.22931e-11	-0.404294
9.24129e-11	-0.404387
9.25327e-11	-0.404337
9.26525e-11	-0.404146
9.27722e-11	-0.403815
9.2892e-11	-0.403349
9.30118e-11	-0.402747
9.31316e-11	-0.402014
9.32514e-11	-0.401151
9.33712e-11	-0.40016
9.34909e-11	-0.399045
9.36107e-11	-0.397807
9.37305e-11	-0.396448
9.38503e-11	-0.394972
9.39701e-11	-0.393381
9.40899e-11	-0.391677
9.42096e-11	-0.389863
9.43294e-11	-0.387942
9.44492e-11	-0.385915
9.4569e-11	-0.383786
9.46888e-11	-0.381557
9.48086e-11	-0.37923
9.49283e-11	-0.376809
9.50481e-11	-0.374295
9.51679e-11	-0.371692
9.52877e-11	-0.369003
9.54075e-11	-0.366228
9.55273e-11	-0.363372
9.5647e-11	-0.360437
9.57668e-11	-0.357425
9.58866e-11	-0.35434
9.60064e-11	-0.351183
9.61262e-11	-0.347957
9.6246e-11	-0.344666
9.63657e-11	-0.34131
9.64855e-11	-0.337894
9.66053e-11	-0.334419
9.67251e-11	-0.330889
9.68449e-11	-0.327305
9.69647e-11	-0.32367
9.70844e-11	-0.319986
9.72042e-11	-0.316257
9.7324e-11	-0.312484
9.74438e-11	-0.308671
9.75636e-11	-0.304818
9.76834e-11	-0.30093
9.78031e-11	-0.297007
9.79229e-11	-0.293053
9.80427e-11	-0.28907
9.81625e-11	-0.28506
9.82823e-11	-0.281025
9.84021e-11	-0.276968
9.85218e-11	-0.27289
9.86416e-11	-0.268795
9.87614e-11	-0.264683
9.88812e-11	-0.260558
9.9001e-11	-0.256421
9.91208e-11	-0.252275
9.92405e-11	-0.248121
9.93603e-11	-0.243961
9.94801e-11	-0.239797
9.95999e-11	-0.235632
9.97197e-11	-0.231467
9.98395e-11	-0.227304
9.99592e-11	-0.223145
1.00079e-10	-0.218991
1.00199e-10	-0.214845
1.00319e-10	-0.210708
1.00438e-10	-0.206581
1.00558e-10	-0.202466
1.00678e-10	-0.198366
1.00798e-10	-0.194281
1.00918e-10	-0.190213
1.01037e-10	-0.186163
1.01157e-10	-0.182134
1.01277e-10	-0.178125
1.01397e-10	-0.17414
1.01516e-10	-0.170178
1.01636e-10	-0.166241
1.01756e-10	-0.162331
1.01876e-10	-0.158449
1.01996e-10	-0.154595
1.02115e-10	-0.150772
1.02235e-10	-0.14698
1.02355e-10	-0.143219
1.02475e-10	-0.139492
1.02594e-10	-0.1358
1.02714e-10	-0.132142
1.02834e-10	-0.12852
1.02954e-10	-0.124935
1.03074e-10	-0.121388
1.03193e-10	-0.117879
1.03313e-10	-0.114409
1.03433e-10	-0.110979
1.03553e-10	-0.10759
1.03673e-10	-0.104243
1.03792e-10	-0.100937
1.03912e-10	-0.097673
1.04032e-10	-0.0944524
1.04152e-10	-0.0912752
1.04271e-10	-0.0881421
1.04391e-10	-0.0850533
1.04511e-10	-0.0820093
1.04631e-10	-0.0790104
1.04751e-10	-0.0760571
1.0487e-10	-0.0731495
1.0499e-10	-0.0702881
1.0511e-10	-0.0674729
1.0523e-10	-0.0647043
1.05349e-10	-0.0619825
1.05469e-10	-0.0593075
1.05589e-10	-0.0566796
1.05709e-10	-0.0540988
1.05829e-10	-0.0515652
1.05948e-10	-0.0490788
1.06068e-10	-0.0466396
1.06188e-10	-0.0442478
1.06308e-10	-0.0419031
1.06428e-10	-0.0396057
1.06547e-10	-0.0373553
1.06667e-10	-0.0351519
1.06787e-10	-0.0329954
1.06907e-10	-0.0308856
1.07026e-10	-0.0288223
1.07146e-10	-0.0268054
1.07266e-10	-0.0248347
1.07386e-10	-0.0229098
1.07506e-10	-0.0210306
1.07625e-10	-0.0191968
1.07745e-10	-0.0174082
1.07865e-10	-0.0156643
1.07985e-10	-0.0139649
1.08105e-10	-0.0123097
1.08224e-10	-0.0106982
1.08344e-10	-0.00913019
1.08464e-10	-0.0076052
1.08584e-10	-0.00612285
1.08703e-10	-0.00468273
1.08823e-10	-0.00328442
1.08943e-10	-0.00192748
1.09063e-10	-0.000611465
1.09183e-10	0.000664087
1.09302e-10	0.00189964
1.09422e-10	0.00309569
1.09542e-10	0.0042527
1.09662e-10	0.00537119
1.09781e-10	0.00645166
1.09901e-10	0.00749462
1.10021e-10	0.00850061
1.10141e-10	0.00947013
1.10261e-10	0.0104037
1.1038e-10	0.011302
1.105e-10	0.0121654
1.1062e-10	0.0129945
1.1074e-10	0.0137899
1.1086e-10	0.0145522
1.10979e-10	0.0152818
1.11099e-10	0.0159795
1.11219e-10	0.0166456
1.11339e-10	0.0172809
1.11458e-10	0.0178859
1.11578e-10	0.0184612
1.11698e-10	0.0190073
1.11818e-10	0.0195248
1.11938e-10	0.0200144
1.12057e-10	0.0204765
1.12177e-10	0.0209118
1.12297e-10	0.0213208
1.12417e-10	0.0217042
1.12536e-10	0.0220624
1.12656e-10	0.0223961
1.12776e-10	0.0227058
1.12896e-10	0.0229922
1.13016e-10	0.0232557
1.13135e-10	0.023497
1.13255e-10	0.0237165
1.13375e-10	0.023915
1.13495e-10	0.0240928
1.13615e-10	0.0242506
1.13734e-10	0.0243889
1.13854e-10	0.0245082
1.13974e-10	0.0246091
1.14094e-10	0.0246921
1.14213e-10	0.0247578
1.14333e-10	0.0248066
1.14453e-10	0.0248391
1.14573e-10	0.0248558
1.14693e-10	0.0248572
1.14812e-10	0.0248438
1.14932e-10	0.024816
1.15052e-10	0.0247745
1.15172e-10	0.0247195
1.15292e-10	0.0246517
1.15411e-10	0.0245715
1.15531e-10	0.0244793
1.15651e-10	0.0243756
1.15771e-10	0.0242609
1.1589e-10	0.0241355
1.1601e-10	0.024
1.1613e-10	0.0238547
1.1625e-10	0.0237
1.1637e-10	0.0235364
1.16489e-10	0.0233643
1.16609e-10	0.0231841
1.16729e-10	0.0229961
1.16849e-10	0.0228008
1.16968e-10	0.0225984
1.17088e-10	0.0223894
1.17208e-10	0.0221742
1.17328e-10	0.021953
1.17448e-10	0.0217263
1.17567e-10	0.0214943
1.17687e-10	0.0212574
1.17807e-10	0.021016
1.17927e-10	0.0207702
1.18047e-10	0.0205205
1.18166e-10	0.020267
1.18286e-10	0.0200102
1.18406e-10	0.0197503
1.18526e-10	0.0194876
1.18645e-10	0.0192223
1.18765e-10	0.0189547
1.18885e-10	0.0186851
1.19005e-10	0.0184136
1.19125e-10	0.0181406
1.19244e-10	0.0178663
1.19364e-10	0.0175909
1.19484e-10	0.0173146
1.19604e-10	0.0170376
1.19723e-10	0.0167601
1.19843e-10	0.0164824
1.19963e-10	0.0162046
1.20083e-10	0.015927
1.20203e-10	0.0156496
1.20322e-10	0.0153726
1.20442e-10	0.0150963
1.20562e-10	0.0148208
1.20682e-10	0.0145462
1.20802e-10	0.0142728
1.20921e-10	0.0140005
1.21041e-10	0.0137296
1.21161e-10	0.0134602
1.21281e-10	0.0131924
1.214e-10	0.0129264
1.2152e-10	0.0126622
1.2164e-10	0.0124
1.2176e-10	0.0121399
1.2188e-10	0.0118819
1.21999e-10	0.0116262
1.22119e-10	0.0113728
1.22239e-10	0.0111219
1.22359e-10	0.0108734
1.22479e-10	0.0106276
1.22598e-10	0.0103844
1.22718e-10	0.0101439
1.22838e-10	0.00990623
1.22958e-10	0.00967138
1.23077e-10	0.00943943
1.23197e-10	0.00921041
1.23317e-10	0.00898437
1.23437e-10	0.00876137
1.23557e-10	0.00854143
1.23676e-10	0.00832459
1.23796e-10	0.00811088
1.23916e-10	0.00790032
1.24036e-10	0.00769295
1.24155e-10	0.00748878
1.24275e-10	0.00728783
1.24395e-10	0.00709012
1.24515e-10	0.00689565
1.24635e-10	0.00670444
1.24754e-10	0.0065165
1.24874e-10	0.00633181
1.24994e-10	0.0061504
1.25114e-10	0.00597226
1.25234e-10	0.00579738
1.25353e-10	0.00562576
1.25473e-10	0.00545739
1.25593e-10	0.00529226
1.25713e-10	0.00513036
1.25832e-10	0.00497168
1.25952e-10	0.0048162
1.26072e-10	0.0046639
1.26192e-10	0.00451476
1.26312e-10	0.00436877
1.26431e-10	0.0042259
1.26551e-10	0.00408613
1.26671e-10	0.00394943
1.26791e-10	0.00381578
1.2691e-10	0.00368515
1.2703e-10	0.00355751
1.2715e-10	0.00343283
1.2727e-10	0.00331108
1.2739e-10	0.00319223
1.27509e-10	0.00307625
1.27629e-10	0.0029631
1.27749e-10	0.00285275
1.27869e-10	0.00274516
1.27989e-10	0.0026403
1.28108e-10	0.00253813
1.28228e-10	0.00243862
1.28348e-10	0.00234172
1.28468e-10	0.0022474
1.28587e-10	0.00215563
1.28707e-10	0.00206635
1.28827e-10	0.00197954
1.28947e-10	0.00189515
1.29067e-10	0.00181315
1.29186e-10	0.00173349
1.29306e-10	0.00165614
1.29426e-10	0.00158104
1.29546e-10	0.00150818
1.29666e-10	0.00143749
1.29785e-10	0.00136895
1.29905e-10	0.00130251
1.30025e-10	0.00123813
1.30145e-10	0.00117578
1.30264e-10	0.0011154
1.30384e-10	0.00105697
1.30504e-10	0.00100044
1.30624e-10	0.000945771
1.30744e-10	0.000892926
1.30863e-10	0.000841863
1.30983e-10	0.000792545
1.31103e-10	0.000744932
1.31223e-10	0.000698987
1.31342e-10	0.00065467
1.31462e-10	0.000611944
1.31582e-10	0.000570771
1.31702e-10	0.000531115
1.31822e-10	0.000492938
1.31941e-10	0.000456205
1.32061e-10	0.000420879
1.32181e-10	0.000386924
1.32301e-10	0.000354306
1.32421e-10	0.00032299
1.3254e-10	0.000292941
1.3266e-10	0.000264127
1.3278e-10	0.000236513
1.329e-10	0.000210067
1.33019e-10	0.000184756
1.33139e-10	0.000160548
1.33259e-10	0.000137413
1.33379e-10	0.00011532
1.33499e-10	9.42367e-05
1.33618e-10	7.41351e-05
1.33738e-10	5.49853e-05
1.33858e-10	3.67585e-05
1.33978e-10	1.94265e-05
1.34098e-10	2.96139e-06
1.34217e-10	-1.2664e-05
1.34337e-10	-2.74764e-05
1.34457e-10	-4.1502e-05
1.34577e-10	-5.47666e-05
1.34696e-10	-6.72952e-05
1.34816e-10	-7.91125e-05
1.34936e-10	-9.02427e-05
1.35056e-10	-0.000100709
1.35176e-10	-0.000110536
1.35295e-10	-0.000119744
1.35415e-10	-0.000128357
1.35535e-10	-0.000136395
1.35655e-10	-0.00014388
1.35774e-10	-0.000150833
1.35894e-10	-0.000157273
1.36014e-10	-0.00016322
1.36134e-10	-0.000168694
1.36254e-10	-0.000173712
1.36373e-10	-0.000178293
1.36493e-10	-0.000182455
1.36613e-10	-0.000186215
1.36733e-10	-0.00018959
1.36853e-10	-0.000192595
1.36972e-10	-0.000195248
1.37092e-10	-0.000197562
1.37212e-10	-0.000199554
1.37332e-10	-0.000201238
1.37451e-10	-0.000202627
1.37571e-10	-0.000203737
1.37691e-10	-0.000204579
1.37811e-10	-0.000205167
1.37931e-10	-0.000205514
1.3805e-10	-0.000205631
1.3817e-10	-0.00020553
1.3829e-10	-0.000205223
1.3841e-10	-0.000204721
1.38529e-10	-0.000204035
1.38649e-10	-0.000203174
1.38769e-10	-0.000202148
1.38889e-10	-0.000200968
1.39009e-10	-0.000199643
1.39128e-10	-0.000198181
1.39248e-10	-0.000196591
1.39368e-10	-0.000194882
1.39488e-10	-0.000193061
1.39608e-10	-0.000191137
1.39727e-10	-0.000189116
1.39847e-10	-0.000187007
1.39967e-10	-0.000184815
1.40087e-10	-0.000182547
1.40206e-10	-0.000180211
1.40326e-10	-0.000177811
1.40446e-10	-0.000175354
1.40566e-10	-0.000172845
1.40686e-10	-0.00017029
1.40805e-10	-0.000167694
1.40925e-10	-0.000165062
1.41045e-10	-0.000162399
1.41165e-10	-0.000159708
1.41285e-10	-0.000156994
1.41404e-10	-0.000154262
1.41524e-10	-0.000151516
1.41644e-10	-0.000148758
1.41764e-10	-0.000145993
1.41883e-10	-0.000143223
1.42003e-10	-0.000140453
1.42123e-10	-0.000137685
1.42243e-10	-0.000134921
1.42363e-10	-0.000132165
1.42482e-10	-0.00012942
1.42602e-10	-0.000126687
1.42722e-10	-0.000123968
1.42842e-10	-0.000121267
1.42961e-10	-0.000118584
1.43081e-10	-0.000115923
1.43201e-10	-0.000113284
