% time-domain current integration by openEMS v0.0.36-93-g7b9cd51 @Thu Sep 17 09:57:40 2026
% start-coordinates: (0.0485,-0.00025,1.38778e-20) m -> [160,13,20]
% stop-coordinates: (0.0487645,0,1.38778e-20) m -> [161,14,20]
% t/s	current
5.98916939263e-14	0
3.1742597781e-12	0
6.28862786226e-12	0
9.40299594643e-12	0
1.25173640306e-11	0
1.56317321148e-11	0
1.87461001989e-11	0
2.18604682831e-11	0
2.49748363673e-11	0
2.80892044514e-11	0
3.12035725356e-11	0
3.43179406198e-11	0
3.7432308704e-11	0
4.05466767881e-11	0
4.36610448723e-11	0
4.67754129565e-11	0
4.98897810406e-11	0
5.30041491248e-11	0
5.6118517209e-11	0
5.92328852931e-11	0
6.23472533773e-11	0
6.54616214615e-11	0
6.85759895457e-11	0
7.16903576298e-11	0
7.4804725714e-11	0
7.79190937982e-11	0
8.10334618823e-11	0
8.41478299665e-11	0
8.72621980507e-11	0
9.03765661348e-11	0
9.3490934219e-11	0
9.66053023032e-11	0
9.97196703873e-11	0
1.02834038472e-10	0
1.05948406556e-10	0
1.0906277464e-10	0
1.12177142724e-10	0
1.15291510808e-10	0
1.18405878892e-10	0
1.21520246977e-10	0
1.24634615061e-10	0
1.27748983145e-10	0
1.30863351229e-10	0
1.33977719313e-10	0
1.37092087397e-10	0
1.40206455482e-10	0
1.43320823566e-10	0
1.4643519165e-10	0
1.49549559734e-10	0
1.52663927818e-10	0
1.55778295902e-10	0
1.58892663987e-10	0
1.62007032071e-10	0
1.65121400155e-10	0
1.68235768239e-10	0
1.71350136323e-10	0
1.74464504407e-10	0
1.77578872492e-10	0
1.80693240576e-10	0
1.8380760866e-10	0
1.86921976744e-10	0
1.90036344828e-10	0
1.93150712912e-10	0
1.96265080997e-10	0
1.99379449081e-10	0
2.02493817165e-10	0
2.05608185249e-10	0
2.08722553333e-10	0
2.11836921417e-10	0
2.14951289502e-10	0
2.18065657586e-10	0
2.2118002567e-10	0
2.24294393754e-10	0
2.27408761838e-10	0
2.30523129922e-10	0
2.33637498007e-10	0
2.36751866091e-10	0
2.39866234175e-10	0
2.42980602259e-10	0
2.46094970343e-10	0
2.49209338427e-10	0
2.52323706512e-10	0
2.55438074596e-10	0
2.5855244268e-10	0
2.61666810764e-10	0
2.64781178848e-10	0
2.67895546932e-10	0
2.71009915017e-10	0
2.74124283101e-10	0
2.77238651185e-10	0
2.80353019269e-10	0
2.83467387353e-10	0
2.86581755438e-10	0
2.89696123522e-10	0
2.92810491606e-10	0
2.9592485969e-10	0
2.99039227774e-10	0
3.02153595858e-10	0
3.05267963943e-10	0
3.08382332027e-10	0
3.11496700111e-10	0
3.14611068195e-10	0
3.17725436279e-10	0
3.20839804363e-10	0
3.23954172448e-10	0
3.27068540532e-10	0
3.30182908616e-10	0
3.332972767e-10	0
3.36411644784e-10	0
3.39526012868e-10	0
3.42640380953e-10	0
3.45754749037e-10	0
3.48869117121e-10	0
3.51983485205e-10	0
3.55097853289e-10	0
3.58212221373e-10	0
3.61326589458e-10	0
3.64440957542e-10	0
3.67555325626e-10	0
3.7066969371e-10	0
3.73784061794e-10	0
3.76898429878e-10	0
3.80012797963e-10	0
3.83127166047e-10	0
3.86241534131e-10	0
3.89355902215e-10	0
3.92470270299e-10	0
3.95584638383e-10	0
3.98699006468e-10	0
4.01813374552e-10	0
4.04927742636e-10	0
4.0804211072e-10	0
4.11156478804e-10	0
4.14270846888e-10	0
4.17385214973e-10	0
4.20499583057e-10	0
4.23613951141e-10	0
4.26728319225e-10	0
4.29842687309e-10	0
4.32957055393e-10	0
4.36071423478e-10	0
4.39185791562e-10	0
4.42300159646e-10	0
4.4541452773e-10	0
4.48528895814e-10	0
4.51643263898e-10	0
4.54757631983e-10	0
4.57872000067e-10	0
4.60986368151e-10	0
4.64100736235e-10	0
4.67215104319e-10	0
4.70329472403e-10	0
4.73443840488e-10	0
4.76558208572e-10	0
4.79672576656e-10	0
4.8278694474e-10	0
4.85901312824e-10	0
4.89015680909e-10	0
4.92130048993e-10	0
4.95244417077e-10	0
4.98358785161e-10	0
5.01473153245e-10	0
5.04587521329e-10	0
5.07701889414e-10	0
5.10816257498e-10	0
5.13930625582e-10	0
5.17044993666e-10	0
5.2015936175e-10	0
5.23273729834e-10	0
5.26388097919e-10	0
5.29502466003e-10	0
5.32616834087e-10	0
5.35731202171e-10	0
5.38845570255e-10	0
5.41959938339e-10	0
5.45074306424e-10	0
5.48188674508e-10	0
5.51303042592e-10	0
5.54417410676e-10	0
5.5753177876e-10	0
5.60646146844e-10	0
5.63760514929e-10	0
5.66874883013e-10	0
5.69989251097e-10	0
5.73103619181e-10	0
5.76217987265e-10	0
5.79332355349e-10	0
5.82446723434e-10	0
5.85561091518e-10	0
5.88675459602e-10	0
5.91789827686e-10	0
5.9490419577e-10	0
5.98018563854e-10	0
6.01132931939e-10	0
6.04247300023e-10	0
6.07361668107e-10	0
6.10476036191e-10	0
6.13590404275e-10	0
6.16704772359e-10	0
6.19819140444e-10	0
6.22933508528e-10	0
6.26047876612e-10	0
6.29162244696e-10	0
6.3227661278e-10	0
6.35390980864e-10	0
6.38505348949e-10	0
6.41619717033e-10	0
6.44734085117e-10	0
6.47848453201e-10	0
6.50962821285e-10	0
6.54077189369e-10	0
6.57191557454e-10	0
6.60305925538e-10	0
6.63420293622e-10	0
6.66534661706e-10	0
6.6964902979e-10	0
6.72763397874e-10	0
6.75877765959e-10	0
6.78992134043e-10	0
6.82106502127e-10	0
6.85220870211e-10	0
6.88335238295e-10	0
6.9144960638e-10	0
6.94563974464e-10	0
6.97678342548e-10	0
7.00792710632e-10	0
7.03907078716e-10	0
7.070214468e-10	0
7.10135814885e-10	0
7.13250182969e-10	0
7.16364551053e-10	0
7.19478919137e-10	0
7.22593287221e-10	0
7.25707655305e-10	0
7.2882202339e-10	0
7.31936391474e-10	0
7.35050759558e-10	0
7.38165127642e-10	0
7.41279495726e-10	0
7.4439386381e-10	0
7.47508231895e-10	0
7.50622599979e-10	0
7.53736968063e-10	0
7.56851336147e-10	0
7.59965704231e-10	0
7.63080072315e-10	0
7.661944404e-10	0
7.69308808484e-10	0
7.72423176568e-10	0
7.75537544652e-10	0
7.78651912736e-10	0
7.8176628082e-10	0
7.84880648905e-10	0
7.87995016989e-10	0
7.91109385073e-10	0
7.94223753157e-10	0
7.97338121241e-10	0
8.00452489325e-10	0
8.0356685741e-10	0
8.06681225494e-10	0
8.09795593578e-10	0
8.12909961662e-10	0
8.16024329746e-10	0
8.1913869783e-10	0
8.22253065915e-10	0
8.25367433999e-10	0
8.28481802083e-10	0
8.31596170167e-10	0
8.34710538251e-10	0
8.37824906335e-10	0
8.4093927442e-10	0
8.44053642504e-10	0
8.47168010588e-10	0
8.50282378672e-10	0
8.53396746756e-10	0
8.5651111484e-10	0
8.59625482925e-10	0
8.62739851009e-10	0
8.65854219093e-10	0
8.68968587177e-10	0
8.72082955261e-10	0
8.75197323345e-10	0
8.7831169143e-10	0
8.81426059514e-10	0
8.84540427598e-10	0
8.87654795682e-10	0
8.90769163766e-10	0
8.93883531851e-10	0
8.96997899935e-10	0
9.00112268019e-10	0
9.03226636103e-10	0
9.06341004187e-10	0
9.09455372271e-10	0
9.12569740356e-10	0
9.1568410844e-10	0
9.18798476524e-10	0
9.21912844608e-10	0
9.25027212692e-10	0
9.28141580776e-10	0
9.31255948861e-10	0
9.34370316945e-10	0
9.37484685029e-10	0
9.40599053113e-10	0
9.43713421197e-10	0
9.46827789281e-10	0
9.49942157366e-10	0
9.5305652545e-10	0
9.56170893534e-10	0
9.59285261618e-10	0
9.62399629702e-10	0
9.65513997786e-10	0
9.68628365871e-10	0
9.71742733955e-10	0
9.74857102039e-10	0
9.77971470123e-10	0
9.81085838207e-10	0
9.84200206291e-10	0
9.87314574376e-10	0
9.9042894246e-10	0
9.93543310544e-10	0
9.96657678628e-10	0
9.99772046712e-10	0
1.0028864148e-09	0
1.00600078288e-09	0
1.00911515096e-09	0
1.01222951905e-09	0
1.01534388713e-09	0
1.01845825522e-09	0
1.0215726233e-09	0
1.02468699139e-09	0
1.02780135947e-09	0
1.03091572755e-09	0
1.03403009564e-09	0
1.03714446372e-09	0
1.04025883181e-09	0
1.04337319989e-09	0
1.04648756797e-09	0
1.04960193606e-09	0
1.05271630414e-09	0
1.05583067223e-09	0
1.05894504031e-09	0
1.0620594084e-09	0
1.06517377648e-09	0
1.06828814456e-09	0
1.07140251265e-09	0
1.07451688073e-09	0
1.07763124882e-09	0
1.0807456169e-09	0
1.08385998498e-09	0
1.08697435307e-09	0
1.09008872115e-09	0
1.09320308924e-09	0
1.09631745732e-09	0
1.09943182541e-09	0
1.10254619349e-09	0
1.10566056157e-09	0
1.10877492966e-09	0
1.11188929774e-09	0
1.11500366583e-09	0
1.11811803391e-09	0
1.12123240199e-09	0
1.12434677008e-09	0
1.12746113816e-09	0
1.13057550625e-09	0
1.13368987433e-09	0
1.13680424242e-09	0
1.1399186105e-09	0
1.14303297858e-09	0
1.14614734667e-09	0
1.14926171475e-09	0
1.15237608284e-09	0
1.15549045092e-09	0
1.158604819e-09	0
1.16171918709e-09	0
1.16483355517e-09	0
1.16794792326e-09	0
1.17106229134e-09	0
1.17417665943e-09	0
1.17729102751e-09	0
1.18040539559e-09	0
1.18351976368e-09	0
1.18663413176e-09	0
1.18974849985e-09	0
1.19286286793e-09	0
1.19597723601e-09	0
1.1990916041e-09	0
1.20220597218e-09	0
1.20532034027e-09	0
1.20843470835e-09	0
1.21154907644e-09	0
1.21466344452e-09	0
1.2177778126e-09	0
1.22089218069e-09	0
1.22400654877e-09	0
1.22712091686e-09	0
1.23023528494e-09	0
1.23334965302e-09	0
1.23646402111e-09	0
1.23957838919e-09	0
1.24269275728e-09	0
1.24580712536e-09	0
1.24892149345e-09	0
1.25203586153e-09	0
1.25515022961e-09	0
1.2582645977e-09	0
1.26137896578e-09	0
1.26449333387e-09	0
1.26760770195e-09	0
1.27072207003e-09	0
1.27383643812e-09	0
1.2769508062e-09	0
1.28006517429e-09	0
1.28317954237e-09	0
1.28629391046e-09	0
1.28940827854e-09	0
1.29252264662e-09	0
1.29563701471e-09	0
1.29875138279e-09	0
1.30186575088e-09	0
1.30498011896e-09	0
1.30809448705e-09	0
1.31120885513e-09	0
1.31432322321e-09	0
1.3174375913e-09	0
1.32055195938e-09	0
1.32366632747e-09	0
1.32678069555e-09	0
1.32989506363e-09	0
1.33300943172e-09	0
1.3361237998e-09	0
1.33923816789e-09	0
1.34235253597e-09	0
1.34546690406e-09	0
1.34858127214e-09	0
1.35169564022e-09	0
1.35481000831e-09	0
1.35792437639e-09	0
1.36103874448e-09	0
1.36415311256e-09	0
1.36726748064e-09	0
1.37038184873e-09	0
1.37349621681e-09	0
1.3766105849e-09	0
1.37972495298e-09	0
1.38283932107e-09	0
1.38595368915e-09	0
1.38906805723e-09	0
1.39218242532e-09	0
1.3952967934e-09	0
1.39841116149e-09	0
1.40152552957e-09	0
1.40463989765e-09	0
1.40775426574e-09	0
1.41086863382e-09	0
1.41398300191e-09	0
1.41709736999e-09	0
1.42021173808e-09	0
1.42332610616e-09	0
1.42644047424e-09	0
1.42955484233e-09	0
1.43266921041e-09	0
1.4357835785e-09	0
1.43889794658e-09	0
1.44201231466e-09	0
1.44512668275e-09	0
1.44824105083e-09	0
1.45135541892e-09	0
1.454469787e-09	0
1.45758415509e-09	0
1.46069852317e-09	0
1.46381289125e-09	0
1.46692725934e-09	0
1.47004162742e-09	0
1.47315599551e-09	0
1.47627036359e-09	0
1.47938473167e-09	0
1.48249909976e-09	0
1.48561346784e-09	0
1.48872783593e-09	0
1.49184220401e-09	0
1.4949565721e-09	0
1.49807094018e-09	0
1.50118530826e-09	0
1.50429967635e-09	0
1.50741404443e-09	0
1.51052841252e-09	0
1.5136427806e-09	0
1.51675714868e-09	0
1.51987151677e-09	0
1.52298588485e-09	0
1.52610025294e-09	0
1.52921462102e-09	0
1.53232898911e-09	0
1.53544335719e-09	0
1.53855772527e-09	0
1.54167209336e-09	0
1.54478646144e-09	0
1.54790082953e-09	0
1.55101519761e-09	0
1.55412956569e-09	0
1.55724393378e-09	0
1.56035830186e-09	0
1.56347266995e-09	0
1.56658703803e-09	0
1.56970140612e-09	0
1.5728157742e-09	0
1.57593014228e-09	0
1.57904451037e-09	0
1.58215887845e-09	0
1.58527324654e-09	0
1.58838761462e-09	0
1.5915019827e-09	0
1.59461635079e-09	0
1.59773071887e-09	0
1.60084508696e-09	0
1.60395945504e-09	0
1.60707382313e-09	0
1.61018819121e-09	0
1.61330255929e-09	0
1.61641692738e-09	0
1.61953129546e-09	0
1.62264566355e-09	0
1.62576003163e-09	0
1.62887439971e-09	0
1.6319887678e-09	0
1.63510313588e-09	0
1.63821750397e-09	0
1.64133187205e-09	0
1.64444624014e-09	0
1.64756060822e-09	0
1.6506749763e-09	0
1.65378934439e-09	0
1.65690371247e-09	0
1.66001808056e-09	0
1.66313244864e-09	0
1.66624681672e-09	0
1.66936118481e-09	0
1.67247555289e-09	0
1.67558992098e-09	0
1.67870428906e-09	0
1.68181865715e-09	0
1.68493302523e-09	0
1.68804739331e-09	0
1.6911617614e-09	0
1.69427612948e-09	0
1.69739049757e-09	0
1.70050486565e-09	0
1.70361923373e-09	0
1.70673360182e-09	0
1.7098479699e-09	0
1.71296233799e-09	0
1.71607670607e-09	0
1.71919107416e-09	0
1.72230544224e-09	0
1.72541981032e-09	0
1.72853417841e-09	0
1.73164854649e-09	0
1.73476291458e-09	0
1.73787728266e-09	0
1.74099165074e-09	0
1.74410601883e-09	0
1.74722038691e-09	0
1.750334755e-09	0
1.75344912308e-09	0
1.75656349117e-09	0
1.75967785925e-09	0
1.76279222733e-09	0
1.76590659542e-09	0
1.7690209635e-09	0
1.77213533159e-09	0
1.77524969967e-09	0
1.77836406775e-09	0
1.78147843584e-09	0
1.78459280392e-09	0
1.78770717201e-09	0
1.79082154009e-09	0
1.79393590818e-09	0
1.79705027626e-09	0
1.80016464434e-09	0
1.80327901243e-09	0
1.80639338051e-09	0
1.8095077486e-09	0
1.81262211668e-09	0
1.81573648476e-09	0
1.81885085285e-09	0
1.82196522093e-09	0
1.82507958902e-09	0
1.8281939571e-09	0
1.83130832519e-09	0
1.83442269327e-09	0
1.83753706135e-09	0
1.84065142944e-09	0
1.84376579752e-09	0
1.84688016561e-09	0
1.84999453369e-09	0
1.85310890177e-09	0
1.85622326986e-09	0
1.85933763794e-09	0
1.86245200603e-09	0
1.86556637411e-09	0
1.8686807422e-09	0
1.87179511028e-09	0
1.87490947836e-09	0
1.87802384645e-09	0
1.88113821453e-09	0
1.88425258262e-09	0
1.8873669507e-09	0
1.89048131878e-09	0
1.89359568687e-09	0
1.89671005495e-09	0
1.89982442304e-09	0
1.90293879112e-09	0
1.90605315921e-09	0
1.90916752729e-09	0
1.91228189537e-09	0
1.91539626346e-09	0
1.91851063154e-09	0
1.92162499963e-09	0
1.92473936771e-09	0
1.92785373579e-09	0
1.93096810388e-09	0
1.93408247196e-09	0
1.93719684005e-09	0
1.94031120813e-09	0
1.94342557622e-09	0
1.9465399443e-09	0
1.94965431238e-09	0
1.95276868047e-09	0
1.95588304855e-09	0
1.95899741664e-09	0
1.96211178472e-09	0
1.9652261528e-09	0
1.96834052089e-09	0
1.97145488897e-09	0
1.97456925706e-09	0
1.97768362514e-09	0
1.98079799323e-09	0
1.98391236131e-09	0
1.98702672939e-09	0
1.99014109748e-09	0
1.99325546556e-09	0
1.99636983365e-09	0
1.99948420173e-09	0
2.00259856981e-09	0
2.0057129379e-09	0
2.00882730598e-09	0
2.01194167407e-09	0
2.01505604215e-09	0
2.01817041024e-09	0
2.02128477832e-09	0
2.0243991464e-09	0
2.02751351449e-09	0
2.03062788257e-09	0
2.03374225066e-09	0
2.03685661874e-09	0
2.03997098682e-09	0
2.04308535491e-09	0
2.04619972299e-09	0
2.04931409108e-09	0
2.05242845916e-09	0
2.05554282725e-09	0
2.05865719533e-09	0
2.06177156341e-09	0
2.0648859315e-09	0
2.06800029958e-09	0
2.07111466767e-09	0
2.07422903575e-09	0
2.07734340383e-09	0
2.08045777192e-09	0
2.08357214e-09	0
2.08668650809e-09	0
2.08980087617e-09	0
2.09291524426e-09	0
2.09602961234e-09	0
2.09914398042e-09	0
2.10225834851e-09	0
2.10537271659e-09	0
2.10848708468e-09	0
2.11160145276e-09	0
2.11471582084e-09	0
2.11783018893e-09	0
2.12094455701e-09	0
2.1240589251e-09	0
2.12717329318e-09	0
2.13028766127e-09	0
2.13340202935e-09	0
2.13651639743e-09	0
2.13963076552e-09	0
2.1427451336e-09	0
2.14585950169e-09	0
2.14897386977e-09	0
2.15208823785e-09	0
2.15520260594e-09	0
2.15831697402e-09	0
2.16143134211e-09	0
2.16454571019e-09	0
2.16766007828e-09	0
2.17077444636e-09	0
2.17388881444e-09	0
2.17700318253e-09	0
2.18011755061e-09	0
2.1832319187e-09	0
2.18634628678e-09	0
2.18946065486e-09	0
2.19257502295e-09	0
2.19568939103e-09	0
2.19880375912e-09	0
2.2019181272e-09	0
2.20503249529e-09	0
2.20814686337e-09	0
2.21126123145e-09	0
2.21437559954e-09	0
2.21748996762e-09	0
2.22060433571e-09	0
2.22371870379e-09	0
2.22683307187e-09	0
2.22994743996e-09	0
2.23306180804e-09	0
2.23617617613e-09	0
2.23929054421e-09	0
2.2424049123e-09	0
2.24551928038e-09	0
2.24863364846e-09	0
2.25174801655e-09	0
2.25486238463e-09	0
2.25797675272e-09	0
2.2610911208e-09	0
2.26420548888e-09	0
2.26731985697e-09	0
2.27043422505e-09	0
2.27354859314e-09	0
2.27666296122e-09	0
2.27977732931e-09	0
2.28289169739e-09	0
2.28600606547e-09	0
2.28912043356e-09	0
2.29223480164e-09	0
2.29534916973e-09	0
2.29846353781e-09	0
2.3015779059e-09	0
2.30469227398e-09	0
2.30780664206e-09	0
2.31092101015e-09	0
2.31403537823e-09	0
2.31714974632e-09	0
2.3202641144e-09	0
2.32337848248e-09	0
2.32649285057e-09	0
2.32960721865e-09	0
2.33272158674e-09	0
2.33583595482e-09	0
2.33895032291e-09	0
2.34206469099e-09	0
2.34517905907e-09	0
2.34829342716e-09	0
2.35140779524e-09	0
2.35452216333e-09	0
2.35763653141e-09	0
2.36075089949e-09	0
2.36386526758e-09	0
2.36697963566e-09	0
2.37009400375e-09	0
2.37320837183e-09	0
2.37632273992e-09	0
2.379437108e-09	0
2.38255147608e-09	0
2.38566584417e-09	0
2.38878021225e-09	0
2.39189458034e-09	0
2.39500894842e-09	0
2.3981233165e-09	0
2.40123768459e-09	0
2.40435205267e-09	0
2.40746642076e-09	0
2.41058078884e-09	0
2.41369515693e-09	0
2.41680952501e-09	0
2.41992389309e-09	0
2.42303826118e-09	0
2.42615262926e-09	0
2.42926699735e-09	0
2.43238136543e-09	0
2.43549573351e-09	0
2.4386101016e-09	0
2.44172446968e-09	0
2.44483883777e-09	0
2.44795320585e-09	0
2.45106757394e-09	0
2.45418194202e-09	0
2.4572963101e-09	0
2.46041067819e-09	0
2.46352504627e-09	0
2.46663941436e-09	0
2.46975378244e-09	0
2.47286815052e-09	0
2.47598251861e-09	0
2.47909688669e-09	0
2.48221125478e-09	0
2.48532562286e-09	0
2.48843999095e-09	0
2.49155435903e-09	0
2.49466872711e-09	0
2.4977830952e-09	0
2.50089746328e-09	0
2.50401183137e-09	0
2.50712619945e-09	0
2.51024056753e-09	0
2.51335493562e-09	0
2.5164693037e-09	0
2.51958367179e-09	0
2.52269803987e-09	0
2.52581240796e-09	0
2.52892677604e-09	0
2.53204114412e-09	0
2.53515551221e-09	0
2.53826988029e-09	0
2.54138424838e-09	0
2.54449861646e-09	0
2.54761298454e-09	0
2.55072735263e-09	0
2.55384172071e-09	0
2.5569560888e-09	0
2.56007045688e-09	0
2.56318482497e-09	0
2.56629919305e-09	0
2.56941356113e-09	0
2.57252792922e-09	0
2.5756422973e-09	0
2.57875666539e-09	0
2.58187103347e-09	0
2.58498540155e-09	0
2.58809976964e-09	0
2.59121413772e-09	0
2.59432850581e-09	0
2.59744287389e-09	0
2.60055724198e-09	0
2.60367161006e-09	0
2.60678597814e-09	0
2.60990034623e-09	0
2.61301471431e-09	0
2.6161290824e-09	0
2.61924345048e-09	0
2.62235781856e-09	0
2.62547218665e-09	0
2.62858655473e-09	0
2.63170092282e-09	0
2.6348152909e-09	0
2.63792965899e-09	0
2.64104402707e-09	0
2.64415839515e-09	0
2.64727276324e-09	0
2.65038713132e-09	0
2.65350149941e-09	0
2.65661586749e-09	0
2.65973023557e-09	0
2.66284460366e-09	0
2.66595897174e-09	0
2.66907333983e-09	0
2.67218770791e-09	0
2.675302076e-09	0
2.67841644408e-09	0
2.68153081216e-09	0
2.68464518025e-09	0
2.68775954833e-09	0
2.69087391642e-09	0
2.6939882845e-09	0
2.69710265258e-09	0
2.70021702067e-09	0
2.70333138875e-09	0
2.70644575684e-09	0
2.70956012492e-09	0
2.71267449301e-09	0
2.71578886109e-09	0
2.71890322917e-09	0
2.72201759726e-09	0
2.72513196534e-09	0
2.72824633343e-09	0
2.73136070151e-09	0
2.73447506959e-09	0
2.73758943768e-09	0
2.74070380576e-09	0
2.74381817385e-09	0
2.74693254193e-09	0
2.75004691002e-09	0
2.7531612781e-09	0
2.75627564618e-09	0
2.75939001427e-09	0
2.76250438235e-09	0
2.76561875044e-09	0
2.76873311852e-09	0
2.7718474866e-09	0
2.77496185469e-09	0
2.77807622277e-09	0
2.78119059086e-09	0
2.78430495894e-09	0
2.78741932703e-09	0
2.79053369511e-09	0
2.79364806319e-09	0
2.79676243128e-09	0
2.79987679936e-09	0
2.80299116745e-09	0
2.80610553553e-09	0
2.80921990361e-09	0
2.8123342717e-09	0
2.81544863978e-09	0
2.81856300787e-09	0
2.82167737595e-09	0
2.82479174404e-09	0
2.82790611212e-09	0
2.8310204802e-09	0
2.83413484829e-09	0
2.83724921637e-09	0
2.84036358446e-09	0
2.84347795254e-09	0
2.84659232062e-09	0
2.84970668871e-09	0
2.85282105679e-09	0
2.85593542488e-09	0
2.85904979296e-09	0
2.86216416105e-09	0
2.86527852913e-09	0
2.86839289721e-09	0
2.8715072653e-09	0
2.87462163338e-09	0
2.87773600147e-09	0
2.88085036955e-09	0
2.88396473763e-09	0
2.88707910572e-09	0
2.8901934738e-09	0
2.89330784189e-09	0
2.89642220997e-09	0
2.89953657806e-09	0
2.90265094614e-09	0
2.90576531422e-09	0
2.90887968231e-09	0
2.91199405039e-09	0
2.91510841848e-09	0
2.91822278656e-09	0
2.92133715464e-09	0
2.92445152273e-09	0
2.92756589081e-09	0
2.9306802589e-09	0
2.93379462698e-09	0
2.93690899507e-09	0
2.94002336315e-09	0
2.94313773123e-09	0
2.94625209932e-09	0
2.9493664674e-09	0
2.95248083549e-09	0
2.95559520357e-09	0
2.95870957165e-09	0
2.96182393974e-09	0
2.96493830782e-09	0
2.96805267591e-09	0
2.97116704399e-09	0
2.97428141208e-09	0
2.97739578016e-09	0
2.98051014824e-09	0
2.98362451633e-09	0
2.98673888441e-09	0
2.9898532525e-09	0
2.99296762058e-09	0
2.99608198866e-09	0
2.99919635675e-09	0
3.00231072483e-09	0
3.00542509292e-09	0
3.008539461e-09	0
3.01165382909e-09	0
3.01476819717e-09	0
3.01788256525e-09	0
3.02099693334e-09	0
3.02411130142e-09	0
3.02722566951e-09	0
3.03034003759e-09	0
3.03345440567e-09	0
3.03656877376e-09	0
3.03968314184e-09	0
3.04279750993e-09	0
3.04591187801e-09	0
3.0490262461e-09	0
3.05214061418e-09	0
3.05525498226e-09	0
3.05836935035e-09	0
3.06148371843e-09	0
3.06459808652e-09	0
3.0677124546e-09	0
3.07082682268e-09	0
3.07394119077e-09	0
3.07705555885e-09	0
3.08016992694e-09	0
3.08328429502e-09	0
3.08639866311e-09	0
3.08951303119e-09	0
3.09262739927e-09	0
3.09574176736e-09	0
3.09885613544e-09	0
3.10197050353e-09	0
3.10508487161e-09	0
3.10819923969e-09	0
3.11131360778e-09	0
3.11442797586e-09	0
3.11754234395e-09	0
3.12065671203e-09	0
3.12377108012e-09	0
3.1268854482e-09	0
3.12999981628e-09	0
3.13311418437e-09	0
3.13622855245e-09	0
3.13934292054e-09	0
3.14245728862e-09	0
3.1455716567e-09	0
3.14868602479e-09	0
3.15180039287e-09	0
3.15491476096e-09	0
3.15802912904e-09	0
3.16114349713e-09	0
3.16425786521e-09	0
3.16737223329e-09	0
3.17048660138e-09	0
3.17360096946e-09	0
3.17671533755e-09	0
3.17982970563e-09	0
3.18294407371e-09	0
3.1860584418e-09	0
3.18917280988e-09	0
3.19228717797e-09	0
3.19540154605e-09	0
3.19851591414e-09	0
3.20163028222e-09	0
3.2047446503e-09	0
3.20785901839e-09	0
3.21097338647e-09	0
3.21408775456e-09	0
3.21720212264e-09	0
3.22031649072e-09	0
3.22343085881e-09	0
3.22654522689e-09	0
3.22965959498e-09	0
3.23277396306e-09	0
3.23588833115e-09	0
3.23900269923e-09	0
3.24211706731e-09	0
3.2452314354e-09	0
3.24834580348e-09	0
3.25146017157e-09	0
3.25457453965e-09	0
3.25768890774e-09	0
3.26080327582e-09	0
3.2639176439e-09	0
3.26703201199e-09	0
3.27014638007e-09	0
3.27326074816e-09	0
3.27637511624e-09	0
3.27948948432e-09	0
3.28260385241e-09	0
3.28571822049e-09	0
3.28883258858e-09	0
3.29194695666e-09	0
3.29506132475e-09	0
3.29817569283e-09	0
3.30129006091e-09	0
3.304404429e-09	0
3.30751879708e-09	0
3.31063316517e-09	0
3.31374753325e-09	0
3.31686190133e-09	0
3.31997626942e-09	0
3.3230906375e-09	0
3.32620500559e-09	0
3.32931937367e-09	0
3.33243374176e-09	0
3.33554810984e-09	0
3.33866247792e-09	0
3.34177684601e-09	0
3.34489121409e-09	0
3.34800558218e-09	0
3.35111995026e-09	0
3.35423431834e-09	0
3.35734868643e-09	0
3.36046305451e-09	0
3.3635774226e-09	0
3.36669179068e-09	0
3.36980615877e-09	0
3.37292052685e-09	0
3.37603489493e-09	0
3.37914926302e-09	0
3.3822636311e-09	0
3.38537799919e-09	0
3.38849236727e-09	0
3.39160673535e-09	0
3.39472110344e-09	0
3.39783547152e-09	0
3.40094983961e-09	0
3.40406420769e-09	0
3.40717857578e-09	0
3.41029294386e-09	0
3.41340731194e-09	0
3.41652168003e-09	0
3.41963604811e-09	0
3.4227504162e-09	0
3.42586478428e-09	0
3.42897915236e-09	0
3.43209352045e-09	0
3.43520788853e-09	0
3.43832225662e-09	0
3.4414366247e-09	0
3.44455099279e-09	0
3.44766536087e-09	0
3.45077972895e-09	0
3.45389409704e-09	0
3.45700846512e-09	0
3.46012283321e-09	0
3.46323720129e-09	0
3.46635156937e-09	0
3.46946593746e-09	0
3.47258030554e-09	0
3.47569467363e-09	0
3.47880904171e-09	0
3.4819234098e-09	0
3.48503777788e-09	0
3.48815214596e-09	0
3.49126651405e-09	0
3.49438088213e-09	0
3.49749525022e-09	0
3.5006096183e-09	0
3.50372398638e-09	0
3.50683835447e-09	0
3.50995272255e-09	0
3.51306709064e-09	0
3.51618145872e-09	0
3.51929582681e-09	0
3.52241019489e-09	0
3.52552456297e-09	0
3.52863893106e-09	0
3.53175329914e-09	0
3.53486766723e-09	0
3.53798203531e-09	0
3.54109640339e-09	0
3.54421077148e-09	0
3.54732513956e-09	0
3.55043950765e-09	0
3.55355387573e-09	0
3.55666824382e-09	0
3.5597826119e-09	0
3.56289697998e-09	0
3.56601134807e-09	0
3.56912571615e-09	0
3.57224008424e-09	0
3.57535445232e-09	0
3.5784688204e-09	0
3.58158318849e-09	0
3.58469755657e-09	0
3.58781192466e-09	0
3.59092629274e-09	0
