% time-domain current integration by openEMS v0.0.36-93-g7b9cd51 @Thu Sep 17 09:57:40 2026
% start-coordinates: (-0.0085,-0.00025,1.38778e-20) m -> [3,13,20]
% stop-coordinates: (-0.008,0,1.38778e-20) m -> [4,14,20]
% t/s	current
5.98916939263e-14	0
3.1742597781e-12	-1.21953513954e-09
6.28862786226e-12	-2.21498952513e-09
9.40299594643e-12	-8.80594708264e-10
1.25173640306e-11	7.43250927471e-09
1.56317321148e-11	3.07278646972e-08
1.87461001989e-11	7.94933470161e-08
2.18604682831e-11	1.62067550491e-07
2.49748363673e-11	2.74404413858e-07
2.80892044514e-11	3.84656686947e-07
3.12035725356e-11	4.17737396674e-07
3.43179406198e-11	2.50868708918e-07
3.7432308704e-11	-2.65711889824e-07
4.05466767881e-11	-1.25351391489e-06
4.36610448723e-11	-2.72229954135e-06
4.67754129565e-11	-4.48769378636e-06
4.98897810406e-11	-6.13750444245e-06
5.30041491248e-11	-7.09191499482e-06
5.6118517209e-11	-6.76977515468e-06
5.92328852931e-11	-4.81816050524e-06
6.23472533773e-11	-1.31195702124e-06
6.54616214615e-11	3.1805893741e-06
6.85759895457e-11	7.7251042967e-06
7.16903576298e-11	1.13118258014e-05
7.4804725714e-11	1.3195781321e-05
7.79190937982e-11	1.31407350636e-05
8.10334618823e-11	1.14634867714e-05
8.41478299665e-11	8.87041096576e-06
8.72621980507e-11	6.17363593847e-06
9.03765661348e-11	4.01677698392e-06
9.3490934219e-11	2.71756789516e-06
9.66053023032e-11	2.26227780331e-06
9.97196703873e-11	2.41556904257e-06
1.02834038472e-10	2.87035845759e-06
1.05948406556e-10	3.3686030747e-06
1.0906277464e-10	3.75896047444e-06
1.12177142724e-10	3.99454347644e-06
1.15291510808e-10	4.09706308346e-06
1.18405878892e-10	4.11509381593e-06
1.21520246977e-10	4.09456788475e-06
1.24634615061e-10	4.06573644796e-06
1.27748983145e-10	4.04274169341e-06
1.30863351229e-10	4.0288141463e-06
1.33977719313e-10	4.02219393436e-06
1.37092087397e-10	4.01985835197e-06
1.40206455482e-10	4.01948273065e-06
1.43320823566e-10	4.01974375563e-06
1.4643519165e-10	4.01940997108e-06
1.49549559734e-10	4.01909574066e-06
1.52663927818e-10	4.01876877731e-06
1.55778295902e-10	4.01846546083e-06
1.58892663987e-10	4.01816669182e-06
1.62007032071e-10	4.01784564019e-06
1.65121400155e-10	4.01754732593e-06
1.68235768239e-10	4.017234005e-06
1.71350136323e-10	4.01693387175e-06
1.74464504407e-10	4.01661964133e-06
1.77578872492e-10	4.01631450586e-06
1.80693240576e-10	4.01598890676e-06
1.8380760866e-10	4.0156819523e-06
1.86921976744e-10	4.01535680794e-06
1.90036344828e-10	4.01503530156e-06
1.93150712912e-10	4.01471743317e-06
1.96265080997e-10	4.01439729103e-06
1.99379449081e-10	4.01407442041e-06
2.02493817165e-10	4.01376473746e-06
2.05608185249e-10	4.01345096179e-06
2.08722553333e-10	4.01315128329e-06
2.11836921417e-10	4.01283114115e-06
2.14951289502e-10	4.01252464144e-06
2.18065657586e-10	4.01221586799e-06
2.2118002567e-10	4.01191391575e-06
2.24294393754e-10	4.01160195906e-06
2.27408761838e-10	4.0112959141e-06
2.30523129922e-10	4.01098941438e-06
2.33637498007e-10	4.01067245548e-06
2.36751866091e-10	4.01036231779e-06
2.39866234175e-10	4.01004217565e-06
2.42980602259e-10	4.0097238525e-06
2.46094970343e-10	4.00938506573e-06
2.49209338427e-10	4.00906264986e-06
2.52323706512e-10	4.00873932449e-06
2.55438074596e-10	4.0084282773e-06
2.5855244268e-10	4.00811950385e-06
2.61666810764e-10	4.00781163989e-06
2.64781178848e-10	4.00750786866e-06
2.67895546932e-10	4.00720819016e-06
2.71009915017e-10	4.00690760216e-06
2.74124283101e-10	4.00660201194e-06
2.77238651185e-10	4.00628414354e-06
2.80353019269e-10	4.00597218686e-06
2.83467387353e-10	4.0056565922e-06
2.86581755438e-10	4.00532644562e-06
2.89696123522e-10	4.00501266995e-06
2.92810491606e-10	4.00467752115e-06
2.9592485969e-10	4.004361017e-06
2.99039227774e-10	4.00403632739e-06
3.02153595858e-10	4.00373119191e-06
3.05267963943e-10	4.00342150897e-06
3.08382332027e-10	4.00312046622e-06
3.11496700111e-10	4.00280941903e-06
3.14611068195e-10	4.00251246901e-06
3.17725436279e-10	4.00219960284e-06
3.20839804363e-10	4.00189992433e-06
3.23954172448e-10	4.00158569391e-06
3.27068540532e-10	4.00126373279e-06
3.30182908616e-10	4.00093858843e-06
3.332972767e-10	4.00060571337e-06
3.36411644784e-10	4.00027965952e-06
3.39526012868e-10	3.9999663386e-06
3.42640380953e-10	3.99965119868e-06
3.45754749037e-10	3.99932650907e-06
3.48869117121e-10	3.99902319259e-06
3.51983485205e-10	3.99871942136e-06
3.55097853289e-10	3.99841655963e-06
3.58212221373e-10	3.99811278839e-06
3.61326589458e-10	3.99781356464e-06
3.64440957542e-10	3.99750115321e-06
3.67555325626e-10	3.99719419875e-06
3.7066969371e-10	3.99687269237e-06
3.73784061794e-10	3.99655073124e-06
3.76898429878e-10	3.99623468184e-06
3.80012797963e-10	3.99589680455e-06
3.83127166047e-10	3.99558302888e-06
3.86241534131e-10	3.99525470129e-06
3.89355902215e-10	3.99493819714e-06
3.92470270299e-10	3.9946266952e-06
3.95584638383e-10	3.99432201448e-06
3.98699006468e-10	3.99401642426e-06
4.01813374552e-10	3.99372174797e-06
4.04927742636e-10	3.9934088818e-06
4.0804211072e-10	3.99310647481e-06
4.11156478804e-10	3.99280179408e-06
4.14270846888e-10	3.99248483518e-06
4.17385214973e-10	3.99216105507e-06
4.20499583057e-10	3.99182727051e-06
4.23613951141e-10	3.99149985242e-06
4.26728319225e-10	3.99117107008e-06
4.29842687309e-10	3.99085502067e-06
4.32957055393e-10	3.99053715228e-06
4.36071423478e-10	3.99023610953e-06
4.39185791562e-10	3.98992824557e-06
4.42300159646e-10	3.98962720283e-06
4.4541452773e-10	3.98932070311e-06
4.48528895814e-10	3.98901829612e-06
4.51643263898e-10	3.98870633944e-06
4.54757631983e-10	3.9884052967e-06
4.57872000067e-10	3.98809288527e-06
4.60986368151e-10	3.98777228838e-06
4.64100736235e-10	3.9874603317e-06
4.67215104319e-10	3.98712700189e-06
4.70329472403e-10	3.98681049774e-06
4.73443840488e-10	3.98647216571e-06
4.76558208572e-10	3.98614929509e-06
4.79672576656e-10	3.98583460992e-06
4.8278694474e-10	3.98553038394e-06
4.85901312824e-10	3.98522752221e-06
4.89015680909e-10	3.98493284592e-06
4.92130048993e-10	3.98461997975e-06
4.95244417077e-10	3.98432348447e-06
4.98358785161e-10	3.98401471102e-06
5.01473153245e-10	3.98370730181e-06
5.04587521329e-10	3.9833835217e-06
5.07701889414e-10	3.98306019633e-06
5.10816257498e-10	3.98273641622e-06
5.13930625582e-10	3.98240854338e-06
5.17044993666e-10	3.98208749175e-06
5.2015936175e-10	3.98175552618e-06
5.23273729834e-10	3.98144584324e-06
5.26388097919e-10	3.98113979827e-06
5.29502466003e-10	3.9808337533e-06
5.32616834087e-10	3.98052816308e-06
5.35731202171e-10	3.98023030357e-06
5.38845570255e-10	3.97991880163e-06
5.41959938339e-10	3.97961912313e-06
5.45074306424e-10	3.97930762119e-06
5.48188674508e-10	3.97899339077e-06
5.51303042592e-10	3.97868006985e-06
5.54417410676e-10	3.9783453758e-06
5.5753177876e-10	3.97803250962e-06
5.60646146844e-10	3.97769463234e-06
5.63760514929e-10	3.97737676394e-06
5.66874883013e-10	3.97705798605e-06
5.69989251097e-10	3.97674602937e-06
5.73103619181e-10	3.97643543693e-06
5.76217987265e-10	3.97613575842e-06
5.79332355349e-10	3.97582789446e-06
5.82446723434e-10	3.97553276343e-06
5.85561091518e-10	3.97522308049e-06
5.88675459602e-10	3.97491839976e-06
5.91789827686e-10	3.97460235035e-06
5.9490419577e-10	3.97427311327e-06
5.98018563854e-10	3.97395842811e-06
6.01132931939e-10	3.97362873628e-06
6.04247300023e-10	3.97331314161e-06
6.07361668107e-10	3.97297480959e-06
6.10476036191e-10	3.97266057917e-06
6.13590404275e-10	3.972345894e-06
6.16704772359e-10	3.97204757974e-06
6.19819140444e-10	3.97174289901e-06
6.22933508528e-10	3.97144231101e-06
6.26047876612e-10	3.9711349018e-06
6.29162244696e-10	3.97084113501e-06
6.3227661278e-10	3.97051871914e-06
6.35390980864e-10	3.9702090362e-06
6.38505348949e-10	3.96989480578e-06
6.41619717033e-10	3.96957511839e-06
6.44734085117e-10	3.96925497625e-06
6.47848453201e-10	3.96890982302e-06
6.50962821285e-10	3.96859286411e-06
6.54077189369e-10	3.96827090299e-06
6.57191557454e-10	3.96795849156e-06
6.60305925538e-10	3.96765199184e-06
6.63420293622e-10	3.96735231334e-06
6.66534661706e-10	3.96703762817e-06
6.6964902979e-10	3.96674295189e-06
6.72763397874e-10	3.96643008571e-06
6.75877765959e-10	3.96613268094e-06
6.78992134043e-10	3.96581845052e-06
6.82106502127e-10	3.96549239667e-06
6.85220870211e-10	3.96518134949e-06
6.88335238295e-10	3.96485438614e-06
6.9144960638e-10	3.96454470319e-06
6.94563974464e-10	3.96419272874e-06
6.97678342548e-10	3.96387622459e-06
7.00792710632e-10	3.96356199417e-06
7.03907078716e-10	3.96325231122e-06
7.070214468e-10	3.96294262828e-06
7.10135814885e-10	3.96264340452e-06
7.13250182969e-10	3.96233690481e-06
7.16364551053e-10	3.96202813135e-06
7.19478919137e-10	3.96172708861e-06
7.22593287221e-10	3.96141786041e-06
7.25707655305e-10	3.96110908696e-06
7.2882202339e-10	3.96077848563e-06
7.31936391474e-10	3.96045788875e-06
7.35050759558e-10	3.96013592763e-06
7.38165127642e-10	3.9598235162e-06
7.41279495726e-10	3.95949246013e-06
7.4439386381e-10	3.95917732021e-06
7.47508231895e-10	3.9588621803e-06
7.50622599979e-10	3.9585615923e-06
7.53736968063e-10	3.95824645238e-06
7.56851336147e-10	3.95794813812e-06
7.59965704231e-10	3.95763618144e-06
7.63080072315e-10	3.95733923142e-06
7.661944404e-10	3.95702954847e-06
7.69308808484e-10	3.95671850129e-06
7.72423176568e-10	3.95640290662e-06
7.75537544652e-10	3.95607912651e-06
7.78651912736e-10	3.95576171286e-06
7.8176628082e-10	3.95543338527e-06
7.84880648905e-10	3.95511142415e-06
7.87995016989e-10	3.9547853703e-06
7.91109385073e-10	3.95447568735e-06
7.94223753157e-10	3.95415463572e-06
7.97338121241e-10	3.95385268348e-06
8.00452489325e-10	3.95354754801e-06
8.0356685741e-10	3.9532574192e-06
8.06681225494e-10	3.95293773181e-06
8.09795593578e-10	3.95263396058e-06
8.12909961662e-10	3.95232518713e-06
8.16024329746e-10	3.95200049752e-06
8.1913869783e-10	3.95168490286e-06
8.22253065915e-10	3.95136521547e-06
8.25367433999e-10	3.95105280404e-06
8.28481802083e-10	3.9507076508e-06
8.31596170167e-10	3.95038841816e-06
8.34710538251e-10	3.95007236875e-06
8.37824906335e-10	3.94977269025e-06
8.4093927442e-10	3.94945118387e-06
8.44053642504e-10	3.94916287405e-06
8.47168010588e-10	3.94885228161e-06
8.50282378672e-10	3.94856488128e-06
8.53396746756e-10	3.94824928662e-06
8.5651111484e-10	3.94794096792e-06
8.59625482925e-10	3.94762355427e-06
8.62739851009e-10	3.94728840547e-06
8.65854219093e-10	3.94696644435e-06
8.68968587177e-10	3.94665357817e-06
8.72082955261e-10	3.9463311623e-06
8.75197323345e-10	3.94600920117e-06
8.7831169143e-10	3.94569815398e-06
8.81426059514e-10	3.94536846215e-06
8.84540427598e-10	3.94506378143e-06
8.87654795682e-10	3.94474909626e-06
8.90769163766e-10	3.94444896301e-06
8.93883531851e-10	3.94415155824e-06
8.96997899935e-10	3.94385187974e-06
9.00112268019e-10	3.94353719457e-06
9.03226636103e-10	3.94323114961e-06
9.06341004187e-10	3.94290918848e-06
9.09455372271e-10	3.94259586756e-06
9.12569740356e-10	3.9422802729e-06
9.1568410844e-10	3.9419442146e-06
9.18798476524e-10	3.94162225348e-06
9.21912844608e-10	3.94129028791e-06
9.25027212692e-10	3.94098742618e-06
9.28141580776e-10	3.94066182707e-06
9.31255948861e-10	3.94035396312e-06
9.34370316945e-10	3.94004882764e-06
9.37484685029e-10	3.9397468754e-06
9.40599053113e-10	3.93943901145e-06
9.43713421197e-10	3.93913933294e-06
9.46827789281e-10	3.93882919525e-06
9.49942157366e-10	3.93852269553e-06
9.5305652545e-10	3.93820846512e-06
9.56170893534e-10	3.93786558561e-06
9.59285261618e-10	3.93754680772e-06
9.62399629702e-10	3.93722211811e-06
9.65513997786e-10	3.9369069782e-06
9.68628365871e-10	3.93658228859e-06
9.71742733955e-10	3.93626578443e-06
9.74857102039e-10	3.93596064896e-06
9.77971470123e-10	3.93565733248e-06
9.81085838207e-10	3.93535583498e-06
9.84200206291e-10	3.93505888496e-06
9.87314574376e-10	3.93474829252e-06
9.9042894246e-10	3.93444634028e-06
9.93543310544e-10	3.93413120037e-06
9.96657678628e-10	3.93381787944e-06
9.99772046712e-10	3.93348864236e-06
1.0028864148e-09	3.93315986003e-06
1.00600078288e-09	3.93284335587e-06
1.00911515096e-09	3.93251502828e-06
1.01222951905e-09	3.93219897887e-06
1.01534388713e-09	3.93187929149e-06
1.01845825522e-09	3.93157233702e-06
1.0215726233e-09	3.93126538256e-06
1.02468699139e-09	3.93096388507e-06
1.02780135947e-09	3.93065420212e-06
1.03091572755e-09	3.93035406887e-06
1.03403009564e-09	3.93004575017e-06
1.03714446372e-09	3.92974015995e-06
1.04025883181e-09	3.92942638427e-06
1.04337319989e-09	3.92910578739e-06
1.04648756797e-09	3.92878928324e-06
1.04960193606e-09	3.92844276575e-06
1.05271630414e-09	3.92812216887e-06
1.05583067223e-09	3.92779338654e-06
1.05894504031e-09	3.92747733713e-06
1.0620594084e-09	3.92717447539e-06
1.06517377648e-09	3.92687343265e-06
1.06828814456e-09	3.92656875192e-06
1.07140251265e-09	3.92627225665e-06
1.07451688073e-09	3.92596120946e-06
1.07763124882e-09	3.9256619857e-06
1.0807456169e-09	3.92534184357e-06
1.08385998498e-09	3.92503216062e-06
1.08697435307e-09	3.92471702071e-06
1.09008872115e-09	3.92438232666e-06
1.09320308924e-09	3.92406946048e-06
1.09631745732e-09	3.92372885472e-06
1.09943182541e-09	3.92340916733e-06
1.10254619349e-09	3.92309448216e-06
1.10566056157e-09	3.92278843719e-06
1.10877492966e-09	3.92247557102e-06
1.11188929774e-09	3.92217270928e-06
1.11500366583e-09	3.92186802856e-06
1.11811803391e-09	3.92156152884e-06
1.12123240199e-09	3.92126048609e-06
1.12434677008e-09	3.92096262658e-06
1.12746113816e-09	3.92064475818e-06
1.13057550625e-09	3.92031824958e-06
1.13368987433e-09	3.91999628846e-06
1.13680424242e-09	3.91967250835e-06
1.1399186105e-09	3.91935736843e-06
1.14303297858e-09	3.91902449337e-06
1.14614734667e-09	3.91871390093e-06
1.14926171475e-09	3.91838602809e-06
1.15237608284e-09	3.91807361666e-06
1.15549045092e-09	3.91777075492e-06
1.158604819e-09	3.91747107642e-06
1.16171918709e-09	3.91716412196e-06
1.16483355517e-09	3.91687308365e-06
1.16794792326e-09	3.91655430576e-06
1.17106229134e-09	3.91624689655e-06
1.17417665943e-09	3.91593357563e-06
1.17729102751e-09	3.91560342905e-06
1.18040539559e-09	3.91529147237e-06
1.18351976368e-09	3.91495541407e-06
1.18663413176e-09	3.91462936022e-06
1.18974849985e-09	3.91431240132e-06
1.19286286793e-09	3.91399544242e-06
1.19597723601e-09	3.91368484998e-06
1.1990916041e-09	3.91338198824e-06
1.20220597218e-09	3.91307685277e-06
1.20532034027e-09	3.91278172174e-06
1.20843470835e-09	3.91246658182e-06
1.21154907644e-09	3.91216644857e-06
1.21466344452e-09	3.91185221815e-06
1.2177778126e-09	3.91154117096e-06
1.22089218069e-09	3.91122921428e-06
1.22400654877e-09	3.91089042751e-06
1.22712091686e-09	3.91056892113e-06
1.23023528494e-09	3.91024377677e-06
1.23334965302e-09	3.90992499888e-06
1.23646402111e-09	3.90960803998e-06
1.23957838919e-09	3.90930108551e-06
1.24269275728e-09	3.90898185287e-06
1.24580712536e-09	3.90868262912e-06
1.24892149345e-09	3.90837567465e-06
1.25203586153e-09	3.90808099837e-06
1.25515022961e-09	3.90776585846e-06
1.2582645977e-09	3.90746708945e-06
1.26137896578e-09	3.90714558307e-06
1.26449333387e-09	3.90681861973e-06
1.26760770195e-09	3.90650347981e-06
1.27072207003e-09	3.90617697121e-06
1.27383643812e-09	3.90585728383e-06
1.2769508062e-09	3.90552304452e-06
1.28006517429e-09	3.90520835936e-06
1.28317954237e-09	3.90489822166e-06
1.28629391046e-09	3.90458899346e-06
1.28940827854e-09	3.90428022001e-06
1.29252264662e-09	3.90398963646e-06
1.29563701471e-09	3.90367722503e-06
1.29875138279e-09	3.90337936551e-06
1.30186575088e-09	3.90306286135e-06
1.30498011896e-09	3.90275954487e-06
1.30809448705e-09	3.90244304072e-06
1.31120885513e-09	3.90212198909e-06
1.31432322321e-09	3.9018023017e-06
1.3174375913e-09	3.90145760321e-06
1.32055195938e-09	3.90113336834e-06
1.32366632747e-09	3.90081231672e-06
1.32678069555e-09	3.90050172427e-06
1.32989506363e-09	3.90019204133e-06
1.33300943172e-09	3.89988235838e-06
1.3361237998e-09	3.89958631786e-06
1.33923816789e-09	3.89929073208e-06
1.34235253597e-09	3.89897695641e-06
1.34546690406e-09	3.89868000639e-06
1.34858127214e-09	3.89836441173e-06
1.35169564022e-09	3.89804654333e-06
1.35481000831e-09	3.89772912968e-06
1.35792437639e-09	3.89740625906e-06
1.36103874448e-09	3.89708020521e-06
1.36415311256e-09	3.89675324186e-06
1.36726748064e-09	3.89643128074e-06
1.37038184873e-09	3.89611068385e-06
1.37349621681e-09	3.89580918636e-06
1.3766105849e-09	3.89548767998e-06
1.37972495298e-09	3.89518754673e-06
1.38283932107e-09	3.89488332075e-06
1.38595368915e-09	3.8945831875e-06
1.38906805723e-09	3.89427350456e-06
1.39218242532e-09	3.89396973333e-06
1.3952967934e-09	3.89366005038e-06
1.39841116149e-09	3.89333672501e-06
1.40152552957e-09	3.89301339965e-06
1.40463989765e-09	3.89269052903e-06
1.40775426574e-09	3.89237766285e-06
1.41086863382e-09	3.8920343286e-06
1.41398300191e-09	3.89171964343e-06
1.41709736999e-09	3.89140177504e-06
1.42021173808e-09	3.89109845855e-06
1.42332610616e-09	3.89079195884e-06
1.42644047424e-09	3.89048591387e-06
1.42955484233e-09	3.89018396163e-06
1.43266921041e-09	3.88987700717e-06
1.4357835785e-09	3.88957505493e-06
1.43889794658e-09	3.88926446249e-06
1.44201231466e-09	3.8889438656e-06
1.44512668275e-09	3.88862463296e-06
1.44824105083e-09	3.88830812881e-06
1.45135541892e-09	3.88798662243e-06
1.454469787e-09	3.88766056858e-06
1.45758415509e-09	3.88733678847e-06
1.46069852317e-09	3.88703301724e-06
1.46381289125e-09	3.88670059692e-06
1.46692725934e-09	3.88639182347e-06
1.47004162742e-09	3.88609214497e-06
1.47315599551e-09	3.8857947402e-06
1.47627036359e-09	3.88549187846e-06
1.47938473167e-09	3.88518719774e-06
1.48249909976e-09	3.88487478631e-06
1.48561346784e-09	3.88456419387e-06
1.48872783593e-09	3.88424859921e-06
1.49184220401e-09	3.88391254091e-06
1.4949565721e-09	3.88359376302e-06
1.49807094018e-09	3.88326270695e-06
1.50118530826e-09	3.88294165532e-06
1.50429967635e-09	3.88262606066e-06
1.50741404443e-09	3.88231683246e-06
1.51052841252e-09	3.88199987356e-06
1.5136427806e-09	3.88171019949e-06
1.51675714868e-09	3.88139915231e-06
1.51987151677e-09	3.88110356653e-06
1.52298588485e-09	3.88078706237e-06
1.52610025294e-09	3.8804819269e-06
1.52921462102e-09	3.88016951547e-06
1.53232898911e-09	3.8798557398e-06
1.53544335719e-09	3.87953059544e-06
1.53855772527e-09	3.87920090361e-06
1.54167209336e-09	3.8788857637e-06
1.54478646144e-09	3.8785506149e-06
1.54790082953e-09	3.87823774872e-06
1.55101519761e-09	3.87791715184e-06
1.55412956569e-09	3.87760337617e-06
1.55724393378e-09	3.87729642171e-06
1.56035830186e-09	3.87699355997e-06
1.56347266995e-09	3.87669297197e-06
1.56658703803e-09	3.87639056498e-06
1.56970140612e-09	3.87608088204e-06
1.5728157742e-09	3.87577938454e-06
1.57593014228e-09	3.87546515412e-06
1.57904451037e-09	3.87514273825e-06
1.58215887845e-09	3.87482714359e-06
1.58527324654e-09	3.87449154005e-06
1.58838761462e-09	3.87416912417e-06
1.5915019827e-09	3.87384307032e-06
1.59461635079e-09	3.87353384212e-06
1.59773071887e-09	3.87321324524e-06
1.60084508696e-09	3.87290947401e-06
1.60395945504e-09	3.87260070056e-06
1.60707382313e-09	3.87230466004e-06
1.61018819121e-09	3.87199179386e-06
1.61330255929e-09	3.87169529859e-06
1.61641692738e-09	3.87137788493e-06
1.61953129546e-09	3.87106774724e-06
1.62264566355e-09	3.87075078834e-06
1.62576003163e-09	3.870422006e-06
1.62887439971e-09	3.87010004488e-06
1.6319887678e-09	3.86977217204e-06
1.63510313588e-09	3.86945475839e-06
1.63821750397e-09	3.86913643524e-06
1.64133187205e-09	3.86882402381e-06
1.64444624014e-09	3.86851161238e-06
1.64756060822e-09	3.86820875065e-06
1.6506749763e-09	3.86790497942e-06
1.65378934439e-09	3.86761257687e-06
1.65690371247e-09	3.86729334423e-06
1.66001808056e-09	3.86700367017e-06
1.66313244864e-09	3.86668534702e-06
1.66624681672e-09	3.86636429539e-06
1.66936118481e-09	3.86604324376e-06
1.67247555289e-09	3.86571218769e-06
1.67558992098e-09	3.86539431929e-06
1.67870428906e-09	3.86505553251e-06
1.68181865715e-09	3.86473448089e-06
1.68493302523e-09	3.86442479794e-06
1.68804739331e-09	3.86411193176e-06
1.6911617614e-09	3.8638049773e-06
1.69427612948e-09	3.86350620829e-06
1.69739049757e-09	3.86320016332e-06
1.70050486565e-09	3.86290776078e-06
1.70361923373e-09	3.8625948946e-06
1.70673360182e-09	3.86229248761e-06
1.7098479699e-09	3.86197098123e-06
1.71296233799e-09	3.86164902011e-06
1.71607670607e-09	3.86133751817e-06
1.71919107416e-09	3.86100373362e-06
1.72230544224e-09	3.86068768421e-06
1.72541981032e-09	3.86035890187e-06
1.72853417841e-09	3.86004785469e-06
1.73164854649e-09	3.8597186176e-06
1.73476291458e-09	3.85941302739e-06
1.73787728266e-09	3.85910789191e-06
1.74099165074e-09	3.85881594411e-06
1.74410601883e-09	3.8585008042e-06
1.74722038691e-09	3.85819703297e-06
1.750334755e-09	3.85788825952e-06
1.75344912308e-09	3.85757721233e-06
1.75656349117e-09	3.85726934837e-06
1.75967785925e-09	3.85694829674e-06
1.76279222733e-09	3.85663406632e-06
1.76590659542e-09	3.85628845834e-06
1.7690209635e-09	3.85596285923e-06
1.77213533159e-09	3.85564089811e-06
1.77524969967e-09	3.85532166547e-06
1.77836406775e-09	3.85501607525e-06
1.78147843584e-09	3.85470912079e-06
1.78459280392e-09	3.85441126127e-06
1.78770717201e-09	3.85411158277e-06
1.79082154009e-09	3.85380371881e-06
1.79393590818e-09	3.85350722354e-06
1.79705027626e-09	3.85318617191e-06
1.80016464434e-09	3.85286602977e-06
1.80327901243e-09	3.8525445234e-06
1.80639338051e-09	3.85222983823e-06
1.8095077486e-09	3.85191196983e-06
1.81262211668e-09	3.85157500205e-06
1.81573648476e-09	3.85125395042e-06
1.81885085285e-09	3.85094199373e-06
1.82196522093e-09	3.85063231079e-06
1.82507958902e-09	3.85031989936e-06
1.8281939571e-09	3.85002567782e-06
1.83130832519e-09	3.84971554013e-06
1.83442269327e-09	3.84942632081e-06
1.83753706135e-09	3.84910663342e-06
1.84065142944e-09	3.8488010432e-06
1.84376579752e-09	3.84847771784e-06
1.84688016561e-09	3.84815712096e-06
1.84999453369e-09	3.84784198104e-06
1.85310890177e-09	3.84750183002e-06
1.85622326986e-09	3.84718896385e-06
1.85933763794e-09	3.84686291e-06
1.86245200603e-09	3.84654322261e-06
1.86556637411e-09	3.84622944694e-06
1.8686807422e-09	3.84592703995e-06
1.87179511028e-09	3.84561872124e-06
1.87490947836e-09	3.84532677344e-06
1.87802384645e-09	3.84501436201e-06
1.88113821453e-09	3.84472104997e-06
1.88425258262e-09	3.84440136258e-06
1.8873669507e-09	3.8440894059e-06
1.89048131878e-09	3.84377517548e-06
1.89359568687e-09	3.84344457416e-06
1.89671005495e-09	3.84312670576e-06
1.89982442304e-09	3.84278382626e-06
1.90293879112e-09	3.84246050089e-06
1.90605315921e-09	3.84214445148e-06
1.90916752729e-09	3.84183658753e-06
1.91228189537e-09	3.84153327104e-06
1.91539626346e-09	3.84123768526e-06
1.91851063154e-09	3.84092390959e-06
1.92162499963e-09	3.84062741432e-06
1.92473936771e-09	3.84031363865e-06
1.92785373579e-09	3.84001577913e-06
1.93096810388e-09	3.83969245377e-06
1.93408247196e-09	3.83938868254e-06
1.93719684005e-09	3.83906808565e-06
1.94031120813e-09	3.83873384635e-06
1.94342557622e-09	3.83841734219e-06
1.9465399443e-09	3.83808537663e-06
1.94965431238e-09	3.83776841772e-06
1.95276868047e-09	3.83744691135e-06
1.95588304855e-09	3.83714132113e-06
1.95899741664e-09	3.83682663596e-06
1.96211178472e-09	3.83652604796e-06
1.9652261528e-09	3.83622227673e-06
1.96834052089e-09	3.83591986974e-06
1.97145488897e-09	3.83561518902e-06
1.97456925706e-09	3.83530459658e-06
1.97768362514e-09	3.83498218071e-06
1.98079799323e-09	3.83467249776e-06
1.98391236131e-09	3.83435553886e-06
1.98702672939e-09	3.83401447834e-06
1.99014109748e-09	3.83369479096e-06
1.99325546556e-09	3.83336464438e-06
1.99636983365e-09	3.83304859497e-06
1.99948420173e-09	3.83273936677e-06
2.00259856981e-09	3.83243559554e-06
2.0057129379e-09	3.83212955057e-06
2.00882730598e-09	3.83183123631e-06
2.01194167407e-09	3.83152882932e-06
2.01505604215e-09	3.83122005587e-06
2.01817041024e-09	3.83091128242e-06
2.02128477832e-09	3.83059114029e-06
2.0243991464e-09	3.83028964279e-06
2.02751351449e-09	3.82996404369e-06
2.03062788257e-09	3.82965072276e-06
2.03374225066e-09	3.82931648346e-06
2.03685661874e-09	3.8290008888e-06
2.03997098682e-09	3.82866164728e-06
2.04308535491e-09	3.82834559787e-06
2.04619972299e-09	3.82804137189e-06
2.04931409108e-09	3.8277389649e-06
2.05242845916e-09	3.8274297367e-06
2.05554282725e-09	3.82712823921e-06
2.05865719533e-09	3.8268199205e-06
2.06177156341e-09	3.82651842301e-06
2.0648859315e-09	3.82620100936e-06
2.06800029958e-09	3.82588723369e-06
2.07111466767e-09	3.82556663681e-06
2.07422903575e-09	3.82524240194e-06
2.07734340383e-09	3.82492680728e-06
2.08045777192e-09	3.82459165849e-06
2.08357214e-09	3.82427242585e-06
2.08668650809e-09	3.82395728593e-06
2.08980087617e-09	3.8236448745e-06
2.09291524426e-09	3.82333746529e-06
2.09602961234e-09	3.82303824153e-06
2.09914398042e-09	3.82273174182e-06
2.10225834851e-09	3.82243433705e-06
2.10537271659e-09	3.8221264731e-06
2.10848708468e-09	3.82181224268e-06
2.11160145276e-09	3.82149619327e-06
2.11471582084e-09	3.82117877962e-06
2.11783018893e-09	3.82087182516e-06
2.12094455701e-09	3.82053713111e-06
2.1240589251e-09	3.82021835321e-06
2.12717329318e-09	3.81988274967e-06
2.13028766127e-09	3.81956988349e-06
2.13340202935e-09	3.81926020054e-06
2.13651639743e-09	3.81895142709e-06
2.13963076552e-09	3.81863856092e-06
2.1427451336e-09	3.81833751817e-06
2.14585950169e-09	3.81803602068e-06
2.14897386977e-09	3.81773452318e-06
2.15208823785e-09	3.81741665478e-06
2.15520260594e-09	3.81710833608e-06
2.15831697402e-09	3.81679592465e-06
2.16143134211e-09	3.81646805181e-06
2.16454571019e-09	3.81614563594e-06
2.16766007828e-09	3.81581048714e-06
2.17077444636e-09	3.81548807127e-06
2.17388881444e-09	3.81517065762e-06
2.17700318253e-09	3.81485961043e-06
2.18011755061e-09	3.81454651688e-06
2.1832319187e-09	3.81425661544e-06
2.18634628678e-09	3.81394352189e-06
2.18946065486e-09	3.81365020985e-06
2.19257502295e-09	3.81333552468e-06
2.19568939103e-09	3.81302447749e-06
2.19880375912e-09	3.81270774596e-06
2.2019181272e-09	3.81239419767e-06
2.20503249529e-09	3.81206928068e-06
2.20814686337e-09	3.81175482289e-06
2.21126123145e-09	3.81144195671e-06
2.21437559954e-09	3.81109612135e-06
2.21748996762e-09	3.81078621103e-06
2.22060433571e-09	3.81046243092e-06
2.22371870379e-09	3.81015024686e-06
2.22683307187e-09	3.80984442927e-06
2.22994743996e-09	3.80954770662e-06
2.23306180804e-09	3.8092421164e-06
2.23617617613e-09	3.80894721275e-06
2.23929054421e-09	3.80862843485e-06
2.2424049123e-09	3.80833012059e-06
2.24551928038e-09	3.80801293431e-06
2.24863364846e-09	3.8076900637e-06
2.25174801655e-09	3.80737674277e-06
2.25486238463e-09	3.807036137e-06
2.25797675272e-09	3.80671872335e-06
2.2610911208e-09	3.80639289688e-06
2.26420548888e-09	3.80608048545e-06
2.26731985697e-09	3.80576852876e-06
2.27043422505e-09	3.80545657208e-06
2.27354859314e-09	3.80515166398e-06
2.27666296122e-09	3.80484902962e-06
2.27977732931e-09	3.80454230253e-06
2.28289169739e-09	3.8042514916e-06
2.28600606547e-09	3.80393430532e-06
2.28912043356e-09	3.80362143915e-06
2.29223480164e-09	3.80330016014e-06
2.29534916973e-09	3.80296637559e-06
2.29846353781e-09	3.8026423681e-06
2.3015779059e-09	3.80232700081e-06
2.30469227398e-09	3.8020152715e-06
2.30780664206e-09	3.8016776216e-06
2.31092101015e-09	3.8013674839e-06
2.31403537823e-09	3.80105871045e-06
2.31714974632e-09	3.8007542571e-06
2.3202641144e-09	3.80044662052e-06
2.32337848248e-09	3.80014989787e-06
2.32649285057e-09	3.79984180654e-06
2.32960721865e-09	3.79953803531e-06
2.33272158674e-09	3.799226306e-06
2.33583595482e-09	3.79890661861e-06
2.33895032291e-09	3.79859648092e-06
2.34206469099e-09	3.79825883101e-06
2.34517905907e-09	3.79793686989e-06
2.34829342716e-09	3.79760331271e-06
2.35140779524e-09	3.79728862754e-06
2.35452216333e-09	3.79697235076e-06
2.35763653141e-09	3.79666425943e-06
2.36075089949e-09	3.79636185244e-06
2.36386526758e-09	3.79605876333e-06
2.36697963566e-09	3.79575294573e-06
2.37009400375e-09	3.79545053875e-06
2.37320837183e-09	3.79514608539e-06
2.37632273992e-09	3.79483753932e-06
2.379437108e-09	3.79452012567e-06
2.38255147608e-09	3.79419361707e-06
2.38566584417e-09	3.79387165594e-06
2.38878021225e-09	3.7935481032e-06
2.39189458034e-09	3.79323273592e-06
2.39500894842e-09	3.79290941055e-06
2.3981233165e-09	3.79258904104e-06
2.40123768459e-09	3.79227185476e-06
2.40435205267e-09	3.79196876565e-06
2.40746642076e-09	3.79165726372e-06
2.41058078884e-09	3.79136326956e-06
2.41369515693e-09	3.79104858439e-06
2.41680952501e-09	3.79074526791e-06
2.41992389309e-09	3.79044172405e-06
2.42303826118e-09	3.79012681151e-06
2.42615262926e-09	3.78981394533e-06
2.42926699735e-09	3.78947333957e-06
2.43238136543e-09	3.78915569854e-06
2.43549573351e-09	3.78882305085e-06
2.4386101016e-09	3.7885065467e-06
2.44172446968e-09	3.78818299396e-06
2.44483883777e-09	3.78787285626e-06
2.44795320585e-09	3.78756567443e-06
2.45106757394e-09	3.78727554562e-06
2.45418194202e-09	3.78696086045e-06
2.4572963101e-09	3.7866564071e-06
2.46041067819e-09	3.78634786102e-06
2.46352504627e-09	3.78604613616e-06
2.46663941436e-09	3.78573554372e-06
2.46975378244e-09	3.78541403734e-06
2.47286815052e-09	3.78510117116e-06
2.47598251861e-09	3.78477648155e-06
2.47909688669e-09	3.78446202376e-06
2.48221125478e-09	3.78411232305e-06
2.48532562286e-09	3.7837939999e-06
2.48843999095e-09	3.78347954211e-06
2.49155435903e-09	3.78318623007e-06
2.49466872711e-09	3.78286858904e-06
2.4977830952e-09	3.78257323064e-06
2.50089746328e-09	3.78226422981e-06
2.50401183137e-09	3.78197432838e-06
2.50712619945e-09	3.78165805159e-06
2.51024056753e-09	3.78134973289e-06
2.51335493562e-09	3.78102117793e-06
2.5164693037e-09	3.78070603801e-06
2.51958367179e-09	3.78038521376e-06
2.52269803987e-09	3.78005984203e-06
2.52581240796e-09	3.77974538424e-06
2.52892677604e-09	3.77941591978e-06
2.53204114412e-09	3.77910032512e-06
2.53515551221e-09	3.77878063773e-06
2.53826988029e-09	3.77848004973e-06
2.54138424838e-09	3.7781676383e-06
2.54449861646e-09	3.77787500838e-06
2.54761298454e-09	3.77755691261e-06
2.55072735263e-09	3.7772624637e-06
2.55384172071e-09	3.77694914278e-06
2.5569560888e-09	3.7766362766e-06
2.56007045688e-09	3.77632136406e-06
2.56318482497e-09	3.77599462809e-06
2.56629919305e-09	3.77567243959e-06
2.56941356113e-09	3.77534433937e-06
2.57252792922e-09	3.77502260562e-06
2.5756422973e-09	3.77470450985e-06
2.57875666539e-09	3.77439914701e-06
2.58187103347e-09	3.77407559427e-06
2.58498540155e-09	3.7737729599e-06
2.58809976964e-09	3.77346304958e-06
2.59121413772e-09	3.77316746381e-06
2.59432850581e-09	3.7728634652e-06
2.59744287389e-09	3.77255923922e-06
2.60055724198e-09	3.7722502384e-06
2.60367161006e-09	3.77193418899e-06
2.60678597814e-09	3.77161836695e-06
2.60990034623e-09	3.77128048967e-06
2.61301471431e-09	3.77095716431e-06
2.6161290824e-09	3.77063361157e-06
2.61924345048e-09	3.7703146063e-06
2.62235781856e-09	3.76999196305e-06
2.62547218665e-09	3.76968614546e-06
2.62858655473e-09	3.76937555302e-06
2.63170092282e-09	3.76908087674e-06
2.6348152909e-09	3.76877437702e-06
2.63792965899e-09	3.7684826566e-06
2.64104402707e-09	3.76816660719e-06
2.64415839515e-09	3.76785624212e-06
2.64727276324e-09	3.7675376916e-06
2.65038713132e-09	3.76721868633e-06
2.65350149941e-09	3.76689922632e-06
2.65661586749e-09	3.7665643049e-06
2.65973023557e-09	3.76623552256e-06
2.66284460366e-09	3.76591742679e-06
2.66595897174e-09	3.76560274162e-06
2.66907333983e-09	3.76528623747e-06
2.67218770791e-09	3.76498041987e-06
2.675302076e-09	3.76467460228e-06
2.67841644408e-09	3.76438197236e-06
2.68153081216e-09	3.76407592739e-06
2.68464518025e-09	3.7637692003e-06
2.68775954833e-09	3.76345701625e-06
2.69087391642e-09	3.76314505957e-06
2.6939882845e-09	3.76282764591e-06
2.69710265258e-09	3.76249977307e-06
2.70021702067e-09	3.76218531528e-06
2.70333138875e-09	3.76185062123e-06
2.70644575684e-09	3.76153798243e-06
2.70956012492e-09	3.76120965484e-06
2.71267449301e-09	3.76089451493e-06
2.71578886109e-09	3.76058915208e-06
2.71890322917e-09	3.76028265237e-06
2.72201759726e-09	3.75998024538e-06
2.72513196534e-09	3.75968556909e-06
2.72824633343e-09	3.75937315766e-06
2.73136070151e-09	3.75906756744e-06
2.73447506959e-09	3.75874969905e-06
2.73758943768e-09	3.75843956135e-06
2.74070380576e-09	3.75812624043e-06
2.74381817385e-09	3.75779472961e-06
2.74693254193e-09	3.75747936232e-06
2.75004691002e-09	3.75714694201e-06
2.7531612781e-09	3.75683202947e-06
2.75627564618e-09	3.75649869966e-06
2.75939001427e-09	3.75619015358e-06
2.76250438235e-09	3.75588342649e-06
2.76561875044e-09	3.75557965526e-06
2.76873311852e-09	3.75528043151e-06
2.7718474866e-09	3.75498029825e-06
2.77496185469e-09	3.75467084268e-06
2.77807622277e-09	3.75437002731e-06
2.78119059086e-09	3.75405329578e-06
2.78430495894e-09	3.75372542294e-06
2.78741932703e-09	3.75340005121e-06
2.79053369511e-09	3.75307581635e-06
2.79364806319e-09	3.75275340048e-06
2.79676243128e-09	3.75243371309e-06
2.79987679936e-09	3.75212016479e-06
2.80299116745e-09	3.75179502043e-06
2.80610553553e-09	3.75148533749e-06
2.80921990361e-09	3.75118156626e-06
2.8123342717e-09	3.75088052351e-06
2.81544863978e-09	3.75057675228e-06
2.81856300787e-09	3.75027912014e-06
2.82167737595e-09	3.74996739083e-06
2.82479174404e-09	3.74965884475e-06
2.82790611212e-09	3.74933551939e-06
2.8310204802e-09	3.749015832e-06
2.83413484829e-09	3.74869978259e-06
2.83724921637e-09	3.74836827177e-06
2.84036358446e-09	3.74805290448e-06
2.84347795254e-09	3.7477193473e-06
2.84659232062e-09	3.74740716325e-06
2.84970668871e-09	3.74709520656e-06
2.85282105679e-09	3.74680689674e-06
2.85593542488e-09	3.74648971047e-06
2.85904979296e-09	3.74618684873e-06
2.86216416105e-09	3.74587921215e-06
2.86527852913e-09	3.74558362637e-06
2.86839289721e-09	3.7452689412e-06
2.8715072653e-09	3.74494811695e-06
2.87462163338e-09	3.74462615582e-06
2.87773600147e-09	3.7442860048e-06
2.88085036955e-09	3.74396881853e-06
2.88396473763e-09	3.74364822164e-06
2.88707910572e-09	3.74333149011e-06
2.8901934738e-09	3.74300907424e-06
2.89330784189e-09	3.74269916392e-06
2.89642220997e-09	3.7423901631e-06
2.89953657806e-09	3.74208570975e-06
2.90265094614e-09	3.74178739548e-06
2.90576531422e-09	3.74149180971e-06
2.90887968231e-09	3.74117598767e-06
2.91199405039e-09	3.74087608179e-06
2.91510841848e-09	3.74055980501e-06
2.91822278656e-09	3.74023557015e-06
2.92133715464e-09	3.73991906599e-06
2.92445152273e-09	3.73958209821e-06
2.92756589081e-09	3.7392617287e-06
2.9306802589e-09	3.73893203687e-06
2.93379462698e-09	3.7386139411e-06
2.93690899507e-09	3.73830653189e-06
2.94002336315e-09	3.73800548914e-06
2.94313773123e-09	3.73769557882e-06
2.94625209932e-09	3.73739590032e-06
2.9493664674e-09	3.73708803636e-06
2.95248083549e-09	3.7367931327e-06
2.95559520357e-09	3.73647390006e-06
2.95870957165e-09	3.73616762772e-06
2.96182393974e-09	3.73585135094e-06
2.96493830782e-09	3.73552074961e-06
2.96805267591e-09	3.73519765162e-06
2.97116704399e-09	3.73487227989e-06
2.97428141208e-09	3.73455486624e-06
2.97739578016e-09	3.73422767552e-06
2.98051014824e-09	3.73392140318e-06
2.98362451633e-09	3.73360876438e-06
2.98673888441e-09	3.73330522052e-06
2.9898532525e-09	3.73299644707e-06
2.99296762058e-09	3.73269631382e-06
2.99608198866e-09	3.73239254259e-06
2.99919635675e-09	3.7320978663e-06
3.00231072483e-09	3.73178113477e-06
3.00542509292e-09	3.73145553567e-06
3.008539461e-09	3.7311287997e-06
3.01165382909e-09	3.73079615201e-06
3.01476819717e-09	3.7304757825e-06
3.01788256525e-09	3.73015313926e-06
3.02099693334e-09	3.72983163288e-06
3.02411130142e-09	3.72952013095e-06
3.02722566951e-09	3.72920408154e-06
3.03034003759e-09	3.72890326616e-06
3.03345440567e-09	3.72859767594e-06
3.03656877376e-09	3.72829458684e-06
3.03968314184e-09	3.72800946025e-06
3.04279750993e-09	3.7276911371e-06
3.04591187801e-09	3.72738645638e-06
3.0490262461e-09	3.72706563212e-06
3.05214061418e-09	3.72674594473e-06
3.05525498226e-09	3.72642648472e-06
3.05836935035e-09	3.7260949739e-06
3.06148371843e-09	3.72577869712e-06
3.06459808652e-09	3.72545309801e-06
3.0677124546e-09	3.72513977709e-06
3.07082682268e-09	3.72481599697e-06
3.07394119077e-09	3.72451427211e-06
3.07705555885e-09	3.72420413441e-06
3.08016992694e-09	3.72389786207e-06
3.08328429502e-09	3.72359500034e-06
3.08639866311e-09	3.72330487153e-06
3.08951303119e-09	3.7229838199e-06
3.09262739927e-09	3.72267436433e-06
3.09574176736e-09	3.7223619529e-06
3.09885613544e-09	3.72202134713e-06
3.10197050353e-09	3.72170393348e-06
3.10508487161e-09	3.72138288185e-06
3.10819923969e-09	3.72106865143e-06
3.11131360778e-09	3.72073532162e-06
3.11442797586e-09	3.72042245544e-06
3.11754234395e-09	3.72011027139e-06
3.12065671203e-09	3.71980581804e-06
3.12377108012e-09	3.71950500266e-06
3.1268854482e-09	3.71921441911e-06
3.12999981628e-09	3.71889768758e-06
3.13311418437e-09	3.71860164705e-06
3.13622855245e-09	3.71828332391e-06
3.13934292054e-09	3.71797000298e-06
3.14245728862e-09	3.71765418095e-06
3.1455716567e-09	3.71731789528e-06
3.14868602479e-09	3.71699320567e-06
3.15180039287e-09	3.71667738364e-06
3.15491476096e-09	3.71636429009e-06
3.15802912904e-09	3.71603391613e-06
3.16114349713e-09	3.71573128177e-06
3.16425786521e-09	3.71542000721e-06
3.16737223329e-09	3.7151169181e-06
3.17048660138e-09	3.71480632566e-06
3.17360096946e-09	3.71450755665e-06
3.17671533755e-09	3.71420151168e-06
3.17982970563e-09	3.71389228349e-06
3.18294407371e-09	3.71358260054e-06
3.1860584418e-09	3.71326382265e-06
3.18917280988e-09	3.71294822799e-06
3.19228717797e-09	3.71260784959e-06
3.19540154605e-09	3.71228406948e-06
3.19851591414e-09	3.71195801563e-06
3.20163028222e-09	3.71164219359e-06
3.2047446503e-09	3.71132819055e-06
3.20785901839e-09	3.71102669305e-06
3.21097338647e-09	3.71071428162e-06
3.21408775456e-09	3.71042142433e-06
3.21720212264e-09	3.71010833078e-06
3.22031649072e-09	3.70980797015e-06
3.22343085881e-09	3.70949646822e-06
3.22654522689e-09	3.70917746295e-06
3.22965959498e-09	3.70886596102e-06
3.23277396306e-09	3.7085387703e-06
3.23588833115e-09	3.70822044715e-06
3.23900269923e-09	3.70788984583e-06
3.24211706731e-09	3.70756833945e-06
3.2452314354e-09	3.70725183529e-06
3.24834580348e-09	3.70694510821e-06
3.25146017157e-09	3.70662246496e-06
3.25457453965e-09	3.70630914404e-06
3.25768890774e-09	3.70600082533e-06
3.26080327582e-09	3.7057022837e-06
3.2639176439e-09	3.7054016957e-06
3.26703201199e-09	3.70509724235e-06
3.27014638007e-09	3.70479460798e-06
3.27326074816e-09	3.70447901332e-06
3.27637511624e-09	3.7041647829e-06
3.27948948432e-09	3.70382213077e-06
3.28260385241e-09	3.70349562218e-06
3.28571822049e-09	3.70317025045e-06
3.28883258858e-09	3.70285306417e-06
3.29194695666e-09	3.70254156223e-06
3.29506132475e-09	3.70224051949e-06
3.29817569283e-09	3.70192310584e-06
3.30129006091e-09	3.70162206309e-06
3.304404429e-09	3.70131874661e-06
3.30751879708e-09	3.70101815861e-06
3.31063316517e-09	3.70070756617e-06
3.31374753325e-09	3.70041038877e-06
3.31686190133e-09	3.70009047401e-06
3.31997626942e-09	3.69977169612e-06
3.3230906375e-09	3.69945769307e-06
3.32620500559e-09	3.69911435882e-06
3.32931937367e-09	3.69880149265e-06
3.33243374176e-09	3.69847248294e-06
3.33554810984e-09	3.69816439161e-06
3.33866247792e-09	3.69783037968e-06
3.34177684601e-09	3.69752820006e-06
3.34489121409e-09	3.69722397409e-06
3.34800558218e-09	3.696937938e-06
3.35111995026e-09	3.69662370758e-06
3.35423431834e-09	3.69632198272e-06
3.35734868643e-09	3.69600502381e-06
3.36046305451e-09	3.69569920622e-06
3.3635774226e-09	3.69537769984e-06
3.36669179068e-09	3.69504755326e-06
3.36980615877e-09	3.69473559658e-06
3.37292052685e-09	3.69440840586e-06
3.37603489493e-09	3.69409099221e-06
3.37914926302e-09	3.69375788978e-06
3.3822636311e-09	3.69344320461e-06
3.38537799919e-09	3.6931367049e-06
3.38849236727e-09	3.69283134205e-06
3.39160673535e-09	3.69252279597e-06
3.39472110344e-09	3.69222107111e-06
3.39783547152e-09	3.69191684513e-06
3.40094983961e-09	3.69162489733e-06
3.40406420769e-09	3.69130361833e-06
3.40717857578e-09	3.69099075215e-06
3.41029294386e-09	3.69067106476e-06
3.41340731194e-09	3.69034114556e-06
3.41652168003e-09	3.69002373191e-06
3.41963604811e-09	3.68969426745e-06
3.4227504162e-09	3.6893725337e-06
3.42586478428e-09	3.68904625248e-06
3.42897915236e-09	3.68874179912e-06
3.43209352045e-09	3.68843348042e-06
3.43520788853e-09	3.68812925444e-06
3.43832225662e-09	3.68782866644e-06
3.4414366247e-09	3.68752853319e-06
3.44455099279e-09	3.68721521227e-06
3.44766536087e-09	3.68691530639e-06
3.45077972895e-09	3.686595619e-06
3.45389409704e-09	3.68627752323e-06
3.45700846512e-09	3.68596170119e-06
3.46012283321e-09	3.68562291442e-06
3.46323720129e-09	3.68529981642e-06
3.46635156937e-09	3.68497558156e-06
3.46946593746e-09	3.68465862266e-06
3.47258030554e-09	3.68434029951e-06
3.47569467363e-09	3.68404175788e-06
3.47880904171e-09	3.68373457604e-06
3.4819234098e-09	3.68344581148e-06
3.48503777788e-09	3.68313271792e-06
3.48815214596e-09	3.68283031094e-06
3.49126651405e-09	3.68250948668e-06
3.49438088213e-09	3.68220753444e-06
3.49749525022e-09	3.68189398614e-06
3.5006096183e-09	3.68156338482e-06
3.50372398638e-09	3.68124619854e-06
3.50683835447e-09	3.68090945813e-06
3.50995272255e-09	3.68058499589e-06
3.51306709064e-09	3.68026417163e-06
3.51618145872e-09	3.67994903172e-06
3.51929582681e-09	3.67964230463e-06
3.52241019489e-09	3.67934239875e-06
3.52552456297e-09	3.67903635379e-06
3.52863893106e-09	3.67873963114e-06
3.53175329914e-09	3.67842835658e-06
3.53486766723e-09	3.67813663615e-06
3.53798203531e-09	3.67781717614e-06
3.54109640339e-09	3.67750067198e-06
3.54421077148e-09	3.67718689631e-06
3.54732513956e-09	3.67685265701e-06
3.55043950765e-09	3.67652819477e-06
3.55355387573e-09	3.67620123143e-06
3.55666824382e-09	3.6758879105e-06
3.5597826119e-09	3.6755623114e-06
3.56289697998e-09	3.67524785361e-06
3.56601134807e-09	3.6749395349e-06
3.56912571615e-09	3.67463258044e-06
3.57224008424e-09	3.67433699466e-06
3.57535445232e-09	3.67403663404e-06
3.5784688204e-09	3.67372422261e-06
3.58158318849e-09	3.6734211335e-06
3.58469755657e-09	3.67310644833e-06
3.58781192466e-09	3.6727819861e-06
3.59092629274e-09	3.67246798305e-06
