% time-domain current integration by openEMS v0.0.36-93-g7b9cd51 @Thu Sep 24 15:20:05 2026
% start-coordinates: (0.00695,-0.00065,0.00045) m -> [9,5,19]
% stop-coordinates: (0.007,0.0006,0.00045) m -> [10,12,19]
% t/s	current
9.04777591636e-15	0
3.68244479796e-12	-3.61700425167e-09
7.35584182e-12	-4.38933028812e-10
1.1029238842e-11	3.67722652328e-09
1.47026358641e-11	2.25283578459e-08
1.83760328861e-11	5.77858472184e-08
2.20494299082e-11	1.20584516594e-07
2.57228269302e-11	1.95561341343e-07
2.93962239522e-11	2.58656370988e-07
3.30696209743e-11	2.28944600167e-07
3.67430179963e-11	5.96897375971e-09
4.04164150184e-11	-5.2776533721e-07
4.40898120404e-11	-1.4185047803e-06
4.77632090625e-11	-2.56253042608e-06
5.14366060845e-11	-3.63108460988e-06
5.51100031065e-11	-4.09651238442e-06
5.87834001286e-11	-3.36443531523e-06
6.24567971506e-11	-1.05652520688e-06
6.61301941727e-11	2.71638009508e-06
6.98035911947e-11	7.18746241546e-06
7.34769882167e-11	1.10541541289e-05
7.71503852388e-11	1.28938008856e-05
8.08237822608e-11	1.17403606055e-05
8.44971792829e-11	7.55266955821e-06
8.81705763049e-11	1.34986373723e-06
9.18439733269e-11	-5.13516852152e-06
9.5517370349e-11	-1.00890265458e-05
9.9190767371e-11	-1.22975779959e-05
1.02864164393e-10	-1.15279735837e-05
1.06537561415e-10	-8.49624484545e-06
1.10210958437e-10	-4.4545995479e-06
1.13884355459e-10	-6.74230875575e-07
1.17557752481e-10	1.99467694983e-06
1.21231149503e-10	3.26744816448e-06
1.24904546525e-10	3.35050754074e-06
1.28577943547e-10	2.69910719908e-06
1.32251340569e-10	1.78934988071e-06
1.35924737591e-10	9.55733185037e-07
1.39598134613e-10	3.62823016076e-07
1.43271531636e-10	2.47017535315e-08
1.46944928658e-10	-1.16937187045e-07
1.5061832568e-10	-1.40453906283e-07
1.54291722702e-10	-1.12904039895e-07
1.57965119724e-10	-7.29276479206e-08
1.61638516746e-10	-3.98802981749e-08
1.65311913768e-10	-1.78074337498e-08
1.6898531079e-10	-5.6321871611e-09
1.72658707812e-10	1.65078972714e-09
1.76332104834e-10	3.6160088257e-09
1.80005501856e-10	6.63945343149e-09
1.83678898878e-10	4.10697253983e-09
1.873522959e-10	2.5778383872e-09
1.91025692922e-10	-1.26993171534e-09
1.94699089944e-10	-2.32885888352e-09
1.98372486966e-10	-5.33384358903e-09
2.02045883988e-10	-4.115600305e-09
2.0571928101e-10	-6.77134792681e-09
2.09392678032e-10	-4.52590498412e-09
2.13066075054e-10	-4.81473527714e-09
2.16739472076e-10	-9.02534935676e-10
2.20412869098e-10	1.01278008202e-09
2.2408626612e-10	4.81469886182e-09
2.27759663142e-10	4.16648937573e-09
2.31433060165e-10	5.96196336744e-09
2.35106457187e-10	3.08504866098e-09
2.38779854209e-10	3.43866268793e-09
2.42453251231e-10	8.91198226327e-10
2.46126648253e-10	2.3782065206e-10
2.49800045275e-10	-2.3040049868e-09
2.53473442297e-10	-2.35307773266e-09
2.57146839319e-10	-4.22084056595e-09
2.60820236341e-10	-1.93148785854e-09
2.64493633363e-10	-2.07423056509e-09
2.68167030385e-10	6.09898798132e-10
2.71840427407e-10	9.62439017371e-10
2.75513824429e-10	2.2830519697e-09
2.79187221451e-10	1.20359366917e-09
2.82860618473e-10	2.03619165973e-09
2.86534015495e-10	-5.99888139163e-10
2.90207412517e-10	6.82967016274e-11
2.93880809539e-10	-2.4070905269e-09
2.97554206561e-10	-1.86030391092e-09
3.01227603583e-10	-2.96708613234e-09
3.04901000605e-10	-1.01809405351e-09
3.08574397627e-10	-1.18711973585e-09
3.12247794649e-10	2.6491218108e-09
3.15921191671e-10	2.13767092916e-09
3.19594588693e-10	5.03053865231e-09
3.23267985716e-10	3.33218785897e-09
3.26941382738e-10	3.77083253511e-09
3.3061477976e-10	1.08931530463e-09
3.34288176782e-10	1.15589759986e-09
3.37961573804e-10	-2.46869058529e-09
3.41634970826e-10	-1.99973504422e-09
3.45308367848e-10	-5.31090016409e-09
3.4898176487e-10	-4.15620426963e-09
3.52655161892e-10	-4.59154314569e-09
3.56328558914e-10	-1.90622628793e-09
3.60001955936e-10	-7.04004854413e-10
3.63675352958e-10	2.17425677462e-09
3.6734874998e-10	1.7110450834e-09
3.71022147002e-10	3.30365423906e-09
3.74695544024e-10	2.27183605261e-09
3.78368941046e-10	2.51356269132e-09
3.82042338068e-10	1.87306170574e-09
3.8571573509e-10	7.11426917377e-10
3.89389132112e-10	-5.9083682391e-10
3.93062529134e-10	-1.42079903398e-09
3.96735926156e-10	-1.87449078481e-09
4.00409323178e-10	-1.06417541446e-09
4.040827202e-10	2.04594119424e-10
4.07756117222e-10	3.0203572976e-10
4.11429514245e-10	1.50686374489e-09
4.15102911267e-10	4.56525484083e-10
4.18776308289e-10	9.23939147413e-10
4.22449705311e-10	2.19408491375e-10
4.26123102333e-10	2.17811546577e-10
4.29796499355e-10	-9.9129460196e-10
4.33469896377e-10	-9.69986313493e-10
4.37143293399e-10	-2.77308531693e-09
4.40816690421e-10	-1.68813585333e-09
4.44490087443e-10	-2.07162553778e-09
4.48163484465e-10	-4.12817335871e-10
4.51836881487e-10	1.79083414764e-10
4.55510278509e-10	1.30662280995e-09
4.59183675531e-10	1.03826436337e-09
4.62857072553e-10	2.07367634175e-09
4.66530469575e-10	1.06601394378e-09
4.70203866597e-10	1.83720594293e-09
4.73877263619e-10	7.88730858403e-10
4.77550660641e-10	3.83998610687e-10
4.81224057663e-10	-8.27971580186e-10
4.84897454685e-10	-1.03854613798e-09
4.88570851707e-10	-2.07678851893e-09
4.92244248729e-10	-7.23664683733e-10
4.95917645751e-10	-1.15404930057e-09
4.99591042774e-10	4.47631265388e-10
5.03264439796e-10	2.55102161617e-10
5.06937836818e-10	1.27837318509e-09
5.1061123384e-10	9.11631659051e-10
5.14284630862e-10	2.48088039001e-09
5.17958027884e-10	1.20125598357e-09
5.21631424906e-10	2.63394195343e-09
5.25304821928e-10	2.72963873726e-10
5.2897821895e-10	7.48328510269e-10
5.32651615972e-10	-1.38250744186e-09
5.36325012994e-10	-4.07302858108e-10
5.39998410016e-10	-2.07213535219e-09
5.43671807038e-10	-9.2064134094e-11
5.4734520406e-10	-2.38153718968e-09
5.51018601082e-10	-1.9146439989e-10
5.54691998104e-10	-2.14870587989e-09
5.58365395126e-10	1.48308032522e-11
5.62038792148e-10	-1.22682086712e-09
5.6571218917e-10	6.45450803916e-10
5.69385586192e-10	-1.54362433946e-09
5.73058983214e-10	1.0675238471e-10
5.76732380236e-10	-2.44118592008e-09
5.80405777258e-10	-2.68307154272e-10
5.8407917428e-10	-1.39919276165e-09
5.87752571303e-10	6.69057698133e-10
5.91425968325e-10	1.65369051786e-10
5.95099365347e-10	1.95175009488e-09
5.98772762369e-10	1.15525500277e-09
6.02446159391e-10	3.28160032481e-09
6.06119556413e-10	2.46142484173e-09
6.09792953435e-10	3.586873909e-09
6.13466350457e-10	2.36303154821e-09
6.17139747479e-10	1.60141144789e-09
6.20813144501e-10	-1.50937040644e-11
6.24486541523e-10	-6.83209044894e-10
6.28159938545e-10	-1.95753391274e-09
6.31833335567e-10	-1.75552861137e-09
6.35506732589e-10	-2.36010544441e-09
6.39180129611e-10	-2.33095764912e-09
6.42853526633e-10	-2.01549177348e-09
6.46526923655e-10	-1.72286140909e-09
6.50200320677e-10	-8.39243119444e-10
6.53873717699e-10	5.87863091539e-12
6.57547114721e-10	1.84972287487e-10
6.61220511743e-10	4.04601518955e-10
6.64893908765e-10	1.38914962866e-10
6.68567305787e-10	-1.82455051068e-10
6.72240702809e-10	1.10191189506e-10
6.75914099831e-10	2.40595987577e-10
6.79587496854e-10	4.76370276559e-10
6.83260893876e-10	9.19571085944e-10
6.86934290898e-10	6.92808255209e-10
6.9060768792e-10	1.09316034003e-09
6.94281084942e-10	1.32206734449e-09
6.97954481964e-10	1.44914169553e-09
7.01627878986e-10	1.53099088962e-09
7.05301276008e-10	1.07268416372e-09
7.0897467303e-10	1.44096734545e-10
7.12648070052e-10	-4.23796553406e-10
7.16321467074e-10	-1.11497477917e-09
7.19994864096e-10	-1.39175970748e-09
7.23668261118e-10	-1.06436104375e-09
7.2734165814e-10	-1.57215929164e-09
7.31015055162e-10	-1.01590380552e-09
7.34688452184e-10	-1.27352439705e-09
7.38361849206e-10	-4.81736872615e-10
7.42035246228e-10	-2.68863153963e-10
7.4570864325e-10	9.55999057695e-10
7.49382040272e-10	2.81474177299e-10
7.53055437294e-10	1.4338490395e-09
7.56728834316e-10	-1.79442238846e-10
7.60402231338e-10	9.80967529429e-10
7.6407562836e-10	-2.37558417382e-10
7.67749025383e-10	9.50463485694e-10
7.71422422405e-10	-4.09151656999e-10
7.75095819427e-10	8.54453285903e-10
7.78769216449e-10	-1.18672471849e-09
7.82442613471e-10	6.43156639057e-10
7.86116010493e-10	-1.0669538586e-09
7.89789407515e-10	9.44099243227e-10
7.93462804537e-10	-4.53006632206e-10
7.97136201559e-10	9.23593979074e-10
8.00809598581e-10	-8.40806979596e-10
8.04482995603e-10	6.88824997042e-10
8.08156392625e-10	-1.11324538477e-09
8.11829789647e-10	7.68070940182e-10
8.15503186669e-10	-7.49729944793e-10
8.19176583691e-10	4.73671102341e-10
8.22849980713e-10	-8.54173398679e-10
8.26523377735e-10	1.58624891e-10
8.30196774757e-10	-7.65013830062e-10
8.33870171779e-10	7.88789755735e-10
8.37543568801e-10	-1.033264585e-10
8.41216965823e-10	1.08118980435e-09
8.44890362845e-10	8.17133027908e-11
8.48563759867e-10	5.3871263006e-10
8.52237156889e-10	-1.55466306495e-10
8.55910553912e-10	3.91527921195e-10
8.59583950934e-10	-3.62939456267e-10
8.63257347956e-10	1.71410219352e-10
8.66930744978e-10	-9.20741483057e-10
8.70604142e-10	-4.94350782532e-10
8.74277539022e-10	-9.79654801725e-10
8.77950936044e-10	-2.34668728893e-10
8.81624333066e-10	-2.65123478727e-10
8.85297730088e-10	6.55365983704e-10
8.8897112711e-10	-1.17402199074e-11
8.92644524132e-10	7.91958387758e-10
8.96317921154e-10	-6.67944588528e-11
8.99991318176e-10	6.73659905637e-10
9.03664715198e-10	7.09301506419e-11
9.0733811222e-10	5.45231193527e-10
9.11011509242e-10	-4.73734884654e-10
9.14684906264e-10	1.1464584837e-10
9.18358303286e-10	-1.00489905286e-09
9.22031700308e-10	1.58743129752e-10
9.2570509733e-10	-3.1607660933e-10
9.29378494352e-10	6.82877976388e-10
9.33051891374e-10	2.52298293368e-10
9.36725288396e-10	7.58979323834e-10
9.40398685418e-10	2.39743780384e-11
9.4407208244e-10	6.85545176182e-10
9.47745479463e-10	-2.21112017584e-12
9.51418876485e-10	3.67190056139e-10
9.55092273507e-10	-1.76742620539e-10
9.58765670529e-10	-5.33513677681e-10
9.62439067551e-10	-7.12087722121e-10
9.66112464573e-10	-8.67432570217e-10
9.69785861595e-10	-5.23254994889e-10
9.73459258617e-10	-4.05003586224e-10
9.77132655639e-10	2.76505485175e-11
9.80806052661e-10	-4.66838345758e-10
9.84479449683e-10	2.39606834374e-10
9.88152846705e-10	-6.44340247824e-10
9.91826243727e-10	5.18341924938e-10
9.95499640749e-10	-3.29749089145e-10
9.99173037771e-10	6.67822963596e-10
1.00284643479e-09	-4.21192025701e-10
1.00651983182e-09	5.41125699804e-10
1.01019322884e-09	-6.01599992045e-10
1.01386662586e-09	1.00272923298e-09
1.01754002288e-09	-1.05619291091e-10
1.0212134199e-09	1.4488588107e-09
1.02488681693e-09	1.75483294562e-10
1.02856021395e-09	1.16614340406e-09
1.03223361097e-09	-8.72713012967e-11
1.03590700799e-09	9.74654579267e-10
1.03958040501e-09	-2.46750175847e-10
1.04325380204e-09	7.79670550344e-10
1.04692719906e-09	-6.94281521163e-10
1.05060059608e-09	-9.36303257149e-11
1.0542739931e-09	-1.22920784662e-09
1.05794739012e-09	-5.80440362441e-10
1.06162078715e-09	-1.21235865791e-09
1.06529418417e-09	-3.41427774941e-10
1.06896758119e-09	-1.09293396555e-09
1.07264097821e-09	-3.36172867321e-10
1.07631437523e-09	-9.39901712016e-10
1.07998777226e-09	-1.05705000308e-10
1.08366116928e-09	-2.08165151783e-10
1.0873345663e-09	6.29737373359e-10
1.09100796332e-09	2.72848188487e-10
1.09468136034e-09	9.90252546629e-10
1.09835475737e-09	2.20442386567e-10
1.10202815439e-09	1.02365560473e-09
1.10570155141e-09	4.42058278871e-10
1.10937494843e-09	1.17780507569e-09
1.11304834545e-09	3.96503052613e-10
1.11672174248e-09	9.21920983998e-10
1.1203951395e-09	-3.07192493665e-10
1.12406853652e-09	5.49673195849e-10
1.12774193354e-09	-6.68912036872e-10
1.13141533056e-09	3.97139543473e-10
1.13508872759e-09	-7.85901566047e-10
1.13876212461e-09	-2.21445639603e-11
1.14243552163e-09	-1.34465638624e-09
1.14610891865e-09	-3.17686654761e-10
1.14978231567e-09	-1.49046130993e-09
1.1534557127e-09	2.49582576828e-11
1.15712910972e-09	-1.02715591588e-09
1.16080250674e-09	2.78552736432e-10
1.16447590376e-09	-6.16777295903e-10
1.16814930079e-09	4.88683093991e-10
1.17182269781e-09	-9.6345348366e-11
1.17549609483e-09	1.12687303933e-09
1.17916949185e-09	4.15439682655e-10
1.18284288887e-09	1.19830534384e-09
1.1865162859e-09	2.84912538007e-10
1.19018968292e-09	5.25978705035e-10
1.19386307994e-09	5.28258548016e-11
1.19753647696e-09	1.48217438323e-10
1.20120987398e-09	-5.11129472081e-11
1.20488327101e-09	-1.02356886855e-10
1.20855666803e-09	-3.45999146001e-10
1.21223006505e-09	-5.42091205258e-10
1.21590346207e-09	-2.83109480304e-10
1.21957685909e-09	-5.11511499823e-10
1.22325025612e-09	1.62040880713e-10
1.22692365314e-09	-3.37680106099e-10
1.23059705016e-09	1.45576384281e-10
1.23427044718e-09	-4.67732574894e-10
1.2379438442e-09	1.08553166456e-10
1.24161724123e-09	-3.60637353314e-10
1.24529063825e-09	5.33588340179e-10
1.24896403527e-09	-8.8695606415e-11
1.25263743229e-09	6.38757657878e-10
1.25631082931e-09	-6.63840649118e-11
1.25998422634e-09	5.47836220832e-10
1.26365762336e-09	8.57512949537e-11
1.26733102038e-09	6.74870603845e-10
1.2710044174e-09	7.78813680213e-11
1.27467781442e-09	3.89266840983e-10
1.27835121145e-09	-4.29868696195e-10
1.28202460847e-09	-2.34184005521e-10
1.28569800549e-09	-6.9699851446e-10
1.28937140251e-09	-3.6711250706e-10
1.29304479953e-09	-6.07442540712e-10
1.29671819656e-09	-3.10166003992e-10
1.30039159358e-09	-6.40010600073e-10
1.3040649906e-09	-1.66658464806e-10
1.30773838762e-09	-3.1082747487e-10
1.31141178464e-09	3.66779051575e-10
1.31508518167e-09	3.11305009548e-10
1.31875857869e-09	7.63382357327e-10
1.32243197571e-09	3.33978011913e-10
1.32610537273e-09	7.71777197706e-10
1.32977876975e-09	1.32493016558e-10
1.33345216678e-09	8.56035575758e-10
1.3371255638e-09	6.33690877549e-11
1.34079896082e-09	6.76149580769e-10
1.34447235784e-09	-3.64219765459e-10
1.34814575487e-09	2.05077010929e-10
1.35181915189e-09	-8.9537510739e-10
1.35549254891e-09	1.44709494387e-10
1.35916594593e-09	-1.00653940738e-09
1.36283934295e-09	1.85084503279e-10
1.36651273998e-09	-1.12913878247e-09
1.370186137e-09	1.64067093245e-11
1.37385953402e-09	-1.09868814047e-09
1.37753293104e-09	2.82327161649e-10
1.38120632806e-09	-6.85461021277e-10
1.38487972509e-09	7.92230503421e-10
1.38855312211e-09	-3.99046684585e-10
1.39222651913e-09	8.5873352873e-10
1.39589991615e-09	-2.14722448155e-10
1.39957331317e-09	9.24479048869e-10
1.4032467102e-09	1.13249576383e-10
1.40692010722e-09	9.84952008842e-10
1.41059350424e-09	4.0131564738e-11
1.41426690126e-09	6.03938232757e-10
1.41794029828e-09	-2.96591751159e-10
1.42161369531e-09	1.85147674969e-10
1.42528709233e-09	-2.76265232912e-10
1.42896048935e-09	-1.06066544436e-11
1.43263388637e-09	-3.42710471113e-10
1.43630728339e-09	-3.40332761972e-10
1.43998068042e-09	-5.46537148871e-10
1.44365407744e-09	-4.58321269825e-10
1.44732747446e-09	-3.09006709109e-10
1.45100087148e-09	-2.36431318967e-10
1.4546742685e-09	4.11035649961e-11
1.45834766553e-09	-1.31228306e-10
1.46202106255e-09	1.4635472001e-10
1.46569445957e-09	7.48778816728e-11
1.46936785659e-09	4.52317905353e-10
1.47304125361e-09	4.20665224876e-10
1.47671465064e-09	6.30247853906e-10
1.48038804766e-09	3.1441160786e-10
1.48406144468e-09	3.08995828924e-10
1.4877348417e-09	2.42705855413e-12
1.49140823872e-09	4.70956607046e-13
1.49508163575e-09	-6.68101685086e-11
1.49875503277e-09	-2.04971040141e-10
1.50242842979e-09	-3.01871139197e-10
1.50610182681e-09	-4.97182628401e-10
1.50977522383e-09	-4.73907746379e-10
1.51344862086e-09	-4.6042725188e-10
1.51712201788e-09	-2.02274197392e-10
1.5207954149e-09	-2.37336483799e-10
1.52446881192e-09	-1.09448006214e-11
1.52814220895e-09	-1.78838166498e-10
1.53181560597e-09	5.17386133936e-12
1.53548900299e-09	1.21097465389e-10
1.53916240001e-09	3.31303318113e-10
1.54283579703e-09	5.65369417949e-10
1.54650919406e-09	5.59273294343e-10
1.55018259108e-09	6.53032738995e-10
1.5538559881e-09	4.31886082453e-10
1.55752938512e-09	6.28522567325e-10
1.56120278214e-09	1.88821402958e-10
1.56487617917e-09	5.15599563045e-10
1.56854957619e-09	-3.49498874286e-10
1.57222297321e-09	-3.85290688243e-11
1.57589637023e-09	-1.04595299089e-09
1.57956976725e-09	-4.24550172795e-10
1.58324316428e-09	-1.22493792887e-09
1.5869165613e-09	-2.20473195256e-10
1.59058995832e-09	-1.04449293659e-09
1.59426335534e-09	1.30566668588e-10
1.59793675236e-09	-8.32684809993e-10
1.60161014939e-09	4.83454609679e-10
1.60528354641e-09	-3.82389453435e-10
1.60895694343e-09	9.0829777033e-10
1.61263034045e-09	-3.83193199394e-11
1.61630373747e-09	1.0059058031e-09
1.6199771345e-09	-6.74409972312e-11
1.62365053152e-09	9.53495726819e-10
1.62732392854e-09	3.38893357821e-11
1.63099732556e-09	1.01201713676e-09
1.63467072258e-09	1.85385484741e-10
1.63834411961e-09	7.56069873376e-10
1.64201751663e-09	-1.35670141788e-10
1.64569091365e-09	2.04251726643e-10
1.64936431067e-09	-5.26908294773e-10
1.65303770769e-09	-2.05034100809e-10
1.65671110472e-09	-7.44208361603e-10
1.66038450174e-09	-5.70152258739e-10
1.66405789876e-09	-8.88749740469e-10
1.66773129578e-09	-6.90428270111e-10
1.6714046928e-09	-6.30910212962e-10
1.67507808983e-09	-2.19078311048e-10
1.67875148685e-09	-4.16702228279e-11
1.68242488387e-09	2.14492756889e-10
1.68609828089e-09	2.42730724409e-10
1.68977167791e-09	3.18110371378e-10
1.69344507494e-09	3.5044800395e-10
1.69711847196e-09	4.90846807644e-10
1.70079186898e-09	4.56245041747e-10
1.704465266e-09	6.05013816823e-10
1.70813866303e-09	3.30919069924e-10
1.71181206005e-09	4.47184955732e-10
1.71548545707e-09	1.67152514052e-10
1.71915885409e-09	3.56759621845e-10
1.72283225111e-09	-3.73404640541e-11
1.72650564814e-09	1.17475862371e-10
1.73017904516e-09	-5.68618097052e-10
1.73385244218e-09	-3.72687880557e-10
1.7375258392e-09	-9.98333749003e-10
1.74119923622e-09	-5.30013255506e-10
1.74487263325e-09	-8.21113288474e-10
1.74854603027e-09	-2.12003525846e-10
1.75221942729e-09	-4.39138170272e-10
1.75589282431e-09	1.89855242638e-10
1.75956622133e-09	-2.41347497543e-11
1.76323961836e-09	5.74085834426e-10
1.76691301538e-09	4.08915484806e-10
1.7705864124e-09	7.04578728694e-10
1.77425980942e-09	4.66774841001e-10
1.77793320644e-09	3.74640651835e-10
1.78160660347e-09	2.25967244916e-10
1.78528000049e-09	1.15597642569e-10
1.78895339751e-09	2.14464779269e-10
1.79262679453e-09	1.52090562366e-11
1.79630019155e-09	2.13958628592e-10
1.79997358858e-09	-3.13158832199e-10
1.8036469856e-09	2.8164970356e-12
1.80732038262e-09	-6.79018286043e-10
1.81099377964e-09	-1.39076528072e-10
1.81466717666e-09	-8.16187673003e-10
1.81834057369e-09	-1.93888793909e-10
1.82201397071e-09	-8.95389873357e-10
1.82568736773e-09	-6.58004761789e-11
1.82936076475e-09	-6.13289641294e-10
1.83303416177e-09	4.9651527334e-10
1.8367075588e-09	1.20338183862e-11
1.84038095582e-09	9.7298491486e-10
1.84405435284e-09	3.01763503074e-10
1.84772774986e-09	9.02735997066e-10
1.85140114688e-09	1.69303682185e-10
1.85507454391e-09	6.49540754516e-10
1.85874794093e-09	-2.47075693238e-11
1.86242133795e-09	3.36931482714e-10
1.86609473497e-09	-2.73825961905e-10
1.86976813199e-09	-1.69295688579e-11
1.87344152902e-09	-3.71885966466e-10
1.87711492604e-09	-1.0816714191e-10
1.88078832306e-09	-2.5892460398e-10
1.88446172008e-09	-1.08709985458e-10
1.88813511711e-09	-3.52825768601e-10
1.89180851413e-09	-3.71994990367e-10
1.89548191115e-09	-5.25839038978e-10
1.89915530817e-09	-4.60607330055e-10
1.90282870519e-09	-3.51566886714e-10
1.90650210222e-09	-1.43226985827e-10
1.91017549924e-09	-1.44586564943e-11
1.91384889626e-09	2.75722111809e-10
1.91752229328e-09	3.02023211995e-10
1.9211956903e-09	6.30797636347e-10
1.92486908733e-09	5.73520120284e-10
1.92854248435e-09	7.70855490551e-10
1.93221588137e-09	3.66883967651e-10
1.93588927839e-09	4.74628336633e-10
1.93956267541e-09	-2.02935557247e-10
1.94323607244e-09	1.16814669049e-10
1.94690946946e-09	-5.02348551645e-10
1.95058286648e-09	3.40208972105e-11
1.9542562635e-09	-5.46764300502e-10
1.95792966052e-09	2.18409179631e-11
1.96160305755e-09	-6.67415900324e-10
1.96527645457e-09	5.42565992134e-11
1.96894985159e-09	-6.56682264122e-10
1.97262324861e-09	1.43095091332e-10
1.97629664563e-09	-5.51811929483e-10
1.97997004266e-09	1.38615674494e-10
1.98364343968e-09	-4.4706816027e-10
1.9873168367e-09	2.62640381665e-10
1.99099023372e-09	-9.06629493702e-11
1.99466363074e-09	6.73208211399e-10
1.99833702777e-09	3.15413140051e-10
2.00201042479e-09	7.57363394221e-10
2.00568382181e-09	3.38178152148e-10
2.00935721883e-09	4.0328151929e-10
2.01303061585e-09	1.16107901071e-10
2.01670401288e-09	-1.19659837594e-12
2.0203774099e-09	-1.46501921705e-10
2.02405080692e-09	-3.75256881124e-10
2.02772420394e-09	-3.74934305825e-10
2.03139760096e-09	-5.90506532561e-10
2.03507099799e-09	-2.09142370089e-10
2.03874439501e-09	-4.15784073837e-10
2.04241779203e-09	1.36113120774e-10
2.04609118905e-09	-2.27043606138e-10
2.04976458607e-09	2.24656737657e-10
2.0534379831e-09	-2.24363250201e-10
2.05711138012e-09	2.44327835741e-10
2.06078477714e-09	-1.38999353694e-10
2.06445817416e-09	3.93142740585e-10
2.06813157119e-09	6.13092909774e-12
2.07180496821e-09	4.48898807015e-10
2.07547836523e-09	1.20496168599e-10
2.07915176225e-09	4.41050640454e-10
2.08282515927e-09	2.12170059299e-10
2.0864985563e-09	3.64946295406e-10
2.09017195332e-09	7.46230299775e-11
2.09384535034e-09	-1.42237333023e-11
2.09751874736e-09	-3.03316594064e-10
2.10119214438e-09	-4.48915848938e-10
2.10486554141e-09	-4.38083125331e-10
2.10853893843e-09	-5.0582582567e-10
2.11221233545e-09	-2.91506374595e-10
2.11588573247e-09	-3.29514970865e-10
2.11955912949e-09	-9.42668165749e-11
2.12323252652e-09	-1.08802078458e-10
2.12690592354e-09	1.65514657535e-10
2.13057932056e-09	1.3065548643e-10
2.13425271758e-09	3.50379114611e-10
2.1379261146e-09	2.11598127908e-10
2.14159951163e-09	2.363846896e-10
2.14527290865e-09	2.15199913445e-10
2.14894630567e-09	1.66143321323e-10
2.15261970269e-09	3.49577922165e-10
2.15629309971e-09	2.13087103518e-10
2.15996649674e-09	3.73989728075e-10
2.16363989376e-09	1.41944234144e-11
2.16731329078e-09	1.80277737183e-10
2.1709866878e-09	-3.41506822821e-10
2.17466008482e-09	3.56347173991e-11
2.17833348185e-09	-6.28627538912e-10
2.18200687887e-09	-1.30526200959e-10
2.18568027589e-09	-8.08183076018e-10
2.18935367291e-09	-1.87535542651e-10
2.19302706993e-09	-6.85241086096e-10
2.19670046696e-09	1.37629685426e-10
2.20037386398e-09	-3.14082093666e-10
2.204047261e-09	5.4106519265e-10
2.20772065802e-09	-6.53007092843e-11
2.21139405504e-09	6.13294415253e-10
2.21506745207e-09	6.40381914163e-11
2.21874084909e-09	5.68075197993e-10
2.22241424611e-09	1.16901266445e-10
2.22608764313e-09	4.75444905668e-10
2.22976104015e-09	3.94007049209e-12
2.23343443718e-09	2.46849429786e-10
2.2371078342e-09	-8.59785576068e-11
2.24078123122e-09	4.30924185224e-11
2.24445462824e-09	-5.65245628081e-11
2.24812802527e-09	-1.29133898019e-10
2.25180142229e-09	-1.85990250978e-10
2.25547481931e-09	-3.61604690635e-10
2.25914821633e-09	-3.28365612479e-10
2.26282161335e-09	-4.69098870859e-10
2.26649501038e-09	-1.93216220801e-10
2.2701684074e-09	-3.1887137375e-10
2.27384180442e-09	6.13036288399e-11
2.27751520144e-09	-9.58293999709e-11
2.28118859846e-09	2.44599784871e-10
2.28486199549e-09	1.61768459739e-10
2.28853539251e-09	4.28933472074e-10
2.29220878953e-09	3.06875524991e-10
2.29588218655e-09	4.08397204943e-10
2.29955558357e-09	1.99771754694e-10
2.3032289806e-09	1.29519395209e-10
2.30690237762e-09	5.9682703224e-11
2.31057577464e-09	-7.83544895633e-11
2.31424917166e-09	6.20605788981e-11
2.31792256868e-09	-2.00310878995e-10
2.32159596571e-09	-1.49315143583e-11
2.32526936273e-09	-3.44395512109e-10
2.32894275975e-09	-6.55355769652e-11
2.33261615677e-09	-4.17564260946e-10
2.33628955379e-09	2.35700348128e-11
2.33996295082e-09	-4.24565493873e-10
2.34363634784e-09	5.94460036751e-11
2.34730974486e-09	-3.95074306603e-10
2.35098314188e-09	1.26595400829e-10
2.3546565389e-09	-1.45467582424e-10
2.35832993593e-09	3.69200281458e-10
2.36200333295e-09	1.1062339933e-10
2.36567672997e-09	5.03554864473e-10
2.36935012699e-09	1.64518454415e-10
2.37302352401e-09	3.9115877204e-10
2.37669692104e-09	1.54069312863e-10
2.38037031806e-09	1.95316096629e-10
2.38404371508e-09	9.94213045225e-11
2.3877171121e-09	-7.40990047099e-11
2.39139050912e-09	-9.20522547077e-11
2.39506390615e-09	-3.01914937495e-10
2.39873730317e-09	-1.47413567464e-10
2.40241070019e-09	-3.76081721321e-10
2.40608409721e-09	-3.00161007161e-11
2.40975749423e-09	-4.12459399968e-10
2.41343089126e-09	2.41007214186e-11
2.41710428828e-09	-4.22669010902e-10
2.4207776853e-09	8.67386162895e-11
2.42445108232e-09	-2.53133181083e-10
2.42812447935e-09	2.7923202639e-10
2.43179787637e-09	-7.48281714369e-11
2.43547127339e-09	4.29378199662e-10
2.43914467041e-09	3.2139901851e-11
2.44281806743e-09	4.66059468796e-10
2.44649146446e-09	1.53084878107e-10
2.45016486148e-09	4.15188161629e-10
2.4538382585e-09	1.36674394025e-10
2.45751165552e-09	1.70575165104e-10
2.46118505254e-09	-9.34037291955e-11
2.46485844957e-09	-1.12655357265e-10
2.46853184659e-09	-2.17962092819e-10
2.47220524361e-09	-2.66247968117e-10
2.47587864063e-09	-1.65198216218e-10
2.47955203765e-09	-3.20758475336e-10
2.48322543468e-09	-1.16783027693e-10
2.4868988317e-09	-2.82963874554e-10
2.49057222872e-09	-7.68057839551e-12
2.49424562574e-09	-1.20399523684e-10
2.49791902276e-09	1.51837820095e-10
2.50159241979e-09	-4.92388907425e-11
2.50526581681e-09	2.04946365434e-10
2.50893921383e-09	-1.925237747e-12
2.51261261085e-09	2.2050014592e-10
2.51628600787e-09	1.6837331529e-10
2.5199594049e-09	2.34368469076e-10
2.52363280192e-09	2.26860585872e-10
2.52730619894e-09	1.13313192163e-10
2.53097959596e-09	1.07335529353e-10
2.53465299298e-09	-6.90556500871e-11
2.53832639001e-09	6.0270011204e-11
2.54199978703e-09	-2.73470857071e-10
2.54567318405e-09	4.00512817356e-11
2.54934658107e-09	-4.43254322136e-10
2.55301997809e-09	-2.06334949127e-12
2.55669337512e-09	-4.43533099137e-10
2.56036677214e-09	1.18312026842e-10
2.56404016916e-09	-3.11452974522e-10
2.56771356618e-09	2.99080760158e-10
2.5713869632e-09	-2.7389179813e-10
2.57506036023e-09	3.64462876545e-10
2.57873375725e-09	-2.17861770291e-10
2.58240715427e-09	3.82772757934e-10
2.58608055129e-09	-9.68686797442e-11
2.58975394831e-09	3.97800570262e-10
2.59342734534e-09	-5.83988413183e-11
2.59710074236e-09	3.31015215238e-10
2.60077413938e-09	-8.1220419279e-11
2.6044475364e-09	2.44291975537e-10
2.60812093343e-09	-6.53482823409e-11
2.61179433045e-09	7.80757264396e-11
2.61546772747e-09	-1.33676389402e-10
2.61914112449e-09	-1.64108004963e-10
2.62281452151e-09	-2.58667337549e-10
2.62648791854e-09	-2.71025979437e-10
2.63016131556e-09	-1.99675775914e-10
2.63383471258e-09	-2.03068617477e-10
2.6375081096e-09	-3.53594376001e-11
2.64118150662e-09	-1.23707488697e-10
2.64485490365e-09	1.233416147e-10
2.64852830067e-09	2.29432584042e-11
2.65220169769e-09	2.45078624062e-10
2.65587509471e-09	1.73398517767e-10
2.65954849173e-09	2.6482974147e-10
2.66322188876e-09	1.47781731297e-10
2.66689528578e-09	1.58933810557e-10
2.6705686828e-09	9.00556851313e-11
2.67424207982e-09	6.84053924616e-11
2.67791547684e-09	1.16906651026e-10
2.68158887387e-09	-6.97915336634e-11
2.68526227089e-09	6.4134614286e-11
2.68893566791e-09	-2.60093863114e-10
2.69260906493e-09	-3.88241105931e-11
2.69628246195e-09	-3.6448624674e-10
2.69995585898e-09	-3.12076475772e-11
2.703629256e-09	-4.06272293585e-10
2.70730265302e-09	2.84737233791e-11
2.71097605004e-09	-3.9526898421e-10
2.71464944706e-09	1.63101365747e-10
2.71832284409e-09	-2.01792749177e-10
2.72199624111e-09	3.44605899372e-10
2.72566963813e-09	1.71672676075e-11
2.72934303515e-09	4.23309554076e-10
2.73301643217e-09	3.9772768412e-11
2.7366898292e-09	3.51384865649e-10
2.74036322622e-09	-2.72892819453e-13
2.74403662324e-09	2.21686335955e-10
2.74771002026e-09	-4.6369019735e-12
2.75138341728e-09	2.05439554257e-11
2.75505681431e-09	-4.08098832505e-11
2.75873021133e-09	-1.31696736849e-10
2.76240360835e-09	-5.03868752277e-11
2.76607700537e-09	-1.84561810279e-10
2.76975040239e-09	1.45015943698e-11
2.77342379942e-09	-2.83415957369e-10
2.77709719644e-09	4.40381064948e-11
2.78077059346e-09	-3.98431343474e-10
2.78444399048e-09	9.4150132135e-11
2.78811738751e-09	-3.38594319249e-10
2.79179078453e-09	2.23261326093e-10
2.79546418155e-09	-1.98570077048e-10
2.79913757857e-09	3.70512842629e-10
2.80281097559e-09	-1.22388321699e-10
2.80648437262e-09	4.68733163395e-10
2.81015776964e-09	-4.40485981024e-11
2.81383116666e-09	4.64167926317e-10
2.81750456368e-09	-4.27231583444e-11
2.8211779607e-09	2.80490908278e-10
2.82485135773e-09	-1.72672542931e-10
2.82852475475e-09	9.58906010151e-11
2.83219815177e-09	-2.59797877655e-10
2.83587154879e-09	2.05119116137e-11
2.83954494581e-09	-2.23643603636e-10
2.84321834284e-09	-5.95134497239e-11
2.84689173986e-09	-1.93430882423e-10
2.85056513688e-09	-1.10623343819e-10
2.8542385339e-09	-1.49257495252e-10
2.85791193092e-09	-5.96527827135e-11
2.86158532795e-09	-9.5430829905e-11
2.86525872497e-09	-1.17214848938e-11
2.86893212199e-09	-2.42942610473e-11
2.87260551901e-09	4.87727636056e-11
2.87627891603e-09	9.13289999183e-11
2.87995231306e-09	2.3774468505e-10
2.88362571008e-09	1.7930551488e-10
2.8872991071e-09	3.55584339751e-10
2.89097250412e-09	9.25278187403e-11
2.89464590114e-09	2.86402457306e-10
2.89831929817e-09	-9.1571916716e-11
2.90199269519e-09	1.5989881641e-10
2.90566609221e-09	-3.03870872909e-10
2.90933948923e-09	7.54788731516e-11
2.91301288625e-09	-5.11201081466e-10
2.91668628328e-09	6.40812403141e-11
2.9203596803e-09	-5.49886081114e-10
2.92403307732e-09	1.88170312665e-10
2.92770647434e-09	-4.37918867835e-10
2.93137987136e-09	3.3021052559e-10
2.93505326839e-09	-3.66599028911e-10
2.93872666541e-09	4.09656975009e-10
2.94240006243e-09	-3.55885099168e-10
2.94607345945e-09	4.66524263665e-10
2.94974685647e-09	-2.64360255908e-10
2.9534202535e-09	4.88502793772e-10
2.95709365052e-09	-1.7894147275e-10
2.96076704754e-09	4.58646620682e-10
2.96444044456e-09	-1.30528976516e-10
2.96811384159e-09	4.22332280259e-10
2.97178723861e-09	-1.16685716645e-10
2.97546063563e-09	2.76007244837e-10
2.97913403265e-09	-1.8537338331e-10
2.98280742967e-09	-2.31462765621e-12
2.9864808267e-09	-2.90337753839e-10
2.99015422372e-09	-1.84130599656e-10
2.99382762074e-09	-2.6550556198e-10
2.99750101776e-09	-1.8443935268e-10
3.00117441478e-09	-1.21515519869e-10
3.00484781181e-09	-1.24528554135e-10
3.00852120883e-09	5.93618487699e-11
3.01219460585e-09	-4.87241358371e-11
3.01586800287e-09	2.22239615599e-10
3.01954139989e-09	2.41729830597e-11
3.02321479692e-09	2.42082631718e-10
3.02688819394e-09	-8.93135565505e-12
3.03056159096e-09	1.80352566215e-10
3.03423498798e-09	-3.75059983071e-11
3.037908385e-09	1.98437988264e-10
3.04158178203e-09	2.78232992201e-12
3.04525517905e-09	2.02236227764e-10
3.04892857607e-09	3.01554337057e-11
3.05260197309e-09	7.33753058313e-11
3.05627537011e-09	-3.9314565492e-11
3.05994876714e-09	-7.3605802009e-11
3.06362216416e-09	-1.55106594235e-10
3.06729556118e-09	-2.01833161295e-10
3.0709689582e-09	-2.3622315215e-10
3.07464235522e-09	-2.78509382223e-10
3.07831575225e-09	-1.51009593718e-10
3.08198914927e-09	-1.56623936043e-10
3.08566254629e-09	5.87440096567e-11
3.08933594331e-09	9.31933419324e-11
3.09300934033e-09	1.88903281906e-10
3.09668273736e-09	2.10819861568e-10
3.10035613438e-09	1.87196175228e-10
3.1040295314e-09	1.97654226319e-10
3.10770292842e-09	8.93036200544e-11
3.11137632544e-09	1.60014279604e-10
3.11504972247e-09	-7.62638285856e-11
3.11872311949e-09	1.51327617104e-10
3.12239651651e-09	-2.22451224108e-10
3.12606991353e-09	1.92947255395e-10
3.12974331055e-09	-2.71477562652e-10
3.13341670758e-09	2.35184233199e-10
3.1370901046e-09	-3.88824583641e-10
3.14076350162e-09	2.05625072525e-10
3.14443689864e-09	-5.74193914638e-10
3.14811029567e-09	2.00373051484e-10
3.15178369269e-09	-6.39382768952e-10
3.15545708971e-09	3.05910463627e-10
3.15913048673e-09	-5.21006848775e-10
3.16280388375e-09	4.88107110286e-10
3.16647728078e-09	-3.48826689756e-10
3.1701506778e-09	6.96364743646e-10
3.17382407482e-09	-2.20076901147e-10
3.17749747184e-09	7.6897782586e-10
3.18117086886e-09	-2.28306873407e-10
3.18484426589e-09	5.97283777992e-10
3.18851766291e-09	-3.73582276225e-10
3.19219105993e-09	3.50636020219e-10
3.19586445695e-09	-4.81414963449e-10
3.19953785397e-09	2.52921183996e-10
3.203211251e-09	-4.63246385696e-10
3.20688464802e-09	2.07156181098e-10
3.21055804504e-09	-3.79396264405e-10
3.21423144206e-09	1.54020574072e-10
3.21790483908e-09	-3.09197056847e-10
3.22157823611e-09	1.07050257547e-10
3.22525163313e-09	-2.89872292836e-10
3.22892503015e-09	5.91316995369e-11
3.23259842717e-09	-2.73666866946e-10
3.23627182419e-09	6.71220301562e-11
3.23994522122e-09	-1.13852496875e-10
3.24361861824e-09	2.30697752568e-10
3.24729201526e-09	1.00245534096e-10
3.25096541228e-09	3.83339748833e-10
3.2546388093e-09	1.4881279542e-10
