% time-domain voltage integration by openEMS v0.0.36-93-g7b9cd51 @Thu Sep 24 15:20:05 2026
% start-coordinates: (0.0583,0,0.00015) m -> [75,9,15]
% stop-coordinates: (0.0583,0,0.0021) m -> [75,9,21]
% t/s	voltage
0	-0
3.67339702204e-12	-0
7.34679404408e-12	-0
1.10201910661e-11	-0
1.46935880882e-11	-0
1.83669851102e-11	-0
2.20403821322e-11	-0
2.57137791543e-11	-0
2.93871761763e-11	-1.48788010914e-35
3.30605731984e-11	-8.16141982933e-26
3.67339702204e-11	-1.38223439721e-23
4.04073672425e-11	-7.30604367902e-22
4.40807642645e-11	-2.11411916132e-20
4.77541612865e-11	-3.8998213536e-19
5.14275583086e-11	-4.94769749231e-18
5.51009553306e-11	-4.5715251421e-17
5.87743523527e-11	-3.21779591191e-16
6.24477493747e-11	-1.78904416086e-15
6.61211463967e-11	-8.0924270218e-15
6.97945434188e-11	-3.05007516233e-14
7.34679404408e-11	-9.75473286604e-14
7.71413374629e-11	-2.67668495563e-13
8.08147344849e-11	-6.30248396894e-13
8.44881315069e-11	-1.2466299101e-12
8.8161528529e-11	-1.90939363249e-12
9.1834925551e-11	-1.46233839608e-12
9.55083225731e-11	3.79505375345e-12
9.91817195951e-11	2.33977530784e-11
1.02855116617e-10	7.88212016594e-11
1.06528513639e-10	2.13775666203e-10
1.10201910661e-10	5.09973295066e-10
1.13875307683e-10	1.10882036208e-09
1.17548704705e-10	2.23742365173e-09
1.21222101727e-10	4.23335791189e-09
1.24895498749e-10	7.55644902943e-09
1.28568895771e-10	1.27670239978e-08
1.32242292793e-10	2.04393063709e-08
1.35915689816e-10	3.09670627674e-08
1.39589086838e-10	4.42081545704e-08
1.4326248386e-10	5.89102085004e-08
1.46935880882e-10	7.18625257275e-08
1.50609277904e-10	7.67402182429e-08
1.54282674926e-10	6.26412268688e-08
1.57956071948e-10	1.23764652294e-08
1.6162946897e-10	-9.93436069727e-08
1.65302865992e-10	-3.07589541636e-07
1.68976263014e-10	-6.58418844418e-07
1.72649660036e-10	-1.20915364639e-06
1.76323057058e-10	-2.02722470934e-06
1.7999645408e-10	-3.18703230812e-06
1.83669851102e-10	-4.76431690785e-06
1.87343248124e-10	-6.8276854622e-06
1.91016645146e-10	-9.42711651331e-06
1.94690042168e-10	-1.25797748851e-05
1.9836343919e-10	-1.62535314786e-05
2.02036836212e-10	-2.03494749316e-05
2.05710233234e-10	-2.46851295418e-05
2.09383630256e-10	-2.89798562762e-05
2.13057027278e-10	-3.28454044539e-05
2.167304243e-10	-3.578416848e-05
2.20403821322e-10	-3.71960473129e-05
2.24077218345e-10	-3.63987629297e-05
2.27750615367e-10	-3.26595143552e-05
2.31424012389e-10	-2.52403406071e-05
2.35097409411e-10	-1.34560982601e-05
2.38770806433e-10	3.25962920211e-06
2.42444203455e-10	2.52803649103e-05
2.46117600477e-10	5.27155067291e-05
2.49790997499e-10	8.53412226114e-05
2.53464394521e-10	0.000122548505515
2.57137791543e-10	0.000163306693335
2.60811188565e-10	0.000206156818719
2.64484585587e-10	0.000249235828066
2.68157982609e-10	0.000290332329365
2.71831379631e-10	0.000326982252237
2.75504776653e-10	0.00035659493855
2.79178173675e-10	0.000376611708524
2.82851570697e-10	0.000384670968207
2.86524967719e-10	0.000378809599055
2.90198364741e-10	0.000357618693472
2.93871761763e-10	0.000320427732361
2.97545158785e-10	0.000267415455754
3.01218555807e-10	0.000199706571951
3.04891952829e-10	0.000119373954787
3.08565349851e-10	2.94258413049e-05
3.12238746874e-10	-6.63248216988e-05
3.15912143896e-10	-0.000163423742923
3.19585540918e-10	-0.000257019266589
3.2325893794e-10	-0.000342130218878
3.26932334962e-10	-0.000413979617857
3.30605731984e-10	-0.000468289234821
3.34279129006e-10	-0.000501608803448
3.37952526028e-10	-0.000511576258774
3.4162592305e-10	-0.00049713063963
3.45299320072e-10	-0.000458641348843
3.48972717094e-10	-0.000397957307841
3.52646114116e-10	-0.000318333480047
3.56319511138e-10	-0.000224267970172
3.5999290816e-10	-0.000121264698469
3.63666305182e-10	-1.5467411429e-05
3.67339702204e-10	8.67188846787e-05
3.71013099226e-10	0.000179059189246
3.74686496248e-10	0.000255907495183
3.7835989327e-10	0.000312626733089
3.82033290292e-10	0.000345889391212
3.85706687314e-10	0.000353955860181
3.89380084336e-10	0.000336789826896
3.93053481358e-10	0.000296087357047
3.9672687838e-10	0.00023514858211
4.00400275402e-10	0.000158669340532
4.04073672425e-10	7.23831687237e-05
4.07747069447e-10	-1.73411997535e-05
4.11420466469e-10	-0.000103965303405
4.15093863491e-10	-0.000181274546452
4.18767260513e-10	-0.000243827372071
4.22440657535e-10	-0.000287348885355
4.26114054557e-10	-0.000309058210437
4.29787451579e-10	-0.000307856766316
4.33460848601e-10	-0.000284385663093
4.37134245623e-10	-0.000240975164829
4.40807642645e-10	-0.000181435371845
4.44481039667e-10	-0.000110731687052
4.48154436689e-10	-3.45953822407e-05
4.51827833711e-10	4.09435120368e-05
4.55501230733e-10	0.000110038482136
4.59174627755e-10	0.000167489487434
4.62848024777e-10	0.000209141362202
4.66521421799e-10	0.000232215395709
4.70194818821e-10	0.000235488187403
4.73868215843e-10	0.000219371906914
4.77541612865e-10	0.000185854053912
4.81215009887e-10	0.000138295289258
4.84888406909e-10	8.11144586548e-05
4.88561803931e-10	1.94265593585e-05
4.92235200954e-10	-4.14362266672e-05
4.95908597976e-10	-9.63566993696e-05
4.99581994998e-10	-0.000140869920049
5.0325539202e-10	-0.000171514666931
5.06928789042e-10	-0.000186141392843
5.10602186064e-10	-0.00018402796731
5.14275583086e-10	-0.000165948880568
5.17948980108e-10	-0.000134051694168
5.2162237713e-10	-9.1648182611e-05
5.25295774152e-10	-4.28889661954e-05
5.28969171174e-10	7.59566703712e-06
5.32642568196e-10	5.51572355134e-05
5.36315965218e-10	9.55085360745e-05
5.3998936224e-10	0.000125119842938
5.43662759262e-10	0.000141535144539
5.47336156284e-10	0.000143555859149
5.51009553306e-10	0.000131333750881
5.54682950328e-10	0.000106346543609
5.5835634735e-10	7.12413913782e-05
5.62029744372e-10	2.95601734184e-05
5.65703141394e-10	-1.45735534383e-05
5.69376538416e-10	-5.68686598161e-05
5.73049935438e-10	-9.32533543719e-05
5.7672333246e-10	-0.000120253423004
5.80396729483e-10	-0.000135304722624
5.84070126505e-10	-0.000137013386341
5.87743523527e-10	-0.000125238594042
5.91416920549e-10	-0.000101138904596
5.95090317571e-10	-6.70406277337e-05
5.98763714593e-10	-2.62148221655e-05
6.02437111615e-10	1.74325375495e-05
6.06110508637e-10	5.9700131253e-05
6.09783905659e-10	9.6521880212e-05
6.13457302681e-10	0.000124322493407
6.17130699703e-10	0.000140356841362
6.20804096725e-10	0.000142978706517
6.24477493747e-10	0.000131793166906
6.28150890769e-10	0.000107686807909
6.31824287791e-10	7.27728183358e-05
6.35497684813e-10	3.01969993917e-05
6.39171081835e-10	-1.61622458315e-05
6.42844478857e-10	-6.20105950815e-05
6.46517875879e-10	-0.000103061197834
6.50191272901e-10	-0.000135414639415
6.53864669923e-10	-0.00015591127637
6.57538066945e-10	-0.000162416273136
6.61211463967e-10	-0.000154049784078
6.64884860989e-10	-0.00013123873541
6.68558258011e-10	-9.57123258791e-05
6.72231655034e-10	-5.03542010186e-05
6.75905052056e-10	1.05410136886e-06
6.79578449078e-10	5.41592893208e-05
6.832518461e-10	0.000104402361252
6.86925243122e-10	0.000147431645377
6.90598640144e-10	0.000179479204077
6.94272037166e-10	0.000197665689211
6.97945434188e-10	0.000200288043415
7.0161883121e-10	0.00018693264172
7.05292228232e-10	0.000158519421883
7.08965625254e-10	0.000117212704509
7.12639022276e-10	6.62534841354e-05
7.16312419298e-10	9.63285262578e-06
7.1998581632e-10	-4.81991214247e-05
7.23659213342e-10	-0.000102748562754
7.27332610364e-10	-0.00014984189184
7.31006007386e-10	-0.000185979138592
7.34679404408e-10	-0.000208587706908
7.3835280143e-10	-0.000216265499635
7.42026198452e-10	-0.000208816815366
7.45699595474e-10	-0.000187281893688
7.49372992496e-10	-0.000153798344416
7.53046389518e-10	-0.000111389893921
7.5671978654e-10	-6.36771438343e-05
7.60393183563e-10	-1.45754204661e-05
7.64066580585e-10	3.20731470353e-05
7.67739977607e-10	7.2812029242e-05
7.71413374629e-10	0.000104835634636
7.75086771651e-10	0.000126220428456
7.78760168673e-10	0.000136040199107
7.82433565695e-10	0.000134397009232
7.86106962717e-10	0.000122347843627
7.89780359739e-10	0.000101788102945
7.93453756761e-10	7.51914688326e-05
7.97127153783e-10	4.53952373078e-05
8.00800550805e-10	1.52920268675e-05
8.04473947827e-10	-1.24291102425e-05
8.08147344849e-10	-3.55414523527e-05
8.11820741871e-10	-5.24298522468e-05
8.15494138893e-10	-6.2246749625e-05
8.19167535915e-10	-6.49149969227e-05
8.22840932937e-10	-6.10950002984e-05
8.26514329959e-10	-5.20777163482e-05
8.30187726981e-10	-3.96094867448e-05
8.33861124003e-10	-2.56561309357e-05
8.37534521025e-10	-1.22048421285e-05
8.41207918047e-10	-1.0313030222e-06
8.44881315069e-10	6.50218513343e-06
8.48554712092e-10	9.55977039974e-06
8.52228109114e-10	7.93292977508e-06
8.55901506136e-10	2.04461734832e-06
8.59574903158e-10	-7.1176934564e-06
8.6324830018e-10	-1.81316709331e-05
8.66921697202e-10	-2.92868145562e-05
8.70595094224e-10	-3.88265747266e-05
8.74268491246e-10	-4.51184079174e-05
8.77941888268e-10	-4.68671059179e-05
8.8161528529e-10	-4.32704074416e-05
8.85288682312e-10	-3.41437277585e-05
8.88962079334e-10	-1.99291631207e-05
8.92635476356e-10	-1.70684041123e-06
8.96308873378e-10	1.89236009545e-05
8.999822704e-10	3.99897406347e-05
9.03655667422e-10	5.93343611971e-05
9.07329064444e-10	7.48335174171e-05
9.11002461466e-10	8.46361695326e-05
9.14675858488e-10	8.73514124224e-05
9.1834925551e-10	8.22091783248e-05
9.22022652532e-10	6.91804005402e-05
9.25696049554e-10	4.89809873718e-05
9.29369446576e-10	2.30521847318e-05
9.33042843598e-10	-6.55550724815e-06
9.36716240621e-10	-3.73545114001e-05
9.40389637643e-10	-6.66651481541e-05
9.44063034665e-10	-9.18210048478e-05
9.47736431687e-10	-0.000110460943977
9.51409828709e-10	-0.000120734318426
9.55083225731e-10	-0.000121485438881
9.58756622753e-10	-0.000112379236518
9.62430019775e-10	-9.39622464671e-05
9.66103416797e-10	-6.76074338974e-05
9.69776813819e-10	-3.54270060154e-05
9.73450210841e-10	-8.44478860174e-08
9.77123607863e-10	3.54506895694e-05
9.80797004885e-10	6.81437192952e-05
9.84470401907e-10	9.51759797105e-05
9.88143798929e-10	0.000114203821299
9.91817195951e-10	0.00012357405753
9.95490592973e-10	0.000122456229887
9.99163989995e-10	0.000110960080947
1.00283738702e-09	9.0085871931e-05
1.00651078404e-09	6.16650998859e-05
1.01018418106e-09	2.81813828744e-05
1.01385757808e-09	-7.42707968726e-06
1.01753097511e-09	-4.20727687915e-05
1.02120437213e-09	-7.27449389224e-05
1.02487776915e-09	-9.68279214673e-05
1.02855116617e-09	-0.000112301797051
1.03222456319e-09	-0.000117933287807
1.03589796022e-09	-0.000113368904705
1.03957135724e-09	-9.91862675805e-05
1.04324475426e-09	-7.67981833905e-05
1.04691815128e-09	-4.83455878491e-05
1.0505915483e-09	-1.64894869643e-05
1.05426494533e-09	1.58540004449e-05
1.05793834235e-09	4.57679310787e-05
1.06161173937e-09	7.05977801441e-05
1.06528513639e-09	8.82010699099e-05
1.06895853341e-09	9.71417560685e-05
1.07263193044e-09	9.67929422275e-05
1.07630532746e-09	8.74207722186e-05
1.07997872448e-09	7.0110715539e-05
1.0836521215e-09	4.66773935965e-05
1.08732551852e-09	1.94712341495e-05
1.09099891555e-09	-8.82595938445e-06
1.09467231257e-09	-3.54944394595e-05
1.09834570959e-09	-5.79888058021e-05
1.10201910661e-09	-7.42173091715e-05
1.10569250363e-09	-8.27184754728e-05
1.10936590066e-09	-8.27980635481e-05
1.11303929768e-09	-7.45707804999e-05
1.1167126947e-09	-5.89747934359e-05
1.12038609172e-09	-3.76435589402e-05
1.12405948874e-09	-1.27642722978e-05
1.12773288577e-09	1.31374953285e-05
1.13140628279e-09	3.74537620336e-05
1.13507967981e-09	5.77449359511e-05
1.13875307683e-09	7.19607440343e-05
1.14242647385e-09	7.86469785172e-05
1.14609987088e-09	7.70902229945e-05
1.1497732679e-09	6.73646206586e-05
1.15344666492e-09	5.03617941092e-05
1.15712006194e-09	2.76789499809e-05
1.16079345897e-09	1.47338357115e-06
1.16446685599e-09	-2.57446627505e-05
1.16814025301e-09	-5.13278599152e-05
1.17181365003e-09	-7.27770573674e-05
1.17548704705e-09	-8.79415034065e-05
1.17916044408e-09	-9.52500161486e-05
1.1828338411e-09	-9.38549277039e-05
1.18650723812e-09	-8.37171836459e-05
1.19018063514e-09	-6.55990395693e-05
1.19385403216e-09	-4.10189893323e-05
1.19752742919e-09	-1.21016339096e-05
1.20120082621e-09	1.86118203764e-05
1.20487422323e-09	4.838098594e-05
1.20854762025e-09	7.45371113031e-05
1.21222101727e-09	9.47184641877e-05
1.2158944143e-09	0.000107081304388
1.21956781132e-09	0.000110457849931
1.22324120834e-09	0.000104489672938
1.22691460536e-09	8.96194495237e-05
1.23058800238e-09	6.70933031328e-05
1.23426139941e-09	3.88195159768e-05
1.23793479643e-09	7.21160614692e-06
1.24160819345e-09	-2.5051701281e-05
1.24528159047e-09	-5.52227604237e-05
1.24895498749e-09	-8.07744068165e-05
1.25262838452e-09	-9.95775182449e-05
1.25630178154e-09	-0.000110112183478
1.25997517856e-09	-0.000111583688341
1.26364857558e-09	-0.000103996021076
1.2673219726e-09	-8.81067267091e-05
1.27099536963e-09	-6.53895816933e-05
1.27466876665e-09	-3.78680196338e-05
1.27834216367e-09	-7.93062820215e-06
1.28201556069e-09	2.1866993039e-05
1.28568895771e-09	4.90446974441e-05
1.28936235474e-09	7.14154253547e-05
1.29303575176e-09	8.72590722785e-05
1.29670914878e-09	9.54588543229e-05
1.3003825458e-09	9.55992191316e-05
1.30405594282e-09	8.79555177731e-05
1.30772933985e-09	7.34758322309e-05
1.31140273687e-09	5.36629522303e-05
1.31507613389e-09	3.04272250826e-05
1.31874953091e-09	5.88902842269e-06
1.32242292793e-09	-1.77865078006e-05
1.32609632496e-09	-3.86211999566e-05
1.32976972198e-09	-5.49663644516e-05
1.333443119e-09	-6.56435859621e-05
1.33711651602e-09	-7.00381575149e-05
1.34078991305e-09	-6.81390393096e-05
1.34446331007e-09	-6.04874576347e-05
1.34813670709e-09	-4.8129055549e-05
1.35181010411e-09	-3.24822347095e-05
1.35548350113e-09	-1.51827891655e-05
1.35915689816e-09	2.0609038035e-06
1.36283029518e-09	1.76435536597e-05
1.3665036922e-09	3.02157386345e-05
1.37017708922e-09	3.87941109805e-05
1.37385048624e-09	4.28322918842e-05
1.37752388327e-09	4.22773885771e-05
1.38119728029e-09	3.75177879257e-05
1.38487067731e-09	2.93459143792e-05
1.38854407433e-09	1.88604270208e-05
1.39221747135e-09	7.34120781609e-06
1.39589086838e-09	-3.90634913261e-06
1.3995642654e-09	-1.36566803694e-05
1.40323766242e-09	-2.09164798444e-05
1.40691105944e-09	-2.50020370318e-05
1.41058445646e-09	-2.55984180182e-05
1.41425785349e-09	-2.27858140733e-05
1.41793125051e-09	-1.70266273265e-05
1.42160464753e-09	-9.09107629798e-06
1.42527804455e-09	2.49426448384e-08
1.42895144157e-09	9.20601350018e-06
1.4326248386e-09	1.73645595528e-05
1.43629823562e-09	2.35245484532e-05
1.43997163264e-09	2.69395505511e-05
1.44364502966e-09	2.7170818744e-05
1.44731842668e-09	2.41440972202e-05
1.45099182371e-09	1.81228514671e-05
1.45466522073e-09	9.72559300827e-06
1.45833861775e-09	-1.87774731097e-07
1.46201201477e-09	-1.05751278167e-05
1.46568541179e-09	-2.03347069819e-05
1.46935880882e-09	-2.83987705401e-05
1.47303220584e-09	-3.38841395173e-05
1.47670560286e-09	-3.61364465502e-05
1.48037899988e-09	-3.48452948797e-05
1.4840523969e-09	-3.00464212479e-05
1.48772579393e-09	-2.21286320898e-05
1.49139919095e-09	-1.17886667739e-05
1.49507258797e-09	5.28762589269e-09
1.49874598499e-09	1.21494661138e-05
1.50241938201e-09	2.34829775508e-05
1.50609277904e-09	3.29152670068e-05
1.50976617606e-09	3.95370168497e-05
1.51343957308e-09	4.27038289577e-05
1.5171129701e-09	4.20871703335e-05
1.52078636713e-09	3.77257483504e-05
1.52445976415e-09	3.00166454132e-05
1.52813316117e-09	1.96672336357e-05
1.53180655819e-09	7.6420998032e-06
1.53547995521e-09	-4.94621414304e-06
1.53915335224e-09	-1.69450506431e-05
1.54282674926e-09	-2.72588021135e-05
1.54650014628e-09	-3.49544201798e-05
1.5501735433e-09	-3.93674033621e-05
1.55384694032e-09	-4.01423172849e-05
1.55752033735e-09	-3.72725500364e-05
1.56119373437e-09	-3.11061741955e-05
1.56486713139e-09	-2.2284653296e-05
1.56854052841e-09	-1.16905605851e-05
1.57221392543e-09	-3.63497595246e-07
1.57588732246e-09	1.06070427358e-05
1.57956071948e-09	2.01996049139e-05
1.5832341165e-09	2.75316013205e-05
1.58690751352e-09	3.1981408134e-05
1.59058091054e-09	3.32115083899e-05
1.59425430757e-09	3.12115127459e-05
1.59792770459e-09	2.6282862077e-05
1.60160110161e-09	1.90290295168e-05
1.60527449863e-09	1.0247319538e-05
1.60894789565e-09	8.94101854221e-07
1.61262129268e-09	-8.05280384991e-06
1.6162946897e-09	-1.56742685943e-05
1.61996808672e-09	-2.12151986602e-05
1.62364148374e-09	-2.41310441241e-05
1.62731488076e-09	-2.41823676004e-05
1.63098827779e-09	-2.14168705686e-05
1.63466167481e-09	-1.61857284124e-05
1.63833507183e-09	-9.09899752188e-06
1.64200846885e-09	-9.58398467255e-07
1.64568186587e-09	7.33520301732e-06
1.6493552629e-09	1.48555854764e-05
1.65302865992e-09	2.07634736268e-05
1.65670205694e-09	2.43949929351e-05
1.66037545396e-09	2.53089224214e-05
1.66404885098e-09	2.33632482696e-05
1.66772224801e-09	1.87150567859e-05
1.67139564503e-09	1.18069275548e-05
1.67506904205e-09	3.3166292186e-06
1.67874243907e-09	-5.88323937289e-06
1.68241583609e-09	-1.48556028086e-05
1.68608923312e-09	-2.26482082241e-05
1.68976263014e-09	-2.84206217041e-05
1.69343602716e-09	-3.1516212763e-05
1.69710942418e-09	-3.15469780765e-05
1.70078282121e-09	-2.84037999416e-05
1.70445621823e-09	-2.23137672242e-05
1.70812961525e-09	-1.37791606454e-05
1.71180301227e-09	-3.55975559851e-06
1.71547640929e-09	7.40566054569e-06
1.71914980632e-09	1.80819961292e-05
1.72282320334e-09	2.74611911664e-05
1.72649660036e-09	3.46270485174e-05
1.73016999738e-09	3.88675048948e-05
1.7338433944e-09	3.97381016954e-05
1.73751679143e-09	3.70977712107e-05
1.74119018845e-09	3.11312684029e-05
1.74486358547e-09	2.23449277414e-05
1.74853698249e-09	1.15034760941e-05
1.75221037951e-09	-4.3666158922e-07
1.75588377654e-09	-1.24053918948e-05
1.75955717356e-09	-2.33394207684e-05
1.76323057058e-09	-3.22613200214e-05
1.7669039676e-09	-3.83699007679e-05
1.77057736462e-09	-4.11310839534e-05
1.77425076165e-09	-4.03198857453e-05
1.77792415867e-09	-3.60265332189e-05
1.78159755569e-09	-2.86642057787e-05
1.78527095271e-09	-1.89198990757e-05
1.78894434973e-09	-7.67621229958e-06
1.79261774676e-09	4.04302807766e-06
1.79629114378e-09	1.51900816072e-05
1.7999645408e-09	2.47874575498e-05
1.80363793782e-09	3.20190036529e-05
1.80731133484e-09	3.62891967096e-05
1.81098473187e-09	3.73030641945e-05
1.81465812889e-09	3.50451482589e-05
1.81833152591e-09	2.98162183698e-05
1.82200492293e-09	2.21770347346e-05
1.82567831995e-09	1.29055522902e-05
1.82935171698e-09	2.88906083723e-06
1.833025114e-09	-6.91679801496e-06
1.83669851102e-09	-1.56315628983e-05
1.84037190804e-09	-2.24869896074e-05
1.84404530506e-09	-2.69237020739e-05
1.84771870209e-09	-2.86191163787e-05
1.85139209911e-09	-2.75469470843e-05
1.85506549613e-09	-2.39242429587e-05
1.85873889315e-09	-1.82263566988e-05
1.86241229017e-09	-1.11020099148e-05
1.8660856872e-09	-3.31935341713e-06
1.86975908422e-09	4.31871880557e-06
1.87343248124e-09	1.10393599627e-05
1.87710587826e-09	1.62077906684e-05
1.88077927529e-09	1.93605832105e-05
1.88445267231e-09	2.02546483301e-05
1.88812606933e-09	1.88987287972e-05
1.89179946635e-09	1.5527174851e-05
1.89547286337e-09	1.05772211381e-05
1.8991462604e-09	4.64857662907e-06
1.90281965742e-09	-1.56790283912e-06
1.90649305444e-09	-7.37943192278e-06
1.91016645146e-09	-1.21341138649e-05
1.91383984848e-09	-1.53200941229e-05
1.91751324551e-09	-1.65990896249e-05
1.92118664253e-09	-1.58431972729e-05
1.92486003955e-09	-1.31450925939e-05
1.92853343657e-09	-8.82474017461e-06
1.93220683359e-09	-3.36161871661e-06
1.93588023062e-09	2.62719843003e-06
1.93955362764e-09	8.46567681628e-06
1.94322702466e-09	1.34953478825e-05
1.94690042168e-09	1.71401657224e-05
1.9505738187e-09	1.8956932359e-05
1.95424721573e-09	1.87055746729e-05
1.95792061275e-09	1.63613102782e-05
1.96159400977e-09	1.2114826816e-05
1.96526740679e-09	6.37280761495e-06
1.96894080381e-09	-2.98122144304e-07
1.97261420084e-09	-7.22881955439e-06
1.97628759786e-09	-1.37037197627e-05
1.97996099488e-09	-1.90390760501e-05
1.9836343919e-09	-2.26664359313e-05
1.98730778892e-09	-2.4166028801e-05
1.99098118595e-09	-2.33331363508e-05
1.99465458297e-09	-2.02008330348e-05
1.99832797999e-09	-1.50248115933e-05
2.00200137701e-09	-8.26907505336e-06
2.00567477403e-09	-5.70859539084e-07
2.00934817106e-09	7.33839480943e-06
2.01302156808e-09	1.46966271762e-05
2.0166949651e-09	2.0772688902e-05
2.02036836212e-09	2.49681184947e-05
2.02404175914e-09	2.68542968351e-05
2.02771515617e-09	2.6224866331e-05
2.03138855319e-09	2.31125836372e-05
2.03506195021e-09	1.78034758185e-05
2.03873534723e-09	1.07765922177e-05
2.04240874425e-09	2.7061175023e-06
2.04608214128e-09	-5.64603806436e-06
2.0497555383e-09	-1.34789480492e-05
2.05342893532e-09	-2.00517803123e-05
2.05710233234e-09	-2.47222221355e-05
2.06077572937e-09	-2.7060343352e-05
2.06444912639e-09	-2.68333791793e-05
2.06812252341e-09	-2.40749529319e-05
2.07179592043e-09	-1.90574672483e-05
2.07546931745e-09	-1.22855000628e-05
2.07914271448e-09	-4.41098407777e-06
2.0828161115e-09	3.78076303365e-06
2.08648950852e-09	1.14979420359e-05
2.09016290554e-09	1.79840037251e-05
2.09383630256e-09	2.2606367292e-05
2.09750969959e-09	2.49156691176e-05
2.10118309661e-09	2.47055143672e-05
2.10485649363e-09	2.20006472551e-05
2.10852989065e-09	1.708665331e-05
2.11220328767e-09	1.0466417999e-05
2.1158766847e-09	2.80400483232e-06
2.11955008172e-09	-5.1244967138e-06
2.12322347874e-09	-1.25119048037e-05
2.12689687576e-09	-1.86145983326e-05
2.13057027278e-09	-2.28141943134e-05
2.13424366981e-09	-2.46747490042e-05
2.13791706683e-09	-2.40063781807e-05
2.14159046385e-09	-2.08623738904e-05
2.14526386087e-09	-1.55459086075e-05
2.14893725789e-09	-8.58879803034e-06
2.15261065492e-09	-6.88332557397e-07
2.15628405194e-09	7.36442812277e-06
2.15995744896e-09	1.47466499418e-05
2.16363084598e-09	2.06998081889e-05
2.167304243e-09	2.46082270006e-05
2.17097764003e-09	2.60393088619e-05
2.17465103705e-09	2.48122925726e-05
2.17832443407e-09	2.10123696252e-05
2.18199783109e-09	1.49785106096e-05
2.18567122811e-09	7.2705337899e-06
2.18934462514e-09	-1.36323566058e-06
2.19301802216e-09	-1.00924772746e-05
2.19669141918e-09	-1.80515391841e-05
2.2003648162e-09	-2.44420108175e-05
2.20403821322e-09	-2.86080707184e-05
2.20771161025e-09	-3.01095945279e-05
2.21138500727e-09	-2.8742723676e-05
2.21505840429e-09	-2.45999957822e-05
2.21873180131e-09	-1.80311316358e-05
2.22240519833e-09	-9.62418044015e-06
2.22607859536e-09	-1.56136941598e-07
2.22975199238e-09	9.48017722679e-06
2.2334253894e-09	1.83781552165e-05
2.23709878642e-09	2.56799746819e-05
2.24077218345e-09	3.06718134709e-05
2.24444558047e-09	3.28628407484e-05
2.24811897749e-09	3.20087136363e-05
2.25179237451e-09	2.8158632619e-05
2.25546577153e-09	2.16448497843e-05
2.25913916856e-09	1.30540401122e-05
2.26281256558e-09	3.1627091539e-06
2.2664859626e-09	-7.10391157299e-06
2.27015935962e-09	-1.68065765012e-05
2.27383275664e-09	-2.50378766021e-05
2.27750615367e-09	-3.10313878591e-05
2.28117955069e-09	-3.42197772485e-05
2.28485294771e-09	-3.43152007947e-05
2.28852634473e-09	-3.12907787465e-05
2.29219974175e-09	-2.54388728995e-05
2.29587313878e-09	-1.72987458209e-05
2.2995465358e-09	-7.62990419534e-06
2.30321993282e-09	2.67481928717e-06
2.30689332984e-09	1.26489392477e-05
2.31056672686e-09	2.13829658154e-05
2.31424012389e-09	2.80640413122e-05
2.31791352091e-09	3.2087368681e-05
2.32158691793e-09	3.31006531542e-05
2.32526031495e-09	3.10352892705e-05
2.32893371197e-09	2.61029598756e-05
2.332607109e-09	1.87988673908e-05
2.33628050602e-09	9.82551154394e-06
2.33995390304e-09	3.94388366409e-08
2.34362730006e-09	-9.62455401821e-06
2.34730069708e-09	-1.82578214738e-05
2.35097409411e-09	-2.50617949948e-05
2.35464749113e-09	-2.94095962032e-05
2.35832088815e-09	-3.0918423614e-05
2.36199428517e-09	-2.94828963499e-05
2.36566768219e-09	-2.52702783241e-05
2.36934107922e-09	-1.87200952253e-05
2.37301447624e-09	-1.04961780305e-05
2.37668787326e-09	-1.40479786892e-06
2.38036127028e-09	7.66500438421e-06
2.3840346673e-09	1.58323620685e-05
2.38770806433e-09	2.23185246485e-05
2.39138146135e-09	2.65122657946e-05
2.39505485837e-09	2.80191449664e-05
2.39872825539e-09	2.6729833206e-05
2.40240165241e-09	2.27949841385e-05
2.40607504944e-09	1.66246139581e-05
2.40974844646e-09	8.84432061055e-06
2.41342184348e-09	2.3940685201e-07
2.4170952405e-09	-8.34629426982e-06
2.42076863753e-09	-1.60492161595e-05
2.42444203455e-09	-2.2117719784e-05
2.42811543157e-09	-2.5956808112e-05
2.43178882859e-09	-2.71966250345e-05
2.43546222561e-09	-2.57148842953e-05
2.43913562264e-09	-2.16762465088e-05
2.44280901966e-09	-1.54717583298e-05
2.44648241668e-09	-7.72425464568e-06
2.4501558137e-09	7.96330727582e-07
2.45382921072e-09	9.24616430831e-06
2.45750260775e-09	1.67949595886e-05
2.46117600477e-09	2.26870556419e-05
2.46484940179e-09	2.6343849423e-05
2.46852279881e-09	2.73979959853e-05
2.47219619583e-09	2.57316799421e-05
2.47586959286e-09	2.15044388341e-05
2.47954298988e-09	1.51224449056e-05
2.4832163869e-09	7.20018144684e-06
2.48688978392e-09	-1.49397075211e-06
2.49056318094e-09	-1.01099606747e-05
2.49423657797e-09	-1.78201518144e-05
2.49790997499e-09	-2.38602077473e-05
2.50158337201e-09	-2.76402658248e-05
2.50525676903e-09	-2.87854078074e-05
2.50893016605e-09	-2.71792907298e-05
2.51260356308e-09	-2.29573010073e-05
2.5162769601e-09	-1.65307433662e-05
2.51995035712e-09	-8.49934073677e-06
2.52362375414e-09	3.66694224874e-07
2.52729715116e-09	9.21929049447e-06
2.53097054819e-09	1.72067679118e-05
2.53464394521e-09	2.35725081241e-05
2.53831734223e-09	2.76970733859e-05
2.54199073925e-09	2.91942620159e-05
2.54566413627e-09	2.79199246775e-05
2.5493375333e-09	2.39925851573e-05
2.55301093032e-09	1.77888689803e-05
2.55668432734e-09	9.90914279253e-06
2.56035772436e-09	1.0998034391e-06
2.56403112138e-09	-7.79512445559e-06
2.56770451841e-09	-1.59252913437e-05
2.57137791543e-09	-2.25259816983e-05
2.57505131245e-09	-2.69723203192e-05
2.57872470947e-09	-2.8844220324e-05
2.58239810649e-09	-2.79788464455e-05
2.58607150352e-09	-2.4471026719e-05
2.58974490054e-09	-1.8666184542e-05
2.59341829756e-09	-1.11372668259e-05
2.59709169458e-09	-2.61179698613e-06
2.60076509161e-09	6.09471162016e-06
2.60443848863e-09	1.41387121234e-05
2.60811188565e-09	2.07554848501e-05
2.61178528267e-09	2.53199622112e-05
2.61545867969e-09	2.74036321534e-05
2.61913207672e-09	2.68205133696e-05
2.62280547374e-09	2.36552618817e-05
2.62647887076e-09	1.82185919715e-05
2.63015226778e-09	1.10563444522e-05
2.6338256648e-09	2.8717142585e-06
2.63749906183e-09	-5.53187901792e-06
2.64117245885e-09	-1.33426294464e-05
2.64484585587e-09	-1.97923101088e-05
2.64851925289e-09	-2.42748609114e-05
2.65219264991e-09	-2.6355114766e-05
2.65586604694e-09	-2.58445997452e-05
2.65953944396e-09	-2.28002505656e-05
2.66321284098e-09	-1.75378205345e-05
2.666886238e-09	-1.05677168709e-05
2.67055963502e-09	-2.59179847772e-06
2.67423303205e-09	5.61236479357e-06
2.67790642907e-09	1.32417415542e-05
2.68157982609e-09	1.95521668134e-05
2.68525322311e-09	2.39203129897e-05
2.68892662013e-09	2.59278929549e-05
2.69260001716e-09	2.53724049135e-05
2.69627341418e-09	2.23111329567e-05
2.6999468112e-09	1.70491297302e-05
2.70362020822e-09	1.00951691744e-05
2.70729360524e-09	2.12593075666e-06
2.71096700227e-09	-6.07834170147e-06
2.71464039929e-09	-1.37188362149e-05
2.71831379631e-09	-2.0052272418e-05
2.72198719333e-09	-2.44484740402e-05
2.72566059035e-09	-2.64861780539e-05
2.72933398738e-09	-2.59605742525e-05
2.7330073844e-09	-2.29139945671e-05
2.73668078142e-09	-1.76325659522e-05
2.74035417844e-09	-1.06274946334e-05
2.74402757546e-09	-2.56022238632e-06
2.74770097249e-09	5.78344800006e-06
2.75137436951e-09	1.36024953927e-05
2.75504776653e-09	2.01473310203e-05
2.75872116355e-09	2.47882568871e-05
2.76239456057e-09	2.70703027199e-05
2.7660679576e-09	2.67779087262e-05
2.76974135462e-09	2.39274132559e-05
2.77341475164e-09	1.87871683897e-05
2.77708814866e-09	1.18525212611e-05
2.78076154569e-09	3.78006205404e-06
2.78443494271e-09	-4.66766362595e-06
2.78810833973e-09	-1.26833276264e-05
2.79178173675e-09	-1.95073356265e-05
2.79545513377e-09	-2.44961116278e-05
2.7991285308e-09	-2.71697674346e-05
2.80280192782e-09	-2.72837040352e-05
2.80647532484e-09	-2.48353306929e-05
2.81014872186e-09	-2.00587403778e-05
2.81382211888e-09	-1.34111939714e-05
2.81749551591e-09	-5.53031762296e-06
2.82116891293e-09	2.84110767557e-06
2.82484230995e-09	1.09051443376e-05
2.82851570697e-09	1.78962764361e-05
2.83218910399e-09	2.31674647963e-05
2.83586250102e-09	2.62269761711e-05
2.83953589804e-09	2.67972999712e-05
2.84320929506e-09	2.48413828534e-05
2.84688269208e-09	2.05620613396e-05
2.8505560891e-09	1.43704016795e-05
2.85422948613e-09	6.88051403785e-06
2.85790288315e-09	-1.19440083024e-06
2.86157628017e-09	-9.08187127352e-06
2.86524967719e-09	-1.60389151883e-05
2.86892307421e-09	-2.14047018842e-05
2.87259647124e-09	-2.46953814546e-05
2.87626986826e-09	-2.55997735672e-05
2.87994326528e-09	-2.40630461936e-05
2.8836166623e-09	-2.02518759167e-05
2.88729005932e-09	-1.4556108394e-05
2.89096345635e-09	-7.52907399582e-06
2.89463685337e-09	1.309143145e-07
2.89831025039e-09	7.69764521735e-06
2.90198364741e-09	1.44378107653e-05
2.90565704443e-09	1.97104913855e-05
2.90933044146e-09	2.3021494759e-05
2.91300383848e-09	2.40777606146e-05
2.9166772355e-09	2.27895883691e-05
2.92035063252e-09	1.93110363762e-05
2.92402402954e-09	1.3994928947e-05
2.92769742657e-09	7.36753997643e-06
2.93137082359e-09	8.77642333252e-08
2.93504422061e-09	-7.13179711176e-06
2.93871761763e-09	-1.35948316976e-05
2.94239101465e-09	-1.86770247559e-05
2.94606441168e-09	-2.18937061273e-05
2.9497378087e-09	-2.29552750455e-05
2.95341120572e-09	-2.1762959479e-05
2.95708460274e-09	-1.84506296586e-05
2.96075799977e-09	-1.33578543582e-05
2.96443139679e-09	-6.99341915156e-06
2.96810479381e-09	1.9939365048e-08
2.97177819083e-09	6.98582825825e-06
2.97545158785e-09	1.32346990299e-05
2.97912498488e-09	1.81595441093e-05
2.9827983819e-09	2.12824017173e-05
2.98647177892e-09	2.23079049486e-05
2.99014517594e-09	2.11497048308e-05
2.99381857296e-09	1.79248010559e-05
2.99749196999e-09	1.29610065502e-05
3.00116536701e-09	6.7498600379e-06
3.00483876403e-09	-1.086045609e-07
3.00851216105e-09	-6.94047977756e-06
3.01218555807e-09	-1.30788813679e-05
3.0158589551e-09	-1.79327248046e-05
3.01953235212e-09	-2.10358485896e-05
3.02320574914e-09	-2.20887224073e-05
3.02687914616e-09	-2.10063331955e-05
3.03055254318e-09	-1.78941046485e-05
3.03422594021e-09	-1.3058266543e-05
3.03789933723e-09	-6.97566330266e-06
3.04157273425e-09	-2.40005583629e-07
3.04524613127e-09	6.49866198021e-06
3.04891952829e-09	1.25823975459e-05
3.05259292532e-09	1.7432408917e-05
3.05626632234e-09	2.05904348666e-05
3.05993971936e-09	2.17497823622e-05
3.06361311638e-09	2.08103983543e-05
3.0672865134e-09	1.78735006151e-05
3.07095991043e-09	1.32302811957e-05
3.07463330745e-09	7.3353468989e-06
3.07830670447e-09	7.72715951669e-07
3.08198010149e-09	-5.83722141106e-06
3.08565349851e-09	-1.1849533941e-05
3.08932689554e-09	-1.66907789215e-05
3.09300029256e-09	-1.98975020522e-05
3.09667368958e-09	-2.11778481545e-05
3.1003470866e-09	-2.04087136175e-05
3.10402048362e-09	-1.76947639179e-05
3.10769388065e-09	-1.3299052471e-05
3.11136727767e-09	-7.65943166248e-06
3.11504067469e-09	-1.3246429269e-06
3.11871407171e-09	5.07959468604e-06
3.12238746874e-09	1.09458382634e-05
3.12606086576e-09	1.56973724848e-05
3.12973426278e-09	1.88925418337e-05
3.1334076598e-09	2.02336392838e-05
3.13708105682e-09	1.9604798758e-05
3.14075445385e-09	1.70750592083e-05
3.14442785087e-09	1.29120148681e-05
3.14810124789e-09	7.52498259904e-06
3.15177464491e-09	1.45122875383e-06
3.15544804193e-09	-4.71064063179e-06
3.15912143896e-09	-1.03664331344e-05
3.16279483598e-09	-1.49705692635e-05
3.166468233e-09	-1.80764644883e-05
3.17014163002e-09	-1.93946244689e-05
3.17381502704e-09	-1.88093808569e-05
3.17748842407e-09	-1.63843978369e-05
3.18116182109e-09	-1.23772085074e-05
3.18483521811e-09	-7.18923699417e-06
3.18850861513e-09	-1.32920523621e-06
3.19218201215e-09	4.62337409163e-06
3.19585540918e-09	1.00821503693e-05
3.1995288062e-09	1.45203648159e-05
3.20320220322e-09	1.75027686418e-05
3.20687560024e-09	1.87432074767e-05
3.21054899726e-09	1.8136612646e-05
3.21422239429e-09	1.57453462357e-05
3.21789579131e-09	1.18098461966e-05
3.22156918833e-09	6.72435911686e-06
3.22524258535e-09	9.90568631676e-07
3.22891598237e-09	-4.83152097625e-06
3.2325893794e-09	-1.01597890525e-05
3.23626277642e-09	-1.44827728804e-05
3.23993617344e-09	-1.73790144001e-05
3.24360957046e-09	-1.85675778716e-05
3.24728296748e-09	-1.79338993753e-05
3.25095636451e-09	-1.55498858043e-05
3.25462976153e-09	-1.16414102698e-05
