0	-0.000112442
5.76443e-14	-0.000113516
1.15289e-13	-0.000114594
1.72933e-13	-0.000115675
2.30577e-13	-0.00011676
2.88222e-13	-0.000117849
3.45866e-13	-0.000118942
4.0351e-13	-0.000120038
4.61155e-13	-0.000121137
5.18799e-13	-0.00012224
5.76443e-13	-0.000123345
6.34088e-13	-0.000124454
6.91732e-13	-0.000125565
7.49376e-13	-0.000126679
8.07021e-13	-0.000127795
8.64665e-13	-0.000128914
9.22309e-13	-0.000130034
9.79954e-13	-0.000131157
1.0376e-12	-0.000132282
1.09524e-12	-0.000133408
1.15289e-12	-0.000134536
1.21053e-12	-0.000135665
1.26818e-12	-0.000136796
1.32582e-12	-0.000137927
1.38346e-12	-0.000139059
1.44111e-12	-0.000140192
1.49875e-12	-0.000141325
1.5564e-12	-0.000142458
1.61404e-12	-0.000143591
1.67169e-12	-0.000144724
1.72933e-12	-0.000145857
1.78697e-12	-0.000146989
1.84462e-12	-0.00014812
1.90226e-12	-0.00014925
1.95991e-12	-0.000150378
2.01755e-12	-0.000151505
2.0752e-12	-0.00015263
2.13284e-12	-0.000153753
2.19048e-12	-0.000154874
2.24813e-12	-0.000155992
2.30577e-12	-0.000157107
2.36342e-12	-0.000158219
2.42106e-12	-0.000159328
2.47871e-12	-0.000160433
2.53635e-12	-0.000161534
2.59399e-12	-0.000162631
2.65164e-12	-0.000163723
2.70928e-12	-0.00016481
2.76693e-12	-0.000165892
2.82457e-12	-0.000166969
2.88222e-12	-0.000168039
2.93986e-12	-0.000169104
2.99751e-12	-0.000170162
3.05515e-12	-0.000171213
3.11279e-12	-0.000172257
3.17044e-12	-0.000173293
3.22808e-12	-0.000174322
3.28573e-12	-0.000175342
3.34337e-12	-0.000176354
3.40102e-12	-0.000177357
3.45866e-12	-0.00017835
3.5163e-12	-0.000179334
3.57395e-12	-0.000180307
3.63159e-12	-0.00018127
3.68924e-12	-0.000182221
3.74688e-12	-0.000183162
3.80453e-12	-0.00018409
3.86217e-12	-0.000185006
3.91981e-12	-0.000185909
3.97746e-12	-0.0001868
4.0351e-12	-0.000187676
4.09275e-12	-0.000188539
4.15039e-12	-0.000189387
4.20804e-12	-0.000190219
4.26568e-12	-0.000191037
4.32332e-12	-0.000191838
4.38097e-12	-0.000192623
4.43861e-12	-0.00019339
4.49626e-12	-0.00019414
4.5539e-12	-0.000194872
4.61155e-12	-0.000195586
4.66919e-12	-0.00019628
4.72683e-12	-0.000196954
4.78448e-12	-0.000197608
4.84212e-12	-0.000198242
4.89977e-12	-0.000198853
4.95741e-12	-0.000199443
5.01506e-12	-0.00020001
5.0727e-12	-0.000200554
5.13035e-12	-0.000201075
5.18799e-12	-0.00020157
5.24563e-12	-0.000202041
5.30328e-12	-0.000202486
5.36092e-12	-0.000202904
5.41857e-12	-0.000203295
5.47621e-12	-0.000203659
5.53386e-12	-0.000203994
5.5915e-12	-0.000204301
5.64914e-12	-0.000204577
5.70679e-12	-0.000204823
5.76443e-12	-0.000205038
5.82208e-12	-0.000205221
5.87972e-12	-0.000205371
5.93737e-12	-0.000205488
5.99501e-12	-0.000205571
6.05265e-12	-0.000205618
6.1103e-12	-0.00020563
6.16794e-12	-0.000205606
6.22559e-12	-0.000205544
6.28323e-12	-0.000205444
6.34088e-12	-0.000205306
6.39852e-12	-0.000205127
6.45616e-12	-0.000204908
6.51381e-12	-0.000204647
6.57145e-12	-0.000204345
6.6291e-12	-0.000203998
6.68674e-12	-0.000203608
6.74439e-12	-0.000203173
6.80203e-12	-0.000202692
6.85968e-12	-0.000202165
6.91732e-12	-0.000201589
6.97496e-12	-0.000200965
7.03261e-12	-0.000200292
7.09025e-12	-0.000199567
7.1479e-12	-0.000198792
7.20554e-12	-0.000197963
7.26319e-12	-0.000197081
7.32083e-12	-0.000196145
7.37847e-12	-0.000195153
7.43612e-12	-0.000194105
7.49376e-12	-0.000192998
7.55141e-12	-0.000191833
7.60905e-12	-0.000190609
7.6667e-12	-0.000189323
7.72434e-12	-0.000187976
7.78198e-12	-0.000186565
7.83963e-12	-0.00018509
7.89727e-12	-0.00018355
7.95492e-12	-0.000181943
8.01256e-12	-0.000180269
8.07021e-12	-0.000178526
8.12785e-12	-0.000176713
8.18549e-12	-0.000174828
8.24314e-12	-0.000172872
8.30078e-12	-0.000170841
8.35843e-12	-0.000168736
8.41607e-12	-0.000166555
8.47372e-12	-0.000164296
8.53136e-12	-0.000161958
8.589e-12	-0.000159541
8.64665e-12	-0.000157042
8.70429e-12	-0.000154461
8.76194e-12	-0.000151796
8.81958e-12	-0.000149045
8.87723e-12	-0.000146208
8.93487e-12	-0.000143283
8.99252e-12	-0.000140269
9.05016e-12	-0.000137164
9.1078e-12	-0.000133966
9.16545e-12	-0.000130675
9.22309e-12	-0.000127289
9.28074e-12	-0.000123806
9.33838e-12	-0.000120226
9.39603e-12	-0.000116545
9.45367e-12	-0.000112764
9.51131e-12	-0.000108881
9.56896e-12	-0.000104893
9.6266e-12	-0.0001008
9.68425e-12	-9.65993e-05
9.74189e-12	-9.22903e-05
9.79954e-12	-8.7871e-05
9.85718e-12	-8.33398e-05
9.91482e-12	-7.86951e-05
9.97247e-12	-7.39353e-05
1.00301e-11	-6.90587e-05
1.00878e-11	-6.40637e-05
1.01454e-11	-5.89487e-05
1.0203e-11	-5.37118e-05
1.02607e-11	-4.83515e-05
1.03183e-11	-4.2866e-05
1.0376e-11	-3.72536e-05
1.04336e-11	-3.15126e-05
1.04913e-11	-2.56411e-05
1.05489e-11	-1.96374e-05
1.06066e-11	-1.34998e-05
1.06642e-11	-7.22633e-06
1.07218e-11	-8.15301e-07
1.07795e-11	5.73516e-06
1.08371e-11	1.24269e-05
1.08948e-11	1.92618e-05
1.09524e-11	2.62417e-05
1.10101e-11	3.33684e-05
1.10677e-11	4.0644e-05
1.11254e-11	4.80704e-05
1.1183e-11	5.56493e-05
1.12406e-11	6.33829e-05
1.12983e-11	7.12731e-05
1.13559e-11	7.93218e-05
1.14136e-11	8.7531e-05
1.14712e-11	9.59028e-05
1.15289e-11	0.000104439
1.15865e-11	0.000113142
1.16442e-11	0.000122014
1.17018e-11	0.000131056
1.17594e-11	0.000140271
1.18171e-11	0.000149661
1.18747e-11	0.000159228
1.19324e-11	0.000168974
1.199e-11	0.000178901
1.20477e-11	0.000189012
1.21053e-11	0.000199308
1.2163e-11	0.000209792
1.22206e-11	0.000220466
1.22782e-11	0.000231332
1.23359e-11	0.000242393
1.23935e-11	0.00025365
1.24512e-11	0.000265105
1.25088e-11	0.000276762
1.25665e-11	0.000288622
1.26241e-11	0.000300688
1.26818e-11	0.000312962
1.27394e-11	0.000325446
1.2797e-11	0.000338142
1.28547e-11	0.000351054
1.29123e-11	0.000364182
1.297e-11	0.000377531
1.30276e-11	0.000391101
1.30853e-11	0.000404895
1.31429e-11	0.000418917
1.32006e-11	0.000433167
1.32582e-11	0.000447649
1.33158e-11	0.000462365
1.33735e-11	0.000477318
1.34311e-11	0.00049251
1.34888e-11	0.000507943
1.35464e-11	0.000523619
1.36041e-11	0.000539543
1.36617e-11	0.000555715
1.37194e-11	0.000572138
1.3777e-11	0.000588816
1.38346e-11	0.00060575
1.38923e-11	0.000622943
1.39499e-11	0.000640397
1.40076e-11	0.000658116
1.40652e-11	0.000676101
1.41229e-11	0.000694355
1.41805e-11	0.000712882
1.42381e-11	0.000731683
1.42958e-11	0.000750761
1.43534e-11	0.000770119
1.44111e-11	0.000789759
1.44687e-11	0.000809684
1.45264e-11	0.000829897
1.4584e-11	0.0008504
1.46417e-11	0.000871196
1.46993e-11	0.000892287
1.47569e-11	0.000913677
1.48146e-11	0.000935368
1.48722e-11	0.000957363
1.49299e-11	0.000979663
1.49875e-11	0.00100227
1.50452e-11	0.0010252
1.51028e-11	0.00104843
1.51605e-11	0.00107199
1.52181e-11	0.00109586
1.52757e-11	0.00112005
1.53334e-11	0.00114458
1.5391e-11	0.00116943
1.54487e-11	0.00119461
1.55063e-11	0.00122012
1.5564e-11	0.00124597
1.56216e-11	0.00127216
1.56793e-11	0.00129869
1.57369e-11	0.00132557
1.57945e-11	0.00135279
1.58522e-11	0.00138037
1.59098e-11	0.00140829
1.59675e-11	0.00143658
1.60251e-11	0.00146522
1.60828e-11	0.00149422
1.61404e-11	0.00152359
1.61981e-11	0.00155332
1.62557e-11	0.00158342
1.63133e-11	0.0016139
1.6371e-11	0.00164475
1.64286e-11	0.00167597
1.64863e-11	0.00170758
1.65439e-11	0.00173957
1.66016e-11	0.00177195
1.66592e-11	0.00180472
1.67169e-11	0.00183787
1.67745e-11	0.00187143
1.68321e-11	0.00190537
1.68898e-11	0.00193972
1.69474e-11	0.00197447
1.70051e-11	0.00200963
1.70627e-11	0.0020452
1.71204e-11	0.00208117
1.7178e-11	0.00211756
1.72357e-11	0.00215436
1.72933e-11	0.00219158
1.73509e-11	0.00222923
1.74086e-11	0.00226729
1.74662e-11	0.00230579
1.75239e-11	0.00234471
1.75815e-11	0.00238407
1.76392e-11	0.00242386
1.76968e-11	0.00246408
1.77545e-11	0.00250475
1.78121e-11	0.00254586
1.78697e-11	0.00258741
1.79274e-11	0.00262941
1.7985e-11	0.00267186
1.80427e-11	0.00271476
1.81003e-11	0.00275812
1.8158e-11	0.00280193
1.82156e-11	0.0028462
1.82733e-11	0.00289094
1.83309e-11	0.00293614
1.83885e-11	0.0029818
1.84462e-11	0.00302794
1.85038e-11	0.00307455
1.85615e-11	0.00312163
1.86191e-11	0.00316919
1.86768e-11	0.00321722
1.87344e-11	0.00326574
1.87921e-11	0.00331474
1.88497e-11	0.00336422
1.89073e-11	0.0034142
1.8965e-11	0.00346466
1.90226e-11	0.00351561
1.90803e-11	0.00356706
1.91379e-11	0.00361901
1.91956e-11	0.00367145
1.92532e-11	0.00372439
1.93109e-11	0.00377783
1.93685e-11	0.00383178
1.94261e-11	0.00388623
1.94838e-11	0.0039412
1.95414e-11	0.00399667
1.95991e-11	0.00405265
1.96567e-11	0.00410914
1.97144e-11	0.00416616
1.9772e-11	0.00422368
1.98296e-11	0.00428173
1.98873e-11	0.00434029
1.99449e-11	0.00439938
2.00026e-11	0.00445899
2.00602e-11	0.00451913
2.01179e-11	0.00457979
2.01755e-11	0.00464098
2.02332e-11	0.00470269
2.02908e-11	0.00476494
2.03484e-11	0.00482772
2.04061e-11	0.00489103
2.04637e-11	0.00495488
2.05214e-11	0.00501926
2.0579e-11	0.00508418
2.06367e-11	0.00514964
2.06943e-11	0.00521563
2.0752e-11	0.00528216
2.08096e-11	0.00534924
2.08672e-11	0.00541685
2.09249e-11	0.00548501
2.09825e-11	0.00555371
2.10402e-11	0.00562295
2.10978e-11	0.00569273
2.11555e-11	0.00576307
2.12131e-11	0.00583394
2.12708e-11	0.00590536
2.13284e-11	0.00597733
2.1386e-11	0.00604985
2.14437e-11	0.00612291
2.15013e-11	0.00619651
2.1559e-11	0.00627067
2.16166e-11	0.00634537
2.16743e-11	0.00642062
2.17319e-11	0.00649641
2.17896e-11	0.00657275
2.18472e-11	0.00664964
2.19048e-11	0.00672707
2.19625e-11	0.00680505
2.20201e-11	0.00688358
2.20778e-11	0.00696265
2.21354e-11	0.00704226
2.21931e-11	0.00712242
2.22507e-11	0.00720313
2.23084e-11	0.00728437
2.2366e-11	0.00736615
2.24236e-11	0.00744848
2.24813e-11	0.00753135
2.25389e-11	0.00761475
2.25966e-11	0.00769869
2.26542e-11	0.00778317
2.27119e-11	0.00786818
2.27695e-11	0.00795372
2.28272e-11	0.0080398
2.28848e-11	0.0081264
2.29424e-11	0.00821354
2.30001e-11	0.0083012
2.30577e-11	0.00838938
2.31154e-11	0.00847808
2.3173e-11	0.00856731
2.32307e-11	0.00865705
2.32883e-11	0.00874731
2.3346e-11	0.00883809
2.34036e-11	0.00892937
2.34612e-11	0.00902116
2.35189e-11	0.00911346
2.35765e-11	0.00920626
2.36342e-11	0.00929956
2.36918e-11	0.00939336
2.37495e-11	0.00948765
2.38071e-11	0.00958243
2.38648e-11	0.0096777
2.39224e-11	0.00977345
2.398e-11	0.00986968
2.40377e-11	0.00996639
2.40953e-11	0.0100636
2.4153e-11	0.0101612
2.42106e-11	0.0102593
2.42683e-11	0.0103579
2.43259e-11	0.0104569
2.43836e-11	0.0105564
2.44412e-11	0.0106563
2.44988e-11	0.0107567
2.45565e-11	0.0108575
2.46141e-11	0.0109588
2.46718e-11	0.0110605
2.47294e-11	0.0111625
2.47871e-11	0.0112651
2.48447e-11	0.011368
2.49023e-11	0.0114713
2.496e-11	0.0115751
2.50176e-11	0.0116792
2.50753e-11	0.0117837
2.51329e-11	0.0118886
2.51906e-11	0.0119939
2.52482e-11	0.0120996
2.53059e-11	0.0122056
2.53635e-11	0.012312
2.54211e-11	0.0124187
2.54788e-11	0.0125258
2.55364e-11	0.0126332
2.55941e-11	0.0127409
2.56517e-11	0.012849
2.57094e-11	0.0129574
2.5767e-11	0.013066
2.58247e-11	0.013175
2.58823e-11	0.0132843
2.59399e-11	0.0133939
2.59976e-11	0.0135037
2.60552e-11	0.0136138
2.61129e-11	0.0137242
2.61705e-11	0.0138348
2.62282e-11	0.0139457
2.62858e-11	0.0140568
2.63435e-11	0.0141681
2.64011e-11	0.0142797
2.64587e-11	0.0143914
2.65164e-11	0.0145033
2.6574e-11	0.0146155
2.66317e-11	0.0147278
2.66893e-11	0.0148402
2.6747e-11	0.0149529
2.68046e-11	0.0150656
2.68623e-11	0.0151785
2.69199e-11	0.0152916
2.69775e-11	0.0154047
2.70352e-11	0.0155179
2.70928e-11	0.0156313
2.71505e-11	0.0157447
2.72081e-11	0.0158582
2.72658e-11	0.0159717
2.73234e-11	0.0160853
2.73811e-11	0.0161989
2.74387e-11	0.0163125
2.74963e-11	0.0164261
2.7554e-11	0.0165398
2.76116e-11	0.0166534
2.76693e-11	0.0167669
2.77269e-11	0.0168805
2.77846e-11	0.0169939
2.78422e-11	0.0171073
2.78999e-11	0.0172207
2.79575e-11	0.0173339
2.80151e-11	0.017447
2.80728e-11	0.0175599
2.81304e-11	0.0176728
2.81881e-11	0.0177854
2.82457e-11	0.0178979
2.83034e-11	0.0180102
2.8361e-11	0.0181223
2.84187e-11	0.0182342
2.84763e-11	0.0183458
2.85339e-11	0.0184572
2.85916e-11	0.0185684
2.86492e-11	0.0186792
2.87069e-11	0.0187898
2.87645e-11	0.0189
2.88222e-11	0.0190099
2.88798e-11	0.0191194
2.89375e-11	0.0192286
2.89951e-11	0.0193374
2.90527e-11	0.0194458
2.91104e-11	0.0195537
2.9168e-11	0.0196613
2.92257e-11	0.0197683
2.92833e-11	0.0198749
2.9341e-11	0.019981
2.93986e-11	0.0200866
2.94563e-11	0.0201917
2.95139e-11	0.0202961
2.95715e-11	0.0204001
2.96292e-11	0.0205034
2.96868e-11	0.0206061
2.97445e-11	0.0207082
2.98021e-11	0.0208097
2.98598e-11	0.0209104
2.99174e-11	0.0210105
2.99751e-11	0.0211098
3.00327e-11	0.0212085
3.00903e-11	0.0213063
3.0148e-11	0.0214034
3.02056e-11	0.0214997
3.02633e-11	0.0215951
3.03209e-11	0.0216897
3.03786e-11	0.0217835
3.04362e-11	0.0218763
3.04938e-11	0.0219683
3.05515e-11	0.0220593
3.06091e-11	0.0221493
3.06668e-11	0.0222384
3.07244e-11	0.0223264
3.07821e-11	0.0224134
3.08397e-11	0.0224994
3.08974e-11	0.0225843
3.0955e-11	0.0226681
3.10126e-11	0.0227507
3.10703e-11	0.0228322
3.11279e-11	0.0229125
3.11856e-11	0.0229916
3.12432e-11	0.0230695
3.13009e-11	0.0231461
3.13585e-11	0.0232215
3.14162e-11	0.0232955
3.14738e-11	0.0233682
3.15314e-11	0.0234395
3.15891e-11	0.0235095
3.16467e-11	0.023578
3.17044e-11	0.0236451
3.1762e-11	0.0237107
3.18197e-11	0.0237748
3.18773e-11	0.0238374
3.1935e-11	0.0238984
3.19926e-11	0.0239579
3.20502e-11	0.0240157
3.21079e-11	0.0240719
3.21655e-11	0.0241264
3.22232e-11	0.0241792
3.22808e-11	0.0242303
3.23385e-11	0.0242797
3.23961e-11	0.0243272
3.24538e-11	0.024373
3.25114e-11	0.0244168
3.2569e-11	0.0244588
3.26267e-11	0.0244989
3.26843e-11	0.0245371
3.2742e-11	0.0245733
3.27996e-11	0.0246075
3.28573e-11	0.0246396
3.29149e-11	0.0246697
3.29726e-11	0.0246977
3.30302e-11	0.0247236
3.30878e-11	0.0247473
3.31455e-11	0.0247688
3.32031e-11	0.0247881
3.32608e-11	0.0248051
3.33184e-11	0.0248198
3.33761e-11	0.0248322
3.34337e-11	0.0248423
3.34914e-11	0.02485
3.3549e-11	0.0248552
3.36066e-11	0.024858
3.36643e-11	0.0248583
3.37219e-11	0.024856
3.37796e-11	0.0248513
3.38372e-11	0.0248439
3.38949e-11	0.0248339
3.39525e-11	0.0248212
3.40102e-11	0.0248058
3.40678e-11	0.0247877
3.41254e-11	0.0247668
3.41831e-11	0.0247431
3.42407e-11	0.0247166
3.42984e-11	0.0246872
3.4356e-11	0.0246549
3.44137e-11	0.0246197
3.44713e-11	0.0245814
3.4529e-11	0.0245402
3.45866e-11	0.0244959
3.46442e-11	0.0244485
3.47019e-11	0.024398
3.47595e-11	0.0243443
3.48172e-11	0.0242874
3.48748e-11	0.0242272
3.49325e-11	0.0241638
3.49901e-11	0.0240971
3.50478e-11	0.024027
3.51054e-11	0.0239536
3.5163e-11	0.0238767
3.52207e-11	0.0237963
3.52783e-11	0.0237125
3.5336e-11	0.0236251
3.53936e-11	0.0235341
3.54513e-11	0.0234395
3.55089e-11	0.0233413
3.55666e-11	0.0232394
3.56242e-11	0.0231337
3.56818e-11	0.0230243
3.57395e-11	0.022911
3.57971e-11	0.0227939
3.58548e-11	0.0226729
3.59124e-11	0.022548
3.59701e-11	0.0224192
3.60277e-11	0.0222863
3.60853e-11	0.0221494
3.6143e-11	0.0220084
3.62006e-11	0.0218633
3.62583e-11	0.021714
3.63159e-11	0.0215606
3.63736e-11	0.0214029
3.64312e-11	0.0212409
3.64889e-11	0.0210746
3.65465e-11	0.0209039
3.66041e-11	0.0207289
3.66618e-11	0.0205494
3.67194e-11	0.0203655
3.67771e-11	0.020177
3.68347e-11	0.019984
3.68924e-11	0.0197863
3.695e-11	0.0195841
3.70077e-11	0.0193772
3.70653e-11	0.0191655
3.71229e-11	0.0189491
3.71806e-11	0.0187279
3.72382e-11	0.0185019
3.72959e-11	0.018271
3.73535e-11	0.0180353
3.74112e-11	0.0177945
3.74688e-11	0.0175488
3.75265e-11	0.017298
3.75841e-11	0.0170422
3.76417e-11	0.0167812
3.76994e-11	0.0165152
3.7757e-11	0.0162439
3.78147e-11	0.0159674
3.78723e-11	0.0156856
3.793e-11	0.0153986
3.79876e-11	0.0151061
3.80453e-11	0.0148084
3.81029e-11	0.0145051
3.81605e-11	0.0141965
3.82182e-11	0.0138823
3.82758e-11	0.0135626
3.83335e-11	0.0132373
3.83911e-11	0.0129064
3.84488e-11	0.0125699
3.85064e-11	0.0122276
3.85641e-11	0.0118797
3.86217e-11	0.0115259
3.86793e-11	0.0111664
3.8737e-11	0.010801
3.87946e-11	0.0104297
3.88523e-11	0.0100526
3.89099e-11	0.00966943
3.89676e-11	0.00928031
3.90252e-11	0.00888516
3.90829e-11	0.00848395
3.91405e-11	0.00807663
3.91981e-11	0.00766318
3.92558e-11	0.00724356
3.93134e-11	0.00681772
3.93711e-11	0.00638564
3.94287e-11	0.00594728
3.94864e-11	0.0055026
3.9544e-11	0.00505157
3.96017e-11	0.00459415
3.96593e-11	0.00413031
3.97169e-11	0.00366002
3.97746e-11	0.00318324
3.98322e-11	0.00269993
3.98899e-11	0.00221007
3.99475e-11	0.00171361
4.00052e-11	0.00121053
4.00628e-11	0.000700792
4.01205e-11	0.000184365
4.01781e-11	-0.000338784
4.02357e-11	-0.000868688
4.02934e-11	-0.00140538
4.0351e-11	-0.00194888
4.04087e-11	-0.00249924
4.04663e-11	-0.00305648
4.0524e-11	-0.00362062
4.05816e-11	-0.00419171
4.06393e-11	-0.00476977
4.06969e-11	-0.00535482
4.07545e-11	-0.00594691
4.08122e-11	-0.00654605
4.08698e-11	-0.00715228
4.09275e-11	-0.00776563
4.09851e-11	-0.00838611
4.10428e-11	-0.00901377
4.11004e-11	-0.00964862
4.11581e-11	-0.0102907
4.12157e-11	-0.01094
4.12733e-11	-0.0115966
4.1331e-11	-0.0122605
4.13886e-11	-0.0129318
4.14463e-11	-0.0136103
4.15039e-11	-0.0142963
4.15616e-11	-0.0149896
4.16192e-11	-0.0156904
4.16768e-11	-0.0163986
4.17345e-11	-0.0171143
4.17921e-11	-0.0178375
4.18498e-11	-0.0185682
4.19074e-11	-0.0193064
4.19651e-11	-0.0200521
4.20227e-11	-0.0208055
4.20804e-11	-0.0215664
4.2138e-11	-0.0223349
4.21956e-11	-0.0231111
4.22533e-11	-0.0238949
4.23109e-11	-0.0246864
4.23686e-11	-0.0254855
4.24262e-11	-0.0262923
4.24839e-11	-0.0271069
4.25415e-11	-0.0279292
4.25992e-11	-0.0287592
4.26568e-11	-0.029597
4.27144e-11	-0.0304425
4.27721e-11	-0.0312959
4.28297e-11	-0.032157
4.28874e-11	-0.0330259
4.2945e-11	-0.0339027
4.30027e-11	-0.0347873
4.30603e-11	-0.0356797
4.3118e-11	-0.0365799
4.31756e-11	-0.0374881
4.32332e-11	-0.038404
4.32909e-11	-0.0393279
4.33485e-11	-0.0402596
4.34062e-11	-0.0411992
4.34638e-11	-0.0421467
4.35215e-11	-0.0431021
4.35791e-11	-0.0440654
4.36368e-11	-0.0450366
4.36944e-11	-0.0460157
4.3752e-11	-0.0470028
4.38097e-11	-0.0479977
4.38673e-11	-0.0490005
4.3925e-11	-0.0500112
4.39826e-11	-0.0510299
4.40403e-11	-0.0520564
4.40979e-11	-0.0530909
4.41556e-11	-0.0541332
4.42132e-11	-0.0551835
4.42708e-11	-0.0562416
4.43285e-11	-0.0573076
4.43861e-11	-0.0583816
4.44438e-11	-0.0594633
4.45014e-11	-0.060553
4.45591e-11	-0.0616505
4.46167e-11	-0.0627559
4.46744e-11	-0.0638691
4.4732e-11	-0.0649901
4.47896e-11	-0.0661189
4.48473e-11	-0.0672556
4.49049e-11	-0.0684
4.49626e-11	-0.0695522
4.50202e-11	-0.0707122
4.50779e-11	-0.0718799
4.51355e-11	-0.0730554
4.51932e-11	-0.0742386
4.52508e-11	-0.0754294
4.53084e-11	-0.076628
4.53661e-11	-0.0778341
4.54237e-11	-0.079048
4.54814e-11	-0.0802694
4.5539e-11	-0.0814984
4.55967e-11	-0.082735
4.56543e-11	-0.0839792
4.5712e-11	-0.0852308
4.57696e-11	-0.08649
4.58272e-11	-0.0877566
4.58849e-11	-0.0890306
4.59425e-11	-0.0903121
4.60002e-11	-0.0916009
4.60578e-11	-0.0928971
4.61155e-11	-0.0942006
4.61731e-11	-0.0955113
4.62308e-11	-0.0968294
4.62884e-11	-0.0981546
4.6346e-11	-0.099487
4.64037e-11	-0.100827
4.64613e-11	-0.102173
4.6519e-11	-0.103527
4.65766e-11	-0.104888
4.66343e-11	-0.106255
4.66919e-11	-0.10763
4.67496e-11	-0.109012
4.68072e-11	-0.1104
4.68648e-11	-0.111795
4.69225e-11	-0.113197
4.69801e-11	-0.114606
4.70378e-11	-0.116021
4.70954e-11	-0.117443
4.71531e-11	-0.118872
4.72107e-11	-0.120307
4.72683e-11	-0.121749
4.7326e-11	-0.123197
4.73836e-11	-0.124651
4.74413e-11	-0.126112
4.74989e-11	-0.127579
4.75566e-11	-0.129052
4.76142e-11	-0.130531
4.76719e-11	-0.132017
4.77295e-11	-0.133508
4.77871e-11	-0.135006
4.78448e-11	-0.136509
4.79024e-11	-0.138018
4.79601e-11	-0.139533
4.80177e-11	-0.141054
4.80754e-11	-0.14258
4.8133e-11	-0.144112
4.81907e-11	-0.145649
4.82483e-11	-0.147192
4.83059e-11	-0.14874
4.83636e-11	-0.150294
4.84212e-11	-0.151852
4.84789e-11	-0.153416
4.85365e-11	-0.154985
4.85942e-11	-0.156559
4.86518e-11	-0.158138
4.87095e-11	-0.159721
4.87671e-11	-0.16131
4.88247e-11	-0.162903
4.88824e-11	-0.164501
4.894e-11	-0.166103
4.89977e-11	-0.16771
4.90553e-11	-0.169321
4.9113e-11	-0.170936
4.91706e-11	-0.172556
4.92283e-11	-0.17418
4.92859e-11	-0.175807
4.93435e-11	-0.177439
4.94012e-11	-0.179074
4.94588e-11	-0.180713
4.95165e-11	-0.182356
4.95741e-11	-0.184003
4.96318e-11	-0.185652
4.96894e-11	-0.187305
4.97471e-11	-0.188962
4.98047e-11	-0.190621
4.98623e-11	-0.192284
4.992e-11	-0.19395
4.99776e-11	-0.195618
5.00353e-11	-0.197289
5.00929e-11	-0.198963
5.01506e-11	-0.20064
5.02082e-11	-0.202318
5.02659e-11	-0.204
5.03235e-11	-0.205683
5.03811e-11	-0.207369
5.04388e-11	-0.209056
5.04964e-11	-0.210746
5.05541e-11	-0.212437
5.06117e-11	-0.21413
5.06694e-11	-0.215824
5.0727e-11	-0.21752
5.07847e-11	-0.219217
5.08423e-11	-0.220916
5.08999e-11	-0.222615
5.09576e-11	-0.224316
5.10152e-11	-0.226017
5.10729e-11	-0.227719
5.11305e-11	-0.229422
5.11882e-11	-0.231125
5.12458e-11	-0.232829
5.13035e-11	-0.234532
5.13611e-11	-0.236236
5.14187e-11	-0.23794
5.14764e-11	-0.239644
5.1534e-11	-0.241347
5.15917e-11	-0.24305
5.16493e-11	-0.244753
5.1707e-11	-0.246454
5.17646e-11	-0.248155
5.18223e-11	-0.249855
5.18799e-11	-0.251554
5.19375e-11	-0.253252
5.19952e-11	-0.254949
5.20528e-11	-0.256643
5.21105e-11	-0.258337
5.21681e-11	-0.260028
5.22258e-11	-0.261718
5.22834e-11	-0.263405
5.23411e-11	-0.265091
5.23987e-11	-0.266774
5.24563e-11	-0.268454
5.2514e-11	-0.270132
5.25716e-11	-0.271807
5.26293e-11	-0.273479
5.26869e-11	-0.275148
5.27446e-11	-0.276814
5.28022e-11	-0.278477
5.28598e-11	-0.280136
5.29175e-11	-0.281791
5.29751e-11	-0.283442
5.30328e-11	-0.28509
5.30904e-11	-0.286733
5.31481e-11	-0.288373
5.32057e-11	-0.290007
5.32634e-11	-0.291637
5.3321e-11	-0.293263
5.33786e-11	-0.294883
5.34363e-11	-0.296498
5.34939e-11	-0.298109
5.35516e-11	-0.299713
5.36092e-11	-0.301313
5.36669e-11	-0.302906
5.37245e-11	-0.304494
5.37822e-11	-0.306075
5.38398e-11	-0.307651
5.38974e-11	-0.30922
5.39551e-11	-0.310782
5.40127e-11	-0.312338
5.40704e-11	-0.313887
5.4128e-11	-0.315429
5.41857e-11	-0.316964
5.42433e-11	-0.318491
5.4301e-11	-0.320011
5.43586e-11	-0.321523
5.44162e-11	-0.323028
5.44739e-11	-0.324524
5.45315e-11	-0.326012
5.45892e-11	-0.327492
5.46468e-11	-0.328963
5.47045e-11	-0.330426
5.47621e-11	-0.33188
5.48198e-11	-0.333324
5.48774e-11	-0.33476
5.4935e-11	-0.336186
5.49927e-11	-0.337602
5.50503e-11	-0.339009
5.5108e-11	-0.340406
5.51656e-11	-0.341792
5.52233e-11	-0.343169
5.52809e-11	-0.344535
5.53386e-11	-0.34589
5.53962e-11	-0.347235
5.54538e-11	-0.348568
5.55115e-11	-0.349891
5.55691e-11	-0.351202
5.56268e-11	-0.352501
5.56844e-11	-0.353789
5.57421e-11	-0.355065
5.57997e-11	-0.356329
5.58574e-11	-0.357581
5.5915e-11	-0.358821
5.59726e-11	-0.360047
5.60303e-11	-0.361262
5.60879e-11	-0.362463
5.61456e-11	-0.363651
5.62032e-11	-0.364826
5.62609e-11	-0.365987
5.63185e-11	-0.367135
5.63762e-11	-0.368269
5.64338e-11	-0.369389
5.64914e-11	-0.370494
5.65491e-11	-0.371586
5.66067e-11	-0.372663
5.66644e-11	-0.373725
5.6722e-11	-0.374772
5.67797e-11	-0.375804
5.68373e-11	-0.376821
5.6895e-11	-0.377823
5.69526e-11	-0.378809
5.70102e-11	-0.379779
5.70679e-11	-0.380733
5.71255e-11	-0.381671
5.71832e-11	-0.382593
5.72408e-11	-0.383498
5.72985e-11	-0.384387
5.73561e-11	-0.385258
5.74138e-11	-0.386113
5.74714e-11	-0.386951
5.7529e-11	-0.387771
5.75867e-11	-0.388573
5.76443e-11	-0.389358
5.7702e-11	-0.390125
5.77596e-11	-0.390874
5.78173e-11	-0.391605
5.78749e-11	-0.392317
5.79326e-11	-0.393011
5.79902e-11	-0.393686
5.80478e-11	-0.394342
5.81055e-11	-0.394979
5.81631e-11	-0.395596
5.82208e-11	-0.396195
5.82784e-11	-0.396773
5.83361e-11	-0.397332
5.83937e-11	-0.397871
5.84513e-11	-0.398389
5.8509e-11	-0.398888
5.85666e-11	-0.399366
5.86243e-11	-0.399823
5.86819e-11	-0.400259
5.87396e-11	-0.400675
5.87972e-11	-0.401069
5.88549e-11	-0.401443
5.89125e-11	-0.401794
5.89701e-11	-0.402124
5.90278e-11	-0.402433
5.90854e-11	-0.402719
5.91431e-11	-0.402983
5.92007e-11	-0.403226
5.92584e-11	-0.403445
5.9316e-11	-0.403642
5.93737e-11	-0.403817
5.94313e-11	-0.403968
5.94889e-11	-0.404097
5.95466e-11	-0.404202
5.96042e-11	-0.404284
5.96619e-11	-0.404343
5.97195e-11	-0.404378
5.97772e-11	-0.404389
5.98348e-11	-0.404376
5.98925e-11	-0.404339
5.99501e-11	-0.404278
6.00077e-11	-0.404193
6.00654e-11	-0.404083
6.0123e-11	-0.403948
6.01807e-11	-0.403789
6.02383e-11	-0.403605
6.0296e-11	-0.403396
6.03536e-11	-0.403161
6.04113e-11	-0.402901
6.04689e-11	-0.402616
6.05265e-11	-0.402305
6.05842e-11	-0.401969
6.06418e-11	-0.401606
6.06995e-11	-0.401218
6.07571e-11	-0.400803
6.08148e-11	-0.400362
6.08724e-11	-0.399895
6.09301e-11	-0.399402
6.09877e-11	-0.398881
6.10453e-11	-0.398334
6.1103e-11	-0.397761
6.11606e-11	-0.39716
6.12183e-11	-0.396532
6.12759e-11	-0.395877
6.13336e-11	-0.395195
6.13912e-11	-0.394485
6.14489e-11	-0.393748
6.15065e-11	-0.392983
6.15641e-11	-0.39219
6.16218e-11	-0.39137
6.16794e-11	-0.390521
6.17371e-11	-0.389645
6.17947e-11	-0.38874
6.18524e-11	-0.387807
6.191e-11	-0.386846
6.19677e-11	-0.385857
6.20253e-11	-0.384838
6.20829e-11	-0.383792
6.21406e-11	-0.382716
6.21982e-11	-0.381612
6.22559e-11	-0.380479
6.23135e-11	-0.379317
6.23712e-11	-0.378126
6.24288e-11	-0.376906
6.24865e-11	-0.375657
6.25441e-11	-0.374378
6.26017e-11	-0.37307
6.26594e-11	-0.371733
6.2717e-11	-0.370366
6.27747e-11	-0.36897
6.28323e-11	-0.367544
6.289e-11	-0.366089
6.29476e-11	-0.364604
6.30053e-11	-0.363089
6.30629e-11	-0.361544
6.31205e-11	-0.359969
6.31782e-11	-0.358364
6.32358e-11	-0.35673
6.32935e-11	-0.355065
6.33511e-11	-0.35337
6.34088e-11	-0.351646
6.34664e-11	-0.349891
6.35241e-11	-0.348105
6.35817e-11	-0.34629
6.36393e-11	-0.344444
6.3697e-11	-0.342568
6.37546e-11	-0.340662
6.38123e-11	-0.338725
6.38699e-11	-0.336758
6.39276e-11	-0.33476
6.39852e-11	-0.332732
6.40428e-11	-0.330674
6.41005e-11	-0.328585
6.41581e-11	-0.326466
6.42158e-11	-0.324316
6.42734e-11	-0.322136
6.43311e-11	-0.319925
6.43887e-11	-0.317683
6.44464e-11	-0.315412
6.4504e-11	-0.313109
6.45616e-11	-0.310776
6.46193e-11	-0.308413
6.46769e-11	-0.306019
6.47346e-11	-0.303595
6.47922e-11	-0.30114
6.48499e-11	-0.298655
6.49075e-11	-0.296139
6.49652e-11	-0.293593
6.50228e-11	-0.291017
6.50804e-11	-0.28841
6.51381e-11	-0.285773
6.51957e-11	-0.283106
6.52534e-11	-0.280408
6.5311e-11	-0.27768
6.53687e-11	-0.274922
6.54263e-11	-0.272134
6.5484e-11	-0.269315
6.55416e-11	-0.266467
6.55992e-11	-0.263589
6.56569e-11	-0.26068
6.57145e-11	-0.257742
6.57722e-11	-0.254774
6.58298e-11	-0.251776
6.58875e-11	-0.248749
6.59451e-11	-0.245691
6.60028e-11	-0.242605
6.60604e-11	-0.239488
6.6118e-11	-0.236342
6.61757e-11	-0.233167
6.62333e-11	-0.229963
6.6291e-11	-0.226729
6.63486e-11	-0.223466
6.64063e-11	-0.220174
6.64639e-11	-0.216854
6.65216e-11	-0.213504
6.65792e-11	-0.210126
6.66368e-11	-0.206719
6.66945e-11	-0.203283
6.67521e-11	-0.199819
6.68098e-11	-0.196326
6.68674e-11	-0.192805
6.69251e-11	-0.189257
6.69827e-11	-0.18568
6.70404e-11	-0.182075
6.7098e-11	-0.178442
6.71556e-11	-0.174782
6.72133e-11	-0.171094
6.72709e-11	-0.167378
6.73286e-11	-0.163636
6.73862e-11	-0.159866
6.74439e-11	-0.156069
6.75015e-11	-0.152245
6.75592e-11	-0.148395
6.76168e-11	-0.144518
6.76744e-11	-0.140614
6.77321e-11	-0.136684
6.77897e-11	-0.132728
6.78474e-11	-0.128746
6.7905e-11	-0.124738
6.79627e-11	-0.120704
6.80203e-11	-0.116645
6.8078e-11	-0.11256
6.81356e-11	-0.10845
6.81932e-11	-0.104315
6.82509e-11	-0.100155
6.83085e-11	-0.0959708
6.83662e-11	-0.0917617
6.84238e-11	-0.0875283
6.84815e-11	-0.0832707
6.85391e-11	-0.0789891
6.85968e-11	-0.0746837
6.86544e-11	-0.0703546
6.8712e-11	-0.0660022
6.87697e-11	-0.0616265
6.88273e-11	-0.0572278
6.8885e-11	-0.0528062
6.89426e-11	-0.048362
6.90003e-11	-0.0438954
6.90579e-11	-0.0394066
6.91155e-11	-0.0348957
6.91732e-11	-0.0303631
6.92308e-11	-0.0258088
6.92885e-11	-0.0212332
6.93461e-11	-0.0166364
6.94038e-11	-0.0120187
6.94614e-11	-0.00738033
6.95191e-11	-0.00272144
6.95767e-11	0.00195771
6.96343e-11	0.00665688
6.9692e-11	0.0113758
6.97496e-11	0.0161144
6.98073e-11	0.0208722
6.98649e-11	0.0256491
6.99226e-11	0.0304449
6.99802e-11	0.0352592
7.00379e-11	0.0400919
7.00955e-11	0.0449427
7.01531e-11	0.0498113
7.02108e-11	0.0546975
7.02684e-11	0.059601
7.03261e-11	0.0645217
7.03837e-11	0.0694591
7.04414e-11	0.0744131
7.0499e-11	0.0793834
7.05567e-11	0.0843697
7.06143e-11	0.0893717
7.06719e-11	0.0943893
7.07296e-11	0.099422
7.07872e-11	0.10447
7.08449e-11	0.109532
7.09025e-11	0.114609
7.09602e-11	0.1197
7.10178e-11	0.124804
7.10755e-11	0.129922
7.11331e-11	0.135054
7.11907e-11	0.140198
7.12484e-11	0.145355
7.1306e-11	0.150525
7.13637e-11	0.155706
7.14213e-11	0.1609
7.1479e-11	0.166104
7.15366e-11	0.17132
7.15943e-11	0.176547
7.16519e-11	0.181785
7.17095e-11	0.187032
7.17672e-11	0.19229
7.18248e-11	0.197557
7.18825e-11	0.202834
7.19401e-11	0.20812
7.19978e-11	0.213414
7.20554e-11	0.218717
7.21131e-11	0.224028
7.21707e-11	0.229347
7.22283e-11	0.234673
7.2286e-11	0.240006
7.23436e-11	0.245347
7.24013e-11	0.250693
7.24589e-11	0.256046
7.25166e-11	0.261405
7.25742e-11	0.266769
7.26319e-11	0.272139
7.26895e-11	0.277513
7.27471e-11	0.282892
7.28048e-11	0.288275
7.28624e-11	0.293662
7.29201e-11	0.299052
7.29777e-11	0.304446
7.30354e-11	0.309842
7.3093e-11	0.315241
7.31507e-11	0.320642
7.32083e-11	0.326045
7.32659e-11	0.33145
7.33236e-11	0.336855
7.33812e-11	0.342262
7.34389e-11	0.347668
7.34965e-11	0.353076
7.35542e-11	0.358482
7.36118e-11	0.363889
7.36695e-11	0.369294
7.37271e-11	0.374698
7.37847e-11	0.3801
7.38424e-11	0.385501
7.39e-11	0.390899
7.39577e-11	0.396294
7.40153e-11	0.401687
7.4073e-11	0.407076
7.41306e-11	0.412461
7.41883e-11	0.417843
7.42459e-11	0.423219
7.43035e-11	0.428591
7.43612e-11	0.433958
7.44188e-11	0.43932
7.44765e-11	0.444675
7.45341e-11	0.450025
7.45918e-11	0.455368
7.46494e-11	0.460703
7.4707e-11	0.466032
7.47647e-11	0.471353
7.48223e-11	0.476666
7.488e-11	0.481971
7.49376e-11	0.487266
7.49953e-11	0.492553
7.50529e-11	0.497831
7.51106e-11	0.503098
7.51682e-11	0.508356
7.52258e-11	0.513603
7.52835e-11	0.518839
7.53411e-11	0.524064
7.53988e-11	0.529277
7.54564e-11	0.534479
7.55141e-11	0.539668
7.55717e-11	0.544844
7.56294e-11	0.550008
7.5687e-11	0.555158
7.57446e-11	0.560295
7.58023e-11	0.565417
7.58599e-11	0.570525
7.59176e-11	0.575618
7.59752e-11	0.580696
7.60329e-11	0.585759
7.60905e-11	0.590805
7.61482e-11	0.595836
7.62058e-11	0.60085
7.62634e-11	0.605847
7.63211e-11	0.610827
7.63787e-11	0.615789
7.64364e-11	0.620734
7.6494e-11	0.62566
7.65517e-11	0.630567
7.66093e-11	0.635456
7.6667e-11	0.640325
7.67246e-11	0.645174
7.67822e-11	0.650004
7.68399e-11	0.654813
7.68975e-11	0.659601
7.69552e-11	0.664368
7.70128e-11	0.669114
7.70705e-11	0.673839
7.71281e-11	0.678541
7.71858e-11	0.68322
7.72434e-11	0.687877
7.7301e-11	0.692511
7.73587e-11	0.697122
7.74163e-11	0.701709
7.7474e-11	0.706271
7.75316e-11	0.71081
7.75893e-11	0.715323
7.76469e-11	0.719812
7.77046e-11	0.724275
7.77622e-11	0.728712
7.78198e-11	0.733124
7.78775e-11	0.737509
7.79351e-11	0.741868
7.79928e-11	0.746199
7.80504e-11	0.750503
7.81081e-11	0.75478
7.81657e-11	0.759028
7.82234e-11	0.763249
7.8281e-11	0.767441
7.83386e-11	0.771604
7.83963e-11	0.775738
7.84539e-11	0.779842
7.85116e-11	0.783917
7.85692e-11	0.787961
7.86269e-11	0.791976
7.86845e-11	0.795959
7.87422e-11	0.799912
7.87998e-11	0.803833
7.88574e-11	0.807723
7.89151e-11	0.811581
7.89727e-11	0.815407
7.90304e-11	0.819201
7.9088e-11	0.822962
7.91457e-11	0.82669
7.92033e-11	0.830385
7.9261e-11	0.834046
7.93186e-11	0.837673
7.93762e-11	0.841267
7.94339e-11	0.844826
7.94915e-11	0.848351
7.95492e-11	0.85184
7.96068e-11	0.855295
7.96645e-11	0.858714
7.97221e-11	0.862098
7.97798e-11	0.865446
7.98374e-11	0.868758
7.9895e-11	0.872033
7.99527e-11	0.875272
8.00103e-11	0.878474
8.0068e-11	0.881639
8.01256e-11	0.884766
8.01833e-11	0.887856
8.02409e-11	0.890908
8.02985e-11	0.893922
8.03562e-11	0.896898
8.04138e-11	0.899835
8.04715e-11	0.902734
8.05291e-11	0.905594
8.05868e-11	0.908415
8.06444e-11	0.911196
8.07021e-11	0.913938
8.07597e-11	0.91664
8.08173e-11	0.919302
8.0875e-11	0.921923
8.09326e-11	0.924505
8.09903e-11	0.927046
8.10479e-11	0.929546
8.11056e-11	0.932005
8.11632e-11	0.934423
8.12209e-11	0.9368
8.12785e-11	0.939135
8.13361e-11	0.941428
8.13938e-11	0.94368
8.14514e-11	0.94589
8.15091e-11	0.948057
8.15667e-11	0.950182
8.16244e-11	0.952265
8.1682e-11	0.954305
8.17397e-11	0.956302
8.17973e-11	0.958256
8.18549e-11	0.960167
8.19126e-11	0.962035
8.19702e-11	0.963859
8.20279e-11	0.96564
8.20855e-11	0.967377
8.21432e-11	0.96907
8.22008e-11	0.970719
8.22585e-11	0.972324
8.23161e-11	0.973885
8.23737e-11	0.975401
8.24314e-11	0.976874
8.2489e-11	0.978301
8.25467e-11	0.979684
8.26043e-11	0.981022
8.2662e-11	0.982315
8.27196e-11	0.983564
8.27773e-11	0.984767
8.28349e-11	0.985925
8.28925e-11	0.987038
8.29502e-11	0.988105
8.30078e-11	0.989127
8.30655e-11	0.990103
8.31231e-11	0.991034
8.31808e-11	0.99192
8.32384e-11	0.992759
8.32961e-11	0.993553
8.33537e-11	0.994301
8.34113e-11	0.995003
8.3469e-11	0.995659
8.35266e-11	0.996269
8.35843e-11	0.996833
8.36419e-11	0.997351
8.36996e-11	0.997823
8.37572e-11	0.998249
8.38149e-11	0.998628
8.38725e-11	0.998961
8.39301e-11	0.999248
8.39878e-11	0.999489
8.40454e-11	0.999683
8.41031e-11	0.999832
8.41607e-11	0.999933
8.42184e-11	0.999989
8.4276e-11	0.999998
8.43337e-11	0.999961
8.43913e-11	0.999877
8.44489e-11	0.999747
8.45066e-11	0.999571
8.45642e-11	0.999348
8.46219e-11	0.99908
8.46795e-11	0.998765
8.47372e-11	0.998403
8.47948e-11	0.997996
8.48525e-11	0.997542
8.49101e-11	0.997042
8.49677e-11	0.996496
8.50254e-11	0.995904
8.5083e-11	0.995266
8.51407e-11	0.994582
8.51983e-11	0.993852
8.5256e-11	0.993076
8.53136e-11	0.992255
8.53713e-11	0.991387
8.54289e-11	0.990474
8.54865e-11	0.989516
8.55442e-11	0.988512
8.56018e-11	0.987462
8.56595e-11	0.986367
8.57171e-11	0.985227
8.57748e-11	0.984041
8.58324e-11	0.982811
8.589e-11	0.981535
8.59477e-11	0.980215
8.60053e-11	0.978849
8.6063e-11	0.977439
8.61206e-11	0.975985
8.61783e-11	0.974485
8.62359e-11	0.972942
8.62936e-11	0.971354
8.63512e-11	0.969722
8.64088e-11	0.968046
8.64665e-11	0.966327
8.65241e-11	0.964563
8.65818e-11	0.962756
8.66394e-11	0.960905
8.66971e-11	0.959011
8.67547e-11	0.957074
8.68124e-11	0.955094
8.687e-11	0.953071
8.69276e-11	0.951005
8.69853e-11	0.948896
8.70429e-11	0.946746
8.71006e-11	0.944552
8.71582e-11	0.942317
8.72159e-11	0.94004
8.72735e-11	0.937721
8.73312e-11	0.935361
8.73888e-11	0.932959
8.74464e-11	0.930516
8.75041e-11	0.928032
8.75617e-11	0.925507
8.76194e-11	0.922941
8.7677e-11	0.920335
8.77347e-11	0.917689
8.77923e-11	0.915003
8.785e-11	0.912277
8.79076e-11	0.909511
8.79652e-11	0.906706
8.80229e-11	0.903861
8.80805e-11	0.900978
8.81382e-11	0.898056
8.81958e-11	0.895095
8.82535e-11	0.892096
8.83111e-11	0.889059
8.83688e-11	0.885983
8.84264e-11	0.882871
8.8484e-11	0.87972
8.85417e-11	0.876533
8.85993e-11	0.873309
8.8657e-11	0.870048
8.87146e-11	0.86675
8.87723e-11	0.863416
8.88299e-11	0.860047
8.88876e-11	0.856641
8.89452e-11	0.853201
8.90028e-11	0.849725
8.90605e-11	0.846214
8.91181e-11	0.842668
8.91758e-11	0.839088
8.92334e-11	0.835474
8.92911e-11	0.831826
8.93487e-11	0.828144
8.94064e-11	0.824429
8.9464e-11	0.820681
8.95216e-11	0.8169
8.95793e-11	0.813087
8.96369e-11	0.809241
8.96946e-11	0.805364
8.97522e-11	0.801455
8.98099e-11	0.797514
8.98675e-11	0.793543
8.99252e-11	0.789541
8.99828e-11	0.785508
9.00404e-11	0.781445
9.00981e-11	0.777352
9.01557e-11	0.77323
9.02134e-11	0.769078
9.0271e-11	0.764898
9.03287e-11	0.760688
9.03863e-11	0.756451
9.0444e-11	0.752185
9.05016e-11	0.747892
9.05592e-11	0.743571
9.06169e-11	0.739223
9.06745e-11	0.734848
9.07322e-11	0.730447
9.07898e-11	0.72602
9.08475e-11	0.721567
9.09051e-11	0.717088
9.09628e-11	0.712584
9.10204e-11	0.708056
9.1078e-11	0.703502
9.11357e-11	0.698925
9.11933e-11	0.694324
9.1251e-11	0.689699
9.13086e-11	0.685051
9.13663e-11	0.68038
9.14239e-11	0.675687
9.14815e-11	0.670971
9.15392e-11	0.666234
9.15968e-11	0.661475
9.16545e-11	0.656695
9.17121e-11	0.651894
9.17698e-11	0.647072
9.18274e-11	0.642231
9.18851e-11	0.637369
9.19427e-11	0.632488
9.20003e-11	0.627588
9.2058e-11	0.62267
9.21156e-11	0.617732
9.21733e-11	0.612777
9.22309e-11	0.607804
9.22886e-11	0.602814
9.23462e-11	0.597806
9.24039e-11	0.592782
9.24615e-11	0.587742
9.25191e-11	0.582685
9.25768e-11	0.577613
9.26344e-11	0.572526
9.26921e-11	0.567424
9.27497e-11	0.562307
9.28074e-11	0.557176
9.2865e-11	0.552031
9.29227e-11	0.546873
9.29803e-11	0.541701
9.30379e-11	0.536517
9.30956e-11	0.53132
9.31532e-11	0.526112
9.32109e-11	0.520891
9.32685e-11	0.515659
9.33262e-11	0.510417
9.33838e-11	0.505163
9.34415e-11	0.4999
9.34991e-11	0.494626
9.35567e-11	0.489343
9.36144e-11	0.48405
9.3672e-11	0.478749
9.37297e-11	0.473439
9.37873e-11	0.468121
9.3845e-11	0.462796
9.39026e-11	0.457463
9.39603e-11	0.452123
9.40179e-11	0.446776
9.40755e-11	0.441423
9.41332e-11	0.436063
9.41908e-11	0.430699
9.42485e-11	0.425329
9.43061e-11	0.419954
9.43638e-11	0.414574
9.44214e-11	0.40919
9.44791e-11	0.403803
9.45367e-11	0.398411
9.45943e-11	0.393017
9.4652e-11	0.38762
9.47096e-11	0.38222
9.47673e-11	0.376819
9.48249e-11	0.371415
9.48826e-11	0.36601
9.49402e-11	0.360604
9.49979e-11	0.355198
9.50555e-11	0.349791
9.51131e-11	0.344384
9.51708e-11	0.338977
9.52284e-11	0.333571
9.52861e-11	0.328166
9.53437e-11	0.322763
9.54014e-11	0.317361
9.5459e-11	0.311961
9.55167e-11	0.306563
9.55743e-11	0.301169
9.56319e-11	0.295777
9.56896e-11	0.290389
9.57472e-11	0.285004
9.58049e-11	0.279624
9.58625e-11	0.274247
9.59202e-11	0.268876
9.59778e-11	0.26351
9.60355e-11	0.258149
9.60931e-11	0.252794
9.61507e-11	0.247444
9.62084e-11	0.242102
9.6266e-11	0.236766
9.63237e-11	0.231437
9.63813e-11	0.226115
9.6439e-11	0.220801
9.64966e-11	0.215495
9.65543e-11	0.210197
9.66119e-11	0.204908
9.66695e-11	0.199627
9.67272e-11	0.194356
9.67848e-11	0.189095
9.68425e-11	0.183843
9.69001e-11	0.178602
9.69578e-11	0.173371
9.70154e-11	0.16815
9.7073e-11	0.162941
9.71307e-11	0.157743
9.71883e-11	0.152557
9.7246e-11	0.147383
9.73036e-11	0.142221
9.73613e-11	0.137072
9.74189e-11	0.131935
9.74766e-11	0.126812
9.75342e-11	0.121702
9.75918e-11	0.116605
9.76495e-11	0.111523
9.77071e-11	0.106455
9.77648e-11	0.101402
9.78224e-11	0.0963629
9.78801e-11	0.0913394
9.79377e-11	0.0863312
9.79954e-11	0.0813387
9.8053e-11	0.0763621
9.81106e-11	0.0714016
9.81683e-11	0.0664577
9.82259e-11	0.0615304
9.82836e-11	0.0566201
9.83412e-11	0.0517271
9.83989e-11	0.0468515
9.84565e-11	0.0419937
9.85142e-11	0.0371539
9.85718e-11	0.0323323
9.86294e-11	0.0275293
9.86871e-11	0.0227449
9.87447e-11	0.0179796
9.88024e-11	0.0132335
9.886e-11	0.00850679
9.89177e-11	0.00379982
9.89753e-11	-0.000887211
9.9033e-11	-0.00555408
9.90906e-11	-0.0102006
9.91482e-11	-0.0148264
9.92059e-11	-0.0194314
9.92635e-11	-0.0240154
9.93212e-11	-0.028578
9.93788e-11	-0.0331192
9.94365e-11	-0.0376386
9.94941e-11	-0.0421361
9.95518e-11	-0.0466115
9.96094e-11	-0.0510645
9.9667e-11	-0.055495
9.97247e-11	-0.0599027
9.97823e-11	-0.0642874
9.984e-11	-0.068649
9.98976e-11	-0.0729873
9.99553e-11	-0.077302
1.00013e-10	-0.0815929
1.00071e-10	-0.08586
1.00128e-10	-0.0901029
1.00186e-10	-0.0943216
1.00243e-10	-0.0985158
1.00301e-10	-0.102685
1.00359e-10	-0.10683
1.00416e-10	-0.11095
1.00474e-10	-0.115044
1.00532e-10	-0.119114
1.00589e-10	-0.123158
1.00647e-10	-0.127176
1.00705e-10	-0.131168
1.00762e-10	-0.135134
1.0082e-10	-0.139075
1.00878e-10	-0.142989
1.00935e-10	-0.146876
1.00993e-10	-0.150737
1.01051e-10	-0.154571
1.01108e-10	-0.158379
1.01166e-10	-0.162159
1.01223e-10	-0.165913
1.01281e-10	-0.169639
1.01339e-10	-0.173337
1.01396e-10	-0.177009
1.01454e-10	-0.180652
1.01512e-10	-0.184268
1.01569e-10	-0.187856
1.01627e-10	-0.191416
1.01685e-10	-0.194948
1.01742e-10	-0.198451
1.018e-10	-0.201926
1.01858e-10	-0.205373
1.01915e-10	-0.208792
1.01973e-10	-0.212181
1.0203e-10	-0.215542
1.02088e-10	-0.218874
1.02146e-10	-0.222178
1.02203e-10	-0.225452
1.02261e-10	-0.228697
1.02319e-10	-0.231913
1.02376e-10	-0.2351
1.02434e-10	-0.238257
1.02492e-10	-0.241385
1.02549e-10	-0.244483
1.02607e-10	-0.247552
1.02665e-10	-0.250591
1.02722e-10	-0.253601
1.0278e-10	-0.256581
1.02837e-10	-0.259531
1.02895e-10	-0.262451
1.02953e-10	-0.265341
1.0301e-10	-0.268201
1.03068e-10	-0.271031
1.03126e-10	-0.273831
1.03183e-10	-0.276601
1.03241e-10	-0.279341
1.03299e-10	-0.28205
1.03356e-10	-0.28473
1.03414e-10	-0.287379
1.03472e-10	-0.289997
1.03529e-10	-0.292586
1.03587e-10	-0.295144
1.03645e-10	-0.297671
1.03702e-10	-0.300168
1.0376e-10	-0.302635
1.03817e-10	-0.305071
1.03875e-10	-0.307477
1.03933e-10	-0.309852
1.0399e-10	-0.312197
1.04048e-10	-0.314512
1.04106e-10	-0.316795
1.04163e-10	-0.319049
1.04221e-10	-0.321271
1.04279e-10	-0.323464
1.04336e-10	-0.325626
1.04394e-10	-0.327757
1.04452e-10	-0.329858
1.04509e-10	-0.331928
1.04567e-10	-0.333968
1.04624e-10	-0.335977
1.04682e-10	-0.337956
1.0474e-10	-0.339905
1.04797e-10	-0.341823
1.04855e-10	-0.343711
1.04913e-10	-0.345569
1.0497e-10	-0.347396
1.05028e-10	-0.349193
1.05086e-10	-0.35096
1.05143e-10	-0.352697
1.05201e-10	-0.354404
1.05259e-10	-0.35608
1.05316e-10	-0.357726
1.05374e-10	-0.359343
1.05431e-10	-0.360929
1.05489e-10	-0.362486
1.05547e-10	-0.364013
1.05604e-10	-0.365509
1.05662e-10	-0.366977
1.0572e-10	-0.368414
1.05777e-10	-0.369822
1.05835e-10	-0.3712
1.05893e-10	-0.372549
1.0595e-10	-0.373868
1.06008e-10	-0.375158
1.06066e-10	-0.376419
1.06123e-10	-0.377651
1.06181e-10	-0.378853
1.06238e-10	-0.380027
1.06296e-10	-0.381171
1.06354e-10	-0.382286
1.06411e-10	-0.383373
1.06469e-10	-0.384431
1.06527e-10	-0.38546
1.06584e-10	-0.386461
1.06642e-10	-0.387433
1.067e-10	-0.388377
1.06757e-10	-0.389293
1.06815e-10	-0.39018
1.06873e-10	-0.39104
1.0693e-10	-0.391871
1.06988e-10	-0.392675
1.07046e-10	-0.393451
1.07103e-10	-0.394199
1.07161e-10	-0.394919
1.07218e-10	-0.395612
1.07276e-10	-0.396278
1.07334e-10	-0.396917
1.07391e-10	-0.397528
1.07449e-10	-0.398112
1.07507e-10	-0.39867
1.07564e-10	-0.399201
1.07622e-10	-0.399705
1.0768e-10	-0.400182
1.07737e-10	-0.400633
1.07795e-10	-0.401058
1.07853e-10	-0.401457
1.0791e-10	-0.401829
1.07968e-10	-0.402176
1.08025e-10	-0.402497
1.08083e-10	-0.402792
1.08141e-10	-0.403062
1.08198e-10	-0.403307
1.08256e-10	-0.403526
1.08314e-10	-0.40372
1.08371e-10	-0.403889
1.08429e-10	-0.404033
1.08487e-10	-0.404153
1.08544e-10	-0.404248
1.08602e-10	-0.404318
1.0866e-10	-0.404365
1.08717e-10	-0.404387
1.08775e-10	-0.404385
1.08832e-10	-0.404359
1.0889e-10	-0.40431
1.08948e-10	-0.404237
1.09005e-10	-0.404141
1.09063e-10	-0.404022
1.09121e-10	-0.403879
1.09178e-10	-0.403714
1.09236e-10	-0.403525
1.09294e-10	-0.403314
1.09351e-10	-0.403081
1.09409e-10	-0.402826
1.09467e-10	-0.402548
1.09524e-10	-0.402248
1.09582e-10	-0.401926
1.0964e-10	-0.401583
1.09697e-10	-0.401218
1.09755e-10	-0.400832
1.09812e-10	-0.400425
1.0987e-10	-0.399997
1.09928e-10	-0.399548
1.09985e-10	-0.399078
1.10043e-10	-0.398587
1.10101e-10	-0.398077
1.10158e-10	-0.397546
1.10216e-10	-0.396995
1.10274e-10	-0.396424
1.10331e-10	-0.395833
1.10389e-10	-0.395223
1.10447e-10	-0.394594
1.10504e-10	-0.393946
1.10562e-10	-0.393278
1.10619e-10	-0.392592
1.10677e-10	-0.391887
1.10735e-10	-0.391163
1.10792e-10	-0.390422
1.1085e-10	-0.389662
1.10908e-10	-0.388884
1.10965e-10	-0.388088
1.11023e-10	-0.387275
1.11081e-10	-0.386444
1.11138e-10	-0.385596
1.11196e-10	-0.384731
1.11254e-10	-0.383849
1.11311e-10	-0.38295
1.11369e-10	-0.382035
1.11426e-10	-0.381103
1.11484e-10	-0.380155
1.11542e-10	-0.379191
1.11599e-10	-0.378212
1.11657e-10	-0.377216
1.11715e-10	-0.376205
1.11772e-10	-0.375179
1.1183e-10	-0.374138
1.11888e-10	-0.373081
1.11945e-10	-0.37201
1.12003e-10	-0.370925
1.12061e-10	-0.369824
1.12118e-10	-0.36871
1.12176e-10	-0.367582
1.12234e-10	-0.366439
1.12291e-10	-0.365283
1.12349e-10	-0.364114
1.12406e-10	-0.362931
1.12464e-10	-0.361735
1.12522e-10	-0.360526
1.12579e-10	-0.359304
1.12637e-10	-0.358069
1.12695e-10	-0.356822
1.12752e-10	-0.355563
1.1281e-10	-0.354291
1.12868e-10	-0.353008
1.12925e-10	-0.351713
1.12983e-10	-0.350406
1.13041e-10	-0.349088
1.13098e-10	-0.347759
1.13156e-10	-0.346419
1.13213e-10	-0.345068
1.13271e-10	-0.343706
1.13329e-10	-0.342334
1.13386e-10	-0.340951
1.13444e-10	-0.339558
1.13502e-10	-0.338155
1.13559e-10	-0.336743
1.13617e-10	-0.335321
1.13675e-10	-0.333889
1.13732e-10	-0.332448
1.1379e-10	-0.330998
1.13848e-10	-0.329539
1.13905e-10	-0.328071
1.13963e-10	-0.326594
1.1402e-10	-0.325109
1.14078e-10	-0.323616
1.14136e-10	-0.322115
1.14193e-10	-0.320606
1.14251e-10	-0.319089
1.14309e-10	-0.317564
1.14366e-10	-0.316032
1.14424e-10	-0.314493
1.14482e-10	-0.312947
1.14539e-10	-0.311394
1.14597e-10	-0.309834
1.14655e-10	-0.308267
1.14712e-10	-0.306694
1.1477e-10	-0.305115
1.14828e-10	-0.30353
1.14885e-10	-0.301939
1.14943e-10	-0.300342
1.15e-10	-0.298739
1.15058e-10	-0.297131
1.15116e-10	-0.295518
1.15173e-10	-0.293899
1.15231e-10	-0.292276
1.15289e-10	-0.290648
1.15346e-10	-0.289015
1.15404e-10	-0.287377
1.15462e-10	-0.285736
1.15519e-10	-0.28409
1.15577e-10	-0.28244
1.15635e-10	-0.280786
1.15692e-10	-0.279128
1.1575e-10	-0.277467
1.15807e-10	-0.275803
1.15865e-10	-0.274135
1.15923e-10	-0.272464
1.1598e-10	-0.27079
1.16038e-10	-0.269113
1.16096e-10	-0.267433
1.16153e-10	-0.265751
1.16211e-10	-0.264067
1.16269e-10	-0.26238
1.16326e-10	-0.260692
1.16384e-10	-0.259001
1.16442e-10	-0.257308
1.16499e-10	-0.255614
1.16557e-10	-0.253918
1.16614e-10	-0.252221
1.16672e-10	-0.250522
1.1673e-10	-0.248823
1.16787e-10	-0.247122
1.16845e-10	-0.245421
1.16903e-10	-0.243719
1.1696e-10	-0.242016
1.17018e-10	-0.240313
1.17076e-10	-0.238609
1.17133e-10	-0.236905
1.17191e-10	-0.235201
1.17249e-10	-0.233497
1.17306e-10	-0.231794
1.17364e-10	-0.230091
1.17421e-10	-0.228388
1.17479e-10	-0.226685
1.17537e-10	-0.224984
1.17594e-10	-0.223283
1.17652e-10	-0.221583
1.1771e-10	-0.219884
1.17767e-10	-0.218186
1.17825e-10	-0.21649
1.17883e-10	-0.214795
1.1794e-10	-0.213101
1.17998e-10	-0.211409
1.18056e-10	-0.209719
1.18113e-10	-0.208031
1.18171e-10	-0.206344
1.18229e-10	-0.20466
1.18286e-10	-0.202978
1.18344e-10	-0.201298
1.18401e-10	-0.199621
1.18459e-10	-0.197946
1.18517e-10	-0.196274
1.18574e-10	-0.194604
1.18632e-10	-0.192937
1.1869e-10	-0.191274
1.18747e-10	-0.189613
1.18805e-10	-0.187955
1.18863e-10	-0.186301
1.1892e-10	-0.18465
1.18978e-10	-0.183002
1.19036e-10	-0.181358
1.19093e-10	-0.179717
1.19151e-10	-0.17808
1.19208e-10	-0.176447
1.19266e-10	-0.174818
1.19324e-10	-0.173193
1.19381e-10	-0.171572
1.19439e-10	-0.169955
1.19497e-10	-0.168342
1.19554e-10	-0.166733
1.19612e-10	-0.165129
1.1967e-10	-0.16353
1.19727e-10	-0.161935
1.19785e-10	-0.160344
1.19843e-10	-0.158759
1.199e-10	-0.157178
1.19958e-10	-0.155602
1.20015e-10	-0.154031
1.20073e-10	-0.152465
1.20131e-10	-0.150905
1.20188e-10	-0.149349
1.20246e-10	-0.147799
1.20304e-10	-0.146254
1.20361e-10	-0.144715
1.20419e-10	-0.143181
1.20477e-10	-0.141652
1.20534e-10	-0.140129
1.20592e-10	-0.138612
1.2065e-10	-0.137101
1.20707e-10	-0.135595
1.20765e-10	-0.134095
1.20823e-10	-0.132602
1.2088e-10	-0.131114
1.20938e-10	-0.129632
1.20995e-10	-0.128156
1.21053e-10	-0.126687
1.21111e-10	-0.125224
1.21168e-10	-0.123767
1.21226e-10	-0.122316
1.21284e-10	-0.120872
1.21341e-10	-0.119435
1.21399e-10	-0.118003
1.21457e-10	-0.116579
1.21514e-10	-0.115161
1.21572e-10	-0.113749
1.2163e-10	-0.112345
1.21687e-10	-0.110947
1.21745e-10	-0.109556
1.21802e-10	-0.108172
1.2186e-10	-0.106794
1.21918e-10	-0.105424
1.21975e-10	-0.10406
1.22033e-10	-0.102704
1.22091e-10	-0.101354
1.22148e-10	-0.100012
1.22206e-10	-0.0986767
1.22264e-10	-0.0973487
1.22321e-10	-0.0960278
1.22379e-10	-0.0947142
1.22437e-10	-0.0934079
1.22494e-10	-0.0921088
1.22552e-10	-0.0908171
1.22609e-10	-0.0895327
1.22667e-10	-0.0882558
1.22725e-10	-0.0869863
1.22782e-10	-0.0857242
1.2284e-10	-0.0844696
1.22898e-10	-0.0832225
1.22955e-10	-0.0819829
1.23013e-10	-0.0807509
1.23071e-10	-0.0795265
1.23128e-10	-0.0783097
1.23186e-10	-0.0771005
1.23244e-10	-0.0758989
1.23301e-10	-0.0747051
1.23359e-10	-0.0735189
1.23417e-10	-0.0723404
1.23474e-10	-0.0711696
1.23532e-10	-0.0700066
1.23589e-10	-0.0688513
1.23647e-10	-0.0677039
1.23705e-10	-0.0665642
1.23762e-10	-0.0654322
1.2382e-10	-0.0643081
1.23878e-10	-0.0631919
1.23935e-10	-0.0620834
1.23993e-10	-0.0609828
1.24051e-10	-0.0598901
1.24108e-10	-0.0588052
1.24166e-10	-0.0577282
1.24224e-10	-0.0566591
1.24281e-10	-0.0555979
1.24339e-10	-0.0545445
1.24396e-10	-0.0534991
1.24454e-10	-0.0524615
1.24512e-10	-0.0514319
1.24569e-10	-0.0504101
1.24627e-10	-0.0493963
1.24685e-10	-0.0483903
1.24742e-10	-0.0473923
1.248e-10	-0.0464022
1.24858e-10	-0.04542
1.24915e-10	-0.0444457
1.24973e-10	-0.0434793
1.25031e-10	-0.0425208
1.25088e-10	-0.0415702
1.25146e-10	-0.0406275
1.25203e-10	-0.0396927
1.25261e-10	-0.0387657
1.25319e-10	-0.0378467
1.25376e-10	-0.0369354
1.25434e-10	-0.0360321
1.25492e-10	-0.0351366
1.25549e-10	-0.034249
1.25607e-10	-0.0333691
1.25665e-10	-0.0324971
1.25722e-10	-0.0316329
1.2578e-10	-0.0307766
1.25838e-10	-0.029928
1.25895e-10	-0.0290871
1.25953e-10	-0.0282541
1.26011e-10	-0.0274287
1.26068e-10	-0.0266112
1.26126e-10	-0.0258013
1.26183e-10	-0.0249991
1.26241e-10	-0.0242046
1.26299e-10	-0.0234178
1.26356e-10	-0.0226387
1.26414e-10	-0.0218671
1.26472e-10	-0.0211032
1.26529e-10	-0.0203469
1.26587e-10	-0.0195982
1.26645e-10	-0.018857
1.26702e-10	-0.0181234
1.2676e-10	-0.0173973
1.26818e-10	-0.0166787
1.26875e-10	-0.0159675
1.26933e-10	-0.0152638
1.2699e-10	-0.0145676
1.27048e-10	-0.0138787
1.27106e-10	-0.0131972
1.27163e-10	-0.0125231
1.27221e-10	-0.0118563
1.27279e-10	-0.0111969
1.27336e-10	-0.0105447
1.27394e-10	-0.00989979
1.27452e-10	-0.0092621
1.27509e-10	-0.00863162
1.27567e-10	-0.00800832
1.27625e-10	-0.00739218
1.27682e-10	-0.00678316
1.2774e-10	-0.00618124
1.27797e-10	-0.00558638
1.27855e-10	-0.00499857
1.27913e-10	-0.00441777
1.2797e-10	-0.00384395
1.28028e-10	-0.00327709
1.28086e-10	-0.00271714
1.28143e-10	-0.00216409
1.28201e-10	-0.0016179
1.28259e-10	-0.00107853
1.28316e-10	-0.000545972
1.28374e-10	-2.01749e-05
1.28432e-10	0.000498887
1.28489e-10	0.00101125
1.28547e-10	0.00151694
1.28604e-10	0.00201599
1.28662e-10	0.00250843
1.2872e-10	0.00299431
1.28777e-10	0.00347365
1.28835e-10	0.00394649
1.28893e-10	0.00441286
1.2895e-10	0.00487279
1.29008e-10	0.00532632
1.29066e-10	0.00577349
1.29123e-10	0.00621433
1.29181e-10	0.00664887
1.29239e-10	0.00707715
1.29296e-10	0.00749921
1.29354e-10	0.00791508
1.29412e-10	0.0083248
1.29469e-10	0.00872841
1.29527e-10	0.00912593
1.29584e-10	0.00951741
1.29642e-10	0.00990289
1.297e-10	0.0102824
1.29757e-10	0.010656
1.29815e-10	0.0110237
1.29873e-10	0.0113855
1.2993e-10	0.0117415
1.29988e-10	0.0120917
1.30046e-10	0.0124362
1.30103e-10	0.012775
1.30161e-10	0.0131081
1.30219e-10	0.0134356
1.30276e-10	0.0137575
1.30334e-10	0.0140738
1.30391e-10	0.0143846
1.30449e-10	0.01469
1.30507e-10	0.0149899
1.30564e-10	0.0152844
1.30622e-10	0.0155736
1.3068e-10	0.0158574
1.30737e-10	0.016136
1.30795e-10	0.0164093
1.30853e-10	0.0166774
1.3091e-10	0.0169404
1.30968e-10	0.0171982
1.31026e-10	0.0174509
1.31083e-10	0.0176986
1.31141e-10	0.0179413
1.31198e-10	0.0181791
1.31256e-10	0.0184119
1.31314e-10	0.0186398
1.31371e-10	0.0188629
1.31429e-10	0.0190811
1.31487e-10	0.0192946
1.31544e-10	0.0195034
1.31602e-10	0.0197075
1.3166e-10	0.0199069
1.31717e-10	0.0201018
1.31775e-10	0.020292
1.31833e-10	0.0204777
1.3189e-10	0.020659
1.31948e-10	0.0208358
1.32006e-10	0.0210081
1.32063e-10	0.0211761
1.32121e-10	0.0213398
1.32178e-10	0.0214992
1.32236e-10	0.0216543
1.32294e-10	0.0218052
1.32351e-10	0.021952
1.32409e-10	0.0220946
1.32467e-10	0.0222331
1.32524e-10	0.0223675
1.32582e-10	0.0224979
1.3264e-10	0.0226244
1.32697e-10	0.0227469
1.32755e-10	0.0228655
1.32813e-10	0.0229803
1.3287e-10	0.0230912
1.32928e-10	0.0231983
1.32985e-10	0.0233017
1.33043e-10	0.0234014
1.33101e-10	0.0234974
1.33158e-10	0.0235898
1.33216e-10	0.0236786
1.33274e-10	0.0237638
1.33331e-10	0.0238456
1.33389e-10	0.0239238
1.33447e-10	0.0239986
1.33504e-10	0.02407
1.33562e-10	0.024138
1.3362e-10	0.0242027
1.33677e-10	0.0242642
1.33735e-10	0.0243223
1.33792e-10	0.0243773
1.3385e-10	0.024429
1.33908e-10	0.0244777
1.33965e-10	0.0245232
1.34023e-10	0.0245656
1.34081e-10	0.024605
1.34138e-10	0.0246414
1.34196e-10	0.0246749
1.34254e-10	0.0247054
1.34311e-10	0.0247331
1.34369e-10	0.0247579
1.34427e-10	0.0247798
1.34484e-10	0.024799
1.34542e-10	0.0248155
1.346e-10	0.0248292
1.34657e-10	0.0248403
1.34715e-10	0.0248487
1.34772e-10	0.0248545
1.3483e-10	0.0248577
1.34888e-10	0.0248584
1.34945e-10	0.0248566
1.35003e-10	0.0248523
1.35061e-10	0.0248456
1.35118e-10	0.0248365
1.35176e-10	0.024825
1.35234e-10	0.0248112
1.35291e-10	0.024795
1.35349e-10	0.0247766
1.35407e-10	0.024756
1.35464e-10	0.0247331
1.35522e-10	0.0247081
1.35579e-10	0.024681
1.35637e-10	0.0246517
1.35695e-10	0.0246203
1.35752e-10	0.0245869
1.3581e-10	0.0245515
1.35868e-10	0.0245142
1.35925e-10	0.0244748
1.35983e-10	0.0244336
1.36041e-10	0.0243904
1.36098e-10	0.0243454
1.36156e-10	0.0242986
1.36214e-10	0.0242499
1.36271e-10	0.0241995
1.36329e-10	0.0241474
1.36386e-10	0.0240935
1.36444e-10	0.024038
1.36502e-10	0.0239808
1.36559e-10	0.0239219
1.36617e-10	0.0238615
1.36675e-10	0.0237996
1.36732e-10	0.023736
1.3679e-10	0.023671
1.36848e-10	0.0236045
1.36905e-10	0.0235365
1.36963e-10	0.0234672
1.37021e-10	0.0233964
1.37078e-10	0.0233242
1.37136e-10	0.0232507
1.37194e-10	0.0231759
1.37251e-10	0.0230997
1.37309e-10	0.0230224
1.37366e-10	0.0229437
1.37424e-10	0.0228639
1.37482e-10	0.0227828
1.37539e-10	0.0227006
1.37597e-10	0.0226173
1.37655e-10	0.0225329
1.37712e-10	0.0224473
1.3777e-10	0.0223607
1.37828e-10	0.0222731
1.37885e-10	0.0221844
1.37943e-10	0.0220947
1.38001e-10	0.0220041
1.38058e-10	0.0219125
1.38116e-10	0.02182
1.38173e-10	0.0217266
1.38231e-10	0.0216324
1.38289e-10	0.0215372
1.38346e-10	0.0214413
1.38404e-10	0.0213445
1.38462e-10	0.021247
1.38519e-10	0.0211486
1.38577e-10	0.0210496
1.38635e-10	0.0209498
1.38692e-10	0.0208493
1.3875e-10	0.0207481
1.38808e-10	0.0206463
1.38865e-10	0.0205438
1.38923e-10	0.0204407
1.3898e-10	0.020337
1.39038e-10	0.0202327
1.39096e-10	0.0201279
1.39153e-10	0.0200225
1.39211e-10	0.0199166
1.39269e-10	0.0198102
1.39326e-10	0.0197033
1.39384e-10	0.019596
1.39442e-10	0.0194882
1.39499e-10	0.01938
1.39557e-10	0.0192713
1.39615e-10	0.0191623
1.39672e-10	0.0190529
1.3973e-10	0.0189432
1.39787e-10	0.0188331
1.39845e-10	0.0187226
1.39903e-10	0.0186119
1.3996e-10	0.0185009
1.40018e-10	0.0183896
1.40076e-10	0.0182781
1.40133e-10	0.0181663
1.40191e-10	0.0180542
1.40249e-10	0.017942
1.40306e-10	0.0178296
1.40364e-10	0.017717
1.40422e-10	0.0176042
1.40479e-10	0.0174913
1.40537e-10	0.0173783
1.40595e-10	0.0172651
1.40652e-10	0.0171518
1.4071e-10	0.0170385
1.40767e-10	0.016925
1.40825e-10	0.0168115
1.40883e-10	0.016698
1.4094e-10	0.0165844
1.40998e-10	0.0164707
1.41056e-10	0.0163571
1.41113e-10	0.0162435
1.41171e-10	0.0161299
1.41229e-10	0.0160163
1.41286e-10	0.0159027
1.41344e-10	0.0157892
1.41402e-10	0.0156758
1.41459e-10	0.0155624
1.41517e-10	0.0154491
1.41574e-10	0.015336
1.41632e-10	0.0152229
1.4169e-10	0.0151099
1.41747e-10	0.0149971
1.41805e-10	0.0148844
1.41863e-10	0.0147719
1.4192e-10	0.0146595
1.41978e-10	0.0145473
1.42036e-10	0.0144353
1.42093e-10	0.0143235
1.42151e-10	0.0142119
1.42209e-10	0.0141005
1.42266e-10	0.0139893
1.42324e-10	0.0138783
1.42381e-10	0.0137676
1.42439e-10	0.0136571
1.42497e-10	0.0135469
1.42554e-10	0.013437
1.42612e-10	0.0133273
1.4267e-10	0.0132179
1.42727e-10	0.0131088
1.42785e-10	0.013
1.42843e-10	0.0128915
1.429e-10	0.0127833
1.42958e-10	0.0126754
1.43016e-10	0.0125679
1.43073e-10	0.0124607
1.43131e-10	0.0123538
1.43189e-10	0.0122473
1.43246e-10	0.0121411
1.43304e-10	0.0120353
1.43361e-10	0.0119299
1.43419e-10	0.0118248
1.43477e-10	0.0117202
1.43534e-10	0.0116159
1.43592e-10	0.011512
1.4365e-10	0.0114085
1.43707e-10	0.0113054
1.43765e-10	0.0112027
1.43823e-10	0.0111005
1.4388e-10	0.0109986
1.43938e-10	0.0108972
1.43996e-10	0.0107962
1.44053e-10	0.0106957
1.44111e-10	0.0105956
1.44168e-10	0.0104959
1.44226e-10	0.0103967
1.44284e-10	0.010298
1.44341e-10	0.0101997
1.44399e-10	0.0101018
1.44457e-10	0.0100045
1.44514e-10	0.00990758
1.44572e-10	0.00981116
1.4463e-10	0.00971522
1.44687e-10	0.00961976
1.44745e-10	0.00952479
1.44803e-10	0.00943031
1.4486e-10	0.00933632
1.44918e-10	0.00924282
1.44975e-10	0.00914983
1.45033e-10	0.00905733
1.45091e-10	0.00896534
1.45148e-10	0.00887386
1.45206e-10	0.00878288
1.45264e-10	0.00869242
1.45321e-10	0.00860247
1.45379e-10	0.00851305
1.45437e-10	0.00842413
1.45494e-10	0.00833575
1.45552e-10	0.00824788
1.4561e-10	0.00816054
1.45667e-10	0.00807373
1.45725e-10	0.00798745
1.45783e-10	0.00790169
1.4584e-10	0.00781647
1.45898e-10	0.00773179
1.45955e-10	0.00764763
1.46013e-10	0.00756402
1.46071e-10	0.00748094
1.46128e-10	0.0073984
1.46186e-10	0.00731641
1.46244e-10	0.00723495
1.46301e-10	0.00715404
1.46359e-10	0.00707366
1.46417e-10	0.00699383
1.46474e-10	0.00691455
1.46532e-10	0.00683581
1.4659e-10	0.00675762
1.46647e-10	0.00667997
1.46705e-10	0.00660287
1.46762e-10	0.00652631
1.4682e-10	0.0064503
1.46878e-10	0.00637484
1.46935e-10	0.00629992
1.46993e-10	0.00622555
1.47051e-10	0.00615173
1.47108e-10	0.00607846
1.47166e-10	0.00600573
1.47224e-10	0.00593355
1.47281e-10	0.00586191
1.47339e-10	0.00579082
1.47397e-10	0.00572028
1.47454e-10	0.00565028
1.47512e-10	0.00558082
1.47569e-10	0.00551191
1.47627e-10	0.00544354
1.47685e-10	0.00537571
1.47742e-10	0.00530843
1.478e-10	0.00524168
1.47858e-10	0.00517547
1.47915e-10	0.00510981
1.47973e-10	0.00504468
1.48031e-10	0.00498009
1.48088e-10	0.00491603
1.48146e-10	0.00485251
1.48204e-10	0.00478952
1.48261e-10	0.00472706
1.48319e-10	0.00466514
1.48377e-10	0.00460374
1.48434e-10	0.00454287
1.48492e-10	0.00448253
1.48549e-10	0.00442272
1.48607e-10	0.00436342
1.48665e-10	0.00430465
1.48722e-10	0.0042464
1.4878e-10	0.00418867
1.48838e-10	0.00413146
1.48895e-10	0.00407476
1.48953e-10	0.00401858
1.49011e-10	0.00396291
1.49068e-10	0.00390775
1.49126e-10	0.00385309
1.49184e-10	0.00379895
1.49241e-10	0.00374531
1.49299e-10	0.00369217
1.49356e-10	0.00363953
1.49414e-10	0.00358739
1.49472e-10	0.00353575
1.49529e-10	0.0034846
1.49587e-10	0.00343395
1.49645e-10	0.00338378
1.49702e-10	0.00333411
1.4976e-10	0.00328491
1.49818e-10	0.00323621
1.49875e-10	0.00318798
1.49933e-10	0.00314024
1.49991e-10	0.00309297
1.50048e-10	0.00304618
1.50106e-10	0.00299986
1.50163e-10	0.00295401
1.50221e-10	0.00290862
1.50279e-10	0.00286371
1.50336e-10	0.00281925
1.50394e-10	0.00277526
1.50452e-10	0.00273172
1.50509e-10	0.00268864
1.50567e-10	0.00264602
1.50625e-10	0.00260384
1.50682e-10	0.00256211
1.5074e-10	0.00252083
1.50798e-10	0.00247999
1.50855e-10	0.00243959
1.50913e-10	0.00239963
1.5097e-10	0.00236011
1.51028e-10	0.00232101
1.51086e-10	0.00228235
1.51143e-10	0.00224412
1.51201e-10	0.00220631
1.51259e-10	0.00216892
1.51316e-10	0.00213195
1.51374e-10	0.0020954
1.51432e-10	0.00205927
1.51489e-10	0.00202354
1.51547e-10	0.00198823
1.51605e-10	0.00195332
1.51662e-10	0.00191881
1.5172e-10	0.0018847
1.51778e-10	0.001851
1.51835e-10	0.00181768
1.51893e-10	0.00178476
1.5195e-10	0.00175224
1.52008e-10	0.00172009
1.52066e-10	0.00168833
1.52123e-10	0.00165696
1.52181e-10	0.00162596
1.52239e-10	0.00159534
1.52296e-10	0.00156509
1.52354e-10	0.00153521
1.52412e-10	0.0015057
1.52469e-10	0.00147656
1.52527e-10	0.00144778
1.52585e-10	0.00141935
1.52642e-10	0.00139129
1.527e-10	0.00136357
1.52757e-10	0.00133621
1.52815e-10	0.0013092
1.52873e-10	0.00128253
1.5293e-10	0.00125621
1.52988e-10	0.00123023
1.53046e-10	0.00120458
1.53103e-10	0.00117927
1.53161e-10	0.00115429
1.53219e-10	0.00112964
1.53276e-10	0.00110532
1.53334e-10	0.00108132
1.53392e-10	0.00105764
1.53449e-10	0.00103428
1.53507e-10	0.00101123
1.53564e-10	0.000988501
1.53622e-10	0.000966079
1.5368e-10	0.000943965
1.53737e-10	0.000922155
1.53795e-10	0.000900647
1.53853e-10	0.000879439
1.5391e-10	0.000858527
1.53968e-10	0.00083791
1.54026e-10	0.000817583
1.54083e-10	0.000797545
1.54141e-10	0.000777794
1.54199e-10	0.000758326
1.54256e-10	0.000739138
1.54314e-10	0.000720229
1.54372e-10	0.000701595
1.54429e-10	0.000683234
1.54487e-10	0.000665143
1.54544e-10	0.00064732
1.54602e-10	0.000629762
1.5466e-10	0.000612467
1.54717e-10	0.000595432
1.54775e-10	0.000578654
1.54833e-10	0.000562131
1.5489e-10	0.000545861
1.54948e-10	0.00052984
1.55006e-10	0.000514067
1.55063e-10	0.000498538
1.55121e-10	0.000483252
1.55179e-10	0.000468206
1.55236e-10	0.000453398
1.55294e-10	0.000438824
1.55351e-10	0.000424483
1.55409e-10	0.000410372
1.55467e-10	0.000396488
1.55524e-10	0.00038283
1.55582e-10	0.000369395
1.5564e-10	0.000356181
1.55697e-10	0.000343184
1.55755e-10	0.000330404
1.55813e-10	0.000317837
1.5587e-10	0.000305481
1.55928e-10	0.000293334
1.55986e-10	0.000281393
1.56043e-10	0.000269657
1.56101e-10	0.000258122
1.56158e-10	0.000246788
1.56216e-10	0.00023565
1.56274e-10	0.000224708
1.56331e-10	0.000213959
1.56389e-10	0.000203401
1.56447e-10	0.000193031
1.56504e-10	0.000182848
1.56562e-10	0.000172849
1.5662e-10	0.000163032
1.56677e-10	0.000153395
1.56735e-10	0.000143936
1.56793e-10	0.000134652
1.5685e-10	0.000125542
1.56908e-10	0.000116604
1.56966e-10	0.000107835
1.57023e-10	9.92337e-05
1.57081e-10	9.07976e-05
1.57138e-10	8.25248e-05
1.57196e-10	7.44133e-05
1.57254e-10	6.64612e-05
1.57311e-10	5.86663e-05
1.57369e-10	5.10269e-05
1.57427e-10	4.35409e-05
1.57484e-10	3.62064e-05
1.57542e-10	2.90214e-05
1.576e-10	2.19841e-05
1.57657e-10	1.50925e-05
1.57715e-10	8.34482e-06
1.57773e-10	1.73912e-06
1.5783e-10	-4.72642e-06
1.57888e-10	-1.10536e-05
1.57945e-10	-1.72444e-05
1.58003e-10	-2.33004e-05
1.58061e-10	-2.92236e-05
1.58118e-10	-3.50156e-05
1.58176e-10	-4.06783e-05
1.58234e-10	-4.62134e-05
1.58291e-10	-5.16227e-05
1.58349e-10	-5.69078e-05
1.58407e-10	-6.20704e-05
1.58464e-10	-6.71123e-05
1.58522e-10	-7.20352e-05
1.5858e-10	-7.68406e-05
1.58637e-10	-8.15303e-05
1.58695e-10	-8.61058e-05
1.58752e-10	-9.05689e-05
1.5881e-10	-9.4921e-05
1.58868e-10	-9.91639e-05
1.58925e-10	-0.000103299
1.58983e-10	-0.000107328
1.59041e-10	-0.000111252
1.59098e-10	-0.000115073
1.59156e-10	-0.000118793
1.59214e-10	-0.000122413
1.59271e-10	-0.000125934
1.59329e-10	-0.000129357
1.59387e-10	-0.000132686
1.59444e-10	-0.00013592
1.59502e-10	-0.000139061
1.5956e-10	-0.000142111
1.59617e-10	-0.000145071
1.59675e-10	-0.000147942
1.59732e-10	-0.000150727
1.5979e-10	-0.000153425
1.59848e-10	-0.000156039
1.59905e-10	-0.00015857
1.59963e-10	-0.000161019
1.60021e-10	-0.000163388
1.60078e-10	-0.000165677
1.60136e-10	-0.000167889
1.60194e-10	-0.000170024
1.60251e-10	-0.000172084
1.60309e-10	-0.000174069
1.60367e-10	-0.000175982
1.60424e-10	-0.000177823
1.60482e-10	-0.000179593
1.60539e-10	-0.000181294
1.60597e-10	-0.000182927
1.60655e-10	-0.000184493
1.60712e-10	-0.000185994
1.6077e-10	-0.000187429
1.60828e-10	-0.000188802
1.60885e-10	-0.000190111
1.60943e-10	-0.00019136
1.61001e-10	-0.000192548
1.61058e-10	-0.000193677
1.61116e-10	-0.000194748
1.61174e-10	-0.000195762
1.61231e-10	-0.00019672
1.61289e-10	-0.000197624
1.61346e-10	-0.000198473
1.61404e-10	-0.000199269
1.61462e-10	-0.000200013
1.61519e-10	-0.000200707
1.61577e-10	-0.00020135
1.61635e-10	-0.000201945
1.61692e-10	-0.000202491
1.6175e-10	-0.00020299
1.61808e-10	-0.000203443
1.61865e-10	-0.000203851
1.61923e-10	-0.000204214
1.61981e-10	-0.000204534
1.62038e-10	-0.000204811
1.62096e-10	-0.000205046
1.62153e-10	-0.00020524
1.62211e-10	-0.000205395
1.62269e-10	-0.00020551
1.62326e-10	-0.000205586
1.62384e-10	-0.000205625
1.62442e-10	-0.000205627
1.62499e-10	-0.000205594
1.62557e-10	-0.000205524
1.62615e-10	-0.000205421
1.62672e-10	-0.000205284
1.6273e-10	-0.000205114
1.62788e-10	-0.000204911
1.62845e-10	-0.000204677
1.62903e-10	-0.000204413
1.62961e-10	-0.000204118
1.63018e-10	-0.000203794
1.63076e-10	-0.000203442
1.63133e-10	-0.000203061
1.63191e-10	-0.000202653
1.63249e-10	-0.000202218
1.63306e-10	-0.000201758
1.63364e-10	-0.000201272
1.63422e-10	-0.000200761
1.63479e-10	-0.000200227
1.63537e-10	-0.000199669
1.63595e-10	-0.000199088
1.63652e-10	-0.000198484
1.6371e-10	-0.000197859
1.63768e-10	-0.000197213
1.63825e-10	-0.000196547
1.63883e-10	-0.00019586
1.6394e-10	-0.000195155
1.63998e-10	-0.00019443
1.64056e-10	-0.000193687
1.64113e-10	-0.000192926
1.64171e-10	-0.000192148
1.64229e-10	-0.000191353
1.64286e-10	-0.000190542
1.64344e-10	-0.000189715
1.64402e-10	-0.000188873
1.64459e-10	-0.000188016
1.64517e-10	-0.000187145
1.64575e-10	-0.00018626
1.64632e-10	-0.000185362
1.6469e-10	-0.000184451
1.64747e-10	-0.000183527
1.64805e-10	-0.000182592
1.64863e-10	-0.000181644
1.6492e-10	-0.000180686
1.64978e-10	-0.000179717
1.65036e-10	-0.000178737
1.65093e-10	-0.000177748
1.65151e-10	-0.000176749
1.65209e-10	-0.000175741
1.65266e-10	-0.000174724
1.65324e-10	-0.000173698
1.65382e-10	-0.000172665
1.65439e-10	-0.000171624
1.65497e-10	-0.000170575
1.65555e-10	-0.00016952
1.65612e-10	-0.000168458
1.6567e-10	-0.000167389
1.65727e-10	-0.000166315
1.65785e-10	-0.000165235
1.65843e-10	-0.00016415
1.659e-10	-0.00016306
1.65958e-10	-0.000161965
1.66016e-10	-0.000160866
1.66073e-10	-0.000159762
1.66131e-10	-0.000158655
1.66189e-10	-0.000157544
1.66246e-10	-0.00015643
1.66304e-10	-0.000155313
1.66362e-10	-0.000154194
1.66419e-10	-0.000153071
1.66477e-10	-0.000151947
1.66534e-10	-0.000150821
1.66592e-10	-0.000149693
1.6665e-10	-0.000148563
1.66707e-10	-0.000147433
1.66765e-10	-0.000146301
1.66823e-10	-0.000145169
1.6688e-10	-0.000144036
1.66938e-10	-0.000142903
1.66996e-10	-0.00014177
1.67053e-10	-0.000140636
1.67111e-10	-0.000139504
1.67169e-10	-0.000138371
1.67226e-10	-0.00013724
1.67284e-10	-0.000136109
1.67341e-10	-0.000134979
1.67399e-10	-0.000133851
1.67457e-10	-0.000132724
1.67514e-10	-0.000131598
1.67572e-10	-0.000130475
1.6763e-10	-0.000129353
1.67687e-10	-0.000128234
1.67745e-10	-0.000127116
1.67803e-10	-0.000126002
1.6786e-10	-0.000124889
1.67918e-10	-0.00012378
1.67976e-10	-0.000122673
1.68033e-10	-0.000121569
1.68091e-10	-0.000120469
1.68149e-10	-0.000119372
1.68206e-10	-0.000118278
1.68264e-10	-0.000117187
1.68321e-10	-0.000116101
1.68379e-10	-0.000115018
1.68437e-10	-0.000113938
1.68494e-10	-0.000112863
