2.88222e-14	-0.000112979
8.64665e-14	-0.000114054
1.44111e-13	-0.000115134
2.01755e-13	-0.000116217
2.59399e-13	-0.000117304
3.17044e-13	-0.000118395
3.74688e-13	-0.000119489
4.32332e-13	-0.000120587
4.89977e-13	-0.000121688
5.47621e-13	-0.000122792
6.05265e-13	-0.000123899
6.6291e-13	-0.000125009
7.20554e-13	-0.000126121
7.78198e-13	-0.000127236
8.35843e-13	-0.000128354
8.93487e-13	-0.000129474
9.51131e-13	-0.000130596
1.00878e-12	-0.000131719
1.06642e-12	-0.000132845
1.12406e-12	-0.000133972
1.18171e-12	-0.0001351
1.23935e-12	-0.00013623
1.297e-12	-0.000137361
1.35464e-12	-0.000138493
1.41229e-12	-0.000139625
1.46993e-12	-0.000140758
1.52757e-12	-0.000141891
1.58522e-12	-0.000143025
1.64286e-12	-0.000144158
1.70051e-12	-0.000145291
1.75815e-12	-0.000146423
1.8158e-12	-0.000147554
1.87344e-12	-0.000148685
1.93109e-12	-0.000149814
1.98873e-12	-0.000150942
2.04637e-12	-0.000152068
2.10402e-12	-0.000153192
2.16166e-12	-0.000154314
2.21931e-12	-0.000155433
2.27695e-12	-0.00015655
2.3346e-12	-0.000157664
2.39224e-12	-0.000158774
2.44988e-12	-0.000159881
2.50753e-12	-0.000160984
2.56517e-12	-0.000162083
2.62282e-12	-0.000163177
2.68046e-12	-0.000164267
2.73811e-12	-0.000165352
2.79575e-12	-0.000166431
2.85339e-12	-0.000167505
2.91104e-12	-0.000168572
2.96868e-12	-0.000169634
3.02633e-12	-0.000170688
3.08397e-12	-0.000171736
3.14162e-12	-0.000172776
3.19926e-12	-0.000173809
3.2569e-12	-0.000174833
3.31455e-12	-0.000175849
3.37219e-12	-0.000176857
3.42984e-12	-0.000177855
3.48748e-12	-0.000178843
3.54513e-12	-0.000179822
3.60277e-12	-0.00018079
3.66041e-12	-0.000181747
3.71806e-12	-0.000182693
3.7757e-12	-0.000183627
3.83335e-12	-0.00018455
3.89099e-12	-0.000185459
3.94864e-12	-0.000186356
4.00628e-12	-0.00018724
4.06393e-12	-0.000188109
4.12157e-12	-0.000188964
4.17921e-12	-0.000189805
4.23686e-12	-0.00019063
4.2945e-12	-0.000191439
4.35215e-12	-0.000192232
4.40979e-12	-0.000193009
4.46744e-12	-0.000193768
4.52508e-12	-0.000194509
4.58272e-12	-0.000195231
4.64037e-12	-0.000195935
4.69801e-12	-0.000196619
4.75566e-12	-0.000197284
4.8133e-12	-0.000197928
4.87095e-12	-0.00019855
4.92859e-12	-0.000199151
4.98623e-12	-0.00019973
5.04388e-12	-0.000200285
5.10152e-12	-0.000200817
5.15917e-12	-0.000201325
5.21681e-12	-0.000201809
5.27446e-12	-0.000202266
5.3321e-12	-0.000202698
5.38974e-12	-0.000203103
5.44739e-12	-0.000203481
5.50503e-12	-0.00020383
5.56268e-12	-0.000204151
5.62032e-12	-0.000204443
5.67797e-12	-0.000204704
5.73561e-12	-0.000204935
5.79326e-12	-0.000205133
5.8509e-12	-0.0002053
5.90854e-12	-0.000205434
5.96619e-12	-0.000205534
6.02383e-12	-0.000205599
6.08148e-12	-0.000205629
6.13912e-12	-0.000205623
6.19677e-12	-0.00020558
6.25441e-12	-0.000205499
6.31205e-12	-0.00020538
6.3697e-12	-0.000205221
6.42734e-12	-0.000205023
6.48499e-12	-0.000204783
6.54263e-12	-0.000204501
6.60028e-12	-0.000204177
6.65792e-12	-0.000203809
6.71556e-12	-0.000203397
6.77321e-12	-0.000202939
6.83085e-12	-0.000202435
6.8885e-12	-0.000201883
6.94614e-12	-0.000201283
7.00379e-12	-0.000200635
7.06143e-12	-0.000199936
7.11907e-12	-0.000199186
7.17672e-12	-0.000198384
7.23436e-12	-0.000197529
7.29201e-12	-0.00019662
7.34965e-12	-0.000195656
7.4073e-12	-0.000194636
7.46494e-12	-0.000193559
7.52258e-12	-0.000192423
7.58023e-12	-0.000191229
7.63787e-12	-0.000189974
7.69552e-12	-0.000188657
7.75316e-12	-0.000187278
7.81081e-12	-0.000185836
7.86845e-12	-0.000184328
7.9261e-12	-0.000182755
7.98374e-12	-0.000181115
8.04138e-12	-0.000179406
8.09903e-12	-0.000177628
8.15667e-12	-0.00017578
8.21432e-12	-0.000173859
8.27196e-12	-0.000171866
8.32961e-12	-0.000169798
8.38725e-12	-0.000167655
8.44489e-12	-0.000165435
8.50254e-12	-0.000163137
8.56018e-12	-0.00016076
8.61783e-12	-0.000158302
8.67547e-12	-0.000155762
8.73312e-12	-0.000153139
8.79076e-12	-0.000150431
8.8484e-12	-0.000147638
8.90605e-12	-0.000144757
8.96369e-12	-0.000141787
9.02134e-12	-0.000138728
9.07898e-12	-0.000135576
9.13663e-12	-0.000132332
9.19427e-12	-0.000128994
9.25191e-12	-0.00012556
9.30956e-12	-0.000122028
9.3672e-12	-0.000118398
9.42485e-12	-0.000114668
9.48249e-12	-0.000110835
9.54014e-12	-0.0001069
9.59778e-12	-0.00010286
9.65543e-12	-9.8713e-05
9.71307e-12	-9.44585e-05
9.77071e-12	-9.00945e-05
9.82836e-12	-8.56194e-05
9.886e-12	-8.10317e-05
9.94365e-12	-7.63297e-05
1.00013e-11	-7.15117e-05
1.00589e-11	-6.65761e-05
1.01166e-11	-6.15213e-05
1.01742e-11	-5.63456e-05
1.02319e-11	-5.10472e-05
1.02895e-11	-4.56246e-05
1.03472e-11	-4.00758e-05
1.04048e-11	-3.43993e-05
1.04624e-11	-2.85933e-05
1.05201e-11	-2.26559e-05
1.05777e-11	-1.65855e-05
1.06354e-11	-1.03801e-05
1.0693e-11	-4.03813e-06
1.07507e-11	2.44239e-06
1.08083e-11	9.06325e-06
1.0866e-11	1.58263e-05
1.09236e-11	2.27335e-05
1.09812e-11	2.97866e-05
1.10389e-11	3.69875e-05
1.10965e-11	4.43382e-05
1.11542e-11	5.18406e-05
1.12118e-11	5.94967e-05
1.12695e-11	6.73083e-05
1.13271e-11	7.52775e-05
1.13848e-11	8.34062e-05
1.14424e-11	9.16965e-05
1.15e-11	0.00010015
1.15577e-11	0.00010877
1.16153e-11	0.000117557
1.1673e-11	0.000126513
1.17306e-11	0.000135642
1.17883e-11	0.000144944
1.18459e-11	0.000154422
1.19036e-11	0.000164079
1.19612e-11	0.000173915
1.20188e-11	0.000183934
1.20765e-11	0.000194137
1.21341e-11	0.000204527
1.21918e-11	0.000215106
1.22494e-11	0.000225875
1.23071e-11	0.000236838
1.23647e-11	0.000247997
1.24224e-11	0.000259353
1.248e-11	0.000270909
1.25376e-11	0.000282667
1.25953e-11	0.000294629
1.26529e-11	0.000306799
1.27106e-11	0.000319177
1.27682e-11	0.000331767
1.28259e-11	0.000344571
1.28835e-11	0.000357591
1.29412e-11	0.000370829
1.29988e-11	0.000384288
1.30564e-11	0.00039797
1.31141e-11	0.000411878
1.31717e-11	0.000426013
1.32294e-11	0.000440379
1.3287e-11	0.000454978
1.33447e-11	0.000469812
1.34023e-11	0.000484884
1.346e-11	0.000500196
1.35176e-11	0.00051575
1.35752e-11	0.00053155
1.36329e-11	0.000547597
1.36905e-11	0.000563895
1.37482e-11	0.000580445
1.38058e-11	0.00059725
1.38635e-11	0.000614314
1.39211e-11	0.000631637
1.39787e-11	0.000649223
1.40364e-11	0.000667075
1.4094e-11	0.000685194
1.41517e-11	0.000703585
1.42093e-11	0.000722248
1.4267e-11	0.000741187
1.43246e-11	0.000760405
1.43823e-11	0.000779903
1.44399e-11	0.000799685
1.44975e-11	0.000819754
1.45552e-11	0.000840112
1.46128e-11	0.000860761
1.46705e-11	0.000881704
1.47281e-11	0.000902945
1.47858e-11	0.000924485
1.48434e-11	0.000946327
1.49011e-11	0.000968475
1.49587e-11	0.00099093
1.50163e-11	0.0010137
1.5074e-11	0.00103677
1.51316e-11	0.00106017
1.51893e-11	0.00108388
1.52469e-11	0.00110792
1.53046e-11	0.00113227
1.53622e-11	0.00115696
1.54199e-11	0.00118197
1.54775e-11	0.00120732
1.55351e-11	0.001233
1.55928e-11	0.00125902
1.56504e-11	0.00128538
1.57081e-11	0.00131209
1.57657e-11	0.00133914
1.58234e-11	0.00136654
1.5881e-11	0.00139429
1.59387e-11	0.00142239
1.59963e-11	0.00145085
1.60539e-11	0.00147967
1.61116e-11	0.00150886
1.61692e-11	0.00153841
1.62269e-11	0.00156832
1.62845e-11	0.00159861
1.63422e-11	0.00162927
1.63998e-11	0.00166031
1.64575e-11	0.00169173
1.65151e-11	0.00172353
1.65727e-11	0.00175571
1.66304e-11	0.00178828
1.6688e-11	0.00182125
1.67457e-11	0.0018546
1.68033e-11	0.00188835
1.6861e-11	0.0019225
1.69186e-11	0.00195705
1.69763e-11	0.001992
1.70339e-11	0.00202736
1.70915e-11	0.00206313
1.71492e-11	0.00209931
1.72068e-11	0.00213591
1.72645e-11	0.00217292
1.73221e-11	0.00221035
1.73798e-11	0.00224821
1.74374e-11	0.00228649
1.74951e-11	0.0023252
1.75527e-11	0.00236433
1.76103e-11	0.00240391
1.7668e-11	0.00244391
1.77256e-11	0.00248436
1.77833e-11	0.00252525
1.78409e-11	0.00256658
1.78986e-11	0.00260835
1.79562e-11	0.00265058
1.80139e-11	0.00269325
1.80715e-11	0.00273638
1.81291e-11	0.00277996
1.81868e-11	0.00282401
1.82444e-11	0.00286851
1.83021e-11	0.00291348
1.83597e-11	0.00295891
1.84174e-11	0.00300481
1.8475e-11	0.00305118
1.85327e-11	0.00309803
1.85903e-11	0.00314535
1.86479e-11	0.00319314
1.87056e-11	0.00324142
1.87632e-11	0.00329018
1.88209e-11	0.00333942
1.88785e-11	0.00338915
1.89362e-11	0.00343937
1.89938e-11	0.00349008
1.90515e-11	0.00354128
1.91091e-11	0.00359297
1.91667e-11	0.00364516
1.92244e-11	0.00369786
1.9282e-11	0.00375105
1.93397e-11	0.00380474
1.93973e-11	0.00385894
1.9455e-11	0.00391365
1.95126e-11	0.00396887
1.95702e-11	0.00402459
1.96279e-11	0.00408083
1.96855e-11	0.00413759
1.97432e-11	0.00419485
1.98008e-11	0.00425264
1.98585e-11	0.00431095
1.99161e-11	0.00436977
1.99738e-11	0.00442912
2.00314e-11	0.00448899
2.0089e-11	0.00454939
2.01467e-11	0.00461032
2.02043e-11	0.00467177
2.0262e-11	0.00473375
2.03196e-11	0.00479626
2.03773e-11	0.00485931
2.04349e-11	0.00492289
2.04926e-11	0.004987
2.05502e-11	0.00505165
2.06078e-11	0.00511684
2.06655e-11	0.00518256
2.07231e-11	0.00524883
2.07808e-11	0.00531563
2.08384e-11	0.00538298
2.08961e-11	0.00545086
2.09537e-11	0.00551929
2.10114e-11	0.00558826
2.1069e-11	0.00565777
2.11266e-11	0.00572783
2.11843e-11	0.00579844
2.12419e-11	0.00586959
2.12996e-11	0.00594128
2.13572e-11	0.00601352
2.14149e-11	0.00608631
2.14725e-11	0.00615964
2.15302e-11	0.00623352
2.15878e-11	0.00630795
2.16454e-11	0.00638292
2.17031e-11	0.00645844
2.17607e-11	0.00653451
2.18184e-11	0.00661113
2.1876e-11	0.00668829
2.19337e-11	0.006766
2.19913e-11	0.00684425
2.2049e-11	0.00692305
2.21066e-11	0.00700239
2.21642e-11	0.00708228
2.22219e-11	0.00716271
2.22795e-11	0.00724368
2.23372e-11	0.00732519
2.23948e-11	0.00740725
2.24525e-11	0.00748985
2.25101e-11	0.00757298
2.25678e-11	0.00765665
2.26254e-11	0.00774086
2.2683e-11	0.00782561
2.27407e-11	0.00791088
2.27983e-11	0.00799669
2.2856e-11	0.00808303
2.29136e-11	0.0081699
2.29713e-11	0.0082573
2.30289e-11	0.00834522
2.30866e-11	0.00843367
2.31442e-11	0.00852263
2.32018e-11	0.00861212
2.32595e-11	0.00870212
2.33171e-11	0.00879264
2.33748e-11	0.00888367
2.34324e-11	0.0089752
2.34901e-11	0.00906725
2.35477e-11	0.0091598
2.36054e-11	0.00925285
2.3663e-11	0.0093464
2.37206e-11	0.00944044
2.37783e-11	0.00953498
2.38359e-11	0.00963
2.38936e-11	0.00972551
2.39512e-11	0.0098215
2.40089e-11	0.00991797
2.40665e-11	0.0100149
2.41242e-11	0.0101123
2.41818e-11	0.0102102
2.42394e-11	0.0103086
2.42971e-11	0.0104074
2.43547e-11	0.0105066
2.44124e-11	0.0106063
2.447e-11	0.0107065
2.45277e-11	0.0108071
2.45853e-11	0.0109081
2.4643e-11	0.0110096
2.47006e-11	0.0111114
2.47582e-11	0.0112138
2.48159e-11	0.0113165
2.48735e-11	0.0114196
2.49312e-11	0.0115231
2.49888e-11	0.0116271
2.50465e-11	0.0117314
2.51041e-11	0.0118361
2.51617e-11	0.0119412
2.52194e-11	0.0120467
2.5277e-11	0.0121525
2.53347e-11	0.0122587
2.53923e-11	0.0123653
2.545e-11	0.0124722
2.55076e-11	0.0125794
2.55653e-11	0.012687
2.56229e-11	0.0127949
2.56805e-11	0.0129031
2.57382e-11	0.0130117
2.57958e-11	0.0131205
2.58535e-11	0.0132296
2.59111e-11	0.0133391
2.59688e-11	0.0134488
2.60264e-11	0.0135588
2.60841e-11	0.013669
2.61417e-11	0.0137795
2.61993e-11	0.0138902
2.6257e-11	0.0140012
2.63146e-11	0.0141124
2.63723e-11	0.0142239
2.64299e-11	0.0143355
2.64876e-11	0.0144474
2.65452e-11	0.0145594
2.66029e-11	0.0146716
2.66605e-11	0.014784
2.67181e-11	0.0148965
2.67758e-11	0.0150092
2.68334e-11	0.0151221
2.68911e-11	0.015235
2.69487e-11	0.0153481
2.70064e-11	0.0154613
2.7064e-11	0.0155746
2.71217e-11	0.015688
2.71793e-11	0.0158014
2.72369e-11	0.0159149
2.72946e-11	0.0160285
2.73522e-11	0.0161421
2.74099e-11	0.0162557
2.74675e-11	0.0163693
2.75252e-11	0.0164829
2.75828e-11	0.0165966
2.76405e-11	0.0167102
2.76981e-11	0.0168237
2.77557e-11	0.0169372
2.78134e-11	0.0170507
2.7871e-11	0.017164
2.79287e-11	0.0172773
2.79863e-11	0.0173904
2.8044e-11	0.0175035
2.81016e-11	0.0176164
2.81593e-11	0.0177291
2.82169e-11	0.0178417
2.82745e-11	0.0179541
2.83322e-11	0.0180663
2.83898e-11	0.0181783
2.84475e-11	0.0182901
2.85051e-11	0.0184016
2.85628e-11	0.0185128
2.86204e-11	0.0186238
2.86781e-11	0.0187345
2.87357e-11	0.0188449
2.87933e-11	0.018955
2.8851e-11	0.0190647
2.89086e-11	0.0191741
2.89663e-11	0.019283
2.90239e-11	0.0193916
2.90816e-11	0.0194998
2.91392e-11	0.0196076
2.91969e-11	0.0197149
2.92545e-11	0.0198217
2.93121e-11	0.019928
2.93698e-11	0.0200339
2.94274e-11	0.0201392
2.94851e-11	0.020244
2.95427e-11	0.0203482
2.96004e-11	0.0204518
2.9658e-11	0.0205548
2.97157e-11	0.0206573
2.97733e-11	0.020759
2.98309e-11	0.0208601
2.98886e-11	0.0209605
2.99462e-11	0.0210603
3.00039e-11	0.0211592
3.00615e-11	0.0212575
3.01192e-11	0.021355
3.01768e-11	0.0214516
3.02345e-11	0.0215475
3.02921e-11	0.0216425
3.03497e-11	0.0217367
3.04074e-11	0.02183
3.0465e-11	0.0219224
3.05227e-11	0.0220139
3.05803e-11	0.0221044
3.0638e-11	0.022194
3.06956e-11	0.0222825
3.07532e-11	0.0223701
3.08109e-11	0.0224566
3.08685e-11	0.022542
3.09262e-11	0.0226263
3.09838e-11	0.0227095
3.10415e-11	0.0227916
3.10991e-11	0.0228725
3.11568e-11	0.0229522
3.12144e-11	0.0230307
3.1272e-11	0.023108
3.13297e-11	0.023184
3.13873e-11	0.0232587
3.1445e-11	0.023332
3.15026e-11	0.023404
3.15603e-11	0.0234747
3.16179e-11	0.0235439
3.16756e-11	0.0236117
3.17332e-11	0.0236781
3.17908e-11	0.0237429
3.18485e-11	0.0238063
3.19061e-11	0.0238681
3.19638e-11	0.0239283
3.20214e-11	0.023987
3.20791e-11	0.024044
3.21367e-11	0.0240994
3.21944e-11	0.024153
3.2252e-11	0.024205
3.23096e-11	0.0242552
3.23673e-11	0.0243037
3.24249e-11	0.0243503
3.24826e-11	0.0243951
3.25402e-11	0.0244381
3.25979e-11	0.0244791
3.26555e-11	0.0245183
3.27132e-11	0.0245554
3.27708e-11	0.0245906
3.28284e-11	0.0246238
3.28861e-11	0.0246549
3.29437e-11	0.024684
3.30014e-11	0.0247109
3.3059e-11	0.0247357
3.31167e-11	0.0247583
3.31743e-11	0.0247787
3.3232e-11	0.0247969
3.32896e-11	0.0248127
3.33472e-11	0.0248263
3.34049e-11	0.0248376
3.34625e-11	0.0248464
3.35202e-11	0.0248529
3.35778e-11	0.0248569
3.36355e-11	0.0248584
3.36931e-11	0.0248575
3.37508e-11	0.024854
3.38084e-11	0.0248479
3.3866e-11	0.0248392
3.39237e-11	0.0248279
3.39813e-11	0.0248138
3.4039e-11	0.0247971
3.40966e-11	0.0247776
3.41543e-11	0.0247553
3.42119e-11	0.0247302
3.42696e-11	0.0247023
3.43272e-11	0.0246714
3.43848e-11	0.0246377
3.44425e-11	0.0246009
3.45001e-11	0.0245612
3.45578e-11	0.0245184
3.46154e-11	0.0244726
3.46731e-11	0.0244236
3.47307e-11	0.0243715
3.47884e-11	0.0243162
3.4846e-11	0.0242577
3.49036e-11	0.024196
3.49613e-11	0.0241309
3.50189e-11	0.0240625
3.50766e-11	0.0239907
3.51342e-11	0.0239156
3.51919e-11	0.0238369
3.52495e-11	0.0237548
3.53072e-11	0.0236692
3.53648e-11	0.0235801
3.54224e-11	0.0234873
3.54801e-11	0.0233909
3.55377e-11	0.0232908
3.55954e-11	0.023187
3.5653e-11	0.0230794
3.57107e-11	0.0229681
3.57683e-11	0.0228529
3.5826e-11	0.0227339
3.58836e-11	0.022611
3.59412e-11	0.0224841
3.59989e-11	0.0223533
3.60565e-11	0.0222184
3.61142e-11	0.0220794
3.61718e-11	0.0219364
3.62295e-11	0.0217892
3.62871e-11	0.0216378
3.63447e-11	0.0214823
3.64024e-11	0.0213224
3.646e-11	0.0211583
3.65177e-11	0.0209898
3.65753e-11	0.020817
3.6633e-11	0.0206397
3.66906e-11	0.020458
3.67483e-11	0.0202718
3.68059e-11	0.020081
3.68635e-11	0.0198857
3.69212e-11	0.0196858
3.69788e-11	0.0194812
3.70365e-11	0.0192719
3.70941e-11	0.0190579
3.71518e-11	0.0188391
3.72094e-11	0.0186155
3.72671e-11	0.0183871
3.73247e-11	0.0181538
3.73823e-11	0.0179155
3.744e-11	0.0176723
3.74976e-11	0.017424
3.75553e-11	0.0171707
3.76129e-11	0.0169124
3.76706e-11	0.0166488
3.77282e-11	0.0163802
3.77859e-11	0.0161063
3.78435e-11	0.0158272
3.79011e-11	0.0155428
3.79588e-11	0.015253
3.80164e-11	0.0149579
3.80741e-11	0.0146574
3.81317e-11	0.0143515
3.81894e-11	0.0140401
3.8247e-11	0.0137231
3.83047e-11	0.0134006
3.83623e-11	0.0130726
3.84199e-11	0.0127388
3.84776e-11	0.0123995
3.85352e-11	0.0120544
3.85929e-11	0.0117035
3.86505e-11	0.0113469
3.87082e-11	0.0109844
3.87658e-11	0.0106161
3.88235e-11	0.0102419
3.88811e-11	0.00986174
3.89387e-11	0.00947562
3.89964e-11	0.00908349
3.9054e-11	0.00868532
3.91117e-11	0.00828106
3.91693e-11	0.00787068
3.9227e-11	0.00745414
3.92846e-11	0.00703142
3.93423e-11	0.00660246
3.93999e-11	0.00616724
3.94575e-11	0.00572573
3.95152e-11	0.00527788
3.95728e-11	0.00482366
3.96305e-11	0.00436304
3.96881e-11	0.00389598
3.97458e-11	0.00342244
3.98034e-11	0.0029424
3.98611e-11	0.00245582
3.99187e-11	0.00196266
3.99763e-11	0.0014629
4.0034e-11	0.000956495
4.00916e-11	0.000443417
4.01493e-11	-7.6367e-05
4.02069e-11	-0.00060289
4.02646e-11	-0.00113618
4.03222e-11	-0.00167628
4.03799e-11	-0.0022232
4.04375e-11	-0.002777
4.04951e-11	-0.00333768
4.05528e-11	-0.0039053
4.06104e-11	-0.00447986
4.06681e-11	-0.00506142
4.07257e-11	-0.00564999
4.07834e-11	-0.0062456
4.0841e-11	-0.00684828
4.08987e-11	-0.00745806
4.09563e-11	-0.00807498
4.10139e-11	-0.00869904
4.10716e-11	-0.0093303
4.11292e-11	-0.00996876
4.11869e-11	-0.0106145
4.12445e-11	-0.0112674
4.13022e-11	-0.0119277
4.13598e-11	-0.0125952
4.14175e-11	-0.0132701
4.14751e-11	-0.0139524
4.15327e-11	-0.014642
4.15904e-11	-0.0153391
4.1648e-11	-0.0160436
4.17057e-11	-0.0167555
4.17633e-11	-0.017475
4.1821e-11	-0.0182019
4.18786e-11	-0.0189363
4.19362e-11	-0.0196783
4.19939e-11	-0.0204279
4.20515e-11	-0.021185
4.21092e-11	-0.0219497
4.21668e-11	-0.022722
4.22245e-11	-0.023502
4.22821e-11	-0.0242897
4.23398e-11	-0.025085
4.23974e-11	-0.025888
4.2455e-11	-0.0266987
4.25127e-11	-0.0275171
4.25703e-11	-0.0283432
4.2628e-11	-0.0291771
4.26856e-11	-0.0300188
4.27433e-11	-0.0308682
4.28009e-11	-0.0317255
4.28586e-11	-0.0325905
4.29162e-11	-0.0334633
4.29738e-11	-0.034344
4.30315e-11	-0.0352325
4.30891e-11	-0.0361288
4.31468e-11	-0.037033
4.32044e-11	-0.0379451
4.32621e-11	-0.038865
4.33197e-11	-0.0397928
4.33774e-11	-0.0407284
4.3435e-11	-0.041672
4.34926e-11	-0.0426235
4.35503e-11	-0.0435828
4.36079e-11	-0.0445501
4.36656e-11	-0.0455252
4.37232e-11	-0.0465083
4.37809e-11	-0.0474992
4.38385e-11	-0.0484981
4.38962e-11	-0.0495049
4.39538e-11	-0.0505196
4.40114e-11	-0.0515422
4.40691e-11	-0.0525727
4.41267e-11	-0.0536111
4.41844e-11	-0.0546574
4.4242e-11	-0.0557116
4.42997e-11	-0.0567736
4.43573e-11	-0.0578436
4.4415e-11	-0.0589215
4.44726e-11	-0.0600072
4.45302e-11	-0.0611008
4.45879e-11	-0.0622022
4.46455e-11	-0.0633115
4.47032e-11	-0.0644286
4.47608e-11	-0.0655535
4.48185e-11	-0.0666863
4.48761e-11	-0.0678268
4.49338e-11	-0.0689752
4.49914e-11	-0.0701312
4.5049e-11	-0.0712951
4.51067e-11	-0.0724667
4.51643e-11	-0.073646
4.5222e-11	-0.074833
4.52796e-11	-0.0760277
4.53373e-11	-0.0772301
4.53949e-11	-0.0784401
4.54526e-11	-0.0796577
4.55102e-11	-0.080883
4.55678e-11	-0.0821158
4.56255e-11	-0.0833562
4.56831e-11	-0.0846041
4.57408e-11	-0.0858595
4.57984e-11	-0.0871224
4.58561e-11	-0.0883927
4.59137e-11	-0.0896704
4.59714e-11	-0.0909556
4.6029e-11	-0.0922481
4.60866e-11	-0.0935479
4.61443e-11	-0.094855
4.62019e-11	-0.0961694
4.62596e-11	-0.0974911
4.63172e-11	-0.0988199
4.63749e-11	-0.100156
4.64325e-11	-0.101499
4.64902e-11	-0.102849
4.65478e-11	-0.104206
4.66054e-11	-0.105571
4.66631e-11	-0.106942
4.67207e-11	-0.10832
4.67784e-11	-0.109705
4.6836e-11	-0.111097
4.68937e-11	-0.112495
4.69513e-11	-0.113901
4.70089e-11	-0.115313
4.70666e-11	-0.116732
4.71242e-11	-0.118157
4.71819e-11	-0.119589
4.72395e-11	-0.121027
4.72972e-11	-0.122472
4.73548e-11	-0.123923
4.74125e-11	-0.125381
4.74701e-11	-0.126845
4.75277e-11	-0.128315
4.75854e-11	-0.129791
4.7643e-11	-0.131273
4.77007e-11	-0.132762
4.77583e-11	-0.134256
4.7816e-11	-0.135757
4.78736e-11	-0.137263
4.79313e-11	-0.138775
4.79889e-11	-0.140293
4.80465e-11	-0.141816
4.81042e-11	-0.143345
4.81618e-11	-0.14488
4.82195e-11	-0.14642
4.82771e-11	-0.147965
4.83348e-11	-0.149516
4.83924e-11	-0.151072
4.84501e-11	-0.152634
4.85077e-11	-0.1542
4.85653e-11	-0.155771
4.8623e-11	-0.157348
4.86806e-11	-0.158929
4.87383e-11	-0.160515
4.87959e-11	-0.162106
4.88536e-11	-0.163701
4.89112e-11	-0.165301
4.89689e-11	-0.166906
4.90265e-11	-0.168515
4.90841e-11	-0.170128
4.91418e-11	-0.171746
4.91994e-11	-0.173367
4.92571e-11	-0.174993
4.93147e-11	-0.176623
4.93724e-11	-0.178256
4.943e-11	-0.179893
4.94877e-11	-0.181534
4.95453e-11	-0.183179
4.96029e-11	-0.184827
4.96606e-11	-0.186478
4.97182e-11	-0.188133
4.97759e-11	-0.189791
4.98335e-11	-0.191452
4.98912e-11	-0.193117
4.99488e-11	-0.194784
5.00065e-11	-0.196453
5.00641e-11	-0.198126
5.01217e-11	-0.199801
5.01794e-11	-0.201479
5.0237e-11	-0.203159
5.02947e-11	-0.204841
5.03523e-11	-0.206526
5.041e-11	-0.208212
5.04676e-11	-0.209901
5.05253e-11	-0.211591
5.05829e-11	-0.213283
5.06405e-11	-0.214977
5.06982e-11	-0.216672
5.07558e-11	-0.218369
5.08135e-11	-0.220067
5.08711e-11	-0.221766
5.09288e-11	-0.223466
5.09864e-11	-0.225166
5.10441e-11	-0.226868
5.11017e-11	-0.228571
5.11593e-11	-0.230274
5.1217e-11	-0.231977
5.12746e-11	-0.233681
5.13323e-11	-0.235384
5.13899e-11	-0.237088
5.14476e-11	-0.238792
5.15052e-11	-0.240496
5.15629e-11	-0.242199
5.16205e-11	-0.243902
5.16781e-11	-0.245604
5.17358e-11	-0.247305
5.17934e-11	-0.249006
5.18511e-11	-0.250705
5.19087e-11	-0.252403
5.19664e-11	-0.254101
5.2024e-11	-0.255796
5.20817e-11	-0.25749
5.21393e-11	-0.259183
5.21969e-11	-0.260873
5.22546e-11	-0.262562
5.23122e-11	-0.264248
5.23699e-11	-0.265932
5.24275e-11	-0.267614
5.24852e-11	-0.269293
5.25428e-11	-0.27097
5.26004e-11	-0.272643
5.26581e-11	-0.274314
5.27157e-11	-0.275982
5.27734e-11	-0.277646
5.2831e-11	-0.279307
5.28887e-11	-0.280964
5.29463e-11	-0.282617
5.3004e-11	-0.284267
5.30616e-11	-0.285912
5.31192e-11	-0.287554
5.31769e-11	-0.28919
5.32345e-11	-0.290823
5.32922e-11	-0.292451
5.33498e-11	-0.294073
5.34075e-11	-0.295691
5.34651e-11	-0.297304
5.35228e-11	-0.298912
5.35804e-11	-0.300514
5.3638e-11	-0.30211
5.36957e-11	-0.303701
5.37533e-11	-0.305285
5.3811e-11	-0.306864
5.38686e-11	-0.308436
5.39263e-11	-0.310002
5.39839e-11	-0.311561
5.40416e-11	-0.313113
5.40992e-11	-0.314659
5.41568e-11	-0.316197
5.42145e-11	-0.317728
5.42721e-11	-0.319252
5.43298e-11	-0.320768
5.43874e-11	-0.322277
5.44451e-11	-0.323777
5.45027e-11	-0.325269
5.45604e-11	-0.326753
5.4618e-11	-0.328229
5.46756e-11	-0.329696
5.47333e-11	-0.331154
5.47909e-11	-0.332603
5.48486e-11	-0.334043
5.49062e-11	-0.335474
5.49639e-11	-0.336895
5.50215e-11	-0.338307
5.50792e-11	-0.339708
5.51368e-11	-0.3411
5.51944e-11	-0.342482
5.52521e-11	-0.343853
5.53097e-11	-0.345214
5.53674e-11	-0.346564
5.5425e-11	-0.347903
5.54827e-11	-0.349231
5.55403e-11	-0.350547
5.5598e-11	-0.351853
5.56556e-11	-0.353147
5.57132e-11	-0.354429
5.57709e-11	-0.355699
5.58285e-11	-0.356957
5.58862e-11	-0.358202
5.59438e-11	-0.359436
5.60015e-11	-0.360656
5.60591e-11	-0.361864
5.61168e-11	-0.363059
5.61744e-11	-0.36424
5.6232e-11	-0.365408
5.62897e-11	-0.366563
5.63473e-11	-0.367704
5.6405e-11	-0.36883
5.64626e-11	-0.369943
5.65203e-11	-0.371042
5.65779e-11	-0.372126
5.66356e-11	-0.373196
5.66932e-11	-0.37425
5.67508e-11	-0.37529
5.68085e-11	-0.376315
5.68661e-11	-0.377324
5.69238e-11	-0.378318
5.69814e-11	-0.379296
5.70391e-11	-0.380258
5.70967e-11	-0.381204
5.71544e-11	-0.382134
5.7212e-11	-0.383048
5.72696e-11	-0.383944
5.73273e-11	-0.384825
5.73849e-11	-0.385688
5.74426e-11	-0.386534
5.75002e-11	-0.387363
5.75579e-11	-0.388174
5.76155e-11	-0.388968
5.76732e-11	-0.389744
5.77308e-11	-0.390502
5.77884e-11	-0.391242
5.78461e-11	-0.391963
5.79037e-11	-0.392666
5.79614e-11	-0.393351
5.8019e-11	-0.394016
5.80767e-11	-0.394663
5.81343e-11	-0.39529
5.81919e-11	-0.395898
5.82496e-11	-0.396486
5.83072e-11	-0.397055
5.83649e-11	-0.397604
5.84225e-11	-0.398132
5.84802e-11	-0.398641
5.85378e-11	-0.399129
5.85955e-11	-0.399597
5.86531e-11	-0.400044
5.87107e-11	-0.40047
5.87684e-11	-0.400875
5.8826e-11	-0.401259
5.88837e-11	-0.401621
5.89413e-11	-0.401962
5.8999e-11	-0.402281
5.90566e-11	-0.402579
5.91143e-11	-0.402854
5.91719e-11	-0.403107
5.92295e-11	-0.403338
5.92872e-11	-0.403547
5.93448e-11	-0.403732
5.94025e-11	-0.403895
5.94601e-11	-0.404035
5.95178e-11	-0.404152
5.95754e-11	-0.404246
5.96331e-11	-0.404316
5.96907e-11	-0.404363
5.97483e-11	-0.404386
5.9806e-11	-0.404385
5.98636e-11	-0.404361
5.99213e-11	-0.404312
5.99789e-11	-0.404239
6.00366e-11	-0.404141
6.00942e-11	-0.404019
6.01519e-11	-0.403872
6.02095e-11	-0.4037
6.02671e-11	-0.403503
6.03248e-11	-0.403282
6.03824e-11	-0.403034
6.04401e-11	-0.402762
6.04977e-11	-0.402464
6.05554e-11	-0.40214
6.0613e-11	-0.401791
6.06707e-11	-0.401415
6.07283e-11	-0.401014
6.07859e-11	-0.400586
6.08436e-11	-0.400132
6.09012e-11	-0.399652
6.09589e-11	-0.399145
6.10165e-11	-0.398611
6.10742e-11	-0.398051
6.11318e-11	-0.397464
6.11895e-11	-0.396849
6.12471e-11	-0.396208
6.13047e-11	-0.395539
6.13624e-11	-0.394843
6.142e-11	-0.39412
6.14777e-11	-0.393369
6.15353e-11	-0.39259
6.1593e-11	-0.391783
6.16506e-11	-0.390949
6.17083e-11	-0.390086
6.17659e-11	-0.389196
6.18235e-11	-0.388277
6.18812e-11	-0.38733
6.19388e-11	-0.386355
6.19965e-11	-0.385351
6.20541e-11	-0.384319
6.21118e-11	-0.383258
6.21694e-11	-0.382168
6.22271e-11	-0.381049
6.22847e-11	-0.379902
6.23423e-11	-0.378725
6.24e-11	-0.37752
6.24576e-11	-0.376285
6.25153e-11	-0.375021
6.25729e-11	-0.373728
6.26306e-11	-0.372405
6.26882e-11	-0.371054
6.27459e-11	-0.369672
6.28035e-11	-0.368261
6.28611e-11	-0.36682
6.29188e-11	-0.36535
6.29764e-11	-0.36385
6.30341e-11	-0.36232
6.30917e-11	-0.36076
6.31494e-11	-0.359171
6.3207e-11	-0.357551
6.32647e-11	-0.355901
6.33223e-11	-0.354222
6.33799e-11	-0.352512
6.34376e-11	-0.350772
6.34952e-11	-0.349002
6.35529e-11	-0.347201
6.36105e-11	-0.345371
6.36682e-11	-0.34351
6.37258e-11	-0.341619
6.37834e-11	-0.339697
6.38411e-11	-0.337745
6.38987e-11	-0.335763
6.39564e-11	-0.33375
6.4014e-11	-0.331707
6.40717e-11	-0.329633
6.41293e-11	-0.327529
6.4187e-11	-0.325395
6.42446e-11	-0.32323
6.43022e-11	-0.321034
6.43599e-11	-0.318808
6.44175e-11	-0.316551
6.44752e-11	-0.314264
6.45328e-11	-0.311947
6.45905e-11	-0.309599
6.46481e-11	-0.30722
6.47058e-11	-0.304811
6.47634e-11	-0.302371
6.4821e-11	-0.299901
6.48787e-11	-0.297401
6.49363e-11	-0.29487
6.4994e-11	-0.292309
6.50516e-11	-0.289717
6.51093e-11	-0.287095
6.51669e-11	-0.284443
6.52246e-11	-0.281761
6.52822e-11	-0.279048
6.53398e-11	-0.276305
6.53975e-11	-0.273532
6.54551e-11	-0.270728
6.55128e-11	-0.267895
6.55704e-11	-0.265032
6.56281e-11	-0.262138
6.56857e-11	-0.259215
6.57434e-11	-0.256262
6.5801e-11	-0.253279
6.58586e-11	-0.250266
6.59163e-11	-0.247224
6.59739e-11	-0.244152
6.60316e-11	-0.24105
6.60892e-11	-0.237919
6.61469e-11	-0.234759
6.62045e-11	-0.231569
6.62622e-11	-0.22835
6.63198e-11	-0.225101
6.63774e-11	-0.221824
6.64351e-11	-0.218518
6.64927e-11	-0.215182
6.65504e-11	-0.211818
6.6608e-11	-0.208426
6.66657e-11	-0.205004
6.67233e-11	-0.201554
6.6781e-11	-0.198076
6.68386e-11	-0.194569
6.68962e-11	-0.191034
6.69539e-11	-0.187472
6.70115e-11	-0.183881
6.70692e-11	-0.180262
6.71268e-11	-0.176615
6.71845e-11	-0.172941
6.72421e-11	-0.169239
6.72998e-11	-0.16551
6.73574e-11	-0.161754
6.7415e-11	-0.157971
6.74727e-11	-0.154161
6.75303e-11	-0.150323
6.7588e-11	-0.14646
6.76456e-11	-0.142569
6.77033e-11	-0.138652
6.77609e-11	-0.134709
6.78186e-11	-0.13074
6.78762e-11	-0.126745
6.79338e-11	-0.122724
6.79915e-11	-0.118678
6.80491e-11	-0.114606
6.81068e-11	-0.110508
6.81644e-11	-0.106386
6.82221e-11	-0.102238
6.82797e-11	-0.0980662
6.83374e-11	-0.0938693
6.8395e-11	-0.089648
6.84526e-11	-0.0854025
6.85103e-11	-0.0811329
6.85679e-11	-0.0768393
6.86256e-11	-0.0725221
6.86832e-11	-0.0681813
6.87409e-11	-0.0638172
6.87985e-11	-0.05943
6.88562e-11	-0.0550198
6.89138e-11	-0.0505869
6.89714e-11	-0.0461315
6.90291e-11	-0.0416538
6.90867e-11	-0.0371539
6.91444e-11	-0.0326321
6.9202e-11	-0.0280886
6.92597e-11	-0.0235237
6.93173e-11	-0.0189375
6.93749e-11	-0.0143302
6.94326e-11	-0.00970211
6.94902e-11	-0.00505343
6.95479e-11	-0.000384384
6.96055e-11	0.0043048
6.96632e-11	0.0090139
6.97208e-11	0.0137427
6.97785e-11	0.0184909
6.98361e-11	0.0232583
6.98937e-11	0.0280446
6.99514e-11	0.0328497
7.0009e-11	0.0376733
7.00667e-11	0.042515
7.01243e-11	0.0473748
7.0182e-11	0.0522522
7.02396e-11	0.0571471
7.02973e-11	0.0620592
7.03549e-11	0.0669883
7.04125e-11	0.071934
7.04702e-11	0.0768962
7.05278e-11	0.0818745
7.05855e-11	0.0868687
7.06431e-11	0.0918786
7.07008e-11	0.0969038
7.07584e-11	0.101944
7.08161e-11	0.106999
7.08737e-11	0.112069
7.09313e-11	0.117152
7.0989e-11	0.12225
7.10466e-11	0.127362
7.11043e-11	0.132487
7.11619e-11	0.137624
7.12196e-11	0.142775
7.12772e-11	0.147938
7.13349e-11	0.153114
7.13925e-11	0.158301
7.14501e-11	0.1635
7.15078e-11	0.168711
7.15654e-11	0.173932
7.16231e-11	0.179164
7.16807e-11	0.184407
7.17384e-11	0.18966
7.1796e-11	0.194922
7.18537e-11	0.200194
7.19113e-11	0.205476
7.19689e-11	0.210766
7.20266e-11	0.216065
7.20842e-11	0.221372
7.21419e-11	0.226686
7.21995e-11	0.232009
7.22572e-11	0.237339
7.23148e-11	0.242676
7.23725e-11	0.248019
7.24301e-11	0.253369
7.24877e-11	0.258725
7.25454e-11	0.264086
7.2603e-11	0.269453
7.26607e-11	0.274825
7.27183e-11	0.280202
7.2776e-11	0.285583
7.28336e-11	0.290968
7.28913e-11	0.296356
7.29489e-11	0.301748
7.30065e-11	0.307143
7.30642e-11	0.312541
7.31218e-11	0.317941
7.31795e-11	0.323343
7.32371e-11	0.328747
7.32948e-11	0.334152
7.33524e-11	0.339558
7.34101e-11	0.344965
7.34677e-11	0.350372
7.35253e-11	0.355779
7.3583e-11	0.361186
7.36406e-11	0.366591
7.36983e-11	0.371996
7.37559e-11	0.377399
7.38136e-11	0.382801
7.38712e-11	0.3882
7.39289e-11	0.393597
7.39865e-11	0.398991
7.40441e-11	0.404382
7.41018e-11	0.409769
7.41594e-11	0.415152
7.42171e-11	0.420532
7.42747e-11	0.425906
7.43324e-11	0.431276
7.439e-11	0.43664
7.44477e-11	0.441998
7.45053e-11	0.447351
7.45629e-11	0.452697
7.46206e-11	0.458036
7.46782e-11	0.463369
7.47359e-11	0.468693
7.47935e-11	0.47401
7.48512e-11	0.479319
7.49088e-11	0.48462
7.49664e-11	0.489911
7.50241e-11	0.495193
7.50817e-11	0.500466
7.51394e-11	0.505728
7.5197e-11	0.510981
7.52547e-11	0.516222
7.53123e-11	0.521453
7.537e-11	0.526672
7.54276e-11	0.531879
7.54852e-11	0.537075
7.55429e-11	0.542258
7.56005e-11	0.547428
7.56582e-11	0.552585
7.57158e-11	0.557728
7.57735e-11	0.562858
7.58311e-11	0.567973
7.58888e-11	0.573073
7.59464e-11	0.578159
7.6004e-11	0.583229
7.60617e-11	0.588284
7.61193e-11	0.593323
7.6177e-11	0.598345
7.62346e-11	0.603351
7.62923e-11	0.608339
7.63499e-11	0.61331
7.64076e-11	0.618264
7.64652e-11	0.623199
7.65228e-11	0.628116
7.65805e-11	0.633014
7.66381e-11	0.637893
7.66958e-11	0.642752
7.67534e-11	0.647592
7.68111e-11	0.652411
7.68687e-11	0.65721
7.69264e-11	0.661987
7.6984e-11	0.666744
7.70416e-11	0.671479
7.70993e-11	0.676192
7.71569e-11	0.680883
7.72146e-11	0.685552
7.72722e-11	0.690197
7.73299e-11	0.69482
7.73875e-11	0.699418
7.74452e-11	0.703993
7.75028e-11	0.708544
7.75604e-11	0.71307
7.76181e-11	0.717571
7.76757e-11	0.722047
7.77334e-11	0.726497
7.7791e-11	0.730922
7.78487e-11	0.73532
7.79063e-11	0.739692
7.7964e-11	0.744037
7.80216e-11	0.748354
7.80792e-11	0.752645
7.81369e-11	0.756908
7.81945e-11	0.761142
7.82522e-11	0.765348
7.83098e-11	0.769526
7.83675e-11	0.773674
7.84251e-11	0.777794
7.84828e-11	0.781883
7.85404e-11	0.785943
7.8598e-11	0.789972
7.86557e-11	0.793971
7.87133e-11	0.797939
7.8771e-11	0.801876
7.88286e-11	0.805782
7.88863e-11	0.809656
7.89439e-11	0.813498
7.90016e-11	0.817308
7.90592e-11	0.821085
7.91168e-11	0.82483
7.91745e-11	0.828541
7.92321e-11	0.832219
7.92898e-11	0.835864
7.93474e-11	0.839474
7.94051e-11	0.843051
7.94627e-11	0.846593
7.95204e-11	0.8501
7.9578e-11	0.853572
7.96356e-11	0.857009
7.96933e-11	0.860411
7.97509e-11	0.863777
7.98086e-11	0.867106
7.98662e-11	0.8704
7.99239e-11	0.873657
7.99815e-11	0.876877
8.00392e-11	0.880061
8.00968e-11	0.883207
8.01544e-11	0.886316
8.02121e-11	0.889387
8.02697e-11	0.89242
8.03274e-11	0.895415
8.0385e-11	0.898372
8.04427e-11	0.90129
8.05003e-11	0.904169
8.05579e-11	0.907009
8.06156e-11	0.90981
8.06732e-11	0.912572
8.07309e-11	0.915294
8.07885e-11	0.917975
8.08462e-11	0.920617
8.09038e-11	0.923219
8.09615e-11	0.92578
8.10191e-11	0.928301
8.10767e-11	0.93078
8.11344e-11	0.933219
8.1192e-11	0.935616
8.12497e-11	0.937972
8.13073e-11	0.940287
8.1365e-11	0.942559
8.14226e-11	0.94479
8.14803e-11	0.946979
8.15379e-11	0.949125
8.15955e-11	0.951229
8.16532e-11	0.95329
8.17108e-11	0.955309
8.17685e-11	0.957284
8.18261e-11	0.959217
8.18838e-11	0.961106
8.19414e-11	0.962952
8.19991e-11	0.964755
8.20567e-11	0.966514
8.21143e-11	0.968229
8.2172e-11	0.9699
8.22296e-11	0.971527
8.22873e-11	0.97311
8.23449e-11	0.974649
8.24026e-11	0.976143
8.24602e-11	0.977593
8.25179e-11	0.978998
8.25755e-11	0.980359
8.26331e-11	0.981674
8.26908e-11	0.982945
8.27484e-11	0.984171
8.28061e-11	0.985351
8.28637e-11	0.986487
8.29214e-11	0.987577
8.2979e-11	0.988622
8.30367e-11	0.989621
8.30943e-11	0.990575
8.31519e-11	0.991483
8.32096e-11	0.992345
8.32672e-11	0.993162
8.33249e-11	0.993933
8.33825e-11	0.994658
8.34402e-11	0.995337
8.34978e-11	0.99597
8.35555e-11	0.996557
8.36131e-11	0.997098
8.36707e-11	0.997593
8.37284e-11	0.998042
8.3786e-11	0.998444
8.38437e-11	0.998801
8.39013e-11	0.999111
8.3959e-11	0.999375
8.40166e-11	0.999592
8.40743e-11	0.999763
8.41319e-11	0.999888
8.41895e-11	0.999967
8.42472e-11	0.999999
8.43048e-11	0.999985
8.43625e-11	0.999925
8.44201e-11	0.999818
8.44778e-11	0.999665
8.45354e-11	0.999465
8.45931e-11	0.99922
8.46507e-11	0.998928
8.47083e-11	0.99859
8.4766e-11	0.998205
8.48236e-11	0.997775
8.48813e-11	0.997298
8.49389e-11	0.996775
8.49966e-11	0.996206
8.50542e-11	0.995591
8.51119e-11	0.99493
8.51695e-11	0.994223
8.52271e-11	0.99347
8.52848e-11	0.992671
8.53424e-11	0.991827
8.54001e-11	0.990937
8.54577e-11	0.990001
8.55154e-11	0.989019
8.5573e-11	0.987992
8.56307e-11	0.98692
8.56883e-11	0.985803
8.57459e-11	0.98464
8.58036e-11	0.983432
8.58612e-11	0.982179
8.59189e-11	0.98088
8.59765e-11	0.979537
8.60342e-11	0.97815
8.60918e-11	0.976717
8.61494e-11	0.975241
8.62071e-11	0.973719
8.62647e-11	0.972154
8.63224e-11	0.970544
8.638e-11	0.96889
8.64377e-11	0.967192
8.64953e-11	0.96545
8.6553e-11	0.963665
8.66106e-11	0.961836
8.66682e-11	0.959964
8.67259e-11	0.958048
8.67835e-11	0.956089
8.68412e-11	0.954088
8.68988e-11	0.952043
8.69565e-11	0.949956
8.70141e-11	0.947826
8.70718e-11	0.945654
8.71294e-11	0.94344
8.7187e-11	0.941184
8.72447e-11	0.938886
8.73023e-11	0.936546
8.736e-11	0.934165
8.74176e-11	0.931743
8.74753e-11	0.929279
8.75329e-11	0.926774
8.75906e-11	0.924229
8.76482e-11	0.921643
8.77058e-11	0.919017
8.77635e-11	0.916351
8.78211e-11	0.913645
8.78788e-11	0.910899
8.79364e-11	0.908113
8.79941e-11	0.905288
8.80517e-11	0.902424
8.81094e-11	0.899522
8.8167e-11	0.89658
8.82246e-11	0.8936
8.82823e-11	0.890582
8.83399e-11	0.887526
8.83976e-11	0.884432
8.84552e-11	0.8813
8.85129e-11	0.878131
8.85705e-11	0.874925
8.86282e-11	0.871683
8.86858e-11	0.868403
8.87434e-11	0.865088
8.88011e-11	0.861736
8.88587e-11	0.858349
8.89164e-11	0.854925
8.8974e-11	0.851467
8.90317e-11	0.847973
8.90893e-11	0.844445
8.9147e-11	0.840882
8.92046e-11	0.837285
8.92622e-11	0.833654
8.93199e-11	0.829989
8.93775e-11	0.826291
8.94352e-11	0.822559
8.94928e-11	0.818795
8.95505e-11	0.814998
8.96081e-11	0.811168
8.96658e-11	0.807307
8.97234e-11	0.803413
8.9781e-11	0.799488
8.98387e-11	0.795533
8.98963e-11	0.791546
8.9954e-11	0.787528
9.00116e-11	0.78348
9.00693e-11	0.779402
9.01269e-11	0.775295
9.01846e-11	0.771158
9.02422e-11	0.766991
9.02998e-11	0.762797
9.03575e-11	0.758573
9.04151e-11	0.754321
9.04728e-11	0.750042
9.05304e-11	0.745735
9.05881e-11	0.7414
9.06457e-11	0.737039
9.07034e-11	0.732651
9.0761e-11	0.728237
9.08186e-11	0.723797
9.08763e-11	0.719331
9.09339e-11	0.714839
9.09916e-11	0.710323
9.10492e-11	0.705782
9.11069e-11	0.701217
9.11645e-11	0.696627
9.12221e-11	0.692014
9.12798e-11	0.687378
9.13374e-11	0.682719
9.13951e-11	0.678036
9.14527e-11	0.673332
9.15104e-11	0.668605
9.1568e-11	0.663857
9.16257e-11	0.659087
9.16833e-11	0.654297
9.17409e-11	0.649486
9.17986e-11	0.644654
9.18562e-11	0.639802
9.19139e-11	0.634931
9.19715e-11	0.630041
9.20292e-11	0.625131
9.20868e-11	0.620203
9.21445e-11	0.615257
9.22021e-11	0.610293
9.22597e-11	0.605311
9.23174e-11	0.600312
9.2375e-11	0.595296
9.24327e-11	0.590264
9.24903e-11	0.585215
9.2548e-11	0.580151
9.26056e-11	0.575071
9.26633e-11	0.569977
9.27209e-11	0.564867
9.27785e-11	0.559743
9.28362e-11	0.554605
9.28938e-11	0.549453
9.29515e-11	0.544289
9.30091e-11	0.539111
9.30668e-11	0.53392
9.31244e-11	0.528717
9.31821e-11	0.523503
9.32397e-11	0.518277
9.32973e-11	0.513039
9.3355e-11	0.507791
9.34126e-11	0.502533
9.34703e-11	0.497264
9.35279e-11	0.491985
9.35856e-11	0.486698
9.36432e-11	0.481401
9.37009e-11	0.476095
9.37585e-11	0.470781
9.38161e-11	0.46546
9.38738e-11	0.46013
9.39314e-11	0.454794
9.39891e-11	0.44945
9.40467e-11	0.4441
9.41044e-11	0.438744
9.4162e-11	0.433382
9.42197e-11	0.428014
9.42773e-11	0.422642
9.43349e-11	0.417264
9.43926e-11	0.411883
9.44502e-11	0.406497
9.45079e-11	0.401107
9.45655e-11	0.395715
9.46232e-11	0.390319
9.46808e-11	0.38492
9.47385e-11	0.37952
9.47961e-11	0.374117
9.48537e-11	0.368713
9.49114e-11	0.363307
9.4969e-11	0.357901
9.50267e-11	0.352494
9.50843e-11	0.347087
9.5142e-11	0.34168
9.51996e-11	0.336274
9.52573e-11	0.330869
9.53149e-11	0.325464
9.53725e-11	0.320061
9.54302e-11	0.31466
9.54878e-11	0.309262
9.55455e-11	0.303866
9.56031e-11	0.298472
9.56608e-11	0.293082
9.57184e-11	0.287696
9.57761e-11	0.282313
9.58337e-11	0.276935
9.58913e-11	0.271561
9.5949e-11	0.266192
9.60066e-11	0.260829
9.60643e-11	0.255471
9.61219e-11	0.250118
9.61796e-11	0.244772
9.62372e-11	0.239433
9.62949e-11	0.2341
9.63525e-11	0.228775
9.64101e-11	0.223457
9.64678e-11	0.218147
9.65254e-11	0.212845
9.65831e-11	0.207551
9.66407e-11	0.202266
9.66984e-11	0.196991
9.6756e-11	0.191724
9.68136e-11	0.186468
9.68713e-11	0.181221
9.69289e-11	0.175985
9.69866e-11	0.170759
9.70442e-11	0.165544
9.71019e-11	0.160341
9.71595e-11	0.155149
9.72172e-11	0.149969
9.72748e-11	0.1448
9.73324e-11	0.139645
9.73901e-11	0.134502
9.74477e-11	0.129372
9.75054e-11	0.124255
9.7563e-11	0.119152
9.76207e-11	0.114062
9.76783e-11	0.108987
9.7736e-11	0.103926
9.77936e-11	0.0988804
9.78512e-11	0.0938492
9.79089e-11	0.0888333
9.79665e-11	0.083833
9.80242e-11	0.0788484
9.80818e-11	0.0738798
9.81395e-11	0.0689276
9.81971e-11	0.0639919
9.82548e-11	0.0590732
9.83124e-11	0.0541715
9.837e-11	0.0492871
9.84277e-11	0.0444204
9.84853e-11	0.0395716
9.8543e-11	0.0347408
9.86006e-11	0.0299285
9.86583e-11	0.0251347
9.87159e-11	0.0203599
9.87736e-11	0.0156041
9.88312e-11	0.0108677
9.88888e-11	0.00615083
9.89465e-11	0.0014538
9.90041e-11	-0.00322318
9.90618e-11	-0.00787988
9.91194e-11	-0.0125161
9.91771e-11	-0.0171315
9.92347e-11	-0.021726
9.92924e-11	-0.0262994
9.935e-11	-0.0308513
9.94076e-11	-0.0353816
9.94653e-11	-0.0398901
9.95229e-11	-0.0443766
9.95806e-11	-0.0488408
9.96382e-11	-0.0532826
9.96959e-11	-0.0577017
9.97535e-11	-0.0620979
9.98112e-11	-0.0664711
9.98688e-11	-0.0708211
9.99264e-11	-0.0751476
9.99841e-11	-0.0794504
1.00042e-10	-0.0837295
1.00099e-10	-0.0879845
1.00157e-10	-0.0922153
1.00215e-10	-0.0964218
1.00272e-10	-0.100604
1.0033e-10	-0.104761
1.00388e-10	-0.108893
1.00445e-10	-0.113
1.00503e-10	-0.117082
1.00561e-10	-0.121139
1.00618e-10	-0.12517
1.00676e-10	-0.129175
1.00733e-10	-0.133154
1.00791e-10	-0.137108
1.00849e-10	-0.141035
1.00906e-10	-0.144936
1.00964e-10	-0.14881
1.01022e-10	-0.152658
1.01079e-10	-0.156478
1.01137e-10	-0.160272
1.01195e-10	-0.164039
1.01252e-10	-0.167779
1.0131e-10	-0.171491
1.01368e-10	-0.175176
1.01425e-10	-0.178834
1.01483e-10	-0.182463
1.0154e-10	-0.186065
1.01598e-10	-0.189639
1.01656e-10	-0.193185
1.01713e-10	-0.196703
1.01771e-10	-0.200192
1.01829e-10	-0.203653
1.01886e-10	-0.207086
1.01944e-10	-0.21049
1.02002e-10	-0.213865
1.02059e-10	-0.217212
1.02117e-10	-0.22053
1.02175e-10	-0.223818
1.02232e-10	-0.227078
1.0229e-10	-0.230309
1.02348e-10	-0.23351
1.02405e-10	-0.236682
1.02463e-10	-0.239825
1.0252e-10	-0.242938
1.02578e-10	-0.246021
1.02636e-10	-0.249075
1.02693e-10	-0.2521
1.02751e-10	-0.255095
1.02809e-10	-0.258059
1.02866e-10	-0.260994
1.02924e-10	-0.2639
1.02982e-10	-0.266775
1.03039e-10	-0.26962
1.03097e-10	-0.272435
1.03155e-10	-0.27522
1.03212e-10	-0.277975
1.0327e-10	-0.280699
1.03327e-10	-0.283394
1.03385e-10	-0.286058
1.03443e-10	-0.288692
1.035e-10	-0.291295
1.03558e-10	-0.293868
1.03616e-10	-0.296411
1.03673e-10	-0.298924
1.03731e-10	-0.301405
1.03789e-10	-0.303857
1.03846e-10	-0.306278
1.03904e-10	-0.308669
1.03962e-10	-0.311029
1.04019e-10	-0.313358
1.04077e-10	-0.315657
1.04134e-10	-0.317926
1.04192e-10	-0.320164
1.0425e-10	-0.322371
1.04307e-10	-0.324548
1.04365e-10	-0.326695
1.04423e-10	-0.328811
1.0448e-10	-0.330897
1.04538e-10	-0.332952
1.04596e-10	-0.334976
1.04653e-10	-0.336971
1.04711e-10	-0.338935
1.04769e-10	-0.340868
1.04826e-10	-0.342771
1.04884e-10	-0.344644
1.04942e-10	-0.346486
1.04999e-10	-0.348299
1.05057e-10	-0.350081
1.05114e-10	-0.351832
1.05172e-10	-0.353554
1.0523e-10	-0.355246
1.05287e-10	-0.356907
1.05345e-10	-0.358538
1.05403e-10	-0.36014
1.0546e-10	-0.361711
1.05518e-10	-0.363253
1.05576e-10	-0.364765
1.05633e-10	-0.366247
1.05691e-10	-0.367699
1.05749e-10	-0.369122
1.05806e-10	-0.370515
1.05864e-10	-0.371878
1.05921e-10	-0.373212
1.05979e-10	-0.374517
1.06037e-10	-0.375793
1.06094e-10	-0.377039
1.06152e-10	-0.378256
1.0621e-10	-0.379443
1.06267e-10	-0.380602
1.06325e-10	-0.381732
1.06383e-10	-0.382833
1.0644e-10	-0.383906
1.06498e-10	-0.384949
1.06556e-10	-0.385964
1.06613e-10	-0.386951
1.06671e-10	-0.387909
1.06728e-10	-0.388839
1.06786e-10	-0.38974
1.06844e-10	-0.390614
1.06901e-10	-0.391459
1.06959e-10	-0.392277
1.07017e-10	-0.393066
1.07074e-10	-0.393828
1.07132e-10	-0.394562
1.0719e-10	-0.395269
1.07247e-10	-0.395949
1.07305e-10	-0.396601
1.07363e-10	-0.397226
1.0742e-10	-0.397824
1.07478e-10	-0.398394
1.07535e-10	-0.398939
1.07593e-10	-0.399456
1.07651e-10	-0.399947
1.07708e-10	-0.400411
1.07766e-10	-0.400849
1.07824e-10	-0.401261
1.07881e-10	-0.401646
1.07939e-10	-0.402006
1.07997e-10	-0.40234
1.08054e-10	-0.402648
1.08112e-10	-0.40293
1.0817e-10	-0.403188
1.08227e-10	-0.403419
1.08285e-10	-0.403626
1.08343e-10	-0.403807
1.084e-10	-0.403964
1.08458e-10	-0.404096
1.08515e-10	-0.404203
1.08573e-10	-0.404286
1.08631e-10	-0.404344
1.08688e-10	-0.404379
1.08746e-10	-0.404389
1.08804e-10	-0.404375
1.08861e-10	-0.404338
1.08919e-10	-0.404277
1.08977e-10	-0.404192
1.09034e-10	-0.404084
1.09092e-10	-0.403953
1.0915e-10	-0.403799
1.09207e-10	-0.403622
1.09265e-10	-0.403423
1.09322e-10	-0.403201
1.0938e-10	-0.402956
1.09438e-10	-0.402689
1.09495e-10	-0.402401
1.09553e-10	-0.40209
1.09611e-10	-0.401757
1.09668e-10	-0.401403
1.09726e-10	-0.401028
1.09784e-10	-0.400631
1.09841e-10	-0.400213
1.09899e-10	-0.399775
1.09957e-10	-0.399315
1.10014e-10	-0.398835
1.10072e-10	-0.398335
1.10129e-10	-0.397814
1.10187e-10	-0.397273
1.10245e-10	-0.396712
1.10302e-10	-0.396131
1.1036e-10	-0.395531
1.10418e-10	-0.394911
1.10475e-10	-0.394272
1.10533e-10	-0.393614
1.10591e-10	-0.392937
1.10648e-10	-0.392242
1.10706e-10	-0.391527
1.10764e-10	-0.390795
1.10821e-10	-0.390044
1.10879e-10	-0.389275
1.10937e-10	-0.388488
1.10994e-10	-0.387684
1.11052e-10	-0.386862
1.11109e-10	-0.386022
1.11167e-10	-0.385166
1.11225e-10	-0.384292
1.11282e-10	-0.383402
1.1134e-10	-0.382495
1.11398e-10	-0.381571
1.11455e-10	-0.380631
1.11513e-10	-0.379675
1.11571e-10	-0.378703
1.11628e-10	-0.377716
1.11686e-10	-0.376713
1.11744e-10	-0.375694
1.11801e-10	-0.37466
1.11859e-10	-0.373611
1.11916e-10	-0.372548
1.11974e-10	-0.371469
1.12032e-10	-0.370376
1.12089e-10	-0.369269
1.12147e-10	-0.368148
1.12205e-10	-0.367012
1.12262e-10	-0.365863
1.1232e-10	-0.3647
1.12378e-10	-0.363524
1.12435e-10	-0.362334
1.12493e-10	-0.361132
1.12551e-10	-0.359916
1.12608e-10	-0.358688
1.12666e-10	-0.357447
1.12723e-10	-0.356194
1.12781e-10	-0.354929
1.12839e-10	-0.353651
1.12896e-10	-0.352362
1.12954e-10	-0.351061
1.13012e-10	-0.349749
1.13069e-10	-0.348425
1.13127e-10	-0.347091
1.13185e-10	-0.345745
1.13242e-10	-0.344388
1.133e-10	-0.343021
1.13358e-10	-0.341644
1.13415e-10	-0.340256
1.13473e-10	-0.338858
1.13531e-10	-0.33745
1.13588e-10	-0.336033
1.13646e-10	-0.334606
1.13703e-10	-0.333169
1.13761e-10	-0.331724
1.13819e-10	-0.330269
1.13876e-10	-0.328806
1.13934e-10	-0.327333
1.13992e-10	-0.325853
1.14049e-10	-0.324364
1.14107e-10	-0.322866
1.14165e-10	-0.321361
1.14222e-10	-0.319848
1.1428e-10	-0.318327
1.14338e-10	-0.316799
1.14395e-10	-0.315264
1.14453e-10	-0.313721
1.1451e-10	-0.312171
1.14568e-10	-0.310615
1.14626e-10	-0.309051
1.14683e-10	-0.307482
1.14741e-10	-0.305906
1.14799e-10	-0.304323
1.14856e-10	-0.302735
1.14914e-10	-0.301141
1.14972e-10	-0.299541
1.15029e-10	-0.297936
1.15087e-10	-0.296325
1.15145e-10	-0.294709
1.15202e-10	-0.293088
1.1526e-10	-0.291462
1.15317e-10	-0.289832
1.15375e-10	-0.288197
1.15433e-10	-0.286557
1.1549e-10	-0.284913
1.15548e-10	-0.283265
1.15606e-10	-0.281613
1.15663e-10	-0.279958
1.15721e-10	-0.278298
1.15779e-10	-0.276635
1.15836e-10	-0.274969
1.15894e-10	-0.2733
1.15952e-10	-0.271627
1.16009e-10	-0.269952
1.16067e-10	-0.268274
1.16124e-10	-0.266593
1.16182e-10	-0.26491
1.1624e-10	-0.263224
1.16297e-10	-0.261536
1.16355e-10	-0.259846
1.16413e-10	-0.258155
1.1647e-10	-0.256461
1.16528e-10	-0.254766
1.16586e-10	-0.25307
1.16643e-10	-0.251372
1.16701e-10	-0.249673
1.16759e-10	-0.247973
1.16816e-10	-0.246272
1.16874e-10	-0.24457
1.16932e-10	-0.242867
1.16989e-10	-0.241164
1.17047e-10	-0.239461
1.17104e-10	-0.237757
1.17162e-10	-0.236053
1.1722e-10	-0.234349
1.17277e-10	-0.232646
1.17335e-10	-0.230942
1.17393e-10	-0.229239
1.1745e-10	-0.227536
1.17508e-10	-0.225834
1.17566e-10	-0.224133
1.17623e-10	-0.222433
1.17681e-10	-0.220733
1.17739e-10	-0.219035
1.17796e-10	-0.217338
1.17854e-10	-0.215642
1.17911e-10	-0.213948
1.17969e-10	-0.212255
1.18027e-10	-0.210564
1.18084e-10	-0.208875
1.18142e-10	-0.207187
1.182e-10	-0.205502
1.18257e-10	-0.203819
1.18315e-10	-0.202138
1.18373e-10	-0.200459
1.1843e-10	-0.198783
1.18488e-10	-0.19711
1.18546e-10	-0.195439
1.18603e-10	-0.19377
1.18661e-10	-0.192105
1.18718e-10	-0.190443
1.18776e-10	-0.188784
1.18834e-10	-0.187128
1.18891e-10	-0.185475
1.18949e-10	-0.183825
1.19007e-10	-0.182179
1.19064e-10	-0.180537
1.19122e-10	-0.178898
1.1918e-10	-0.177263
1.19237e-10	-0.175632
1.19295e-10	-0.174005
1.19353e-10	-0.172382
1.1941e-10	-0.170763
1.19468e-10	-0.169148
1.19526e-10	-0.167537
1.19583e-10	-0.165931
1.19641e-10	-0.164329
1.19698e-10	-0.162732
1.19756e-10	-0.161139
1.19814e-10	-0.159551
1.19871e-10	-0.157968
1.19929e-10	-0.15639
1.19987e-10	-0.154816
1.20044e-10	-0.153248
1.20102e-10	-0.151684
1.2016e-10	-0.150126
1.20217e-10	-0.148573
1.20275e-10	-0.147026
1.20333e-10	-0.145484
1.2039e-10	-0.143947
1.20448e-10	-0.142416
1.20505e-10	-0.14089
1.20563e-10	-0.13937
1.20621e-10	-0.137856
1.20678e-10	-0.136347
1.20736e-10	-0.134844
1.20794e-10	-0.133348
1.20851e-10	-0.131857
1.20909e-10	-0.130372
1.20967e-10	-0.128893
1.21024e-10	-0.127421
1.21082e-10	-0.125955
1.2114e-10	-0.124495
1.21197e-10	-0.123041
1.21255e-10	-0.121594
1.21312e-10	-0.120153
1.2137e-10	-0.118718
1.21428e-10	-0.11729
1.21485e-10	-0.115869
1.21543e-10	-0.114454
1.21601e-10	-0.113046
1.21658e-10	-0.111645
1.21716e-10	-0.11025
1.21774e-10	-0.108863
1.21831e-10	-0.107482
1.21889e-10	-0.106108
1.21947e-10	-0.104741
1.22004e-10	-0.103381
1.22062e-10	-0.102028
1.2212e-10	-0.100682
1.22177e-10	-0.0993434
1.22235e-10	-0.0980118
1.22292e-10	-0.0966873
1.2235e-10	-0.0953701
1.22408e-10	-0.0940601
1.22465e-10	-0.0927574
1.22523e-10	-0.091462
1.22581e-10	-0.090174
1.22638e-10	-0.0888933
1.22696e-10	-0.0876201
1.22754e-10	-0.0863543
1.22811e-10	-0.0850959
1.22869e-10	-0.0838451
1.22927e-10	-0.0826018
1.22984e-10	-0.081366
1.23042e-10	-0.0801378
1.23099e-10	-0.0789171
1.23157e-10	-0.0777041
1.23215e-10	-0.0764988
1.23272e-10	-0.0753011
1.2333e-10	-0.074111
1.23388e-10	-0.0729287
1.23445e-10	-0.071754
1.23503e-10	-0.0705872
1.23561e-10	-0.069428
1.23618e-10	-0.0682766
1.23676e-10	-0.067133
1.23734e-10	-0.0659972
1.23791e-10	-0.0648692
1.23849e-10	-0.063749
1.23906e-10	-0.0626367
1.23964e-10	-0.0615322
1.24022e-10	-0.0604355
1.24079e-10	-0.0593467
1.24137e-10	-0.0582657
1.24195e-10	-0.0571927
1.24252e-10	-0.0561275
1.2431e-10	-0.0550702
1.24368e-10	-0.0540208
1.24425e-10	-0.0529793
1.24483e-10	-0.0519457
1.24541e-10	-0.05092
1.24598e-10	-0.0499022
1.24656e-10	-0.0488923
1.24714e-10	-0.0478904
1.24771e-10	-0.0468963
1.24829e-10	-0.0459101
1.24886e-10	-0.0449319
1.24944e-10	-0.0439615
1.25002e-10	-0.0429991
1.25059e-10	-0.0420445
1.25117e-10	-0.0410979
1.25175e-10	-0.0401591
1.25232e-10	-0.0392282
1.2529e-10	-0.0383052
1.25348e-10	-0.0373901
1.25405e-10	-0.0364828
1.25463e-10	-0.0355834
1.25521e-10	-0.0346918
1.25578e-10	-0.0338081
1.25636e-10	-0.0329322
1.25693e-10	-0.0320641
1.25751e-10	-0.0312038
1.25809e-10	-0.0303513
1.25866e-10	-0.0295066
1.25924e-10	-0.0286696
1.25982e-10	-0.0278404
1.26039e-10	-0.027019
1.26097e-10	-0.0262053
1.26155e-10	-0.0253992
1.26212e-10	-0.0246009
1.2627e-10	-0.0238103
1.26328e-10	-0.0230273
1.26385e-10	-0.022252
1.26443e-10	-0.0214842
1.265e-10	-0.0207241
1.26558e-10	-0.0199716
1.26616e-10	-0.0192267
1.26673e-10	-0.0184893
1.26731e-10	-0.0177594
1.26789e-10	-0.017037
1.26846e-10	-0.0163221
1.26904e-10	-0.0156147
1.26962e-10	-0.0149148
1.27019e-10	-0.0142222
1.27077e-10	-0.013537
1.27135e-10	-0.0128593
1.27192e-10	-0.0121888
1.2725e-10	-0.0115257
1.27307e-10	-0.0108699
1.27365e-10	-0.0102213
1.27423e-10	-0.00958004
1.2748e-10	-0.00894596
1.27538e-10	-0.00831908
1.27596e-10	-0.00769936
1.27653e-10	-0.00708678
1.27711e-10	-0.00648131
1.27769e-10	-0.00588293
1.27826e-10	-0.0052916
1.27884e-10	-0.0047073
1.27942e-10	-0.00412999
1.27999e-10	-0.00355965
1.28057e-10	-0.00299625
1.28115e-10	-0.00243976
1.28172e-10	-0.00189014
1.2823e-10	-0.00134736
1.28287e-10	-0.000811405
1.28345e-10	-0.000282229
1.28403e-10	0.000240196
1.2846e-10	0.000755902
1.28518e-10	0.00126492
1.28576e-10	0.00176729
1.28633e-10	0.00226303
1.28691e-10	0.00275219
1.28749e-10	0.0032348
1.28806e-10	0.00371088
1.28864e-10	0.00418048
1.28922e-10	0.00464362
1.28979e-10	0.00510035
1.29037e-10	0.0055507
1.29094e-10	0.0059947
1.29152e-10	0.00643238
1.2921e-10	0.00686379
1.29267e-10	0.00728896
1.29325e-10	0.00770792
1.29383e-10	0.00812071
1.2944e-10	0.00852737
1.29498e-10	0.00892793
1.29556e-10	0.00932243
1.29613e-10	0.0097109
1.29671e-10	0.0100934
1.29729e-10	0.0104699
1.29786e-10	0.0108406
1.29844e-10	0.0112053
1.29901e-10	0.0115642
1.29959e-10	0.0119173
1.30017e-10	0.0122647
1.30074e-10	0.0126063
1.30132e-10	0.0129422
1.3019e-10	0.0132725
1.30247e-10	0.0135972
1.30305e-10	0.0139163
1.30363e-10	0.0142299
1.3042e-10	0.014538
1.30478e-10	0.0148406
1.30536e-10	0.0151378
1.30593e-10	0.0154297
1.30651e-10	0.0157162
1.30709e-10	0.0159974
1.30766e-10	0.0162733
1.30824e-10	0.016544
1.30881e-10	0.0168095
1.30939e-10	0.0170699
1.30997e-10	0.0173252
1.31054e-10	0.0175754
1.31112e-10	0.0178206
1.3117e-10	0.0180608
1.31227e-10	0.0182961
1.31285e-10	0.0185265
1.31343e-10	0.0187519
1.314e-10	0.0189726
1.31458e-10	0.0191885
1.31516e-10	0.0193996
1.31573e-10	0.019606
1.31631e-10	0.0198078
1.31688e-10	0.0200049
1.31746e-10	0.0201975
1.31804e-10	0.0203854
1.31861e-10	0.0205689
1.31919e-10	0.0207479
1.31977e-10	0.0209225
1.32034e-10	0.0210927
1.32092e-10	0.0212585
1.3215e-10	0.02142
1.32207e-10	0.0215773
1.32265e-10	0.0217303
1.32323e-10	0.0218791
1.3238e-10	0.0220238
1.32438e-10	0.0221643
1.32495e-10	0.0223008
1.32553e-10	0.0224332
1.32611e-10	0.0225617
1.32668e-10	0.0226861
1.32726e-10	0.0228067
1.32784e-10	0.0229234
1.32841e-10	0.0230362
1.32899e-10	0.0231452
1.32957e-10	0.0232505
1.33014e-10	0.023352
1.33072e-10	0.0234499
1.3313e-10	0.0235441
1.33187e-10	0.0236346
1.33245e-10	0.0237217
1.33303e-10	0.0238051
1.3336e-10	0.0238851
1.33418e-10	0.0239616
1.33475e-10	0.0240347
1.33533e-10	0.0241044
1.33591e-10	0.0241708
1.33648e-10	0.0242339
1.33706e-10	0.0242936
1.33764e-10	0.0243502
1.33821e-10	0.0244035
1.33879e-10	0.0244537
1.33937e-10	0.0245008
1.33994e-10	0.0245448
1.34052e-10	0.0245857
1.3411e-10	0.0246236
1.34167e-10	0.0246585
1.34225e-10	0.0246905
1.34282e-10	0.0247196
1.3434e-10	0.0247458
1.34398e-10	0.0247692
1.34455e-10	0.0247898
1.34513e-10	0.0248076
1.34571e-10	0.0248227
1.34628e-10	0.0248351
1.34686e-10	0.0248448
1.34744e-10	0.0248519
1.34801e-10	0.0248564
1.34859e-10	0.0248584
1.34917e-10	0.0248578
1.34974e-10	0.0248548
1.35032e-10	0.0248493
1.35089e-10	0.0248413
1.35147e-10	0.024831
1.35205e-10	0.0248184
1.35262e-10	0.0248034
1.3532e-10	0.0247861
1.35378e-10	0.0247666
1.35435e-10	0.0247448
1.35493e-10	0.0247209
1.35551e-10	0.0246948
1.35608e-10	0.0246666
1.35666e-10	0.0246363
1.35724e-10	0.0246039
1.35781e-10	0.0245695
1.35839e-10	0.0245331
1.35897e-10	0.0244947
1.35954e-10	0.0244544
1.36012e-10	0.0244122
1.36069e-10	0.0243681
1.36127e-10	0.0243222
1.36185e-10	0.0242745
1.36242e-10	0.0242249
1.363e-10	0.0241736
1.36358e-10	0.0241206
1.36415e-10	0.0240659
1.36473e-10	0.0240096
1.36531e-10	0.0239516
1.36588e-10	0.0238919
1.36646e-10	0.0238307
1.36704e-10	0.023768
1.36761e-10	0.0237037
1.36819e-10	0.0236379
1.36876e-10	0.0235707
1.36934e-10	0.023502
1.36992e-10	0.0234319
1.37049e-10	0.0233605
1.37107e-10	0.0232876
1.37165e-10	0.0232134
1.37222e-10	0.023138
1.3728e-10	0.0230612
1.37338e-10	0.0229832
1.37395e-10	0.022904
1.37453e-10	0.0228235
1.37511e-10	0.0227419
1.37568e-10	0.0226591
1.37626e-10	0.0225752
1.37683e-10	0.0224902
1.37741e-10	0.0224041
1.37799e-10	0.022317
1.37856e-10	0.0222289
1.37914e-10	0.0221397
1.37972e-10	0.0220495
1.38029e-10	0.0219584
1.38087e-10	0.0218664
1.38145e-10	0.0217735
1.38202e-10	0.0216796
1.3826e-10	0.0215849
1.38318e-10	0.0214894
1.38375e-10	0.021393
1.38433e-10	0.0212958
1.3849e-10	0.0211979
1.38548e-10	0.0210992
1.38606e-10	0.0209998
1.38663e-10	0.0208996
1.38721e-10	0.0207988
1.38779e-10	0.0206973
1.38836e-10	0.0205951
1.38894e-10	0.0204923
1.38952e-10	0.0203889
1.39009e-10	0.0202849
1.39067e-10	0.0201804
1.39125e-10	0.0200753
1.39182e-10	0.0199696
1.3924e-10	0.0198635
1.39298e-10	0.0197568
1.39355e-10	0.0196497
1.39413e-10	0.0195422
1.3947e-10	0.0194341
1.39528e-10	0.0193257
1.39586e-10	0.0192169
1.39643e-10	0.0191077
1.39701e-10	0.0189981
1.39759e-10	0.0188882
1.39816e-10	0.0187779
1.39874e-10	0.0186673
1.39932e-10	0.0185564
1.39989e-10	0.0184453
1.40047e-10	0.0183339
1.40105e-10	0.0182222
1.40162e-10	0.0181103
1.4022e-10	0.0179982
1.40277e-10	0.0178858
1.40335e-10	0.0177733
1.40393e-10	0.0176606
1.4045e-10	0.0175478
1.40508e-10	0.0174348
1.40566e-10	0.0173217
1.40623e-10	0.0172085
1.40681e-10	0.0170952
1.40739e-10	0.0169818
1.40796e-10	0.0168683
1.40854e-10	0.0167547
1.40912e-10	0.0166412
1.40969e-10	0.0165275
1.41027e-10	0.0164139
1.41084e-10	0.0163003
1.41142e-10	0.0161867
1.412e-10	0.0160731
1.41257e-10	0.0159595
1.41315e-10	0.015846
1.41373e-10	0.0157325
1.4143e-10	0.0156191
1.41488e-10	0.0155058
1.41546e-10	0.0153925
1.41603e-10	0.0152794
1.41661e-10	0.0151664
1.41719e-10	0.0150535
1.41776e-10	0.0149407
1.41834e-10	0.0148281
1.41892e-10	0.0147157
1.41949e-10	0.0146034
1.42007e-10	0.0144913
1.42064e-10	0.0143794
1.42122e-10	0.0142677
1.4218e-10	0.0141562
1.42237e-10	0.0140449
1.42295e-10	0.0139338
1.42353e-10	0.0138229
1.4241e-10	0.0137123
1.42468e-10	0.013602
1.42526e-10	0.0134919
1.42583e-10	0.0133821
1.42641e-10	0.0132726
1.42699e-10	0.0131633
1.42756e-10	0.0130543
1.42814e-10	0.0129457
1.42871e-10	0.0128373
1.42929e-10	0.0127293
1.42987e-10	0.0126216
1.43044e-10	0.0125142
1.43102e-10	0.0124072
1.4316e-10	0.0123005
1.43217e-10	0.0121942
1.43275e-10	0.0120882
1.43333e-10	0.0119826
1.4339e-10	0.0118773
1.43448e-10	0.0117725
1.43506e-10	0.011668
1.43563e-10	0.0115639
1.43621e-10	0.0114602
1.43678e-10	0.0113569
1.43736e-10	0.011254
1.43794e-10	0.0111516
1.43851e-10	0.0110495
1.43909e-10	0.0109479
1.43967e-10	0.0108467
1.44024e-10	0.0107459
1.44082e-10	0.0106456
1.4414e-10	0.0105457
1.44197e-10	0.0104463
1.44255e-10	0.0103473
1.44313e-10	0.0102488
1.4437e-10	0.0101507
1.44428e-10	0.0100531
1.44486e-10	0.00995597
1.44543e-10	0.00985931
1.44601e-10	0.00976313
1.44658e-10	0.00966743
1.44716e-10	0.00957222
1.44774e-10	0.00947749
1.44831e-10	0.00938325
1.44889e-10	0.00928951
1.44947e-10	0.00919626
1.45004e-10	0.00910352
1.45062e-10	0.00901127
1.4512e-10	0.00891954
1.45177e-10	0.00882831
1.45235e-10	0.00873759
1.45293e-10	0.00864738
1.4535e-10	0.00855769
1.45408e-10	0.00846853
1.45465e-10	0.00837988
1.45523e-10	0.00829175
1.45581e-10	0.00820415
1.45638e-10	0.00811707
1.45696e-10	0.00803052
1.45754e-10	0.0079445
1.45811e-10	0.00785902
1.45869e-10	0.00777406
1.45927e-10	0.00768964
1.45984e-10	0.00760576
1.46042e-10	0.00752241
1.461e-10	0.00743961
1.46157e-10	0.00735734
1.46215e-10	0.00727561
1.46272e-10	0.00719442
1.4633e-10	0.00711378
1.46388e-10	0.00703368
1.46445e-10	0.00695412
1.46503e-10	0.00687511
1.46561e-10	0.00679665
1.46618e-10	0.00671872
1.46676e-10	0.00664135
1.46734e-10	0.00656452
1.46791e-10	0.00648824
1.46849e-10	0.0064125
1.46907e-10	0.00633731
1.46964e-10	0.00626267
1.47022e-10	0.00618857
1.4708e-10	0.00611503
1.47137e-10	0.00604203
1.47195e-10	0.00596957
1.47252e-10	0.00589766
1.4731e-10	0.0058263
1.47368e-10	0.00575548
1.47425e-10	0.00568521
1.47483e-10	0.00561548
1.47541e-10	0.0055463
1.47598e-10	0.00547765
1.47656e-10	0.00540956
1.47714e-10	0.005342
1.47771e-10	0.00527498
1.47829e-10	0.00520851
1.47887e-10	0.00514257
1.47944e-10	0.00507718
1.48002e-10	0.00501232
1.48059e-10	0.00494799
1.48117e-10	0.0048842
1.48175e-10	0.00482095
1.48232e-10	0.00475822
1.4829e-10	0.00469603
1.48348e-10	0.00463437
1.48405e-10	0.00457324
1.48463e-10	0.00451264
1.48521e-10	0.00445256
1.48578e-10	0.004393
1.48636e-10	0.00433397
1.48694e-10	0.00427546
1.48751e-10	0.00421747
1.48809e-10	0.00416
1.48866e-10	0.00410305
1.48924e-10	0.00404661
1.48982e-10	0.00399068
1.49039e-10	0.00393526
1.49097e-10	0.00388036
1.49155e-10	0.00382596
1.49212e-10	0.00377206
1.4927e-10	0.00371867
1.49328e-10	0.00366579
1.49385e-10	0.0036134
1.49443e-10	0.00356151
1.49501e-10	0.00351011
1.49558e-10	0.00345921
1.49616e-10	0.0034088
1.49673e-10	0.00335888
1.49731e-10	0.00330945
1.49789e-10	0.0032605
1.49846e-10	0.00321204
1.49904e-10	0.00316405
1.49962e-10	0.00311654
1.50019e-10	0.00306951
1.50077e-10	0.00302296
1.50135e-10	0.00297687
1.50192e-10	0.00293126
1.5025e-10	0.00288611
1.50308e-10	0.00284142
1.50365e-10	0.0027972
1.50423e-10	0.00275343
1.50481e-10	0.00271013
1.50538e-10	0.00266727
1.50596e-10	0.00262487
1.50653e-10	0.00258292
1.50711e-10	0.00254142
1.50769e-10	0.00250036
1.50826e-10	0.00245974
1.50884e-10	0.00241956
1.50942e-10	0.00237982
1.50999e-10	0.00234051
1.51057e-10	0.00230163
1.51115e-10	0.00226318
1.51172e-10	0.00222516
1.5123e-10	0.00218756
1.51288e-10	0.00215039
1.51345e-10	0.00211363
1.51403e-10	0.00207728
1.5146e-10	0.00204135
1.51518e-10	0.00200583
1.51576e-10	0.00197072
1.51633e-10	0.00193601
1.51691e-10	0.00190171
1.51749e-10	0.0018678
1.51806e-10	0.00183429
1.51864e-10	0.00180118
1.51922e-10	0.00176845
1.51979e-10	0.00173612
1.52037e-10	0.00170417
1.52095e-10	0.0016726
1.52152e-10	0.00164141
1.5221e-10	0.0016106
1.52267e-10	0.00158017
1.52325e-10	0.00155011
1.52383e-10	0.00152041
1.5244e-10	0.00149108
1.52498e-10	0.00146212
1.52556e-10	0.00143352
1.52613e-10	0.00140527
1.52671e-10	0.00137739
1.52729e-10	0.00134985
1.52786e-10	0.00132266
1.52844e-10	0.00129582
1.52902e-10	0.00126933
1.52959e-10	0.00124318
1.53017e-10	0.00121736
1.53075e-10	0.00119188
1.53132e-10	0.00116674
1.5319e-10	0.00114192
1.53247e-10	0.00111744
1.53305e-10	0.00109328
1.53363e-10	0.00106944
1.5342e-10	0.00104592
1.53478e-10	0.00102272
1.53536e-10	0.000999828
1.53593e-10	0.000977252
1.53651e-10	0.000954984
1.53709e-10	0.000933022
1.53766e-10	0.000911364
1.53824e-10	0.000890006
1.53882e-10	0.000868946
1.53939e-10	0.000848182
1.53997e-10	0.00082771
1.54054e-10	0.000807528
1.54112e-10	0.000787634
1.5417e-10	0.000768024
1.54227e-10	0.000748697
1.54285e-10	0.000729649
1.54343e-10	0.000710877
1.544e-10	0.00069238
1.54458e-10	0.000674155
1.54516e-10	0.000656198
1.54573e-10	0.000638508
1.54631e-10	0.000621082
1.54689e-10	0.000603917
1.54746e-10	0.000587011
1.54804e-10	0.000570361
1.54861e-10	0.000553965
1.54919e-10	0.000537819
1.54977e-10	0.000521923
1.55034e-10	0.000506272
1.55092e-10	0.000490865
1.5515e-10	0.000475699
1.55207e-10	0.000460772
1.55265e-10	0.000446082
1.55323e-10	0.000431624
1.5538e-10	0.000417399
1.55438e-10	0.000403402
1.55496e-10	0.000389631
1.55553e-10	0.000376085
1.55611e-10	0.000362761
1.55669e-10	0.000349656
1.55726e-10	0.000336767
1.55784e-10	0.000324094
1.55841e-10	0.000311633
1.55899e-10	0.000299381
1.55957e-10	0.000287338
1.56014e-10	0.0002755
1.56072e-10	0.000263864
1.5613e-10	0.00025243
1.56187e-10	0.000241195
1.56245e-10	0.000230155
1.56303e-10	0.00021931
1.5636e-10	0.000208656
1.56418e-10	0.000198193
1.56476e-10	0.000187917
1.56533e-10	0.000177826
1.56591e-10	0.000167918
1.56648e-10	0.000158191
1.56706e-10	0.000148643
1.56764e-10	0.000139272
1.56821e-10	0.000130076
1.56879e-10	0.000121052
1.56937e-10	0.000112199
1.56994e-10	0.000103514
1.57052e-10	9.49951e-05
1.5711e-10	8.66409e-05
1.57167e-10	7.8449e-05
1.57225e-10	7.04174e-05
1.57283e-10	6.25442e-05
1.5734e-10	5.48273e-05
1.57398e-10	4.72648e-05
1.57455e-10	3.98548e-05
1.57513e-10	3.25953e-05
1.57571e-10	2.54844e-05
1.57628e-10	1.85202e-05
1.57686e-10	1.17008e-05
1.57744e-10	5.02434e-06
1.57801e-10	-1.51105e-06
1.57859e-10	-7.90721e-06
1.57917e-10	-1.4166e-05
1.57974e-10	-2.02891e-05
1.58032e-10	-2.62785e-05
1.5809e-10	-3.21359e-05
1.58147e-10	-3.7863e-05
1.58205e-10	-4.34617e-05
1.58263e-10	-4.89337e-05
1.5832e-10	-5.42806e-05
1.58378e-10	-5.95043e-05
1.58435e-10	-6.46064e-05
1.58493e-10	-6.95885e-05
1.58551e-10	-7.44525e-05
1.58608e-10	-7.91998e-05
1.58666e-10	-8.38322e-05
1.58724e-10	-8.83513e-05
1.58781e-10	-9.27587e-05
1.58839e-10	-9.7056e-05
1.58897e-10	-0.000101245
1.58954e-10	-0.000105327
1.59012e-10	-0.000109303
1.5907e-10	-0.000113176
1.59127e-10	-0.000116946
1.59185e-10	-0.000120615
1.59242e-10	-0.000124185
1.593e-10	-0.000127657
1.59358e-10	-0.000131033
1.59415e-10	-0.000134314
1.59473e-10	-0.000137502
1.59531e-10	-0.000140597
1.59588e-10	-0.000143602
1.59646e-10	-0.000146518
1.59704e-10	-0.000149345
1.59761e-10	-0.000152086
1.59819e-10	-0.000154743
1.59877e-10	-0.000157315
1.59934e-10	-0.000159805
1.59992e-10	-0.000162214
1.60049e-10	-0.000164542
1.60107e-10	-0.000166793
1.60165e-10	-0.000168966
1.60222e-10	-0.000171063
1.6028e-10	-0.000173086
1.60338e-10	-0.000175034
1.60395e-10	-0.000176911
1.60453e-10	-0.000178717
1.60511e-10	-0.000180452
1.60568e-10	-0.000182119
1.60626e-10	-0.000183719
1.60684e-10	-0.000185252
1.60741e-10	-0.00018672
1.60799e-10	-0.000188123
1.60856e-10	-0.000189464
1.60914e-10	-0.000190743
1.60972e-10	-0.000191961
1.61029e-10	-0.00019312
1.61087e-10	-0.00019422
1.61145e-10	-0.000195262
1.61202e-10	-0.000196248
1.6126e-10	-0.000197179
1.61318e-10	-0.000198055
1.61375e-10	-0.000198878
1.61433e-10	-0.000199648
1.61491e-10	-0.000200366
1.61548e-10	-0.000201035
1.61606e-10	-0.000201654
1.61664e-10	-0.000202224
1.61721e-10	-0.000202746
1.61779e-10	-0.000203222
1.61836e-10	-0.000203652
1.61894e-10	-0.000204038
1.61952e-10	-0.000204379
1.62009e-10	-0.000204677
1.62067e-10	-0.000204933
1.62125e-10	-0.000205148
1.62182e-10	-0.000205322
1.6224e-10	-0.000205457
1.62298e-10	-0.000205553
1.62355e-10	-0.00020561
1.62413e-10	-0.000205631
1.62471e-10	-0.000205615
1.62528e-10	-0.000205563
1.62586e-10	-0.000205477
1.62643e-10	-0.000205357
1.62701e-10	-0.000205203
1.62759e-10	-0.000205016
1.62816e-10	-0.000204798
1.62874e-10	-0.000204549
1.62932e-10	-0.000204269
1.62989e-10	-0.00020396
1.63047e-10	-0.000203621
1.63105e-10	-0.000203255
1.63162e-10	-0.00020286
1.6322e-10	-0.000202439
1.63278e-10	-0.000201991
1.63335e-10	-0.000201518
1.63393e-10	-0.00020102
1.6345e-10	-0.000200497
1.63508e-10	-0.000199951
1.63566e-10	-0.000199381
1.63623e-10	-0.000198789
1.63681e-10	-0.000198175
1.63739e-10	-0.000197539
1.63796e-10	-0.000196883
1.63854e-10	-0.000196206
1.63912e-10	-0.00019551
1.63969e-10	-0.000194794
1.64027e-10	-0.000194061
1.64085e-10	-0.000193309
1.64142e-10	-0.000192539
1.642e-10	-0.000191753
1.64258e-10	-0.00019095
1.64315e-10	-0.000190131
1.64373e-10	-0.000189296
1.6443e-10	-0.000188447
1.64488e-10	-0.000187583
1.64546e-10	-0.000186705
1.64603e-10	-0.000185813
1.64661e-10	-0.000184908
1.64719e-10	-0.000183991
1.64776e-10	-0.000183061
1.64834e-10	-0.00018212
1.64892e-10	-0.000181167
1.64949e-10	-0.000180203
1.65007e-10	-0.000179228
1.65065e-10	-0.000178244
1.65122e-10	-0.000177249
1.6518e-10	-0.000176246
1.65237e-10	-0.000175233
1.65295e-10	-0.000174212
1.65353e-10	-0.000173182
1.6541e-10	-0.000172145
1.65468e-10	-0.0001711
1.65526e-10	-0.000170048
1.65583e-10	-0.00016899
1.65641e-10	-0.000167924
1.65699e-10	-0.000166853
1.65756e-10	-0.000165776
1.65814e-10	-0.000164693
1.65872e-10	-0.000163606
1.65929e-10	-0.000162513
1.65987e-10	-0.000161416
1.66044e-10	-0.000160314
1.66102e-10	-0.000159209
1.6616e-10	-0.0001581
1.66217e-10	-0.000156988
1.66275e-10	-0.000155872
1.66333e-10	-0.000154754
1.6639e-10	-0.000153633
1.66448e-10	-0.000152509
1.66506e-10	-0.000151384
1.66563e-10	-0.000150257
1.66621e-10	-0.000149128
1.66679e-10	-0.000147998
1.66736e-10	-0.000146867
1.66794e-10	-0.000145735
1.66852e-10	-0.000144603
1.66909e-10	-0.000143469
1.66967e-10	-0.000142336
1.67024e-10	-0.000141203
1.67082e-10	-0.00014007
1.6714e-10	-0.000138937
1.67197e-10	-0.000137805
1.67255e-10	-0.000136674
1.67313e-10	-0.000135544
1.6737e-10	-0.000134415
1.67428e-10	-0.000133287
1.67486e-10	-0.000132161
1.67543e-10	-0.000131036
1.67601e-10	-0.000129914
1.67659e-10	-0.000128793
1.67716e-10	-0.000127675
1.67774e-10	-0.000126559
1.67831e-10	-0.000125445
1.67889e-10	-0.000124334
1.67947e-10	-0.000123226
1.68004e-10	-0.000122121
1.68062e-10	-0.000121019
1.6812e-10	-0.00011992
1.68177e-10	-0.000118824
1.68235e-10	-0.000117732
1.68293e-10	-0.000116644
1.6835e-10	-0.000115559
1.68408e-10	-0.000114478
1.68466e-10	-0.0001134
1.68523e-10	-0.000112327
