% time-domain voltage integration by openEMS v0.0.36-93-g7b9cd51 @Thu Sep 24 16:07:56 2026
% start-coordinates: (0.0583,0,0.000198824) m -> [75,3,5]
% stop-coordinates: (0.0583,0,0.0021) m -> [75,3,7]
% t/s	voltage
0	-0
3.63159269883e-12	-0
7.26318539767e-12	-0
1.08947780965e-11	-0
1.45263707953e-11	-0
1.81579634942e-11	-0
2.1789556193e-11	-3.55931890586e-36
2.54211488918e-11	-1.14740822022e-31
2.90527415907e-11	-9.76930356657e-29
3.26843342895e-11	-2.37659774397e-26
3.63159269883e-11	-2.29588549438e-24
3.99475196872e-11	-1.08796789885e-22
4.3579112386e-11	-2.93053016291e-21
4.72107050848e-11	-5.0052141488e-20
5.08422977837e-11	-5.88421740055e-19
5.44738904825e-11	-5.0720785763e-18
5.81054831813e-11	-3.36849704418e-17
6.17370758802e-11	-1.79318042913e-16
6.5368668579e-11	-7.90073131455e-16
6.90002612778e-11	-2.95663801203e-15
7.26318539767e-11	-9.58642635302e-15
7.62634466755e-11	-2.72869622609e-14
7.98950393743e-11	-6.85037430224e-14
8.35266320732e-11	-1.50502999413e-13
8.7158224772e-11	-2.80203842036e-13
9.07898174708e-11	-3.97249839631e-13
9.44214101697e-11	-2.16260694655e-13
9.80530028685e-11	1.14304213609e-12
1.01684595567e-10	5.92493122707e-12
1.05316188266e-10	1.91857157331e-11
1.08947780965e-10	5.12847637621e-11
1.12579373664e-10	1.21804365205e-10
1.16210966363e-10	2.65152944739e-10
1.19842559062e-10	5.37694382075e-10
1.2347415176e-10	1.02540170799e-09
1.27105744459e-10	1.84960999294e-09
1.30737337158e-10	3.1663477118e-09
1.34368929857e-10	5.15195291984e-09
1.38000522556e-10	7.9644295603e-09
1.41632115255e-10	1.16666135641e-08
1.45263707953e-10	1.60944872984e-08
1.48895300652e-10	2.06525918589e-08
1.52526893351e-10	2.40203623658e-08
1.5615848605e-10	2.37589983243e-08
1.59790078749e-10	1.58209394474e-08
1.63421671448e-10	-6.01645477882e-09
1.67053264146e-10	-5.07435258257e-08
1.70684856845e-10	-1.30653875274e-07
1.74316449544e-10	-2.61702176374e-07
1.77948042243e-10	-4.63529168826e-07
1.81579634942e-10	-7.5897783347e-07
1.85211227641e-10	-1.17291934032e-06
1.88842820339e-10	-1.73023781258e-06
1.92474413038e-10	-2.45286898348e-06
1.96106005737e-10	-3.35589015776e-06
1.99737598436e-10	-4.44275070777e-06
2.03369191135e-10	-5.69988753796e-06
2.07000783834e-10	-7.09109860964e-06
2.10632376532e-10	-8.55223368035e-06
2.14263969231e-10	-9.98684822662e-06
2.1789556193e-10	-1.12636813583e-05
2.21527154629e-10	-1.22168135022e-05
2.25158747328e-10	-1.26493539483e-05
2.28790340027e-10	-1.23413761912e-05
2.32421932725e-10	-1.1062373801e-05
2.36053525424e-10	-8.58816804339e-06
2.39685118123e-10	-4.72134695428e-06
2.43316710822e-10	6.8612384041e-07
2.46948303521e-10	7.71011491452e-06
2.5057989622e-10	1.63336621881e-05
2.54211488918e-10	2.6430779144e-05
2.57843081617e-10	3.77568153453e-05
2.61474674316e-10	4.994711162e-05
2.65106267015e-10	6.25251759629e-05
2.68737859714e-10	7.49210839786e-05
2.72369452413e-10	8.65003457875e-05
2.76001045111e-10	9.66023599176e-05
2.7963263781e-10	0.000104587444184
2.83264230509e-10	0.000109888589577
2.86895823208e-10	0.000112064495625
2.90527415907e-10	0.000110847126052
2.94159008606e-10	0.00010617798398
2.97790601304e-10	9.82272022156e-05
3.01422194003e-10	8.73912913448e-05
3.05053786702e-10	7.42688171158e-05
3.08685379401e-10	5.96159807174e-05
3.123169721e-10	4.42875279987e-05
3.15948564799e-10	2.91690512313e-05
3.19580157497e-10	1.51075009853e-05
3.23211750196e-10	2.84440548626e-06
3.26843342895e-10	-7.04341618984e-06
3.30474935594e-10	-1.41943260132e-05
3.34106528293e-10	-1.84986417935e-05
3.37738120992e-10	-2.01179309443e-05
3.4136971369e-10	-1.94796375581e-05
3.45001306389e-10	-1.72415377619e-05
3.48632899088e-10	-1.42236845022e-05
3.52264491787e-10	-1.13117392857e-05
3.55896084486e-10	-9.3428781156e-06
3.59527677185e-10	-8.9928360012e-06
3.63159269883e-10	-1.06839188447e-05
3.66790862582e-10	-1.45305439219e-05
3.70422455281e-10	-2.03307886295e-05
3.7405404798e-10	-2.75999477708e-05
3.77685640679e-10	-3.56340997314e-05
3.81317233378e-10	-4.35869114881e-05
3.84948826076e-10	-5.05464431626e-05
3.88580418775e-10	-5.56056465939e-05
3.92212011474e-10	-5.79317047595e-05
3.95843604173e-10	-5.68406576349e-05
3.99475196872e-10	-5.18842202837e-05
4.03106789571e-10	-4.29422434536e-05
4.06738382269e-10	-3.03027945847e-05
4.10369974968e-10	-1.4700511656e-05
4.14001567667e-10	2.71237695415e-06
4.17633160366e-10	2.04767022751e-05
4.21264753065e-10	3.7007487208e-05
4.24896345764e-10	5.0811033816e-05
4.28527938462e-10	6.06888715993e-05
4.32159531161e-10	6.58802973703e-05
4.3579112386e-10	6.61161675453e-05
4.39422716559e-10	6.1585061303e-05
4.43054309258e-10	5.28429400219e-05
4.46685901957e-10	4.07101888413e-05
4.50317494655e-10	2.61949385276e-05
4.53949087354e-10	1.04557580016e-05
4.57580680053e-10	-5.21435237033e-06
4.61212272752e-10	-1.94234755782e-05
4.64843865451e-10	-3.07756563416e-05
4.6847545815e-10	-3.80423994102e-05
4.72107050848e-10	-4.03856001867e-05
4.75738643547e-10	-3.75700892619e-05
4.79370236246e-10	-3.0086964216e-05
4.83001828945e-10	-1.91265869489e-05
4.86633421644e-10	-6.38445027334e-06
4.90265014343e-10	6.25545379762e-06
4.93896607041e-10	1.70705018263e-05
4.9752819974e-10	2.47789087098e-05
5.01159792439e-10	2.86720801341e-05
5.04791385138e-10	2.85824630737e-05
5.08422977837e-10	2.47345342359e-05
5.12054570536e-10	1.75697666691e-05
5.15686163234e-10	7.6370242823e-06
5.19317755933e-10	-4.4022146426e-06
5.22949348632e-10	-1.76752814696e-05
5.26580941331e-10	-3.09863912662e-05
5.3021253403e-10	-4.27967288488e-05
5.33844126729e-10	-5.13706531819e-05
5.37475719427e-10	-5.50906570425e-05
5.41107312126e-10	-5.28580194441e-05
5.44738904825e-10	-4.44417087238e-05
5.48370497524e-10	-3.06358870148e-05
5.52002090223e-10	-1.31479267793e-05
5.55633682922e-10	5.76342949898e-06
5.5926527562e-10	2.37833435222e-05
5.62896868319e-10	3.9003000893e-05
5.66528461018e-10	5.01974632243e-05
5.70160053717e-10	5.68480672882e-05
5.73791646416e-10	5.89474393564e-05
5.77423239115e-10	5.67150373172e-05
5.81054831813e-10	5.03826850036e-05
5.84686424512e-10	4.01639858865e-05
5.88318017211e-10	2.6421686016e-05
5.9194960991e-10	9.93533217297e-06
5.95581202609e-10	-7.89321802586e-06
5.99212795308e-10	-2.50503580901e-05
6.02844388006e-10	-3.92003826164e-05
6.06475980705e-10	-4.81946417494e-05
6.10107573404e-10	-5.06305846102e-05
6.13739166103e-10	-4.62533407699e-05
6.17370758802e-10	-3.60406688742e-05
6.21002351501e-10	-2.19311268665e-05
6.24633944199e-10	-6.29299569255e-06
6.28265536898e-10	8.6695358732e-06
6.31897129597e-10	2.13578111925e-05
6.35528722296e-10	3.09272127197e-05
6.39160314995e-10	3.71337314391e-05
6.42791907694e-10	4.00017088396e-05
6.46423500392e-10	3.95102420043e-05
6.50055093091e-10	3.54735770998e-05
6.5368668579e-10	2.76847422356e-05
6.57318278489e-10	1.62507089954e-05
6.60949871188e-10	1.93941384907e-06
6.64581463887e-10	-1.36631551868e-05
6.68213056585e-10	-2.83125891656e-05
6.71844649284e-10	-3.95688825847e-05
6.75476241983e-10	-4.54136852568e-05
6.79107834682e-10	-4.47957072538e-05
6.82739427381e-10	-3.79012499252e-05
6.8637102008e-10	-2.60511280885e-05
6.90002612778e-10	-1.12745756269e-05
6.93634205477e-10	4.26697130251e-06
6.97265798176e-10	1.87828115941e-05
7.00897390875e-10	3.11056815008e-05
7.04528983574e-10	4.06405943068e-05
7.08160576273e-10	4.70965787827e-05
7.11792168971e-10	5.01862696183e-05
7.1542376167e-10	4.94786859235e-05
7.19055354369e-10	4.45026116722e-05
7.22686947068e-10	3.50555574187e-05
7.26318539767e-10	2.1558725166e-05
7.29950132466e-10	5.25971165644e-06
7.33581725164e-10	-1.1851008594e-05
7.37213317863e-10	-2.74181393252e-05
7.40844910562e-10	-3.92688220927e-05
7.44476503261e-10	-4.59306720586e-05
7.4810809596e-10	-4.6932967507e-05
7.51739688659e-10	-4.27952818427e-05
7.55371281357e-10	-3.47336253981e-05
7.59002874056e-10	-2.42256653564e-05
7.62634466755e-10	-1.26216639273e-05
7.66266059454e-10	-9.49984418241e-07
7.69897652153e-10	1.00388930377e-05
7.73529244852e-10	1.96717785457e-05
7.7716083755e-10	2.71580279332e-05
7.80792430249e-10	3.15578836307e-05
7.84424022948e-10	3.1976223454e-05
7.88055615647e-10	2.79120395135e-05
7.91687208346e-10	1.95920399619e-05
7.95318801045e-10	8.10638050552e-06
7.98950393743e-10	-4.75152114632e-06
8.02581986442e-10	-1.6903193e-05
8.06213579141e-10	-2.65058777131e-05
8.0984517184e-10	-3.23765852954e-05
8.13476764539e-10	-3.41663503605e-05
8.17108357238e-10	-3.2242972793e-05
8.20739949936e-10	-2.73627360912e-05
8.24371542635e-10	-2.02993246603e-05
8.28003135334e-10	-1.1607044371e-05
8.31634728033e-10	-1.62705296702e-06
8.35266320732e-10	9.2832227665e-06
8.38897913431e-10	2.04403970656e-05
8.42529506129e-10	3.06520746562e-05
8.46161098828e-10	3.83187107218e-05
8.49792691527e-10	4.18409563281e-05
8.53424284226e-10	4.01824299843e-05
8.57055876925e-10	3.33355787916e-05
8.60687469624e-10	2.24570144383e-05
8.64319062322e-10	9.58199052548e-06
8.67950655021e-10	-2.98262094134e-06
8.7158224772e-10	-1.33419099484e-05
8.75213840419e-10	-2.04979833143e-05
8.78845433118e-10	-2.44538914558e-05
8.82477025817e-10	-2.59201772224e-05
8.86108618515e-10	-2.57773790509e-05
8.89740211214e-10	-2.45486562562e-05
8.93371803913e-10	-2.2133075845e-05
8.97003396612e-10	-1.79348876372e-05
9.00634989311e-10	-1.13413618692e-05
9.0426658201e-10	-2.32170671666e-06
9.07898174708e-10	8.16538261006e-06
9.11529767407e-10	1.82059895906e-05
9.15161360106e-10	2.5458584787e-05
9.18792952805e-10	2.79815872091e-05
9.22424545504e-10	2.50025984769e-05
9.26056138203e-10	1.72763868704e-05
9.29687730901e-10	6.85817298063e-06
9.333193236e-10	-3.6208250549e-06
9.36950916299e-10	-1.18698374081e-05
9.40582508998e-10	-1.66695299413e-05
9.44214101697e-10	-1.81303162208e-05
9.47845694396e-10	-1.73982148226e-05
9.51477287094e-10	-1.5956893094e-05
9.55108879793e-10	-1.48422609527e-05
9.58740472492e-10	-1.41215994063e-05
9.62372065191e-10	-1.28827194885e-05
9.6600365789e-10	-9.75407374426e-06
9.69635250589e-10	-3.72765322254e-06
9.73266843287e-10	5.10874758675e-06
9.76898435986e-10	1.53053936174e-05
9.80530028685e-10	2.44224947892e-05
9.84161621384e-10	2.99072403322e-05
9.87793214083e-10	3.0094437534e-05
9.91424806782e-10	2.48833582646e-05
9.95056399481e-10	1.57932488491e-05
9.98687992179e-10	5.38306011322e-06
1.00231958488e-09	-3.70510224457e-06
1.00595117758e-09	-9.67494497672e-06
1.00958277028e-09	-1.21080098552e-05
1.01321436297e-09	-1.1908544252e-05
1.01684595567e-09	-1.07135335838e-05
1.02047754837e-09	-1.00368854419e-05
1.02410914107e-09	-1.05257398673e-05
1.02774073377e-09	-1.16647910318e-05
1.03137232647e-09	-1.20709298699e-05
1.03500391917e-09	-1.02488711491e-05
1.03863551187e-09	-5.44926353996e-06
1.04226710457e-09	1.79367910391e-06
1.04589869726e-09	9.72266695953e-06
1.04953028996e-09	1.60025233527e-05
1.05316188266e-09	1.86536994988e-05
1.05679347536e-09	1.68469462096e-05
1.06042506806e-09	1.1213747257e-05
1.06405666076e-09	3.56309806193e-06
1.06768825346e-09	-3.8422435864e-06
1.07131984616e-09	-9.12924281238e-06
1.07495143885e-09	-1.14357189887e-05
1.07858303155e-09	-1.10807505962e-05
1.08221462425e-09	-9.24570338157e-06
1.08584621695e-09	-7.32399803383e-06
1.08947780965e-09	-6.23385858489e-06
1.09310940235e-09	-6.00758909286e-06
1.09674099505e-09	-5.84928017133e-06
1.10037258775e-09	-4.63069284251e-06
1.10400418045e-09	-1.57337618134e-06
1.10763577314e-09	3.23534203517e-06
1.11126736584e-09	8.76220690316e-06
1.11489895854e-09	1.3423690234e-05
1.11853055124e-09	1.57545814545e-05
1.12216214394e-09	1.50189448505e-05
1.12579373664e-09	1.14858773941e-05
1.12942532934e-09	6.27280957133e-06
1.13305692204e-09	8.64677176082e-07
1.13668851474e-09	-3.45973859339e-06
1.14032010743e-09	-6.0515786231e-06
1.14395170013e-09	-7.01080284671e-06
1.14758329283e-09	-6.97763050539e-06
1.15121488553e-09	-6.70897480859e-06
1.15484647823e-09	-6.64315979293e-06
1.15847807093e-09	-6.667678349e-06
1.16210966363e-09	-6.21482990937e-06
1.16574125633e-09	-4.64425420432e-06
1.16937284902e-09	-1.70926627163e-06
1.17300444172e-09	2.15953375005e-06
1.17663603442e-09	5.93166464569e-06
1.18026762712e-09	8.39611027459e-06
1.18389921982e-09	8.70939436481e-06
1.18753081252e-09	6.78752610384e-06
1.19116240522e-09	3.34338790253e-06
1.19479399792e-09	-4.38372609324e-07
1.19842559062e-09	-3.41898868328e-06
1.20205718331e-09	-4.96738016409e-06
1.20568877601e-09	-5.16302463893e-06
1.20932036871e-09	-4.66419396616e-06
1.21295196141e-09	-4.31211822161e-06
1.21658355411e-09	-4.65338757749e-06
1.22021514681e-09	-5.60331147881e-06
1.22384673951e-09	-6.42654748617e-06
1.22747833221e-09	-6.07582848033e-06
1.2311099249e-09	-3.75628110305e-06
1.2347415176e-09	5.56022762055e-07
1.2383731103e-09	5.92252638398e-06
1.242004703e-09	1.0719692682e-05
1.2456362957e-09	1.32896228706e-05
1.2492678884e-09	1.26675480487e-05
1.2528994811e-09	9.03393595308e-06
1.2565310738e-09	3.66877515035e-06
1.2601626665e-09	-1.57566479686e-06
1.26379425919e-09	-5.04252381006e-06
1.26742585189e-09	-5.93704544372e-06
1.27105744459e-09	-4.60597362917e-06
1.27468903729e-09	-2.31734759382e-06
1.27832062999e-09	-6.40077495007e-07
1.28195222269e-09	-6.908007677e-07
1.28558381539e-09	-2.57957361782e-06
1.28921540809e-09	-5.3145706147e-06
1.29284700078e-09	-7.23583650597e-06
1.29647859348e-09	-6.8063419576e-06
1.30011018618e-09	-3.40527623166e-06
1.30374177888e-09	2.25898742201e-06
1.30737337158e-09	8.33720037008e-06
1.31100496428e-09	1.25702969171e-05
1.31463655698e-09	1.32425114998e-05
1.31826814968e-09	9.9273631804e-06
1.32189974238e-09	3.69210385998e-06
1.32553133507e-09	-3.32700778927e-06
1.32916292777e-09	-8.78925038705e-06
1.33279452047e-09	-1.108185063e-05
1.33642611317e-09	-9.92876277905e-06
1.34005770587e-09	-6.42724751287e-06
1.34368929857e-09	-2.50381916089e-06
1.34732089127e-09	-2.73016530494e-08
1.35095248397e-09	3.46070558876e-08
1.35458407667e-09	-1.96040809897e-06
1.35821566936e-09	-4.51912717381e-06
1.36184726206e-09	-5.73647650981e-06
1.36547885476e-09	-4.22432611913e-06
1.36911044746e-09	1.82286708394e-07
1.37274204016e-09	6.2680113615e-06
1.37637363286e-09	1.19033071542e-05
1.38000522556e-09	1.49255365613e-05
1.38363681826e-09	1.40471963732e-05
1.38726841095e-09	9.40055531373e-06
1.39090000365e-09	2.49339763059e-06
1.39453159635e-09	-4.39694423449e-06
1.39816318905e-09	-9.12967414024e-06
1.40179478175e-09	-1.05248053615e-05
1.40542637445e-09	-8.76226727087e-06
1.40905796715e-09	-5.19726086168e-06
1.41268955985e-09	-1.68762048247e-06
1.41632115255e-09	2.56681232713e-07
1.41995274524e-09	1.18252735604e-07
1.42358433794e-09	-1.46976948656e-06
1.42721593064e-09	-3.10270382897e-06
1.43084752334e-09	-3.32441220507e-06
1.43447911604e-09	-1.3483581256e-06
1.43811070874e-09	2.542915297e-06
1.44174230144e-09	7.08479115019e-06
1.44537389414e-09	1.05523901084e-05
1.44900548683e-09	1.14836800549e-05
1.45263707953e-09	9.29546126827e-06
1.45626867223e-09	4.53411223589e-06
1.45990026493e-09	-1.34152408293e-06
1.46353185763e-09	-6.54838947867e-06
1.46716345033e-09	-9.68061772255e-06
1.47079504303e-09	-1.02171147773e-05
1.47442663573e-09	-8.6206433707e-06
1.47805822843e-09	-6.00892747116e-06
1.48168982112e-09	-3.57969844345e-06
1.48532141382e-09	-2.07415166642e-06
1.48895300652e-09	-1.52098583328e-06
1.49258459922e-09	-1.34639293492e-06
1.49621619192e-09	-7.57878098057e-07
1.49984778462e-09	8.02204581873e-07
1.50347937732e-09	3.34236287358e-06
1.50711097002e-09	6.27486133453e-06
1.51074256271e-09	8.64427113356e-06
1.51437415541e-09	9.52910784235e-06
1.51800574811e-09	8.4452539113e-06
1.52163734081e-09	5.57340968044e-06
1.52526893351e-09	1.70189420601e-06
1.52890052621e-09	-2.09761631709e-06
1.53253211891e-09	-4.91058432317e-06
1.53616371161e-09	-6.32117951227e-06
1.53979530431e-09	-6.4891414695e-06
1.543426897e-09	-5.94202259663e-06
1.5470584897e-09	-5.21841951695e-06
1.5506900824e-09	-4.56941273796e-06
1.5543216751e-09	-3.87260894286e-06
1.5579532678e-09	-2.77887255606e-06
1.5615848605e-09	-9.85886842386e-07
1.5652164532e-09	1.51706737483e-06
1.5688480459e-09	4.35164287182e-06
1.5724796386e-09	6.83912958266e-06
1.57611123129e-09	8.2371549297e-06
1.57974282399e-09	8.03470356914e-06
1.58337441669e-09	6.1891655605e-06
1.58700600939e-09	3.19503931223e-06
1.59063760209e-09	-7.5888571871e-08
1.59426919479e-09	-2.72160355053e-06
1.59790078749e-09	-4.1942896587e-06
1.60153238019e-09	-4.52340020729e-06
1.60516397288e-09	-4.24476547778e-06
1.60879556558e-09	-4.06073297654e-06
1.61242715828e-09	-4.41497161319e-06
1.61605875098e-09	-5.21926870078e-06
1.61969034368e-09	-5.88151129932e-06
1.62332193638e-09	-5.61420978329e-06
1.62695352908e-09	-3.85606756481e-06
1.63058512178e-09	-5.99231036347e-07
1.63421671448e-09	3.52178409457e-06
1.63784830717e-09	7.40901646168e-06
1.64147989987e-09	9.87859198176e-06
1.64511149257e-09	1.01029174857e-05
1.64874308527e-09	7.95815230958e-06
1.65237467797e-09	4.1277028231e-06
1.65600627067e-09	-1.1742841366e-07
1.65963786337e-09	-3.41095739032e-06
1.66326945607e-09	-4.86020138624e-06
1.66690104876e-09	-4.42173961801e-06
1.67053264146e-09	-2.88272067905e-06
1.67416423416e-09	-1.44086401122e-06
1.67779582686e-09	-1.09086397515e-06
1.68142741956e-09	-2.12753539586e-06
1.68505901226e-09	-4.00755084229e-06
1.68869060496e-09	-5.61783724606e-06
1.69232219766e-09	-5.80396579153e-06
1.69595379036e-09	-3.91134949496e-06
1.69958538305e-09	-1.16593037447e-07
1.70321697575e-09	4.573639103e-06
1.70684856845e-09	8.65538413564e-06
1.71048016115e-09	1.06819632038e-05
1.71411175385e-09	9.84356165645e-06
1.71774334655e-09	6.33811498574e-06
1.72137493925e-09	1.34819175912e-06
1.72500653195e-09	-3.4097919297e-06
1.72863812464e-09	-6.39268830582e-06
1.73226971734e-09	-6.87451222348e-06
1.73590131004e-09	-5.21594569136e-06
1.73953290274e-09	-2.63064526962e-06
1.74316449544e-09	-5.72642008478e-07
1.74679608814e-09	-5.29749821787e-08
1.75042768084e-09	-1.20371697676e-06
1.75405927354e-09	-3.26392154193e-06
1.75769086624e-09	-4.95691841707e-06
1.76132245893e-09	-5.0741429618e-06
1.76495405163e-09	-3.02270601082e-06
1.76858564433e-09	8.72638281635e-07
1.77221723703e-09	5.43366036254e-06
1.77584882973e-09	9.05358535874e-06
1.77948042243e-09	1.03379862821e-05
1.78311201513e-09	8.70507733453e-06
1.78674360783e-09	4.67085413902e-06
1.79037520053e-09	-3.37747767531e-07
1.79400679322e-09	-4.58000477011e-06
1.79763838592e-09	-6.73647514304e-06
1.80126997862e-09	-6.43458633931e-06
1.80490157132e-09	-4.3249835926e-06
1.80853316402e-09	-1.70043456649e-06
1.81216475672e-09	1.33782309675e-07
1.81579634942e-09	4.35222773376e-07
1.81942794212e-09	-6.95476046531e-07
1.82305953481e-09	-2.41757726371e-06
1.82669112751e-09	-3.56300034809e-06
1.83032272021e-09	-3.17808127193e-06
1.83395431291e-09	-9.76627376303e-07
1.83758590561e-09	2.48201470754e-06
1.84121749831e-09	5.97961877702e-06
1.84484909101e-09	8.13514679976e-06
1.84848068371e-09	8.00728389549e-06
1.85211227641e-09	5.52833859047e-06
1.8557438691e-09	1.55289917814e-06
1.8593754618e-09	-2.5132478072e-06
1.8630070545e-09	-5.32770576456e-06
1.8666386472e-09	-6.17065688857e-06
1.8702702399e-09	-5.1883914125e-06
1.8739018326e-09	-3.2308533946e-06
1.8775334253e-09	-1.39366166252e-06
1.881165018e-09	-4.99303524748e-07
1.88479661069e-09	-7.51012969147e-07
1.88842820339e-09	-1.69212538026e-06
1.89205979609e-09	-2.46499578793e-06
1.89569138879e-09	-2.24541824423e-06
1.89932298149e-09	-6.63192871286e-07
1.90295457419e-09	1.97575991479e-06
1.90658616689e-09	4.77600002569e-06
1.91021775959e-09	6.62674312935e-06
1.91384935229e-09	6.70494813448e-06
1.91748094498e-09	4.87034543539e-06
1.92111253768e-09	1.75323316398e-06
1.92474413038e-09	-1.51909867441e-06
1.92837572308e-09	-3.82801448495e-06
1.93200731578e-09	-4.55297038116e-06
1.93563890848e-09	-3.80828578272e-06
1.93927050118e-09	-2.32398053868e-06
1.94290209388e-09	-1.04569228654e-06
1.94653368657e-09	-6.57780503843e-07
1.95016527927e-09	-1.25728904266e-06
1.95379687197e-09	-2.32362214092e-06
1.95742846467e-09	-2.99006092064e-06
1.96106005737e-09	-2.48881991638e-06
1.96469165007e-09	-5.65130662267e-07
1.96832324277e-09	2.33486275647e-06
1.97195483547e-09	5.20261266956e-06
1.97558642817e-09	6.88685258865e-06
1.97921802086e-09	6.61301095306e-06
1.98284961356e-09	4.36080176769e-06
1.98648120626e-09	9.12043375934e-07
1.99011279896e-09	-2.4693546834e-06
1.99374439166e-09	-4.58604586129e-06
1.99737598436e-09	-4.83154678932e-06
2.00100757706e-09	-3.44315168377e-06
2.00463916976e-09	-1.36427975406e-06
2.00827076246e-09	2.20602846213e-07
2.01190235515e-09	4.60310147332e-07
2.01553394785e-09	-7.47782408439e-07
2.01916554055e-09	-2.69847697609e-06
2.02279713325e-09	-4.20822090064e-06
2.02642872595e-09	-4.1867173195e-06
2.03006031865e-09	-2.18751509351e-06
2.03369191135e-09	1.32229800442e-06
2.03732350405e-09	5.10909012519e-06
2.04095509674e-09	7.68284064634e-06
2.04458668944e-09	7.94680909166e-06
2.04821828214e-09	5.69496683056e-06
2.05184987484e-09	1.72871045834e-06
2.05548146754e-09	-2.46600740184e-06
2.05911306024e-09	-5.34503897143e-06
2.06274465294e-09	-5.96188783675e-06
2.06637624564e-09	-4.36317537833e-06
2.07000783834e-09	-1.54431528188e-06
2.07363943103e-09	1.01986744028e-06
2.07727102373e-09	2.06267966973e-06
2.08090261643e-09	1.11852787654e-06
2.08453420913e-09	-1.25607861889e-06
2.08816580183e-09	-3.74328107e-06
2.09179739453e-09	-4.89104422741e-06
2.09542898723e-09	-3.81435296504e-06
2.09906057993e-09	-6.41269068069e-07
2.10269217262e-09	3.50663418658e-06
2.10632376532e-09	6.98946655575e-06
2.10995535802e-09	8.36226161027e-06
2.11358695072e-09	7.00436521583e-06
2.11721854342e-09	3.39085653422e-06
2.12085013612e-09	-1.10790203678e-06
2.12448172882e-09	-4.80652118995e-06
2.12811332152e-09	-6.414560346e-06
2.13174491422e-09	-5.57073036589e-06
2.13537650691e-09	-2.96839493785e-06
2.13900809961e-09	-1.30017379085e-08
2.14263969231e-09	1.83992162306e-06
2.14627128501e-09	1.76490081572e-06
2.14990287771e-09	-5.44016223181e-08
2.15353447041e-09	-2.53115462101e-06
2.15716606311e-09	-4.2160047542e-06
2.16079765581e-09	-4.01033679509e-06
2.16442924851e-09	-1.70559545154e-06
2.1680608412e-09	1.90466917616e-06
2.1716924339e-09	5.38173861742e-06
2.1753240266e-09	7.28696522856e-06
2.1789556193e-09	6.81392373281e-06
2.182587212e-09	4.12929250615e-06
2.1862188047e-09	2.86599416199e-07
2.1898503974e-09	-3.23668979263e-06
2.1934819901e-09	-5.1735922284e-06
2.19711358279e-09	-5.00013834426e-06
2.20074517549e-09	-3.13415540631e-06
2.20437676819e-09	-7.07324538496e-07
2.20800836089e-09	9.91007908624e-07
2.21163995359e-09	1.14216473435e-06
2.21527154629e-09	-2.0705064685e-07
2.21890313899e-09	-2.18161429189e-06
2.22253473169e-09	-3.5342371234e-06
2.22616632439e-09	-3.28927677629e-06
2.22979791708e-09	-1.24900431331e-06
2.23342950978e-09	1.88970881254e-06
2.23706110248e-09	4.85569756847e-06
2.24069269518e-09	6.39302521677e-06
2.24432428788e-09	5.83231695828e-06
2.24795588058e-09	3.3841390632e-06
2.25158747328e-09	3.55931992213e-08
2.25521906598e-09	-2.89131497766e-06
2.25885065867e-09	-4.31996699035e-06
2.26248225137e-09	-3.88644298255e-06
2.26611384407e-09	-2.0861259884e-06
2.26974543677e-09	-2.59247139311e-08
2.27337702947e-09	1.11820870075e-06
2.27700862217e-09	6.90751193133e-07
2.28064021487e-09	-1.09590020259e-06
2.28427180757e-09	-3.24438954635e-06
2.28790340027e-09	-4.46240676411e-06
2.29153499296e-09	-3.82380687824e-06
2.29516658566e-09	-1.26628260944e-06
2.29879817836e-09	2.33004186612e-06
2.30242977106e-09	5.52517059305e-06
2.30606136376e-09	6.97491020674e-06
2.30969295646e-09	6.04390663739e-06
2.31332454916e-09	3.09441205104e-06
2.31695614186e-09	-6.72067315577e-07
2.32058773455e-09	-3.73995584368e-06
2.32421932725e-09	-4.93904366294e-06
2.32785091995e-09	-3.95288543587e-06
2.33148251265e-09	-1.45467700463e-06
2.33511410535e-09	1.20020388295e-06
2.33874569805e-09	2.60292290477e-06
2.34237729075e-09	1.96692573695e-06
2.34600888345e-09	-4.67812810712e-07
2.34964047615e-09	-3.51195387793e-06
2.35327206884e-09	-5.57225678222e-06
2.35690366154e-09	-5.41744100246e-06
2.36053525424e-09	-2.79522097912e-06
2.36416684694e-09	1.40376674551e-06
2.36779843964e-09	5.51954587991e-06
2.37143003234e-09	7.85703446127e-06
2.37506162504e-09	7.43762404909e-06
2.37869321774e-09	4.42718089744e-06
2.38232481044e-09	5.90409827694e-08
2.38595640313e-09	-3.90316802168e-06
2.38958799583e-09	-5.92241855202e-06
2.39321958853e-09	-5.3404074265e-06
2.39685118123e-09	-2.64728652155e-06
2.40048277393e-09	7.49875596284e-07
2.40411436663e-09	3.16643439646e-06
2.40774595933e-09	3.41238927604e-06
2.41137755203e-09	1.34950113306e-06
2.41500914472e-09	-2.03070828775e-06
2.41864073742e-09	-5.05800278461e-06
2.42227233012e-09	-6.16140283682e-06
2.42590392282e-09	-4.61088552584e-06
2.42953551552e-09	-8.72023200316e-07
2.43316710822e-09	3.59020799579e-06
2.43679870092e-09	6.96074459938e-06
2.44043029362e-09	7.87097440025e-06
2.44406188632e-09	5.98241683747e-06
2.44769347901e-09	2.10904306641e-06
2.45132507171e-09	-2.15745828314e-06
2.45495666441e-09	-5.14076742775e-06
2.45858825711e-09	-5.78744777613e-06
2.46221984981e-09	-4.08879236602e-06
2.46585144251e-09	-1.0430112809e-06
2.46948303521e-09	1.82004853855e-06
2.47311462791e-09	3.14059602147e-06
2.4767462206e-09	2.34398419252e-06
2.4803778133e-09	-1.10354600125e-07
2.484009406e-09	-2.95998614774e-06
2.4876409987e-09	-4.74189653232e-06
2.4912725914e-09	-4.48130793984e-06
2.4949041841e-09	-2.14297361367e-06
2.4985357768e-09	1.36026110908e-06
2.5021673695e-09	4.5924844585e-06
2.5057989622e-09	6.24149527084e-06
2.50943055489e-09	5.68541082657e-06
2.51306214759e-09	3.23024795534e-06
2.51669374029e-09	-6.63212746943e-08
2.52032533299e-09	-2.88461649234e-06
2.52395692569e-09	-4.21531086658e-06
2.52758851839e-09	-3.76556431547e-06
2.53122011109e-09	-2.03106642971e-06
2.53485170379e-09	-1.91495626023e-08
2.53848329648e-09	1.24280649061e-06
2.54211488918e-09	1.18587793452e-06
2.54574648188e-09	-5.34310276024e-08
2.54937807458e-09	-1.72834177192e-06
2.55300966728e-09	-2.86789529014e-06
2.55664125998e-09	-2.76303168789e-06
2.56027285268e-09	-1.31492221556e-06
2.56390444538e-09	9.21533754195e-07
2.56753603808e-09	3.0112875038e-06
2.57116763077e-09	4.08686071296e-06
2.57479922347e-09	3.74602706188e-06
2.57843081617e-09	2.21294891389e-06
2.58206240887e-09	1.98886507263e-07
2.58569400157e-09	-1.45258559314e-06
2.58932559427e-09	-2.15779610357e-06
2.59295718697e-09	-1.83766067607e-06
2.59658877967e-09	-9.11058322117e-07
2.60022037237e-09	-5.2349618862e-08
2.60385196506e-09	1.63746648241e-07
2.60748355776e-09	-4.40763784582e-07
2.61111515046e-09	-1.55133994895e-06
2.61474674316e-09	-2.51502092397e-06
2.61837833586e-09	-2.67377271257e-06
2.62200992856e-09	-1.71641565316e-06
2.62564152126e-09	1.29881595257e-07
2.62927311396e-09	2.17238002165e-06
2.63290470665e-09	3.56584803285e-06
2.63653629935e-09	3.71532092913e-06
2.64016789205e-09	2.56917982711e-06
2.64379948475e-09	6.52502535559e-07
2.64743107745e-09	-1.17823152834e-06
2.65106267015e-09	-2.14108362684e-06
2.65469426285e-09	-1.89698650388e-06
2.65832585555e-09	-7.04852453737e-07
2.66195744825e-09	7.09210986827e-07
2.66558904094e-09	1.5052068818e-06
2.66922063364e-09	1.14054758171e-06
2.67285222634e-09	-3.50884313605e-07
2.67648381904e-09	-2.34425093026e-06
2.68011541174e-09	-3.88852083688e-06
2.68374700444e-09	-4.14029449303e-06
2.68737859714e-09	-2.77328814491e-06
2.69101018984e-09	-1.71285229555e-07
2.69464178253e-09	2.6989556261e-06
2.69827337523e-09	4.69211818199e-06
2.70190496793e-09	4.99097831153e-06
2.70553656063e-09	3.48107624859e-06
2.70916815333e-09	8.15043947e-07
2.71279974603e-09	-1.8708501841e-06
2.71643133873e-09	-3.46048625488e-06
2.72006293143e-09	-3.35238806315e-06
2.72369452413e-09	-1.72045943714e-06
2.72732611682e-09	5.74570726997e-07
2.73095770952e-09	2.37975257278e-06
2.73458930222e-09	2.77334063981e-06
2.73822089492e-09	1.4858577515e-06
2.74185248762e-09	-9.65840342815e-07
2.74548408032e-09	-3.49300273683e-06
2.74911567302e-09	-4.90843456191e-06
2.75274726572e-09	-4.45674180583e-06
2.75637885841e-09	-2.16725644009e-06
2.76001045111e-09	1.13108157507e-06
2.76364204381e-09	4.14856117459e-06
2.76727363651e-09	5.68334291984e-06
2.77090522921e-09	5.13820396009e-06
2.77453682191e-09	2.77521374414e-06
2.77816841461e-09	-4.04192434189e-07
2.78180000731e-09	-3.09754290129e-06
2.78543160001e-09	-4.26098927164e-06
2.7890631927e-09	-3.54411537273e-06
2.7926947854e-09	-1.41573347889e-06
2.7963263781e-09	1.06522912802e-06
2.7999579708e-09	2.72590241934e-06
2.8035895635e-09	2.79431722561e-06
2.8072211562e-09	1.23169191113e-06
2.8108527489e-09	-1.25669346573e-06
2.8144843416e-09	-3.53399309461e-06
2.8181159343e-09	-4.5311409167e-06
2.82174752699e-09	-3.71610093453e-06
2.82537911969e-09	-1.32940193964e-06
2.82901071239e-09	1.71548893491e-06
2.83264230509e-09	4.22100924879e-06
2.83627389779e-09	5.21147791233e-06
2.83990549049e-09	4.3357313757e-06
2.84353708319e-09	1.99665745981e-06
2.84716867589e-09	-8.39506938632e-07
2.85080026858e-09	-3.06165327402e-06
2.85443186128e-09	-3.87566439031e-06
2.85806345398e-09	-3.11391227115e-06
2.86169504668e-09	-1.26973563397e-06
2.86532663938e-09	7.4619526913e-07
2.86895823208e-09	2.0142040853e-06
2.87258982478e-09	2.00008250317e-06
2.87622141748e-09	7.69173240656e-07
2.87985301018e-09	-1.06479663486e-06
2.88348460287e-09	-2.62518713612e-06
2.88711619557e-09	-3.16177698778e-06
2.89074778827e-09	-2.37324860564e-06
2.89437938097e-09	-5.28168691005e-07
2.89801097367e-09	1.65994066492e-06
2.90164256637e-09	3.33953104814e-06
2.90527415907e-09	3.87440650229e-06
2.90890575177e-09	3.09366984652e-06
2.91253734446e-09	1.34059834522e-06
2.91616893716e-09	-6.90593488173e-07
2.91980052986e-09	-2.25189640446e-06
2.92343212256e-09	-2.84336783807e-06
2.92706371526e-09	-2.39390928414e-06
2.93069530796e-09	-1.25249020755e-06
2.93432690066e-09	-4.84864848271e-09
2.93795849336e-09	7.94860753217e-07
2.94159008606e-09	8.56679321259e-07
2.94522167875e-09	2.5507630852e-07
2.94885327145e-09	-6.36000159204e-07
2.95248486415e-09	-1.33087218046e-06
2.95611645685e-09	-1.45313458688e-06
2.95974804955e-09	-8.93752627462e-07
2.96337964225e-09	1.54079039305e-07
2.96701123495e-09	1.28842992808e-06
2.97064282765e-09	2.07309389566e-06
2.97427442034e-09	2.21710621418e-06
2.97790601304e-09	1.68459020244e-06
2.98153760574e-09	6.93242142802e-07
2.98516919844e-09	-3.92348653122e-07
2.98880079114e-09	-1.2201897448e-06
2.99243238384e-09	-1.58913492498e-06
2.99606397654e-09	-1.50608627791e-06
2.99969556924e-09	-1.14387228223e-06
3.00332716194e-09	-7.32412075877e-07
3.00695875463e-09	-4.43190536714e-07
3.01059034733e-09	-3.2362426694e-07
3.01422194003e-09	-3.03944826641e-07
3.01785353273e-09	-2.6095525385e-07
3.02148512543e-09	-9.76274598941e-08
3.02511671813e-09	2.01249019227e-07
3.02874831083e-09	5.60957012397e-07
3.03237990353e-09	8.54500385117e-07
3.03601149623e-09	9.66173217876e-07
3.03964308892e-09	8.50617944081e-07
3.04327468162e-09	5.57970324166e-07
3.04690627432e-09	2.10249032406e-07
3.05053786702e-09	-6.3069216516e-08
3.05416945972e-09	-1.97366080812e-07
3.05780105242e-09	-2.30925603972e-07
3.06143264512e-09	-2.81184423301e-07
3.06506423782e-09	-4.67245371283e-07
3.06869583051e-09	-8.21129077622e-07
3.07232742321e-09	-1.24255304002e-06
3.07595901591e-09	-1.52898238071e-06
3.07959060861e-09	-1.47164577413e-06
3.08322220131e-09	-9.687374245e-07
3.08685379401e-09	-9.77568950233e-08
3.09048538671e-09	8.91502494937e-07
3.09411697941e-09	1.66435734172e-06
3.09774857211e-09	1.93412662952e-06
3.1013801648e-09	1.58658964722e-06
3.1050117575e-09	7.4307174458e-07
3.1086433502e-09	-2.70724758167e-07
3.1122749429e-09	-1.0482710735e-06
3.1159065356e-09	-1.27501205327e-06
3.1195381283e-09	-8.77832192714e-07
3.123169721e-09	-7.58723057714e-08
3.1268013137e-09	7.03397901702e-07
3.13043290639e-09	1.01707362887e-06
3.13406449909e-09	6.22606030731e-07
3.13769609179e-09	-3.87733916085e-07
3.14132768449e-09	-1.60456427523e-06
3.14495927719e-09	-2.46969960926e-06
3.14859086989e-09	-2.52268765166e-06
3.15222246259e-09	-1.61571955459e-06
3.15585405529e-09	-1.90854465565e-09
3.15948564799e-09	1.74545581899e-06
3.16311724068e-09	2.95443925324e-06
3.16674883338e-09	3.13074355063e-06
3.17038042608e-09	2.17637932565e-06
3.17401201878e-09	4.52684425056e-07
3.17764361148e-09	-1.3507949177e-06
3.18127520418e-09	-2.49943315112e-06
3.18490679688e-09	-2.53242276926e-06
3.18853838958e-09	-1.47464500344e-06
3.19216998228e-09	1.6244949741e-07
3.19580157497e-09	1.60068103128e-06
3.19943316767e-09	2.14233335782e-06
3.20306476037e-09	1.48847026082e-06
3.20669635307e-09	-1.15740906637e-07
3.21032794577e-09	-1.97582588157e-06
3.21395953847e-09	-3.24313663214e-06
3.21759113117e-09	-3.28417112883e-06
3.22122272387e-09	-1.96725352453e-06
3.22485431656e-09	2.57894448907e-07
3.22848590926e-09	2.52783564747e-06
3.23211750196e-09	3.91844133674e-06
3.23574909466e-09	3.83929409509e-06
3.23938068736e-09	2.29892134485e-06
3.24301228006e-09	-8.22323213967e-08
3.24664387276e-09	-2.32712650927e-06
3.25027546546e-09	-3.52089546141e-06
3.25390705816e-09	-3.20791639297e-06
3.25753865085e-09	-1.58904157388e-06
3.26117024355e-09	5.70573995162e-07
3.26480183625e-09	2.28136153169e-06
3.26843342895e-09	2.76527870824e-06
3.27206502165e-09	1.79684332124e-06
3.27569661435e-09	-1.97419193881e-07
3.27932820705e-09	-2.32207733575e-06
3.28295979975e-09	-3.60052865744e-06
3.28659139244e-09	-3.40288482903e-06
3.29022298514e-09	-1.73057557618e-06
3.29385457784e-09	7.69284973501e-07
3.29748617054e-09	3.07216103579e-06
3.30111776324e-09	4.2160915541e-06
3.30474935594e-09	3.72048884856e-06
3.30838094864e-09	1.79612436568e-06
3.31201254134e-09	-7.48948167484e-07
3.31564413404e-09	-2.86473863298e-06
3.31927572673e-09	-3.71417030465e-06
3.32290731943e-09	-3.0250907912e-06
3.32653891213e-09	-1.1884356752e-06
3.33017050483e-09	9.3144851121e-07
3.33380209753e-09	2.38347777781e-06
3.33743369023e-09	2.54295659374e-06
3.34106528293e-09	1.37552780188e-06
3.34469687563e-09	-5.58183963051e-07
3.34832846832e-09	-2.35638373169e-06
3.35196006102e-09	-3.17846280495e-06
3.35559165372e-09	-2.61923111111e-06
3.35922324642e-09	-8.88619368311e-07
3.36285483912e-09	1.28472714778e-06
3.36648643182e-09	2.98154108691e-06
3.37011802452e-09	3.4994745306e-06
3.37374961722e-09	2.6532609354e-06
3.37738120992e-09	8.35661815302e-07
3.38101280261e-09	-1.17725767268e-06
3.38464439531e-09	-2.57632032685e-06
3.38827598801e-09	-2.86214347511e-06
3.39190758071e-09	-2.034989393e-06
3.39553917341e-09	-5.6069029597e-07
3.39917076611e-09	8.57889396855e-07
3.40280235881e-09	1.59803009581e-06
3.40643395151e-09	1.38446389997e-06
3.41006554421e-09	3.93873236249e-07
3.4136971369e-09	-8.45531801019e-07
3.4173287296e-09	-1.71118985293e-06
3.4209603223e-09	-1.77924334821e-06
3.424591915e-09	-1.0151672285e-06
3.4282235077e-09	2.26696254657e-07
3.4318551004e-09	1.38744370304e-06
3.4354866931e-09	1.97378346911e-06
3.4391182858e-09	1.77772466259e-06
3.44274987849e-09	9.45333482605e-07
3.44638147119e-09	-1.24177560679e-07
3.45001306389e-09	-9.82686742645e-07
3.45364465659e-09	-1.33568497063e-06
3.45727624929e-09	-1.15201160611e-06
3.46090784199e-09	-6.43381873999e-07
3.46453943469e-09	-1.36294186603e-07
3.46817102739e-09	9.73902007928e-08
3.47180262009e-09	-2.76862452964e-08
3.47543421278e-09	-3.77170277233e-07
3.47906580548e-09	-6.78748918403e-07
3.48269739818e-09	-6.79136356041e-07
3.48632899088e-09	-2.9476236918e-07
3.48996058358e-09	3.29118684306e-07
3.49359217628e-09	8.88814469135e-07
3.49722376898e-09	1.08896783502e-06
3.50085536168e-09	8.11705945125e-07
3.50448695437e-09	1.90806717981e-07
3.50811854707e-09	-4.54522769644e-07
3.51175013977e-09	-7.89928165545e-07
3.51538173247e-09	-6.46787640335e-07
3.51901332517e-09	-1.16089518443e-07
3.52264491787e-09	4.92196939206e-07
3.52627651057e-09	8.02640840902e-07
3.52990810327e-09	5.6574623386e-07
3.53353969597e-09	-2.03155050116e-07
3.53717128866e-09	-1.20352591182e-06
3.54080288136e-09	-1.96597869717e-06
3.54443447406e-09	-2.06298039984e-06
3.54806606676e-09	-1.32576019496e-06
3.55169765946e-09	3.8481144049e-08
3.55532925216e-09	1.49999918619e-06
3.55896084486e-09	2.42702492415e-06
3.56259243756e-09	2.38006751374e-06
3.56622403025e-09	1.33805752967e-06
3.56985562295e-09	-2.65234312735e-07
3.57348721565e-09	-1.72389223962e-06
3.57711880835e-09	-2.38137241126e-06
3.58075040105e-09	-1.93746194554e-06
3.58438199375e-09	-5.94185060265e-07
3.58801358645e-09	1.02719950235e-06
3.59164517915e-09	2.16045464185e-06
3.59527677185e-09	2.23709480451e-06
3.59890836454e-09	1.14935535578e-06
3.60253995724e-09	-6.82364635907e-07
3.60617154994e-09	-2.47185076319e-06
3.60980314264e-09	-3.40052400816e-06
3.61343473534e-09	-2.98383383779e-06
3.61706632804e-09	-1.30959564615e-06
3.62069792074e-09	9.70851829152e-07
3.62432951344e-09	2.9094148033e-06
3.62796110614e-09	3.67678120483e-06
3.63159269883e-09	2.93747643809e-06
3.63522429153e-09	1.00796246727e-06
3.63885588423e-09	-1.27959036433e-06
3.64248747693e-09	-2.94586857308e-06
3.64611906963e-09	-3.29532713295e-06
3.64975066233e-09	-2.21606569539e-06
3.65338225503e-09	-2.19891791886e-07
3.65701384773e-09	1.78740947376e-06
3.66064544042e-09	2.90244798862e-06
3.66427703312e-09	2.61569999793e-06
3.66790862582e-09	1.03445269417e-06
3.67154021852e-09	-1.15935215206e-06
3.67517181122e-09	-3.00079312865e-06
3.67880340392e-09	-3.66277805597e-06
3.68243499662e-09	-2.82235549776e-06
3.68606658932e-09	-8.08449840406e-07
3.68969818202e-09	1.53976415618e-06
3.69332977471e-09	3.24197341683e-06
3.69696136741e-09	3.6055002397e-06
3.70059296011e-09	2.5191824875e-06
3.70422455281e-09	4.84213849461e-07
3.70785614551e-09	-1.62179983931e-06
3.71148773821e-09	-2.93300402632e-06
3.71511933091e-09	-2.95989198662e-06
3.71875092361e-09	-1.77780322019e-06
3.7223825163e-09	3.16134247669e-08
3.726014109e-09	1.64844207973e-06
3.7296457017e-09	2.37269668446e-06
3.7332772944e-09	1.91899869151e-06
3.7369088871e-09	5.25730619927e-07
3.7405404798e-09	-1.16480489964e-06
3.7441720725e-09	-2.39811635083e-06
3.7478036652e-09	-2.64018805751e-06
3.7514352579e-09	-1.80211401357e-06
3.75506685059e-09	-2.60127983154e-07
3.75869844329e-09	1.32902577832e-06
3.76233003599e-09	2.32450025806e-06
3.76596162869e-09	2.3704242551e-06
3.76959322139e-09	1.52304716039e-06
3.77322481409e-09	1.92113478903e-07
3.77685640679e-09	-1.05990245913e-06
3.78048799949e-09	-1.76286826559e-06
3.78411959218e-09	-1.72103509044e-06
3.78775118488e-09	-1.06360339203e-06
3.79138277758e-09	-1.54795104734e-07
3.79501437028e-09	5.85032928768e-07
3.79864596298e-09	8.64140289991e-07
3.80227755568e-09	6.29504903316e-07
3.80590914838e-09	6.09329733336e-08
3.80954074108e-09	-5.3747741191e-07
3.81317233378e-09	-8.88844127189e-07
3.81680392647e-09	-8.6285471923e-07
3.82043551917e-09	-5.11628314825e-07
3.82406711187e-09	-1.63408271359e-08
3.82769870457e-09	4.15901837414e-07
3.83133029727e-09	6.4758827989e-07
3.83496188997e-09	6.53571447629e-07
3.83859348267e-09	5.00987454188e-07
3.84222507537e-09	2.88577805208e-07
3.84585666807e-09	8.60375761746e-08
3.84948826076e-09	-9.41368876184e-08
3.85311985346e-09	-2.8029581145e-07
3.85675144616e-09	-4.96206197909e-07
3.86038303886e-09	-7.18276268685e-07
3.86401463156e-09	-8.65749171908e-07
3.86764622426e-09	-8.35950451972e-07
3.87127781696e-09	-5.6866242204e-07
3.87490940966e-09	-1.02839395666e-07
3.87854100235e-09	4.13026391755e-07
3.88217259505e-09	7.72525083903e-07
3.88580418775e-09	8.06599459224e-07
3.88943578045e-09	4.75343995276e-07
3.89306737315e-09	-9.37132611512e-08
3.89669896585e-09	-6.47932402842e-07
3.90033055855e-09	-9.18433229913e-07
3.90396215125e-09	-7.47688439162e-07
3.90759374395e-09	-1.75526421842e-07
3.91122533664e-09	5.6066419063e-07
3.91485692934e-09	1.11850893347e-06
3.91848852204e-09	1.20078135524e-06
3.92212011474e-09	6.98649813557e-07
3.92575170744e-09	-2.39210873332e-07
3.92938330014e-09	-1.25052254418e-06
3.93301489284e-09	-1.90619707041e-06
3.93664648554e-09	-1.89951151697e-06
3.94027807823e-09	-1.19156507594e-06
3.94390967093e-09	-4.2593199634e-08
3.94754126363e-09	1.09105224055e-06
3.95117285633e-09	1.7509260033e-06
3.95480444903e-09	1.67474298962e-06
3.95843604173e-09	9.10099004159e-07
3.96206763443e-09	-2.0633162201e-07
3.96569922713e-09	-1.19351864214e-06
3.96933081983e-09	-1.63179217338e-06
3.97296241252e-09	-1.34168897148e-06
3.97659400522e-09	-4.60773868838e-07
3.98022559792e-09	6.14568037349e-07
3.98385719062e-09	1.39928255294e-06
3.98748878332e-09	1.53093593269e-06
3.99112037602e-09	9.30225837692e-07
3.99475196872e-09	-1.61402057941e-07
3.99838356142e-09	-1.28595495141e-06
4.00201515412e-09	-1.9692528781e-06
4.00564674681e-09	-1.92617562789e-06
4.00927833951e-09	-1.17890660079e-06
4.01290993221e-09	-3.7898599814e-08
4.01654152491e-09	1.03904282867e-06
4.02017311761e-09	1.64187517271e-06
4.02380471031e-09	1.57144543778e-06
4.02743630301e-09	9.0637237804e-07
4.03106789571e-09	-4.63020826125e-08
4.0346994884e-09	-8.88069990879e-07
4.0383310811e-09	-1.2945200325e-06
4.0419626738e-09	-1.14202268264e-06
4.0455942665e-09	-5.46635369858e-07
4.0492258592e-09	1.98440702093e-07
4.0528574519e-09	7.57455715927e-07
4.0564890446e-09	8.97719189652e-07
4.0601206373e-09	5.81912715347e-07
4.06375223e-09	-3.17620552082e-08
4.06738382269e-09	-6.74097911713e-07
4.07101541539e-09	-1.0880698369e-06
4.07464700809e-09	-1.13065615892e-06
4.07827860079e-09	-8.13443719494e-07
4.08191019349e-09	-2.75144394379e-07
4.08554178619e-09	2.8789895623e-07
4.08917337889e-09	6.98345829164e-07
4.09280497159e-09	8.52113707595e-07
4.09643656428e-09	7.3863373018e-07
4.10006815698e-09	4.28116404549e-07
4.10369974968e-09	3.63047214513e-08
4.10733134238e-09	-3.18737239269e-07
4.11096293508e-09	-5.52287488631e-07
4.11459452778e-09	-6.29406599728e-07
4.11822612048e-09	-5.60451482556e-07
4.12185771318e-09	-3.84402728315e-07
4.12548930588e-09	-1.53809935455e-07
4.12912089857e-09	7.18211925488e-08
4.13275249127e-09	2.28120867973e-07
4.13638408397e-09	2.56320216607e-07
4.14001567667e-09	1.26393571165e-07
4.14364726937e-09	-1.35410823887e-07
4.14727886207e-09	-4.36833829554e-07
4.15091045477e-09	-6.43558600188e-07
4.15454204747e-09	-6.35034439256e-07
4.15817364016e-09	-3.6625370825e-07
4.16180523286e-09	9.70704077119e-08
4.16543682556e-09	5.92231565122e-07
4.16906841826e-09	9.1957907955e-07
4.17270001096e-09	9.2419224984e-07
4.17633160366e-09	5.65080910064e-07
4.17996319636e-09	-5.74923131325e-08
4.18359478906e-09	-7.29044700165e-07
4.18722638176e-09	-1.19745254779e-06
4.19085797445e-09	-1.27267982464e-06
4.19448956715e-09	-9.12002448672e-07
4.19812115985e-09	-2.50250440814e-07
4.20175275255e-09	4.45401610705e-07
4.20538434525e-09	8.85425848196e-07
4.20901593795e-09	8.85738387524e-07
4.21264753065e-09	4.54087327739e-07
4.21627912335e-09	-2.09899900128e-07
4.21991071605e-09	-8.02860455451e-07
4.22354230874e-09	-1.05359853819e-06
4.22717390144e-09	-8.4320345195e-07
4.23080549414e-09	-2.55773091595e-07
4.23443708684e-09	4.59712737211e-07
4.23806867954e-09	9.9686234023e-07
4.24170027224e-09	1.12104495997e-06
4.24533186494e-09	7.67891719988e-07
4.24896345764e-09	7.08020806428e-08
4.25259505033e-09	-6.93377238292e-07
4.25622664303e-09	-1.22050936113e-06
4.25985823573e-09	-1.30793499409e-06
4.26348982843e-09	-9.40671256444e-07
4.26712142113e-09	-2.93649588201e-07
4.27075301383e-09	3.51162743328e-07
4.27438460653e-09	7.33934392372e-07
4.27801619923e-09	7.29854363613e-07
4.28164779193e-09	3.93200583204e-07
4.28527938462e-09	-8.36698523798e-08
4.28891097732e-09	-4.70071590541e-07
4.29254257002e-09	-6.03199744376e-07
4.29617416272e-09	-4.52257388872e-07
4.29980575542e-09	-1.16730861421e-07
4.30343734812e-09	2.31549027063e-07
4.30706894082e-09	4.31849887406e-07
4.31070053352e-09	4.04266835119e-07
4.31433212621e-09	1.78042254717e-07
4.31796371891e-09	-1.31908370449e-07
4.32159531161e-09	-3.86273214303e-07
4.32522690431e-09	-4.90721681956e-07
4.32885849701e-09	-4.37828774125e-07
4.33249008971e-09	-3.00280781573e-07
4.33612168241e-09	-1.79744107598e-07
4.33975327511e-09	-1.41748847327e-07
4.34338486781e-09	-1.75821993409e-07
4.3470164605e-09	-2.05534963271e-07
4.3506480532e-09	-1.43196011493e-07
4.3542796459e-09	4.52263426709e-08
4.3579112386e-09	3.04738684065e-07
4.3615428313e-09	5.10057304837e-07
4.365174424e-09	5.29641788205e-07
4.3688060167e-09	3.01892079335e-07
4.3724376094e-09	-1.18700137719e-07
4.37606920209e-09	-5.71379175085e-07
4.37970079479e-09	-8.54838390296e-07
4.38333238749e-09	-8.2068511631e-07
4.38696398019e-09	-4.52522598948e-07
4.39059557289e-09	1.0925169569e-07
4.39422716559e-09	6.15182457864e-07
4.39785875829e-09	8.13386279219e-07
4.40149035099e-09	5.71315389664e-07
4.40512194369e-09	-4.55105633179e-08
4.40875353638e-09	-7.81856819287e-07
4.41238512908e-09	-1.29517339076e-06
4.41601672178e-09	-1.31101414524e-06
4.41964831448e-09	-7.60686795331e-07
4.42327990718e-09	1.68042204152e-07
4.42691149988e-09	1.09759145062e-06
4.43054309258e-09	1.62037609641e-06
4.43417468528e-09	1.48109532461e-06
4.43780627798e-09	6.98928637632e-07
4.44143787067e-09	-4.2788085608e-07
4.44506946337e-09	-1.44063041319e-06
4.44870105607e-09	-1.91292656382e-06
4.45233264877e-09	-1.63587998259e-06
4.45596424147e-09	-7.14781990041e-07
4.45959583417e-09	4.66596425497e-07
4.46322742687e-09	1.40386859471e-06
4.46685901957e-09	1.6872475328e-06
4.47049061226e-09	1.18271616145e-06
4.47412220496e-09	9.78343885905e-08
4.47775379766e-09	-1.10068701531e-06
4.48138539036e-09	-1.88614953345e-06
4.48501698306e-09	-1.90186844407e-06
4.48864857576e-09	-1.12026059185e-06
4.49228016846e-09	1.41182518121e-07
4.49591176116e-09	1.35504187426e-06
4.49954335386e-09	2.0103999816e-06
4.50317494655e-09	1.83090224937e-06
4.50680653925e-09	8.89610873855e-07
4.51043813195e-09	-4.26179042279e-07
4.51406972465e-09	-1.58153335406e-06
4.51770131735e-09	-2.11768085023e-06
4.52133291005e-09	-1.83880530358e-06
4.52496450275e-09	-8.85301446374e-07
4.52859609545e-09	3.32715831775e-07
4.53222768814e-09	1.31114296664e-06
4.53585928084e-09	1.66171403748e-06
4.53949087354e-09	1.26900629027e-06
4.54312246624e-09	3.29608848659e-07
4.54675405894e-09	-7.40689728218e-07
4.55038565164e-09	-1.48906964625e-06
4.55401724434e-09	-1.61700044998e-06
4.55764883704e-09	-1.0973532909e-06
4.56128042974e-09	-1.70586552883e-07
4.56491202243e-09	7.71517008502e-07
4.56854361513e-09	1.35590551054e-06
4.57217520783e-09	1.37614887308e-06
4.57580680053e-09	8.58541639559e-07
4.57943839323e-09	2.99647238133e-08
4.58306998593e-09	-7.87707676864e-07
4.58670157863e-09	-1.30587881131e-06
4.59033317133e-09	-1.37013880419e-06
4.59396476402e-09	-1.00116812973e-06
4.59759635672e-09	-3.68854514932e-07
4.60122794942e-09	2.83785723809e-07
4.60485954212e-09	7.34863121465e-07
4.60849113482e-09	8.59470304704e-07
4.61212272752e-09	6.60718733059e-07
4.61575432022e-09	2.48817229931e-07
4.61938591292e-09	-2.15378811674e-07
4.62301750562e-09	-5.82721973785e-07
4.62664909831e-09	-7.56997799556e-07
4.63028069101e-09	-7.06797152361e-07
4.63391228371e-09	-4.56630161239e-07
4.63754387641e-09	-7.43064481057e-08
4.64117546911e-09	3.38202934103e-07
4.64480706181e-09	6.56561198298e-07
4.64843865451e-09	7.6059640719e-07
4.65207024721e-09	5.77166304083e-07
4.65570183991e-09	1.23153863996e-07
4.6593334326e-09	-4.77491788331e-07
4.6629650253e-09	-1.02183156514e-06
4.666596618e-09	-1.29727548881e-06
4.6702282107e-09	-1.16632092784e-06
4.6738598034e-09	-6.30473465435e-07
4.6774913961e-09	1.54009303088e-07
4.6811229888e-09	9.18894372148e-07
4.6847545815e-09	1.37378179943e-06
4.68838617419e-09	1.3160841803e-06
4.69201776689e-09	7.22529605923e-07
4.69564935959e-09	-2.17193772301e-07
4.69928095229e-09	-1.15082484342e-06
4.70291254499e-09	-1.6929130453e-06
4.70654413769e-09	-1.58850360776e-06
4.71017573039e-09	-8.39407249487e-07
4.71380732309e-09	2.73074345358e-07
4.71743891579e-09	1.29123145598e-06
4.72107050848e-09	1.77214775476e-06
4.72470210118e-09	1.48190052585e-06
4.72833369388e-09	5.0499669868e-07
4.73196528658e-09	-7.81613103129e-07
4.73559687928e-09	-1.85760299587e-06
4.73922847198e-09	-2.26979244644e-06
4.74286006468e-09	-1.81822829859e-06
4.74649165738e-09	-6.45594752768e-07
4.75012325007e-09	8.06875775083e-07
4.75375484277e-09	1.96458066171e-06
4.75738643547e-09	2.34806657318e-06
4.76101802817e-09	1.77608285412e-06
4.76464962087e-09	4.55546192768e-07
4.76828121357e-09	-1.08911667951e-06
4.77191280627e-09	-2.22792729687e-06
4.77554439897e-09	-2.49080417802e-06
4.77917599167e-09	-1.76985321332e-06
4.78280758436e-09	-3.66046862155e-07
4.78643917706e-09	1.13923616141e-06
4.79007076976e-09	2.12909245079e-06
4.79370236246e-09	2.2038135512e-06
4.79733395516e-09	1.33786360834e-06
4.80096554786e-09	-1.17337558336e-07
4.80459714056e-09	-1.57746987384e-06
4.80822873326e-09	-2.45648149644e-06
4.81186032595e-09	-2.3963274316e-06
4.81549191865e-09	-1.40949026672e-06
4.81912351135e-09	1.21677814491e-07
4.82275510405e-09	1.59301221458e-06
4.82638669675e-09	2.41975254767e-06
4.83001828945e-09	2.27466938441e-06
4.83364988215e-09	1.22162909122e-06
4.83728147485e-09	-3.13634167526e-07
4.84091306755e-09	-1.72285371036e-06
4.84454466024e-09	-2.46408421845e-06
4.84817625294e-09	-2.27368772698e-06
4.85180784564e-09	-1.25645674132e-06
4.85543943834e-09	1.71819698025e-07
4.85907103104e-09	1.45545217833e-06
4.86270262374e-09	2.11091244751e-06
4.86633421644e-09	1.90246774423e-06
4.86996580914e-09	9.23022938082e-07
4.87359740184e-09	-4.44241990749e-07
4.87722899453e-09	-1.66987575767e-06
4.88086058723e-09	-2.2781608493e-06
4.88449217993e-09	-2.03028349688e-06
4.88812377263e-09	-1.01888210224e-06
4.89175536533e-09	3.67092720666e-07
4.89538695803e-09	1.5950766965e-06
4.89901855073e-09	2.1972300317e-06
4.90265014343e-09	1.94890839111e-06
4.90628173612e-09	9.48117701682e-07
4.90991332882e-09	-4.29605115926e-07
4.91354492152e-09	-1.67567404219e-06
4.91717651422e-09	-2.33472405853e-06
4.92080810692e-09	-2.16659120156e-06
4.92443969962e-09	-1.23181490608e-06
4.92807129232e-09	1.27038939368e-07
4.93170288502e-09	1.40432536e-06
4.93533447772e-09	2.11452260146e-06
4.93896607041e-09	1.97759590037e-06
4.94259766311e-09	1.03511958116e-06
4.94622925581e-09	-3.54710120831e-07
4.94986084851e-09	-1.64961647897e-06
4.95349244121e-09	-2.33501143043e-06
4.95712403391e-09	-2.13002363125e-06
4.96075562661e-09	-1.10232325312e-06
4.96438721931e-09	3.55458301016e-07
4.968018812e-09	1.67739402457e-06
4.9716504047e-09	2.34311906411e-06
4.9752819974e-09	2.0791694908e-06
4.9789135901e-09	9.6753051082e-07
4.9825451828e-09	-5.7926093433e-07
4.9861767755e-09	-1.96934914243e-06
4.9898083682e-09	-2.65671715738e-06
4.9934399609e-09	-2.35726255937e-06
4.9970715536e-09	-1.17077530604e-06
5.00070314629e-09	4.46537789855e-07
5.00433473899e-09	1.85651498441e-06
5.00796633169e-09	2.4953458535e-06
5.01159792439e-09	2.1061993607e-06
5.01522951709e-09	8.48247474039e-07
5.01886110979e-09	-7.67057407813e-07
5.02249270249e-09	-2.08623924891e-06
5.02612429519e-09	-2.58095363392e-06
5.02975588789e-09	-2.06010730608e-06
5.03338748058e-09	-7.41596508647e-07
5.03701907328e-09	8.40696195326e-07
5.04065066598e-09	2.05302495715e-06
5.04428225868e-09	2.41296623926e-06
5.04791385138e-09	1.77846519023e-06
5.05154544408e-09	4.02405273547e-07
5.05517703678e-09	-1.16807190409e-06
5.05880862948e-09	-2.30956095493e-06
5.06244022217e-09	-2.57248359503e-06
5.06607181487e-09	-1.86227364907e-06
5.06970340757e-09	-4.75473619588e-07
5.07333500027e-09	1.02603522123e-06
5.07696659297e-09	2.04924438663e-06
5.08059818567e-09	2.21169261749e-06
5.08422977837e-09	1.48732672756e-06
5.08786137107e-09	1.99621810637e-07
5.09149296377e-09	-1.12616869785e-06
5.09512455646e-09	-1.98027368015e-06
5.09875614916e-09	-2.0630924098e-06
5.10238774186e-09	-1.38400669414e-06
5.10601933456e-09	-2.37673237535e-07
5.10965092726e-09	9.22196107922e-07
5.11328251996e-09	1.65806467578e-06
5.11691411266e-09	1.7088941604e-06
5.12054570536e-09	1.0794810521e-06
5.12417729805e-09	2.91172357336e-08
5.12780889075e-09	-1.03513291094e-06
5.13144048345e-09	-1.71845059072e-06
5.13507207615e-09	-1.78698897457e-06
5.13870366885e-09	-1.24599031892e-06
5.14233526155e-09	-3.198495655e-07
5.14596685425e-09	6.48381259793e-07
5.14959844695e-09	1.32884008508e-06
5.15323003965e-09	1.5130761426e-06
5.15686163234e-09	1.16643272463e-06
5.16049322504e-09	4.20924624933e-07
5.16412481774e-09	-4.74856641119e-07
5.16775641044e-09	-1.22995949425e-06
5.17138800314e-09	-1.59436731906e-06
5.17501959584e-09	-1.43691808319e-06
5.17865118854e-09	-7.9671057307e-07
5.18228278124e-09	1.15778387766e-07
5.18591437393e-09	9.80251869009e-07
5.18954596663e-09	1.47709576481e-06
5.19317755933e-09	1.40702756823e-06
5.19680915203e-09	7.71464094385e-07
5.20044074473e-09	-2.19684746838e-07
5.20407233743e-09	-1.2159601539e-06
5.20770393013e-09	-1.84581875828e-06
5.21133552283e-09	-1.84769209e-06
5.21496711553e-09	-1.17241904718e-06
5.21859870822e-09	-2.16586821811e-08
5.22223030092e-09	1.19966782108e-06
5.22586189362e-09	2.01649137921e-06
5.22949348632e-09	2.06667897373e-06
5.23312507902e-09	1.26601347006e-06
5.23675667172e-09	-1.23819742015e-07
5.24038826442e-09	-1.57233893106e-06
5.24401985712e-09	-2.48629703492e-06
5.24765144982e-09	-2.46172629659e-06
5.25128304251e-09	-1.46837739123e-06
5.25491463521e-09	1.20496364886e-07
5.25854622791e-09	1.67105659443e-06
5.26217782061e-09	2.54475324368e-06
5.26580941331e-09	2.36086520999e-06
5.26944100601e-09	1.1593791811e-06
5.27307259871e-09	-6.0085682918e-07
5.27670419141e-09	-2.21204066975e-06
5.2803357841e-09	-2.99600162634e-06
5.2839673768e-09	-2.58742369397e-06
5.2875989695e-09	-1.10550556087e-06
5.2912305622e-09	8.68361979656e-07
5.2948621549e-09	2.51561570508e-06
5.2984937476e-09	3.12459573593e-06
5.3021253403e-09	2.40623583636e-06
5.305756933e-09	6.34592900894e-07
5.3093885257e-09	-1.45931073803e-06
5.31302011839e-09	-2.99832757378e-06
5.31665171109e-09	-3.33576880962e-06
5.32028330379e-09	-2.33060077903e-06
5.32391489649e-09	-4.03687806738e-07
5.32754648919e-09	1.64266717206e-06
5.33117808189e-09	2.96032249025e-06
5.33480967459e-09	3.00544053289e-06
5.33844126729e-09	1.76218657089e-06
5.34207285998e-09	-2.48864026275e-07
5.34570445268e-09	-2.18322236378e-06
5.34933604538e-09	-3.22393978536e-06
5.35296763808e-09	-2.92901768262e-06
5.35659923078e-09	-1.42541185255e-06
5.36023082348e-09	6.41132182011e-07
5.36386241618e-09	2.38546954279e-06
5.36749400888e-09	3.06965819163e-06
5.37112560158e-09	2.42251954319e-06
5.37475719427e-09	7.47417821856e-07
5.37838878697e-09	-1.2248584369e-06
5.38202037967e-09	-2.66355431222e-06
5.38565197237e-09	-2.99314118024e-06
5.38928356507e-09	-2.12259632804e-06
5.39291515777e-09	-4.60236549316e-07
5.39654675047e-09	1.27777884984e-06
5.40017834317e-09	2.37492949395e-06
5.40380993586e-09	2.40836612875e-06
5.40744152856e-09	1.41228042594e-06
5.41107312126e-09	-1.51765489065e-07
5.41470471396e-09	-1.60242043989e-06
5.41833630666e-09	-2.33452894349e-06
5.42196789936e-09	-2.07606458957e-06
5.42559949206e-09	-9.92413831113e-07
5.42923108476e-09	4.0607805829e-07
5.43286267746e-09	1.50636371643e-06
5.43649427015e-09	1.86704926364e-06
5.44012586285e-09	1.39768538077e-06
5.44375745555e-09	3.67249242572e-07
5.44738904825e-09	-7.46052464251e-07
5.45102064095e-09	-1.48035348957e-06
5.45465223365e-09	-1.58216198543e-06
5.45828382635e-09	-1.08679091682e-06
5.46191541905e-09	-2.67862823478e-07
5.46554701175e-09	5.05030037345e-07
5.46917860444e-09	9.30190296344e-07
5.47281019714e-09	8.90060746883e-07
5.47644178984e-09	4.77095518647e-07
5.48007338254e-09	-7.25249540423e-08
5.48370497524e-09	-5.01751259208e-07
5.48733656794e-09	-6.52104631627e-07
5.49096816064e-09	-5.24001578128e-07
5.49459975334e-09	-2.51271973895e-07
5.49823134603e-09	-9.85365078421e-09
5.50186293873e-09	8.57414406141e-08
5.50549453143e-09	3.79630296088e-08
5.50912612413e-09	-5.484767307e-08
5.51275771683e-09	-7.858284512e-08
5.51638930953e-09	1.18492506918e-08
5.52002090223e-09	1.57345553475e-07
5.52365249493e-09	2.31238530546e-07
5.52728408763e-09	1.24415587166e-07
5.53091568032e-09	-1.73919410429e-07
5.53454727302e-09	-5.49725911014e-07
5.53817886572e-09	-8.10367225768e-07
5.54181045842e-09	-7.81566150465e-07
5.54544205112e-09	-4.06665748187e-07
5.54907364382e-09	2.0395521716e-07
5.55270523652e-09	8.01704956643e-07
5.55633682922e-09	1.10165458977e-06
5.55996842191e-09	9.15907605759e-07
5.56360001461e-09	2.59164732341e-07
5.56723160731e-09	-6.292437007e-07
5.57086320001e-09	-1.36909179105e-06
5.57449479271e-09	-1.60352584544e-06
5.57812638541e-09	-1.17301102875e-06
5.58175797811e-09	-2.13882335842e-07
5.58538957081e-09	8.77043092373e-07
5.58902116351e-09	1.60823340423e-06
5.5926527562e-09	1.61905239793e-06
5.5962843489e-09	8.58683463889e-07
5.5999159416e-09	-3.71923654541e-07
5.6035475343e-09	-1.54135558716e-06
5.607179127e-09	-2.12132522392e-06
5.6108107197e-09	-1.82613604238e-06
5.6144423124e-09	-7.49127380573e-07
5.6180739051e-09	6.67159362422e-07
5.62170549779e-09	1.81550575462e-06
5.62533709049e-09	2.18552361275e-06
5.62896868319e-09	1.58990833654e-06
5.63260027589e-09	2.57110475133e-07
5.63623186859e-09	-1.25444961441e-06
5.63986346129e-09	-2.2904703485e-06
5.64349505399e-09	-2.3867477239e-06
5.64712664669e-09	-1.48204611605e-06
5.65075823939e-09	4.24775081775e-08
5.65438983208e-09	1.52267789133e-06
5.65802142478e-09	2.30440809901e-06
5.66165301748e-09	2.03800243526e-06
5.66528461018e-09	8.38256241309e-07
5.66891620288e-09	-7.65926536417e-07
5.67254779558e-09	-2.06855409601e-06
5.67617938828e-09	-2.50072878316e-06
5.67981098098e-09	-1.87918922734e-06
5.68344257368e-09	-4.80882981435e-07
5.68707416637e-09	1.08402070964e-06
5.69070575907e-09	2.14007164345e-06
5.69433735177e-09	2.23739453986e-06
5.69796894447e-09	1.34251700956e-06
5.70160053717e-09	-1.50304412472e-07
5.70523212987e-09	-1.59118511078e-06
5.70886372257e-09	-2.35780569824e-06
5.71249531527e-09	-2.12752465245e-06
5.71612690796e-09	-1.01873365566e-06
5.71975850066e-09	4.64642468501e-07
5.72339009336e-09	1.66213411035e-06
5.72702168606e-09	2.055279964e-06
5.73065327876e-09	1.49696430185e-06
5.73428487146e-09	2.66633215062e-07
5.73791646416e-09	-1.0694564736e-06
5.74154805686e-09	-1.92149371969e-06
5.74517964956e-09	-1.93719125718e-06
5.74881124225e-09	-1.14450601529e-06
5.75244283495e-09	7.95996895064e-08
5.75607442765e-09	1.18856343079e-06
5.75970602035e-09	1.70874278638e-06
5.76333761305e-09	1.43896039617e-06
