2.78173e-14	-0.00011296
8.34519e-14	-0.000113998
1.39087e-13	-0.00011504
1.94721e-13	-0.000116085
2.50356e-13	-0.000117134
3.0599e-13	-0.000118186
3.61625e-13	-0.000119241
4.1726e-13	-0.0001203
4.72894e-13	-0.000121361
5.28529e-13	-0.000122426
5.84163e-13	-0.000123493
6.39798e-13	-0.000124564
6.95433e-13	-0.000125636
7.51067e-13	-0.000126711
8.06702e-13	-0.000127789
8.62336e-13	-0.000128868
9.17971e-13	-0.00012995
9.73606e-13	-0.000131033
1.02924e-12	-0.000132119
1.08487e-12	-0.000133205
1.14051e-12	-0.000134294
1.19614e-12	-0.000135383
1.25178e-12	-0.000136474
1.30741e-12	-0.000137566
1.36305e-12	-0.000138658
1.41868e-12	-0.000139751
1.47432e-12	-0.000140844
1.52995e-12	-0.000141938
1.58559e-12	-0.000143032
1.64122e-12	-0.000144126
1.69686e-12	-0.000145219
1.75249e-12	-0.000146312
1.80812e-12	-0.000147404
1.86376e-12	-0.000148495
1.91939e-12	-0.000149585
1.97503e-12	-0.000150674
2.03066e-12	-0.000151761
2.0863e-12	-0.000152847
2.14193e-12	-0.00015393
2.19757e-12	-0.000155012
2.2532e-12	-0.00015609
2.30884e-12	-0.000157166
2.36447e-12	-0.00015824
2.42011e-12	-0.00015931
2.47574e-12	-0.000160376
2.53137e-12	-0.000161439
2.58701e-12	-0.000162498
2.64264e-12	-0.000163553
2.69828e-12	-0.000164603
2.75391e-12	-0.000165648
2.80955e-12	-0.000166688
2.86518e-12	-0.000167723
2.92082e-12	-0.000168753
2.97645e-12	-0.000169776
3.03209e-12	-0.000170793
3.08772e-12	-0.000171804
3.14336e-12	-0.000172807
3.19899e-12	-0.000173804
3.25462e-12	-0.000174793
3.31026e-12	-0.000175774
3.36589e-12	-0.000176747
3.42153e-12	-0.000177711
3.47716e-12	-0.000178667
3.5328e-12	-0.000179613
3.58843e-12	-0.00018055
3.64407e-12	-0.000181476
3.6997e-12	-0.000182393
3.75534e-12	-0.000183298
3.81097e-12	-0.000184193
3.86661e-12	-0.000185076
3.92224e-12	-0.000185947
3.97787e-12	-0.000186806
4.03351e-12	-0.000187652
4.08914e-12	-0.000188485
4.14478e-12	-0.000189305
4.20041e-12	-0.00019011
4.25605e-12	-0.000190901
4.31168e-12	-0.000191677
4.36732e-12	-0.000192438
4.42295e-12	-0.000193183
4.47859e-12	-0.000193912
4.53422e-12	-0.000194624
4.58986e-12	-0.000195319
4.64549e-12	-0.000195997
4.70112e-12	-0.000196656
4.75676e-12	-0.000197296
4.81239e-12	-0.000197918
4.86803e-12	-0.000198519
4.92366e-12	-0.000199101
4.9793e-12	-0.000199661
5.03493e-12	-0.000200201
5.09057e-12	-0.000200718
5.1462e-12	-0.000201213
5.20184e-12	-0.000201686
5.25747e-12	-0.000202134
5.31311e-12	-0.000202559
5.36874e-12	-0.000202959
5.42437e-12	-0.000203333
5.48001e-12	-0.000203682
5.53564e-12	-0.000204004
5.59128e-12	-0.0002043
5.64691e-12	-0.000204567
5.70255e-12	-0.000204806
5.75818e-12	-0.000205016
5.81382e-12	-0.000205197
5.86945e-12	-0.000205347
5.92509e-12	-0.000205466
5.98072e-12	-0.000205553
6.03636e-12	-0.000205608
6.09199e-12	-0.00020563
6.14762e-12	-0.000205619
6.20326e-12	-0.000205573
6.25889e-12	-0.000205491
6.31453e-12	-0.000205374
6.37016e-12	-0.00020522
6.4258e-12	-0.000205028
6.48143e-12	-0.000204799
6.53707e-12	-0.00020453
6.5927e-12	-0.000204222
6.64834e-12	-0.000203873
6.70397e-12	-0.000203483
6.75961e-12	-0.000203051
6.81524e-12	-0.000202576
6.87087e-12	-0.000202057
6.92651e-12	-0.000201493
6.98214e-12	-0.000200884
7.03778e-12	-0.000200229
7.09341e-12	-0.000199526
7.14905e-12	-0.000198776
7.20468e-12	-0.000197976
7.26032e-12	-0.000197127
7.31595e-12	-0.000196226
7.37159e-12	-0.000195275
7.42722e-12	-0.00019427
7.48286e-12	-0.000193212
7.53849e-12	-0.0001921
7.59412e-12	-0.000190932
7.64976e-12	-0.000189707
7.70539e-12	-0.000188425
7.76103e-12	-0.000187085
7.81666e-12	-0.000185685
7.8723e-12	-0.000184225
7.92793e-12	-0.000182704
7.98357e-12	-0.00018112
8.0392e-12	-0.000179472
8.09484e-12	-0.00017776
8.15047e-12	-0.000175982
8.20611e-12	-0.000174137
8.26174e-12	-0.000172225
8.31737e-12	-0.000170243
8.37301e-12	-0.000168192
8.42864e-12	-0.000166069
8.48428e-12	-0.000163874
8.53991e-12	-0.000161605
8.59555e-12	-0.000159262
8.65118e-12	-0.000156842
8.70682e-12	-0.000154346
8.76245e-12	-0.000151772
8.81809e-12	-0.000149118
8.87372e-12	-0.000146383
8.92936e-12	-0.000143567
8.98499e-12	-0.000140668
9.04062e-12	-0.000137684
9.09626e-12	-0.000134614
9.15189e-12	-0.000131457
9.20753e-12	-0.000128213
9.26316e-12	-0.000124878
9.3188e-12	-0.000121453
9.37443e-12	-0.000117936
9.43007e-12	-0.000114325
9.4857e-12	-0.000110619
9.54134e-12	-0.000106817
9.59697e-12	-0.000102917
9.65261e-12	-9.89184e-05
9.70824e-12	-9.48191e-05
9.76387e-12	-9.06181e-05
9.81951e-12	-8.63137e-05
9.87514e-12	-8.19046e-05
9.93078e-12	-7.73893e-05
9.98641e-12	-7.27664e-05
1.0042e-11	-6.80344e-05
1.00977e-11	-6.31917e-05
1.01533e-11	-5.82369e-05
1.0209e-11	-5.31684e-05
1.02646e-11	-4.79848e-05
1.03202e-11	-4.26845e-05
1.03759e-11	-3.72659e-05
1.04315e-11	-3.17274e-05
1.04871e-11	-2.60675e-05
1.05428e-11	-2.02846e-05
1.05984e-11	-1.43771e-05
1.0654e-11	-8.34338e-06
1.07097e-11	-2.18175e-06
1.07653e-11	4.10939e-06
1.08209e-11	1.05317e-05
1.08766e-11	1.70868e-05
1.09322e-11	2.37765e-05
1.09878e-11	3.06024e-05
1.10435e-11	3.75662e-05
1.10991e-11	4.46697e-05
1.11547e-11	5.19145e-05
1.12104e-11	5.93025e-05
1.1266e-11	6.68354e-05
1.13216e-11	7.45149e-05
1.13773e-11	8.23428e-05
1.14329e-11	9.0321e-05
1.14885e-11	9.84511e-05
1.15442e-11	0.000106735
1.15998e-11	0.000115175
1.16555e-11	0.000123772
1.17111e-11	0.000132529
1.17667e-11	0.000141447
1.18224e-11	0.000150528
1.1878e-11	0.000159774
1.19336e-11	0.000169187
1.19893e-11	0.000178769
1.20449e-11	0.000188522
1.21005e-11	0.000198447
1.21562e-11	0.000208548
1.22118e-11	0.000218824
1.22674e-11	0.00022928
1.23231e-11	0.000239916
1.23787e-11	0.000250735
1.24343e-11	0.000261738
1.249e-11	0.000272928
1.25456e-11	0.000284307
1.26012e-11	0.000295877
1.26569e-11	0.000307639
1.27125e-11	0.000319596
1.27681e-11	0.000331751
1.28238e-11	0.000344104
1.28794e-11	0.000356659
1.2935e-11	0.000369417
1.29907e-11	0.00038238
1.30463e-11	0.000395551
1.3102e-11	0.000408931
1.31576e-11	0.000422524
1.32132e-11	0.00043633
1.32689e-11	0.000450353
1.33245e-11	0.000464594
1.33801e-11	0.000479056
1.34358e-11	0.00049374
1.34914e-11	0.00050865
1.3547e-11	0.000523787
1.36027e-11	0.000539153
1.36583e-11	0.000554751
1.37139e-11	0.000570584
1.37696e-11	0.000586652
1.38252e-11	0.000602959
1.38808e-11	0.000619507
1.39365e-11	0.000636299
1.39921e-11	0.000653335
1.40477e-11	0.00067062
1.41034e-11	0.000688154
1.4159e-11	0.000705941
1.42146e-11	0.000723983
1.42703e-11	0.000742282
1.43259e-11	0.00076084
1.43815e-11	0.00077966
1.44372e-11	0.000798745
1.44928e-11	0.000818096
1.45485e-11	0.000837716
1.46041e-11	0.000857607
1.46597e-11	0.000877772
1.47154e-11	0.000898213
1.4771e-11	0.000918933
1.48266e-11	0.000939933
1.48823e-11	0.000961218
1.49379e-11	0.000982787
1.49935e-11	0.00100465
1.50492e-11	0.00102679
1.51048e-11	0.00104924
1.51604e-11	0.00107197
1.52161e-11	0.00109501
1.52717e-11	0.00111835
1.53273e-11	0.00114198
1.5383e-11	0.00116593
1.54386e-11	0.00119018
1.54942e-11	0.00121474
1.55499e-11	0.00123962
1.56055e-11	0.00126481
1.56611e-11	0.00129032
1.57168e-11	0.00131615
1.57724e-11	0.0013423
1.5828e-11	0.00136878
1.58837e-11	0.00139558
1.59393e-11	0.00142271
1.5995e-11	0.00145018
1.60506e-11	0.00147798
1.61062e-11	0.00150612
1.61619e-11	0.0015346
1.62175e-11	0.00156343
1.62731e-11	0.00159259
1.63288e-11	0.00162211
1.63844e-11	0.00165197
1.644e-11	0.00168219
1.64957e-11	0.00171276
1.65513e-11	0.00174369
1.66069e-11	0.00177498
1.66626e-11	0.00180664
1.67182e-11	0.00183865
1.67738e-11	0.00187104
1.68295e-11	0.00190379
1.68851e-11	0.00193692
1.69407e-11	0.00197042
1.69964e-11	0.0020043
1.7052e-11	0.00203855
1.71076e-11	0.00207319
1.71633e-11	0.00210822
1.72189e-11	0.00214363
1.72745e-11	0.00217943
1.73302e-11	0.00221562
1.73858e-11	0.00225221
1.74415e-11	0.00228919
1.74971e-11	0.00232657
1.75527e-11	0.00236435
1.76084e-11	0.00240253
1.7664e-11	0.00244113
1.77196e-11	0.00248012
1.77753e-11	0.00251953
1.78309e-11	0.00255935
1.78865e-11	0.00259959
1.79422e-11	0.00264025
1.79978e-11	0.00268132
1.80534e-11	0.00272281
1.81091e-11	0.00276473
1.81647e-11	0.00280708
1.82203e-11	0.00284985
1.8276e-11	0.00289306
1.83316e-11	0.00293669
1.83872e-11	0.00298077
1.84429e-11	0.00302528
1.84985e-11	0.00307022
1.85541e-11	0.00311561
1.86098e-11	0.00316145
1.86654e-11	0.00320773
1.8721e-11	0.00325445
1.87767e-11	0.00330163
1.88323e-11	0.00334925
1.8888e-11	0.00339733
1.89436e-11	0.00344587
1.89992e-11	0.00349486
1.90549e-11	0.00354431
1.91105e-11	0.00359423
1.91661e-11	0.0036446
1.92218e-11	0.00369545
1.92774e-11	0.00374675
1.9333e-11	0.00379853
1.93887e-11	0.00385077
1.94443e-11	0.00390349
1.94999e-11	0.00395668
1.95556e-11	0.00401035
1.96112e-11	0.00406449
1.96668e-11	0.00411911
1.97225e-11	0.00417422
1.97781e-11	0.0042298
1.98337e-11	0.00428587
1.98894e-11	0.00434242
1.9945e-11	0.00439945
2.00006e-11	0.00445698
2.00563e-11	0.00451499
2.01119e-11	0.00457349
2.01675e-11	0.00463249
2.02232e-11	0.00469197
2.02788e-11	0.00475195
2.03345e-11	0.00481243
2.03901e-11	0.0048734
2.04457e-11	0.00493487
2.05014e-11	0.00499683
2.0557e-11	0.0050593
2.06126e-11	0.00512227
2.06683e-11	0.00518573
2.07239e-11	0.0052497
2.07795e-11	0.00531417
2.08352e-11	0.00537915
2.08908e-11	0.00544463
2.09464e-11	0.00551061
2.10021e-11	0.0055771
2.10577e-11	0.0056441
2.11133e-11	0.00571161
2.1169e-11	0.00577962
2.12246e-11	0.00584814
2.12802e-11	0.00591716
2.13359e-11	0.0059867
2.13915e-11	0.00605675
2.14471e-11	0.0061273
2.15028e-11	0.00619836
2.15584e-11	0.00626993
2.1614e-11	0.00634202
2.16697e-11	0.00641461
2.17253e-11	0.00648771
2.1781e-11	0.00656132
2.18366e-11	0.00663544
2.18922e-11	0.00671007
2.19479e-11	0.0067852
2.20035e-11	0.00686085
2.20591e-11	0.006937
2.21148e-11	0.00701366
2.21704e-11	0.00709083
2.2226e-11	0.0071685
2.22817e-11	0.00724668
2.23373e-11	0.00732536
2.23929e-11	0.00740455
2.24486e-11	0.00748424
2.25042e-11	0.00756443
2.25598e-11	0.00764513
2.26155e-11	0.00772632
2.26711e-11	0.00780801
2.27267e-11	0.0078902
2.27824e-11	0.00797288
2.2838e-11	0.00805606
2.28936e-11	0.00813974
2.29493e-11	0.0082239
2.30049e-11	0.00830856
2.30605e-11	0.0083937
2.31162e-11	0.00847933
2.31718e-11	0.00856544
2.32275e-11	0.00865204
2.32831e-11	0.00873911
2.33387e-11	0.00882667
2.33944e-11	0.0089147
2.345e-11	0.0090032
2.35056e-11	0.00909218
2.35613e-11	0.00918162
2.36169e-11	0.00927154
2.36725e-11	0.00936191
2.37282e-11	0.00945275
2.37838e-11	0.00954404
2.38394e-11	0.00963579
2.38951e-11	0.00972799
2.39507e-11	0.00982064
2.40063e-11	0.00991373
2.4062e-11	0.0100073
2.41176e-11	0.0101012
2.41732e-11	0.0101957
2.42289e-11	0.0102905
2.42845e-11	0.0103858
2.43401e-11	0.0104815
2.43958e-11	0.0105776
2.44514e-11	0.0106741
2.4507e-11	0.010771
2.45627e-11	0.0108684
2.46183e-11	0.0109661
2.4674e-11	0.0110643
2.47296e-11	0.0111628
2.47852e-11	0.0112618
2.48409e-11	0.0113611
2.48965e-11	0.0114608
2.49521e-11	0.0115609
2.50078e-11	0.0116613
2.50634e-11	0.0117621
2.5119e-11	0.0118633
2.51747e-11	0.0119648
2.52303e-11	0.0120667
2.52859e-11	0.0121689
2.53416e-11	0.0122714
2.53972e-11	0.0123743
2.54528e-11	0.0124775
2.55085e-11	0.012581
2.55641e-11	0.0126848
2.56197e-11	0.012789
2.56754e-11	0.0128934
2.5731e-11	0.0129981
2.57866e-11	0.0131031
2.58423e-11	0.0132084
2.58979e-11	0.013314
2.59535e-11	0.0134198
2.60092e-11	0.0135258
2.60648e-11	0.0136322
2.61205e-11	0.0137387
2.61761e-11	0.0138455
2.62317e-11	0.0139525
2.62874e-11	0.0140598
2.6343e-11	0.0141672
2.63986e-11	0.0142749
2.64543e-11	0.0143827
2.65099e-11	0.0144907
2.65655e-11	0.0145989
2.66212e-11	0.0147073
2.66768e-11	0.0148158
2.67324e-11	0.0149244
2.67881e-11	0.0150332
2.68437e-11	0.0151422
2.68993e-11	0.0152512
2.6955e-11	0.0153604
2.70106e-11	0.0154696
2.70662e-11	0.015579
2.71219e-11	0.0156884
2.71775e-11	0.0157979
2.72331e-11	0.0159074
2.72888e-11	0.016017
2.73444e-11	0.0161266
2.74e-11	0.0162363
2.74557e-11	0.016346
2.75113e-11	0.0164556
2.75669e-11	0.0165653
2.76226e-11	0.0166749
2.76782e-11	0.0167846
2.77339e-11	0.0168941
2.77895e-11	0.0170036
2.78451e-11	0.0171131
2.79008e-11	0.0172224
2.79564e-11	0.0173317
2.8012e-11	0.0174409
2.80677e-11	0.0175499
2.81233e-11	0.0176588
2.81789e-11	0.0177676
2.82346e-11	0.0178762
2.82902e-11	0.0179846
2.83458e-11	0.0180928
2.84015e-11	0.0182009
2.84571e-11	0.0183087
2.85127e-11	0.0184163
2.85684e-11	0.0185237
2.8624e-11	0.0186308
2.86796e-11	0.0187376
2.87353e-11	0.0188441
2.87909e-11	0.0189503
2.88465e-11	0.0190563
2.89022e-11	0.0191618
2.89578e-11	0.0192671
2.90134e-11	0.0193719
2.90691e-11	0.0194764
2.91247e-11	0.0195805
2.91804e-11	0.0196842
2.9236e-11	0.0197874
2.92916e-11	0.0198902
2.93473e-11	0.0199926
2.94029e-11	0.0200944
2.94585e-11	0.0201958
2.95142e-11	0.0202966
2.95698e-11	0.0203969
2.96254e-11	0.0204967
2.96811e-11	0.0205959
2.97367e-11	0.0206945
2.97923e-11	0.0207925
2.9848e-11	0.0208899
2.99036e-11	0.0209866
2.99592e-11	0.0210827
3.00149e-11	0.021178
3.00705e-11	0.0212727
3.01261e-11	0.0213667
3.01818e-11	0.0214599
3.02374e-11	0.0215524
3.0293e-11	0.0216441
3.03487e-11	0.021735
3.04043e-11	0.0218251
3.04599e-11	0.0219143
3.05156e-11	0.0220027
3.05712e-11	0.0220902
3.06269e-11	0.0221768
3.06825e-11	0.0222625
3.07381e-11	0.0223472
3.07938e-11	0.022431
3.08494e-11	0.0225137
3.0905e-11	0.0225955
3.09607e-11	0.0226762
3.10163e-11	0.0227559
3.10719e-11	0.0228345
3.11276e-11	0.022912
3.11832e-11	0.0229884
3.12388e-11	0.0230636
3.12945e-11	0.0231377
3.13501e-11	0.0232106
3.14057e-11	0.0232822
3.14614e-11	0.0233526
3.1517e-11	0.0234218
3.15726e-11	0.0234897
3.16283e-11	0.0235562
3.16839e-11	0.0236214
3.17395e-11	0.0236853
3.17952e-11	0.0237478
3.18508e-11	0.0238088
3.19064e-11	0.0238684
3.19621e-11	0.0239266
3.20177e-11	0.0239833
3.20734e-11	0.0240384
3.2129e-11	0.024092
3.21846e-11	0.0241441
3.22403e-11	0.0241946
3.22959e-11	0.0242434
3.23515e-11	0.0242906
3.24072e-11	0.0243361
3.24628e-11	0.02438
3.25184e-11	0.0244221
3.25741e-11	0.0244624
3.26297e-11	0.024501
3.26853e-11	0.0245377
3.2741e-11	0.0245727
3.27966e-11	0.0246057
3.28522e-11	0.0246369
3.29079e-11	0.0246662
3.29635e-11	0.0246935
3.30191e-11	0.0247188
3.30748e-11	0.0247421
3.31304e-11	0.0247634
3.3186e-11	0.0247826
3.32417e-11	0.0247997
3.32973e-11	0.0248147
3.33529e-11	0.0248275
3.34086e-11	0.0248382
3.34642e-11	0.0248467
3.35199e-11	0.0248529
3.35755e-11	0.0248568
3.36311e-11	0.0248584
3.36868e-11	0.0248577
3.37424e-11	0.0248546
3.3798e-11	0.0248492
3.38537e-11	0.0248413
3.39093e-11	0.0248309
3.39649e-11	0.0248181
3.40206e-11	0.0248027
3.40762e-11	0.0247848
3.41318e-11	0.0247643
3.41875e-11	0.0247412
3.42431e-11	0.0247155
3.42987e-11	0.024687
3.43544e-11	0.0246559
3.441e-11	0.024622
3.44656e-11	0.0245853
3.45213e-11	0.0245459
3.45769e-11	0.0245035
3.46325e-11	0.0244584
3.46882e-11	0.0244103
3.47438e-11	0.0243592
3.47994e-11	0.0243052
3.48551e-11	0.0242482
3.49107e-11	0.0241881
3.49664e-11	0.024125
3.5022e-11	0.0240588
3.50776e-11	0.0239894
3.51333e-11	0.0239168
3.51889e-11	0.0238411
3.52445e-11	0.0237621
3.53002e-11	0.0236798
3.53558e-11	0.0235942
3.54114e-11	0.0235053
3.54671e-11	0.023413
3.55227e-11	0.0233172
3.55783e-11	0.0232181
3.5634e-11	0.0231154
3.56896e-11	0.0230092
3.57452e-11	0.0228995
3.58009e-11	0.0227862
3.58565e-11	0.0226692
3.59121e-11	0.0225487
3.59678e-11	0.0224244
3.60234e-11	0.0222964
3.6079e-11	0.0221646
3.61347e-11	0.022029
3.61903e-11	0.0218896
3.62459e-11	0.0217463
3.63016e-11	0.0215992
3.63572e-11	0.021448
3.64129e-11	0.021293
3.64685e-11	0.0211339
3.65241e-11	0.0209707
3.65798e-11	0.0208035
3.66354e-11	0.0206322
3.6691e-11	0.0204567
3.67467e-11	0.020277
3.68023e-11	0.0200931
3.68579e-11	0.019905
3.69136e-11	0.0197125
3.69692e-11	0.0195157
3.70248e-11	0.0193146
3.70805e-11	0.019109
3.71361e-11	0.0188991
3.71917e-11	0.0186846
3.72474e-11	0.0184657
3.7303e-11	0.0182422
3.73586e-11	0.0180141
3.74143e-11	0.0177814
3.74699e-11	0.017544
3.75255e-11	0.017302
3.75812e-11	0.0170553
3.76368e-11	0.0168038
3.76924e-11	0.0165475
3.77481e-11	0.0162863
3.78037e-11	0.0160204
3.78594e-11	0.0157495
3.7915e-11	0.0154737
3.79706e-11	0.0151929
3.80263e-11	0.0149071
3.80819e-11	0.0146163
3.81375e-11	0.0143204
3.81932e-11	0.0140194
3.82488e-11	0.0137132
3.83044e-11	0.0134019
3.83601e-11	0.0130854
3.84157e-11	0.0127636
3.84713e-11	0.0124366
3.8527e-11	0.0121042
3.85826e-11	0.0117665
3.86382e-11	0.0114234
3.86939e-11	0.0110748
3.87495e-11	0.0107209
3.88051e-11	0.0103614
3.88608e-11	0.00999645
3.89164e-11	0.00962593
3.8972e-11	0.00924982
3.90277e-11	0.0088681
3.90833e-11	0.00848072
3.91389e-11	0.00808767
3.91946e-11	0.00768889
3.92502e-11	0.00728437
3.93059e-11	0.00687406
3.93615e-11	0.00645795
3.94171e-11	0.00603599
3.94728e-11	0.00560815
3.95284e-11	0.0051744
3.9584e-11	0.00473471
3.96397e-11	0.00428905
3.96953e-11	0.00383739
3.97509e-11	0.00337969
3.98066e-11	0.00291593
3.98622e-11	0.00244608
3.99178e-11	0.0019701
3.99735e-11	0.00148797
4.00291e-11	0.000999653
4.00847e-11	0.000505123
4.01404e-11	4.34917e-06
4.0196e-11	-0.000502696
4.02516e-11	-0.00101604
4.03073e-11	-0.00153572
4.03629e-11	-0.00206175
4.04185e-11	-0.00259417
4.04742e-11	-0.003133
4.05298e-11	-0.00367828
4.05854e-11	-0.00423002
4.06411e-11	-0.00478825
4.06967e-11	-0.00535301
4.07524e-11	-0.00592431
4.0808e-11	-0.00650219
4.08636e-11	-0.00708666
4.09193e-11	-0.00767777
4.09749e-11	-0.00827551
4.10305e-11	-0.00887994
4.10862e-11	-0.00949106
4.11418e-11	-0.0101089
4.11974e-11	-0.0107335
4.12531e-11	-0.0113649
4.13087e-11	-0.012003
4.13643e-11	-0.012648
4.142e-11	-0.0132998
4.14756e-11	-0.0139584
4.15312e-11	-0.014624
4.15869e-11	-0.0152964
4.16425e-11	-0.0159758
4.16981e-11	-0.0166621
4.17538e-11	-0.0173554
4.18094e-11	-0.0180556
4.1865e-11	-0.0187629
4.19207e-11	-0.0194772
4.19763e-11	-0.0201985
4.20319e-11	-0.0209268
4.20876e-11	-0.0216623
4.21432e-11	-0.0224048
4.21989e-11	-0.0231545
4.22545e-11	-0.0239112
4.23101e-11	-0.0246751
4.23658e-11	-0.0254462
4.24214e-11	-0.0262244
4.2477e-11	-0.0270098
4.25327e-11	-0.0278024
4.25883e-11	-0.0286022
4.26439e-11	-0.0294092
4.26996e-11	-0.0302235
4.27552e-11	-0.031045
4.28108e-11	-0.0318738
4.28665e-11	-0.0327098
4.29221e-11	-0.0335531
4.29777e-11	-0.0344037
4.30334e-11	-0.0352616
4.3089e-11	-0.0361268
4.31446e-11	-0.0369993
4.32003e-11	-0.0378792
4.32559e-11	-0.0387663
4.33115e-11	-0.0396608
4.33672e-11	-0.0405627
4.34228e-11	-0.0414719
4.34784e-11	-0.0423884
4.35341e-11	-0.0433123
4.35897e-11	-0.0442435
4.36454e-11	-0.0451821
4.3701e-11	-0.0461281
4.37566e-11	-0.0470814
4.38123e-11	-0.0480422
4.38679e-11	-0.0490102
4.39235e-11	-0.0499857
4.39792e-11	-0.0509685
4.40348e-11	-0.0519586
4.40904e-11	-0.0529562
4.41461e-11	-0.053961
4.42017e-11	-0.0549733
4.42573e-11	-0.0559929
4.4313e-11	-0.0570198
4.43686e-11	-0.0580541
4.44242e-11	-0.0590958
4.44799e-11	-0.0601447
4.45355e-11	-0.061201
4.45911e-11	-0.0622646
4.46468e-11	-0.0633355
4.47024e-11	-0.0644137
4.4758e-11	-0.0654992
4.48137e-11	-0.0665919
4.48693e-11	-0.067692
4.49249e-11	-0.0687992
4.49806e-11	-0.0699138
4.50362e-11	-0.0710355
4.50919e-11	-0.0721645
4.51475e-11	-0.0733006
4.52031e-11	-0.0744439
4.52588e-11	-0.0755944
4.53144e-11	-0.0767521
4.537e-11	-0.0779168
4.54257e-11	-0.0790887
4.54813e-11	-0.0802677
4.55369e-11	-0.0814537
4.55926e-11	-0.0826468
4.56482e-11	-0.083847
4.57038e-11	-0.0850541
4.57595e-11	-0.0862682
4.58151e-11	-0.0874892
4.58707e-11	-0.0887172
4.59264e-11	-0.0899521
4.5982e-11	-0.0911939
4.60376e-11	-0.0924425
4.60933e-11	-0.093698
4.61489e-11	-0.0949602
4.62045e-11	-0.0962292
4.62602e-11	-0.097505
4.63158e-11	-0.0987874
4.63714e-11	-0.100077
4.64271e-11	-0.101372
4.64827e-11	-0.102675
4.65384e-11	-0.103984
4.6594e-11	-0.105299
4.66496e-11	-0.106621
4.67053e-11	-0.107949
4.67609e-11	-0.109284
4.68165e-11	-0.110625
4.68722e-11	-0.111973
4.69278e-11	-0.113327
4.69834e-11	-0.114687
4.70391e-11	-0.116053
4.70947e-11	-0.117426
4.71503e-11	-0.118804
4.7206e-11	-0.120189
4.72616e-11	-0.12158
4.73172e-11	-0.122976
4.73729e-11	-0.124379
4.74285e-11	-0.125788
4.74841e-11	-0.127202
4.75398e-11	-0.128622
4.75954e-11	-0.130048
4.7651e-11	-0.13148
4.77067e-11	-0.132917
4.77623e-11	-0.13436
4.78179e-11	-0.135808
4.78736e-11	-0.137262
4.79292e-11	-0.138721
4.79849e-11	-0.140186
4.80405e-11	-0.141656
4.80961e-11	-0.143131
4.81518e-11	-0.144611
4.82074e-11	-0.146096
4.8263e-11	-0.147587
4.83187e-11	-0.149082
4.83743e-11	-0.150583
4.84299e-11	-0.152088
4.84856e-11	-0.153598
4.85412e-11	-0.155112
4.85968e-11	-0.156632
4.86525e-11	-0.158156
4.87081e-11	-0.159684
4.87637e-11	-0.161217
4.88194e-11	-0.162754
4.8875e-11	-0.164296
4.89306e-11	-0.165842
4.89863e-11	-0.167392
4.90419e-11	-0.168946
4.90975e-11	-0.170504
4.91532e-11	-0.172066
4.92088e-11	-0.173631
4.92644e-11	-0.175201
4.93201e-11	-0.176774
4.93757e-11	-0.178351
4.94314e-11	-0.179931
4.9487e-11	-0.181515
4.95426e-11	-0.183102
4.95983e-11	-0.184693
4.96539e-11	-0.186286
4.97095e-11	-0.187883
4.97652e-11	-0.189483
4.98208e-11	-0.191085
4.98764e-11	-0.192691
4.99321e-11	-0.194299
4.99877e-11	-0.19591
5.00433e-11	-0.197523
5.0099e-11	-0.199139
5.01546e-11	-0.200757
5.02102e-11	-0.202378
5.02659e-11	-0.204
5.03215e-11	-0.205625
5.03771e-11	-0.207252
5.04328e-11	-0.20888
5.04884e-11	-0.21051
5.0544e-11	-0.212142
5.05997e-11	-0.213776
5.06553e-11	-0.215411
5.07109e-11	-0.217048
5.07666e-11	-0.218685
5.08222e-11	-0.220324
5.08779e-11	-0.221964
5.09335e-11	-0.223605
5.09891e-11	-0.225247
5.10448e-11	-0.226889
5.11004e-11	-0.228532
5.1156e-11	-0.230176
5.12117e-11	-0.23182
5.12673e-11	-0.233464
5.13229e-11	-0.235108
5.13786e-11	-0.236753
5.14342e-11	-0.238397
5.14898e-11	-0.240041
5.15455e-11	-0.241685
5.16011e-11	-0.243329
5.16567e-11	-0.244972
5.17124e-11	-0.246614
5.1768e-11	-0.248256
5.18236e-11	-0.249896
5.18793e-11	-0.251536
5.19349e-11	-0.253175
5.19905e-11	-0.254812
5.20462e-11	-0.256448
5.21018e-11	-0.258082
5.21574e-11	-0.259715
5.22131e-11	-0.261346
5.22687e-11	-0.262975
5.23244e-11	-0.264603
5.238e-11	-0.266228
5.24356e-11	-0.26785
5.24913e-11	-0.269471
5.25469e-11	-0.271089
5.26025e-11	-0.272704
5.26582e-11	-0.274316
5.27138e-11	-0.275925
5.27694e-11	-0.277532
5.28251e-11	-0.279135
5.28807e-11	-0.280735
5.29363e-11	-0.282331
5.2992e-11	-0.283924
5.30476e-11	-0.285513
5.31032e-11	-0.287098
5.31589e-11	-0.288679
5.32145e-11	-0.290256
5.32701e-11	-0.291829
5.33258e-11	-0.293397
5.33814e-11	-0.294961
5.3437e-11	-0.296519
5.34927e-11	-0.298073
5.35483e-11	-0.299622
5.36039e-11	-0.301166
5.36596e-11	-0.302705
5.37152e-11	-0.304238
5.37709e-11	-0.305765
5.38265e-11	-0.307287
5.38821e-11	-0.308803
5.39378e-11	-0.310313
5.39934e-11	-0.311817
5.4049e-11	-0.313314
5.41047e-11	-0.314805
5.41603e-11	-0.316289
5.42159e-11	-0.317767
5.42716e-11	-0.319237
5.43272e-11	-0.320701
5.43828e-11	-0.322157
5.44385e-11	-0.323606
5.44941e-11	-0.325047
5.45497e-11	-0.326481
5.46054e-11	-0.327906
5.4661e-11	-0.329324
5.47166e-11	-0.330734
5.47723e-11	-0.332135
5.48279e-11	-0.333528
5.48835e-11	-0.334912
5.49392e-11	-0.336288
5.49948e-11	-0.337654
5.50504e-11	-0.339012
5.51061e-11	-0.34036
5.51617e-11	-0.341699
5.52174e-11	-0.343028
5.5273e-11	-0.344347
5.53286e-11	-0.345657
5.53843e-11	-0.346957
5.54399e-11	-0.348246
5.54955e-11	-0.349525
5.55512e-11	-0.350794
5.56068e-11	-0.352052
5.56624e-11	-0.353299
5.57181e-11	-0.354535
5.57737e-11	-0.35576
5.58293e-11	-0.356974
5.5885e-11	-0.358176
5.59406e-11	-0.359367
5.59962e-11	-0.360546
5.60519e-11	-0.361713
5.61075e-11	-0.362868
5.61631e-11	-0.36401
5.62188e-11	-0.36514
5.62744e-11	-0.366258
5.633e-11	-0.367363
5.63857e-11	-0.368455
5.64413e-11	-0.369534
5.64969e-11	-0.370599
5.65526e-11	-0.371652
5.66082e-11	-0.37269
5.66639e-11	-0.373715
5.67195e-11	-0.374726
5.67751e-11	-0.375723
5.68308e-11	-0.376706
5.68864e-11	-0.377675
5.6942e-11	-0.378629
5.69977e-11	-0.379568
5.70533e-11	-0.380493
5.71089e-11	-0.381403
5.71646e-11	-0.382297
5.72202e-11	-0.383176
5.72758e-11	-0.38404
5.73315e-11	-0.384888
5.73871e-11	-0.38572
5.74427e-11	-0.386536
5.74984e-11	-0.387337
5.7554e-11	-0.388121
5.76096e-11	-0.388888
5.76653e-11	-0.389639
5.77209e-11	-0.390373
5.77765e-11	-0.391091
5.78322e-11	-0.391791
5.78878e-11	-0.392474
5.79434e-11	-0.39314
5.79991e-11	-0.393788
5.80547e-11	-0.394419
5.81104e-11	-0.395032
5.8166e-11	-0.395626
5.82216e-11	-0.396203
5.82773e-11	-0.396762
5.83329e-11	-0.397302
5.83885e-11	-0.397823
5.84442e-11	-0.398326
5.84998e-11	-0.398809
5.85554e-11	-0.399274
5.86111e-11	-0.39972
5.86667e-11	-0.400146
5.87223e-11	-0.400553
5.8778e-11	-0.40094
5.88336e-11	-0.401307
5.88892e-11	-0.401655
5.89449e-11	-0.401982
5.90005e-11	-0.402289
5.90561e-11	-0.402576
5.91118e-11	-0.402843
5.91674e-11	-0.403088
5.9223e-11	-0.403313
5.92787e-11	-0.403517
5.93343e-11	-0.4037
5.93899e-11	-0.403862
5.94456e-11	-0.404002
5.95012e-11	-0.404121
5.95569e-11	-0.404218
5.96125e-11	-0.404294
5.96681e-11	-0.404348
5.97238e-11	-0.404379
5.97794e-11	-0.404389
5.9835e-11	-0.404376
5.98907e-11	-0.404341
5.99463e-11	-0.404283
6.00019e-11	-0.404203
6.00576e-11	-0.404099
6.01132e-11	-0.403973
6.01688e-11	-0.403824
6.02245e-11	-0.403651
6.02801e-11	-0.403456
6.03357e-11	-0.403237
6.03914e-11	-0.402994
6.0447e-11	-0.402727
6.05026e-11	-0.402437
6.05583e-11	-0.402123
6.06139e-11	-0.401785
6.06695e-11	-0.401423
6.07252e-11	-0.401036
6.07808e-11	-0.400625
6.08364e-11	-0.40019
6.08921e-11	-0.39973
6.09477e-11	-0.399245
6.10034e-11	-0.398735
6.1059e-11	-0.398201
6.11146e-11	-0.397641
6.11703e-11	-0.397057
6.12259e-11	-0.396447
6.12815e-11	-0.395812
6.13372e-11	-0.395151
6.13928e-11	-0.394465
6.14484e-11	-0.393753
6.15041e-11	-0.393016
6.15597e-11	-0.392252
6.16153e-11	-0.391463
6.1671e-11	-0.390647
6.17266e-11	-0.389806
6.17822e-11	-0.388938
6.18379e-11	-0.388044
6.18935e-11	-0.387124
6.19491e-11	-0.386177
6.20048e-11	-0.385204
6.20604e-11	-0.384204
6.2116e-11	-0.383178
6.21717e-11	-0.382124
6.22273e-11	-0.381044
6.22829e-11	-0.379937
6.23386e-11	-0.378803
6.23942e-11	-0.377642
6.24499e-11	-0.376453
6.25055e-11	-0.375238
6.25611e-11	-0.373995
6.26168e-11	-0.372725
6.26724e-11	-0.371427
6.2728e-11	-0.370102
6.27837e-11	-0.36875
6.28393e-11	-0.36737
6.28949e-11	-0.365962
6.29506e-11	-0.364527
6.30062e-11	-0.363064
6.30618e-11	-0.361573
6.31175e-11	-0.360054
6.31731e-11	-0.358507
6.32287e-11	-0.356933
6.32844e-11	-0.35533
6.334e-11	-0.3537
6.33956e-11	-0.352041
6.34513e-11	-0.350354
6.35069e-11	-0.348639
6.35625e-11	-0.346896
6.36182e-11	-0.345125
6.36738e-11	-0.343326
6.37294e-11	-0.341498
6.37851e-11	-0.339642
6.38407e-11	-0.337758
6.38964e-11	-0.335846
6.3952e-11	-0.333905
6.40076e-11	-0.331936
6.40633e-11	-0.329938
6.41189e-11	-0.327912
6.41745e-11	-0.325858
6.42302e-11	-0.323775
6.42858e-11	-0.321664
6.43414e-11	-0.319524
6.43971e-11	-0.317356
6.44527e-11	-0.31516
6.45083e-11	-0.312935
6.4564e-11	-0.310682
6.46196e-11	-0.3084
6.46752e-11	-0.30609
6.47309e-11	-0.303752
6.47865e-11	-0.301385
6.48421e-11	-0.29899
6.48978e-11	-0.296567
6.49534e-11	-0.294115
6.5009e-11	-0.291635
6.50647e-11	-0.289126
6.51203e-11	-0.28659
6.51759e-11	-0.284025
6.52316e-11	-0.281432
6.52872e-11	-0.27881
6.53429e-11	-0.276161
6.53985e-11	-0.273484
6.54541e-11	-0.270778
6.55098e-11	-0.268044
6.55654e-11	-0.265283
6.5621e-11	-0.262493
6.56767e-11	-0.259676
6.57323e-11	-0.256831
6.57879e-11	-0.253958
6.58436e-11	-0.251057
6.58992e-11	-0.248129
6.59548e-11	-0.245173
6.60105e-11	-0.242189
6.60661e-11	-0.239178
6.61217e-11	-0.23614
6.61774e-11	-0.233074
6.6233e-11	-0.229981
6.62886e-11	-0.226861
6.63443e-11	-0.223713
6.63999e-11	-0.220539
6.64555e-11	-0.217338
6.65112e-11	-0.214109
6.65668e-11	-0.210854
6.66224e-11	-0.207572
6.66781e-11	-0.204264
6.67337e-11	-0.200929
6.67894e-11	-0.197567
6.6845e-11	-0.194179
6.69006e-11	-0.190765
6.69563e-11	-0.187325
6.70119e-11	-0.183858
6.70675e-11	-0.180366
6.71232e-11	-0.176848
6.71788e-11	-0.173304
6.72344e-11	-0.169734
6.72901e-11	-0.166139
6.73457e-11	-0.162519
6.74013e-11	-0.158873
6.7457e-11	-0.155202
6.75126e-11	-0.151506
6.75682e-11	-0.147786
6.76239e-11	-0.14404
6.76795e-11	-0.14027
6.77351e-11	-0.136475
6.77908e-11	-0.132656
6.78464e-11	-0.128813
6.7902e-11	-0.124945
6.79577e-11	-0.121054
6.80133e-11	-0.117139
6.80689e-11	-0.1132
6.81246e-11	-0.109237
6.81802e-11	-0.105252
6.82359e-11	-0.101243
6.82915e-11	-0.0972106
6.83471e-11	-0.0931557
6.84028e-11	-0.089078
6.84584e-11	-0.0849777
6.8514e-11	-0.0808551
6.85697e-11	-0.0767101
6.86253e-11	-0.0725431
6.86809e-11	-0.0683542
6.87366e-11	-0.0641435
6.87922e-11	-0.0599113
6.88478e-11	-0.0556577
6.89035e-11	-0.0513829
6.89591e-11	-0.0470871
6.90147e-11	-0.0427704
6.90704e-11	-0.0384331
6.9126e-11	-0.0340753
6.91816e-11	-0.0296972
6.92373e-11	-0.0252991
6.92929e-11	-0.0208811
6.93485e-11	-0.0164433
6.94042e-11	-0.0119861
6.94598e-11	-0.00750965
6.95154e-11	-0.00301408
6.95711e-11	0.00150038
6.96267e-11	0.00603351
6.96824e-11	0.0105851
6.9738e-11	0.0151549
6.97936e-11	0.0197428
6.98493e-11	0.0243485
6.99049e-11	0.0289719
6.99605e-11	0.0336126
7.00162e-11	0.0382704
7.00718e-11	0.0429452
7.01274e-11	0.0476368
7.01831e-11	0.0523448
7.02387e-11	0.0570691
7.02943e-11	0.0618094
7.035e-11	0.0665655
7.04056e-11	0.0713372
7.04612e-11	0.0761242
7.05169e-11	0.0809262
7.05725e-11	0.0857432
7.06281e-11	0.0905747
7.06838e-11	0.0954206
7.07394e-11	0.100281
7.0795e-11	0.105155
7.08507e-11	0.110042
7.09063e-11	0.114943
7.09619e-11	0.119857
7.10176e-11	0.124784
7.10732e-11	0.129723
7.11289e-11	0.134675
7.11845e-11	0.139639
7.12401e-11	0.144615
7.12958e-11	0.149602
7.13514e-11	0.154601
7.1407e-11	0.15961
7.14627e-11	0.164631
7.15183e-11	0.169661
7.15739e-11	0.174703
7.16296e-11	0.179754
7.16852e-11	0.184814
7.17408e-11	0.189885
7.17965e-11	0.194964
7.18521e-11	0.200052
7.19077e-11	0.205149
7.19634e-11	0.210254
7.2019e-11	0.215367
7.20746e-11	0.220488
7.21303e-11	0.225616
7.21859e-11	0.230751
7.22415e-11	0.235894
7.22972e-11	0.241042
7.23528e-11	0.246198
7.24084e-11	0.251359
7.24641e-11	0.256526
7.25197e-11	0.261698
7.25754e-11	0.266875
7.2631e-11	0.272058
7.26866e-11	0.277244
7.27423e-11	0.282435
7.27979e-11	0.28763
7.28535e-11	0.292829
7.29092e-11	0.298031
7.29648e-11	0.303236
7.30204e-11	0.308443
7.30761e-11	0.313653
7.31317e-11	0.318866
7.31873e-11	0.32408
7.3243e-11	0.329295
7.32986e-11	0.334512
7.33542e-11	0.33973
7.34099e-11	0.344948
7.34655e-11	0.350166
7.35211e-11	0.355385
7.35768e-11	0.360603
7.36324e-11	0.36582
7.3688e-11	0.371037
7.37437e-11	0.376252
7.37993e-11	0.381466
7.38549e-11	0.386677
7.39106e-11	0.391887
7.39662e-11	0.397094
7.40219e-11	0.402298
7.40775e-11	0.407499
7.41331e-11	0.412696
7.41888e-11	0.41789
7.42444e-11	0.423079
7.43e-11	0.428264
7.43557e-11	0.433444
7.44113e-11	0.438619
7.44669e-11	0.443789
7.45226e-11	0.448953
7.45782e-11	0.454111
7.46338e-11	0.459262
7.46895e-11	0.464407
7.47451e-11	0.469545
7.48007e-11	0.474676
7.48564e-11	0.479799
7.4912e-11	0.484913
7.49676e-11	0.49002
7.50233e-11	0.495118
7.50789e-11	0.500207
7.51345e-11	0.505287
7.51902e-11	0.510357
7.52458e-11	0.515417
7.53014e-11	0.520468
7.53571e-11	0.525507
7.54127e-11	0.530536
7.54684e-11	0.535553
7.5524e-11	0.540559
7.55796e-11	0.545553
7.56353e-11	0.550535
7.56909e-11	0.555505
7.57465e-11	0.560461
7.58022e-11	0.565405
7.58578e-11	0.570335
7.59134e-11	0.575252
7.59691e-11	0.580154
7.60247e-11	0.585042
7.60803e-11	0.589915
7.6136e-11	0.594773
7.61916e-11	0.599616
7.62472e-11	0.604444
7.63029e-11	0.609255
7.63585e-11	0.61405
7.64141e-11	0.618828
7.64698e-11	0.62359
7.65254e-11	0.628334
7.6581e-11	0.633061
7.66367e-11	0.63777
7.66923e-11	0.64246
7.67479e-11	0.647133
7.68036e-11	0.651786
7.68592e-11	0.65642
7.69149e-11	0.661035
7.69705e-11	0.665631
7.70261e-11	0.670206
7.70818e-11	0.674761
7.71374e-11	0.679295
7.7193e-11	0.683809
7.72487e-11	0.688301
7.73043e-11	0.692772
7.73599e-11	0.697221
7.74156e-11	0.701647
7.74712e-11	0.706052
7.75268e-11	0.710433
7.75825e-11	0.714792
7.76381e-11	0.719127
7.76937e-11	0.723439
7.77494e-11	0.727727
7.7805e-11	0.731991
7.78606e-11	0.73623
7.79163e-11	0.740445
7.79719e-11	0.744634
7.80275e-11	0.748798
7.80832e-11	0.752937
7.81388e-11	0.757049
7.81944e-11	0.761136
7.82501e-11	0.765196
7.83057e-11	0.769229
7.83614e-11	0.773236
7.8417e-11	0.777215
7.84726e-11	0.781166
7.85283e-11	0.78509
7.85839e-11	0.788986
7.86395e-11	0.792853
7.86952e-11	0.796692
7.87508e-11	0.800502
7.88064e-11	0.804282
7.88621e-11	0.808034
7.89177e-11	0.811755
7.89733e-11	0.815447
7.9029e-11	0.819109
7.90846e-11	0.82274
7.91402e-11	0.82634
7.91959e-11	0.82991
7.92515e-11	0.833448
7.93071e-11	0.836955
7.93628e-11	0.84043
7.94184e-11	0.843874
7.9474e-11	0.847285
7.95297e-11	0.850664
7.95853e-11	0.85401
7.96409e-11	0.857324
7.96966e-11	0.860604
7.97522e-11	0.863851
7.98078e-11	0.867065
7.98635e-11	0.870245
7.99191e-11	0.87339
7.99748e-11	0.876502
8.00304e-11	0.879579
8.0086e-11	0.882622
8.01417e-11	0.88563
8.01973e-11	0.888602
8.02529e-11	0.89154
8.03086e-11	0.894442
8.03642e-11	0.897308
8.04198e-11	0.900139
8.04755e-11	0.902933
8.05311e-11	0.905691
8.05867e-11	0.908413
8.06424e-11	0.911098
8.0698e-11	0.913746
8.07536e-11	0.916357
8.08093e-11	0.918931
8.08649e-11	0.921467
8.09205e-11	0.923966
8.09762e-11	0.926428
8.10318e-11	0.928851
8.10874e-11	0.931236
8.11431e-11	0.933583
8.11987e-11	0.935892
8.12543e-11	0.938161
8.131e-11	0.940393
8.13656e-11	0.942585
8.14213e-11	0.944738
8.14769e-11	0.946852
8.15325e-11	0.948927
8.15882e-11	0.950962
8.16438e-11	0.952957
8.16994e-11	0.954913
8.17551e-11	0.956828
8.18107e-11	0.958704
8.18663e-11	0.960539
8.1922e-11	0.962334
8.19776e-11	0.964089
8.20332e-11	0.965803
8.20889e-11	0.967476
8.21445e-11	0.969108
8.22001e-11	0.9707
8.22558e-11	0.97225
8.23114e-11	0.973759
8.2367e-11	0.975227
8.24227e-11	0.976654
8.24783e-11	0.978039
8.25339e-11	0.979382
8.25896e-11	0.980684
8.26452e-11	0.981944
8.27008e-11	0.983162
8.27565e-11	0.984338
8.28121e-11	0.985473
8.28678e-11	0.986565
8.29234e-11	0.987614
8.2979e-11	0.988622
8.30347e-11	0.989587
8.30903e-11	0.99051
8.31459e-11	0.99139
8.32016e-11	0.992228
8.32572e-11	0.993023
8.33128e-11	0.993775
8.33685e-11	0.994485
8.34241e-11	0.995152
8.34797e-11	0.995776
8.35354e-11	0.996358
8.3591e-11	0.996896
8.36466e-11	0.997392
8.37023e-11	0.997844
8.37579e-11	0.998254
8.38135e-11	0.99862
8.38692e-11	0.998944
8.39248e-11	0.999224
8.39804e-11	0.999461
8.40361e-11	0.999655
8.40917e-11	0.999806
8.41473e-11	0.999914
8.4203e-11	0.999978
8.42586e-11	1
8.43143e-11	0.999978
8.43699e-11	0.999914
8.44255e-11	0.999806
8.44812e-11	0.999654
8.45368e-11	0.99946
8.45924e-11	0.999223
8.46481e-11	0.998942
8.47037e-11	0.998619
8.47593e-11	0.998252
8.4815e-11	0.997842
8.48706e-11	0.99739
8.49262e-11	0.996894
8.49819e-11	0.996355
8.50375e-11	0.995774
8.50931e-11	0.995149
8.51488e-11	0.994482
8.52044e-11	0.993772
8.526e-11	0.99302
8.53157e-11	0.992224
8.53713e-11	0.991386
8.54269e-11	0.990506
8.54826e-11	0.989583
8.55382e-11	0.988618
8.55938e-11	0.98761
8.56495e-11	0.98656
8.57051e-11	0.985468
8.57608e-11	0.984333
8.58164e-11	0.983157
8.5872e-11	0.981939
8.59277e-11	0.980679
8.59833e-11	0.979377
8.60389e-11	0.978033
8.60946e-11	0.976648
8.61502e-11	0.975221
8.62058e-11	0.973753
8.62615e-11	0.972244
8.63171e-11	0.970693
8.63727e-11	0.969101
8.64284e-11	0.967469
8.6484e-11	0.965795
8.65396e-11	0.964081
8.65953e-11	0.962327
8.66509e-11	0.960531
8.67065e-11	0.958696
8.67622e-11	0.95682
8.68178e-11	0.954904
8.68734e-11	0.952949
8.69291e-11	0.950953
8.69847e-11	0.948918
8.70403e-11	0.946843
8.7096e-11	0.944729
8.71516e-11	0.942576
8.72073e-11	0.940383
8.72629e-11	0.938152
8.73185e-11	0.935882
8.73742e-11	0.933573
8.74298e-11	0.931226
8.74854e-11	0.928841
8.75411e-11	0.926417
8.75967e-11	0.923956
8.76523e-11	0.921457
8.7708e-11	0.91892
8.77636e-11	0.916346
8.78192e-11	0.913735
8.78749e-11	0.911086
8.79305e-11	0.908401
8.79861e-11	0.905679
8.80418e-11	0.902921
8.80974e-11	0.900127
8.8153e-11	0.897296
8.82087e-11	0.894429
8.82643e-11	0.891527
8.83199e-11	0.88859
8.83756e-11	0.885617
8.84312e-11	0.882609
8.84868e-11	0.879566
8.85425e-11	0.876489
8.85981e-11	0.873377
8.86538e-11	0.870231
8.87094e-11	0.867051
8.8765e-11	0.863837
8.88207e-11	0.86059
8.88763e-11	0.85731
8.89319e-11	0.853996
8.89876e-11	0.85065
8.90432e-11	0.84727
8.90988e-11	0.843859
8.91545e-11	0.840416
8.92101e-11	0.83694
8.92657e-11	0.833433
8.93214e-11	0.829894
8.9377e-11	0.826325
8.94326e-11	0.822724
8.94883e-11	0.819093
8.95439e-11	0.815431
8.95995e-11	0.811739
8.96552e-11	0.808018
8.97108e-11	0.804266
8.97664e-11	0.800485
8.98221e-11	0.796675
8.98777e-11	0.792836
8.99333e-11	0.788969
8.9989e-11	0.785073
9.00446e-11	0.781149
9.01003e-11	0.777198
9.01559e-11	0.773219
9.02115e-11	0.769212
9.02672e-11	0.765179
9.03228e-11	0.761118
9.03784e-11	0.757032
9.04341e-11	0.752919
9.04897e-11	0.74878
9.05453e-11	0.744616
9.0601e-11	0.740426
9.06566e-11	0.736212
9.07122e-11	0.731973
9.07679e-11	0.727709
9.08235e-11	0.723421
9.08791e-11	0.719109
9.09348e-11	0.714773
9.09904e-11	0.710415
9.1046e-11	0.706033
9.11017e-11	0.701628
9.11573e-11	0.697202
9.12129e-11	0.692753
9.12686e-11	0.688282
9.13242e-11	0.683789
9.13798e-11	0.679276
9.14355e-11	0.674741
9.14911e-11	0.670186
9.15468e-11	0.665611
9.16024e-11	0.661016
9.1658e-11	0.656401
9.17137e-11	0.651766
9.17693e-11	0.647112
9.18249e-11	0.64244
9.18806e-11	0.637749
9.19362e-11	0.63304
9.19918e-11	0.628314
9.20475e-11	0.623569
9.21031e-11	0.618808
9.21587e-11	0.614029
9.22144e-11	0.609234
9.227e-11	0.604423
9.23256e-11	0.599595
9.23813e-11	0.594753
9.24369e-11	0.589894
9.24925e-11	0.585021
9.25482e-11	0.580133
9.26038e-11	0.57523
9.26594e-11	0.570314
9.27151e-11	0.565384
9.27707e-11	0.56044
9.28263e-11	0.555483
9.2882e-11	0.550514
9.29376e-11	0.545532
9.29933e-11	0.540538
9.30489e-11	0.535532
9.31045e-11	0.530514
9.31602e-11	0.525485
9.32158e-11	0.520446
9.32714e-11	0.515396
9.33271e-11	0.510335
9.33827e-11	0.505265
9.34383e-11	0.500185
9.3494e-11	0.495096
9.35496e-11	0.489998
9.36052e-11	0.484892
9.36609e-11	0.479777
9.37165e-11	0.474654
9.37721e-11	0.469523
9.38278e-11	0.464385
9.38834e-11	0.45924
9.3939e-11	0.454089
9.39947e-11	0.448931
9.40503e-11	0.443767
9.41059e-11	0.438597
9.41616e-11	0.433422
9.42172e-11	0.428242
9.42728e-11	0.423057
9.43285e-11	0.417867
9.43841e-11	0.412674
9.44398e-11	0.407476
9.44954e-11	0.402275
9.4551e-11	0.397071
9.46067e-11	0.391864
9.46623e-11	0.386655
9.47179e-11	0.381443
9.47736e-11	0.37623
9.48292e-11	0.371014
9.48848e-11	0.365798
9.49405e-11	0.36058
9.49961e-11	0.355362
9.50517e-11	0.350144
9.51074e-11	0.344925
9.5163e-11	0.339707
9.52186e-11	0.33449
9.52743e-11	0.329273
9.53299e-11	0.324057
9.53855e-11	0.318843
9.54412e-11	0.313631
9.54968e-11	0.308421
9.55524e-11	0.303213
9.56081e-11	0.298008
9.56637e-11	0.292806
9.57193e-11	0.287608
9.5775e-11	0.282413
9.58306e-11	0.277222
9.58863e-11	0.272035
9.59419e-11	0.266853
9.59975e-11	0.261676
9.60532e-11	0.256503
9.61088e-11	0.251337
9.61644e-11	0.246175
9.62201e-11	0.24102
9.62757e-11	0.235872
9.63313e-11	0.230729
9.6387e-11	0.225594
9.64426e-11	0.220466
9.64982e-11	0.215345
9.65539e-11	0.210232
9.66095e-11	0.205127
9.66651e-11	0.20003
9.67208e-11	0.194942
9.67764e-11	0.189863
9.6832e-11	0.184793
9.68877e-11	0.179732
9.69433e-11	0.174681
9.69989e-11	0.16964
9.70546e-11	0.164609
9.71102e-11	0.159589
9.71658e-11	0.154579
9.72215e-11	0.14958
9.72771e-11	0.144593
9.73328e-11	0.139618
9.73884e-11	0.134654
9.7444e-11	0.129702
9.74997e-11	0.124763
9.75553e-11	0.119836
9.76109e-11	0.114922
9.76666e-11	0.110021
9.77222e-11	0.105134
9.77778e-11	0.10026
9.78335e-11	0.0953998
9.78891e-11	0.0905539
9.79447e-11	0.0857224
9.80004e-11	0.0809056
9.8056e-11	0.0761035
9.81116e-11	0.0713166
9.81673e-11	0.066545
9.82229e-11	0.061789
9.82785e-11	0.0570487
9.83342e-11	0.0523245
9.83898e-11	0.0476166
9.84454e-11	0.0429251
9.85011e-11	0.0382504
9.85567e-11	0.0335926
9.86123e-11	0.0289519
9.8668e-11	0.0243287
9.87236e-11	0.0197231
9.87793e-11	0.0151353
9.88349e-11	0.0105655
9.88905e-11	0.00601398
9.89462e-11	0.00148094
9.90018e-11	-0.00303344
9.90574e-11	-0.00752893
9.91131e-11	-0.0120053
9.91687e-11	-0.0164625
9.92243e-11	-0.0209001
9.928e-11	-0.025318
9.93356e-11	-0.0297161
9.93912e-11	-0.0340941
9.94469e-11	-0.0384517
9.95025e-11	-0.042789
9.95581e-11	-0.0471056
9.96138e-11	-0.0514013
9.96694e-11	-0.055676
9.9725e-11	-0.0599295
9.97807e-11	-0.0641617
9.98363e-11	-0.0683722
9.98919e-11	-0.0725611
9.99476e-11	-0.076728
1.00003e-10	-0.0808728
1.00059e-10	-0.0849954
1.00114e-10	-0.0890956
1.0017e-10	-0.0931732
1.00226e-10	-0.097228
1.00281e-10	-0.10126
1.00337e-10	-0.105269
1.00393e-10	-0.109255
1.00448e-10	-0.113217
1.00504e-10	-0.117156
1.0056e-10	-0.121071
1.00615e-10	-0.124962
1.00671e-10	-0.128829
1.00726e-10	-0.132673
1.00782e-10	-0.136492
1.00838e-10	-0.140286
1.00893e-10	-0.144056
1.00949e-10	-0.147802
1.01005e-10	-0.151522
1.0106e-10	-0.155218
1.01116e-10	-0.158889
1.01172e-10	-0.162535
1.01227e-10	-0.166155
1.01283e-10	-0.16975
1.01338e-10	-0.173319
1.01394e-10	-0.176863
1.0145e-10	-0.180381
1.01505e-10	-0.183873
1.01561e-10	-0.187339
1.01617e-10	-0.19078
1.01672e-10	-0.194194
1.01728e-10	-0.197581
1.01784e-10	-0.200943
1.01839e-10	-0.204278
1.01895e-10	-0.207586
1.0195e-10	-0.210868
1.02006e-10	-0.214123
1.02062e-10	-0.217351
1.02117e-10	-0.220553
1.02173e-10	-0.223727
1.02229e-10	-0.226874
1.02284e-10	-0.229995
1.0234e-10	-0.233087
1.02396e-10	-0.236153
1.02451e-10	-0.239191
1.02507e-10	-0.242202
1.02562e-10	-0.245186
1.02618e-10	-0.248142
1.02674e-10	-0.25107
1.02729e-10	-0.25397
1.02785e-10	-0.256843
1.02841e-10	-0.259688
1.02896e-10	-0.262506
1.02952e-10	-0.265295
1.03007e-10	-0.268056
1.03063e-10	-0.27079
1.03119e-10	-0.273495
1.03174e-10	-0.276172
1.0323e-10	-0.278822
1.03286e-10	-0.281443
1.03341e-10	-0.284036
1.03397e-10	-0.286601
1.03453e-10	-0.289137
1.03508e-10	-0.291645
1.03564e-10	-0.294125
1.03619e-10	-0.296577
1.03675e-10	-0.299
1.03731e-10	-0.301395
1.03786e-10	-0.303762
1.03842e-10	-0.3061
1.03898e-10	-0.30841
1.03953e-10	-0.310692
1.04009e-10	-0.312945
1.04065e-10	-0.315169
1.0412e-10	-0.317366
1.04176e-10	-0.319534
1.04231e-10	-0.321673
1.04287e-10	-0.323784
1.04343e-10	-0.325867
1.04398e-10	-0.327921
1.04454e-10	-0.329947
1.0451e-10	-0.331944
1.04565e-10	-0.333913
1.04621e-10	-0.335854
1.04677e-10	-0.337766
1.04732e-10	-0.33965
1.04788e-10	-0.341506
1.04843e-10	-0.343334
1.04899e-10	-0.345133
1.04955e-10	-0.346904
1.0501e-10	-0.348647
1.05066e-10	-0.350361
1.05122e-10	-0.352048
1.05177e-10	-0.353707
1.05233e-10	-0.355337
1.05289e-10	-0.356939
1.05344e-10	-0.358514
1.054e-10	-0.36006
1.05455e-10	-0.361579
1.05511e-10	-0.36307
1.05567e-10	-0.364533
1.05622e-10	-0.365968
1.05678e-10	-0.367376
1.05734e-10	-0.368756
1.05789e-10	-0.370108
1.05845e-10	-0.371433
1.059e-10	-0.37273
1.05956e-10	-0.374001
1.06012e-10	-0.375243
1.06067e-10	-0.376459
1.06123e-10	-0.377647
1.06179e-10	-0.378808
1.06234e-10	-0.379942
1.0629e-10	-0.381049
1.06346e-10	-0.382129
1.06401e-10	-0.383182
1.06457e-10	-0.384209
1.06512e-10	-0.385208
1.06568e-10	-0.386182
1.06624e-10	-0.387128
1.06679e-10	-0.388048
1.06735e-10	-0.388942
1.06791e-10	-0.38981
1.06846e-10	-0.390651
1.06902e-10	-0.391466
1.06958e-10	-0.392255
1.07013e-10	-0.393019
1.07069e-10	-0.393756
1.07124e-10	-0.394468
1.0718e-10	-0.395154
1.07236e-10	-0.395815
1.07291e-10	-0.39645
1.07347e-10	-0.397059
1.07403e-10	-0.397644
1.07458e-10	-0.398203
1.07514e-10	-0.398738
1.0757e-10	-0.399247
1.07625e-10	-0.399732
1.07681e-10	-0.400192
1.07736e-10	-0.400627
1.07792e-10	-0.401038
1.07848e-10	-0.401424
1.07903e-10	-0.401786
1.07959e-10	-0.402124
1.08015e-10	-0.402438
1.0807e-10	-0.402729
1.08126e-10	-0.402995
1.08182e-10	-0.403238
1.08237e-10	-0.403457
1.08293e-10	-0.403652
1.08348e-10	-0.403825
1.08404e-10	-0.403974
1.0846e-10	-0.4041
1.08515e-10	-0.404203
1.08571e-10	-0.404283
1.08627e-10	-0.404341
1.08682e-10	-0.404376
1.08738e-10	-0.404389
1.08793e-10	-0.404379
1.08849e-10	-0.404348
1.08905e-10	-0.404294
1.0896e-10	-0.404218
1.09016e-10	-0.404121
1.09072e-10	-0.404002
1.09127e-10	-0.403861
1.09183e-10	-0.403699
1.09239e-10	-0.403516
1.09294e-10	-0.403312
1.0935e-10	-0.403087
1.09405e-10	-0.402842
1.09461e-10	-0.402575
1.09517e-10	-0.402288
1.09572e-10	-0.401981
1.09628e-10	-0.401653
1.09684e-10	-0.401306
1.09739e-10	-0.400938
1.09795e-10	-0.400551
1.09851e-10	-0.400144
1.09906e-10	-0.399718
1.09962e-10	-0.399272
1.10017e-10	-0.398807
1.10073e-10	-0.398324
1.10129e-10	-0.397821
1.10184e-10	-0.397299
1.1024e-10	-0.396759
1.10296e-10	-0.396201
1.10351e-10	-0.395624
1.10407e-10	-0.395029
1.10463e-10	-0.394416
1.10518e-10	-0.393786
1.10574e-10	-0.393137
1.10629e-10	-0.392471
1.10685e-10	-0.391788
1.10741e-10	-0.391088
1.10796e-10	-0.39037
1.10852e-10	-0.389636
1.10908e-10	-0.388885
1.10963e-10	-0.388117
1.11019e-10	-0.387333
1.11075e-10	-0.386533
1.1113e-10	-0.385717
1.11186e-10	-0.384884
1.11241e-10	-0.384036
1.11297e-10	-0.383172
1.11353e-10	-0.382293
1.11408e-10	-0.381399
1.11464e-10	-0.380489
1.1152e-10	-0.379564
1.11575e-10	-0.378625
1.11631e-10	-0.377671
1.11686e-10	-0.376702
1.11742e-10	-0.375719
1.11798e-10	-0.374722
1.11853e-10	-0.373711
1.11909e-10	-0.372686
1.11965e-10	-0.371647
1.1202e-10	-0.370595
1.12076e-10	-0.369529
1.12132e-10	-0.36845
1.12187e-10	-0.367358
1.12243e-10	-0.366253
1.12298e-10	-0.365136
1.12354e-10	-0.364005
1.1241e-10	-0.362863
1.12465e-10	-0.361708
1.12521e-10	-0.360541
1.12577e-10	-0.359362
1.12632e-10	-0.358171
1.12688e-10	-0.356969
1.12744e-10	-0.355755
1.12799e-10	-0.35453
1.12855e-10	-0.353294
1.1291e-10	-0.352047
1.12966e-10	-0.350789
1.13022e-10	-0.34952
1.13077e-10	-0.348241
1.13133e-10	-0.346951
1.13189e-10	-0.345652
1.13244e-10	-0.344342
1.133e-10	-0.343022
1.13356e-10	-0.341693
1.13411e-10	-0.340354
1.13467e-10	-0.339006
1.13522e-10	-0.337648
1.13578e-10	-0.336282
1.13634e-10	-0.334906
1.13689e-10	-0.333522
1.13745e-10	-0.332129
1.13801e-10	-0.330728
1.13856e-10	-0.329318
1.13912e-10	-0.3279
1.13968e-10	-0.326474
1.14023e-10	-0.325041
1.14079e-10	-0.323599
1.14134e-10	-0.322151
1.1419e-10	-0.320694
1.14246e-10	-0.319231
1.14301e-10	-0.31776
1.14357e-10	-0.316283
1.14413e-10	-0.314798
1.14468e-10	-0.313308
1.14524e-10	-0.31181
1.14579e-10	-0.310307
1.14635e-10	-0.308797
1.14691e-10	-0.307281
1.14746e-10	-0.305759
1.14802e-10	-0.304231
1.14858e-10	-0.302698
1.14913e-10	-0.30116
1.14969e-10	-0.299616
1.15025e-10	-0.298067
1.1508e-10	-0.296513
1.15136e-10	-0.294954
1.15191e-10	-0.29339
1.15247e-10	-0.291822
1.15303e-10	-0.290249
1.15358e-10	-0.288672
1.15414e-10	-0.287091
1.1547e-10	-0.285506
1.15525e-10	-0.283917
1.15581e-10	-0.282324
1.15637e-10	-0.280728
1.15692e-10	-0.279128
1.15748e-10	-0.277525
1.15803e-10	-0.275919
1.15859e-10	-0.274309
1.15915e-10	-0.272697
1.1597e-10	-0.271082
1.16026e-10	-0.269464
1.16082e-10	-0.267843
1.16137e-10	-0.266221
1.16193e-10	-0.264596
1.16249e-10	-0.262968
1.16304e-10	-0.261339
1.1636e-10	-0.259708
1.16415e-10	-0.258075
1.16471e-10	-0.256441
1.16527e-10	-0.254805
1.16582e-10	-0.253168
1.16638e-10	-0.251529
1.16694e-10	-0.249889
1.16749e-10	-0.248249
1.16805e-10	-0.246607
1.16861e-10	-0.244965
1.16916e-10	-0.243322
1.16972e-10	-0.241678
1.17027e-10	-0.240034
1.17083e-10	-0.23839
1.17139e-10	-0.236746
1.17194e-10	-0.235101
1.1725e-10	-0.233457
1.17306e-10	-0.231812
1.17361e-10	-0.230169
1.17417e-10	-0.228525
1.17472e-10	-0.226882
1.17528e-10	-0.22524
1.17584e-10	-0.223598
1.17639e-10	-0.221957
1.17695e-10	-0.220317
1.17751e-10	-0.218678
1.17806e-10	-0.217041
1.17862e-10	-0.215404
1.17918e-10	-0.213769
1.17973e-10	-0.212135
1.18029e-10	-0.210503
1.18084e-10	-0.208873
1.1814e-10	-0.207245
1.18196e-10	-0.205618
1.18251e-10	-0.203993
1.18307e-10	-0.202371
1.18363e-10	-0.20075
1.18418e-10	-0.199132
1.18474e-10	-0.197516
1.1853e-10	-0.195903
1.18585e-10	-0.194292
1.18641e-10	-0.192684
1.18696e-10	-0.191078
1.18752e-10	-0.189476
1.18808e-10	-0.187876
1.18863e-10	-0.18628
1.18919e-10	-0.184686
1.18975e-10	-0.183096
1.1903e-10	-0.181508
1.19086e-10	-0.179925
1.19142e-10	-0.178344
1.19197e-10	-0.176767
1.19253e-10	-0.175194
1.19308e-10	-0.173625
1.19364e-10	-0.172059
1.1942e-10	-0.170497
1.19475e-10	-0.168939
1.19531e-10	-0.167385
1.19587e-10	-0.165835
1.19642e-10	-0.164289
1.19698e-10	-0.162748
1.19754e-10	-0.161211
1.19809e-10	-0.159678
1.19865e-10	-0.158149
1.1992e-10	-0.156625
1.19976e-10	-0.155106
1.20032e-10	-0.153591
1.20087e-10	-0.152081
1.20143e-10	-0.150576
1.20199e-10	-0.149076
1.20254e-10	-0.14758
1.2031e-10	-0.14609
1.20365e-10	-0.144605
1.20421e-10	-0.143124
1.20477e-10	-0.141649
1.20532e-10	-0.140179
1.20588e-10	-0.138715
1.20644e-10	-0.137256
1.20699e-10	-0.135802
1.20755e-10	-0.134354
1.20811e-10	-0.132911
1.20866e-10	-0.131474
1.20922e-10	-0.130042
1.20977e-10	-0.128616
1.21033e-10	-0.127196
1.21089e-10	-0.125782
1.21144e-10	-0.124373
1.212e-10	-0.12297
1.21256e-10	-0.121574
1.21311e-10	-0.120183
1.21367e-10	-0.118798
1.21423e-10	-0.11742
1.21478e-10	-0.116047
1.21534e-10	-0.114681
1.21589e-10	-0.113321
1.21645e-10	-0.111967
1.21701e-10	-0.11062
1.21756e-10	-0.109278
1.21812e-10	-0.107944
1.21868e-10	-0.106615
1.21923e-10	-0.105293
1.21979e-10	-0.103978
1.22035e-10	-0.102669
1.2209e-10	-0.101367
1.22146e-10	-0.100071
1.22201e-10	-0.0987819
1.22257e-10	-0.0974995
1.22313e-10	-0.0962238
1.22368e-10	-0.0949548
1.22424e-10	-0.0936926
1.2248e-10	-0.0924372
1.22535e-10	-0.0911886
1.22591e-10	-0.0899468
1.22647e-10	-0.0887119
1.22702e-10	-0.087484
1.22758e-10	-0.0862629
1.22813e-10	-0.0850489
1.22869e-10	-0.0838418
1.22925e-10	-0.0826417
1.2298e-10	-0.0814486
1.23036e-10	-0.0802626
1.23092e-10	-0.0790837
1.23147e-10	-0.0779118
1.23203e-10	-0.0767471
1.23258e-10	-0.0755895
1.23314e-10	-0.074439
1.2337e-10	-0.0732957
1.23425e-10	-0.0721596
1.23481e-10	-0.0710307
1.23537e-10	-0.0699089
1.23592e-10	-0.0687945
1.23648e-10	-0.0676872
1.23704e-10	-0.0665872
1.23759e-10	-0.0654945
1.23815e-10	-0.064409
1.2387e-10	-0.0633309
1.23926e-10	-0.06226
1.23982e-10	-0.0611964
1.24037e-10	-0.0601402
1.24093e-10	-0.0590913
1.24149e-10	-0.0580497
1.24204e-10	-0.0570154
1.2426e-10	-0.0559885
1.24316e-10	-0.0549689
1.24371e-10	-0.0539567
1.24427e-10	-0.0529519
1.24482e-10	-0.0519544
1.24538e-10	-0.0509642
1.24594e-10	-0.0499815
1.24649e-10	-0.049006
1.24705e-10	-0.048038
1.24761e-10	-0.0470773
1.24816e-10	-0.046124
1.24872e-10	-0.0451781
1.24928e-10	-0.0442395
1.24983e-10	-0.0433083
1.25039e-10	-0.0423844
1.25094e-10	-0.0414679
1.2515e-10	-0.0405588
1.25206e-10	-0.039657
1.25261e-10	-0.0387625
1.25317e-10	-0.0378754
1.25373e-10	-0.0369956
1.25428e-10	-0.0361231
1.25484e-10	-0.0352579
1.2554e-10	-0.0344
1.25595e-10	-0.0335495
1.25651e-10	-0.0327062
1.25706e-10	-0.0318702
1.25762e-10	-0.0310414
1.25818e-10	-0.03022
1.25873e-10	-0.0294057
1.25929e-10	-0.0285987
1.25985e-10	-0.027799
1.2604e-10	-0.0270064
1.26096e-10	-0.026221
1.26151e-10	-0.0254428
1.26207e-10	-0.0246718
1.26263e-10	-0.0239079
1.26318e-10	-0.0231512
1.26374e-10	-0.0224016
1.2643e-10	-0.0216591
1.26485e-10	-0.0209237
1.26541e-10	-0.0201954
1.26597e-10	-0.0194741
1.26652e-10	-0.0187598
1.26708e-10	-0.0180526
1.26763e-10	-0.0173524
1.26819e-10	-0.0166591
1.26875e-10	-0.0159729
1.2693e-10	-0.0152935
1.26986e-10	-0.0146211
1.27042e-10	-0.0139556
1.27097e-10	-0.013297
1.27153e-10	-0.0126452
1.27209e-10	-0.0120002
1.27264e-10	-0.0113621
1.2732e-10	-0.0107308
1.27375e-10	-0.0101062
1.27431e-10	-0.00948842
1.27487e-10	-0.00887733
1.27542e-10	-0.00827293
1.27598e-10	-0.00767521
1.27654e-10	-0.00708414
1.27709e-10	-0.00649969
1.27765e-10	-0.00592184
1.27821e-10	-0.00535057
1.27876e-10	-0.00478584
1.27932e-10	-0.00422763
1.27987e-10	-0.00367592
1.28043e-10	-0.00313067
1.28099e-10	-0.00259187
1.28154e-10	-0.00205948
1.2821e-10	-0.00153347
1.28266e-10	-0.00101382
1.28321e-10	-0.000500504
1.28377e-10	6.51512e-06
1.28433e-10	0.000507262
1.28488e-10	0.00100177
1.28544e-10	0.00149006
1.28599e-10	0.00197216
1.28655e-10	0.00244811
1.28711e-10	0.00291794
1.28766e-10	0.00338167
1.28822e-10	0.00383934
1.28878e-10	0.00429098
1.28933e-10	0.00473661
1.28989e-10	0.00517628
1.29044e-10	0.00561
1.291e-10	0.00603781
1.29156e-10	0.00645975
1.29211e-10	0.00687584
1.29267e-10	0.00728612
1.29323e-10	0.00769062
1.29378e-10	0.00808937
1.29434e-10	0.0084824
1.2949e-10	0.00886975
1.29545e-10	0.00925145
1.29601e-10	0.00962754
1.29656e-10	0.00999803
1.29712e-10	0.010363
1.29768e-10	0.0107224
1.29823e-10	0.0110764
1.29879e-10	0.0114249
1.29935e-10	0.0117679
1.2999e-10	0.0121056
1.30046e-10	0.012438
1.30102e-10	0.012765
1.30157e-10	0.0130868
1.30213e-10	0.0134033
1.30268e-10	0.0137146
1.30324e-10	0.0140207
1.3038e-10	0.0143217
1.30435e-10	0.0146175
1.30491e-10	0.0149083
1.30547e-10	0.0151941
1.30602e-10	0.0154749
1.30658e-10	0.0157507
1.30714e-10	0.0160215
1.30769e-10	0.0162875
1.30825e-10	0.0165486
1.3088e-10	0.0168049
1.30936e-10	0.0170563
1.30992e-10	0.0173031
1.31047e-10	0.0175451
1.31103e-10	0.0177824
1.31159e-10	0.0180151
1.31214e-10	0.0182431
1.3127e-10	0.0184666
1.31326e-10	0.0186856
1.31381e-10	0.0189
1.31437e-10	0.0191099
1.31492e-10	0.0193155
1.31548e-10	0.0195166
1.31604e-10	0.0197133
1.31659e-10	0.0199058
1.31715e-10	0.0200939
1.31771e-10	0.0202778
1.31826e-10	0.0204574
1.31882e-10	0.0206329
1.31937e-10	0.0208042
1.31993e-10	0.0209714
1.32049e-10	0.0211346
1.32104e-10	0.0212936
1.3216e-10	0.0214487
1.32216e-10	0.0215998
1.32271e-10	0.021747
1.32327e-10	0.0218902
1.32383e-10	0.0220296
1.32438e-10	0.0221652
1.32494e-10	0.0222969
1.32549e-10	0.0224249
1.32605e-10	0.0225492
1.32661e-10	0.0226698
1.32716e-10	0.0227867
1.32772e-10	0.0229
1.32828e-10	0.0230097
1.32883e-10	0.0231158
1.32939e-10	0.0232185
1.32995e-10	0.0233177
1.3305e-10	0.0234134
1.33106e-10	0.0235057
1.33161e-10	0.0235946
1.33217e-10	0.0236802
1.33273e-10	0.0237624
1.33328e-10	0.0238414
1.33384e-10	0.0239172
1.3344e-10	0.0239897
1.33495e-10	0.0240591
1.33551e-10	0.0241253
1.33607e-10	0.0241884
1.33662e-10	0.0242484
1.33718e-10	0.0243055
1.33773e-10	0.0243594
1.33829e-10	0.0244105
1.33885e-10	0.0244586
1.3394e-10	0.0245037
1.33996e-10	0.024546
1.34052e-10	0.0245855
1.34107e-10	0.0246222
1.34163e-10	0.024656
1.34218e-10	0.0246872
1.34274e-10	0.0247156
1.3433e-10	0.0247413
1.34385e-10	0.0247644
1.34441e-10	0.0247849
1.34497e-10	0.0248028
1.34552e-10	0.0248182
1.34608e-10	0.024831
1.34664e-10	0.0248413
1.34719e-10	0.0248492
1.34775e-10	0.0248547
1.3483e-10	0.0248577
1.34886e-10	0.0248584
1.34942e-10	0.0248568
1.34997e-10	0.0248528
1.35053e-10	0.0248466
1.35109e-10	0.0248382
1.35164e-10	0.0248275
1.3522e-10	0.0248146
1.35276e-10	0.0247996
1.35331e-10	0.0247825
1.35387e-10	0.0247633
1.35442e-10	0.024742
1.35498e-10	0.0247187
1.35554e-10	0.0246933
1.35609e-10	0.024666
1.35665e-10	0.0246368
1.35721e-10	0.0246056
1.35776e-10	0.0245725
1.35832e-10	0.0245376
1.35888e-10	0.0245008
1.35943e-10	0.0244622
1.35999e-10	0.0244219
1.36054e-10	0.0243798
1.3611e-10	0.0243359
1.36166e-10	0.0242904
1.36221e-10	0.0242432
1.36277e-10	0.0241944
1.36333e-10	0.0241439
1.36388e-10	0.0240918
1.36444e-10	0.0240382
1.365e-10	0.023983
1.36555e-10	0.0239264
1.36611e-10	0.0238682
1.36666e-10	0.0238086
1.36722e-10	0.0237475
1.36778e-10	0.023685
1.36833e-10	0.0236212
1.36889e-10	0.0235559
1.36945e-10	0.0234894
1.37e-10	0.0234215
1.37056e-10	0.0233523
1.37111e-10	0.0232819
1.37167e-10	0.0232103
1.37223e-10	0.0231374
1.37278e-10	0.0230633
1.37334e-10	0.0229881
1.3739e-10	0.0229117
1.37445e-10	0.0228342
1.37501e-10	0.0227556
1.37557e-10	0.0226759
1.37612e-10	0.0225952
1.37668e-10	0.0225134
1.37723e-10	0.0224306
1.37779e-10	0.0223468
1.37835e-10	0.0222621
1.3789e-10	0.0221764
1.37946e-10	0.0220898
1.38002e-10	0.0220023
1.38057e-10	0.0219139
1.38113e-10	0.0218247
1.38169e-10	0.0217346
1.38224e-10	0.0216437
1.3828e-10	0.021552
1.38335e-10	0.0214595
1.38391e-10	0.0213663
1.38447e-10	0.0212723
1.38502e-10	0.0211776
1.38558e-10	0.0210822
1.38614e-10	0.0209862
1.38669e-10	0.0208894
1.38725e-10	0.0207921
1.38781e-10	0.0206941
1.38836e-10	0.0205955
1.38892e-10	0.0204963
1.38947e-10	0.0203965
1.39003e-10	0.0202962
1.39059e-10	0.0201954
1.39114e-10	0.020094
1.3917e-10	0.0199921
1.39226e-10	0.0198898
1.39281e-10	0.019787
1.39337e-10	0.0196838
1.39393e-10	0.0195801
1.39448e-10	0.019476
1.39504e-10	0.0193715
1.39559e-10	0.0192666
1.39615e-10	0.0191614
1.39671e-10	0.0190558
1.39726e-10	0.0189499
1.39782e-10	0.0188437
1.39838e-10	0.0187371
1.39893e-10	0.0186303
1.39949e-10	0.0185232
1.40004e-10	0.0184158
1.4006e-10	0.0183082
1.40116e-10	0.0182004
1.40171e-10	0.0180924
1.40227e-10	0.0179841
1.40283e-10	0.0178757
1.40338e-10	0.0177671
1.40394e-10	0.0176583
1.4045e-10	0.0175494
1.40505e-10	0.0174404
1.40561e-10	0.0173312
1.40616e-10	0.017222
1.40672e-10	0.0171126
1.40728e-10	0.0170032
1.40783e-10	0.0168937
1.40839e-10	0.0167841
1.40895e-10	0.0166745
1.4095e-10	0.0165648
1.41006e-10	0.0164552
1.41062e-10	0.0163455
1.41117e-10	0.0162358
1.41173e-10	0.0161262
1.41228e-10	0.0160165
1.41284e-10	0.015907
1.4134e-10	0.0157974
1.41395e-10	0.0156879
1.41451e-10	0.0155785
1.41507e-10	0.0154692
1.41562e-10	0.0153599
1.41618e-10	0.0152507
1.41674e-10	0.0151417
1.41729e-10	0.0150328
1.41785e-10	0.014924
1.4184e-10	0.0148153
1.41896e-10	0.0147068
1.41952e-10	0.0145984
1.42007e-10	0.0144903
1.42063e-10	0.0143822
1.42119e-10	0.0142744
1.42174e-10	0.0141668
1.4223e-10	0.0140593
1.42286e-10	0.0139521
1.42341e-10	0.0138451
1.42397e-10	0.0137383
1.42452e-10	0.0136317
1.42508e-10	0.0135254
1.42564e-10	0.0134193
1.42619e-10	0.0133135
1.42675e-10	0.013208
1.42731e-10	0.0131027
1.42786e-10	0.0129977
1.42842e-10	0.0128929
1.42897e-10	0.0127885
1.42953e-10	0.0126844
1.43009e-10	0.0125806
1.43064e-10	0.0124771
1.4312e-10	0.0123739
1.43176e-10	0.012271
1.43231e-10	0.0121684
1.43287e-10	0.0120662
1.43343e-10	0.0119644
1.43398e-10	0.0118629
1.43454e-10	0.0117617
1.43509e-10	0.0116609
1.43565e-10	0.0115604
1.43621e-10	0.0114604
1.43676e-10	0.0113607
1.43732e-10	0.0112614
1.43788e-10	0.0111624
1.43843e-10	0.0110639
1.43899e-10	0.0109657
1.43955e-10	0.010868
1.4401e-10	0.0107706
1.44066e-10	0.0106737
1.44121e-10	0.0105772
1.44177e-10	0.010481
1.44233e-10	0.0103854
1.44288e-10	0.0102901
1.44344e-10	0.0101952
1.444e-10	0.0101008
1.44455e-10	0.0100069
1.44511e-10	0.00991333
1.44567e-10	0.00982024
1.44622e-10	0.00972759
1.44678e-10	0.00963539
1.44733e-10	0.00954365
1.44789e-10	0.00945235
1.44845e-10	0.00936152
1.449e-10	0.00927115
1.44956e-10	0.00918124
1.45012e-10	0.0090918
1.45067e-10	0.00900282
1.45123e-10	0.00891432
1.45179e-10	0.00882629
1.45234e-10	0.00873874
1.4529e-10	0.00865166
1.45345e-10	0.00856507
1.45401e-10	0.00847896
1.45457e-10	0.00839333
1.45512e-10	0.00830819
1.45568e-10	0.00822354
1.45624e-10	0.00813938
1.45679e-10	0.00805571
1.45735e-10	0.00797253
1.4579e-10	0.00788985
1.45846e-10	0.00780766
1.45902e-10	0.00772597
1.45957e-10	0.00764478
1.46013e-10	0.00756409
1.46069e-10	0.0074839
1.46124e-10	0.00740421
1.4618e-10	0.00732502
1.46236e-10	0.00724634
1.46291e-10	0.00716817
1.46347e-10	0.0070905
1.46402e-10	0.00701333
1.46458e-10	0.00693667
1.46514e-10	0.00686052
1.46569e-10	0.00678488
1.46625e-10	0.00670975
1.46681e-10	0.00663512
1.46736e-10	0.006561
1.46792e-10	0.00648739
1.46848e-10	0.0064143
1.46903e-10	0.00634171
1.46959e-10	0.00626963
1.47014e-10	0.00619806
1.4707e-10	0.00612699
1.47126e-10	0.00605644
1.47181e-10	0.0059864
1.47237e-10	0.00591687
1.47293e-10	0.00584784
1.47348e-10	0.00577932
1.47404e-10	0.00571131
1.4746e-10	0.00564381
1.47515e-10	0.00557682
1.47571e-10	0.00551033
1.47626e-10	0.00544435
1.47682e-10	0.00537887
1.47738e-10	0.0053139
1.47793e-10	0.00524943
1.47849e-10	0.00518546
1.47905e-10	0.00512199
1.4796e-10	0.00505903
1.48016e-10	0.00499657
1.48072e-10	0.0049346
1.48127e-10	0.00487314
1.48183e-10	0.00481217
1.48238e-10	0.00475169
1.48294e-10	0.00469172
1.4835e-10	0.00463223
1.48405e-10	0.00457324
1.48461e-10	0.00451474
1.48517e-10	0.00445673
1.48572e-10	0.00439921
1.48628e-10	0.00434217
1.48683e-10	0.00428562
1.48739e-10	0.00422956
1.48795e-10	0.00417398
1.4885e-10	0.00411888
1.48906e-10	0.00406426
1.48962e-10	0.00401012
1.49017e-10	0.00395645
1.49073e-10	0.00390326
1.49129e-10	0.00385055
1.49184e-10	0.00379831
1.4924e-10	0.00374653
1.49295e-10	0.00369523
1.49351e-10	0.00364439
1.49407e-10	0.00359401
1.49462e-10	0.0035441
1.49518e-10	0.00349465
1.49574e-10	0.00344566
1.49629e-10	0.00339713
1.49685e-10	0.00334905
1.49741e-10	0.00330142
1.49796e-10	0.00325425
1.49852e-10	0.00320753
1.49907e-10	0.00316125
1.49963e-10	0.00311542
1.50019e-10	0.00307003
1.50074e-10	0.00302508
1.5013e-10	0.00298058
1.50186e-10	0.00293651
1.50241e-10	0.00289287
1.50297e-10	0.00284967
1.50353e-10	0.0028069
1.50408e-10	0.00276455
1.50464e-10	0.00272264
1.50519e-10	0.00268114
1.50575e-10	0.00264007
1.50631e-10	0.00259942
1.50686e-10	0.00255918
1.50742e-10	0.00251936
1.50798e-10	0.00247996
1.50853e-10	0.00244096
1.50909e-10	0.00240237
1.50965e-10	0.00236419
1.5102e-10	0.00232641
1.51076e-10	0.00228903
1.51131e-10	0.00225205
1.51187e-10	0.00221546
1.51243e-10	0.00217927
1.51298e-10	0.00214348
1.51354e-10	0.00210807
1.5141e-10	0.00207304
1.51465e-10	0.00203841
1.51521e-10	0.00200415
1.51576e-10	0.00197027
1.51632e-10	0.00193677
1.51688e-10	0.00190365
1.51743e-10	0.0018709
1.51799e-10	0.00183851
1.51855e-10	0.0018065
1.5191e-10	0.00177485
1.51966e-10	0.00174356
1.52022e-10	0.00171263
1.52077e-10	0.00168206
1.52133e-10	0.00165184
1.52188e-10	0.00162198
1.52244e-10	0.00159247
1.523e-10	0.0015633
1.52355e-10	0.00153448
1.52411e-10	0.001506
1.52467e-10	0.00147786
1.52522e-10	0.00145006
1.52578e-10	0.0014226
1.52634e-10	0.00139546
1.52689e-10	0.00136866
1.52745e-10	0.00134219
1.528e-10	0.00131604
1.52856e-10	0.00129021
1.52912e-10	0.0012647
1.52967e-10	0.00123951
1.53023e-10	0.00121464
1.53079e-10	0.00119008
1.53134e-10	0.00116583
1.5319e-10	0.00114188
1.53246e-10	0.00111824
1.53301e-10	0.00109491
1.53357e-10	0.00107188
1.53412e-10	0.00104914
1.53468e-10	0.0010267
1.53524e-10	0.00100455
1.53579e-10	0.000982694
1.53635e-10	0.000961125
1.53691e-10	0.000939843
1.53746e-10	0.000918843
1.53802e-10	0.000898125
1.53858e-10	0.000877685
1.53913e-10	0.000857521
1.53969e-10	0.000837631
1.54024e-10	0.000818012
1.5408e-10	0.000798662
1.54136e-10	0.000779579
1.54191e-10	0.00076076
1.54247e-10	0.000742203
1.54303e-10	0.000723905
1.54358e-10	0.000705864
1.54414e-10	0.000688078
1.54469e-10	0.000670545
1.54525e-10	0.000653261
1.54581e-10	0.000636226
1.54636e-10	0.000619436
1.54692e-10	0.000602889
1.54748e-10	0.000586583
1.54803e-10	0.000570515
1.54859e-10	0.000554684
1.54915e-10	0.000539087
1.5497e-10	0.000523721
1.55026e-10	0.000508585
1.55081e-10	0.000493677
1.55137e-10	0.000478993
1.55193e-10	0.000464532
1.55248e-10	0.000450292
1.55304e-10	0.00043627
1.5536e-10	0.000422465
1.55415e-10	0.000408873
1.55471e-10	0.000395494
1.55527e-10	0.000382324
1.55582e-10	0.000369361
1.55638e-10	0.000356604
1.55693e-10	0.000344051
1.55749e-10	0.000331698
1.55805e-10	0.000319545
1.5586e-10	0.000307588
1.55916e-10	0.000295827
1.55972e-10	0.000284258
1.56027e-10	0.00027288
1.56083e-10	0.000261691
1.56139e-10	0.000250688
1.56194e-10	0.00023987
1.5625e-10	0.000229235
1.56305e-10	0.00021878
1.56361e-10	0.000208504
1.56417e-10	0.000198404
1.56472e-10	0.00018848
1.56528e-10	0.000178728
1.56584e-10	0.000169146
1.56639e-10	0.000159734
1.56695e-10	0.000150489
1.56751e-10	0.000141408
1.56806e-10	0.000132491
1.56862e-10	0.000123735
1.56917e-10	0.000115138
1.56973e-10	0.000106699
1.57029e-10	9.84159e-05
1.57084e-10	9.02863e-05
1.5714e-10	8.23088e-05
1.57196e-10	7.44815e-05
1.57251e-10	6.68027e-05
1.57307e-10	5.92704e-05
1.57362e-10	5.18831e-05
1.57418e-10	4.46389e-05
1.57474e-10	3.7536e-05
1.57529e-10	3.05728e-05
1.57585e-10	2.37475e-05
1.57641e-10	1.70584e-05
1.57696e-10	1.05038e-05
1.57752e-10	4.08207e-06
1.57808e-10	-2.20851e-06
1.57863e-10	-8.36958e-06
1.57919e-10	-1.44028e-05
1.57974e-10	-2.03098e-05
1.5803e-10	-2.60921e-05
1.58086e-10	-3.17515e-05
1.58141e-10	-3.72894e-05
1.58197e-10	-4.27075e-05
1.58253e-10	-4.80074e-05
1.58308e-10	-5.31905e-05
1.58364e-10	-5.82584e-05
1.5842e-10	-6.32128e-05
1.58475e-10	-6.80549e-05
1.58531e-10	-7.27865e-05
1.58586e-10	-7.7409e-05
1.58642e-10	-8.19238e-05
1.58698e-10	-8.63324e-05
1.58753e-10	-9.06363e-05
1.58809e-10	-9.4837e-05
1.58865e-10	-9.89358e-05
1.5892e-10	-0.000102934
1.58976e-10	-0.000106833
1.59032e-10	-0.000110635
1.59087e-10	-0.000114341
1.59143e-10	-0.000117951
1.59198e-10	-0.000121468
1.59254e-10	-0.000124893
1.5931e-10	-0.000128227
1.59365e-10	-0.000131471
1.59421e-10	-0.000134627
1.59477e-10	-0.000137697
1.59532e-10	-0.00014068
1.59588e-10	-0.000143579
1.59644e-10	-0.000146395
1.59699e-10	-0.00014913
1.59755e-10	-0.000151783
1.5981e-10	-0.000154357
1.59866e-10	-0.000156853
1.59922e-10	-0.000159272
1.59977e-10	-0.000161615
1.60033e-10	-0.000163883
1.60089e-10	-0.000166078
1.60144e-10	-0.0001682
1.602e-10	-0.000170252
1.60255e-10	-0.000172233
1.60311e-10	-0.000174145
1.60367e-10	-0.00017599
1.60422e-10	-0.000177767
1.60478e-10	-0.000179479
1.60534e-10	-0.000181127
1.60589e-10	-0.00018271
1.60645e-10	-0.000184232
1.60701e-10	-0.000185692
1.60756e-10	-0.000187091
1.60812e-10	-0.000188431
1.60867e-10	-0.000189713
1.60923e-10	-0.000190937
1.60979e-10	-0.000192105
1.61034e-10	-0.000193217
1.6109e-10	-0.000194275
1.61146e-10	-0.000195279
1.61201e-10	-0.00019623
1.61257e-10	-0.00019713
1.61313e-10	-0.00019798
1.61368e-10	-0.000198779
1.61424e-10	-0.000199529
1.61479e-10	-0.000200232
1.61535e-10	-0.000200887
1.61591e-10	-0.000201496
1.61646e-10	-0.000202059
1.61702e-10	-0.000202578
1.61758e-10	-0.000203053
1.61813e-10	-0.000203485
1.61869e-10	-0.000203875
1.61925e-10	-0.000204223
1.6198e-10	-0.000204532
1.62036e-10	-0.0002048
1.62091e-10	-0.000205029
1.62147e-10	-0.000205221
1.62203e-10	-0.000205374
1.62258e-10	-0.000205492
1.62314e-10	-0.000205573
1.6237e-10	-0.000205619
1.62425e-10	-0.00020563
1.62481e-10	-0.000205608
1.62537e-10	-0.000205553
1.62592e-10	-0.000205465
1.62648e-10	-0.000205346
1.62703e-10	-0.000205196
1.62759e-10	-0.000205015
1.62815e-10	-0.000204805
1.6287e-10	-0.000204566
1.62926e-10	-0.000204298
1.62982e-10	-0.000204003
1.63037e-10	-0.000203681
1.63093e-10	-0.000203332
1.63148e-10	-0.000202957
1.63204e-10	-0.000202557
1.6326e-10	-0.000202132
1.63315e-10	-0.000201684
1.63371e-10	-0.000201211
1.63427e-10	-0.000200716
1.63482e-10	-0.000200198
1.63538e-10	-0.000199659
1.63594e-10	-0.000199098
1.63649e-10	-0.000198517
1.63705e-10	-0.000197915
1.6376e-10	-0.000197294
1.63816e-10	-0.000196653
1.63872e-10	-0.000195994
1.63927e-10	-0.000195316
1.63983e-10	-0.000194621
1.64039e-10	-0.000193909
1.64094e-10	-0.00019318
1.6415e-10	-0.000192435
1.64206e-10	-0.000191674
1.64261e-10	-0.000190898
1.64317e-10	-0.000190107
1.64372e-10	-0.000189301
1.64428e-10	-0.000188482
1.64484e-10	-0.000187649
1.64539e-10	-0.000186802
1.64595e-10	-0.000185943
1.64651e-10	-0.000185072
1.64706e-10	-0.000184189
1.64762e-10	-0.000183295
1.64818e-10	-0.000182389
1.64873e-10	-0.000181473
1.64929e-10	-0.000180546
1.64984e-10	-0.000179609
1.6504e-10	-0.000178663
1.65096e-10	-0.000177707
1.65151e-10	-0.000176743
1.65207e-10	-0.00017577
1.65263e-10	-0.000174789
1.65318e-10	-0.0001738
1.65374e-10	-0.000172803
1.6543e-10	-0.000171799
1.65485e-10	-0.000170789
1.65541e-10	-0.000169772
1.65596e-10	-0.000168748
1.65652e-10	-0.000167719
1.65708e-10	-0.000166684
1.65763e-10	-0.000165644
1.65819e-10	-0.000164598
1.65875e-10	-0.000163548
1.6593e-10	-0.000162493
1.65986e-10	-0.000161434
1.66041e-10	-0.000160372
1.66097e-10	-0.000159305
1.66153e-10	-0.000158235
1.66208e-10	-0.000157162
1.66264e-10	-0.000156086
1.6632e-10	-0.000155007
1.66375e-10	-0.000153926
1.66431e-10	-0.000152842
1.66487e-10	-0.000151757
1.66542e-10	-0.000150669
1.66598e-10	-0.000149581
1.66653e-10	-0.00014849
1.66709e-10	-0.000147399
1.66765e-10	-0.000146307
1.6682e-10	-0.000145214
1.66876e-10	-0.000144121
1.66932e-10	-0.000143027
1.66987e-10	-0.000141933
1.67043e-10	-0.00014084
1.67099e-10	-0.000139746
1.67154e-10	-0.000138653
1.6721e-10	-0.000137561
1.67265e-10	-0.000136469
1.67321e-10	-0.000135379
1.67377e-10	-0.000134289
1.67432e-10	-0.000133201
1.67488e-10	-0.000132114
1.67544e-10	-0.000131029
1.67599e-10	-0.000129945
1.67655e-10	-0.000128864
1.67711e-10	-0.000127784
1.67766e-10	-0.000126707
1.67822e-10	-0.000125632
1.67877e-10	-0.000124559
1.67933e-10	-0.000123489
1.67989e-10	-0.000122421
1.68044e-10	-0.000121357
1.681e-10	-0.000120295
1.68156e-10	-0.000119237
1.68211e-10	-0.000118181
1.68267e-10	-0.000117129
1.68323e-10	-0.00011608
1.68378e-10	-0.000115035
1.68434e-10	-0.000113993
1.68489e-10	-0.000112956
