% time-domain current integration by openEMS v0.0.36-93-g7b9cd51 @Thu Sep 24 17:02:42 2026
% start-coordinates: (0.05825,-0.0023,0.000375674) m -> [74,1,6]
% stop-coordinates: (0.0583,0.0006,0.000375674) m -> [75,4,6]
% t/s	current
2.78173056637e-14	0
3.69970165327e-12	0
7.37158600087e-12	0
1.10434703485e-11	0
1.47153546961e-11	0
1.83872390437e-11	0
2.20591233913e-11	7.09546378793e-37
2.57310077389e-11	4.20962085976e-33
2.94028920865e-11	3.32952587068e-30
3.30747764341e-11	7.67094719065e-28
3.67466607817e-11	7.13540959029e-26
4.04185451293e-11	3.28977775836e-24
4.40904294769e-11	8.69022552272e-23
4.77623138245e-11	1.46248258603e-21
5.14341981721e-11	1.69791939294e-20
5.51060825197e-11	1.44629260157e-19
5.87779668674e-11	9.49155321512e-19
6.2449851215e-11	4.99264380169e-18
6.61217355626e-11	2.17369499217e-17
6.97936199102e-11	8.03645405067e-17
7.34655042578e-11	2.57145994366e-16
7.71373886054e-11	7.20334976614e-16
8.0809272953e-11	1.76987491977e-15
8.44811573006e-11	3.76404585804e-15
8.81530416482e-11	6.61175580363e-15
9.18249259958e-11	8.06327000205e-15
9.54968103434e-11	-7.74894645148e-16
9.9168694691e-11	-4.5552395135e-14
1.02840579039e-10	-1.8900655238e-13
1.06512463386e-10	-5.68024685448e-13
1.10184347734e-10	-1.45528272592e-12
1.13856232081e-10	-3.35259749649e-12
1.17528116429e-10	-7.11814981957e-12
1.21200000777e-10	-1.41175890422e-11
1.24871885124e-10	-2.63666258965e-11
1.28543769472e-10	-4.65975383279e-11
1.32215653819e-10	-7.81329584365e-11
1.35887538167e-10	-1.24389248901e-10
1.39559422515e-10	-1.87764553905e-10
1.43231306862e-10	-2.67602662252e-10
1.4690319121e-10	-3.56881746377e-10
1.50575075557e-10	-4.37275993193e-10
1.54246959905e-10	-4.72309691357e-10
1.57918844253e-10	-3.98499261367e-10
1.615907286e-10	-1.14685698438e-10
1.65262612948e-10	5.29783716896e-10
1.68934497296e-10	1.74676983988e-09
1.72606381643e-10	3.81901266167e-09
1.76278265991e-10	7.10514269642e-09
1.79950150338e-10	1.20368879308e-08
1.83622034686e-10	1.91050553155e-08
1.87293919034e-10	2.88310921803e-08
1.90965803381e-10	4.17215773041e-08
1.94637687729e-10	5.82043071518e-08
1.98309572076e-10	7.85461367059e-08
2.01981456424e-10	1.02754796671e-07
2.05653340772e-10	1.30469544501e-07
2.09325225119e-10	1.60847619668e-07
2.12997109467e-10	1.92457534354e-07
2.16668993814e-10	2.23192046178e-07
2.20340878162e-10	2.50216260156e-07
2.2401276251e-10	2.69968552402e-07
2.27684646857e-10	2.78229293826e-07
2.31356531205e-10	2.7026928251e-07
2.35028415552e-10	2.41083569108e-07
2.387002999e-10	1.85707207834e-07
2.42372184248e-10	9.95985232066e-08
2.46044068595e-10	-2.09309547472e-08
2.49715952943e-10	-1.78269147e-07
2.5338783729e-10	-3.73070292881e-07
2.57059721638e-10	-6.03870489613e-07
2.60731605986e-10	-8.66783580022e-07
2.64403490333e-10	-1.15531383926e-06
2.68075374681e-10	-1.46031948134e-06
2.71747259028e-10	-1.77016181624e-06
2.75419143376e-10	-2.07106450034e-06
2.79091027724e-10	-2.34769777308e-06
2.82762912071e-10	-2.58397653852e-06
2.86434796419e-10	-2.76403420685e-06
2.90106680766e-10	-2.87328907689e-06
2.93778565114e-10	-2.89952663479e-06
2.97450449462e-10	-2.8338959055e-06
3.01122333809e-10	-2.67172231361e-06
3.04794218157e-10	-2.41310772253e-06
3.08466102505e-10	-2.06325444196e-06
3.12137986852e-10	-1.63253253049e-06
3.158098712e-10	-1.13627015708e-06
3.19481755547e-10	-5.9425605059e-07
3.23153639895e-10	-2.99311011531e-08
3.26825524243e-10	5.30748252459e-07
3.3049740859e-10	1.06076606698e-06
3.34169292938e-10	1.53375651735e-06
3.37841177285e-10	1.92580910152e-06
3.41513061633e-10	2.21719255933e-06
3.45184945981e-10	2.39375549427e-06
3.48856830328e-10	2.44786383519e-06
3.52528714676e-10	2.37877134168e-06
3.56200599023e-10	2.19248249778e-06
3.59872483371e-10	1.90121556898e-06
3.63544367719e-10	1.5226320329e-06
3.67216252066e-10	1.07892117285e-06
3.70888136414e-10	5.95765982325e-07
3.74560020761e-10	1.01123653451e-07
3.78231905109e-10	-3.76289790438e-07
3.81903789457e-10	-8.08840582067e-07
3.85575673804e-10	-1.17204376693e-06
3.89247558152e-10	-1.44658690715e-06
3.92919442499e-10	-1.61994648806e-06
3.96591326847e-10	-1.68723408933e-06
4.00263211195e-10	-1.65107974226e-06
4.03935095542e-10	-1.52063353198e-06
4.0760697989e-10	-1.30998864734e-06
4.11278864237e-10	-1.0364864238e-06
4.14950748585e-10	-7.19337322153e-07
4.18622632933e-10	-3.78727804673e-07
4.2229451728e-10	-3.53323486024e-08
4.25966401628e-10	2.9012755931e-07
4.29638285976e-10	5.77678861191e-07
4.33310170323e-10	8.09491893961e-07
4.36982054671e-10	9.71757231127e-07
4.40653939018e-10	1.05659853489e-06
4.44325823366e-10	1.06334664451e-06
4.47997707714e-10	9.98596760837e-07
4.51669592061e-10	8.74834142905e-07
4.55341476409e-10	7.07930496446e-07
4.59013360756e-10	5.14279861363e-07
4.62685245104e-10	3.08488324663e-07
4.66357129452e-10	1.02336350949e-07
4.70029013799e-10	-9.48283656044e-08
4.73700898147e-10	-2.74736862593e-07
4.77372782494e-10	-4.28813052622e-07
4.81044666842e-10	-5.47696572539e-07
4.8471655119e-10	-6.22204709089e-07
4.88388435537e-10	-6.45555019219e-07
4.92060319885e-10	-6.15953979377e-07
4.95732204232e-10	-5.38342135314e-07
4.9940408858e-10	-4.24303863156e-07
5.03075972928e-10	-2.89817023713e-07
5.06747857275e-10	-1.51481842181e-07
5.10419741623e-10	-2.25711183077e-08
5.1409162597e-10	8.95660861033e-08
5.17763510318e-10	1.83691781785e-07
5.21435394666e-10	2.6241397677e-07
5.25107279013e-10	3.28509031533e-07
5.28779163361e-10	3.81544424499e-07
5.32451047708e-10	4.16460380848e-07
5.36122932056e-10	4.24928657594e-07
5.39794816404e-10	3.99043756261e-07
5.43466700751e-10	3.35766458193e-07
5.47138585099e-10	2.40052088429e-07
5.50810469446e-10	1.25045744426e-07
5.54482353794e-10	8.91970408645e-09
5.58154238142e-10	-9.05842512111e-08
5.61826122489e-10	-1.61742235605e-07
5.65498006837e-10	-2.02208894962e-07
5.69169891185e-10	-2.18638575689e-07
5.72841775532e-10	-2.22622986712e-07
5.7651365988e-10	-2.24656304226e-07
5.80185544227e-10	-2.28798285207e-07
5.83857428575e-10	-2.30517599675e-07
5.87529312923e-10	-2.18862666657e-07
5.9120119727e-10	-1.82173636176e-07
5.94873081618e-10	-1.14869827428e-07
5.98544965965e-10	-2.21962128677e-08
6.02216850313e-10	7.94374273028e-08
6.05888734661e-10	1.67054253097e-07
6.09560619008e-10	2.18983984723e-07
6.13232503356e-10	2.22813056894e-07
6.16904387703e-10	1.80020720109e-07
6.20576272051e-10	1.05197067057e-07
6.24248156399e-10	2.00154719465e-08
6.27920040746e-10	-5.55720944817e-08
6.31591925094e-10	-1.11148679593e-07
6.35263809441e-10	-1.49193709831e-07
6.38935693789e-10	-1.82405017313e-07
6.42607578137e-10	-2.26062809361e-07
6.46279462484e-10	-2.88806802473e-07
6.49951346832e-10	-3.66094184301e-07
6.53623231179e-10	-4.3955617457e-07
6.57295115527e-10	-4.82962832393e-07
6.60966999875e-10	-4.72543490559e-07
6.64638884222e-10	-3.97337942104e-07
6.6831076857e-10	-2.65055291493e-07
6.71982652917e-10	-1.00690158433e-07
6.75654537265e-10	6.18298727773e-08
6.79326421613e-10	1.91660916471e-07
6.8299830596e-10	2.71770915106e-07
6.86670190308e-10	3.03860986151e-07
6.90342074655e-10	3.05346787854e-07
6.94013959003e-10	2.99693965644e-07
6.97685843351e-10	3.04349384805e-07
7.01357727698e-10	3.21671649317e-07
7.05029612046e-10	3.37091307756e-07
7.08701496394e-10	3.25579861737e-07
7.12373380741e-10	2.63796465561e-07
7.16045265089e-10	1.42591659369e-07
7.19717149436e-10	-2.57978491902e-08
7.23389033784e-10	-2.09381710192e-07
7.27060918132e-10	-3.66617058489e-07
7.30732802479e-10	-4.61180150069e-07
7.34404686827e-10	-4.75231274777e-07
7.38076571174e-10	-4.15593007119e-07
7.41748455522e-10	-3.10178791096e-07
7.4542033987e-10	-1.9607820434e-07
7.49092224217e-10	-1.04295075687e-07
7.52764108565e-10	-4.76237289604e-08
7.56435992912e-10	-1.69075597967e-08
7.6010787726e-10	1.26666694911e-08
7.63779761608e-10	6.79556961813e-08
7.67451645955e-10	1.62991199204e-07
7.71123530303e-10	2.89600279757e-07
7.7479541465e-10	4.17980970724e-07
7.78467298998e-10	5.07361562541e-07
7.82139183346e-10	5.22391076174e-07
7.85811067693e-10	4.48293775435e-07
7.89482952041e-10	2.98214700933e-07
7.93154836388e-10	1.0943460893e-07
7.96826720736e-10	-7.01890883192e-08
8.00498605084e-10	-2.00036140541e-07
8.04170489431e-10	-2.6144763865e-07
8.07842373779e-10	-2.6321652058e-07
8.11514258126e-10	-2.35563334172e-07
8.15186142474e-10	-2.15170018691e-07
8.18858026822e-10	-2.27731277391e-07
8.22529911169e-10	-2.75660056559e-07
8.26201795517e-10	-3.36430929337e-07
8.29873679865e-10	-3.72454422859e-07
8.33545564212e-10	-3.48273431428e-07
8.3721744856e-10	-2.47567612632e-07
8.40889332907e-10	-8.24394490451e-08
8.44561217255e-10	1.09243607938e-07
8.48233101603e-10	2.77547030691e-07
8.5190498595e-10	3.79535606498e-07
8.55576870298e-10	3.95763095185e-07
8.59248754645e-10	3.37288042829e-07
8.62920638993e-10	2.4025626999e-07
8.66592523341e-10	1.50287021938e-07
8.70264407688e-10	1.03173697141e-07
8.73936292036e-10	1.10035990986e-07
8.77608176383e-10	1.53267393443e-07
8.81280060731e-10	1.95089256749e-07
8.84951945079e-10	1.95077092258e-07
8.88623829426e-10	1.29078955524e-07
8.92295713774e-10	1.22829035831e-09
8.95967598121e-10	-1.56282936814e-07
8.99639482469e-10	-2.95674254858e-07
9.03311366817e-10	-3.72973801177e-07
9.06983251164e-10	-3.66051040146e-07
9.10655135512e-10	-2.83636950371e-07
9.14327019859e-10	-1.61546040545e-07
9.17998904207e-10	-4.77316035585e-08
9.21670788555e-10	1.75684391479e-08
9.25342672902e-10	1.82969266405e-08
9.2901455725e-10	-3.12478398712e-08
9.32686441597e-10	-9.31851360519e-08
9.36358325945e-10	-1.23001441921e-07
9.40030210293e-10	-8.95127740819e-08
9.4370209464e-10	1.07226787449e-08
9.47373978988e-10	1.50856124037e-07
9.51045863335e-10	2.84280417873e-07
9.54717747683e-10	3.63770084277e-07
9.58389632031e-10	3.6100016132e-07
9.62061516378e-10	2.78112395335e-07
9.65733400726e-10	1.46493974285e-07
9.69405285074e-10	1.34706938937e-08
9.73077169421e-10	-7.73194628323e-08
9.76749053769e-10	-1.0359407554e-07
9.80420938116e-10	-7.28018676455e-08
9.84092822464e-10	-1.78187953281e-08
9.87764706812e-10	1.81832131574e-08
9.91436591159e-10	1.31554678262e-09
9.95108475507e-10	-7.7301102408e-08
9.98780359854e-10	-1.96481693138e-07
1.0024522442e-09	-3.12950618309e-07
1.00612412855e-09	-3.79119853733e-07
1.0097960129e-09	-3.63100014056e-07
1.01346789724e-09	-2.62353637481e-07
1.01713978159e-09	-1.05134276396e-07
1.02081166594e-09	6.07975749745e-08
1.02448355029e-09	1.87224060255e-07
1.02815543464e-09	2.44170450969e-07
1.03182731898e-09	2.30524648259e-07
1.03549920333e-09	1.72451777303e-07
1.03917108768e-09	1.10609789772e-07
1.04284297203e-09	8.17269736331e-08
1.04651485637e-09	1.02304895222e-07
1.05018674072e-09	1.61303802315e-07
1.05385862507e-09	2.24942809268e-07
1.05753050942e-09	2.51680347674e-07
1.06120239376e-09	2.11032002539e-07
1.06487427811e-09	9.80790844096e-08
1.06854616246e-09	-6.27437799494e-08
1.07221804681e-09	-2.26351176025e-07
1.07588993115e-09	-3.44490729276e-07
1.0795618155e-09	-3.84502016004e-07
1.08323369985e-09	-3.41435082873e-07
1.0869055842e-09	-2.38688613763e-07
1.09057746854e-09	-1.1731943772e-07
1.09424935289e-09	-1.88367224041e-08
1.09792123724e-09	3.12660333179e-08
1.10159312159e-09	3.25829105918e-08
1.10526500593e-09	7.98782817668e-09
1.10893689028e-09	-8.06660960251e-09
1.11260877463e-09	1.38899602931e-08
1.11628065898e-09	8.40241227706e-08
1.11995254333e-09	1.87366879345e-07
1.12362442767e-09	2.89160368538e-07
1.12729631202e-09	3.491857683e-07
1.13096819637e-09	3.38860104421e-07
1.13464008072e-09	2.53625501045e-07
1.13831196506e-09	1.15301169501e-07
1.14198384941e-09	-3.64113361684e-08
1.14565573376e-09	-1.593943324e-07
1.14932761811e-09	-2.24905662094e-07
1.15299950245e-09	-2.27292531463e-07
1.1566713868e-09	-1.84057128649e-07
1.16034327115e-09	-1.26743827877e-07
1.1640151555e-09	-8.66978666636e-08
1.16768703984e-09	-8.16400813619e-08
1.17135892419e-09	-1.08549222944e-07
1.17503080854e-09	-1.45761447357e-07
1.17870269289e-09	-1.63363139905e-07
1.18237457723e-09	-1.37349175588e-07
1.18604646158e-09	-6.12925816768e-08
1.18971834593e-09	4.97047345505e-08
1.19339023028e-09	1.64530973734e-07
1.19706211463e-09	2.48517096679e-07
1.20073399897e-09	2.77249824876e-07
1.20440588332e-09	2.45814163691e-07
1.20807776767e-09	1.698438723e-07
1.21174965202e-09	7.84234828188e-08
1.21542153636e-09	2.19349516328e-09
1.21909342071e-09	-3.83752194466e-08
1.22276530506e-09	-3.99805486495e-08
1.22643718941e-09	-1.6261935798e-08
1.23010907375e-09	9.30628285545e-09
1.2337809581e-09	1.43550646925e-08
1.23745284245e-09	-1.22165246808e-08
1.2411247268e-09	-6.52180744964e-08
1.24479661114e-09	-1.25485172475e-07
1.24846849549e-09	-1.68465362549e-07
1.25214037984e-09	-1.75133834546e-07
1.25581226419e-09	-1.4027112627e-07
1.25948414853e-09	-7.4528912819e-08
1.26315603288e-09	3.13418069275e-10
1.26682791723e-09	6.04272543114e-08
1.27049980158e-09	8.92638496452e-08
1.27417168592e-09	8.33659470345e-08
1.27784357027e-09	5.27009476059e-08
1.28151545462e-09	1.58035238229e-08
1.28518733897e-09	-8.10983991073e-09
1.28885922332e-09	-6.93600288315e-09
1.29253110766e-09	1.96195486524e-08
1.29620299201e-09	6.03110379416e-08
1.29987487636e-09	9.74631717554e-08
1.30354676071e-09	1.14746519841e-07
1.30721864505e-09	1.0415430296e-07
1.3108905294e-09	6.90719588192e-08
1.31456241375e-09	2.21890381624e-08
1.3182342981e-09	-2.04910914903e-08
1.32190618244e-09	-4.65635707769e-08
1.32557806679e-09	-5.1929234246e-08
1.32924995114e-09	-4.15536156595e-08
1.33292183549e-09	-2.64594586241e-08
1.33659371983e-09	-1.86053146223e-08
1.34026560418e-09	-2.58183519009e-08
1.34393748853e-09	-4.85956448415e-08
1.34760937288e-09	-7.98258454893e-08
1.35128125722e-09	-1.07482847511e-07
1.35495314157e-09	-1.19344846894e-07
1.35862502592e-09	-1.07916036995e-07
1.36229691027e-09	-7.34924370249e-08
1.36596879461e-09	-2.39706210436e-08
1.36964067896e-09	2.85006223066e-08
1.37331256331e-09	7.23943642811e-08
1.37698444766e-09	1.00876086151e-07
1.38065633201e-09	1.1332277694e-07
1.38432821635e-09	1.14005274554e-07
1.3880001007e-09	1.09027482154e-07
1.39167198505e-09	1.03180354927e-07
1.3953438694e-09	9.79794450018e-08
1.39901575374e-09	9.13787943091e-08
1.40268763809e-09	7.89658187728e-08
1.40635952244e-09	5.6131462145e-08
1.41003140679e-09	2.05110488594e-08
1.41370329113e-09	-2.6159586497e-08
1.41737517548e-09	-7.76435484795e-08
1.42104705983e-09	-1.24696612147e-07
1.42471894418e-09	-1.58028299779e-07
1.42839082852e-09	-1.71451233655e-07
1.43206271287e-09	-1.63728032021e-07
1.43573459722e-09	-1.3832001855e-07
1.43940648157e-09	-1.01386135043e-07
1.44307836591e-09	-5.92726756565e-08
1.44675025026e-09	-1.67212892421e-08
1.45042213461e-09	2.36354491534e-08
1.45409401896e-09	6.07458900959e-08
1.45776590331e-09	9.41712130498e-08
1.46143778765e-09	1.23161754573e-07
1.465109672e-09	1.46004609292e-07
1.46878155635e-09	1.59813779987e-07
1.4724534407e-09	1.60996492582e-07
1.47612532504e-09	1.46489597341e-07
1.47979720939e-09	1.15427731373e-07
1.48346909374e-09	7.03861715579e-08
1.48714097809e-09	1.734979449e-08
1.49081286243e-09	-3.58428948743e-08
1.49448474678e-09	-8.18759247068e-08
1.49815663113e-09	-1.15952360602e-07
1.50182851548e-09	-1.36460414524e-07
1.50550039982e-09	-1.44245078104e-07
1.50917228417e-09	-1.41191179637e-07
1.51284416852e-09	-1.29016882511e-07
1.51651605287e-09	-1.08770350948e-07
1.52018793721e-09	-8.098222537e-08
1.52385982156e-09	-4.62013787228e-08
1.52753170591e-09	-5.67599833801e-09
1.53120359026e-09	3.79567666187e-08
1.5348754746e-09	8.02750506068e-08
1.53854735895e-09	1.15395621947e-07
1.5422192433e-09	1.3731994386e-07
1.54589112765e-09	1.4198481324e-07
1.549563012e-09	1.29067288412e-07
1.55323489634e-09	1.0243346793e-07
1.55690678069e-09	6.87741490424e-08
1.56057866504e-09	3.50242146396e-08
1.56425054939e-09	5.88993653849e-09
1.56792243373e-09	-1.72829928147e-08
1.57159431808e-09	-3.59263268024e-08
1.57526620243e-09	-5.24899448351e-08
1.57893808678e-09	-6.85216292595e-08
1.58260997112e-09	-8.34143563111e-08
1.58628185547e-09	-9.4235794279e-08
1.58995373982e-09	-9.66389706036e-08
1.59362562417e-09	-8.66328235816e-08
1.59729750851e-09	-6.27048351021e-08
1.60096939286e-09	-2.74573110914e-08
1.60464127721e-09	1.22039907069e-08
1.60831316156e-09	4.68829384204e-08
1.6119850459e-09	6.80658445162e-08
1.61565693025e-09	7.16107422249e-08
1.6193288146e-09	5.95619304988e-08
1.62300069895e-09	3.92559300622e-08
1.62667258329e-09	2.00621546043e-08
1.63034446764e-09	9.3487546593e-09
1.63401635199e-09	9.54942702691e-09
1.63768823634e-09	1.75483076958e-08
1.64136012069e-09	2.64418993368e-08
1.64503200503e-09	2.87884347472e-08
1.64870388938e-09	2.00243270854e-08
1.65237577373e-09	7.62883589633e-10
1.65604765808e-09	-2.2951411438e-08
1.65971954242e-09	-4.1759808056e-08
1.66339142677e-09	-4.68990393188e-08
1.66706331112e-09	-3.44150770104e-08
1.67073519547e-09	-7.69106911491e-09
1.67440707981e-09	2.31989325528e-08
1.67807896416e-09	4.53882300633e-08
1.68175084851e-09	4.87433666763e-08
1.68542273286e-09	3.04424645492e-08
1.6890946172e-09	-3.57812468543e-09
1.69276650155e-09	-4.09693186043e-08
1.6964383859e-09	-6.79802383274e-08
1.70011027025e-09	-7.49241095832e-08
1.70378215459e-09	-5.9863694446e-08
1.70745403894e-09	-2.91751565129e-08
1.71112592329e-09	5.14385423145e-09
1.71479780764e-09	3.0387734995e-08
1.71846969199e-09	3.84392961905e-08
1.72214157633e-09	2.93128401552e-08
1.72581346068e-09	1.12901901161e-08
1.72948534503e-09	-2.72336464491e-09
1.73315722938e-09	-1.26468102657e-09
1.73682911372e-09	1.99007921253e-08
1.74050099807e-09	5.50757555118e-08
1.74417288242e-09	9.04811514602e-08
1.74784476677e-09	1.09934532588e-07
1.75151665111e-09	1.01806989505e-07
1.75518853546e-09	6.41542783342e-08
1.75886041981e-09	5.86608894793e-09
1.76253230416e-09	-5.65257671781e-08
1.7662041885e-09	-1.04979335447e-07
1.76987607285e-09	-1.26588361127e-07
1.7735479572e-09	-1.18220285117e-07
1.77721984155e-09	-8.73728467354e-08
1.78089172589e-09	-4.88262585918e-08
1.78456361024e-09	-1.82911570334e-08
1.78823549459e-09	-5.60797674964e-09
1.79190737894e-09	-1.04825348402e-08
1.79557926328e-09	-2.28220908838e-08
1.79925114763e-09	-2.76936180654e-08
1.80292303198e-09	-1.27019195162e-08
1.80659491633e-09	2.56302605806e-08
1.81026680068e-09	7.94458259179e-08
1.81393868502e-09	1.32178797685e-07
1.81761056937e-09	1.65009296893e-07
1.82128245372e-09	1.6435748762e-07
1.82495433807e-09	1.27365623825e-07
1.82862622241e-09	6.32663557099e-08
1.83229810676e-09	-9.84010828375e-09
1.83596999111e-09	-7.15792793926e-08
1.83964187546e-09	-1.06793862642e-07
1.8433137598e-09	-1.10998726655e-07
1.84698564415e-09	-9.15186149086e-08
1.8506575285e-09	-6.36941450693e-08
1.85432941285e-09	-4.36943849991e-08
1.85800129719e-09	-4.10979588139e-08
1.86167318154e-09	-5.46279501634e-08
1.86534506589e-09	-7.29836102664e-08
1.86901695024e-09	-8.03259254667e-08
1.87268883458e-09	-6.38429042965e-08
1.87636071893e-09	-1.99958734015e-08
1.88003260328e-09	4.31965894165e-08
1.88370448763e-09	1.08685739519e-07
1.88737637197e-09	1.56619563541e-07
1.89104825632e-09	1.71805780269e-07
1.89472014067e-09	1.49537342509e-07
1.89839202502e-09	9.75083196408e-08
1.90206390937e-09	3.29547376055e-08
1.90573579371e-09	-2.39837554261e-08
1.90940767806e-09	-5.80612251611e-08
1.91307956241e-09	-6.4602822647e-08
1.91675144676e-09	-5.05793948946e-08
1.9204233311e-09	-3.06323215682e-08
1.92409521545e-09	-1.99137346613e-08
1.9277670998e-09	-2.70410396297e-08
1.93143898415e-09	-5.02936146063e-08
1.93511086849e-09	-7.85660816405e-08
1.93878275284e-09	-9.64359614386e-08
1.94245463719e-09	-9.10356448003e-08
1.94612652154e-09	-5.78579957278e-08
1.94979840588e-09	-3.19360071721e-09
1.95347029023e-09	5.77448595607e-08
1.95714217458e-09	1.06343051698e-07
1.96081405893e-09	1.27655454207e-07
1.96448594327e-09	1.16224484259e-07
1.96815782762e-09	7.81842999231e-08
1.97182971197e-09	2.8653449391e-08
1.97550159632e-09	-1.45448328936e-08
1.97917348067e-09	-3.81013158801e-08
1.98284536501e-09	-3.82112688158e-08
1.98651724936e-09	-2.12535979927e-08
1.99018913371e-09	-1.06087583163e-10
1.99386101806e-09	1.20182264141e-08
1.9975329024e-09	7.43036299156e-09
2.00120478675e-09	-1.28912667208e-08
2.0048766711e-09	-3.99550010854e-08
2.00854855545e-09	-6.07562924415e-08
2.01222043979e-09	-6.39212629494e-08
2.01589232414e-09	-4.47399841619e-08
2.01956420849e-09	-7.53556061994e-09
2.02323609284e-09	3.56870870633e-08
2.02690797718e-09	6.98888555917e-08
2.03057986153e-09	8.30467854485e-08
2.03425174588e-09	7.09983680736e-08
2.03792363023e-09	3.89494303477e-08
2.04159551457e-09	-9.64870405795e-10
2.04526739892e-09	-3.48357858115e-08
2.04893928327e-09	-5.24771763821e-08
2.05261116762e-09	-5.09181390385e-08
2.05628305196e-09	-3.46720483435e-08
2.05995493631e-09	-1.30292168166e-08
2.06362682066e-09	4.21888035618e-09
2.06729870501e-09	1.08268238819e-08
2.07097058936e-09	6.38462438474e-09
2.0746424737e-09	-3.92671317684e-09
2.07831435805e-09	-1.19411076582e-08
2.0819862424e-09	-1.03895967385e-08
2.08565812675e-09	3.59730645272e-09
2.08933001109e-09	2.69321436264e-08
2.09300189544e-09	5.17026172986e-08
2.09667377979e-09	6.8472139958e-08
2.10034566414e-09	7.01993272401e-08
2.10401754848e-09	5.49760521551e-08
2.10768943283e-09	2.64880899437e-08
2.11136131718e-09	-7.73684583066e-09
2.11503320153e-09	-3.9253723827e-08
2.11870508587e-09	-6.14676594068e-08
2.12237697022e-09	-7.12799348435e-08
2.12604885457e-09	-6.92880135489e-08
2.12972073892e-09	-5.87784256822e-08
2.13339262326e-09	-4.40463452378e-08
2.13706450761e-09	-2.8698515564e-08
2.14073639196e-09	-1.45392222706e-08
2.14440827631e-09	-1.44150735792e-09
2.14808016065e-09	1.1823918733e-08
2.151752045e-09	2.629019491e-08
2.15542392935e-09	4.17651477846e-08
2.1590958137e-09	5.66137998703e-08
2.16276769805e-09	6.8362439265e-08
2.16643958239e-09	7.46312167621e-08
2.17011146674e-09	7.37947445373e-08
2.17378335109e-09	6.5120403292e-08
2.17745523544e-09	4.86048854498e-08
2.18112711978e-09	2.49382292594e-08
2.18479900413e-09	-4.20817380942e-09
2.18847088848e-09	-3.5791131836e-08
2.19214277283e-09	-6.5373839675e-08
2.19581465717e-09	-8.77994636994e-08
2.19948654152e-09	-9.84741745924e-08
2.20315842587e-09	-9.4801258399e-08
2.20683031022e-09	-7.71985355641e-08
2.21050219456e-09	-4.92797305185e-08
2.21417407891e-09	-1.70409872879e-08
2.21784596326e-09	1.2809922012e-08
2.22151784761e-09	3.49529116761e-08
2.22518973195e-09	4.72662335937e-08
2.2288616163e-09	5.15151725722e-08
2.23253350065e-09	5.23712344602e-08
2.236205385e-09	5.49315331e-08
2.23987726935e-09	6.17721838125e-08
2.24354915369e-09	7.10243810431e-08
2.24722103804e-09	7.66571730537e-08
2.25089292239e-09	7.10853527153e-08
2.25456480674e-09	4.90104561379e-08
2.25823669108e-09	1.06950190926e-08
2.26190857543e-09	-3.6942992665e-08
2.26558045978e-09	-8.20762409148e-08
2.26925234413e-09	-1.11980128281e-07
2.27292422847e-09	-1.17777048558e-07
2.27659611282e-09	-9.8038455576e-08
2.28026799717e-09	-5.97025575644e-08
2.28393988152e-09	-1.57303912118e-08
2.28761176586e-09	1.98097112047e-08
2.29128365021e-09	3.73492738959e-08
2.29495553456e-09	3.57240708126e-08
2.29862741891e-09	2.24813252458e-08
2.30229930325e-09	1.02216102249e-08
2.3059711876e-09	1.04649027222e-08
2.30964307195e-09	2.78240168683e-08
2.3133149563e-09	5.72608449545e-08
2.31698684064e-09	8.58222577449e-08
2.32065872499e-09	9.82025127882e-08
2.32433060934e-09	8.37134592757e-08
2.32800249369e-09	4.16162073691e-08
2.33167437804e-09	-1.75728906981e-08
2.33534626238e-09	-7.55035358679e-08
2.33901814673e-09	-1.12917774686e-07
2.34269003108e-09	-1.17339503447e-07
2.34636191543e-09	-8.83420909759e-08
2.35003379977e-09	-3.80197917593e-08
2.35370568412e-09	1.37965798785e-08
2.35737756847e-09	4.77527208886e-08
2.36104945282e-09	5.31352881694e-08
2.36472133716e-09	3.2340192746e-08
2.36839322151e-09	-4.52457404876e-10
2.37206510586e-09	-2.59041250672e-08
2.37573699021e-09	-2.84999917e-08
2.37940887455e-09	-3.86319953805e-09
2.3830807589e-09	3.88891550074e-08
2.38675264325e-09	8.08188929113e-08
2.3904245276e-09	1.01323365698e-07
2.39409641194e-09	8.73019985193e-08
2.39776829629e-09	3.94090058364e-08
2.40144018064e-09	-2.73664078065e-08
2.40511206499e-09	-8.92441036626e-08
2.40878394933e-09	-1.23185230905e-07
2.41245583368e-09	-1.16482681278e-07
2.41612771803e-09	-7.22588424651e-08
2.41979960238e-09	-8.34713631548e-09
2.42347148673e-09	5.01408479181e-08
2.42714337107e-09	8.14161325025e-08
2.43081525542e-09	7.6154726969e-08
2.43448713977e-09	4.11529725852e-08
2.43815902412e-09	-4.0889140962e-09
2.44183090846e-09	-3.62985730362e-08
2.44550279281e-09	-3.89297731829e-08
2.44917467716e-09	-9.63825463884e-09
2.45284656151e-09	3.84819216492e-08
2.45651844585e-09	8.24555570489e-08
2.4601903302e-09	9.94418485334e-08
2.46386221455e-09	7.69735848394e-08
2.4675340989e-09	1.90023428104e-08
2.47120598324e-09	-5.49788907733e-08
2.47487786759e-09	-1.17569932456e-07
2.47854975194e-09	-1.44736787888e-07
2.48222163629e-09	-1.25909622284e-07
2.48589352063e-09	-6.84958365582e-08
2.48956540498e-09	5.22487031418e-09
2.49323728933e-09	6.74976021742e-08
2.49690917368e-09	9.66981517081e-08
2.50058105802e-09	8.61176232547e-08
2.50425294237e-09	4.62038016735e-08
2.50792482672e-09	-5.91928728255e-10
2.51159671107e-09	-3.00303639733e-08
2.51526859542e-09	-2.69254556429e-08
2.51894047976e-09	8.03768607227e-09
2.52261236411e-09	5.84366972589e-08
2.52628424846e-09	9.91879787193e-08
2.52995613281e-09	1.07600776289e-07
2.53362801715e-09	7.36717282734e-08
2.5372999015e-09	5.12453812718e-09
2.54097178585e-09	-7.51282414058e-08
2.5446436702e-09	-1.3813878752e-07
2.54831555454e-09	-1.6082205434e-07
2.55198743889e-09	-1.35478089192e-07
2.55565932324e-09	-7.28443367848e-08
2.55933120759e-09	2.58570898026e-09
2.56300309193e-09	6.28974703432e-08
2.56667497628e-09	8.82725217366e-08
2.57034686063e-09	7.48130872807e-08
2.57401874498e-09	3.54416798132e-08
2.57769062932e-09	-6.37431307737e-09
2.58136251367e-09	-2.73180997823e-08
2.58503439802e-09	-1.47335192935e-08
2.58870628237e-09	2.75652638493e-08
2.59237816672e-09	8.07245044143e-08
2.59605005106e-09	1.18975357566e-07
2.59972193541e-09	1.20990833352e-07
2.60339381976e-09	7.95656660557e-08
2.60706570411e-09	5.36199395995e-09
2.61073758845e-09	-7.69661667732e-08
2.6144094728e-09	-1.38664574934e-07
2.61808135715e-09	-1.58552026619e-07
2.6217532415e-09	-1.31517339241e-07
2.62542512584e-09	-7.02797393615e-08
2.62909701019e-09	2.27377672246e-10
2.63276889454e-09	5.33823545368e-08
2.63644077889e-09	7.18257666676e-08
2.64011266323e-09	5.42477280874e-08
2.64378454758e-09	1.5225923633e-08
2.64745643193e-09	-2.17351701082e-08
2.65112831628e-09	-3.49314284165e-08
2.65480020062e-09	-1.43291423171e-08
2.65847208497e-09	3.37116432547e-08
2.66214396932e-09	8.89406877036e-08
2.66581585367e-09	1.25910645465e-07
2.66948773801e-09	1.2511016223e-07
2.67315962236e-09	8.17133809505e-08
2.67683150671e-09	8.14524803161e-09
2.68050339106e-09	-7.06573572984e-08
2.68417527541e-09	-1.2726511045e-07
2.68784715975e-09	-1.42805561154e-07
2.6915190441e-09	-1.1439950498e-07
2.69519092845e-09	-5.59312240966e-08
2.6988628128e-09	8.08049804846e-09
2.70253469714e-09	5.28552206447e-08
2.70620658149e-09	6.35741201904e-08
2.70987846584e-09	4.11649558885e-08
2.71355035019e-09	1.25517196636e-09
2.71722223453e-09	-3.31844525192e-08
2.72089411888e-09	-4.22994403948e-08
2.72456600323e-09	-1.83631012618e-08
2.72823788758e-09	3.05713072635e-08
2.73190977192e-09	8.39737026581e-08
2.73558165627e-09	1.17660412968e-07
2.73925354062e-09	1.14318822853e-07
2.74292542497e-09	7.11923604513e-08
2.74659730931e-09	1.63324243019e-09
2.75026919366e-09	-7.01206062104e-08
2.75394107801e-09	-1.18716357633e-07
2.75761296236e-09	-1.2787579351e-07
2.7612848467e-09	-9.67590949585e-08
2.76495673105e-09	-3.98979587146e-08
2.7686286154e-09	1.91784383929e-08
2.77230049975e-09	5.78820689157e-08
2.7759723841e-09	6.38444461742e-08
2.77964426844e-09	3.96407600078e-08
2.78331615279e-09	1.02606501073e-09
2.78698803714e-09	-3.04666514239e-08
2.79065992149e-09	-3.7304168643e-08
2.79433180583e-09	-1.3851275682e-08
2.79800369018e-09	3.10246051072e-08
2.80167557453e-09	7.77298794219e-08
2.80534745888e-09	1.04432977821e-07
2.80901934322e-09	9.65743112147e-08
2.81269122757e-09	5.33255466451e-08
2.81636311192e-09	-1.17392087162e-08
2.82003499627e-09	-7.59985283594e-08
2.82370688061e-09	-1.16874460332e-07
2.82737876496e-09	-1.20836347151e-07
2.83105064931e-09	-8.85871571654e-08
2.83472253366e-09	-3.43511068479e-08
2.838394418e-09	2.03373211605e-08
2.84206630235e-09	5.56500836524e-08
2.8457381867e-09	6.14677162503e-08
2.84941007105e-09	4.10260838635e-08
2.8530819554e-09	8.77498962382e-09
2.85675383974e-09	-1.65083200443e-08
2.86042572409e-09	-2.02851122566e-08
2.86409760844e-09	1.22640009259e-09
2.86776949279e-09	3.9356933712e-08
2.87144137713e-09	7.67731620499e-08
2.87511326148e-09	9.50309839709e-08
2.87878514583e-09	8.2622953812e-08
2.88245703018e-09	4.00918835908e-08
2.88612891452e-09	-1.98920702132e-08
2.88980079887e-09	-7.74711850227e-08
2.89347268322e-09	-1.13432705007e-07
2.89714456757e-09	-1.1668662836e-07
2.90081645191e-09	-8.83373090232e-08
2.90448833626e-09	-4.07650446732e-08
2.90816022061e-09	7.78206654672e-09
2.91183210496e-09	4.0739362106e-08
2.9155039893e-09	4.97325416404e-08
2.91917587365e-09	3.73731410264e-08
2.922847758e-09	1.52891814764e-08
2.92651964235e-09	-1.58945745454e-09
2.93019152669e-09	-1.93680116389e-09
2.93386341104e-09	1.6878216158e-08
2.93753529539e-09	4.76264325755e-08
2.94120717974e-09	7.63776100143e-08
2.94487906409e-09	8.85320901034e-08
2.94855094843e-09	7.51394964027e-08
2.95222283278e-09	3.68735229017e-08
2.95589471713e-09	-1.59344537565e-08
2.95956660148e-09	-6.71538629149e-08
2.96323848582e-09	-1.00999145047e-07
2.96691037017e-09	-1.07952040196e-07
2.97058225452e-09	-8.81092816485e-08
2.97425413887e-09	-5.06642940934e-08
2.97792602321e-09	-9.85509274187e-09
2.98159790756e-09	2.0867688022e-08
2.98526979191e-09	3.39997008325e-08
2.98894167626e-09	3.03877314423e-08
2.9926135606e-09	1.80211650047e-08
2.99628544495e-09	7.89902188103e-09
2.9999573293e-09	8.85133477624e-09
3.00362921365e-09	2.35229453693e-08
3.00730109799e-09	4.71569059357e-08
3.01097298234e-09	6.95815245422e-08
3.01464486669e-09	7.95159778022e-08
3.01831675104e-09	6.93888395631e-08
3.02198863538e-09	3.87222769405e-08
3.02566051973e-09	-5.28783328235e-09
3.02933240408e-09	-5.02342523134e-08
3.03300428843e-09	-8.30332282931e-08
3.03667617278e-09	-9.47249034766e-08
3.04034805712e-09	-8.36235187762e-08
3.04401994147e-09	-5.55917765155e-08
3.04769182582e-09	-2.1398948391e-08
3.05136371017e-09	7.66573560185e-09
3.05503559451e-09	2.40975346344e-08
3.05870747886e-09	2.66637378843e-08
3.06237936321e-09	2.01884571283e-08
3.06605124756e-09	1.2861598897e-08
3.0697231319e-09	1.22979537664e-08
3.07339501625e-09	2.19948148583e-08
3.0770669006e-09	3.96352639598e-08
3.08073878495e-09	5.79157983793e-08
3.08441066929e-09	6.75726568033e-08
3.08808255364e-09	6.1389201278e-08
3.09175443799e-09	3.75287605436e-08
3.09542632234e-09	7.79527109529e-10
3.09909820668e-09	-3.88907537285e-08
3.10277009103e-09	-6.99319286923e-08
3.10644197538e-09	-8.35114022379e-08
3.11011385973e-09	-7.67444845451e-08
3.11378574408e-09	-5.35556381465e-08
3.11745762842e-09	-2.28684662318e-08
3.12112951277e-09	5.05490405089e-09
3.12480139712e-09	2.25860112835e-08
3.12847328147e-09	2.74131828348e-08
3.13214516581e-09	2.29084324843e-08
3.13581705016e-09	1.61166031631e-08
3.13948893451e-09	1.42526905833e-08
3.14316081886e-09	2.12035651259e-08
3.1468327032e-09	3.55343239278e-08
3.15050458755e-09	5.09070794408e-08
3.1541764719e-09	5.87964521515e-08
3.15784835625e-09	5.237414058e-08
3.16152024059e-09	2.98575137947e-08
3.16519212494e-09	-4.20364010267e-09
3.16886400929e-09	-4.03377526936e-08
3.17253589364e-09	-6.770611094e-08
3.17620777798e-09	-7.82801592436e-08
3.17987966233e-09	-6.98731525972e-08
3.18355154668e-09	-4.67710528085e-08
3.18722343103e-09	-1.77660730571e-08
3.19089531537e-09	7.52326201336e-09
3.19456719972e-09	2.24740421828e-08
3.19823908407e-09	2.58393075825e-08
3.20191096842e-09	2.17237641209e-08
3.20558285277e-09	1.7202181013e-08
3.20925473711e-09	1.86450304085e-08
3.21292662146e-09	2.83967498405e-08
3.21659850581e-09	4.33554419033e-08
3.22027039016e-09	5.61717854453e-08
3.2239422745e-09	5.86014721193e-08
3.22761415885e-09	4.54964315111e-08
3.2312860432e-09	1.75833996252e-08
3.23495792755e-09	-1.83045898439e-08
3.23862981189e-09	-5.17050722237e-08
3.24230169624e-09	-7.26309679067e-08
3.24597358059e-09	-7.55026263732e-08
3.24964546494e-09	-6.12088015828e-08
3.25331734928e-09	-3.64551198118e-08
3.25698923363e-09	-1.07298756546e-08
3.26066111798e-09	7.7628801165e-09
3.26433300233e-09	1.54447334921e-08
3.26800488667e-09	1.45273482133e-08
3.27167677102e-09	1.14884297631e-08
3.27534865537e-09	1.35332669515e-08
3.27902053972e-09	2.46622047229e-08
3.28269242406e-09	4.3216672907e-08
3.28636430841e-09	6.21509954613e-08
3.29003619276e-09	7.2035930998e-08
3.29370807711e-09	6.5460447729e-08
3.29737996146e-09	4.07891569409e-08
3.3010518458e-09	3.46949935448e-09
3.30472373015e-09	-3.57868934486e-08
3.3083956145e-09	-6.51886011838e-08
3.31206749885e-09	-7.65751977383e-08
3.31573938319e-09	-6.85935148681e-08
3.31941126754e-09	-4.6976140311e-08
3.32308315189e-09	-2.18201314794e-08
3.32675503624e-09	-3.06311154219e-09
3.33042692058e-09	3.87465659557e-09
3.33409880493e-09	3.41841221996e-10
3.33777068928e-09	-6.44262154736e-09
3.34144257363e-09	-7.11455516722e-09
3.34511445797e-09	4.93489649145e-09
3.34878634232e-09	2.97654629833e-08
3.35245822667e-09	6.00851066679e-08
3.35613011102e-09	8.39822718035e-08
3.35980199536e-09	9.00755878774e-08
3.36347387971e-09	7.27732043515e-08
3.36714576406e-09	3.52047493379e-08
3.37081764841e-09	-1.1568804581e-08
3.37448953276e-09	-5.27995389632e-08
3.3781614171e-09	-7.59343095069e-08
3.38183330145e-09	-7.56129168167e-08
3.3855051858e-09	-5.56378481065e-08
3.38917707015e-09	-2.70743747421e-08
3.39284895449e-09	-3.26856941513e-09
3.39652083884e-09	6.09372552418e-09
3.40019272319e-09	-7.02720548418e-10
3.40386460754e-09	-1.66814881908e-08
3.40753649188e-09	-2.94840027948e-08
3.41120837623e-09	-2.73295270858e-08
3.41488026058e-09	-4.96892660351e-09
3.41855214493e-09	3.31529896869e-08
3.42222402927e-09	7.41092662793e-08
3.42589591362e-09	1.01691547627e-07
3.42956779797e-09	1.03356420311e-07
3.43323968232e-09	7.58530944722e-08
3.43691156666e-09	2.70233080357e-08
3.44058345101e-09	-2.7057483365e-08
3.44425533536e-09	-6.84194816358e-08
3.44792721971e-09	-8.43728003019e-08
3.45159910405e-09	-7.25086906073e-08
3.4552709884e-09	-4.14241014823e-08
3.45894287275e-09	-6.81742040598e-09
3.4626147571e-09	1.54395802809e-08
3.46628664145e-09	1.63134856734e-08
3.46995852579e-09	-2.37433717132e-09
3.47363041014e-09	-2.8783933459e-08
3.47730229449e-09	-4.64880862694e-08
3.48097417884e-09	-4.21523864702e-08
3.48464606318e-09	-1.20268905945e-08
3.48831794753e-09	3.57107801108e-08
3.49198983188e-09	8.38953653215e-08
3.49566171623e-09	1.13374191812e-07
3.49933360057e-09	1.11074271558e-07
3.50300548492e-09	7.56823013148e-08
3.50667736927e-09	1.85260216057e-08
3.51034925362e-09	-4.0747600849e-08
3.51402113796e-09	-8.19452736778e-08
3.51769302231e-09	-9.23712875078e-08
3.52136490666e-09	-7.18092323382e-08
3.52503679101e-09	-3.23155120441e-08
3.52870867535e-09	7.15211401214e-09
3.5323805597e-09	2.90436847905e-08
3.53605244405e-09	2.48824498783e-08
3.5397243284e-09	-1.08186970493e-09
3.54339621274e-09	-3.38877157446e-08
3.54706809709e-09	-5.46780505317e-08
3.55073998144e-09	-4.93210166042e-08
3.55441186579e-09	-1.50351091577e-08
3.55808375014e-09	3.78754556607e-08
3.56175563448e-09	8.99293155499e-08
3.56542751883e-09	1.20377407598e-07
3.56909940318e-09	1.15803182155e-07
3.57277128753e-09	7.5853705539e-08
3.57644317187e-09	1.36978481891e-08
3.58011505622e-09	-4.90373750495e-08
3.58378694057e-09	-9.08498805074e-08
3.58745882492e-09	-9.89416903963e-08
3.59113070926e-09	-7.42034416135e-08
3.59480259361e-09	-3.04505931581e-08
3.59847447796e-09	1.17877290151e-08
3.60214636231e-09	3.42473640558e-08
3.60581824665e-09	2.87723835868e-08
3.609490131e-09	6.18185946877e-10
3.61316201535e-09	-3.41492238931e-08
3.6168338997e-09	-5.59546933232e-08
3.62050578404e-09	-5.05013346697e-08
3.62417766839e-09	-1.52944270582e-08
3.62784955274e-09	3.88492331638e-08
3.63152143709e-09	9.19219544926e-08
3.63519332144e-09	1.22798653024e-07
3.63886520578e-09	1.17954435552e-07
3.64253709013e-09	7.72215216216e-08
3.64620897448e-09	1.41394362885e-08
3.64988085883e-09	-4.93433738313e-08
3.65355274317e-09	-9.16595510603e-08
3.65722462752e-09	-1.00221939192e-07
3.66089651187e-09	-7.61732366072e-08
3.66456839622e-09	-3.33149827725e-08
3.66824028056e-09	8.23602963607e-09
3.67191216491e-09	3.08194358922e-08
3.67558404926e-09	2.66421551487e-08
3.67925593361e-09	7.31347427063e-10
3.68292781795e-09	-3.16707726711e-08
3.6865997023e-09	-5.20294705098e-08
3.69027158665e-09	-4.67803751292e-08
3.693943471e-09	-1.34657547335e-08
3.69761535534e-09	3.78051581151e-08
3.70128723969e-09	8.82230182242e-08
3.70495912404e-09	1.17905045727e-07
3.70863100839e-09	1.14132056694e-07
3.71230289273e-09	7.67061862916e-08
3.71597477708e-09	1.81406853983e-08
3.71964666143e-09	-4.14097272028e-08
3.72331854578e-09	-8.22767063369e-08
3.72699043013e-09	-9.29749432999e-08
3.73066231447e-09	-7.42566470535e-08
3.73433419882e-09	-3.79804347972e-08
3.73800608317e-09	-1.51861023756e-09
3.74167796752e-09	1.97783123213e-08
3.74534985186e-09	1.8864071194e-08
3.74902173621e-09	-4.74234429504e-10
3.75269362056e-09	-2.57455479158e-08
3.75636550491e-09	-4.15228313955e-08
3.76003738925e-09	-3.63980916518e-08
3.7637092736e-09	-8.18157541715e-09
3.76738115795e-09	3.4858771869e-08
3.7710530423e-09	7.72551942418e-08
3.77472492664e-09	1.02704156291e-07
3.77839681099e-09	1.00780951584e-07
3.78206869534e-09	7.11428000955e-08
3.78574057969e-09	2.34993802195e-08
3.78941246403e-09	-2.64545381157e-08
3.79308434838e-09	-6.32770635889e-08
3.79675623273e-09	-7.75117570129e-08
3.80042811708e-09	-6.86810750494e-08
3.80410000142e-09	-4.45659864567e-08
3.80777188577e-09	-1.73452203711e-08
3.81144377012e-09	1.67283431551e-09
3.81511565447e-09	6.56182086445e-09
3.81878753882e-09	-1.22697141336e-09
3.82245942316e-09	-1.40750726629e-08
3.82613130751e-09	-2.19978328886e-08
3.82980319186e-09	-1.73221064159e-08
3.83347507621e-09	1.78759118619e-09
3.83714696055e-09	3.04578016141e-08
3.8408188449e-09	5.91406532635e-08
3.84449072925e-09	7.75406334697e-08
3.8481626136e-09	7.86549634313e-08
3.85183449794e-09	6.12864141658e-08
3.85550638229e-09	3.01932061575e-08
3.85917826664e-09	-5.91448001686e-09
3.86285015099e-09	-3.75407012143e-08
3.86652203533e-09	-5.74939491571e-08
3.87019391968e-09	-6.28536156455e-08
3.87386580403e-09	-5.52958425715e-08
3.87753768838e-09	-3.98382198341e-08
3.88120957272e-09	-2.26134933001e-08
3.88488145707e-09	-8.56445847575e-09
3.88855334142e-09	6.05715477775e-11
3.89222522577e-09	3.94390564651e-09
3.89589711012e-09	5.76141179209e-09
3.89956899446e-09	8.64579607907e-09
3.90324087881e-09	1.47630672132e-08
3.90691276316e-09	2.44835547392e-08
3.91058464751e-09	3.62666057185e-08
3.91425653185e-09	4.70968117838e-08
3.9179284162e-09	5.32795780828e-08
3.92160030055e-09	5.14457738632e-08
3.9252721849e-09	3.96546724346e-08
3.92894406924e-09	1.83402271148e-08
3.93261595359e-09	-9.2652925332e-09
3.93628783794e-09	-3.75670801134e-08
3.93995972229e-09	-5.99600866735e-08
3.94363160663e-09	-7.07549503431e-08
3.94730349098e-09	-6.70410429393e-08
3.95097537533e-09	-4.97989169901e-08
3.95464725968e-09	-2.38163906374e-08
3.95831914402e-09	3.67931729528e-09
3.96199102837e-09	2.53149998741e-08
3.96566291272e-09	3.60966616597e-08
3.96933479707e-09	3.52470692633e-08
3.97300668141e-09	2.65387996023e-08
3.97667856576e-09	1.67643463556e-08
3.98035045011e-09	1.27574129039e-08
3.98402233446e-09	1.81358839058e-08
3.98769421881e-09	3.12519503609e-08
3.99136610315e-09	4.54525590499e-08
3.9950379875e-09	5.17439708858e-08
3.99870987185e-09	4.28369020256e-08
4.0023817562e-09	1.68210441132e-08
4.00605364054e-09	-2.1190672328e-08
4.00972552489e-09	-6.03040746228e-08
4.01339740924e-09	-8.76272281403e-08
4.01706929359e-09	-9.31967392148e-08
4.02074117793e-09	-7.40998729043e-08
4.02441306228e-09	-3.60528957799e-08
4.02808494663e-09	8.3950544294e-09
4.03175683098e-09	4.45355539114e-08
4.03542871532e-09	6.12746831052e-08
4.03910059967e-09	5.56119275075e-08
4.04277248402e-09	3.38009762402e-08
4.04644436837e-09	8.54156390062e-09
4.05011625271e-09	-6.70390010171e-09
4.05378813706e-09	-3.80809872524e-09
4.05746002141e-09	1.62106914559e-08
4.06113190576e-09	4.34082458867e-08
4.0648037901e-09	6.31364756032e-08
4.06847567445e-09	6.25069489502e-08
4.0721475588e-09	3.63588128494e-08
4.07581944315e-09	-9.83608394733e-09
4.0794913275e-09	-6.14671549215e-08
4.08316321184e-09	-1.00236512424e-07
4.08683509619e-09	-1.11447249651e-07
4.09050698054e-09	-9.01498395933e-08
4.09417886489e-09	-4.34843130392e-08
4.09785074923e-09	1.19277956401e-08
4.10152263358e-09	5.66027118509e-08
4.10519451793e-09	7.60814202749e-08
4.10886640228e-09	6.67117703301e-08
4.11253828662e-09	3.68187613731e-08
4.11621017097e-09	2.76412692735e-09
4.11988205532e-09	-1.83729103043e-08
4.12355393967e-09	-1.63221187677e-08
4.12722582401e-09	7.87119169843e-09
4.13089770836e-09	4.22580583859e-08
4.13456959271e-09	6.91449031365e-08
4.13824147706e-09	7.28398816818e-08
4.1419133614e-09	4.67443257435e-08
4.14558524575e-09	-3.24221449688e-09
4.1492571301e-09	-6.05489987038e-08
4.15292901445e-09	-1.04375452281e-07
4.1566008988e-09	-1.18129058535e-07
4.16027278314e-09	-9.63046460356e-08
4.16394466749e-09	-4.68417056254e-08
4.16761655184e-09	1.20916467949e-08
4.17128843619e-09	5.95225913003e-08
4.17496032053e-09	8.01375819037e-08
4.17863220488e-09	7.02082161297e-08
4.18230408923e-09	3.85607918929e-08
4.18597597358e-09	2.30351560049e-09
4.18964785792e-09	-2.07768398042e-08
4.19331974227e-09	-1.99158449732e-08
4.19699162662e-09	4.04445410496e-09
4.20066351097e-09	3.90835381836e-08
4.20433539531e-09	6.72566073945e-08
4.20800727966e-09	7.25791764467e-08
4.21167916401e-09	4.82024802295e-08
4.21535104836e-09	-2.03891792339e-10
4.2190229327e-09	-5.63777859952e-08
4.22269481705e-09	-9.99303892968e-08
4.2263667014e-09	-1.14629258974e-07
4.23003858575e-09	-9.49781266968e-08
4.23371047009e-09	-4.8348343995e-08
4.23738235444e-09	8.15483680583e-09
4.24105423879e-09	5.46753256003e-08
4.24472612314e-09	7.64821663779e-08
4.24839800749e-09	6.95063562262e-08
4.25206989183e-09	4.13698835189e-08
4.25574177618e-09	7.6171602359e-09
4.25941366053e-09	-1.51981076613e-08
4.26308554488e-09	-1.66581308747e-08
4.26675742922e-09	3.12507042466e-09
4.27042931357e-09	3.37035395148e-08
4.27410119792e-09	5.8976624473e-08
4.27777308227e-09	6.43521147481e-08
4.28144496661e-09	4.32901359204e-08
4.28511685096e-09	4.17672785247e-10
4.28878873531e-09	-5.01079355786e-08
4.29246061966e-09	-9.02462602426e-08
4.296132504e-09	-1.05313588961e-07
4.29980438835e-09	-8.97923513321e-08
4.3034762727e-09	-4.93822440717e-08
4.30714815705e-09	1.43847556089e-09
4.31082004139e-09	4.52435386933e-08
4.31449192574e-09	6.84695322661e-08
4.31816381009e-09	6.64618298174e-08
4.32183569444e-09	4.47686261396e-08
4.32550757878e-09	1.62350239918e-08
4.32917946313e-09	-4.81828577037e-09
4.33285134748e-09	-8.84141648783e-09
4.33652323183e-09	4.93402296797e-09
4.34019511618e-09	2.84014625151e-08
4.34386700052e-09	4.83683813002e-08
4.34753888487e-09	5.25218730729e-08
4.35121076922e-09	3.49668631827e-08
4.35488265357e-09	-1.01351882442e-09
4.35855453791e-09	-4.40751328767e-08
4.36222642226e-09	-7.92643390923e-08
4.36589830661e-09	-9.39256210586e-08
4.36957019096e-09	-8.26547363886e-08
4.3732420753e-09	-4.93392917633e-08
4.37691395965e-09	-5.5184541381e-09
4.380585844e-09	3.42272414855e-08
4.38425772835e-09	5.79609391593e-08
4.38792961269e-09	6.08200707575e-08
4.39160149704e-09	4.64049776383e-08
4.39527338139e-09	2.4625686379e-08
4.39894526574e-09	7.02724056723e-09
4.40261715008e-09	1.67208735746e-09
4.40628903443e-09	9.78658043493e-09
4.40996091878e-09	2.55380303571e-08
4.41363280313e-09	3.89078493868e-08
4.41730468748e-09	4.03204936106e-08
4.42097657182e-09	2.50106211297e-08
4.42464845617e-09	-4.6850141544e-09
4.42832034052e-09	-4.00191382255e-08
4.43199222487e-09	-6.91809063369e-08
4.43566410921e-09	-8.19210725922e-08
4.43933599356e-09	-7.3572977044e-08
4.44300787791e-09	-4.68424019573e-08
4.44667976226e-09	-1.0649646498e-08
4.4503516466e-09	2.34655388454e-08
4.45402353095e-09	4.58431443917e-08
4.4576954153e-09	5.22127763247e-08
4.46136729965e-09	4.47923511615e-08
4.46503918399e-09	3.06480636425e-08
4.46871106834e-09	1.81732406901e-08
4.47238295269e-09	1.3303846913e-08
4.47605483704e-09	1.70840568359e-08
4.47972672138e-09	2.55228282953e-08
4.48339860573e-09	3.16713482107e-08
4.48707049008e-09	2.89451822511e-08
4.49074237443e-09	1.42609506426e-08
4.49441425877e-09	-1.03255750616e-08
4.49808614312e-09	-3.81528373339e-08
4.50175802747e-09	-6.04475332011e-08
4.50542991182e-09	-6.97444875186e-08
4.50910179617e-09	-6.28065421893e-08
4.51277368051e-09	-4.18232453114e-08
4.51644556486e-09	-1.34228139714e-08
4.52011744921e-09	1.40205020926e-08
4.52378933356e-09	3.3578860581e-08
4.5274612179e-09	4.21106349791e-08
4.53113310225e-09	4.08627585102e-08
4.5348049866e-09	3.42482309179e-08
4.53847687095e-09	2.74862195226e-08
4.54214875529e-09	2.41832029957e-08
4.54582063964e-09	2.48590836804e-08
4.54949252399e-09	2.69563287247e-08
4.55316440834e-09	2.62524810779e-08
4.55683629268e-09	1.90265634359e-08
4.56050817703e-09	4.03786781789e-09
4.56418006138e-09	-1.65487339387e-08
4.56785194573e-09	-3.77193778434e-08
4.57152383007e-09	-5.34307531552e-08
4.57519571442e-09	-5.89167967746e-08
4.57886759877e-09	-5.24852907802e-08
4.58253948312e-09	-3.60632945728e-08
4.58621136746e-09	-1.432222696e-08
4.58988325181e-09	7.15180092925e-09
4.59355513616e-09	2.3829958451e-08
4.59722702051e-09	3.35644152472e-08
4.60089890486e-09	3.68364005965e-08
4.6045707892e-09	3.59702099217e-08
4.60824267355e-09	3.37387788818e-08
4.6119145579e-09	3.19779829283e-08
4.61558644225e-09	3.07700815938e-08
4.61925832659e-09	2.85275483236e-08
4.62293021094e-09	2.29243450889e-08
4.62660209529e-09	1.22679502113e-08
4.63027397964e-09	-3.3283942269e-09
4.63394586398e-09	-2.15343973764e-08
4.63761774833e-09	-3.83894160905e-08
4.64128963268e-09	-4.96502110536e-08
4.64496151703e-09	-5.23139078723e-08
4.64863340137e-09	-4.56748523447e-08
4.65230528572e-09	-3.15044630383e-08
4.65597717007e-09	-1.33523760937e-08
4.65964905442e-09	4.70426453347e-09
4.66332093876e-09	1.93565057316e-08
4.66699282311e-09	2.8954854514e-08
4.67066470746e-09	3.37039907095e-08
4.67433659181e-09	3.5141503929e-08
4.67800847616e-09	3.51255948772e-08
4.6816803605e-09	3.47674564694e-08
4.68535224485e-09	3.37945280648e-08
4.6890241292e-09	3.06705132402e-08
4.69269601355e-09	2.34603803051e-08
4.69636789789e-09	1.10455102842e-08
4.70003978224e-09	-5.89282223018e-09
4.70371166659e-09	-2.46409097571e-08
4.70738355094e-09	-4.11199962969e-08
4.71105543528e-09	-5.12114652906e-08
4.71472731963e-09	-5.2196021727e-08
4.71839920398e-09	-4.37473985926e-08
4.72207108833e-09	-2.80916534479e-08
4.72574297267e-09	-9.27046439614e-09
4.72941485702e-09	8.23625256885e-09
4.73308674137e-09	2.103736918e-08
4.73675862572e-09	2.79125114133e-08
4.74043051006e-09	2.99977784834e-08
4.74410239441e-09	2.99466407228e-08
4.74777427876e-09	3.04133607187e-08
4.75144616311e-09	3.25347002672e-08
4.75511804745e-09	3.51749207539e-08
4.7587899318e-09	3.53435787304e-08
4.76246181615e-09	2.96597875149e-08
4.7661337005e-09	1.62021507322e-08
4.76980558485e-09	-4.11991640803e-09
4.77347746919e-09	-2.73412918972e-08
4.77714935354e-09	-4.75465711247e-08
4.78082123789e-09	-5.89110200622e-08
4.78449312224e-09	-5.79020102975e-08
4.78816500658e-09	-4.47396928394e-08
4.79183689093e-09	-2.34877504113e-08
4.79550877528e-09	-6.21136031498e-10
4.79918065963e-09	1.74203105274e-08
4.80285254397e-09	2.67296087486e-08
4.80652442832e-09	2.73821889607e-08
4.81019631267e-09	2.3138998273e-08
4.81386819702e-09	1.94651637031e-08
4.81754008136e-09	2.0726117711e-08
4.82121196571e-09	2.78674718857e-08
4.82488385006e-09	3.76909419231e-08
4.82855573441e-09	4.41441940779e-08
4.83222761875e-09	4.10862099898e-08
4.8358995031e-09	2.53430467723e-08
4.83957138745e-09	-1.3320229364e-09
4.8432432718e-09	-3.23117426149e-08
4.84691515614e-09	-5.82809391858e-08
4.85058704049e-09	-7.07526268684e-08
4.85425892484e-09	-6.55096172864e-08
4.85793080919e-09	-4.44892904738e-08
4.86160269354e-09	-1.51966723649e-08
4.86527457788e-09	1.22393206681e-08
4.86894646223e-09	2.92063226937e-08
4.87261834658e-09	3.21414965754e-08
4.87629023093e-09	2.3869080934e-08
4.87996211527e-09	1.20708403273e-08
4.88363399962e-09	5.54765655636e-09
4.88730588397e-09	9.93519844172e-09
4.89097776832e-09	2.48339020459e-08
4.89464965266e-09	4.36804370452e-08
4.89832153701e-09	5.64894691024e-08
4.90199342136e-09	5.43308154022e-08
4.90566530571e-09	3.36116698918e-08
4.90933719005e-09	-1.72611192006e-09
4.9130090744e-09	-4.11810141543e-08
4.91668095875e-09	-7.15806933727e-08
4.9203528431e-09	-8.23665544658e-08
4.92402472744e-09	-7.0024348986e-08
4.92769661179e-09	-3.96922601453e-08
4.93136849614e-09	-3.11464143365e-09
4.93504038049e-09	2.62611816737e-08
4.93871226484e-09	3.89412306845e-08
4.94238414918e-09	3.32951906046e-08
4.94605603353e-09	1.59704001135e-08
4.94972791788e-09	-1.37222266883e-09
4.95339980223e-09	-7.56107620958e-09
4.95707168657e-09	2.80170775468e-09
4.96074357092e-09	2.66060258269e-08
4.96441545527e-09	5.33153894366e-08
4.96808733962e-09	6.94562487524e-08
4.97175922396e-09	6.46466205012e-08
4.97543110831e-09	3.65489931653e-08
4.97910299266e-09	-7.47570183535e-09
4.98277487701e-09	-5.28930428345e-08
4.98644676135e-09	-8.37582874169e-08
4.9901186457e-09	-8.92957743304e-08
4.99379053005e-09	-6.84326124656e-08
4.9974624144e-09	-3.02358955651e-08
5.00113429874e-09	9.9744177362e-09
5.00480618309e-09	3.71665045407e-08
5.00847806744e-09	4.2915985432e-08
5.01214995179e-09	2.87568315827e-08
5.01582183613e-09	5.12612885473e-09
5.01949372048e-09	-1.35892319619e-08
5.02316560483e-09	-1.57239377074e-08
5.02683748918e-09	2.19363416321e-09
5.03050937353e-09	3.35859127176e-08
5.03418125787e-09	6.44530757654e-08
5.03785314222e-09	7.94376688873e-08
5.04152502657e-09	6.87279566591e-08
5.04519691092e-09	3.27717266657e-08
5.04886879526e-09	-1.73666023784e-08
5.05254067961e-09	-6.4276363787e-08
5.05621256396e-09	-9.13220787879e-08
5.05988444831e-09	-8.95267362466e-08
5.06355633265e-09	-6.12132495803e-08
5.067228217e-09	-1.88346813701e-08
5.07090010135e-09	2.04660999259e-08
5.0745719857e-09	4.21636912051e-08
5.07824387004e-09	4.03702031804e-08
5.08191575439e-09	2.00026732955e-08
5.08558763874e-09	-5.77120395917e-09
5.08925952309e-09	-2.16767812589e-08
5.09293140743e-09	-1.73813550219e-08
5.09660329178e-09	7.6238437785e-09
5.10027517613e-09	4.34909068758e-08
5.10394706048e-09	7.41427186313e-08
5.10761894482e-09	8.43157366148e-08
5.11129082917e-09	6.64462049826e-08
5.11496271352e-09	2.43308164727e-08
5.11863459787e-09	-2.8097353777e-08
5.12230648222e-09	-7.23873938568e-08
5.12597836656e-09	-9.31402155402e-08
5.12965025091e-09	-8.42641725285e-08
5.13332213526e-09	-5.12555189403e-08
5.13699401961e-09	-8.60014903736e-09
5.14066590395e-09	2.65174016079e-08
5.1443377883e-09	4.14787990621e-08
5.14800967265e-09	3.33797451901e-08
5.151681557e-09	9.90119630728e-09
5.15535344134e-09	-1.44451437478e-08
5.15902532569e-09	-2.50512091071e-08
5.16269721004e-09	-1.39906086716e-08
5.16636909439e-09	1.61637068175e-08
5.17004097873e-09	5.32113446639e-08
5.17371286308e-09	8.05478279631e-08
5.17738474743e-09	8.44603249561e-08
5.18105663178e-09	6.02752621148e-08
5.18472851612e-09	1.46612224583e-08
5.18840040047e-09	-3.69155408464e-08
5.19207228482e-09	-7.64521459473e-08
5.19574416917e-09	-9.07056403321e-08
5.19941605352e-09	-7.64336647308e-08
5.20308793786e-09	-4.14301908336e-08
5.20675982221e-09	-9.77765868271e-10
5.21043170656e-09	2.87373325136e-08
5.21410359091e-09	3.74432858052e-08
5.21777547525e-09	2.49366234328e-08
5.2214473596e-09	7.9275652709e-10
5.22511924395e-09	-2.02228616075e-08
5.2287911283e-09	-2.50291094517e-08
5.23246301264e-09	-8.32979107912e-09
5.23613489699e-09	2.4765444806e-08
5.23980678134e-09	6.07814740761e-08
5.24347866569e-09	8.3663934447e-08
5.24715055003e-09	8.17735212877e-08
5.25082243438e-09	5.30438377666e-08
5.25449431873e-09	6.10741057727e-09
5.25816620308e-09	-4.30630713311e-08
5.26183808742e-09	-7.7561338685e-08
5.26550997177e-09	-8.63111750959e-08
5.26918185612e-09	-6.8388260388e-08
5.27285374047e-09	-3.31007576904e-08
5.27652562481e-09	4.17253698259e-09
5.28019750916e-09	2.86187358256e-08
5.28386939351e-09	3.22423154842e-08
5.28754127786e-09	1.70398699595e-08
5.29121316221e-09	-6.27458573987e-09
5.29488504655e-09	-2.33876367162e-08
5.2985569309e-09	-2.30474466179e-08
5.30222881525e-09	-2.30960806036e-09
5.3059006996e-09	3.19373114621e-08
5.30957258394e-09	6.57905445678e-08
5.31324446829e-09	8.42521643563e-08
5.31691635264e-09	7.76813706693e-08
5.32058823699e-09	4.60551916603e-08
5.32426012133e-09	-7.63648033697e-10
5.32793200568e-09	-4.68605136916e-08
5.33160389003e-09	-7.66269536712e-08
5.33527577438e-09	-8.09913842659e-08
5.33894765872e-09	-6.09067711821e-08
5.34261954307e-09	-2.66265249849e-08
5.34629142742e-09	6.91065116243e-09
5.34996331177e-09	2.65582382752e-08
5.35363519611e-09	2.64806487849e-08
5.35730708046e-09	1.03210116009e-08
5.36097896481e-09	-1.08440696422e-08
5.36465084916e-09	-2.37807071812e-08
5.3683227335e-09	-1.92211135897e-08
5.37199461785e-09	3.83514597857e-09
5.3756665022e-09	3.74702899819e-08
5.37933838655e-09	6.80904221895e-08
5.3830102709e-09	8.21573706844e-08
5.38668215524e-09	7.19917778724e-08
5.39035403959e-09	3.9190528156e-08
5.39402592394e-09	-5.79367487319e-09
5.39769780829e-09	-4.77734474202e-08
5.40136969263e-09	-7.29156397483e-08
5.40504157698e-09	-7.42242178831e-08
5.40871346133e-09	-5.40819868888e-08
5.41238534568e-09	-2.28145964343e-08
5.41605723002e-09	6.01432326164e-09
5.41972911437e-09	2.1465648814e-08
5.42340099872e-09	1.96864782254e-08
5.42707288307e-09	5.12331022051e-09
5.43074476741e-09	-1.19126060127e-08
5.43441665176e-09	-2.01408951739e-08
5.43808853611e-09	-1.25188011069e-08
5.44176042046e-09	1.0479831225e-08
5.4454323048e-09	4.08721305689e-08
5.44910418915e-09	6.64450112708e-08
5.4527760735e-09	7.59060441169e-08
5.45644795785e-09	6.37169534912e-08
5.4601198422e-09	3.25485025598e-08
5.46379172654e-09	-7.70046781895e-09
5.46746361089e-09	-4.38699956362e-08
5.47113549524e-09	-6.47790372454e-08
5.47480737959e-09	-6.54751204365e-08
5.47847926393e-09	-4.87602171972e-08
5.48215114828e-09	-2.34690649137e-08
5.48582303263e-09	-4.12795797544e-10
5.48949491698e-09	1.2199491195e-08
5.49316680132e-09	1.19237340002e-08
5.49683868567e-09	2.61101140708e-09
5.50051057002e-09	-7.76909736544e-09
5.50418245437e-09	-1.09815143645e-08
5.50785433871e-09	-2.36349673166e-09
5.51152622306e-09	1.69704374997e-08
5.51519810741e-09	4.04825613032e-08
5.51886999176e-09	5.89285598096e-08
5.5225418761e-09	6.42559356834e-08
5.52621376045e-09	5.29772847813e-08
5.5298856448e-09	2.76115272868e-08
5.53355752915e-09	-4.35983338321e-09
5.53722941349e-09	-3.34627507925e-08
5.54090129784e-09	-5.17985832005e-08
5.54457318219e-09	-5.57378712074e-08
5.54824506654e-09	-4.67524188252e-08
5.55191695089e-09	-3.02501810268e-08
5.55558883523e-09	-1.30561383926e-08
5.55926071958e-09	-6.56110055175e-10
5.56293260393e-09	4.72476546776e-09
