% time-domain voltage integration by openEMS v0.0.36-93-g7b9cd51 @Thu Sep 24 17:02:42 2026
% start-coordinates: (0.0583,0,0.000192032) m -> [75,3,5]
% stop-coordinates: (0.0583,0,0.0021) m -> [75,3,7]
% t/s	voltage
0	-0
3.67188434761e-12	-0
7.34376869521e-12	-0
1.10156530428e-11	-0
1.46875373904e-11	-0
1.8359421738e-11	-0
2.20313060856e-11	-2.53476272191e-35
2.57031904332e-11	-1.89537252793e-31
2.93750747808e-11	-1.55359654367e-28
3.30469591284e-11	-3.67470703618e-26
3.67188434761e-11	-3.48184892131e-24
4.03907278237e-11	-1.62598231692e-22
4.40626121713e-11	-4.33007664337e-21
4.77344965189e-11	-7.31823401175e-20
5.14063808665e-11	-8.50577105986e-19
5.50782652141e-11	-7.23467709565e-18
5.87501495617e-11	-4.73146102697e-17
6.24220339093e-11	-2.47661617563e-16
6.60939182569e-11	-1.07205766555e-15
6.97658026045e-11	-3.93933217964e-15
7.34376869521e-11	-1.25287535846e-14
7.71095712997e-11	-3.48962547904e-14
8.07814556473e-11	-8.52833682987e-14
8.44533399949e-11	-1.8041114494e-13
8.81252243425e-11	-3.14807580774e-13
9.17971086901e-11	-3.78305839346e-13
9.54689930377e-11	5.99059325502e-14
9.91408773853e-11	2.23767185337e-12
1.02812761733e-10	9.17740189399e-12
1.06484646081e-10	2.74681325862e-11
1.10156530428e-10	7.02306125581e-11
1.13828414776e-10	1.6161184023e-10
1.17500299123e-10	3.4291926243e-10
1.21172183471e-10	6.79925789282e-10
1.24844067819e-10	1.269806163e-09
1.28515952166e-10	2.24448186426e-09
1.32187836514e-10	3.76479647457e-09
1.35859720861e-10	5.99700583637e-09
1.39531605209e-10	9.0598188951e-09
1.43203489557e-10	1.29270566473e-08
1.46875373904e-10	1.72689142985e-08
1.50547258252e-10	2.12144748435e-08
1.54219142599e-10	2.30214387553e-08
1.57891026947e-10	1.96470324454e-08
1.61562911295e-10	6.22881005108e-09
1.65234795642e-10	-2.4494266837e-08
1.6890667999e-10	-8.27610104892e-08
1.72578564337e-10	-1.82274519034e-07
1.76250448685e-10	-3.40469977544e-07
1.79922333033e-10	-5.78409814267e-07
1.8359421738e-10	-9.20140450944e-07
1.87266101728e-10	-1.39134904487e-06
1.90937986075e-10	-2.01719512916e-06
1.94609870423e-10	-2.81923306034e-06
1.98281754771e-10	-3.81144499784e-06
2.01953639118e-10	-4.99545666344e-06
2.05625523466e-10	-6.35518512127e-06
2.09297407814e-10	-7.85123290825e-06
2.12969292161e-10	-9.41556714906e-06
2.16641176509e-10	-1.09470557845e-05
2.20313060856e-10	-1.23087201018e-05
2.23984945204e-10	-1.33274469363e-05
2.27656829552e-10	-1.37970600917e-05
2.31328713899e-10	-1.34852259634e-05
2.35000598247e-10	-1.21446313415e-05
2.38672482594e-10	-9.52822568934e-06
2.42344366942e-10	-5.40785629255e-06
2.4601625129e-10	4.04655281727e-07
2.49688135637e-10	8.03543605343e-06
2.53360019985e-10	1.75270639602e-05
2.57031904332e-10	2.88191743039e-05
2.6070378868e-10	4.17329119955e-05
2.64375673028e-10	5.59607824471e-05
2.68047557375e-10	7.10639196768e-05
2.71719441723e-10	8.64780267875e-05
2.7539132607e-10	0.000101530084066
2.79063210418e-10	0.000115466029456
2.82735094766e-10	0.000127489205624
2.86406979113e-10	0.000136808089337
2.90078863461e-10	0.000142688800224
2.93750747808e-10	0.000144509073834
2.97422632156e-10	0.000141807984619
3.01094516504e-10	0.000134327347041
3.04766400851e-10	0.000122042424664
3.08438285199e-10	0.000105179545244
3.12110169546e-10	8.42213557917e-05
3.15782053894e-10	5.98983233431e-05
3.19453938242e-10	3.31667702085e-05
3.23125822589e-10	5.1708222486e-06
3.26797706937e-10	-2.28113899539e-05
3.30469591284e-10	-4.94390374115e-05
3.34141475632e-10	-7.33923857297e-05
3.3781335998e-10	-9.34635927479e-05
3.41485244327e-10	-0.000108643115709
3.45157128675e-10	-0.000118192258014
3.48829013023e-10	-0.000121691116874
3.5250089737e-10	-0.00011906013242
3.56172781718e-10	-0.000110554519779
3.59844666065e-10	-9.674004923e-05
3.63516550413e-10	-7.84566104812e-05
3.67188434761e-10	-5.67752617826e-05
3.70860319108e-10	-3.29497943312e-05
3.74532203456e-10	-8.35866012494e-06
3.78204087803e-10	1.55680988883e-05
3.81875972151e-10	3.74401386125e-05
3.85547856499e-10	5.60107259844e-05
3.89219740846e-10	7.02808333699e-05
3.92891625194e-10	7.9583904153e-05
3.96563509541e-10	8.36324388729e-05
4.00235393889e-10	8.25158149382e-05
4.03907278237e-10	7.66524135543e-05
4.07579162584e-10	6.67117296871e-05
4.11251046932e-10	5.35295257578e-05
4.14922931279e-10	3.80394862987e-05
4.18594815627e-10	2.12298439237e-05
4.22266699975e-10	4.12173210407e-06
4.25938584322e-10	-1.22498267956e-05
4.2961046867e-10	-2.68733838311e-05
4.33282353017e-10	-3.88309235859e-05
4.36954237365e-10	-4.7394428293e-05
4.40626121713e-10	-5.21274737366e-05
4.4429800606e-10	-5.29552125954e-05
4.47969890408e-10	-5.01736740262e-05
4.51641774755e-10	-4.43837516286e-05
4.55313659103e-10	-3.63659764844e-05
4.58985543451e-10	-2.69332392691e-05
4.62657427798e-10	-1.68114028156e-05
4.66329312146e-10	-6.58371510553e-06
4.70001196494e-10	3.28908723191e-06
4.73673080841e-10	1.23977076782e-05
4.77344965189e-10	2.03096849418e-05
4.81016849536e-10	2.65410644715e-05
4.84688733884e-10	3.06037347855e-05
4.88360618232e-10	3.2120482274e-05
4.92032502579e-10	3.09625299906e-05
4.95704386927e-10	2.73460011613e-05
4.99376271274e-10	2.18346481233e-05
5.03048155622e-10	1.5229048131e-05
5.0672003997e-10	8.3737822365e-06
5.10391924317e-10	1.95098665756e-06
5.14063808665e-10	-3.65906055322e-06
5.17735693012e-10	-8.39364264493e-06
5.2140757736e-10	-1.23936887348e-05
5.25079461708e-10	-1.58130958425e-05
5.28751346055e-10	-1.86389471537e-05
5.32423230403e-10	-2.06116283152e-05
5.3609511475e-10	-2.12894369724e-05
5.39766999098e-10	-2.02385590455e-05
5.43438883446e-10	-1.72668428604e-05
5.47110767793e-10	-1.25941623992e-05
5.50782652141e-10	-6.87184558501e-06
5.54454536488e-10	-1.02608986197e-06
5.58126420836e-10	4.02286318035e-06
5.61798305184e-10	7.65441689055e-06
5.65470189531e-10	9.73043438535e-06
5.69142073879e-10	1.05851328271e-05
5.72813958226e-10	1.08203234959e-05
5.76485842574e-10	1.09920523528e-05
5.80157726922e-10	1.13264921993e-05
5.83829611269e-10	1.15972547974e-05
5.87501495617e-10	1.12284519673e-05
5.91173379964e-10	9.58794004191e-06
5.94845264312e-10	6.3442555529e-06
5.9851714866e-10	1.72492275397e-06
6.02189033007e-10	-3.45225632259e-06
6.05860917355e-10	-8.00710290605e-06
6.09532801703e-10	-1.08029583998e-05
6.1320468605e-10	-1.11651474981e-05
6.16876570398e-10	-9.13409269288e-06
6.20548454745e-10	-5.43855503565e-06
6.24220339093e-10	-1.19224368689e-06
6.27892223441e-10	2.56243612284e-06
6.31564107788e-10	5.26857695604e-06
6.35235992136e-10	7.04339129243e-06
6.38907876483e-10	8.55256689647e-06
6.42579760831e-10	1.06189589815e-05
6.46251645179e-10	1.37379088301e-05
6.49923529526e-10	1.77217142436e-05
6.53595413874e-10	2.16474331864e-05
6.57267298221e-10	2.41526965965e-05
6.60939182569e-10	2.39689134105e-05
6.64611066917e-10	2.04683517495e-05
6.68282951264e-10	1.39867992175e-05
6.71954835612e-10	5.77131754653e-06
6.75626719959e-10	-2.4397669165e-06
6.79298604307e-10	-9.03874627056e-06
6.82970488655e-10	-1.3115256138e-05
6.86642373002e-10	-1.47297878357e-05
6.9031425735e-10	-1.4774549868e-05
6.93986141697e-10	-1.44812936469e-05
6.97658026045e-10	-1.4790229443e-05
7.01329910393e-10	-1.58622857498e-05
7.0500179474e-10	-1.6960995822e-05
7.08673679088e-10	-1.67715630823e-05
7.12345563435e-10	-1.40281935046e-05
7.16017447783e-10	-8.17675419285e-06
7.19689332131e-10	2.27469360681e-07
7.23361216478e-10	9.57887863251e-06
7.27033100826e-10	1.7735105871e-05
7.30704985173e-10	2.27824093599e-05
7.34376869521e-10	2.37383758304e-05
7.38048753869e-10	2.08955423204e-05
7.41720638216e-10	1.56594173859e-05
7.45392522564e-10	9.94402580545e-06
7.49064406912e-10	5.37861814109e-06
7.52736291259e-10	2.66196900611e-06
7.56408175607e-10	1.34315713041e-06
7.60080059954e-10	1.26947202528e-07
7.63751944302e-10	-2.42699687192e-06
7.6742382865e-10	-7.11990452373e-06
7.71095712997e-10	-1.36000016937e-05
7.74767597345e-10	-2.03627009796e-05
7.78439481692e-10	-2.52847887623e-05
7.8211136604e-10	-2.64754689852e-05
7.85783250388e-10	-2.30816083331e-05
7.89455134735e-10	-1.56982048338e-05
7.93127019083e-10	-6.19978703753e-06
7.9679890343e-10	2.94675595569e-06
8.00470787778e-10	9.60722155696e-06
8.04142672126e-10	1.27615091969e-05
8.07814556473e-10	1.28156245864e-05
8.11486440821e-10	1.13155372219e-05
8.15158325168e-10	1.01837706552e-05
8.18830209516e-10	1.08072865714e-05
8.22502093864e-10	1.33738561772e-05
8.26173978211e-10	1.67533876265e-05
8.29845862559e-10	1.89860722912e-05
8.33517746906e-10	1.81715153076e-05
8.37189631254e-10	1.33707376335e-05
8.40861515602e-10	5.12152058718e-06
8.44533399949e-10	-4.66747027872e-06
8.48205284297e-10	-1.34096641204e-05
8.51877168644e-10	-1.88325253703e-05
8.55549052992e-10	-1.98533834919e-05
8.5922093734e-10	-1.69731105188e-05
8.62892821687e-10	-1.20233002008e-05
8.66564706035e-10	-7.37268391049e-06
8.70236590382e-10	-4.92362715931e-06
8.7390847473e-10	-5.31968163386e-06
8.77580359078e-10	-7.70218650814e-06
8.81252243425e-10	-1.01234636531e-05
8.84924127773e-10	-1.04447310605e-05
8.88596012121e-10	-7.33136181452e-06
8.92267896468e-10	-9.10088651551e-07
8.95939780816e-10	7.20555976841e-06
8.99611665163e-10	1.45393329376e-05
9.03283549511e-10	1.87596122032e-05
9.06955433859e-10	1.86377669706e-05
9.10627318206e-10	1.45485515759e-05
9.14299202554e-10	8.30347369174e-06
9.17971086901e-10	2.3909437914e-06
9.21642971249e-10	-1.05575848863e-06
9.25314855597e-10	-1.13210834485e-06
9.28986739944e-10	1.48680399548e-06
9.32658624292e-10	4.86648187348e-06
9.36330508639e-10	6.67407232413e-06
9.40002392987e-10	5.21921873542e-06
9.43674277335e-10	2.30767916776e-07
9.47346161682e-10	-6.97075574863e-06
9.5101804603e-10	-1.39873934586e-05
9.54689930377e-10	-1.83293883538e-05
9.58361814725e-10	-1.84476631375e-05
9.62033699073e-10	-1.43700185617e-05
9.6570558342e-10	-7.67159173165e-06
9.69377467768e-10	-8.02203842909e-07
9.73049352115e-10	3.93523563957e-06
9.76721236463e-10	5.32077797288e-06
9.80393120811e-10	3.67952964098e-06
9.84065005158e-10	6.85050089544e-07
9.87736889506e-10	-1.40835142304e-06
9.91408773853e-10	-7.80936467493e-07
9.95080658201e-10	3.11633269234e-06
9.98752542549e-10	9.26375980725e-06
1.0024244269e-09	1.54503459271e-05
1.00609631124e-09	1.91778020735e-05
1.00976819559e-09	1.87096776472e-05
1.01344007994e-09	1.38150932116e-05
1.01711196429e-09	5.88488472886e-06
1.02078384863e-09	-2.62702172904e-06
1.02445573298e-09	-9.19111579378e-06
1.02812761733e-09	-1.21933861692e-05
1.03179950168e-09	-1.15162499696e-05
1.03547138602e-09	-8.48135067599e-06
1.03914327037e-09	-5.19996467574e-06
1.04281515472e-09	-3.61691070339e-06
1.04648703907e-09	-4.6515099541e-06
1.05015892342e-09	-7.79314416377e-06
1.05383080776e-09	-1.1320345493e-05
1.05750269211e-09	-1.30563446419e-05
1.06117457646e-09	-1.1344558061e-05
1.06484646081e-09	-5.82730183396e-06
1.06851834515e-09	2.3160878726e-06
1.0721902295e-09	1.07840664896e-05
1.07586211385e-09	1.70484395312e-05
1.0795339982e-09	1.93452594885e-05
1.08320588254e-09	1.73387344375e-05
1.08687776689e-09	1.21869214809e-05
1.09054965124e-09	6.00291969022e-06
1.09422153559e-09	9.59510401799e-07
1.09789341993e-09	-1.57993139283e-06
1.10156530428e-09	-1.55128159918e-06
1.10523718863e-09	-1.15092312569e-07
1.10890907298e-09	9.34511419359e-07
1.11258095732e-09	2.30465566631e-08
1.11625284167e-09	-3.4502886308e-06
1.11992472602e-09	-8.78118748915e-06
1.12359661037e-09	-1.42023325225e-05
1.12726849471e-09	-1.76048970388e-05
1.13094037906e-09	-1.74312621084e-05
1.13461226341e-09	-1.33502034032e-05
1.13828414776e-09	-6.41902738607e-06
1.14195603211e-09	1.33098330934e-06
1.14562791645e-09	7.69659436628e-06
1.1492998008e-09	1.1141202549e-05
1.15297168515e-09	1.13234476657e-05
1.1566435695e-09	9.11829465622e-06
1.16031545384e-09	6.15232085011e-06
1.16398733819e-09	4.06636826256e-06
1.16765922254e-09	3.81485068601e-06
1.17133110689e-09	5.28377404407e-06
1.17500299123e-09	7.37862569622e-06
1.17867487558e-09	8.54124755278e-06
1.18234675993e-09	7.47668480017e-06
1.18601864428e-09	3.77411853947e-06
1.18969052862e-09	-1.8533899464e-06
1.19336241297e-09	-7.82205273708e-06
1.19703429732e-09	-1.23110929735e-05
1.20070618167e-09	-1.39951888514e-05
1.20437806601e-09	-1.25550479879e-05
1.20804995036e-09	-8.75824309787e-06
1.21172183471e-09	-4.100350111e-06
1.21539371906e-09	-1.81522400666e-07
1.21906560341e-09	1.9125684787e-06
1.22273748775e-09	1.98267294138e-06
1.2264093721e-09	7.11495360406e-07
1.23008125645e-09	-6.94755790676e-07
1.2337531408e-09	-1.06322881521e-06
1.23742502514e-09	2.19958879555e-07
1.24109690949e-09	2.93428843179e-06
1.24476879384e-09	6.1179119939e-06
1.24844067819e-09	8.49084068477e-06
1.25211256253e-09	9.02054546259e-06
1.25578444688e-09	7.37478995916e-06
1.25945633123e-09	4.06060024716e-06
1.26312821558e-09	1.97514783196e-07
1.26680009992e-09	-2.95677494933e-06
1.27047198427e-09	-4.50937440633e-06
1.27414386862e-09	-4.25165526963e-06
1.27781575297e-09	-2.68315602625e-06
1.28148763731e-09	-7.57928035e-07
1.28515952166e-09	5.25906870052e-07
1.28883140601e-09	5.27105353143e-07
1.29250329036e-09	-7.96576017592e-07
1.2961751747e-09	-2.89348639626e-06
1.29984705905e-09	-4.86482417728e-06
1.3035189434e-09	-5.85285943089e-06
1.30719082775e-09	-5.40538241012e-06
1.3108627121e-09	-3.65633562183e-06
1.31453459644e-09	-1.2437064143e-06
1.31820648079e-09	9.90361272102e-07
1.32187836514e-09	2.36961091105e-06
1.32555024949e-09	2.65149213874e-06
1.32922213383e-09	2.08348492947e-06
1.33289401818e-09	1.24635758425e-06
1.33656590253e-09	7.76617106624e-07
1.34023778688e-09	1.09339192989e-06
1.34390967122e-09	2.23353499962e-06
1.34758155557e-09	3.84220902561e-06
1.35125343992e-09	5.31202141474e-06
1.35492532427e-09	6.01642267384e-06
1.35859720861e-09	5.55325885898e-06
1.36226909296e-09	3.90464148836e-06
1.36594097731e-09	1.44426861937e-06
1.36961286166e-09	-1.21479793336e-06
1.373284746e-09	-3.46513732552e-06
1.37695663035e-09	-4.92837074262e-06
1.3806285147e-09	-5.55608522745e-06
1.38430039905e-09	-5.57434407256e-06
1.38797228339e-09	-5.31885177679e-06
1.39164416774e-09	-5.05432319642e-06
1.39531605209e-09	-4.86055085958e-06
1.39898793644e-09	-4.62038110527e-06
1.40265982079e-09	-4.09383730471e-06
1.40633170513e-09	-3.03733742157e-06
1.41000358948e-09	-1.32467050662e-06
1.41367547383e-09	9.68224711073e-07
1.41734735818e-09	3.54463747954e-06
1.42101924252e-09	5.95216982902e-06
1.42469112687e-09	7.71795623677e-06
1.42836301122e-09	8.50492347126e-06
1.43203489557e-09	8.21909122806e-06
1.43570677991e-09	7.01714157003e-06
1.43937866426e-09	5.21492017924e-06
1.44305054861e-09	3.1503170419e-06
1.44672243296e-09	1.07306586017e-06
1.4503943173e-09	-8.93029032056e-07
1.45406620165e-09	-2.7170937642e-06
1.457738086e-09	-4.39489207338e-06
1.46140997035e-09	-5.89019242625e-06
1.46508185469e-09	-7.10507163149e-06
1.46875373904e-09	-7.88279868402e-06
1.47242562339e-09	-8.03935699878e-06
1.47609750774e-09	-7.42094198358e-06
1.47976939209e-09	-5.97555691684e-06
1.48344127643e-09	-3.81121128612e-06
1.48711316078e-09	-1.2044997959e-06
1.49078504513e-09	1.46057679729e-06
1.49445692948e-09	3.80447514203e-06
1.49812881382e-09	5.56258481765e-06
1.50180069817e-09	6.63818542535e-06
1.50547258252e-09	7.07711762971e-06
1.50914446687e-09	6.98965362744e-06
1.51281635121e-09	6.47118997676e-06
1.51648823556e-09	5.56436378929e-06
1.52016011991e-09	4.27104845357e-06
1.52383200426e-09	2.59607810449e-06
1.5275038886e-09	5.94554499855e-07
1.53117577295e-09	-1.59501873043e-06
1.5348476573e-09	-3.7428880546e-06
1.53851954165e-09	-5.55320747253e-06
1.54219142599e-09	-6.72745937891e-06
1.54586331034e-09	-7.05604156792e-06
1.54953519469e-09	-6.50341587516e-06
1.55320707904e-09	-5.23999165125e-06
1.55687896338e-09	-3.59053785814e-06
1.56055084773e-09	-1.91305051089e-06
1.56422273208e-09	-4.65663418936e-07
1.56789461643e-09	6.70646997492e-07
1.57156650078e-09	1.57573526849e-06
1.57523838512e-09	2.39692941761e-06
1.57891026947e-09	3.23279530789e-06
1.58258215382e-09	4.05385907243e-06
1.58625403817e-09	4.69354762345e-06
1.58992592251e-09	4.90805285835e-06
1.59359780686e-09	4.47986474228e-06
1.59726969121e-09	3.3271951736e-06
1.60094157556e-09	1.57912893428e-06
1.6046134599e-09	-4.21243353088e-07
1.60828534425e-09	-2.20390363381e-06
1.6119572286e-09	-3.33175128731e-06
1.61562911295e-09	-3.57284224606e-06
1.61930099729e-09	-3.00293572764e-06
1.62297288164e-09	-1.97964935467e-06
1.62664476599e-09	-9.88968935189e-07
1.63031665034e-09	-4.33333276817e-07
1.63398853468e-09	-4.61082745318e-07
1.63766041903e-09	-9.16399621076e-07
1.64133230338e-09	-1.4277653122e-06
1.64500418773e-09	-1.58870219025e-06
1.64867607207e-09	-1.14992285205e-06
1.65234795642e-09	-1.42892067956e-07
1.65601984077e-09	1.11379758039e-06
1.65969172512e-09	2.13169073504e-06
1.66336360947e-09	2.45394637943e-06
1.66703549381e-09	1.86526671087e-06
1.67070737816e-09	5.19390873421e-07
1.67437926251e-09	-1.08536593046e-06
1.67805114686e-09	-2.29025286558e-06
1.6817230312e-09	-2.55158482787e-06
1.68539491555e-09	-1.6855497762e-06
1.6890667999e-09	3.47825701574e-08
1.69273868425e-09	1.98021746201e-06
1.69641056859e-09	3.42219414051e-06
1.70008245294e-09	3.83040998031e-06
1.70375433729e-09	3.08384687742e-06
1.70742622164e-09	1.50878025806e-06
1.71109810598e-09	-2.65236412389e-07
1.71476999033e-09	-1.57025073122e-06
1.71844187468e-09	-1.97901437105e-06
1.72211375903e-09	-1.48586813964e-06
1.72578564337e-09	-5.11926334212e-07
1.72945752772e-09	2.78354363559e-07
1.73312941207e-09	2.80707146416e-07
1.73680129642e-09	-7.52918317914e-07
1.74047318076e-09	-2.56345867911e-06
1.74414506511e-09	-4.45895616963e-06
1.74781694946e-09	-5.59211781592e-06
1.75148883381e-09	-5.32271292286e-06
1.75516071816e-09	-3.50348403799e-06
1.7588326025e-09	-5.63497248862e-07
1.76250448685e-09	2.6457421427e-06
1.7661763712e-09	5.17413576517e-06
1.76984825555e-09	6.33183225318e-06
1.77352013989e-09	5.94067898874e-06
1.77719202424e-09	4.38023411675e-06
1.78086390859e-09	2.41234488385e-06
1.78453579294e-09	8.52397754159e-07
1.78820767728e-09	2.20555953945e-07
1.79187956163e-09	5.20367418488e-07
1.79555144598e-09	1.24589833916e-06
1.79922333033e-09	1.62313585861e-06
1.80289521467e-09	9.83090032491e-07
1.80656709902e-09	-8.99524593478e-07
1.81023898337e-09	-3.65901155419e-06
1.81391086772e-09	-6.45222138473e-06
1.81758275206e-09	-8.28577606171e-06
1.82125463641e-09	-8.41585313083e-06
1.82492652076e-09	-6.65284369461e-06
1.82859840511e-09	-3.44796740137e-06
1.83227028946e-09	2.70071023323e-07
1.8359421738e-09	3.44161364296e-06
1.83961405815e-09	5.26971518866e-06
1.8432859425e-09	5.50589891191e-06
1.84695782685e-09	4.51222831543e-06
1.85062971119e-09	3.07249706566e-06
1.85430159554e-09	2.02861129139e-06
1.85797347989e-09	1.89892985247e-06
1.86164536424e-09	2.64686951823e-06
1.86531724858e-09	3.70479284584e-06
1.86898913293e-09	4.24258431053e-06
1.87266101728e-09	3.55923671691e-06
1.87633290163e-09	1.42318251051e-06
1.88000478597e-09	-1.78719244559e-06
1.88367667032e-09	-5.19962975432e-06
1.88734855467e-09	-7.7710651567e-06
1.89102043902e-09	-8.68490451467e-06
1.89469232336e-09	-7.66529575458e-06
1.89836420771e-09	-5.08426705892e-06
1.90203609206e-09	-1.81764407614e-06
1.90570797641e-09	1.09558241945e-06
1.90937986075e-09	2.85516779286e-06
1.9130517451e-09	3.19670655813e-06
1.91672362945e-09	2.45809265209e-06
1.9203955138e-09	1.38829457796e-06
1.92406739815e-09	7.85053913432e-07
1.92773928249e-09	1.12529590979e-06
1.93141116684e-09	2.35092527134e-06
1.93508305119e-09	3.89972126413e-06
1.93875493554e-09	4.95926761346e-06
1.94242681988e-09	4.82916226474e-06
1.94609870423e-09	3.23714866113e-06
1.94977058858e-09	4.7989138352e-07
1.95344247293e-09	-2.66666586413e-06
1.95711435727e-09	-5.2333033409e-06
1.96078624162e-09	-6.42717139954e-06
1.96445812597e-09	-5.93824734096e-06
1.96813001032e-09	-4.05541737791e-06
1.97180189466e-09	-1.54101658723e-06
1.97547377901e-09	6.85440006976e-07
1.97914566336e-09	1.91923363957e-06
1.98281754771e-09	1.93708169149e-06
1.98648943205e-09	1.04770127507e-06
1.9901613164e-09	-8.59238875606e-08
1.99383320075e-09	-7.63400805681e-07
1.9975050851e-09	-5.59582332471e-07
2.00117696944e-09	4.97532560928e-07
2.00484885379e-09	1.9499584738e-06
2.00852073814e-09	3.11419390187e-06
2.01219262249e-09	3.37904381809e-06
2.01586450684e-09	2.47404304332e-06
2.01953639118e-09	5.99784311106e-07
2.02320827553e-09	-1.6360192916e-06
2.02688015988e-09	-3.45467424268e-06
2.03055204423e-09	-4.21812941909e-06
2.03422392857e-09	-3.68417889263e-06
2.03789581292e-09	-2.09448418786e-06
2.04156769727e-09	-6.03534289212e-08
2.04523958162e-09	1.69747508494e-06
2.04891146596e-09	2.63589714677e-06
2.05258335031e-09	2.58060458691e-06
2.05625523466e-09	1.75150854886e-06
2.05992711901e-09	6.28336380259e-07
2.06359900335e-09	-2.72536880175e-07
2.0672708877e-09	-6.14294776824e-07
2.07094277205e-09	-3.6502172307e-07
2.0746146564e-09	2.10972313397e-07
2.07828654074e-09	6.86359292956e-07
2.08195842509e-09	6.72330997986e-07
2.08563030944e-09	2.14863049575e-09
2.08930219379e-09	-1.18273863592e-06
2.09297407814e-09	-2.48414578152e-06
2.09664596248e-09	-3.4121995327e-06
2.10031784683e-09	-3.58781412046e-06
2.10398973118e-09	-2.89057220471e-06
2.10766161553e-09	-1.49153414952e-06
2.11133349987e-09	2.30589346728e-07
2.11500538422e-09	1.83984752766e-06
2.11867726857e-09	2.99009380456e-06
2.12234915292e-09	3.51476751348e-06
2.12602103726e-09	3.4400201514e-06
2.12969292161e-09	2.93245187777e-06
2.13336480596e-09	2.21208733819e-06
2.13703669031e-09	1.46443507276e-06
2.14070857465e-09	7.83235954316e-07
2.144380459e-09	1.6217805765e-07
2.14805234335e-09	-4.65043566322e-07
2.1517242277e-09	-1.15934582823e-06
2.15539611204e-09	-1.92186952575e-06
2.15906799639e-09	-2.67801712539e-06
2.16273988074e-09	-3.30454207642e-06
2.16641176509e-09	-3.67617434449e-06
2.17008364943e-09	-3.70238251435e-06
2.17375553378e-09	-3.33759183491e-06
2.17742741813e-09	-2.57395976178e-06
2.18109930248e-09	-1.4381322444e-06
2.18477118683e-09	-4.7810129189e-09
2.18844307117e-09	1.5813512988e-06
2.19211495552e-09	3.09978426571e-06
2.19578683987e-09	4.28476010939e-06
2.19945872422e-09	4.89111525326e-06
2.20313060856e-09	4.77224978113e-06
2.20680249291e-09	3.93790355702e-06
2.21047437726e-09	2.56666837117e-06
2.21414626161e-09	9.63793638675e-07
2.21781814595e-09	-5.26493050046e-07
2.2214900303e-09	-1.63001348596e-06
2.22516191465e-09	-2.23611479555e-06
2.228833799e-09	-2.43396046073e-06
2.23250568334e-09	-2.46526219883e-06
2.23617756769e-09	-2.59906994415e-06
2.23984945204e-09	-2.97943481087e-06
2.24352133639e-09	-3.51983044311e-06
2.24719322073e-09	-3.90932589767e-06
2.25086510508e-09	-3.74201260911e-06
2.25453698943e-09	-2.71823012099e-06
2.25820887378e-09	-8.23721016729e-07
2.26188075812e-09	1.60271544303e-06
2.26555264247e-09	3.95309442069e-06
2.26922452682e-09	5.55869314667e-06
2.27289641117e-09	5.94116716002e-06
2.27656829552e-09	5.0055024019e-06
2.28024017986e-09	3.09309859858e-06
2.28391206421e-09	8.64637996756e-07
2.28758394856e-09	-9.50904315289e-07
2.29125583291e-09	-1.84649579182e-06
2.29492771725e-09	-1.74443988499e-06
2.2985996016e-09	-1.02258342594e-06
2.30227148595e-09	-3.35274652485e-07
2.3059433703e-09	-2.98252352593e-07
2.30961525464e-09	-1.17926064291e-06
2.31328713899e-09	-2.7401252396e-06
2.31695902334e-09	-4.31358913033e-06
2.32063090769e-09	-5.08719335812e-06
2.32430279203e-09	-4.47247893476e-06
2.32797467638e-09	-2.39492291598e-06
2.33164656073e-09	6.2543316659e-07
2.33531844508e-09	3.64452341728e-06
2.33899032942e-09	5.65279998455e-06
2.34266221377e-09	5.9779588355e-06
2.34633409812e-09	4.56599835275e-06
2.35000598247e-09	2.01629241303e-06
2.35367786682e-09	-6.55088825852e-07
2.35734975116e-09	-2.43490991636e-06
2.36102163551e-09	-2.73981655141e-06
2.36469351986e-09	-1.6625110959e-06
2.36836540421e-09	7.88373442084e-08
2.37203728855e-09	1.4726083748e-06
2.3757091729e-09	1.68258173971e-06
2.37938105725e-09	4.42696922676e-07
2.3830529416e-09	-1.80085237389e-06
2.38672482594e-09	-4.06781376228e-06
2.39039671029e-09	-5.26600967987e-06
2.39406859464e-09	-4.67687610239e-06
2.39774047899e-09	-2.29370385796e-06
2.40141236333e-09	1.1350809217e-06
2.40508424768e-09	4.38426221194e-06
2.40875613203e-09	6.24303368113e-06
2.41242801638e-09	6.01624464025e-06
2.41609990072e-09	3.82263172582e-06
2.41977178507e-09	5.54269920627e-07
2.42344366942e-09	-2.49314717848e-06
2.42711555377e-09	-4.16682638615e-06
2.43078743811e-09	-3.94258111669e-06
2.43445932246e-09	-2.13633836665e-06
2.43813120681e-09	2.53364758507e-07
2.44180309116e-09	2.00195567857e-06
2.44547497551e-09	2.21256556188e-06
2.44914685985e-09	7.22906108308e-07
2.4528187442e-09	-1.81228338647e-06
2.45649062855e-09	-4.19968827714e-06
2.4601625129e-09	-5.22763673416e-06
2.46383439724e-09	-4.2065449577e-06
2.46750628159e-09	-1.29630620904e-06
2.47117816594e-09	2.52371256693e-06
2.47485005029e-09	5.83809918453e-06
2.47852193463e-09	7.37579705401e-06
2.48219381898e-09	6.54169298286e-06
2.48586570333e-09	3.67019117675e-06
2.48953758768e-09	-1.13780402877e-07
2.49320947202e-09	-3.36810350632e-06
2.49688135637e-09	-4.93880469321e-06
2.50055324072e-09	-4.43361597036e-06
2.50422512507e-09	-2.3618220979e-06
2.50789700941e-09	1.173595221e-07
2.51156889376e-09	1.72335538196e-06
2.51524077811e-09	1.62854507835e-06
2.51891266246e-09	-1.70236177155e-07
2.5225845468e-09	-2.84288836383e-06
2.52625643115e-09	-5.08417332412e-06
2.5299283155e-09	-5.6868465208e-06
2.53360019985e-09	-4.0843086424e-06
2.5372720842e-09	-6.27816415744e-07
2.54094396854e-09	3.52611684207e-06
2.54461585289e-09	6.8763604304e-06
2.54828773724e-09	8.19248538164e-06
2.55195962159e-09	7.02234979144e-06
2.55563150593e-09	3.87415235537e-06
2.55930339028e-09	-5.00646968327e-09
2.56297527463e-09	-3.15648890137e-06
2.56664715898e-09	-4.51668373103e-06
2.57031904332e-09	-3.84239993423e-06
2.57399092767e-09	-1.77826802883e-06
2.57766281202e-09	4.57956044642e-07
2.58133469637e-09	1.63124056485e-06
2.58500658071e-09	1.04556533387e-06
2.58867846506e-09	-1.13886888187e-06
2.59235034941e-09	-3.96502130684e-06
2.59602223376e-09	-6.08998504958e-06
2.5996941181e-09	-6.3734065634e-06
2.60336600245e-09	-4.3892331405e-06
2.6070378868e-09	-6.39662044222e-07
2.61070977115e-09	3.62517792496e-06
2.6143816555e-09	6.90741063636e-06
2.61805353984e-09	8.07009706705e-06
2.62172542419e-09	6.79581495433e-06
2.62539730854e-09	3.70183025211e-06
2.62906919289e-09	6.61911006006e-08
2.63274107723e-09	-2.71494440085e-06
2.63641296158e-09	-3.70640634628e-06
2.64008484593e-09	-2.80408437447e-06
2.64375673028e-09	-7.4323925503e-07
2.64742861462e-09	1.25380793037e-06
2.65110049897e-09	2.03497307893e-06
2.65477238332e-09	1.03986754141e-06
2.65844426767e-09	-1.43972519595e-06
2.66211615201e-09	-4.37374032458e-06
2.66578803636e-09	-6.43318901439e-06
2.66945992071e-09	-6.56810334476e-06
2.67313180506e-09	-4.47398159054e-06
2.6768036894e-09	-7.46996946077e-07
2.68047557375e-09	3.34187120643e-06
2.6841474581e-09	6.35754389577e-06
2.68781934245e-09	7.28135762529e-06
2.69149122679e-09	5.91598279698e-06
2.69516311114e-09	2.94622904562e-06
2.69883499549e-09	-3.65625563603e-07
2.70250687984e-09	-2.71754819892e-06
2.70617876419e-09	-3.30827592165e-06
2.70985064853e-09	-2.15292160988e-06
2.71352253288e-09	-4.32058100408e-08
2.71719441723e-09	1.82545616667e-06
2.72086630158e-09	2.39627421195e-06
2.72453818592e-09	1.22796033253e-06
2.72821007027e-09	-1.29958482376e-06
2.73188195462e-09	-4.13920216147e-06
2.73555383897e-09	-6.02362808877e-06
2.73922572331e-09	-6.0144342342e-06
2.74289760766e-09	-3.91605732375e-06
2.74656949201e-09	-3.78598159045e-07
2.75024137636e-09	3.35633586701e-06
2.7539132607e-09	5.95752919708e-06
2.75758514505e-09	6.54244036014e-06
2.7612570294e-09	5.02483339915e-06
2.76492891375e-09	2.12862994431e-06
2.76860079809e-09	-9.3254993061e-07
2.77227268244e-09	-2.97119578363e-06
2.77594456679e-09	-3.31541929199e-06
2.77961645114e-09	-2.06805650294e-06
2.78328833548e-09	-2.8654853157e-08
2.78696021983e-09	1.68093986019e-06
2.79063210418e-09	2.12393150889e-06
2.79430398853e-09	9.68316875571e-07
2.79797587288e-09	-1.36050165622e-06
2.80164775722e-09	-3.85897885735e-06
2.80531964157e-09	-5.37784870858e-06
2.80899152592e-09	-5.12138160502e-06
2.81266341027e-09	-2.9988456447e-06
2.81633529461e-09	3.20968677414e-07
2.82000717896e-09	3.67485341712e-06
2.82367906331e-09	5.87492132809e-06
2.82735094766e-09	6.18515309725e-06
2.831022832e-09	4.60488826093e-06
2.83469471635e-09	1.84581007545e-06
2.8383666007e-09	-9.81597274574e-07
2.84203848505e-09	-2.83529712419e-06
2.84571036939e-09	-3.16325005656e-06
2.84938225374e-09	-2.10566498993e-06
2.85305413809e-09	-3.96877773312e-07
2.85672602244e-09	9.82590123044e-07
2.86039790678e-09	1.25180687149e-06
2.86406979113e-09	1.78539663054e-07
2.86774167548e-09	-1.81599466487e-06
2.87141355983e-09	-3.83955151051e-06
2.87508544418e-09	-4.91664613378e-06
2.87875732852e-09	-4.41318081812e-06
2.88242921287e-09	-2.31690430041e-06
2.88610109722e-09	7.43728442387e-07
2.88977298157e-09	3.74649951596e-06
2.89344486591e-09	5.68132827539e-06
2.89711675026e-09	5.94499613271e-06
2.90078863461e-09	4.56327887832e-06
2.90446051896e-09	2.15475721177e-06
2.9081324033e-09	-3.41623760391e-07
2.91180428765e-09	-2.05635502937e-06
2.915476172e-09	-2.53248865079e-06
2.91914805635e-09	-1.88244789001e-06
2.92281994069e-09	-6.98073506555e-07
2.92649182504e-09	2.38440490463e-07
2.93016370939e-09	3.15541900164e-07
2.93383559374e-09	-6.32888834673e-07
2.93750747808e-09	-2.25298782652e-06
2.94117936243e-09	-3.82502832963e-06
2.94485124678e-09	-4.5748444677e-06
2.94852313113e-09	-4.00807235224e-06
2.95219501547e-09	-2.12732986427e-06
2.95586689982e-09	5.55754098741e-07
2.95953878417e-09	3.21364305478e-06
2.96321066852e-09	5.01989347867e-06
2.96688255287e-09	5.45979764865e-06
2.97055443721e-09	4.51183893801e-06
2.97422632156e-09	2.63104845999e-06
2.97789820591e-09	5.47028385256e-07
2.98157009026e-09	-1.0358420397e-06
2.9852419746e-09	-1.71100647606e-06
2.98891385895e-09	-1.50488384065e-06
2.9925857433e-09	-8.24236018104e-07
2.99625762765e-09	-2.46834357398e-07
2.99992951199e-09	-2.49308655498e-07
3.00360139634e-09	-9.90689407843e-07
3.00727328069e-09	-2.23929056631e-06
3.01094516504e-09	-3.47009873281e-06
3.01461704938e-09	-4.08670709362e-06
3.01828893373e-09	-3.67471668028e-06
3.02196081808e-09	-2.18347672387e-06
3.02563270243e-09	3.65714982742e-08
3.02930458677e-09	2.35421892114e-06
3.03297647112e-09	4.0888259889e-06
3.03664835547e-09	4.75974192682e-06
3.04032023982e-09	4.25662116754e-06
3.04399212416e-09	2.86314440245e-06
3.04766400851e-09	1.12836966082e-06
3.05133589286e-09	-3.58592206595e-07
3.05500777721e-09	-1.19630760764e-06
3.05867966156e-09	-1.30836987466e-06
3.0623515459e-09	-9.39521946464e-07
3.06602343025e-09	-5.18963521046e-07
3.0696953146e-09	-4.53780529597e-07
3.07336719895e-09	-9.40461639232e-07
3.07703908329e-09	-1.87116705774e-06
3.08071096764e-09	-2.87222394491e-06
3.08438285199e-09	-3.45787279343e-06
3.08805473634e-09	-3.23784186662e-06
3.09172662068e-09	-2.09376821658e-06
3.09539850503e-09	-2.50865037188e-07
3.09907038938e-09	1.78808262774e-06
3.10274227373e-09	3.42402091746e-06
3.10641415807e-09	4.18483540443e-06
3.11008604242e-09	3.90026909258e-06
3.11375792677e-09	2.75562473462e-06
3.11742981112e-09	1.20487155897e-06
3.12110169546e-09	-2.18157635956e-07
3.12477357981e-09	-1.1097831063e-06
3.12844546416e-09	-1.3411500106e-06
3.13211734851e-09	-1.08233996343e-06
3.13578923286e-09	-6.99901129053e-07
3.1394611172e-09	-5.75758654975e-07
3.14313300155e-09	-9.23514058115e-07
3.1468048859e-09	-1.68126805988e-06
3.15047677025e-09	-2.52742532325e-06
3.15414865459e-09	-3.01626147348e-06
3.15782053894e-09	-2.77782768876e-06
3.16149242329e-09	-1.6960103153e-06
3.16516430764e-09	1.55719850348e-08
3.16883619198e-09	1.87753767023e-06
3.17250807633e-09	3.325023755e-06
3.17617996068e-09	3.92711731934e-06
3.17985184503e-09	3.5521058237e-06
3.18352372937e-09	2.40772340021e-06
3.18719561372e-09	9.43524653962e-07
3.19086749807e-09	-3.40454874959e-07
3.19453938242e-09	-1.09488721733e-06
3.19821126676e-09	-1.24820375902e-06
3.20188315111e-09	-1.0090795115e-06
3.20555503546e-09	-7.45528524249e-07
3.20922691981e-09	-7.96191642394e-07
3.21289880415e-09	-1.29588251241e-06
3.2165706885e-09	-2.09657237349e-06
3.22024257285e-09	-2.82166487864e-06
3.2239144572e-09	-3.0349496285e-06
3.22758634155e-09	-2.44894761181e-06
3.23125822589e-09	-1.07693490037e-06
3.23493011024e-09	7.44545140208e-07
3.23860199459e-09	2.4775372367e-06
3.24227387894e-09	3.59566979569e-06
3.24594576328e-09	3.79417051022e-06
3.24961764763e-09	3.10437181383e-06
3.25328953198e-09	1.86480716025e-06
3.25696141633e-09	5.65332729963e-07
3.26063330067e-09	-3.65405945502e-07
3.26430518502e-09	-7.35681410902e-07
3.26797706937e-09	-6.5454835152e-07
3.27164895372e-09	-4.5686195449e-07
3.27532083806e-09	-5.22819895821e-07
3.27899272241e-09	-1.07420887474e-06
3.28266460676e-09	-2.04133715442e-06
3.28633649111e-09	-3.06881500478e-06
3.29000837545e-09	-3.66339227753e-06
3.2936802598e-09	-3.42200780779e-06
3.29735214415e-09	-2.23365546503e-06
3.3010240285e-09	-3.58686115476e-07
3.30469591284e-09	1.65668825503e-06
3.30836779719e-09	3.19597501175e-06
3.31203968154e-09	3.82167948487e-06
3.31571156589e-09	3.44829584265e-06
3.31938345024e-09	2.36253740127e-06
3.32305533458e-09	1.08495532913e-06
3.32672721893e-09	1.34626430004e-07
3.33039910328e-09	-1.99130912648e-07
3.33407098763e-09	2.25148558686e-08
3.33774287197e-09	4.29042277261e-07
3.34141475632e-09	5.28749239948e-07
3.34508664067e-09	-3.8334710073e-08
3.34875852502e-09	-1.29827054707e-06
3.35243040936e-09	-2.89068859161e-06
3.35610229371e-09	-4.20015365421e-06
3.35977417806e-09	-4.6196220751e-06
3.36344606241e-09	-3.82988278602e-06
3.36711794675e-09	-1.96435537703e-06
3.3707898311e-09	4.19992314704e-07
3.37446171545e-09	2.55796226156e-06
3.3781335998e-09	3.78504236664e-06
3.38180548414e-09	3.80449239401e-06
3.38547736849e-09	2.79806801018e-06
3.38914925284e-09	1.33214869891e-06
3.39282113719e-09	1.01714200618e-07
3.39649302154e-09	-3.79337407708e-07
3.40016490588e-09	-6.03341998584e-09
3.40383679023e-09	8.72275549568e-07
3.40750867458e-09	1.61467518467e-06
3.41118055893e-09	1.59345403006e-06
3.41485244327e-09	5.0665838458e-07
3.41852432762e-09	-1.44499055921e-06
3.42219621197e-09	-3.60636269647e-06
3.42586809632e-09	-5.12882292014e-06
3.42953998066e-09	-5.33364664079e-06
3.43321186501e-09	-4.01653016979e-06
3.43688374936e-09	-1.55591665418e-06
3.44055563371e-09	1.22555304927e-06
3.44422751805e-09	3.38892516538e-06
3.4478994024e-09	4.2568422316e-06
3.45157128675e-09	3.68155201613e-06
3.4552431711e-09	2.09112715766e-06
3.45891505544e-09	2.93357864223e-07
3.46258693979e-09	-8.79906480122e-07
3.46625882414e-09	-9.39108048215e-07
3.46993070849e-09	4.59555475896e-08
3.47360259283e-09	1.47585252819e-06
3.47727447718e-09	2.49246494377e-06
3.48094636153e-09	2.3762037813e-06
3.48461824588e-09	8.93509231048e-07
3.48829013023e-09	-1.563452102e-06
3.49196201457e-09	-4.11452020899e-06
3.49563389892e-09	-5.75011620185e-06
3.49930578327e-09	-5.75801732339e-06
3.50297766762e-09	-4.03238163926e-06
3.50664955196e-09	-1.13336493257e-06
3.51032143631e-09	1.92945560684e-06
3.51399332066e-09	4.09944772173e-06
3.51766520501e-09	4.69493349442e-06
3.52133708935e-09	3.67631389508e-06
3.5250089737e-09	1.64663029523e-06
3.52868085805e-09	-4.16785209012e-07
3.5323527424e-09	-1.5885972573e-06
3.53602462674e-09	-1.39896852147e-06
3.53969651109e-09	-3.77175815025e-08
3.54336839544e-09	1.73270223058e-06
3.54704027979e-09	2.92130860657e-06
3.55071216413e-09	2.75976631769e-06
3.55438404848e-09	1.06155097512e-06
3.55805593283e-09	-1.66903076604e-06
3.56172781718e-09	-4.42803880674e-06
3.56539970152e-09	-6.12064417282e-06
3.56907158587e-09	-6.01648019938e-06
3.57274347022e-09	-4.058908047e-06
3.57641535457e-09	-9.01648114393e-07
3.58008723892e-09	2.3455028213e-06
3.58375912326e-09	4.55776364561e-06
3.58743100761e-09	5.04385411659e-06
3.59110289196e-09	3.81552774797e-06
3.59477477631e-09	1.56358704828e-06
3.59844666065e-09	-6.50948130954e-07
3.602118545e-09	-1.85987518364e-06
3.60579042935e-09	-1.60481305045e-06
3.6094623137e-09	-1.27372055125e-07
3.61313419804e-09	1.74915194862e-06
3.61680608239e-09	2.99260921111e-06
3.62047796674e-09	2.82541279262e-06
3.62414985109e-09	1.07827141704e-06
3.62782173543e-09	-1.71575636898e-06
3.63149361978e-09	-4.52599783785e-06
3.63516550413e-09	-6.24101653557e-06
3.63883738848e-09	-6.12665490962e-06
3.64250927282e-09	-4.1344385977e-06
3.64618115717e-09	-9.33455005736e-07
3.64985304152e-09	2.35244127111e-06
3.65352492587e-09	4.59408133224e-06
3.65719681022e-09	5.10748213856e-06
3.66086869456e-09	3.91498315366e-06
3.66454057891e-09	1.70768436192e-06
3.66821246326e-09	-4.71207663111e-07
3.67188434761e-09	-1.6827393523e-06
3.67555623195e-09	-1.48915958675e-06
3.6792281163e-09	-1.24859044881e-07
3.68290000065e-09	1.62642380985e-06
3.686571885e-09	2.78791191022e-06
3.69024376934e-09	2.62494128833e-06
3.69391565369e-09	9.74819762689e-07
3.69758753804e-09	-1.66560199943e-06
3.70125942239e-09	-4.330911338e-06
3.70493130673e-09	-5.97818683445e-06
3.70860319108e-09	-5.91663507521e-06
3.71227507543e-09	-4.09562383652e-06
3.71594695978e-09	-1.13026138138e-06
3.71961884412e-09	1.9478788289e-06
3.72329072847e-09	4.10688909369e-06
3.72696261282e-09	4.72121314488e-06
3.73063449717e-09	3.79743744361e-06
3.73430638151e-09	1.93144757077e-06
3.73797826586e-09	2.58004952958e-08
3.74165015021e-09	-1.10462453051e-06
3.74532203456e-09	-1.06904548858e-06
3.74899391891e-09	-4.42385195143e-08
3.75266580325e-09	1.32805678277e-06
3.7563376876e-09	2.2373970836e-06
3.76000957195e-09	2.06831622052e-06
3.7636814563e-09	6.7701514439e-07
3.76735334064e-09	-1.53383571444e-06
3.77102522499e-09	-3.77357952175e-06
3.77469710934e-09	-5.18729854093e-06
3.77836899369e-09	-5.20655510172e-06
3.78204087803e-09	-3.77802564344e-06
3.78571276238e-09	-1.37704594749e-06
3.78938464673e-09	1.19299637191e-06
3.79305653108e-09	3.12209851927e-06
3.79672841542e-09	3.89895674857e-06
3.80040029977e-09	3.47714521354e-06
3.80407218412e-09	2.24723189035e-06
3.80774406847e-09	8.39789613849e-07
3.81141595281e-09	-1.49805828187e-07
3.81508783716e-09	-4.00077212248e-07
3.81875972151e-09	2.66008466365e-08
3.82243160586e-09	7.41578780605e-07
3.8261034902e-09	1.22222622423e-06
3.82977537455e-09	1.05468178901e-06
3.8334472589e-09	1.20888287825e-07
3.83711914325e-09	-1.34682863973e-06
3.8407910276e-09	-2.86251912485e-06
3.84446291194e-09	-3.88587562838e-06
3.84813479629e-09	-4.03478193789e-06
3.85180668064e-09	-3.22396516594e-06
3.85547856499e-09	-1.68135517242e-06
3.85915044933e-09	1.50818648237e-07
3.86282233368e-09	1.78027852371e-06
3.86649421803e-09	2.82790642814e-06
3.87016610238e-09	3.13306696853e-06
3.87383798672e-09	2.77337787224e-06
3.87750987107e-09	2.00190218891e-06
3.88118175542e-09	1.13383026701e-06
3.88485363977e-09	4.27809982995e-07
3.88852552411e-09	6.07341721359e-09
3.89219740846e-09	-1.61658894271e-07
3.89586929281e-09	-2.14083870631e-07
3.89954117716e-09	-3.19886119371e-07
3.9032130615e-09	-6.0198525631e-07
3.90688494585e-09	-1.08991796566e-06
3.9105568302e-09	-1.71013567751e-06
3.91422871455e-09	-2.30728228701e-06
3.9179005989e-09	-2.68586828156e-06
3.92157248324e-09	-2.66362357593e-06
3.92524436759e-09	-2.12884184236e-06
3.92891625194e-09	-1.09064163922e-06
3.93258813629e-09	2.96793920995e-07
3.93626002063e-09	1.75248614198e-06
3.93993190498e-09	2.93497168968e-06
3.94360378933e-09	3.54154295223e-06
3.94727567368e-09	3.40760504969e-06
3.95094755802e-09	2.57010802329e-06
3.95461944237e-09	1.26746051876e-06
3.95829132672e-09	-1.28866298965e-07
3.96196321107e-09	-1.23423906473e-06
3.96563509541e-09	-1.78370052595e-06
3.96930697976e-09	-1.73007151716e-06
3.97297886411e-09	-1.26434498782e-06
3.97665074846e-09	-7.39195115784e-07
3.9803226328e-09	-5.16444799814e-07
3.98399451715e-09	-7.96318396112e-07
3.9876664015e-09	-1.50585198355e-06
3.99133828585e-09	-2.30493702702e-06
3.99501017019e-09	-2.71935576279e-06
3.99868205454e-09	-2.35121245851e-06
4.00235393889e-09	-1.07607472444e-06
4.00602582324e-09	8.61961794385e-07
4.00969770759e-09	2.90685980531e-06
4.01336959193e-09	4.38393965396e-06
4.01704147628e-09	4.75799214428e-06
4.02071336063e-09	3.85378413625e-06
4.02438524498e-09	1.94567610379e-06
4.02805712932e-09	-3.28061187105e-07
4.03172901367e-09	-2.20368896464e-06
4.03540089802e-09	-3.09179665692e-06
4.03907278237e-09	-2.81603641383e-06
4.04274466671e-09	-1.6834215586e-06
4.04641655106e-09	-3.48084125079e-07
4.05008843541e-09	4.7966073069e-07
4.05376031976e-09	3.54744781106e-07
4.0574322041e-09	-6.93795385587e-07
4.06110408845e-09	-2.16184187707e-06
4.0647759728e-09	-3.28248069081e-06
4.06844785715e-09	-3.36293180681e-06
4.07211974149e-09	-2.10275271684e-06
4.07579162584e-09	2.43361938601e-07
4.07946351019e-09	2.93312646704e-06
4.08313539454e-09	5.01352332094e-06
4.08680727888e-09	5.70007694023e-06
4.09047916323e-09	4.70290169119e-06
4.09415104758e-09	2.3603020054e-06
4.09782293193e-09	-4.83938073614e-07
4.10149481628e-09	-2.81670736513e-06
4.10516670062e-09	-3.86612416037e-06
4.10883858497e-09	-3.41286613548e-06
4.11251046932e-09	-1.86553977244e-06
4.11618235367e-09	-6.8169585532e-08
4.11985423801e-09	1.07744419608e-06
4.12352612236e-09	1.00983696427e-06
4.12719800671e-09	-2.44772225599e-07
4.13086989106e-09	-2.08106592936e-06
4.1345417754e-09	-3.57546153396e-06
4.13821365975e-09	-3.88904837223e-06
4.1418855441e-09	-2.64364035729e-06
4.14555742845e-09	-1.10921787311e-07
4.14922931279e-09	2.86978598751e-06
4.15290119714e-09	5.21697143085e-06
4.15657308149e-09	6.04478208288e-06
4.16024496584e-09	5.02896165244e-06
4.16391685018e-09	2.54492960039e-06
4.16758873453e-09	-4.8403610009e-07
4.17126061888e-09	-2.96500314789e-06
4.17493250323e-09	-4.07853363527e-06
4.17860438758e-09	-3.59979003406e-06
4.18227627192e-09	-1.96357984805e-06
4.18594815627e-09	-5.32774317996e-08
4.18962004062e-09	1.19316520397e-06
4.19329192497e-09	1.18972825192e-06
4.19696380931e-09	-4.77072119587e-08
4.20063569366e-09	-1.91180771481e-06
4.20430757801e-09	-3.46868893075e-06
4.20797946236e-09	-3.86585759315e-06
4.2116513467e-09	-2.71170546284e-06
4.21532323105e-09	-2.63946505541e-07
4.2189951154e-09	2.65548544576e-06
4.22266699975e-09	4.98642702951e-06
4.22633888409e-09	5.86086855492e-06
4.23001076844e-09	4.9551824759e-06
4.23368265279e-09	2.61709169536e-06
4.23735453714e-09	-2.83459531403e-07
4.24102642148e-09	-2.71157014708e-06
4.24469830583e-09	-3.88110737504e-06
4.24837019018e-09	-3.55352349857e-06
4.25204207453e-09	-2.10330978234e-06
4.25571395887e-09	-3.31173446e-07
4.25938584322e-09	8.93094934895e-07
4.26305772757e-09	1.00547809012e-06
4.26672961192e-09	-1.43173809475e-08
4.27040149627e-09	-1.64155429161e-06
4.27407338061e-09	-3.04014611174e-06
4.27774526496e-09	-3.43197342545e-06
4.28141714931e-09	-2.44332032651e-06
4.28508903366e-09	-2.79860874031e-07
4.288760918e-09	2.34376942387e-06
4.29243280235e-09	4.48913513651e-06
4.2961046867e-09	5.37145638191e-06
4.29977657105e-09	4.67133176585e-06
4.30344845539e-09	2.65464407789e-06
4.30712033974e-09	5.61761916984e-08
4.31079222409e-09	-2.21882663709e-06
4.31446410844e-09	-3.45122791146e-06
4.31813599278e-09	-3.3772996062e-06
4.32180787713e-09	-2.26547837201e-06
4.32547976148e-09	-7.73962284484e-07
4.32915164583e-09	3.47544773405e-07
4.33282353017e-09	5.83955461764e-07
4.33649541452e-09	-1.28033263103e-07
4.34016729887e-09	-1.38387730431e-06
4.34383918322e-09	-2.49843444067e-06
4.34751106756e-09	-2.81418630266e-06
4.35118295191e-09	-1.99543575263e-06
4.35485483626e-09	-1.83659894404e-07
4.35852672061e-09	2.04903078327e-06
4.36219860496e-09	3.92555838857e-06
4.3658704893e-09	4.77201132298e-06
4.36954237365e-09	4.28213334658e-06
4.373214258e-09	2.63239977016e-06
4.37688614235e-09	4.04948206523e-07
4.38055802669e-09	-1.64689728877e-06
4.38422991104e-09	-2.89396695052e-06
4.38790179539e-09	-3.06588000853e-06
4.39157367974e-09	-2.3318925173e-06
4.39524556408e-09	-1.19752385785e-06
4.39891744843e-09	-2.66598000564e-07
4.40258933278e-09	2.65784085851e-08
4.40626121713e-09	-4.0040660565e-07
4.40993310147e-09	-1.25670796791e-06
4.41360498582e-09	-2.02048092035e-06
4.41727687017e-09	-2.17936849367e-06
4.42094875452e-09	-1.46286633651e-06
4.42462063886e-09	2.98631981366e-08
4.42829252321e-09	1.85835494904e-06
4.43196440756e-09	3.41061689824e-06
4.43563629191e-09	4.14320868458e-06
4.43930817626e-09	3.79415513407e-06
4.4429800606e-09	2.48223115307e-06
4.44665194495e-09	6.54293835112e-07
4.4503238293e-09	-1.09591847774e-06
4.45399571365e-09	-2.26053126084e-06
4.45766759799e-09	-2.60388191009e-06
4.46133948234e-09	-2.22768123592e-06
4.46501136669e-09	-1.49260867488e-06
4.46868325104e-09	-8.38626078803e-07
4.47235513538e-09	-5.85212848847e-07
4.47602701973e-09	-7.98618437159e-07
4.47969890408e-09	-1.27789327564e-06
4.48337078843e-09	-1.6592263421e-06
4.48704267277e-09	-1.58929549343e-06
4.49071455712e-09	-8.91412291537e-07
4.49438644147e-09	3.43974715378e-07
4.49805832582e-09	1.78224230751e-06
4.50173021016e-09	2.97003461469e-06
4.50540209451e-09	3.51180989355e-06
4.50907397886e-09	3.22386344465e-06
4.51274586321e-09	2.20210391433e-06
4.51641774755e-09	7.77507580096e-07
4.5200896319e-09	-6.19545119207e-07
4.52376151625e-09	-1.62509044799e-06
4.5274334006e-09	-2.06738822328e-06
4.53110528495e-09	-2.00394126182e-06
4.53477716929e-09	-1.66162587334e-06
4.53844905364e-09	-1.31474374143e-06
4.54212093799e-09	-1.15647470267e-06
4.54579282234e-09	-1.21918161966e-06
4.54946470668e-09	-1.37172497716e-06
4.55313659103e-09	-1.39153455336e-06
4.55680847538e-09	-1.07699838026e-06
4.56048035973e-09	-3.51641741503e-07
4.56415224407e-09	6.84493841163e-07
4.56782412842e-09	1.77974521876e-06
4.57149601277e-09	2.62156547137e-06
4.57516789712e-09	2.95558695029e-06
4.57883978146e-09	2.68159706707e-06
4.58251166581e-09	1.88679717894e-06
4.58618355016e-09	8.05087225331e-07
4.58985543451e-09	-2.76471482152e-07
4.59352731885e-09	-1.12120584816e-06
4.5971992032e-09	-1.61479709959e-06
4.60087108755e-09	-1.78037559806e-06
4.6045429719e-09	-1.73853518959e-06
4.60821485624e-09	-1.63461858449e-06
4.61188674059e-09	-1.56561114295e-06
4.61555862494e-09	-1.53726669794e-06
4.61923050929e-09	-1.4667141528e-06
4.62290239364e-09	-1.22979201933e-06
4.62657427798e-09	-7.31082394623e-07
4.63024616233e-09	3.38667951461e-08
4.63391804668e-09	9.54056531555e-07
4.63758993103e-09	1.82958716266e-06
4.64126181537e-09	2.43912613485e-06
4.64493369972e-09	2.62006076923e-06
4.64860558407e-09	2.32624407204e-06
4.65227746842e-09	1.64126819868e-06
4.65594935276e-09	7.43824024596e-07
4.65962123711e-09	-1.57224018693e-07
4.66329312146e-09	-8.91251374924e-07
4.66696500581e-09	-1.37304107284e-06
4.67063689015e-09	-1.61308284419e-06
4.6743087745e-09	-1.69095532954e-06
4.67798065885e-09	-1.70335938776e-06
4.6816525432e-09	-1.70919064146e-06
4.68532442754e-09	-1.6957545057e-06
4.68899631189e-09	-1.58267047823e-06
4.69266819624e-09	-1.26478109053e-06
4.69634008059e-09	-6.74760244124e-07
4.70001196494e-09	1.63070950521e-07
4.70368384928e-09	1.11660709479e-06
4.70735573363e-09	1.97729525553e-06
4.71102761798e-09	2.52825537927e-06
4.71469950233e-09	2.62130700435e-06
4.71837138667e-09	2.23119700138e-06
4.72204327102e-09	1.46640182663e-06
4.72571515537e-09	5.31435222939e-07
4.72938703972e-09	-3.4422534867e-07
4.73305892406e-09	-9.85320930624e-07
4.73673080841e-09	-1.32732868963e-06
4.74040269276e-09	-1.42718188556e-06
4.74407457711e-09	-1.42223723287e-06
4.74774646145e-09	-1.45279977914e-06
4.7514183458e-09	-1.58297719111e-06
4.75509023015e-09	-1.75788959211e-06
4.7587621145e-09	-1.82145195993e-06
4.76243399884e-09	-1.59042605219e-06
4.76610588319e-09	-9.5208305595e-07
4.76977776754e-09	5.96573759282e-08
4.77344965189e-09	1.24804485324e-06
4.77712153623e-09	2.30787856026e-06
4.78079342058e-09	2.93215853731e-06
4.78446530493e-09	2.92837438565e-06
4.78813718928e-09	2.29727736212e-06
4.79180907363e-09	1.24032152371e-06
4.79548095797e-09	8.75920505017e-08
4.79915284232e-09	-8.27256535274e-07
4.80282472667e-09	-1.29709437147e-06
4.80649661102e-09	-1.31913918722e-06
4.81016849536e-09	-1.08450921488e-06
4.81384037971e-09	-8.79054070424e-07
4.81751226406e-09	-9.38173386089e-07
4.82118414841e-09	-1.3220356152e-06
4.82485603275e-09	-1.87151202624e-06
4.8285279171e-09	-2.27008601428e-06
4.83219980145e-09	-2.187055685e-06
4.8358716858e-09	-1.4399781918e-06
4.83954357014e-09	-1.03006160046e-07
4.84321545449e-09	1.49066771371e-06
4.84688733884e-09	2.85899534447e-06
4.85055922319e-09	3.55380424821e-06
4.85423110753e-09	3.34182757911e-06
4.85790299188e-09	2.30716953808e-06
4.86157487623e-09	8.26770708784e-07
4.86524676058e-09	-5.77849561978e-07
4.86891864492e-09	-1.45347213731e-06
4.87259052927e-09	-1.60278455041e-06
4.87626241362e-09	-1.16051835874e-06
4.87993429797e-09	-5.22225764854e-07
4.88360618232e-09	-1.5274208387e-07
4.88727806666e-09	-3.60951379008e-07
4.89094995101e-09	-1.14250747174e-06
4.89462183536e-09	-2.16476954051e-06
4.89829371971e-09	-2.9046959753e-06
4.90196560405e-09	-2.88195940357e-06
4.9056374884e-09	-1.88725786643e-06
4.90930937275e-09	-1.03717526123e-07
4.9129812571e-09	1.93625173495e-06
4.91665314144e-09	3.54865983354e-06
4.92032502579e-09	4.17186069512e-06
4.92399691014e-09	3.6014061493e-06
4.92766879449e-09	2.08205715069e-06
4.93134067883e-09	2.10783463572e-07
4.93501256318e-09	-1.31249970536e-06
4.93868444753e-09	-1.98017453101e-06
4.94235633188e-09	-1.68842312576e-06
4.94602821622e-09	-7.69299724368e-07
4.94970010057e-09	1.71001937943e-07
4.95337198492e-09	5.37714111459e-07
4.95704386927e-09	2.83506123022e-08
4.96071575361e-09	-1.21508952589e-06
4.96438763796e-09	-2.65335847871e-06
4.96805952231e-09	-3.57908416504e-06
4.97173140666e-09	-3.43142539805e-06
4.97540329101e-09	-2.06061994845e-06
4.97907517535e-09	1.76513532679e-07
4.9827470597e-09	2.53792813965e-06
4.98641894405e-09	4.19059244905e-06
4.9900908284e-09	4.55377926301e-06
4.99376271274e-09	3.54330040864e-06
4.99743459709e-09	1.60664272641e-06
5.00110648144e-09	-4.69004021397e-07
5.00477836579e-09	-1.89355080238e-06
5.00845025013e-09	-2.20830312969e-06
5.01212213448e-09	-1.47146531049e-06
5.01579401883e-09	-2.14360984074e-07
5.01946590318e-09	8.09985330363e-07
5.02313778752e-09	9.75890998234e-07
5.02680967187e-09	7.71707786562e-08
5.03048155622e-09	-1.56504607673e-06
5.03415344057e-09	-3.23001444258e-06
5.03782532491e-09	-4.10802911688e-06
5.04149720926e-09	-3.66226061033e-06
5.04516909361e-09	-1.88301649473e-06
5.04884097796e-09	6.81224030075e-07
5.05251286231e-09	3.13477841019e-06
5.05618474665e-09	4.601586852e-06
5.059856631e-09	4.5879021684e-06
5.06352851535e-09	3.18422752343e-06
5.0672003997e-09	1.01734271141e-06
5.07087228404e-09	-1.02417266845e-06
5.07454416839e-09	-2.17068830466e-06
5.07821605274e-09	-2.09272289453e-06
5.08188793709e-09	-1.02554211878e-06
5.08555982143e-09	3.53814705534e-07
5.08923170578e-09	1.24174790272e-06
5.09290359013e-09	1.07792714488e-06
5.09657547448e-09	-1.91831592389e-07
5.10024735882e-09	-2.07584466239e-06
5.10391924317e-09	-3.74164858385e-06
5.10759112752e-09	-4.37879239712e-06
5.11126301187e-09	-3.56230748366e-06
5.11493489621e-09	-1.45524404616e-06
5.11860678056e-09	1.24131548773e-06
5.12227866491e-09	3.57100216775e-06
5.12595054926e-09	4.71598664831e-06
5.1296224336e-09	4.33033062563e-06
5.13329431795e-09	2.67202327109e-06
5.1369662023e-09	4.78830539663e-07
5.14063808665e-09	-1.35333399953e-06
5.144309971e-09	-2.1511272621e-06
5.14798185534e-09	-1.74023880106e-06
5.15165373969e-09	-5.01867141622e-07
5.15532562404e-09	8.13286391121e-07
5.15899750839e-09	1.43224238514e-06
5.16266939273e-09	9.16526779804e-07
5.16634127708e-09	-6.28336138675e-07
5.17001316143e-09	-2.5854407113e-06
5.17368504578e-09	-4.08930839058e-06
5.17735693012e-09	-4.40464137341e-06
5.18102881447e-09	-3.25468627693e-06
5.18470069882e-09	-9.54240341855e-07
5.18837258317e-09	1.71004430172e-06
5.19204446751e-09	3.79956395591e-06
5.19571635186e-09	4.60586221607e-06
5.19938823621e-09	3.93235137608e-06
5.20306012056e-09	2.16010167264e-06
5.2067320049e-09	7.24232354088e-08
5.21040388925e-09	-1.48349910489e-06
5.2140757736e-09	-1.95486930465e-06
5.21774765795e-09	-1.30806400023e-06
5.22141954229e-09	-2.53042635734e-08
5.22509142664e-09	1.12543519037e-06
5.22876331099e-09	1.44623673748e-06
5.23243519534e-09	6.33227696056e-07
5.23610707969e-09	-1.07450293285e-06
5.23977896403e-09	-2.98884614836e-06
5.24345084838e-09	-4.26729582159e-06
5.24712273273e-09	-4.27943990644e-06
5.25079461708e-09	-2.88511569124e-06
5.25446650142e-09	-5.05499894388e-07
5.25813838577e-09	2.04179852403e-06
5.26181027012e-09	3.87228536169e-06
5.26548215447e-09	4.389762438e-06
5.26915403881e-09	3.51960491685e-06
5.27282592316e-09	1.7240654131e-06
5.27649780751e-09	-2.05638754025e-07
5.28016969186e-09	-1.49086322665e-06
5.2838415762e-09	-1.6954129336e-06
5.28751346055e-09	-9.00718632124e-07
5.2911853449e-09	3.48341430367e-07
5.29485722925e-09	1.30243927288e-06
5.29852911359e-09	1.35533593948e-06
5.30220099794e-09	3.25496664288e-07
5.30587288229e-09	-1.45167433629e-06
5.30954476664e-09	-3.26094766478e-06
5.31321665099e-09	-4.31127034517e-06
5.31688853533e-09	-4.07606947306e-06
5.32056041968e-09	-2.52371961551e-06
5.32423230403e-09	-1.42590264929e-07
5.32790418838e-09	2.25022102995e-06
5.33157607272e-09	3.83625425115e-06
5.33524795707e-09	4.12291132079e-06
5.33891984142e-09	3.13392547469e-06
5.34259172577e-09	1.38273190942e-06
5.34626361011e-09	-3.58720004812e-07
5.34993549446e-09	-1.39534053289e-06
5.35360737881e-09	-1.4023000432e-06
5.35727926316e-09	-5.49277828554e-07
5.3609511475e-09	5.95276087978e-07
5.36462303185e-09	1.33413783487e-06
5.3682949162e-09	1.16331495548e-06
5.37196680055e-09	5.078380938e-09
5.37563868489e-09	-1.74754495674e-06
5.37931056924e-09	-3.39207224442e-06
5.38298245359e-09	-4.21255637661e-06
5.38665433794e-09	-3.78544609703e-06
5.39032622228e-09	-2.16536228947e-06
5.39399810663e-09	1.26588173721e-07
5.39766999098e-09	2.30904467458e-06
5.40134187533e-09	3.65413305303e-06
5.40501375968e-09	3.77671156571e-06
5.40868564402e-09	2.77667126625e-06
5.41235752837e-09	1.17507965314e-06
5.41602941272e-09	-3.23620621856e-07
5.41970129707e-09	-1.13760668796e-06
5.42337318141e-09	-1.04749028651e-06
5.42704506576e-09	-2.69571085454e-07
5.43071695011e-09	6.62990764511e-07
5.43438883446e-09	1.15331493333e-06
5.4380607188e-09	8.15259319609e-07
5.44173260315e-09	-3.4807055016e-07
5.4454044875e-09	-1.93684900296e-06
5.44907637185e-09	-3.31876339033e-06
5.45274825619e-09	-3.89502616827e-06
5.45642014054e-09	-3.35508516969e-06
5.46009202489e-09	-1.81188239878e-06
5.46376390924e-09	2.39120712564e-07
5.46743579358e-09	2.11933900118e-06
5.47110767793e-09	3.237892372e-06
5.47477956228e-09	3.31837247813e-06
5.47845144663e-09	2.48743322118e-06
5.48212333097e-09	1.19377380514e-06
5.48579521532e-09	7.1198591467e-10
5.48946709967e-09	-6.54584020765e-07
5.49313898402e-09	-6.3175245657e-07
5.49681086837e-09	-1.2189954024e-07
5.50048275271e-09	4.61349142e-07
5.50415463706e-09	6.81175094996e-07
5.50782652141e-09	2.79797177427e-07
5.51149840576e-09	-7.01610211706e-07
5.5151702901e-09	-1.93504978085e-06
5.51884217445e-09	-2.94157138114e-06
5.5225140588e-09	-3.29234751462e-06
5.52618594315e-09	-2.78711672763e-06
5.52985782749e-09	-1.53620845822e-06
5.53352971184e-09	8.59895328276e-08
5.53720159619e-09	1.59077114859e-06
5.54087348054e-09	2.56103353991e-06
5.54454536488e-09	2.79595190023e-06
5.54821724923e-09	2.36035761247e-06
5.55188913358e-09	1.52830752143e-06
5.55556101793e-09	6.53731135003e-07
5.55923290227e-09	2.54104207675e-08
5.56290478662e-09	-2.3522609105e-07
