0	-0.000112442
4.72632e-14	-0.000113322
9.45264e-14	-0.000114205
1.4179e-13	-0.00011509
1.89053e-13	-0.000115978
2.36316e-13	-0.000116869
2.83579e-13	-0.000117761
3.30842e-13	-0.000118657
3.78106e-13	-0.000119554
4.25369e-13	-0.000120454
4.72632e-13	-0.000121356
5.19895e-13	-0.000122261
5.67158e-13	-0.000123167
6.14422e-13	-0.000124075
6.61685e-13	-0.000124985
7.08948e-13	-0.000125897
7.56211e-13	-0.000126811
8.03474e-13	-0.000127726
8.50738e-13	-0.000128643
8.98001e-13	-0.000129561
9.45264e-13	-0.000130481
9.92527e-13	-0.000131402
1.03979e-12	-0.000132325
1.08705e-12	-0.000133248
1.13432e-12	-0.000134173
1.18158e-12	-0.000135098
1.22884e-12	-0.000136024
1.27611e-12	-0.000136951
1.32337e-12	-0.000137879
1.37063e-12	-0.000138807
1.4179e-12	-0.000139736
1.46516e-12	-0.000140664
1.51242e-12	-0.000141594
1.55969e-12	-0.000142523
1.60695e-12	-0.000143452
1.65421e-12	-0.000144381
1.70148e-12	-0.00014531
1.74874e-12	-0.000146238
1.796e-12	-0.000147166
1.84326e-12	-0.000148093
1.89053e-12	-0.00014902
1.93779e-12	-0.000149945
1.98505e-12	-0.00015087
2.03232e-12	-0.000151794
2.07958e-12	-0.000152716
2.12684e-12	-0.000153637
2.17411e-12	-0.000154556
2.22137e-12	-0.000155473
2.26863e-12	-0.000156389
2.3159e-12	-0.000157303
2.36316e-12	-0.000158214
2.41042e-12	-0.000159124
2.45769e-12	-0.00016003
2.50495e-12	-0.000160935
2.55221e-12	-0.000161836
2.59948e-12	-0.000162735
2.64674e-12	-0.00016363
2.694e-12	-0.000164522
2.74127e-12	-0.000165411
2.78853e-12	-0.000166296
2.83579e-12	-0.000167177
2.88306e-12	-0.000168055
2.93032e-12	-0.000168928
2.97758e-12	-0.000169797
3.02484e-12	-0.000170661
3.07211e-12	-0.000171521
3.11937e-12	-0.000172376
3.16663e-12	-0.000173225
3.2139e-12	-0.00017407
3.26116e-12	-0.000174909
3.30842e-12	-0.000175742
3.35569e-12	-0.000176569
3.40295e-12	-0.00017739
3.45021e-12	-0.000178205
3.49748e-12	-0.000179013
3.54474e-12	-0.000179815
3.592e-12	-0.00018061
3.63927e-12	-0.000181397
3.68653e-12	-0.000182177
3.73379e-12	-0.000182949
3.78106e-12	-0.000183713
3.82832e-12	-0.00018447
3.87558e-12	-0.000185217
3.92285e-12	-0.000185957
3.97011e-12	-0.000186687
4.01737e-12	-0.000187408
4.06464e-12	-0.00018812
4.1119e-12	-0.000188822
4.15916e-12	-0.000189514
4.20643e-12	-0.000190196
4.25369e-12	-0.000190868
4.30095e-12	-0.000191529
4.34821e-12	-0.000192179
4.39548e-12	-0.000192817
4.44274e-12	-0.000193445
4.49e-12	-0.00019406
4.53727e-12	-0.000194663
4.58453e-12	-0.000195254
4.63179e-12	-0.000195832
4.67906e-12	-0.000196397
4.72632e-12	-0.000196948
4.77358e-12	-0.000197486
4.82085e-12	-0.00019801
4.86811e-12	-0.00019852
4.91537e-12	-0.000199015
4.96264e-12	-0.000199496
5.0099e-12	-0.000199961
5.05716e-12	-0.00020041
5.10443e-12	-0.000200844
5.15169e-12	-0.000201261
5.19895e-12	-0.000201662
5.24622e-12	-0.000202045
5.29348e-12	-0.000202412
5.34074e-12	-0.000202761
5.38801e-12	-0.000203091
5.43527e-12	-0.000203404
5.48253e-12	-0.000203697
5.52979e-12	-0.000203972
5.57706e-12	-0.000204227
5.62432e-12	-0.000204462
5.67158e-12	-0.000204677
5.71885e-12	-0.000204871
5.76611e-12	-0.000205044
5.81337e-12	-0.000205195
5.86064e-12	-0.000205325
5.9079e-12	-0.000205432
5.95516e-12	-0.000205517
6.00243e-12	-0.000205579
6.04969e-12	-0.000205617
6.09695e-12	-0.000205631
6.14422e-12	-0.00020562
6.19148e-12	-0.000205585
6.23874e-12	-0.000205525
6.28601e-12	-0.000205439
6.33327e-12	-0.000205326
6.38053e-12	-0.000205187
6.4278e-12	-0.000205021
6.47506e-12	-0.000204827
6.52232e-12	-0.000204605
6.56959e-12	-0.000204355
6.61685e-12	-0.000204076
6.66411e-12	-0.000203767
6.71137e-12	-0.000203428
6.75864e-12	-0.000203059
6.8059e-12	-0.000202658
6.85316e-12	-0.000202227
6.90043e-12	-0.000201763
6.94769e-12	-0.000201267
6.99495e-12	-0.000200737
7.04222e-12	-0.000200174
7.08948e-12	-0.000199577
7.13674e-12	-0.000198946
7.18401e-12	-0.000198279
7.23127e-12	-0.000197576
7.27853e-12	-0.000196838
7.3258e-12	-0.000196062
7.37306e-12	-0.000195249
7.42032e-12	-0.000194398
7.46759e-12	-0.000193508
7.51485e-12	-0.000192579
7.56211e-12	-0.00019161
7.60938e-12	-0.000190602
7.65664e-12	-0.000189552
7.7039e-12	-0.00018846
7.75117e-12	-0.000187327
7.79843e-12	-0.000186151
7.84569e-12	-0.000184931
7.89295e-12	-0.000183668
7.94022e-12	-0.000182359
7.98748e-12	-0.000181006
8.03474e-12	-0.000179606
8.08201e-12	-0.00017816
8.12927e-12	-0.000176667
8.17653e-12	-0.000175126
8.2238e-12	-0.000173536
8.27106e-12	-0.000171897
8.31832e-12	-0.000170209
8.36559e-12	-0.000168469
8.41285e-12	-0.000166679
8.46011e-12	-0.000164836
8.50738e-12	-0.000162941
8.55464e-12	-0.000160992
8.6019e-12	-0.000158989
8.64917e-12	-0.000156931
8.69643e-12	-0.000154818
8.74369e-12	-0.000152649
8.79096e-12	-0.000150422
8.83822e-12	-0.000148138
8.88548e-12	-0.000145795
8.93275e-12	-0.000143393
8.98001e-12	-0.000140931
9.02727e-12	-0.000138408
9.07453e-12	-0.000135823
9.1218e-12	-0.000133176
9.16906e-12	-0.000130466
9.21632e-12	-0.000127691
9.26359e-12	-0.000124853
9.31085e-12	-0.000121948
9.35811e-12	-0.000118977
9.40538e-12	-0.000115939
9.45264e-12	-0.000112833
9.4999e-12	-0.000109658
9.54717e-12	-0.000106413
9.59443e-12	-0.000103097
9.64169e-12	-9.97105e-05
9.68896e-12	-9.62514e-05
9.73622e-12	-9.27191e-05
9.78348e-12	-8.91128e-05
9.83075e-12	-8.54316e-05
9.87801e-12	-8.16746e-05
9.92527e-12	-7.78409e-05
9.97254e-12	-7.39297e-05
1.00198e-11	-6.99399e-05
1.00671e-11	-6.58707e-05
1.01143e-11	-6.17213e-05
1.01616e-11	-5.74905e-05
1.02089e-11	-5.31776e-05
1.02561e-11	-4.87816e-05
1.03034e-11	-4.43015e-05
1.03506e-11	-3.97363e-05
1.03979e-11	-3.50852e-05
1.04452e-11	-3.03472e-05
1.04924e-11	-2.55213e-05
1.05397e-11	-2.06064e-05
1.0587e-11	-1.56017e-05
1.06342e-11	-1.05061e-05
1.06815e-11	-5.31868e-06
1.07287e-11	-3.83715e-08
1.0776e-11	5.33582e-06
1.08233e-11	1.08049e-05
1.08705e-11	1.63699e-05
1.09178e-11	2.20319e-05
1.09651e-11	2.77918e-05
1.10123e-11	3.36508e-05
1.10596e-11	3.96099e-05
1.11069e-11	4.56701e-05
1.11541e-11	5.18325e-05
1.12014e-11	5.80982e-05
1.12486e-11	6.44683e-05
1.12959e-11	7.09438e-05
1.13432e-11	7.75258e-05
1.13904e-11	8.42155e-05
1.14377e-11	9.10138e-05
1.1485e-11	9.79221e-05
1.15322e-11	0.000104941
1.15795e-11	0.000112072
1.16267e-11	0.000119317
1.1674e-11	0.000126676
1.17213e-11	0.00013415
1.17685e-11	0.000141741
1.18158e-11	0.00014945
1.18631e-11	0.000157277
1.19103e-11	0.000165225
1.19576e-11	0.000173294
1.20049e-11	0.000181486
1.20521e-11	0.000189801
1.20994e-11	0.000198241
1.21466e-11	0.000206807
1.21939e-11	0.0002155
1.22412e-11	0.000224322
1.22884e-11	0.000233274
1.23357e-11	0.000242356
1.2383e-11	0.00025157
1.24302e-11	0.000260918
1.24775e-11	0.000270401
1.25247e-11	0.000280019
1.2572e-11	0.000289775
1.26193e-11	0.000299669
1.26665e-11	0.000309702
1.27138e-11	0.000319877
1.27611e-11	0.000330193
1.28083e-11	0.000340653
1.28556e-11	0.000351258
1.29029e-11	0.000362009
1.29501e-11	0.000372908
1.29974e-11	0.000383955
1.30446e-11	0.000395152
1.30919e-11	0.0004065
1.31392e-11	0.000418001
1.31864e-11	0.000429656
1.32337e-11	0.000441466
1.3281e-11	0.000453433
1.33282e-11	0.000465558
1.33755e-11	0.000477842
1.34227e-11	0.000490287
1.347e-11	0.000502893
1.35173e-11	0.000515664
1.35645e-11	0.000528599
1.36118e-11	0.0005417
1.36591e-11	0.000554969
1.37063e-11	0.000568406
1.37536e-11	0.000582014
1.38009e-11	0.000595794
1.38481e-11	0.000609747
1.38954e-11	0.000623874
1.39426e-11	0.000638177
1.39899e-11	0.000652658
1.40372e-11	0.000667317
1.40844e-11	0.000682157
1.41317e-11	0.000697178
1.4179e-11	0.000712382
1.42262e-11	0.000727771
1.42735e-11	0.000743345
1.43208e-11	0.000759107
1.4368e-11	0.000775058
1.44153e-11	0.000791199
1.44625e-11	0.000807532
1.45098e-11	0.000824058
1.45571e-11	0.000840778
1.46043e-11	0.000857695
1.46516e-11	0.000874809
1.46989e-11	0.000892122
1.47461e-11	0.000909636
1.47934e-11	0.000927352
1.48406e-11	0.000945271
1.48879e-11	0.000963395
1.49352e-11	0.000981726
1.49824e-11	0.00100026
1.50297e-11	0.00101901
1.5077e-11	0.00103797
1.51242e-11	0.00105714
1.51715e-11	0.00107653
1.52188e-11	0.00109613
1.5266e-11	0.00111595
1.53133e-11	0.00113598
1.53605e-11	0.00115624
1.54078e-11	0.00117672
1.54551e-11	0.00119742
1.55023e-11	0.00121834
1.55496e-11	0.00123949
1.55969e-11	0.00126087
1.56441e-11	0.00128248
1.56914e-11	0.00130432
1.57386e-11	0.00132639
1.57859e-11	0.00134869
1.58332e-11	0.00137123
1.58804e-11	0.00139401
1.59277e-11	0.00141702
1.5975e-11	0.00144027
1.60222e-11	0.00146377
1.60695e-11	0.00148751
1.61168e-11	0.00151149
1.6164e-11	0.00153572
1.62113e-11	0.00156019
1.62585e-11	0.00158491
1.63058e-11	0.00160989
1.63531e-11	0.00163511
1.64003e-11	0.00166059
1.64476e-11	0.00168633
1.64949e-11	0.00171232
1.65421e-11	0.00173857
1.65894e-11	0.00176508
1.66366e-11	0.00179184
1.66839e-11	0.00181888
1.67312e-11	0.00184617
1.67784e-11	0.00187373
1.68257e-11	0.00190156
1.6873e-11	0.00192966
1.69202e-11	0.00195802
1.69675e-11	0.00198666
1.70148e-11	0.00201557
1.7062e-11	0.00204476
1.71093e-11	0.00207422
1.71565e-11	0.00210396
1.72038e-11	0.00213398
1.72511e-11	0.00216427
1.72983e-11	0.00219485
1.73456e-11	0.00222572
1.73929e-11	0.00225687
1.74401e-11	0.0022883
1.74874e-11	0.00232002
1.75346e-11	0.00235203
1.75819e-11	0.00238434
1.76292e-11	0.00241693
1.76764e-11	0.00244982
1.77237e-11	0.002483
1.7771e-11	0.00251648
1.78182e-11	0.00255025
1.78655e-11	0.00258433
1.79128e-11	0.0026187
1.796e-11	0.00265338
1.80073e-11	0.00268836
1.80545e-11	0.00272365
1.81018e-11	0.00275924
1.81491e-11	0.00279514
1.81963e-11	0.00283135
1.82436e-11	0.00286786
1.82909e-11	0.00290469
1.83381e-11	0.00294184
1.83854e-11	0.00297929
1.84326e-11	0.00301706
1.84799e-11	0.00305515
1.85272e-11	0.00309356
1.85744e-11	0.00313228
1.86217e-11	0.00317133
1.8669e-11	0.0032107
1.87162e-11	0.00325039
1.87635e-11	0.0032904
1.88108e-11	0.00333074
1.8858e-11	0.00337141
1.89053e-11	0.0034124
1.89525e-11	0.00345373
1.89998e-11	0.00349538
1.90471e-11	0.00353737
1.90943e-11	0.00357969
1.91416e-11	0.00362234
1.91889e-11	0.00366533
1.92361e-11	0.00370865
1.92834e-11	0.00375231
1.93307e-11	0.00379631
1.93779e-11	0.00384064
1.94252e-11	0.00388532
1.94724e-11	0.00393034
1.95197e-11	0.0039757
1.9567e-11	0.00402141
1.96142e-11	0.00406745
1.96615e-11	0.00411385
1.97088e-11	0.00416059
1.9756e-11	0.00420768
1.98033e-11	0.00425511
1.98505e-11	0.0043029
1.98978e-11	0.00435103
1.99451e-11	0.00439952
1.99923e-11	0.00444836
2.00396e-11	0.00449755
2.00869e-11	0.00454709
2.01341e-11	0.00459699
2.01814e-11	0.00464724
2.02287e-11	0.00469785
2.02759e-11	0.00474881
2.03232e-11	0.00480013
2.03704e-11	0.00485181
2.04177e-11	0.00490385
2.0465e-11	0.00495625
2.05122e-11	0.00500901
2.05595e-11	0.00506212
2.06068e-11	0.0051156
2.0654e-11	0.00516944
2.07013e-11	0.00522364
2.07485e-11	0.00527821
2.07958e-11	0.00533314
2.08431e-11	0.00538843
2.08903e-11	0.00544408
2.09376e-11	0.0055001
2.09849e-11	0.00555649
2.10321e-11	0.00561324
2.10794e-11	0.00567036
2.11267e-11	0.00572784
2.11739e-11	0.00578569
2.12212e-11	0.0058439
2.12684e-11	0.00590248
2.13157e-11	0.00596143
2.1363e-11	0.00602075
2.14102e-11	0.00608043
2.14575e-11	0.00614048
2.15048e-11	0.0062009
2.1552e-11	0.00626169
2.15993e-11	0.00632284
2.16465e-11	0.00638436
2.16938e-11	0.00644625
2.17411e-11	0.00650851
2.17883e-11	0.00657113
2.18356e-11	0.00663412
2.18829e-11	0.00669748
2.19301e-11	0.00676121
2.19774e-11	0.0068253
2.20247e-11	0.00688976
2.20719e-11	0.00695458
2.21192e-11	0.00701978
2.21664e-11	0.00708533
2.22137e-11	0.00715126
2.2261e-11	0.00721754
2.23082e-11	0.0072842
2.23555e-11	0.00735121
2.24028e-11	0.00741859
2.245e-11	0.00748633
2.24973e-11	0.00755444
2.25445e-11	0.0076229
2.25918e-11	0.00769173
2.26391e-11	0.00776092
2.26863e-11	0.00783047
2.27336e-11	0.00790037
2.27809e-11	0.00797063
2.28281e-11	0.00804126
2.28754e-11	0.00811223
2.29227e-11	0.00818356
2.29699e-11	0.00825525
2.30172e-11	0.00832729
2.30644e-11	0.00839968
2.31117e-11	0.00847242
2.3159e-11	0.00854551
2.32062e-11	0.00861895
2.32535e-11	0.00869274
2.33008e-11	0.00876688
2.3348e-11	0.00884136
2.33953e-11	0.00891618
2.34425e-11	0.00899134
2.34898e-11	0.00906685
2.35371e-11	0.00914269
2.35843e-11	0.00921887
2.36316e-11	0.00929538
2.36789e-11	0.00937223
2.37261e-11	0.00944942
2.37734e-11	0.00952693
2.38207e-11	0.00960477
2.38679e-11	0.00968294
2.39152e-11	0.00976143
2.39624e-11	0.00984025
2.40097e-11	0.00991939
2.4057e-11	0.00999885
2.41042e-11	0.0100786
2.41515e-11	0.0101587
2.41988e-11	0.0102391
2.4246e-11	0.0103198
2.42933e-11	0.0104008
2.43405e-11	0.0104822
2.43878e-11	0.0105638
2.44351e-11	0.0106457
2.44823e-11	0.0107279
2.45296e-11	0.0108105
2.45769e-11	0.0108933
2.46241e-11	0.0109764
2.46714e-11	0.0110598
2.47187e-11	0.0111435
2.47659e-11	0.0112274
2.48132e-11	0.0113117
2.48604e-11	0.0113962
2.49077e-11	0.0114809
2.4955e-11	0.011566
2.50022e-11	0.0116513
2.50495e-11	0.0117369
2.50968e-11	0.0118228
2.5144e-11	0.0119089
2.51913e-11	0.0119952
2.52386e-11	0.0120818
2.52858e-11	0.0121687
2.53331e-11	0.0122558
2.53803e-11	0.0123431
2.54276e-11	0.0124307
2.54749e-11	0.0125184
2.55221e-11	0.0126065
2.55694e-11	0.0126947
2.56167e-11	0.0127832
2.56639e-11	0.0128719
2.57112e-11	0.0129608
2.57584e-11	0.0130499
2.58057e-11	0.0131392
2.5853e-11	0.0132287
2.59002e-11	0.0133184
2.59475e-11	0.0134083
2.59948e-11	0.0134983
2.6042e-11	0.0135886
2.60893e-11	0.013679
2.61366e-11	0.0137696
2.61838e-11	0.0138604
2.62311e-11	0.0139513
2.62783e-11	0.0140424
2.63256e-11	0.0141336
2.63729e-11	0.014225
2.64201e-11	0.0143165
2.64674e-11	0.0144082
2.65147e-11	0.0145
2.65619e-11	0.0145919
2.66092e-11	0.0146839
2.66564e-11	0.0147761
2.67037e-11	0.0148683
2.6751e-11	0.0149607
2.67982e-11	0.0150531
2.68455e-11	0.0151457
2.68928e-11	0.0152383
2.694e-11	0.015331
2.69873e-11	0.0154238
2.70346e-11	0.0155167
2.70818e-11	0.0156096
2.71291e-11	0.0157026
2.71763e-11	0.0157956
2.72236e-11	0.0158886
2.72709e-11	0.0159817
2.73181e-11	0.0160749
2.73654e-11	0.016168
2.74127e-11	0.0162612
2.74599e-11	0.0163543
2.75072e-11	0.0164475
2.75544e-11	0.0165407
2.76017e-11	0.0166338
2.7649e-11	0.0167269
2.76962e-11	0.01682
2.77435e-11	0.0169131
2.77908e-11	0.0170061
2.7838e-11	0.0170991
2.78853e-11	0.017192
2.79326e-11	0.0172849
2.79798e-11	0.0173777
2.80271e-11	0.0174704
2.80743e-11	0.017563
2.81216e-11	0.0176555
2.81689e-11	0.0177479
2.82161e-11	0.0178402
2.82634e-11	0.0179324
2.83107e-11	0.0180244
2.83579e-11	0.0181163
2.84052e-11	0.0182081
2.84524e-11	0.0182997
2.84997e-11	0.0183911
2.8547e-11	0.0184824
2.85942e-11	0.0185735
2.86415e-11	0.0186644
2.86888e-11	0.0187551
2.8736e-11	0.0188455
2.87833e-11	0.0189358
2.88306e-11	0.0190258
2.88778e-11	0.0191156
2.89251e-11	0.0192052
2.89723e-11	0.0192945
2.90196e-11	0.0193835
2.90669e-11	0.0194723
2.91141e-11	0.0195607
2.91614e-11	0.0196489
2.92087e-11	0.0197368
2.92559e-11	0.0198243
2.93032e-11	0.0199115
2.93504e-11	0.0199984
2.93977e-11	0.020085
2.9445e-11	0.0201711
2.94922e-11	0.020257
2.95395e-11	0.0203424
2.95868e-11	0.0204274
2.9634e-11	0.0205121
2.96813e-11	0.0205963
2.97286e-11	0.0206801
2.97758e-11	0.0207635
2.98231e-11	0.0208464
2.98703e-11	0.0209288
2.99176e-11	0.0210108
2.99649e-11	0.0210923
3.00121e-11	0.0211734
3.00594e-11	0.0212539
3.01067e-11	0.0213339
3.01539e-11	0.0214134
3.02012e-11	0.0214923
3.02484e-11	0.0215707
3.02957e-11	0.0216485
3.0343e-11	0.0217257
3.03902e-11	0.0218024
3.04375e-11	0.0218784
3.04848e-11	0.0219538
3.0532e-11	0.0220287
3.05793e-11	0.0221028
3.06266e-11	0.0221763
3.06738e-11	0.0222492
3.07211e-11	0.0223213
3.07683e-11	0.0223928
3.08156e-11	0.0224636
3.08629e-11	0.0225336
3.09101e-11	0.022603
3.09574e-11	0.0226715
3.10047e-11	0.0227393
3.10519e-11	0.0228064
3.10992e-11	0.0228726
3.11465e-11	0.0229381
3.11937e-11	0.0230027
3.1241e-11	0.0230665
3.12882e-11	0.0231295
3.13355e-11	0.0231916
3.13828e-11	0.0232528
3.143e-11	0.0233131
3.14773e-11	0.0233726
3.15246e-11	0.0234311
3.15718e-11	0.0234887
3.16191e-11	0.0235453
3.16663e-11	0.023601
3.17136e-11	0.0236557
3.17609e-11	0.0237094
3.18081e-11	0.0237621
3.18554e-11	0.0238138
3.19027e-11	0.0238644
3.19499e-11	0.023914
3.19972e-11	0.0239625
3.20445e-11	0.02401
3.20917e-11	0.0240563
3.2139e-11	0.0241015
3.21862e-11	0.0241456
3.22335e-11	0.0241885
3.22808e-11	0.0242303
3.2328e-11	0.0242709
3.23753e-11	0.0243103
3.24226e-11	0.0243484
3.24698e-11	0.0243854
3.25171e-11	0.0244211
3.25643e-11	0.0244555
3.26116e-11	0.0244886
3.26589e-11	0.0245205
3.27061e-11	0.024551
3.27534e-11	0.0245802
3.28007e-11	0.0246081
3.28479e-11	0.0246346
3.28952e-11	0.0246597
3.29425e-11	0.0246834
3.29897e-11	0.0247056
3.3037e-11	0.0247265
3.30842e-11	0.0247459
3.31315e-11	0.0247638
3.31788e-11	0.0247802
3.3226e-11	0.0247951
3.32733e-11	0.0248085
3.33206e-11	0.0248203
3.33678e-11	0.0248306
3.34151e-11	0.0248393
3.34623e-11	0.0248464
3.35096e-11	0.0248519
3.35569e-11	0.0248557
3.36041e-11	0.0248579
3.36514e-11	0.0248584
3.36987e-11	0.0248573
3.37459e-11	0.0248544
3.37932e-11	0.0248498
3.38405e-11	0.0248434
3.38877e-11	0.0248352
3.3935e-11	0.0248253
3.39822e-11	0.0248136
3.40295e-11	0.0248
3.40768e-11	0.0247846
3.4124e-11	0.0247674
3.41713e-11	0.0247482
3.42186e-11	0.0247272
3.42658e-11	0.0247042
3.43131e-11	0.0246793
3.43603e-11	0.0246524
3.44076e-11	0.0246235
3.44549e-11	0.0245927
3.45021e-11	0.0245598
3.45494e-11	0.0245248
3.45967e-11	0.0244878
3.46439e-11	0.0244488
3.46912e-11	0.0244076
3.47385e-11	0.0243643
3.47857e-11	0.0243188
3.4833e-11	0.0242712
3.48802e-11	0.0242214
3.49275e-11	0.0241694
3.49748e-11	0.0241152
3.5022e-11	0.0240587
3.50693e-11	0.024
3.51166e-11	0.023939
3.51638e-11	0.0238756
3.52111e-11	0.02381
3.52583e-11	0.0237419
3.53056e-11	0.0236716
3.53529e-11	0.0235988
3.54001e-11	0.0235236
3.54474e-11	0.023446
3.54947e-11	0.0233659
3.55419e-11	0.0232833
3.55892e-11	0.0231983
3.56365e-11	0.0231107
3.56837e-11	0.0230206
3.5731e-11	0.022928
3.57782e-11	0.0228327
3.58255e-11	0.0227348
3.58728e-11	0.0226344
3.592e-11	0.0225312
3.59673e-11	0.0224255
3.60146e-11	0.022317
3.60618e-11	0.0222058
3.61091e-11	0.0220918
3.61564e-11	0.0219752
3.62036e-11	0.0218557
3.62509e-11	0.0217335
3.62981e-11	0.0216084
3.63454e-11	0.0214805
3.63927e-11	0.0213497
3.64399e-11	0.021216
3.64872e-11	0.0210795
3.65345e-11	0.02094
3.65817e-11	0.0207975
3.6629e-11	0.0206521
3.66762e-11	0.0205037
3.67235e-11	0.0203523
3.67708e-11	0.0201978
3.6818e-11	0.0200403
3.68653e-11	0.0198797
3.69126e-11	0.019716
3.69598e-11	0.0195492
3.70071e-11	0.0193792
3.70544e-11	0.0192061
3.71016e-11	0.0190298
3.71489e-11	0.0188502
3.71961e-11	0.0186675
3.72434e-11	0.0184814
3.72907e-11	0.0182921
3.73379e-11	0.0180995
3.73852e-11	0.0179036
3.74325e-11	0.0177043
3.74797e-11	0.0175017
3.7527e-11	0.0172957
3.75742e-11	0.0170863
3.76215e-11	0.0168734
3.76688e-11	0.0166571
3.7716e-11	0.0164374
3.77633e-11	0.0162141
3.78106e-11	0.0159873
3.78578e-11	0.015757
3.79051e-11	0.0155231
3.79524e-11	0.0152856
3.79996e-11	0.0150446
3.80469e-11	0.0147999
3.80941e-11	0.0145516
3.81414e-11	0.0142996
3.81887e-11	0.0140439
3.82359e-11	0.0137845
3.82832e-11	0.0135214
3.83305e-11	0.0132545
3.83777e-11	0.0129838
3.8425e-11	0.0127094
3.84722e-11	0.0124311
3.85195e-11	0.0121491
3.85668e-11	0.0118631
3.8614e-11	0.0115733
3.86613e-11	0.0112796
3.87086e-11	0.0109819
3.87558e-11	0.0106803
3.88031e-11	0.0103748
3.88504e-11	0.0100653
3.88976e-11	0.00975172
3.89449e-11	0.00943417
3.89921e-11	0.00911258
3.90394e-11	0.00878693
3.90867e-11	0.00845719
3.91339e-11	0.00812334
3.91812e-11	0.00778538
3.92285e-11	0.00744327
3.92757e-11	0.007097
3.9323e-11	0.00674655
3.93702e-11	0.00639189
3.94175e-11	0.00603301
3.94648e-11	0.00566989
3.9512e-11	0.00530251
3.95593e-11	0.00493085
3.96066e-11	0.00455489
3.96538e-11	0.00417461
3.97011e-11	0.00378999
3.97484e-11	0.00340102
3.97956e-11	0.00300767
3.98429e-11	0.00260993
3.98901e-11	0.00220777
3.99374e-11	0.00180119
3.99847e-11	0.00139015
4.00319e-11	0.000974647
4.00792e-11	0.000554658
4.01265e-11	0.000130166
4.01737e-11	-0.000298848
4.0221e-11	-0.000732401
4.02682e-11	-0.00117051
4.03155e-11	-0.00161319
4.03628e-11	-0.00206047
4.041e-11	-0.00251235
4.04573e-11	-0.00296886
4.05046e-11	-0.00343001
4.05518e-11	-0.00389582
4.05991e-11	-0.0043663
4.06464e-11	-0.00484148
4.06936e-11	-0.00532136
4.07409e-11	-0.00580597
4.07881e-11	-0.00629532
4.08354e-11	-0.00678943
4.08827e-11	-0.0072883
4.09299e-11	-0.00779197
4.09772e-11	-0.00830043
4.10245e-11	-0.00881372
4.10717e-11	-0.00933183
4.1119e-11	-0.00985479
4.11662e-11	-0.0103826
4.12135e-11	-0.0109153
4.12608e-11	-0.0114529
4.1308e-11	-0.0119954
4.13553e-11	-0.0125428
4.14026e-11	-0.0130952
4.14498e-11	-0.0136525
4.14971e-11	-0.0142147
4.15444e-11	-0.0147819
4.15916e-11	-0.0153541
4.16389e-11	-0.0159313
4.16861e-11	-0.0165135
4.17334e-11	-0.0171008
4.17807e-11	-0.017693
4.18279e-11	-0.0182903
4.18752e-11	-0.0188927
4.19225e-11	-0.0195001
4.19697e-11	-0.0201127
4.2017e-11	-0.0207303
4.20643e-11	-0.021353
4.21115e-11	-0.0219808
4.21588e-11	-0.0226137
4.2206e-11	-0.0232518
4.22533e-11	-0.023895
4.23006e-11	-0.0245434
4.23478e-11	-0.0251969
4.23951e-11	-0.0258556
4.24424e-11	-0.0265195
4.24896e-11	-0.0271886
4.25369e-11	-0.0278628
4.25841e-11	-0.0285423
4.26314e-11	-0.029227
4.26787e-11	-0.0299169
4.27259e-11	-0.030612
4.27732e-11	-0.0313123
4.28205e-11	-0.0320179
4.28677e-11	-0.0327288
4.2915e-11	-0.0334449
4.29623e-11	-0.0341662
4.30095e-11	-0.0348928
4.30568e-11	-0.0356247
4.3104e-11	-0.0363619
4.31513e-11	-0.0371043
4.31986e-11	-0.037852
4.32458e-11	-0.0386051
4.32931e-11	-0.0393634
4.33404e-11	-0.040127
4.33876e-11	-0.0408959
4.34349e-11	-0.0416701
4.34821e-11	-0.0424496
4.35294e-11	-0.0432344
4.35767e-11	-0.0440245
4.36239e-11	-0.04482
4.36712e-11	-0.0456207
4.37185e-11	-0.0464268
4.37657e-11	-0.0472382
4.3813e-11	-0.0480549
4.38603e-11	-0.0488769
4.39075e-11	-0.0497042
4.39548e-11	-0.0505369
4.4002e-11	-0.0513748
4.40493e-11	-0.0522181
4.40966e-11	-0.0530667
4.41438e-11	-0.0539206
4.41911e-11	-0.0547798
4.42384e-11	-0.0556443
4.42856e-11	-0.0565141
4.43329e-11	-0.0573893
4.43801e-11	-0.0582697
4.44274e-11	-0.0591554
4.44747e-11	-0.0600464
4.45219e-11	-0.0609427
4.45692e-11	-0.0618443
4.46165e-11	-0.0627511
4.46637e-11	-0.0636632
4.4711e-11	-0.0645806
4.47583e-11	-0.0655033
4.48055e-11	-0.0664311
4.48528e-11	-0.0673643
4.49e-11	-0.0683026
4.49473e-11	-0.0692462
4.49946e-11	-0.0701951
4.50418e-11	-0.0711491
4.50891e-11	-0.0721083
4.51364e-11	-0.0730728
4.51836e-11	-0.0740424
4.52309e-11	-0.0750172
4.52781e-11	-0.0759971
4.53254e-11	-0.0769822
4.53727e-11	-0.0779725
4.54199e-11	-0.0789679
4.54672e-11	-0.0799684
4.55145e-11	-0.080974
4.55617e-11	-0.0819847
4.5609e-11	-0.0830005
4.56563e-11	-0.0840213
4.57035e-11	-0.0850472
4.57508e-11	-0.0860781
4.5798e-11	-0.0871141
4.58453e-11	-0.0881551
4.58926e-11	-0.089201
4.59398e-11	-0.090252
4.59871e-11	-0.0913079
4.60344e-11	-0.0923687
4.60816e-11	-0.0934345
4.61289e-11	-0.0945052
4.61761e-11	-0.0955807
4.62234e-11	-0.0966612
4.62707e-11	-0.0977464
4.63179e-11	-0.0988366
4.63652e-11	-0.0999315
4.64125e-11	-0.101031
4.64597e-11	-0.102136
4.6507e-11	-0.103245
4.65543e-11	-0.104359
4.66015e-11	-0.105478
4.66488e-11	-0.106601
4.6696e-11	-0.107729
4.67433e-11	-0.108862
4.67906e-11	-0.109999
4.68378e-11	-0.111141
4.68851e-11	-0.112287
4.69324e-11	-0.113438
4.69796e-11	-0.114594
4.70269e-11	-0.115754
4.70742e-11	-0.116918
4.71214e-11	-0.118087
4.71687e-11	-0.11926
4.72159e-11	-0.120438
4.72632e-11	-0.12162
4.73105e-11	-0.122806
4.73577e-11	-0.123997
4.7405e-11	-0.125192
4.74523e-11	-0.126391
4.74995e-11	-0.127594
4.75468e-11	-0.128801
4.7594e-11	-0.130013
4.76413e-11	-0.131229
4.76886e-11	-0.132449
4.77358e-11	-0.133672
4.77831e-11	-0.1349
4.78304e-11	-0.136132
4.78776e-11	-0.137368
4.79249e-11	-0.138607
4.79722e-11	-0.139851
4.80194e-11	-0.141098
4.80667e-11	-0.142349
4.81139e-11	-0.143604
4.81612e-11	-0.144863
4.82085e-11	-0.146125
4.82557e-11	-0.147391
4.8303e-11	-0.148661
4.83503e-11	-0.149934
4.83975e-11	-0.15121
4.84448e-11	-0.15249
4.8492e-11	-0.153774
4.85393e-11	-0.155061
4.85866e-11	-0.156351
4.86338e-11	-0.157645
4.86811e-11	-0.158942
4.87284e-11	-0.160242
4.87756e-11	-0.161545
4.88229e-11	-0.162852
4.88702e-11	-0.164161
4.89174e-11	-0.165474
4.89647e-11	-0.16679
4.90119e-11	-0.168108
4.90592e-11	-0.16943
4.91065e-11	-0.170754
4.91537e-11	-0.172081
4.9201e-11	-0.173411
4.92483e-11	-0.174744
4.92955e-11	-0.176079
4.93428e-11	-0.177417
4.939e-11	-0.178758
4.94373e-11	-0.180101
4.94846e-11	-0.181446
4.95318e-11	-0.182794
4.95791e-11	-0.184145
4.96264e-11	-0.185497
4.96736e-11	-0.186852
4.97209e-11	-0.18821
4.97682e-11	-0.189569
4.98154e-11	-0.19093
4.98627e-11	-0.192294
4.99099e-11	-0.193659
4.99572e-11	-0.195027
5.00045e-11	-0.196396
5.00517e-11	-0.197767
5.0099e-11	-0.19914
5.01463e-11	-0.200514
5.01935e-11	-0.20189
5.02408e-11	-0.203268
5.0288e-11	-0.204648
5.03353e-11	-0.206028
5.03826e-11	-0.207411
5.04298e-11	-0.208794
5.04771e-11	-0.210179
5.05244e-11	-0.211565
5.05716e-11	-0.212952
5.06189e-11	-0.214341
5.06662e-11	-0.21573
5.07134e-11	-0.21712
5.07607e-11	-0.218511
5.08079e-11	-0.219904
5.08552e-11	-0.221296
5.09025e-11	-0.22269
5.09497e-11	-0.224084
5.0997e-11	-0.225479
5.10443e-11	-0.226874
5.10915e-11	-0.22827
5.11388e-11	-0.229666
5.1186e-11	-0.231063
5.12333e-11	-0.232459
5.12806e-11	-0.233856
5.13278e-11	-0.235253
5.13751e-11	-0.23665
5.14224e-11	-0.238047
5.14696e-11	-0.239444
5.15169e-11	-0.240841
5.15642e-11	-0.242237
5.16114e-11	-0.243633
5.16587e-11	-0.245029
5.17059e-11	-0.246424
5.17532e-11	-0.247819
5.18005e-11	-0.249213
5.18477e-11	-0.250607
5.1895e-11	-0.251999
5.19423e-11	-0.253391
5.19895e-11	-0.254782
5.20368e-11	-0.256172
5.2084e-11	-0.257561
5.21313e-11	-0.258948
5.21786e-11	-0.260335
5.22258e-11	-0.26172
5.22731e-11	-0.263104
5.23204e-11	-0.264486
5.23676e-11	-0.265867
5.24149e-11	-0.267246
5.24622e-11	-0.268623
5.25094e-11	-0.269999
5.25567e-11	-0.271373
5.26039e-11	-0.272745
5.26512e-11	-0.274115
5.26985e-11	-0.275482
5.27457e-11	-0.276848
5.2793e-11	-0.278211
5.28403e-11	-0.279572
5.28875e-11	-0.280931
5.29348e-11	-0.282287
5.29821e-11	-0.28364
5.30293e-11	-0.284991
5.30766e-11	-0.286339
5.31238e-11	-0.287684
5.31711e-11	-0.289026
5.32184e-11	-0.290365
5.32656e-11	-0.291701
5.33129e-11	-0.293034
5.33602e-11	-0.294364
5.34074e-11	-0.29569
5.34547e-11	-0.297013
5.35019e-11	-0.298332
5.35492e-11	-0.299647
5.35965e-11	-0.300959
5.36437e-11	-0.302267
5.3691e-11	-0.303571
5.37383e-11	-0.304871
5.37855e-11	-0.306167
5.38328e-11	-0.307459
5.38801e-11	-0.308747
5.39273e-11	-0.31003
5.39746e-11	-0.311309
5.40218e-11	-0.312583
5.40691e-11	-0.313853
5.41164e-11	-0.315118
5.41636e-11	-0.316378
5.42109e-11	-0.317633
5.42582e-11	-0.318883
5.43054e-11	-0.320129
5.43527e-11	-0.321369
5.43999e-11	-0.322603
5.44472e-11	-0.323833
5.44945e-11	-0.325056
5.45417e-11	-0.326275
5.4589e-11	-0.327488
5.46363e-11	-0.328694
5.46835e-11	-0.329896
5.47308e-11	-0.331091
5.47781e-11	-0.33228
5.48253e-11	-0.333463
5.48726e-11	-0.33464
5.49198e-11	-0.33581
5.49671e-11	-0.336975
5.50144e-11	-0.338132
5.50616e-11	-0.339283
5.51089e-11	-0.340428
5.51562e-11	-0.341565
5.52034e-11	-0.342696
5.52507e-11	-0.34382
5.52979e-11	-0.344936
5.53452e-11	-0.346046
5.53925e-11	-0.347148
5.54397e-11	-0.348243
5.5487e-11	-0.34933
5.55343e-11	-0.35041
5.55815e-11	-0.351482
5.56288e-11	-0.352546
5.56761e-11	-0.353603
5.57233e-11	-0.354652
5.57706e-11	-0.355692
5.58178e-11	-0.356724
5.58651e-11	-0.357749
5.59124e-11	-0.358764
5.59596e-11	-0.359772
5.60069e-11	-0.36077
5.60542e-11	-0.361761
5.61014e-11	-0.362742
5.61487e-11	-0.363715
5.61959e-11	-0.364678
5.62432e-11	-0.365633
5.62905e-11	-0.366578
5.63377e-11	-0.367515
5.6385e-11	-0.368442
5.64323e-11	-0.369359
5.64795e-11	-0.370267
5.65268e-11	-0.371165
5.65741e-11	-0.372054
5.66213e-11	-0.372933
5.66686e-11	-0.373802
5.67158e-11	-0.374661
5.67631e-11	-0.375509
5.68104e-11	-0.376348
5.68576e-11	-0.377176
5.69049e-11	-0.377994
5.69522e-11	-0.378801
5.69994e-11	-0.379598
5.70467e-11	-0.380384
5.70939e-11	-0.381159
5.71412e-11	-0.381923
5.71885e-11	-0.382677
5.72357e-11	-0.383419
5.7283e-11	-0.38415
5.73303e-11	-0.38487
5.73775e-11	-0.385578
5.74248e-11	-0.386275
5.74721e-11	-0.38696
5.75193e-11	-0.387634
5.75666e-11	-0.388296
5.76138e-11	-0.388946
5.76611e-11	-0.389583
5.77084e-11	-0.390209
5.77556e-11	-0.390823
5.78029e-11	-0.391425
5.78502e-11	-0.392014
5.78974e-11	-0.39259
5.79447e-11	-0.393155
5.7992e-11	-0.393706
5.80392e-11	-0.394245
5.80865e-11	-0.394771
5.81337e-11	-0.395284
5.8181e-11	-0.395784
5.82283e-11	-0.396271
5.82755e-11	-0.396745
5.83228e-11	-0.397205
5.83701e-11	-0.397652
5.84173e-11	-0.398086
5.84646e-11	-0.398505
5.85118e-11	-0.398912
5.85591e-11	-0.399304
5.86064e-11	-0.399683
5.86536e-11	-0.400048
5.87009e-11	-0.400398
5.87482e-11	-0.400735
5.87954e-11	-0.401057
5.88427e-11	-0.401366
5.889e-11	-0.401659
5.89372e-11	-0.401938
5.89845e-11	-0.402203
5.90317e-11	-0.402453
5.9079e-11	-0.402688
5.91263e-11	-0.402909
5.91735e-11	-0.403114
5.92208e-11	-0.403305
5.92681e-11	-0.40348
5.93153e-11	-0.40364
5.93626e-11	-0.403785
5.94098e-11	-0.403915
5.94571e-11	-0.404029
5.95044e-11	-0.404127
5.95516e-11	-0.40421
5.95989e-11	-0.404278
5.96462e-11	-0.404329
5.96934e-11	-0.404365
5.97407e-11	-0.404385
5.9788e-11	-0.404388
5.98352e-11	-0.404376
5.98825e-11	-0.404347
5.99297e-11	-0.404303
5.9977e-11	-0.404241
6.00243e-11	-0.404164
6.00715e-11	-0.40407
6.01188e-11	-0.403959
6.01661e-11	-0.403832
6.02133e-11	-0.403688
6.02606e-11	-0.403527
6.03078e-11	-0.403349
6.03551e-11	-0.403155
6.04024e-11	-0.402943
6.04496e-11	-0.402714
6.04969e-11	-0.402468
6.05442e-11	-0.402205
6.05914e-11	-0.401924
6.06387e-11	-0.401627
6.0686e-11	-0.401311
6.07332e-11	-0.400978
6.07805e-11	-0.400628
6.08277e-11	-0.400259
6.0875e-11	-0.399874
6.09223e-11	-0.39947
6.09695e-11	-0.399048
6.10168e-11	-0.398609
6.10641e-11	-0.398151
6.11113e-11	-0.397675
6.11586e-11	-0.397182
6.12058e-11	-0.39667
6.12531e-11	-0.396139
6.13004e-11	-0.395591
6.13476e-11	-0.395024
6.13949e-11	-0.394438
6.14422e-11	-0.393835
6.14894e-11	-0.393212
6.15367e-11	-0.392571
6.1584e-11	-0.391911
6.16312e-11	-0.391233
6.16785e-11	-0.390535
6.17257e-11	-0.389819
6.1773e-11	-0.389084
6.18203e-11	-0.38833
6.18675e-11	-0.387557
6.19148e-11	-0.386765
6.19621e-11	-0.385954
6.20093e-11	-0.385123
6.20566e-11	-0.384274
6.21038e-11	-0.383405
6.21511e-11	-0.382517
6.21984e-11	-0.381609
6.22456e-11	-0.380682
6.22929e-11	-0.379736
6.23402e-11	-0.37877
6.23874e-11	-0.377785
6.24347e-11	-0.37678
6.2482e-11	-0.375755
6.25292e-11	-0.374711
6.25765e-11	-0.373647
6.26237e-11	-0.372563
6.2671e-11	-0.37146
6.27183e-11	-0.370337
6.27655e-11	-0.369194
6.28128e-11	-0.368031
6.28601e-11	-0.366848
6.29073e-11	-0.365645
6.29546e-11	-0.364422
6.30018e-11	-0.363179
6.30491e-11	-0.361916
6.30964e-11	-0.360633
6.31436e-11	-0.35933
6.31909e-11	-0.358006
6.32382e-11	-0.356663
6.32854e-11	-0.355299
6.33327e-11	-0.353915
6.338e-11	-0.352511
6.34272e-11	-0.351087
6.34745e-11	-0.349642
6.35217e-11	-0.348177
6.3569e-11	-0.346692
6.36163e-11	-0.345186
6.36635e-11	-0.34366
6.37108e-11	-0.342114
6.37581e-11	-0.340547
6.38053e-11	-0.33896
6.38526e-11	-0.337352
6.38999e-11	-0.335724
6.39471e-11	-0.334076
6.39944e-11	-0.332407
6.40416e-11	-0.330717
6.40889e-11	-0.329007
6.41362e-11	-0.327277
6.41834e-11	-0.325526
6.42307e-11	-0.323755
6.4278e-11	-0.321963
6.43252e-11	-0.320151
6.43725e-11	-0.318318
6.44197e-11	-0.316464
6.4467e-11	-0.31459
6.45143e-11	-0.312696
6.45615e-11	-0.310781
6.46088e-11	-0.308846
6.46561e-11	-0.30689
6.47033e-11	-0.304913
6.47506e-11	-0.302916
6.47979e-11	-0.300899
6.48451e-11	-0.298861
6.48924e-11	-0.296803
6.49396e-11	-0.294724
6.49869e-11	-0.292625
6.50342e-11	-0.290505
6.50814e-11	-0.288365
6.51287e-11	-0.286205
6.5176e-11	-0.284024
6.52232e-11	-0.281823
6.52705e-11	-0.279602
6.53177e-11	-0.27736
6.5365e-11	-0.275098
6.54123e-11	-0.272816
6.54595e-11	-0.270513
6.55068e-11	-0.26819
6.55541e-11	-0.265847
6.56013e-11	-0.263484
6.56486e-11	-0.261101
6.56959e-11	-0.258698
6.57431e-11	-0.256274
6.57904e-11	-0.253831
6.58376e-11	-0.251367
6.58849e-11	-0.248884
6.59322e-11	-0.24638
6.59794e-11	-0.243857
6.60267e-11	-0.241314
6.6074e-11	-0.238751
6.61212e-11	-0.236168
6.61685e-11	-0.233566
6.62157e-11	-0.230944
6.6263e-11	-0.228302
6.63103e-11	-0.22564
6.63575e-11	-0.222959
6.64048e-11	-0.220259
6.64521e-11	-0.217539
6.64993e-11	-0.214799
6.65466e-11	-0.21204
6.65939e-11	-0.209262
6.66411e-11	-0.206465
6.66884e-11	-0.203648
6.67356e-11	-0.200813
6.67829e-11	-0.197958
6.68302e-11	-0.195084
6.68774e-11	-0.192191
6.69247e-11	-0.189279
6.6972e-11	-0.186349
6.70192e-11	-0.183399
6.70665e-11	-0.180431
6.71137e-11	-0.177445
6.7161e-11	-0.174439
6.72083e-11	-0.171416
6.72555e-11	-0.168373
6.73028e-11	-0.165313
6.73501e-11	-0.162234
6.73973e-11	-0.159136
6.74446e-11	-0.156021
6.74919e-11	-0.152888
6.75391e-11	-0.149736
6.75864e-11	-0.146567
6.76336e-11	-0.14338
6.76809e-11	-0.140175
6.77282e-11	-0.136952
6.77754e-11	-0.133712
6.78227e-11	-0.130454
6.787e-11	-0.127179
6.79172e-11	-0.123886
6.79645e-11	-0.120576
6.80117e-11	-0.117249
6.8059e-11	-0.113905
6.81063e-11	-0.110544
6.81535e-11	-0.107166
6.82008e-11	-0.103771
6.82481e-11	-0.100359
6.82953e-11	-0.0969313
6.83426e-11	-0.0934866
6.83899e-11	-0.0900255
6.84371e-11	-0.0865481
6.84844e-11	-0.0830544
6.85316e-11	-0.0795447
6.85789e-11	-0.0760189
6.86262e-11	-0.0724772
6.86734e-11	-0.0689197
6.87207e-11	-0.0653465
6.8768e-11	-0.0617577
6.88152e-11	-0.0581533
6.88625e-11	-0.0545337
6.89098e-11	-0.0508987
6.8957e-11	-0.0472486
6.90043e-11	-0.0435835
6.90515e-11	-0.0399034
6.90988e-11	-0.0362085
6.91461e-11	-0.0324989
6.91933e-11	-0.0287747
6.92406e-11	-0.0250361
6.92879e-11	-0.0212831
6.93351e-11	-0.0175159
6.93824e-11	-0.0137346
6.94296e-11	-0.00993933
6.94769e-11	-0.0061302
6.95242e-11	-0.00230734
6.95714e-11	0.00152912
6.96187e-11	0.00537906
6.9666e-11	0.00924235
6.97132e-11	0.0131189
6.97605e-11	0.0170084
6.98078e-11	0.020911
6.9855e-11	0.0248264
6.99023e-11	0.0287544
6.99495e-11	0.032695
6.99968e-11	0.0366481
7.00441e-11	0.0406134
7.00913e-11	0.0445909
7.01386e-11	0.0485803
7.01859e-11	0.0525817
7.02331e-11	0.0565948
7.02804e-11	0.0606194
7.03276e-11	0.0646555
7.03749e-11	0.0687029
7.04222e-11	0.0727615
7.04694e-11	0.076831
7.05167e-11	0.0809115
7.0564e-11	0.0850026
7.06112e-11	0.0891043
7.06585e-11	0.0932165
7.07058e-11	0.0973389
7.0753e-11	0.101471
7.08003e-11	0.105614
7.08475e-11	0.109766
7.08948e-11	0.113928
7.09421e-11	0.1181
7.09893e-11	0.12228
7.10366e-11	0.12647
7.10839e-11	0.130669
7.11311e-11	0.134877
7.11784e-11	0.139094
7.12256e-11	0.143319
7.12729e-11	0.147553
7.13202e-11	0.151795
7.13674e-11	0.156044
7.14147e-11	0.160302
7.1462e-11	0.164568
7.15092e-11	0.168841
7.15565e-11	0.173121
7.16038e-11	0.177409
7.1651e-11	0.181704
7.16983e-11	0.186006
7.17455e-11	0.190314
7.17928e-11	0.194629
7.18401e-11	0.198951
7.18873e-11	0.203279
7.19346e-11	0.207613
7.19819e-11	0.211952
7.20291e-11	0.216298
7.20764e-11	0.220649
7.21236e-11	0.225005
7.21709e-11	0.229366
7.22182e-11	0.233733
7.22654e-11	0.238104
7.23127e-11	0.24248
7.236e-11	0.246861
7.24072e-11	0.251246
7.24545e-11	0.255635
7.25018e-11	0.260027
7.2549e-11	0.264424
7.25963e-11	0.268824
7.26435e-11	0.273228
7.26908e-11	0.277635
7.27381e-11	0.282045
7.27853e-11	0.286457
7.28326e-11	0.290873
7.28799e-11	0.295291
7.29271e-11	0.299711
7.29744e-11	0.304133
7.30216e-11	0.308558
7.30689e-11	0.312984
7.31162e-11	0.317411
7.31634e-11	0.32184
7.32107e-11	0.32627
7.3258e-11	0.330702
7.33052e-11	0.335133
7.33525e-11	0.339566
7.33998e-11	0.343999
7.3447e-11	0.348432
7.34943e-11	0.352866
7.35415e-11	0.357299
7.35888e-11	0.361731
7.36361e-11	0.366164
7.36833e-11	0.370595
7.37306e-11	0.375026
7.37779e-11	0.379456
7.38251e-11	0.383884
7.38724e-11	0.388311
7.39196e-11	0.392736
7.39669e-11	0.397159
7.40142e-11	0.40158
7.40614e-11	0.405999
7.41087e-11	0.410415
7.4156e-11	0.414829
7.42032e-11	0.41924
7.42505e-11	0.423648
7.42978e-11	0.428053
7.4345e-11	0.432454
7.43923e-11	0.436851
7.44395e-11	0.441245
7.44868e-11	0.445635
7.45341e-11	0.450021
7.45813e-11	0.454402
7.46286e-11	0.458778
7.46759e-11	0.46315
7.47231e-11	0.467517
7.47704e-11	0.471878
7.48177e-11	0.476234
7.48649e-11	0.480585
7.49122e-11	0.484929
7.49594e-11	0.489268
7.50067e-11	0.493601
7.5054e-11	0.497927
7.51012e-11	0.502246
7.51485e-11	0.506559
7.51958e-11	0.510865
7.5243e-11	0.515164
7.52903e-11	0.519455
7.53375e-11	0.523739
7.53848e-11	0.528015
7.54321e-11	0.532283
7.54793e-11	0.536542
7.55266e-11	0.540794
7.55739e-11	0.545037
7.56211e-11	0.549271
7.56684e-11	0.553496
7.57157e-11	0.557712
7.57629e-11	0.561919
7.58102e-11	0.566117
7.58574e-11	0.570304
7.59047e-11	0.574482
7.5952e-11	0.578649
7.59992e-11	0.582806
7.60465e-11	0.586953
7.60938e-11	0.591089
7.6141e-11	0.595214
7.61883e-11	0.599328
7.62355e-11	0.603431
7.62828e-11	0.607522
7.63301e-11	0.611601
7.63773e-11	0.615669
7.64246e-11	0.619725
7.64719e-11	0.623768
7.65191e-11	0.627799
7.65664e-11	0.631817
7.66137e-11	0.635823
7.66609e-11	0.639815
7.67082e-11	0.643795
7.67554e-11	0.647761
7.68027e-11	0.651713
7.685e-11	0.655651
7.68972e-11	0.659576
7.69445e-11	0.663486
7.69918e-11	0.667383
7.7039e-11	0.671264
7.70863e-11	0.675131
7.71335e-11	0.678983
7.71808e-11	0.68282
7.72281e-11	0.686641
7.72753e-11	0.690448
7.73226e-11	0.694238
7.73699e-11	0.698013
7.74171e-11	0.701772
7.74644e-11	0.705514
7.75117e-11	0.70924
7.75589e-11	0.71295
7.76062e-11	0.716643
7.76534e-11	0.720319
7.77007e-11	0.723978
7.7748e-11	0.727619
7.77952e-11	0.731244
7.78425e-11	0.73485
7.78898e-11	0.738439
7.7937e-11	0.74201
7.79843e-11	0.745563
7.80315e-11	0.749097
7.80788e-11	0.752613
7.81261e-11	0.75611
7.81733e-11	0.759589
7.82206e-11	0.763048
7.82679e-11	0.766488
7.83151e-11	0.769909
7.83624e-11	0.77331
7.84097e-11	0.776692
7.84569e-11	0.780054
7.85042e-11	0.783396
7.85514e-11	0.786717
7.85987e-11	0.790019
7.8646e-11	0.793299
7.86932e-11	0.796559
7.87405e-11	0.799799
7.87878e-11	0.803017
7.8835e-11	0.806214
7.88823e-11	0.80939
7.89295e-11	0.812544
7.89768e-11	0.815677
7.90241e-11	0.818788
7.90713e-11	0.821877
7.91186e-11	0.824944
7.91659e-11	0.827989
7.92131e-11	0.831011
7.92604e-11	0.83401
7.93077e-11	0.836987
7.93549e-11	0.839942
7.94022e-11	0.842873
7.94494e-11	0.845781
7.94967e-11	0.848666
7.9544e-11	0.851527
7.95912e-11	0.854365
7.96385e-11	0.857179
7.96858e-11	0.859969
7.9733e-11	0.862735
7.97803e-11	0.865477
7.98276e-11	0.868195
7.98748e-11	0.870888
7.99221e-11	0.873557
7.99693e-11	0.876201
8.00166e-11	0.87882
8.00639e-11	0.881414
8.01111e-11	0.883984
8.01584e-11	0.886528
8.02057e-11	0.889046
8.02529e-11	0.891539
8.03002e-11	0.894007
8.03474e-11	0.896449
8.03947e-11	0.898865
8.0442e-11	0.901255
8.04892e-11	0.903619
8.05365e-11	0.905957
8.05838e-11	0.908268
8.0631e-11	0.910553
8.06783e-11	0.912812
8.07256e-11	0.915043
8.07728e-11	0.917248
8.08201e-11	0.919427
8.08673e-11	0.921578
8.09146e-11	0.923702
8.09619e-11	0.925798
8.10091e-11	0.927868
8.10564e-11	0.92991
8.11037e-11	0.931924
8.11509e-11	0.933911
8.11982e-11	0.93587
8.12454e-11	0.937801
8.12927e-11	0.939704
8.134e-11	0.941579
8.13872e-11	0.943426
8.14345e-11	0.945245
8.14818e-11	0.947035
8.1529e-11	0.948797
8.15763e-11	0.950531
8.16236e-11	0.952236
8.16708e-11	0.953912
8.17181e-11	0.955559
8.17653e-11	0.957178
8.18126e-11	0.958767
8.18599e-11	0.960328
8.19071e-11	0.96186
8.19544e-11	0.963362
8.20017e-11	0.964835
8.20489e-11	0.966279
8.20962e-11	0.967693
8.21434e-11	0.969078
8.21907e-11	0.970433
8.2238e-11	0.971759
8.22852e-11	0.973055
8.23325e-11	0.974321
8.23798e-11	0.975557
8.2427e-11	0.976764
8.24743e-11	0.97794
8.25216e-11	0.979087
8.25688e-11	0.980203
8.26161e-11	0.98129
8.26633e-11	0.982346
8.27106e-11	0.983372
8.27579e-11	0.984367
8.28051e-11	0.985332
8.28524e-11	0.986267
8.28997e-11	0.987172
8.29469e-11	0.988046
8.29942e-11	0.988889
8.30414e-11	0.989702
8.30887e-11	0.990484
8.3136e-11	0.991236
8.31832e-11	0.991957
8.32305e-11	0.992647
8.32778e-11	0.993306
8.3325e-11	0.993935
8.33723e-11	0.994532
8.34196e-11	0.995099
8.34668e-11	0.995635
8.35141e-11	0.99614
8.35613e-11	0.996614
8.36086e-11	0.997058
8.36559e-11	0.99747
8.37031e-11	0.997851
8.37504e-11	0.998201
8.37977e-11	0.99852
8.38449e-11	0.998808
8.38922e-11	0.999065
8.39394e-11	0.99929
8.39867e-11	0.999485
8.4034e-11	0.999649
8.40812e-11	0.999781
8.41285e-11	0.999882
8.41758e-11	0.999952
8.4223e-11	0.999991
8.42703e-11	0.999999
8.43176e-11	0.999976
8.43648e-11	0.999921
8.44121e-11	0.999836
8.44593e-11	0.999719
8.45066e-11	0.999571
8.45539e-11	0.999392
8.46011e-11	0.999182
8.46484e-11	0.99894
8.46957e-11	0.998668
8.47429e-11	0.998365
8.47902e-11	0.99803
8.48374e-11	0.997665
8.48847e-11	0.997268
8.4932e-11	0.99684
8.49792e-11	0.996382
8.50265e-11	0.995892
8.50738e-11	0.995372
8.5121e-11	0.99482
8.51683e-11	0.994238
8.52156e-11	0.993625
8.52628e-11	0.992981
8.53101e-11	0.992306
8.53573e-11	0.991601
8.54046e-11	0.990865
8.54519e-11	0.990098
8.54991e-11	0.9893
8.55464e-11	0.988472
8.55937e-11	0.987613
8.56409e-11	0.986724
8.56882e-11	0.985805
8.57355e-11	0.984855
8.57827e-11	0.983874
8.583e-11	0.982863
8.58772e-11	0.981822
8.59245e-11	0.980751
8.59718e-11	0.97965
8.6019e-11	0.978518
8.60663e-11	0.977357
8.61136e-11	0.976165
8.61608e-11	0.974944
8.62081e-11	0.973693
8.62553e-11	0.972412
8.63026e-11	0.971101
8.63499e-11	0.96976
8.63971e-11	0.96839
8.64444e-11	0.966991
8.64917e-11	0.965562
8.65389e-11	0.964104
8.65862e-11	0.962616
8.66335e-11	0.961099
8.66807e-11	0.959553
8.6728e-11	0.957978
8.67752e-11	0.956374
8.68225e-11	0.954741
8.68698e-11	0.953079
8.6917e-11	0.951389
8.69643e-11	0.949669
8.70116e-11	0.947922
8.70588e-11	0.946145
8.71061e-11	0.944341
8.71533e-11	0.942508
8.72006e-11	0.940647
8.72479e-11	0.938758
8.72951e-11	0.936841
8.73424e-11	0.934896
8.73897e-11	0.932923
8.74369e-11	0.930922
8.74842e-11	0.928894
8.75315e-11	0.926838
8.75787e-11	0.924755
8.7626e-11	0.922645
8.76732e-11	0.920508
8.77205e-11	0.918343
8.77678e-11	0.916152
8.7815e-11	0.913933
8.78623e-11	0.911688
8.79096e-11	0.909416
8.79568e-11	0.907118
8.80041e-11	0.904794
8.80513e-11	0.902443
8.80986e-11	0.900066
8.81459e-11	0.897663
8.81931e-11	0.895234
8.82404e-11	0.892779
8.82877e-11	0.890299
8.83349e-11	0.887793
8.83822e-11	0.885261
8.84295e-11	0.882705
8.84767e-11	0.880123
8.8524e-11	0.877516
8.85712e-11	0.874885
8.86185e-11	0.872228
8.86658e-11	0.869547
8.8713e-11	0.866842
8.87603e-11	0.864112
8.88076e-11	0.861358
8.88548e-11	0.85858
8.89021e-11	0.855777
8.89493e-11	0.852952
8.89966e-11	0.850102
8.90439e-11	0.847229
8.90911e-11	0.844333
8.91384e-11	0.841413
8.91857e-11	0.83847
8.92329e-11	0.835505
8.92802e-11	0.832516
8.93275e-11	0.829506
8.93747e-11	0.826472
8.9422e-11	0.823416
8.94692e-11	0.820338
8.95165e-11	0.817238
8.95638e-11	0.814117
8.9611e-11	0.810973
8.96583e-11	0.807808
8.97056e-11	0.804621
8.97528e-11	0.801414
8.98001e-11	0.798185
8.98473e-11	0.794935
8.98946e-11	0.791665
8.99419e-11	0.788374
8.99891e-11	0.785062
9.00364e-11	0.781731
9.00837e-11	0.778379
9.01309e-11	0.775007
9.01782e-11	0.771616
9.02255e-11	0.768204
9.02727e-11	0.764774
9.032e-11	0.761324
9.03672e-11	0.757855
9.04145e-11	0.754367
9.04618e-11	0.750861
9.0509e-11	0.747336
9.05563e-11	0.743792
9.06036e-11	0.74023
9.06508e-11	0.736651
9.06981e-11	0.733053
9.07453e-11	0.729437
9.07926e-11	0.725805
9.08399e-11	0.722154
9.08871e-11	0.718487
9.09344e-11	0.714802
9.09817e-11	0.711101
9.10289e-11	0.707383
9.10762e-11	0.703649
9.11235e-11	0.699898
9.11707e-11	0.696131
9.1218e-11	0.692349
9.12652e-11	0.68855
9.13125e-11	0.684736
9.13598e-11	0.680907
9.1407e-11	0.677063
9.14543e-11	0.673203
9.15016e-11	0.669329
9.15488e-11	0.66544
9.15961e-11	0.661537
9.16434e-11	0.657619
9.16906e-11	0.653688
9.17379e-11	0.649742
9.17851e-11	0.645783
9.18324e-11	0.641811
9.18797e-11	0.637825
9.19269e-11	0.633826
9.19742e-11	0.629814
9.20215e-11	0.625789
9.20687e-11	0.621752
9.2116e-11	0.617703
9.21632e-11	0.613641
9.22105e-11	0.609567
9.22578e-11	0.605482
9.2305e-11	0.601385
9.23523e-11	0.597277
9.23996e-11	0.593157
9.24468e-11	0.589027
9.24941e-11	0.584885
9.25414e-11	0.580733
9.25886e-11	0.576571
9.26359e-11	0.572398
9.26831e-11	0.568216
9.27304e-11	0.564023
9.27777e-11	0.559821
9.28249e-11	0.55561
9.28722e-11	0.551389
9.29195e-11	0.547159
9.29667e-11	0.542921
9.3014e-11	0.538674
9.30612e-11	0.534418
9.31085e-11	0.530154
9.31558e-11	0.525882
9.3203e-11	0.521602
9.32503e-11	0.517315
9.32976e-11	0.51302
9.33448e-11	0.508717
9.33921e-11	0.504408
9.34394e-11	0.500092
9.34866e-11	0.495769
9.35339e-11	0.49144
9.35811e-11	0.487104
9.36284e-11	0.482762
9.36757e-11	0.478415
9.37229e-11	0.474061
9.37702e-11	0.469702
9.38175e-11	0.465338
9.38647e-11	0.460969
9.3912e-11	0.456595
9.39592e-11	0.452216
9.40065e-11	0.447833
9.40538e-11	0.443445
9.4101e-11	0.439053
9.41483e-11	0.434658
9.41956e-11	0.430258
9.42428e-11	0.425855
9.42901e-11	0.421449
9.43374e-11	0.417039
9.43846e-11	0.412627
9.44319e-11	0.408212
9.44791e-11	0.403794
9.45264e-11	0.399374
9.45737e-11	0.394952
9.46209e-11	0.390528
9.46682e-11	0.386102
9.47155e-11	0.381674
9.47627e-11	0.377245
9.481e-11	0.372815
9.48572e-11	0.368384
9.49045e-11	0.363952
9.49518e-11	0.35952
9.4999e-11	0.355087
9.50463e-11	0.350653
9.50936e-11	0.34622
9.51408e-11	0.341787
9.51881e-11	0.337354
9.52354e-11	0.332922
9.52826e-11	0.32849
9.53299e-11	0.32406
9.53771e-11	0.31963
9.54244e-11	0.315202
9.54717e-11	0.310775
9.55189e-11	0.30635
9.55662e-11	0.301926
9.56135e-11	0.297505
9.56607e-11	0.293086
9.5708e-11	0.288669
9.57552e-11	0.284255
9.58025e-11	0.279844
9.58498e-11	0.275435
9.5897e-11	0.27103
9.59443e-11	0.266628
9.59916e-11	0.26223
9.60388e-11	0.257835
9.60861e-11	0.253444
9.61334e-11	0.249057
9.61806e-11	0.244674
9.62279e-11	0.240296
9.62751e-11	0.235922
9.63224e-11	0.231553
9.63697e-11	0.227189
9.64169e-11	0.22283
9.64642e-11	0.218477
9.65115e-11	0.214129
9.65587e-11	0.209786
9.6606e-11	0.205449
9.66533e-11	0.201118
9.67005e-11	0.196794
9.67478e-11	0.192475
9.6795e-11	0.188164
9.68423e-11	0.183858
9.68896e-11	0.17956
9.69368e-11	0.175269
9.69841e-11	0.170985
9.70314e-11	0.166708
9.70786e-11	0.162438
9.71259e-11	0.158177
9.71731e-11	0.153923
9.72204e-11	0.149677
9.72677e-11	0.145439
9.73149e-11	0.14121
9.73622e-11	0.136989
9.74095e-11	0.132777
9.74567e-11	0.128573
9.7504e-11	0.124378
9.75513e-11	0.120193
9.75985e-11	0.116017
9.76458e-11	0.11185
9.7693e-11	0.107693
9.77403e-11	0.103546
9.77876e-11	0.0994081
9.78348e-11	0.0952806
9.78821e-11	0.0911633
9.79294e-11	0.0870563
9.79766e-11	0.0829599
9.80239e-11	0.078874
9.80711e-11	0.074799
9.81184e-11	0.0707349
9.81657e-11	0.0666819
9.82129e-11	0.0626401
9.82602e-11	0.0586097
9.83075e-11	0.0545908
9.83547e-11	0.0505836
9.8402e-11	0.0465882
9.84493e-11	0.0426047
9.84965e-11	0.0386332
9.85438e-11	0.034674
9.8591e-11	0.0307272
9.86383e-11	0.0267928
9.86856e-11	0.0228711
9.87328e-11	0.0189621
9.87801e-11	0.015066
9.88274e-11	0.0111829
9.88746e-11	0.00731297
9.89219e-11	0.00345632
9.89691e-11	-0.000386906
9.90164e-11	-0.0042166
9.90637e-11	-0.00803262
9.91109e-11	-0.0118349
9.91582e-11	-0.0156232
9.92055e-11	-0.0193975
9.92527e-11	-0.0231576
9.93e-11	-0.0269034
9.93473e-11	-0.0306348
9.93945e-11	-0.0343518
9.94418e-11	-0.038054
9.9489e-11	-0.0417415
9.95363e-11	-0.0454142
9.95836e-11	-0.0490718
9.96308e-11	-0.0527144
9.96781e-11	-0.0563417
9.97254e-11	-0.0599538
9.97726e-11	-0.0635504
9.98199e-11	-0.0671314
9.98671e-11	-0.0706968
9.99144e-11	-0.0742464
9.99617e-11	-0.0777802
1.00009e-10	-0.081298
1.00056e-10	-0.0847997
1.00103e-10	-0.0882853
1.00151e-10	-0.0917546
1.00198e-10	-0.0952075
1.00245e-10	-0.0986439
1.00293e-10	-0.102064
1.0034e-10	-0.105467
1.00387e-10	-0.108853
1.00434e-10	-0.112223
1.00482e-10	-0.115576
1.00529e-10	-0.118911
1.00576e-10	-0.12223
1.00623e-10	-0.125531
1.00671e-10	-0.128815
1.00718e-10	-0.132082
1.00765e-10	-0.135331
1.00812e-10	-0.138562
1.0086e-10	-0.141776
1.00907e-10	-0.144972
1.00954e-10	-0.14815
1.01001e-10	-0.151311
1.01049e-10	-0.154453
1.01096e-10	-0.157578
1.01143e-10	-0.160684
1.01191e-10	-0.163772
1.01238e-10	-0.166842
1.01285e-10	-0.169894
1.01332e-10	-0.172927
1.0138e-10	-0.175941
1.01427e-10	-0.178937
1.01474e-10	-0.181915
1.01521e-10	-0.184873
1.01569e-10	-0.187813
1.01616e-10	-0.190735
1.01663e-10	-0.193637
1.0171e-10	-0.19652
1.01758e-10	-0.199385
1.01805e-10	-0.20223
1.01852e-10	-0.205056
1.01899e-10	-0.207863
1.01947e-10	-0.210651
1.01994e-10	-0.213419
1.02041e-10	-0.216168
1.02089e-10	-0.218898
1.02136e-10	-0.221609
1.02183e-10	-0.224299
1.0223e-10	-0.226971
1.02278e-10	-0.229622
1.02325e-10	-0.232254
1.02372e-10	-0.234867
1.02419e-10	-0.237459
1.02467e-10	-0.240032
1.02514e-10	-0.242585
1.02561e-10	-0.245119
1.02608e-10	-0.247632
1.02656e-10	-0.250126
1.02703e-10	-0.252599
1.0275e-10	-0.255053
1.02797e-10	-0.257486
1.02845e-10	-0.259899
1.02892e-10	-0.262293
1.02939e-10	-0.264666
1.02987e-10	-0.267019
1.03034e-10	-0.269352
1.03081e-10	-0.271665
1.03128e-10	-0.273957
1.03176e-10	-0.276229
1.03223e-10	-0.278481
1.0327e-10	-0.280713
1.03317e-10	-0.282924
1.03365e-10	-0.285115
1.03412e-10	-0.287286
1.03459e-10	-0.289436
1.03506e-10	-0.291566
1.03554e-10	-0.293675
1.03601e-10	-0.295764
1.03648e-10	-0.297832
1.03695e-10	-0.299881
1.03743e-10	-0.301908
1.0379e-10	-0.303915
1.03837e-10	-0.305902
1.03885e-10	-0.307868
1.03932e-10	-0.309814
1.03979e-10	-0.311739
1.04026e-10	-0.313644
1.04074e-10	-0.315528
1.04121e-10	-0.317392
1.04168e-10	-0.319235
1.04215e-10	-0.321057
1.04263e-10	-0.32286
1.0431e-10	-0.324641
1.04357e-10	-0.326402
1.04404e-10	-0.328143
1.04452e-10	-0.329863
1.04499e-10	-0.331563
1.04546e-10	-0.333242
1.04593e-10	-0.334901
1.04641e-10	-0.336539
1.04688e-10	-0.338157
1.04735e-10	-0.339755
1.04783e-10	-0.341332
1.0483e-10	-0.342888
1.04877e-10	-0.344424
1.04924e-10	-0.34594
1.04972e-10	-0.347436
1.05019e-10	-0.348911
1.05066e-10	-0.350366
1.05113e-10	-0.3518
1.05161e-10	-0.353214
1.05208e-10	-0.354608
1.05255e-10	-0.355982
1.05302e-10	-0.357336
1.0535e-10	-0.358669
1.05397e-10	-0.359982
1.05444e-10	-0.361276
1.05491e-10	-0.362549
1.05539e-10	-0.363802
1.05586e-10	-0.365035
1.05633e-10	-0.366247
1.05681e-10	-0.36744
1.05728e-10	-0.368613
1.05775e-10	-0.369767
1.05822e-10	-0.3709
1.0587e-10	-0.372013
1.05917e-10	-0.373107
1.05964e-10	-0.374181
1.06011e-10	-0.375235
1.06059e-10	-0.376269
1.06106e-10	-0.377284
1.06153e-10	-0.378279
1.062e-10	-0.379255
1.06248e-10	-0.380211
1.06295e-10	-0.381147
1.06342e-10	-0.382065
1.06389e-10	-0.382962
1.06437e-10	-0.383841
1.06484e-10	-0.3847
1.06531e-10	-0.38554
1.06579e-10	-0.386361
1.06626e-10	-0.387163
1.06673e-10	-0.387945
1.0672e-10	-0.388709
1.06768e-10	-0.389453
1.06815e-10	-0.390179
1.06862e-10	-0.390886
1.06909e-10	-0.391574
1.06957e-10	-0.392243
1.07004e-10	-0.392893
1.07051e-10	-0.393525
1.07098e-10	-0.394138
1.07146e-10	-0.394733
1.07193e-10	-0.395309
1.0724e-10	-0.395867
1.07287e-10	-0.396406
1.07335e-10	-0.396927
1.07382e-10	-0.39743
1.07429e-10	-0.397915
1.07477e-10	-0.398382
1.07524e-10	-0.39883
1.07571e-10	-0.399261
1.07618e-10	-0.399673
1.07666e-10	-0.400068
1.07713e-10	-0.400445
1.0776e-10	-0.400805
1.07807e-10	-0.401147
1.07855e-10	-0.401471
1.07902e-10	-0.401777
1.07949e-10	-0.402067
1.07996e-10	-0.402339
1.08044e-10	-0.402593
1.08091e-10	-0.402831
1.08138e-10	-0.403051
1.08185e-10	-0.403254
1.08233e-10	-0.40344
1.0828e-10	-0.403609
1.08327e-10	-0.403762
1.08375e-10	-0.403897
1.08422e-10	-0.404016
1.08469e-10	-0.404119
1.08516e-10	-0.404205
1.08564e-10	-0.404274
1.08611e-10	-0.404327
1.08658e-10	-0.404364
1.08705e-10	-0.404384
1.08753e-10	-0.404388
1.088e-10	-0.404377
1.08847e-10	-0.404349
1.08894e-10	-0.404305
1.08942e-10	-0.404246
1.08989e-10	-0.404171
1.09036e-10	-0.40408
1.09083e-10	-0.403974
1.09131e-10	-0.403852
1.09178e-10	-0.403715
1.09225e-10	-0.403562
1.09273e-10	-0.403394
1.0932e-10	-0.403211
1.09367e-10	-0.403013
1.09414e-10	-0.402801
1.09462e-10	-0.402573
1.09509e-10	-0.40233
1.09556e-10	-0.402073
1.09603e-10	-0.401801
1.09651e-10	-0.401514
1.09698e-10	-0.401214
1.09745e-10	-0.400898
1.09792e-10	-0.400569
1.0984e-10	-0.400225
1.09887e-10	-0.399868
1.09934e-10	-0.399496
1.09981e-10	-0.39911
1.10029e-10	-0.398711
1.10076e-10	-0.398298
1.10123e-10	-0.397871
1.10171e-10	-0.397431
1.10218e-10	-0.396977
1.10265e-10	-0.39651
1.10312e-10	-0.39603
1.1036e-10	-0.395536
1.10407e-10	-0.39503
1.10454e-10	-0.39451
1.10501e-10	-0.393978
1.10549e-10	-0.393433
1.10596e-10	-0.392875
1.10643e-10	-0.392304
1.1069e-10	-0.391721
1.10738e-10	-0.391126
1.10785e-10	-0.390518
1.10832e-10	-0.389899
1.10879e-10	-0.389267
1.10927e-10	-0.388623
1.10974e-10	-0.387967
1.11021e-10	-0.387299
1.11069e-10	-0.38662
1.11116e-10	-0.385929
1.11163e-10	-0.385226
1.1121e-10	-0.384512
1.11258e-10	-0.383787
1.11305e-10	-0.38305
1.11352e-10	-0.382302
1.11399e-10	-0.381543
1.11447e-10	-0.380774
1.11494e-10	-0.379993
1.11541e-10	-0.379202
1.11588e-10	-0.3784
1.11636e-10	-0.377587
1.11683e-10	-0.376764
1.1173e-10	-0.375931
1.11777e-10	-0.375087
1.11825e-10	-0.374233
1.11872e-10	-0.373369
1.11919e-10	-0.372496
1.11967e-10	-0.371612
1.12014e-10	-0.370718
1.12061e-10	-0.369815
1.12108e-10	-0.368902
1.12156e-10	-0.36798
1.12203e-10	-0.367049
1.1225e-10	-0.366108
1.12297e-10	-0.365158
1.12345e-10	-0.364199
1.12392e-10	-0.36323
1.12439e-10	-0.362253
1.12486e-10	-0.361268
1.12534e-10	-0.360273
1.12581e-10	-0.35927
1.12628e-10	-0.358259
1.12675e-10	-0.357239
1.12723e-10	-0.35621
1.1277e-10	-0.355174
1.12817e-10	-0.354129
1.12865e-10	-0.353077
1.12912e-10	-0.352016
1.12959e-10	-0.350948
1.13006e-10	-0.349872
1.13054e-10	-0.348788
1.13101e-10	-0.347697
1.13148e-10	-0.346599
1.13195e-10	-0.345493
1.13243e-10	-0.34438
1.1329e-10	-0.34326
1.13337e-10	-0.342133
1.13384e-10	-0.340998
1.13432e-10	-0.339857
1.13479e-10	-0.33871
1.13526e-10	-0.337555
1.13573e-10	-0.336395
1.13621e-10	-0.335227
1.13668e-10	-0.334053
1.13715e-10	-0.332874
1.13763e-10	-0.331687
1.1381e-10	-0.330495
1.13857e-10	-0.329297
1.13904e-10	-0.328093
1.13952e-10	-0.326883
1.13999e-10	-0.325668
1.14046e-10	-0.324446
1.14093e-10	-0.32322
1.14141e-10	-0.321988
1.14188e-10	-0.32075
1.14235e-10	-0.319508
1.14282e-10	-0.31826
1.1433e-10	-0.317007
1.14377e-10	-0.31575
1.14424e-10	-0.314487
1.14471e-10	-0.31322
1.14519e-10	-0.311948
1.14566e-10	-0.310671
1.14613e-10	-0.30939
1.14661e-10	-0.308105
1.14708e-10	-0.306815
1.14755e-10	-0.305521
1.14802e-10	-0.304223
1.1485e-10	-0.302921
1.14897e-10	-0.301615
1.14944e-10	-0.300305
1.14991e-10	-0.298991
1.15039e-10	-0.297674
1.15086e-10	-0.296353
1.15133e-10	-0.295029
1.1518e-10	-0.293701
1.15228e-10	-0.29237
1.15275e-10	-0.291035
1.15322e-10	-0.289698
1.15369e-10	-0.288357
1.15417e-10	-0.287013
1.15464e-10	-0.285667
1.15511e-10	-0.284317
1.15559e-10	-0.282965
1.15606e-10	-0.281611
1.15653e-10	-0.280253
1.157e-10	-0.278894
1.15748e-10	-0.277531
1.15795e-10	-0.276167
1.15842e-10	-0.2748
1.15889e-10	-0.273431
1.15937e-10	-0.272061
1.15984e-10	-0.270688
1.16031e-10	-0.269313
1.16078e-10	-0.267936
1.16126e-10	-0.266558
1.16173e-10	-0.265178
1.1622e-10	-0.263797
1.16267e-10	-0.262413
1.16315e-10	-0.261029
1.16362e-10	-0.259643
1.16409e-10	-0.258256
1.16457e-10	-0.256868
1.16504e-10	-0.255478
1.16551e-10	-0.254088
1.16598e-10	-0.252697
1.16646e-10	-0.251305
1.16693e-10	-0.249911
1.1674e-10	-0.248518
1.16787e-10	-0.247123
1.16835e-10	-0.245728
1.16882e-10	-0.244333
1.16929e-10	-0.242937
1.16976e-10	-0.241541
1.17024e-10	-0.240144
1.17071e-10	-0.238747
1.17118e-10	-0.23735
1.17165e-10	-0.235953
1.17213e-10	-0.234556
1.1726e-10	-0.233159
1.17307e-10	-0.231762
1.17355e-10	-0.230366
1.17402e-10	-0.22897
1.17449e-10	-0.227574
1.17496e-10	-0.226178
1.17544e-10	-0.224783
1.17591e-10	-0.223388
1.17638e-10	-0.221995
1.17685e-10	-0.220601
1.17733e-10	-0.219209
1.1778e-10	-0.217817
1.17827e-10	-0.216426
1.17874e-10	-0.215036
1.17922e-10	-0.213648
1.17969e-10	-0.21226
1.18016e-10	-0.210873
1.18063e-10	-0.209488
1.18111e-10	-0.208104
1.18158e-10	-0.206721
1.18205e-10	-0.205339
1.18253e-10	-0.203959
1.183e-10	-0.202581
1.18347e-10	-0.201204
1.18394e-10	-0.199828
1.18442e-10	-0.198454
1.18489e-10	-0.197083
1.18536e-10	-0.195712
1.18583e-10	-0.194344
1.18631e-10	-0.192978
1.18678e-10	-0.191613
1.18725e-10	-0.190251
1.18772e-10	-0.18889
1.1882e-10	-0.187532
1.18867e-10	-0.186176
1.18914e-10	-0.184822
1.18961e-10	-0.183471
1.19009e-10	-0.182122
1.19056e-10	-0.180775
1.19103e-10	-0.17943
1.19151e-10	-0.178089
1.19198e-10	-0.176749
1.19245e-10	-0.175413
1.19292e-10	-0.174079
1.1934e-10	-0.172747
1.19387e-10	-0.171419
1.19434e-10	-0.170093
1.19481e-10	-0.16877
1.19529e-10	-0.16745
1.19576e-10	-0.166133
1.19623e-10	-0.164819
1.1967e-10	-0.163507
1.19718e-10	-0.162199
1.19765e-10	-0.160895
1.19812e-10	-0.159593
1.19859e-10	-0.158294
1.19907e-10	-0.156999
1.19954e-10	-0.155707
1.20001e-10	-0.154418
1.20049e-10	-0.153133
1.20096e-10	-0.151851
1.20143e-10	-0.150573
1.2019e-10	-0.149298
1.20238e-10	-0.148027
1.20285e-10	-0.146759
1.20332e-10	-0.145495
1.20379e-10	-0.144234
1.20427e-10	-0.142978
1.20474e-10	-0.141725
1.20521e-10	-0.140475
1.20568e-10	-0.13923
1.20616e-10	-0.137988
1.20663e-10	-0.136751
1.2071e-10	-0.135517
1.20757e-10	-0.134287
1.20805e-10	-0.133061
1.20852e-10	-0.131839
1.20899e-10	-0.130622
1.20947e-10	-0.129408
1.20994e-10	-0.128198
1.21041e-10	-0.126993
1.21088e-10	-0.125792
1.21136e-10	-0.124595
1.21183e-10	-0.123402
1.2123e-10	-0.122214
1.21277e-10	-0.12103
1.21325e-10	-0.11985
1.21372e-10	-0.118674
1.21419e-10	-0.117503
1.21466e-10	-0.116336
1.21514e-10	-0.115174
1.21561e-10	-0.114017
1.21608e-10	-0.112863
1.21655e-10	-0.111715
1.21703e-10	-0.11057
1.2175e-10	-0.109431
1.21797e-10	-0.108296
1.21845e-10	-0.107166
1.21892e-10	-0.10604
1.21939e-10	-0.104919
1.21986e-10	-0.103802
1.22034e-10	-0.102691
1.22081e-10	-0.101584
1.22128e-10	-0.100482
1.22175e-10	-0.0993845
1.22223e-10	-0.098292
1.2227e-10	-0.0972043
1.22317e-10	-0.0961214
1.22364e-10	-0.0950434
1.22412e-10	-0.0939703
1.22459e-10	-0.0929021
1.22506e-10	-0.0918388
1.22553e-10	-0.0907804
1.22601e-10	-0.089727
1.22648e-10	-0.0886785
1.22695e-10	-0.087635
1.22743e-10	-0.0865966
1.2279e-10	-0.0855631
1.22837e-10	-0.0845347
1.22884e-10	-0.0835113
1.22932e-10	-0.082493
1.22979e-10	-0.0814797
1.23026e-10	-0.0804716
1.23073e-10	-0.0794685
1.23121e-10	-0.0784706
1.23168e-10	-0.0774777
1.23215e-10	-0.07649
1.23262e-10	-0.0755075
1.2331e-10	-0.0745301
1.23357e-10	-0.0735579
1.23404e-10	-0.0725909
1.23451e-10	-0.071629
1.23499e-10	-0.0706724
1.23546e-10	-0.069721
1.23593e-10	-0.0687748
1.23641e-10	-0.0678338
1.23688e-10	-0.066898
1.23735e-10	-0.0659675
1.23782e-10	-0.0650422
1.2383e-10	-0.0641222
1.23877e-10	-0.0632074
1.23924e-10	-0.062298
1.23971e-10	-0.0613937
1.24019e-10	-0.0604948
1.24066e-10	-0.0596011
1.24113e-10	-0.0587128
1.2416e-10	-0.0578297
1.24208e-10	-0.0569519
1.24255e-10	-0.0560794
1.24302e-10	-0.0552123
1.24349e-10	-0.0543504
1.24397e-10	-0.0534938
1.24444e-10	-0.0526426
1.24491e-10	-0.0517966
1.24539e-10	-0.050956
1.24586e-10	-0.0501207
1.24633e-10	-0.0492907
1.2468e-10	-0.048466
1.24728e-10	-0.0476467
1.24775e-10	-0.0468326
1.24822e-10	-0.0460239
1.24869e-10	-0.0452205
1.24917e-10	-0.0444224
1.24964e-10	-0.0436296
1.25011e-10	-0.0428421
1.25058e-10	-0.0420599
1.25106e-10	-0.0412831
1.25153e-10	-0.0405115
1.252e-10	-0.0397453
1.25247e-10	-0.0389843
1.25295e-10	-0.0382286
1.25342e-10	-0.0374783
1.25389e-10	-0.0367332
1.25437e-10	-0.0359934
1.25484e-10	-0.0352589
1.25531e-10	-0.0345296
1.25578e-10	-0.0338056
1.25626e-10	-0.0330869
1.25673e-10	-0.0323734
1.2572e-10	-0.0316652
1.25767e-10	-0.0309622
1.25815e-10	-0.0302645
1.25862e-10	-0.029572
1.25909e-10	-0.0288847
1.25956e-10	-0.0282026
1.26004e-10	-0.0275257
1.26051e-10	-0.0268541
1.26098e-10	-0.0261876
1.26145e-10	-0.0255263
1.26193e-10	-0.0248702
1.2624e-10	-0.0242192
1.26287e-10	-0.0235734
1.26335e-10	-0.0229328
1.26382e-10	-0.0222973
1.26429e-10	-0.0216669
1.26476e-10	-0.0210416
1.26524e-10	-0.0204215
1.26571e-10	-0.0198064
1.26618e-10	-0.0191964
1.26665e-10	-0.0185915
1.26713e-10	-0.0179917
1.2676e-10	-0.0173969
1.26807e-10	-0.0168071
1.26854e-10	-0.0162224
1.26902e-10	-0.0156427
1.26949e-10	-0.015068
1.26996e-10	-0.0144983
1.27043e-10	-0.0139335
1.27091e-10	-0.0133738
1.27138e-10	-0.0128189
1.27185e-10	-0.0122691
1.27233e-10	-0.0117241
1.2728e-10	-0.011184
1.27327e-10	-0.0106489
1.27374e-10	-0.0101186
1.27422e-10	-0.00959324
1.27469e-10	-0.00907269
1.27516e-10	-0.00855699
1.27563e-10	-0.00804611
1.27611e-10	-0.00754005
1.27658e-10	-0.00703877
1.27705e-10	-0.00654228
1.27752e-10	-0.00605055
1.278e-10	-0.00556357
1.27847e-10	-0.00508132
1.27894e-10	-0.00460379
1.27941e-10	-0.00413095
1.27989e-10	-0.0036628
1.28036e-10	-0.00319932
1.28083e-10	-0.00274049
1.28131e-10	-0.00228629
1.28178e-10	-0.00183671
1.28225e-10	-0.00139173
1.28272e-10	-0.000951329
1.2832e-10	-0.000515496
1.28367e-10	-8.42105e-05
1.28414e-10	0.000342545
1.28461e-10	0.000764788
1.28509e-10	0.00118254
1.28556e-10	0.00159581
1.28603e-10	0.00200462
1.2865e-10	0.00240899
1.28698e-10	0.00280895
1.28745e-10	0.00320449
1.28792e-10	0.00359566
1.28839e-10	0.00398245
1.28887e-10	0.0043649
1.28934e-10	0.00474303
1.28981e-10	0.00511684
1.29029e-10	0.00548636
1.29076e-10	0.00585162
1.29123e-10	0.00621262
1.2917e-10	0.00656939
1.29218e-10	0.00692194
1.29265e-10	0.00727031
1.29312e-10	0.0076145
1.29359e-10	0.00795454
1.29407e-10	0.00829044
1.29454e-10	0.00862223
1.29501e-10	0.00894993
1.29548e-10	0.00927356
1.29596e-10	0.00959313
1.29643e-10	0.00990867
1.2969e-10	0.0102202
1.29737e-10	0.0105277
1.29785e-10	0.0108313
1.29832e-10	0.0111309
1.29879e-10	0.0114266
1.29927e-10	0.0117184
1.29974e-10	0.0120063
1.30021e-10	0.0122903
1.30068e-10	0.0125705
1.30116e-10	0.0128468
1.30163e-10	0.0131194
1.3021e-10	0.0133881
1.30257e-10	0.0136531
1.30305e-10	0.0139144
1.30352e-10	0.0141719
1.30399e-10	0.0144258
1.30446e-10	0.0146759
1.30494e-10	0.0149224
1.30541e-10	0.0151653
1.30588e-10	0.0154046
1.30635e-10	0.0156403
1.30683e-10	0.0158724
1.3073e-10	0.0161009
1.30777e-10	0.0163259
1.30825e-10	0.0165475
1.30872e-10	0.0167655
1.30919e-10	0.0169801
1.30966e-10	0.0171912
1.31014e-10	0.0173989
1.31061e-10	0.0176032
1.31108e-10	0.0178042
1.31155e-10	0.0180018
1.31203e-10	0.018196
1.3125e-10	0.018387
1.31297e-10	0.0185747
1.31344e-10	0.0187591
1.31392e-10	0.0189402
1.31439e-10	0.0191181
1.31486e-10	0.0192929
1.31533e-10	0.0194644
1.31581e-10	0.0196328
1.31628e-10	0.0197981
1.31675e-10	0.0199602
1.31723e-10	0.0201193
1.3177e-10	0.0202753
1.31817e-10	0.0204282
1.31864e-10	0.0205781
1.31912e-10	0.0207251
1.31959e-10	0.020869
1.32006e-10	0.0210099
1.32053e-10	0.021148
1.32101e-10	0.0212831
1.32148e-10	0.0214153
1.32195e-10	0.0215447
1.32242e-10	0.0216711
1.3229e-10	0.0217948
1.32337e-10	0.0219157
1.32384e-10	0.0220337
1.32431e-10	0.022149
1.32479e-10	0.0222616
1.32526e-10	0.0223714
1.32573e-10	0.0224786
1.32621e-10	0.022583
1.32668e-10	0.0226848
1.32715e-10	0.022784
1.32762e-10	0.0228806
1.3281e-10	0.0229745
1.32857e-10	0.0230659
1.32904e-10	0.0231547
1.32951e-10	0.023241
1.32999e-10	0.0233248
1.33046e-10	0.0234062
1.33093e-10	0.023485
1.3314e-10	0.0235614
1.33188e-10	0.0236354
1.33235e-10	0.023707
1.33282e-10	0.0237762
1.33329e-10	0.023843
1.33377e-10	0.0239075
1.33424e-10	0.0239697
1.33471e-10	0.0240296
1.33519e-10	0.0240872
1.33566e-10	0.0241425
1.33613e-10	0.0241956
1.3366e-10	0.0242465
1.33708e-10	0.0242952
1.33755e-10	0.0243418
1.33802e-10	0.0243861
1.33849e-10	0.0244284
1.33897e-10	0.0244685
1.33944e-10	0.0245066
1.33991e-10	0.0245425
1.34038e-10	0.0245764
1.34086e-10	0.0246083
1.34133e-10	0.0246382
1.3418e-10	0.024666
1.34227e-10	0.0246919
1.34275e-10	0.0247159
1.34322e-10	0.0247379
1.34369e-10	0.024758
1.34417e-10	0.0247762
1.34464e-10	0.0247926
1.34511e-10	0.024807
1.34558e-10	0.0248197
1.34606e-10	0.0248305
1.34653e-10	0.0248395
1.347e-10	0.0248468
1.34747e-10	0.0248523
1.34795e-10	0.024856
1.34842e-10	0.0248581
1.34889e-10	0.0248584
1.34936e-10	0.024857
1.34984e-10	0.024854
1.35031e-10	0.0248494
1.35078e-10	0.0248431
1.35125e-10	0.0248352
1.35173e-10	0.0248257
1.3522e-10	0.0248146
1.35267e-10	0.024802
1.35315e-10	0.0247878
1.35362e-10	0.0247722
1.35409e-10	0.024755
1.35456e-10	0.0247364
1.35504e-10	0.0247163
1.35551e-10	0.0246947
1.35598e-10	0.0246717
1.35645e-10	0.0246473
1.35693e-10	0.0246215
1.3574e-10	0.0245943
1.35787e-10	0.0245658
1.35834e-10	0.024536
1.35882e-10	0.0245048
1.35929e-10	0.0244723
1.35976e-10	0.0244385
1.36023e-10	0.0244034
1.36071e-10	0.0243671
1.36118e-10	0.0243295
1.36165e-10	0.0242908
1.36213e-10	0.0242508
1.3626e-10	0.0242096
1.36307e-10	0.0241672
1.36354e-10	0.0241237
1.36402e-10	0.0240791
1.36449e-10	0.0240333
1.36496e-10	0.0239864
1.36543e-10	0.0239385
1.36591e-10	0.0238894
1.36638e-10	0.0238393
1.36685e-10	0.0237881
1.36732e-10	0.0237359
1.3678e-10	0.0236827
1.36827e-10	0.0236285
1.36874e-10	0.0235733
1.36921e-10	0.0235172
1.36969e-10	0.0234601
1.37016e-10	0.023402
1.37063e-10	0.023343
1.37111e-10	0.0232831
1.37158e-10	0.0232223
1.37205e-10	0.0231607
1.37252e-10	0.0230982
1.373e-10	0.0230348
1.37347e-10	0.0229706
1.37394e-10	0.0229055
1.37441e-10	0.0228397
1.37489e-10	0.022773
1.37536e-10	0.0227056
1.37583e-10	0.0226374
1.3763e-10	0.0225685
1.37678e-10	0.0224988
1.37725e-10	0.0224284
1.37772e-10	0.0223572
1.3782e-10	0.0222854
1.37867e-10	0.0222129
1.37914e-10	0.0221397
1.37961e-10	0.0220659
1.38009e-10	0.0219914
1.38056e-10	0.0219163
1.38103e-10	0.0218405
1.3815e-10	0.0217642
1.38198e-10	0.0216873
1.38245e-10	0.0216097
1.38292e-10	0.0215316
1.38339e-10	0.021453
1.38387e-10	0.0213738
1.38434e-10	0.021294
1.38481e-10	0.0212138
1.38528e-10	0.021133
1.38576e-10	0.0210517
1.38623e-10	0.02097
1.3867e-10	0.0208877
1.38718e-10	0.0208051
1.38765e-10	0.0207219
1.38812e-10	0.0206383
1.38859e-10	0.0205543
1.38907e-10	0.0204699
1.38954e-10	0.020385
1.39001e-10	0.0202998
1.39048e-10	0.0202142
1.39096e-10	0.0201282
1.39143e-10	0.0200418
1.3919e-10	0.0199551
1.39237e-10	0.0198681
1.39285e-10	0.0197807
1.39332e-10	0.019693
1.39379e-10	0.019605
1.39426e-10	0.0195166
1.39474e-10	0.019428
1.39521e-10	0.0193391
1.39568e-10	0.01925
1.39616e-10	0.0191605
1.39663e-10	0.0190709
1.3971e-10	0.018981
1.39757e-10	0.0188908
1.39805e-10	0.0188004
1.39852e-10	0.0187098
1.39899e-10	0.018619
1.39946e-10	0.018528
1.39994e-10	0.0184369
1.40041e-10	0.0183455
1.40088e-10	0.018254
1.40135e-10	0.0181623
1.40183e-10	0.0180705
1.4023e-10	0.0179785
1.40277e-10	0.0178864
1.40324e-10	0.0177942
1.40372e-10	0.0177018
1.40419e-10	0.0176093
1.40466e-10	0.0175168
1.40514e-10	0.0174241
1.40561e-10	0.0173314
1.40608e-10	0.0172386
1.40655e-10	0.0171457
1.40703e-10	0.0170527
1.4075e-10	0.0169597
1.40797e-10	0.0168667
1.40844e-10	0.0167736
1.40892e-10	0.0166805
1.40939e-10	0.0165873
1.40986e-10	0.0164942
1.41033e-10	0.016401
1.41081e-10	0.0163078
1.41128e-10	0.0162147
1.41175e-10	0.0161215
1.41222e-10	0.0160284
1.4127e-10	0.0159353
1.41317e-10	0.0158422
1.41364e-10	0.0157492
1.41412e-10	0.0156562
1.41459e-10	0.0155632
1.41506e-10	0.0154703
1.41553e-10	0.0153775
1.41601e-10	0.0152848
1.41648e-10	0.0151921
1.41695e-10	0.0150995
1.41742e-10	0.015007
1.4179e-10	0.0149146
1.41837e-10	0.0148223
1.41884e-10	0.0147301
1.41931e-10	0.014638
1.41979e-10	0.014546
1.42026e-10	0.0144542
1.42073e-10	0.0143624
1.4212e-10	0.0142708
1.42168e-10	0.0141794
1.42215e-10	0.0140881
1.42262e-10	0.0139969
1.4231e-10	0.0139059
1.42357e-10	0.0138151
1.42404e-10	0.0137244
1.42451e-10	0.0136339
1.42499e-10	0.0135435
1.42546e-10	0.0134534
1.42593e-10	0.0133634
1.4264e-10	0.0132736
1.42688e-10	0.013184
1.42735e-10	0.0130946
1.42782e-10	0.0130054
1.42829e-10	0.0129164
1.42877e-10	0.0128276
1.42924e-10	0.012739
1.42971e-10	0.0126507
1.43018e-10	0.0125625
1.43066e-10	0.0124746
1.43113e-10	0.0123869
1.4316e-10	0.0122995
1.43208e-10	0.0122123
1.43255e-10	0.0121253
1.43302e-10	0.0120386
1.43349e-10	0.0119521
1.43397e-10	0.0118659
1.43444e-10	0.0117799
1.43491e-10	0.0116942
1.43538e-10	0.0116087
1.43586e-10	0.0115235
1.43633e-10	0.0114386
1.4368e-10	0.011354
1.43727e-10	0.0112696
1.43775e-10	0.0111855
1.43822e-10	0.0111017
1.43869e-10	0.0110181
1.43916e-10	0.0109349
1.43964e-10	0.0108519
1.44011e-10	0.0107693
1.44058e-10	0.0106869
1.44106e-10	0.0106048
1.44153e-10	0.010523
1.442e-10	0.0104415
1.44247e-10	0.0103604
1.44295e-10	0.0102795
1.44342e-10	0.010199
1.44389e-10	0.0101187
1.44436e-10	0.0100388
1.44484e-10	0.00995916
1.44531e-10	0.00987986
1.44578e-10	0.00980088
1.44625e-10	0.00972223
1.44673e-10	0.00964389
1.4472e-10	0.00956589
1.44767e-10	0.00948821
1.44814e-10	0.00941086
1.44862e-10	0.00933385
1.44909e-10	0.00925716
1.44956e-10	0.00918081
1.45004e-10	0.0091048
1.45051e-10	0.00902913
1.45098e-10	0.00895379
1.45145e-10	0.0088788
1.45193e-10	0.00880415
1.4524e-10	0.00872984
1.45287e-10	0.00865588
1.45334e-10	0.00858227
1.45382e-10	0.008509
1.45429e-10	0.00843608
1.45476e-10	0.00836351
1.45523e-10	0.0082913
1.45571e-10	0.00821944
1.45618e-10	0.00814793
1.45665e-10	0.00807677
1.45712e-10	0.00800597
1.4576e-10	0.00793553
1.45807e-10	0.00786544
1.45854e-10	0.00779572
1.45902e-10	0.00772635
1.45949e-10	0.00765734
1.45996e-10	0.00758869
1.46043e-10	0.00752041
1.46091e-10	0.00745249
1.46138e-10	0.00738492
1.46185e-10	0.00731773
1.46232e-10	0.00725089
1.4628e-10	0.00718442
1.46327e-10	0.00711832
1.46374e-10	0.00705257
1.46421e-10	0.0069872
1.46469e-10	0.00692219
1.46516e-10	0.00685755
1.46563e-10	0.00679327
1.4661e-10	0.00672936
1.46658e-10	0.00666582
1.46705e-10	0.00660264
1.46752e-10	0.00653984
1.468e-10	0.0064774
1.46847e-10	0.00641532
1.46894e-10	0.00635362
1.46941e-10	0.00629228
1.46989e-10	0.00623131
1.47036e-10	0.00617071
1.47083e-10	0.00611047
1.4713e-10	0.0060506
1.47178e-10	0.0059911
1.47225e-10	0.00593197
1.47272e-10	0.00587321
1.47319e-10	0.00581481
1.47367e-10	0.00575678
1.47414e-10	0.00569911
1.47461e-10	0.00564181
1.47508e-10	0.00558488
1.47556e-10	0.00552831
1.47603e-10	0.00547211
1.4765e-10	0.00541627
1.47698e-10	0.00536079
1.47745e-10	0.00530568
1.47792e-10	0.00525094
1.47839e-10	0.00519655
1.47887e-10	0.00514253
1.47934e-10	0.00508887
1.47981e-10	0.00503557
1.48028e-10	0.00498264
1.48076e-10	0.00493006
1.48123e-10	0.00487784
1.4817e-10	0.00482598
1.48217e-10	0.00477448
1.48265e-10	0.00472334
1.48312e-10	0.00467255
1.48359e-10	0.00462212
1.48406e-10	0.00457204
1.48454e-10	0.00452232
1.48501e-10	0.00447296
1.48548e-10	0.00442394
1.48596e-10	0.00437528
1.48643e-10	0.00432697
1.4869e-10	0.00427901
1.48737e-10	0.0042314
1.48785e-10	0.00418414
1.48832e-10	0.00413722
1.48879e-10	0.00409066
1.48926e-10	0.00404443
1.48974e-10	0.00399856
1.49021e-10	0.00395302
1.49068e-10	0.00390783
1.49115e-10	0.00386299
1.49163e-10	0.00381848
1.4921e-10	0.00377431
1.49257e-10	0.00373048
1.49304e-10	0.00368699
1.49352e-10	0.00364383
1.49399e-10	0.00360101
1.49446e-10	0.00355853
1.49494e-10	0.00351638
1.49541e-10	0.00347456
1.49588e-10	0.00343307
1.49635e-10	0.00339191
1.49683e-10	0.00335108
1.4973e-10	0.00331057
1.49777e-10	0.00327039
1.49824e-10	0.00323054
1.49872e-10	0.00319101
1.49919e-10	0.00315181
1.49966e-10	0.00311292
1.50013e-10	0.00307435
1.50061e-10	0.00303611
1.50108e-10	0.00299818
1.50155e-10	0.00296056
1.50202e-10	0.00292326
1.5025e-10	0.00288628
1.50297e-10	0.0028496
1.50344e-10	0.00281324
1.50392e-10	0.00277719
1.50439e-10	0.00274144
1.50486e-10	0.002706
1.50533e-10	0.00267087
1.50581e-10	0.00263604
1.50628e-10	0.00260151
1.50675e-10	0.00256729
1.50722e-10	0.00253336
1.5077e-10	0.00249973
1.50817e-10	0.0024664
1.50864e-10	0.00243337
1.50911e-10	0.00240063
1.50959e-10	0.00236818
1.51006e-10	0.00233602
1.51053e-10	0.00230416
1.511e-10	0.00227258
1.51148e-10	0.00224129
1.51195e-10	0.00221028
1.51242e-10	0.00217956
1.5129e-10	0.00214912
1.51337e-10	0.00211896
1.51384e-10	0.00208908
1.51431e-10	0.00205948
1.51479e-10	0.00203016
1.51526e-10	0.00200111
1.51573e-10	0.00197234
1.5162e-10	0.00194383
1.51668e-10	0.0019156
1.51715e-10	0.00188764
1.51762e-10	0.00185995
1.51809e-10	0.00183252
1.51857e-10	0.00180535
1.51904e-10	0.00177845
1.51951e-10	0.00175182
1.51998e-10	0.00172544
1.52046e-10	0.00169932
1.52093e-10	0.00167346
1.5214e-10	0.00164785
1.52188e-10	0.0016225
1.52235e-10	0.0015974
1.52282e-10	0.00157255
1.52329e-10	0.00154795
1.52377e-10	0.0015236
1.52424e-10	0.00149949
1.52471e-10	0.00147563
1.52518e-10	0.00145202
1.52566e-10	0.00142864
1.52613e-10	0.00140551
1.5266e-10	0.00138261
1.52707e-10	0.00135996
1.52755e-10	0.00133753
1.52802e-10	0.00131535
1.52849e-10	0.00129339
1.52896e-10	0.00127167
1.52944e-10	0.00125018
1.52991e-10	0.00122891
1.53038e-10	0.00120787
1.53086e-10	0.00118706
1.53133e-10	0.00116647
1.5318e-10	0.0011461
1.53227e-10	0.00112596
1.53275e-10	0.00110603
1.53322e-10	0.00108632
1.53369e-10	0.00106683
1.53416e-10	0.00104755
1.53464e-10	0.00102848
1.53511e-10	0.00100963
1.53558e-10	0.000990988
1.53605e-10	0.000972553
1.53653e-10	0.000954326
1.537e-10	0.000936304
1.53747e-10	0.000918487
1.53794e-10	0.000900872
1.53842e-10	0.000883458
1.53889e-10	0.000866244
1.53936e-10	0.000849229
1.53984e-10	0.00083241
1.54031e-10	0.000815787
1.54078e-10	0.000799358
1.54125e-10	0.000783121
1.54173e-10	0.000767075
1.5422e-10	0.000751219
1.54267e-10	0.000735551
1.54314e-10	0.000720069
1.54362e-10	0.000704772
1.54409e-10	0.00068966
1.54456e-10	0.000674729
1.54503e-10	0.00065998
1.54551e-10	0.00064541
1.54598e-10	0.000631018
1.54645e-10	0.000616803
1.54692e-10	0.000602763
1.5474e-10	0.000588897
1.54787e-10	0.000575203
1.54834e-10	0.00056168
1.54882e-10	0.000548327
1.54929e-10	0.000535142
1.54976e-10	0.000522124
1.55023e-10	0.000509271
1.55071e-10	0.000496582
1.55118e-10	0.000484057
1.55165e-10	0.000471692
1.55212e-10	0.000459488
1.5526e-10	0.000447442
1.55307e-10	0.000435553
1.55354e-10	0.000423821
1.55401e-10	0.000412243
1.55449e-10	0.000400818
1.55496e-10	0.000389546
1.55543e-10	0.000378424
1.5559e-10	0.000367451
1.55638e-10	0.000356626
1.55685e-10	0.000345949
1.55732e-10	0.000335416
1.5578e-10	0.000325028
1.55827e-10	0.000314782
1.55874e-10	0.000304678
1.55921e-10	0.000294714
1.55969e-10	0.00028489
1.56016e-10	0.000275203
1.56063e-10	0.000265652
1.5611e-10	0.000256237
1.56158e-10	0.000246956
1.56205e-10	0.000237807
1.56252e-10	0.000228791
1.56299e-10	0.000219904
1.56347e-10	0.000211146
1.56394e-10	0.000202517
1.56441e-10	0.000194014
1.56488e-10	0.000185636
1.56536e-10	0.000177383
1.56583e-10	0.000169252
1.5663e-10	0.000161244
1.56678e-10	0.000153356
1.56725e-10	0.000145588
1.56772e-10	0.000137939
1.56819e-10	0.000130406
1.56867e-10	0.000122989
1.56914e-10	0.000115688
1.56961e-10	0.0001085
1.57008e-10	0.000101425
1.57056e-10	9.44612e-05
1.57103e-10	8.76079e-05
1.5715e-10	8.08639e-05
1.57197e-10	7.42281e-05
1.57245e-10	6.76994e-05
1.57292e-10	6.12766e-05
1.57339e-10	5.49588e-05
1.57386e-10	4.87447e-05
1.57434e-10	4.26335e-05
1.57481e-10	3.66238e-05
1.57528e-10	3.07148e-05
1.57576e-10	2.49054e-05
1.57623e-10	1.91945e-05
1.5767e-10	1.3581e-05
1.57717e-10	8.06399e-06
1.57765e-10	2.64238e-06
1.57812e-10	-2.68484e-06
1.57859e-10	-7.91868e-06
1.57906e-10	-1.30602e-05
1.57954e-10	-1.81103e-05
1.58001e-10	-2.307e-05
1.58048e-10	-2.79404e-05
1.58095e-10	-3.27223e-05
1.58143e-10	-3.74169e-05
1.5819e-10	-4.20249e-05
1.58237e-10	-4.65475e-05
1.58284e-10	-5.09856e-05
1.58332e-10	-5.534e-05
1.58379e-10	-5.96118e-05
1.58426e-10	-6.38019e-05
1.58474e-10	-6.79112e-05
1.58521e-10	-7.19406e-05
1.58568e-10	-7.58911e-05
1.58615e-10	-7.97635e-05
1.58663e-10	-8.35588e-05
1.5871e-10	-8.72779e-05
1.58757e-10	-9.09216e-05
1.58804e-10	-9.44909e-05
1.58852e-10	-9.79865e-05
1.58899e-10	-0.000101409
1.58946e-10	-0.000104761
1.58993e-10	-0.000108041
1.59041e-10	-0.000111251
1.59088e-10	-0.000114391
1.59135e-10	-0.000117463
1.59182e-10	-0.000120468
1.5923e-10	-0.000123406
1.59277e-10	-0.000126277
1.59324e-10	-0.000129084
1.59372e-10	-0.000131826
1.59419e-10	-0.000134505
1.59466e-10	-0.00013712
1.59513e-10	-0.000139674
1.59561e-10	-0.000142167
1.59608e-10	-0.000144599
1.59655e-10	-0.000146971
1.59702e-10	-0.000149285
1.5975e-10	-0.00015154
1.59797e-10	-0.000153738
1.59844e-10	-0.00015588
1.59891e-10	-0.000157965
1.59939e-10	-0.000159995
1.59986e-10	-0.000161971
1.60033e-10	-0.000163893
1.6008e-10	-0.000165762
1.60128e-10	-0.000167579
1.60175e-10	-0.000169344
1.60222e-10	-0.000171058
1.6027e-10	-0.000172721
1.60317e-10	-0.000174336
1.60364e-10	-0.000175901
1.60411e-10	-0.000177418
1.60459e-10	-0.000178888
1.60506e-10	-0.00018031
1.60553e-10	-0.000181687
1.606e-10	-0.000183018
1.60648e-10	-0.000184304
1.60695e-10	-0.000185545
1.60742e-10	-0.000186743
1.60789e-10	-0.000187898
1.60837e-10	-0.00018901
1.60884e-10	-0.000190081
1.60931e-10	-0.00019111
1.60978e-10	-0.000192099
1.61026e-10	-0.000193047
1.61073e-10	-0.000193957
1.6112e-10	-0.000194827
1.61168e-10	-0.000195659
1.61215e-10	-0.000196454
1.61262e-10	-0.000197211
1.61309e-10	-0.000197931
1.61357e-10	-0.000198616
1.61404e-10	-0.000199265
1.61451e-10	-0.00019988
1.61498e-10	-0.00020046
1.61546e-10	-0.000201006
1.61593e-10	-0.000201518
1.6164e-10	-0.000201998
1.61687e-10	-0.000202446
1.61735e-10	-0.000202862
1.61782e-10	-0.000203247
1.61829e-10	-0.000203601
1.61876e-10	-0.000203925
1.61924e-10	-0.000204219
1.61971e-10	-0.000204483
1.62018e-10	-0.00020472
1.62066e-10	-0.000204927
1.62113e-10	-0.000205107
1.6216e-10	-0.00020526
1.62207e-10	-0.000205385
1.62255e-10	-0.000205485
1.62302e-10	-0.000205558
1.62349e-10	-0.000205606
1.62396e-10	-0.000205629
1.62444e-10	-0.000205627
1.62491e-10	-0.000205601
1.62538e-10	-0.000205551
1.62585e-10	-0.000205478
1.62633e-10	-0.000205382
1.6268e-10	-0.000205263
1.62727e-10	-0.000205122
1.62774e-10	-0.00020496
1.62822e-10	-0.000204776
1.62869e-10	-0.000204572
1.62916e-10	-0.000204347
1.62964e-10	-0.000204102
1.63011e-10	-0.000203837
1.63058e-10	-0.000203553
1.63105e-10	-0.00020325
1.63153e-10	-0.000202929
1.632e-10	-0.000202589
1.63247e-10	-0.000202231
1.63294e-10	-0.000201856
1.63342e-10	-0.000201464
1.63389e-10	-0.000201055
1.63436e-10	-0.000200629
1.63483e-10	-0.000200188
1.63531e-10	-0.00019973
1.63578e-10	-0.000199258
1.63625e-10	-0.00019877
1.63672e-10	-0.000198268
1.6372e-10	-0.000197751
1.63767e-10	-0.00019722
1.63814e-10	-0.000196675
1.63862e-10	-0.000196116
1.63909e-10	-0.000195545
1.63956e-10	-0.00019496
1.64003e-10	-0.000194364
1.64051e-10	-0.000193754
1.64098e-10	-0.000193133
1.64145e-10	-0.0001925
1.64192e-10	-0.000191856
1.6424e-10	-0.0001912
1.64287e-10	-0.000190534
1.64334e-10	-0.000189857
1.64381e-10	-0.00018917
1.64429e-10	-0.000188473
1.64476e-10	-0.000187766
1.64523e-10	-0.000187049
1.6457e-10	-0.000186324
1.64618e-10	-0.000185589
1.64665e-10	-0.000184845
1.64712e-10	-0.000184093
1.6476e-10	-0.000183333
1.64807e-10	-0.000182565
1.64854e-10	-0.000181789
1.64901e-10	-0.000181005
1.64949e-10	-0.000180214
1.64996e-10	-0.000179416
1.65043e-10	-0.000178611
1.6509e-10	-0.000177799
1.65138e-10	-0.000176981
1.65185e-10	-0.000176157
1.65232e-10	-0.000175327
1.65279e-10	-0.000174491
1.65327e-10	-0.000173649
1.65374e-10	-0.000172802
1.65421e-10	-0.00017195
1.65468e-10	-0.000171092
1.65516e-10	-0.00017023
1.65563e-10	-0.000169364
1.6561e-10	-0.000168493
1.65658e-10	-0.000167617
1.65705e-10	-0.000166738
1.65752e-10	-0.000165855
1.65799e-10	-0.000164968
1.65847e-10	-0.000164077
1.65894e-10	-0.000163184
1.65941e-10	-0.000162287
1.65988e-10	-0.000161387
1.66036e-10	-0.000160484
1.66083e-10	-0.000159578
1.6613e-10	-0.00015867
1.66177e-10	-0.00015776
1.66225e-10	-0.000156847
1.66272e-10	-0.000155932
1.66319e-10	-0.000155016
1.66366e-10	-0.000154097
1.66414e-10	-0.000153177
1.66461e-10	-0.000152256
1.66508e-10	-0.000151333
1.66556e-10	-0.000150409
1.66603e-10	-0.000149484
1.6665e-10	-0.000148558
1.66697e-10	-0.000147631
1.66745e-10	-0.000146703
1.66792e-10	-0.000145775
1.66839e-10	-0.000144846
1.66886e-10	-0.000143917
1.66934e-10	-0.000142988
1.66981e-10	-0.000142059
1.67028e-10	-0.00014113
1.67075e-10	-0.000140201
1.67123e-10	-0.000139272
1.6717e-10	-0.000138344
1.67217e-10	-0.000137416
1.67264e-10	-0.000136489
1.67312e-10	-0.000135562
1.67359e-10	-0.000134636
1.67406e-10	-0.000133711
1.67454e-10	-0.000132787
1.67501e-10	-0.000131864
1.67548e-10	-0.000130943
1.67595e-10	-0.000130022
1.67643e-10	-0.000129103
1.6769e-10	-0.000128185
1.67737e-10	-0.000127269
1.67784e-10	-0.000126355
1.67832e-10	-0.000125442
1.67879e-10	-0.000124531
1.67926e-10	-0.000123622
1.67973e-10	-0.000122714
1.68021e-10	-0.000121809
1.68068e-10	-0.000120906
1.68115e-10	-0.000120005
1.68162e-10	-0.000119106
1.6821e-10	-0.00011821
1.68257e-10	-0.000117316
1.68304e-10	-0.000116424
1.68352e-10	-0.000115535
1.68399e-10	-0.000114648
1.68446e-10	-0.000113764
1.68493e-10	-0.000112883
