% time-domain current integration by openEMS v0.0.36-93-g7b9cd51 @Thu Sep 24 16:44:46 2026
% start-coordinates: (0.05825,-0.0023,0.000414885) m -> [74,1,6]
% stop-coordinates: (0.0583,0.0006,0.000414885) m -> [75,4,6]
% t/s	current
2.36316015395e-14	0
3.66289823863e-12	0
7.30216487571e-12	0
1.09414315128e-11	0
1.45806981499e-11	0
1.8219964787e-11	0
2.18592314241e-11	1.48779355598e-37
2.54984980611e-11	1.92077466697e-33
2.91377646982e-11	1.56702650456e-30
3.27770313353e-11	3.69657986108e-28
3.64162979724e-11	3.49100163066e-26
4.00555646095e-11	1.62894511282e-24
4.36948312466e-11	4.342670448e-23
4.73340978837e-11	7.37244915777e-22
5.09733645207e-11	8.64681055649e-21
5.46126311578e-11	7.46179985045e-20
5.82518977949e-11	4.97866879203e-19
6.1891164432e-11	2.67195426518e-18
6.55304310691e-11	1.19048644396e-17
6.91696977062e-11	4.51508960388e-17
7.28089643433e-11	1.48546761998e-16
7.64482309803e-11	4.29248742628e-16
8.00874976174e-11	1.09441029593e-15
8.37267642545e-11	2.44504996423e-15
8.73660308916e-11	4.64989874879e-15
9.10052975287e-11	6.85144706947e-15
9.46445641658e-11	4.6328619516e-15
9.82838308029e-11	-1.60100899145e-14
1.0192309744e-10	-9.1361312504e-14
1.05562364077e-10	-3.04178232081e-13
1.09201630714e-10	-8.25882277063e-13
1.12840897351e-10	-1.9840548475e-12
1.16480163988e-10	-4.36105665469e-12
1.20119430625e-10	-8.92366215643e-12
1.23758697262e-10	-1.71705982766e-11
1.273979639e-10	-3.12619409526e-11
1.31037230537e-10	-5.40591321707e-11
1.34676497174e-10	-8.89558982031e-11
1.38315763811e-10	-1.39320208148e-10
1.41955030448e-10	-2.07300149269e-10
1.45594297085e-10	-2.91682344944e-10
1.49233563722e-10	-3.84444837076e-10
1.52872830359e-10	-4.65643135161e-10
1.56512096996e-10	-4.9632814525e-10
1.60151363633e-10	-4.09362793663e-10
1.6379063027e-10	-9.82954620476e-11
1.67429896908e-10	5.95107796375e-10
1.71069163545e-10	1.89349269597e-09
1.74708430182e-10	4.09484535169e-09
1.78347696819e-10	7.57917106853e-09
1.81986963456e-10	1.28077708439e-08
1.85626230093e-10	2.03115888553e-08
1.8926549673e-10	3.0665081141e-08
1.92904763367e-10	4.44424834711e-08
1.96544030004e-10	6.21543065904e-08
2.00183296641e-10	8.41632044057e-08
2.03822563278e-10	1.10580742785e-07
2.07461829915e-10	1.41148291277e-07
2.11101096553e-10	1.75109477141e-07
2.1474036319e-10	2.11084781654e-07
2.18379629827e-10	2.46960325967e-07
2.22018896464e-10	2.79810222992e-07
2.25658163101e-10	3.05868866235e-07
2.29297429738e-10	3.20573008139e-07
2.32936696375e-10	3.18687597201e-07
2.36575963012e-10	2.94527097822e-07
2.40215229649e-10	2.42271937623e-07
2.43854496286e-10	1.56373133109e-07
2.47493762923e-10	3.20265449716e-08
2.5113302956e-10	-1.34307839517e-07
2.54772296198e-10	-3.44376928751e-07
2.58411562835e-10	-5.97634311816e-07
2.62050829472e-10	-8.90808905751e-07
2.65690096109e-10	-1.21759194371e-06
2.69329362746e-10	-1.56848739152e-06
2.72968629383e-10	-1.93087134903e-06
2.7660789602e-10	-2.28929843615e-06
2.80247162657e-10	-2.62608205048e-06
2.83886429294e-10	-2.92213871944e-06
2.87525695931e-10	-3.15806960316e-06
2.91164962568e-10	-3.31540491061e-06
2.94804229206e-10	-3.37793630933e-06
2.98443495843e-10	-3.33300886268e-06
3.0208276248e-10	-3.17268859362e-06
3.05722029117e-10	-2.89469903691e-06
3.09361295754e-10	-2.50307107308e-06
3.13000562391e-10	-2.00844260689e-06
3.16639829028e-10	-1.42798637626e-06
3.20279095665e-10	-7.84926669439e-07
3.23918362302e-10	-1.07618888023e-07
3.27557628939e-10	5.71812961425e-07
3.31196895576e-10	1.21925415897e-06
3.34836162213e-10	1.80072140665e-06
3.38475428851e-10	2.2846606953e-06
3.42114695488e-10	2.64422988039e-06
3.45753962125e-10	2.85932856059e-06
3.49393228762e-10	2.91814012598e-06
3.53032495399e-10	2.81805887425e-06
3.56671762036e-10	2.56592966252e-06
3.60311028673e-10	2.17765523303e-06
3.6395029531e-10	1.67726500422e-06
3.67589561947e-10	1.09556231109e-06
3.71228828584e-10	4.68415123578e-07
3.74868095221e-10	-1.65257105778e-07
3.78507361858e-10	-7.65804259117e-07
3.82146628496e-10	-1.29545117034e-06
3.85785895133e-10	-1.72104751073e-06
3.8942516177e-10	-2.0167249204e-06
3.93064428407e-10	-2.16611988435e-06
3.96703695044e-10	-2.16378089135e-06
4.00342961681e-10	-2.01549346457e-06
4.03982228318e-10	-1.73746616383e-06
4.07621494955e-10	-1.35450147809e-06
4.11260761592e-10	-8.97541610811e-07
4.14900028229e-10	-4.01022646201e-07
4.18539294866e-10	9.96013582721e-08
4.22178561504e-10	5.69969529352e-07
4.25817828141e-10	9.78598905021e-07
4.29457094778e-10	1.29853106046e-06
4.33096361415e-10	1.50900712015e-06
4.36735628052e-10	1.59720161719e-06
4.40374894689e-10	1.55980580985e-06
4.44014161326e-10	1.40399265547e-06
4.47653427963e-10	1.14728777589e-06
4.512926946e-10	8.16024623873e-07
4.54931961237e-10	4.42399937128e-07
4.58571227874e-10	6.06057142249e-08
4.62210494511e-10	-2.97156930174e-07
4.65849761149e-10	-6.03949047218e-07
4.69489027786e-10	-8.40012944536e-07
4.73128294423e-10	-9.9319936453e-07
4.7676756106e-10	-1.05827007246e-06
4.80406827697e-10	-1.03576701349e-06
4.84046094334e-10	-9.31159092943e-07
4.87685360971e-10	-7.54652489832e-07
4.91324627608e-10	-5.21543370269e-07
4.94963894245e-10	-2.52508101539e-07
4.98603160882e-10	2.69666706743e-08
5.02242427519e-10	2.88606941012e-07
5.05881694157e-10	5.04854483552e-07
5.09520960794e-10	6.53207052892e-07
5.13160227431e-10	7.20183493286e-07
5.16799494068e-10	7.03662692558e-07
5.20438760705e-10	6.12740905126e-07
5.24078027342e-10	4.65081200218e-07
5.27717293979e-10	2.82633124016e-07
5.31356560616e-10	8.71706546945e-08
5.34995827253e-10	-1.0291031316e-07
5.3863509389e-10	-2.73662180916e-07
5.42274360527e-10	-4.14634683921e-07
5.45913627164e-10	-5.16887439517e-07
5.49552893802e-10	-5.71407383632e-07
5.53192160439e-10	-5.69179348986e-07
5.56831427076e-10	-5.03326532453e-07
5.60470693713e-10	-3.72651754788e-07
5.6410996035e-10	-1.85073417924e-07
5.67749226987e-10	4.08380280703e-08
5.71388493624e-10	2.77466654097e-07
5.75027760261e-10	4.92937260788e-07
5.78667026898e-10	6.57837006202e-07
5.82306293535e-10	7.51674747335e-07
5.85945560172e-10	7.66832499721e-07
5.89584826809e-10	7.08660536475e-07
5.93224093447e-10	5.91839295794e-07
5.96863360084e-10	4.34594369381e-07
6.00502626721e-10	2.53183600307e-07
6.04141893358e-10	5.88532387269e-08
6.07781159995e-10	-1.41680359889e-07
6.11420426632e-10	-3.42774569617e-07
6.15059693269e-10	-5.35395599854e-07
6.18698959906e-10	-7.04158082954e-07
6.22338226543e-10	-8.27844814921e-07
6.2597749318e-10	-8.83882933067e-07
6.29616759817e-10	-8.55435018821e-07
6.33256026455e-10	-7.3837469472e-07
6.36895293092e-10	-5.45146292552e-07
6.40534559729e-10	-3.03516486611e-07
6.44173826366e-10	-5.02314065898e-08
6.47813093003e-10	1.78339234935e-07
6.5145235964e-10	3.55170527655e-07
6.55091626277e-10	4.67872951049e-07
6.58730892914e-10	5.18507022207e-07
6.62370159551e-10	5.18372132774e-07
6.66009426188e-10	4.80283176785e-07
6.69648692825e-10	4.11851488025e-07
6.73287959462e-10	3.12780514378e-07
6.769272261e-10	1.77401602741e-07
6.80566492737e-10	1.31210953214e-09
6.84205759374e-10	-2.10981028204e-07
6.87845026011e-10	-4.41169078158e-07
6.91484292648e-10	-6.57818304717e-07
6.95123559285e-10	-8.23137952466e-07
6.98762825922e-10	-9.0369718464e-07
7.02402092559e-10	-8.81036839928e-07
7.06041359196e-10	-7.57907457682e-07
7.09680625833e-10	-5.57487965125e-07
7.1331989247e-10	-3.15777612059e-07
7.16959159108e-10	-7.01301416939e-08
7.20598425745e-10	1.51542721483e-07
7.24237692382e-10	3.36735922701e-07
7.27876959019e-10	4.87399631766e-07
7.31516225656e-10	6.1292104192e-07
7.35155492293e-10	7.20420302969e-07
7.3879475893e-10	8.06889147498e-07
7.42434025567e-10	8.56940289395e-07
7.46073292204e-10	8.4753878582e-07
7.49712558841e-10	7.58013982249e-07
7.53351825478e-10	5.81148356105e-07
7.56991092115e-10	3.30372216695e-07
7.60630358753e-10	3.94843624463e-08
7.6426962539e-10	-2.45579911962e-07
7.67908892027e-10	-4.8003437314e-07
7.71548158664e-10	-6.33418267171e-07
7.75187425301e-10	-6.974853477e-07
7.78826691938e-10	-6.85835914283e-07
7.82465958575e-10	-6.2573701598e-07
7.86105225212e-10	-5.45720013179e-07
7.89744491849e-10	-4.64172330794e-07
7.93383758486e-10	-3.83567083873e-07
7.97023025123e-10	-2.92548321568e-07
8.0066229176e-10	-1.74794649865e-07
8.04301558398e-10	-2.06728412167e-08
8.07940825035e-10	1.63605875514e-07
8.11580091672e-10	3.53705047473e-07
8.15219358309e-10	5.13279417191e-07
8.18858624946e-10	6.06333742326e-07
8.22497891583e-10	6.10768893239e-07
8.2613715822e-10	5.2735316558e-07
8.29776424857e-10	3.80189561611e-07
8.33415691494e-10	2.08375681154e-07
8.37054958131e-10	5.22595300367e-08
8.40694224768e-10	-6.01201435302e-08
8.44333491406e-10	-1.21077107451e-07
8.47972758043e-10	-1.42896183775e-07
8.5161202468e-10	-1.49590150045e-07
8.55251291317e-10	-1.64467792274e-07
8.58890557954e-10	-1.987728524e-07
8.62529824591e-10	-2.46168553986e-07
8.66169091228e-10	-2.85433884528e-07
8.69808357865e-10	-2.90314005724e-07
8.73447624502e-10	-2.42313944909e-07
8.77086891139e-10	-1.40776464264e-07
8.80726157776e-10	-5.59907675779e-09
8.84365424413e-10	1.28881225692e-07
8.88004691051e-10	2.26387243174e-07
8.91643957688e-10	2.62280423158e-07
8.95283224325e-10	2.32529018263e-07
8.98922490962e-10	1.54483075221e-07
9.02561757599e-10	5.94262736797e-08
9.06201024236e-10	-1.97952303438e-08
9.09840290873e-10	-6.10197190554e-08
9.1347955751e-10	-6.01585270488e-08
9.17118824147e-10	-3.10548600169e-08
9.20758090784e-10	1.8929213752e-09
9.24397357421e-10	1.52242023432e-08
9.28036624059e-10	-2.77735612286e-09
9.31675890696e-10	-4.66042209268e-08
9.35315157333e-10	-9.58336698886e-08
9.3895442397e-10	-1.24306680505e-07
9.42593690607e-10	-1.12111010253e-07
9.46232957244e-10	-5.49796368432e-08
9.49872223881e-10	3.30900604695e-08
9.53511490518e-10	1.25021927033e-07
9.57150757155e-10	1.91201394273e-07
9.60790023792e-10	2.10777244547e-07
9.64429290429e-10	1.79160636549e-07
9.68068557066e-10	1.09061481623e-07
9.71707823704e-10	2.50571687843e-08
9.75347090341e-10	-4.59637057304e-08
9.78986356978e-10	-8.47844603413e-08
9.82625623615e-10	-8.65186819965e-08
9.86264890252e-10	-6.14011526068e-08
9.89904156889e-10	-2.93837416621e-08
9.93543423526e-10	-1.08024060808e-08
9.97182690163e-10	-1.717183018e-08
1.0008219568e-09	-4.62402738322e-08
1.00446122344e-09	-8.34904909652e-08
1.00810049007e-09	-1.09192995978e-07
1.01173975671e-09	-1.07548906669e-07
1.01537902335e-09	-7.37265253292e-08
1.01901828999e-09	-1.59121622545e-08
1.02265755662e-09	4.80090207589e-08
1.02629682326e-09	9.73274296712e-08
1.0299360899e-09	1.16079384327e-07
1.03357535653e-09	9.86157218108e-08
1.03721462317e-09	5.14112592498e-08
1.04085388981e-09	-9.41418143441e-09
1.04449315645e-09	-6.40443573729e-08
1.04813242308e-09	-9.62702628726e-08
1.05177168972e-09	-9.92825093249e-08
1.05541095636e-09	-7.74883730514e-08
1.05905022299e-09	-4.3542833339e-08
1.06268948963e-09	-1.20911920476e-08
1.06632875627e-09	6.69275479481e-09
1.0699680229e-09	1.07757962553e-08
1.07360728954e-09	5.81098191788e-09
1.07724655618e-09	1.40985845221e-09
1.08088582282e-09	6.32484509211e-09
1.08452508945e-09	2.46395508441e-08
1.08816435609e-09	5.41070583893e-08
1.09180362273e-09	8.6754802453e-08
1.09544288936e-09	1.11339886644e-07
1.099082156e-09	1.17049161474e-07
1.10272142264e-09	9.74791447561e-08
1.10636068928e-09	5.35151762904e-08
1.10999995591e-09	-6.27787954954e-09
1.11363922255e-09	-6.82905181293e-08
1.11727848919e-09	-1.18559029261e-07
1.12091775582e-09	-1.47361944869e-07
1.12455702246e-09	-1.5165656464e-07
1.1281962891e-09	-1.34583487466e-07
1.13183555574e-09	-1.02921141831e-07
1.13547482237e-09	-6.41630464315e-08
1.13911408901e-09	-2.44556712659e-08
1.14275335565e-09	1.23569856569e-08
1.14639262228e-09	4.49605863651e-08
1.15003188892e-09	7.42888204286e-08
1.15367115556e-09	1.02507023314e-07
1.15731042219e-09	1.31123471192e-07
1.16094968883e-09	1.58831966246e-07
1.16458895547e-09	1.80385328008e-07
1.16822822211e-09	1.87642086757e-07
1.17186748874e-09	1.72682405264e-07
1.17550675538e-09	1.31497216671e-07
1.17914602202e-09	6.63001600287e-08
1.18278528865e-09	-1.46276022406e-08
1.18642455529e-09	-9.9179843005e-08
1.19006382193e-09	-1.74443258061e-07
1.19370308857e-09	-2.29352650649e-07
1.1973423552e-09	-2.56604636206e-07
1.20098162184e-09	-2.53913839288e-07
1.20462088848e-09	-2.24456243814e-07
1.20826015511e-09	-1.75941693215e-07
1.21189942175e-09	-1.18002979832e-07
1.21553868839e-09	-5.86368997801e-08
1.21917795503e-09	-1.48582834925e-09
1.22281722166e-09	5.43268576791e-08
1.2264564883e-09	1.11524947499e-07
1.23009575494e-09	1.70746432104e-07
1.23373502157e-09	2.27791545626e-07
1.23737428821e-09	2.73706405096e-07
1.24101355485e-09	2.97538008454e-07
1.24465282149e-09	2.90177467832e-07
1.24829208812e-09	2.47530152819e-07
1.25193135476e-09	1.720990781e-07
1.2555706214e-09	7.29466975713e-08
1.25920988803e-09	-3.57702596432e-08
1.26284915467e-09	-1.37631744224e-07
1.26648842131e-09	-2.17892676346e-07
1.27012768794e-09	-2.67483045491e-07
1.27376695458e-09	-2.85273415557e-07
1.27740622122e-09	-2.77145574046e-07
1.28104548786e-09	-2.52019901836e-07
1.28468475449e-09	-2.1690047447e-07
1.28832402113e-09	-1.73791946168e-07
1.29196328777e-09	-1.20184395769e-07
1.2956025544e-09	-5.25513961236e-08
1.29924182104e-09	2.94416580005e-08
1.30288108768e-09	1.20445491802e-07
1.30652035432e-09	2.09700289133e-07
1.31015962095e-09	2.8351638548e-07
1.31379888759e-09	3.28716936338e-07
1.31743815423e-09	3.35983202149e-07
1.32107742086e-09	3.02496488302e-07
1.3247166875e-09	2.33289284779e-07
1.32835595414e-09	1.40515965086e-07
1.33199522078e-09	4.0240145438e-08
1.33563448741e-09	-5.24823668968e-08
1.33927375405e-09	-1.28113939013e-07
1.34291302069e-09	-1.84366029998e-07
1.34655228732e-09	-2.24200434218e-07
1.35019155396e-09	-2.51411449881e-07
1.3538308206e-09	-2.66601460908e-07
1.35747008723e-09	-2.65996277449e-07
1.36110935387e-09	-2.43553415658e-07
1.36474862051e-09	-1.94791667241e-07
1.36838788715e-09	-1.2005922656e-07
1.37202715378e-09	-2.57535770487e-08
1.37566642042e-09	7.65952066217e-08
1.37930568706e-09	1.72643964902e-07
1.38294495369e-09	2.48238194445e-07
1.38658422033e-09	2.92591238349e-07
1.39022348697e-09	3.00997470504e-07
1.39386275361e-09	2.76028941926e-07
1.39750202024e-09	2.2625017948e-07
1.40114128688e-09	1.62578032814e-07
1.40478055352e-09	9.39418569601e-08
1.40841982015e-09	2.46539251236e-08
1.41205908679e-09	-4.4965315027e-08
1.41569835343e-09	-1.15256149513e-07
1.41933762007e-09	-1.83537252951e-07
1.4229768867e-09	-2.42581336352e-07
1.42661615334e-09	-2.82232633708e-07
1.43025541998e-09	-2.93090295145e-07
1.43389468661e-09	-2.70143516445e-07
1.43753395325e-09	-2.14691468159e-07
1.44117321989e-09	-1.3413165334e-07
1.44481248652e-09	-4.01833872843e-08
1.44845175316e-09	5.37245838927e-08
1.4520910198e-09	1.35383032784e-07
1.45573028644e-09	1.9650018146e-07
1.45936955307e-09	2.34279013966e-07
1.46300881971e-09	2.50933538837e-07
1.46664808635e-09	2.51004394158e-07
1.47028735298e-09	2.3774768465e-07
1.47392661962e-09	2.10785714216e-07
1.47756588626e-09	1.66716560557e-07
1.4812051529e-09	1.02523358692e-07
1.48484441953e-09	1.97050376016e-08
1.48848368617e-09	-7.35362775117e-08
1.49212295281e-09	-1.63520581964e-07
1.49576221944e-09	-2.35108842617e-07
1.49940148608e-09	-2.76421076251e-07
1.50304075272e-09	-2.82128780782e-07
1.50668001936e-09	-2.54296850244e-07
1.51031928599e-09	-2.00995359023e-07
1.51395855263e-09	-1.33507867872e-07
1.51759781927e-09	-6.30005914104e-08
1.5212370859e-09	2.49967335719e-09
1.52487635254e-09	5.98559779519e-08
1.52851561918e-09	1.10393656882e-07
1.53215488581e-09	1.5713214907e-07
1.53579415245e-09	2.00845107656e-07
1.53943341909e-09	2.37184849539e-07
1.54307268573e-09	2.56886210082e-07
1.54671195236e-09	2.49436993727e-07
1.550351219e-09	2.08461329976e-07
1.55399048564e-09	1.35893486686e-07
1.55762975227e-09	4.26512727358e-08
1.56126901891e-09	-5.45183311829e-08
1.56490828555e-09	-1.38390333859e-07
1.56854755219e-09	-1.96349901671e-07
1.57218681882e-09	-2.23332307314e-07
1.57582608546e-09	-2.21970523739e-07
1.5794653521e-09	-2.00349091983e-07
1.58310461873e-09	-1.68335120065e-07
1.58674388537e-09	-1.33674788572e-07
1.59038315201e-09	-9.91924480331e-08
1.59402241865e-09	-6.23413853873e-08
1.59766168528e-09	-1.76279577602e-08
1.60130095192e-09	3.89235950138e-08
1.60494021856e-09	1.05435589148e-07
1.60857948519e-09	1.72490913997e-07
1.61221875183e-09	2.25423434586e-07
1.61585801847e-09	2.49766515026e-07
1.6194972851e-09	2.37232072209e-07
1.62313655174e-09	1.89267424844e-07
1.62677581838e-09	1.16604297773e-07
1.63041508502e-09	3.52860176633e-08
1.63405435165e-09	-3.88148606589e-08
1.63769361829e-09	-9.46756344433e-08
1.64133288493e-09	-1.28471953076e-07
1.64497215156e-09	-1.43194625934e-07
1.6486114182e-09	-1.45987073097e-07
1.65225068484e-09	-1.44246527611e-07
1.65588995148e-09	-1.41885465155e-07
1.65952921811e-09	-1.37273246992e-07
1.66316848475e-09	-1.23997011769e-07
1.66680775139e-09	-9.44353288901e-08
1.67044701802e-09	-4.46354704309e-08
1.67408628466e-09	2.19731646212e-08
1.6777255513e-09	9.41913640418e-08
1.68136481794e-09	1.56483523028e-07
1.68500408457e-09	1.94661112118e-07
1.68864335121e-09	2.01074598749e-07
1.69228261785e-09	1.76937234642e-07
1.69592188448e-09	1.31039669782e-07
1.69956115112e-09	7.58802300993e-08
1.70320041776e-09	2.31561703146e-08
1.70683968439e-09	-1.96144629427e-08
1.71047895103e-09	-5.04073938146e-08
1.71411821767e-09	-7.18752488638e-08
1.71775748431e-09	-8.88878304295e-08
1.72139675094e-09	-1.05342763845e-07
1.72503601758e-09	-1.21466342762e-07
1.72867528422e-09	-1.32886455617e-07
1.73231455085e-09	-1.3222526718e-07
1.73595381749e-09	-1.12764141136e-07
1.73959308413e-09	-7.24702573507e-08
1.74323235077e-09	-1.6209288134e-08
1.7468716174e-09	4.52316761823e-08
1.75051088404e-09	9.89379884686e-08
1.75415015068e-09	1.3455196779e-07
1.75778941731e-09	1.47539154227e-07
1.76142868395e-09	1.39689291245e-07
1.76506795059e-09	1.17120649179e-07
1.76870721723e-09	8.7181518893e-08
1.77234648386e-09	5.5775831953e-08
1.7759857505e-09	2.59913655043e-08
1.77962501714e-09	-1.87028348364e-09
1.78326428377e-09	-2.91825266174e-08
1.78690355041e-09	-5.72377487629e-08
1.79054281705e-09	-8.54427000263e-08
1.79418208369e-09	-1.10266633158e-07
1.79782135032e-09	-1.25729940237e-07
1.80146061696e-09	-1.25624112002e-07
1.8050998836e-09	-1.06596559135e-07
1.80873915023e-09	-7.04418923192e-08
1.81237841687e-09	-2.41172095627e-08
1.81601768351e-09	2.275298705e-08
1.81965695014e-09	6.15883166688e-08
1.82329621678e-09	8.77478001371e-08
1.82693548342e-09	1.01169689515e-07
1.83057475006e-09	1.04769185327e-07
1.83421401669e-09	1.01885525794e-07
1.83785328333e-09	9.43161140299e-08
1.84149254997e-09	8.17799303832e-08
1.8451318166e-09	6.268518149e-08
1.84877108324e-09	3.55514551131e-08
1.85241034988e-09	4.71580996475e-10
1.85604961652e-09	-3.98040356231e-08
1.85968888315e-09	-7.9558688526e-08
1.86332814979e-09	-1.11015268089e-07
1.86696741643e-09	-1.2659856452e-07
1.87060668306e-09	-1.21920848528e-07
1.8742459497e-09	-9.80510606041e-08
1.87788521634e-09	-6.15956992078e-08
1.88152448298e-09	-2.21455813687e-08
1.88516374961e-09	1.17615250872e-08
1.88880301625e-09	3.59961056517e-08
1.89244228289e-09	5.16943643447e-08
1.89608154952e-09	6.33050376564e-08
1.89972081616e-09	7.51494582119e-08
1.9033600828e-09	8.84873614382e-08
1.90699934943e-09	1.00491199362e-07
1.91063861607e-09	1.05353535673e-07
1.91427788271e-09	9.6778073555e-08
1.91791714935e-09	7.08109766379e-08
1.92155641598e-09	2.81130603241e-08
1.92519568262e-09	-2.50771137189e-08
1.92883494926e-09	-7.78899718057e-08
1.93247421589e-09	-1.17849481285e-07
1.93611348253e-09	-1.35229953457e-07
1.93975274917e-09	-1.26977127479e-07
1.94339201581e-09	-9.81415269052e-08
1.94703128244e-09	-5.97562603843e-08
1.95067054908e-09	-2.39503989974e-08
1.95430981572e-09	1.28509025643e-09
1.95794908235e-09	1.50271031174e-08
1.96158834899e-09	2.27088889915e-08
1.96522761563e-09	3.24127960027e-08
1.96886688227e-09	5.02177464057e-08
1.9725061489e-09	7.67825838466e-08
1.97614541554e-09	1.06451516046e-07
1.97978468218e-09	1.29011667127e-07
1.98342394881e-09	1.33389931989e-07
1.98706321545e-09	1.1209715467e-07
1.99070248209e-09	6.49393072649e-08
1.99434174872e-09	4.30526725381e-10
1.99798101536e-09	-6.61488286369e-08
2.001620282e-09	-1.17824917822e-07
2.00525954864e-09	-1.42276462611e-07
2.00889881527e-09	-1.36588923283e-07
2.01253808191e-09	-1.08029468038e-07
2.01617734855e-09	-7.03791016576e-08
2.01981661518e-09	-3.76079789532e-08
2.02345588182e-09	-1.79654069399e-08
2.02709514846e-09	-1.11378684053e-08
2.0307344151e-09	-9.42667899295e-09
2.03437368173e-09	-2.04881445143e-09
2.03801294837e-09	1.94544131915e-08
2.04165221501e-09	5.68423601521e-08
2.04529148164e-09	1.03412261865e-07
2.04893074828e-09	1.45593119782e-07
2.05257001492e-09	1.67594691902e-07
2.05620928156e-09	1.57637373377e-07
2.05984854819e-09	1.1336268102e-07
2.06348781483e-09	4.38894964816e-08
2.06712708147e-09	-3.28268860983e-08
2.0707663481e-09	-9.65338955439e-08
2.07440561474e-09	-1.32339692982e-07
2.07804488138e-09	-1.36033833087e-07
2.08168414801e-09	-1.14744935331e-07
2.08532341465e-09	-8.29016002513e-08
2.08896268129e-09	-5.55486181497e-08
2.09260194793e-09	-4.20165022774e-08
2.09624121456e-09	-4.24502388796e-08
2.0998804812e-09	-4.83204090074e-08
2.10351974784e-09	-4.6548059629e-08
2.10715901447e-09	-2.56401069265e-08
2.11079828111e-09	1.84874160425e-08
2.11443754775e-09	7.93755532413e-08
2.11807681439e-09	1.41196409231e-07
2.12171608102e-09	1.84202974651e-07
2.12535534766e-09	1.92458585957e-07
2.1289946143e-09	1.60569243235e-07
2.13263388093e-09	9.63157873457e-08
2.13627314757e-09	1.78925283478e-08
2.13991241421e-09	-5.30434647317e-08
2.14355168085e-09	-9.94612321392e-08
2.14719094748e-09	-1.14770244863e-07
2.15083021412e-09	-1.04165685855e-07
2.15446948076e-09	-8.13075118344e-08
2.15810874739e-09	-6.19045366079e-08
2.16174801403e-09	-5.68200988482e-08
2.16538728067e-09	-6.73753248748e-08
2.1690265473e-09	-8.47072954002e-08
2.17266581394e-09	-9.36093158543e-08
2.17630508058e-09	-7.94735086629e-08
2.17994434722e-09	-3.55002995889e-08
2.18358361385e-09	3.30330927056e-08
2.18722288049e-09	1.095865656e-07
2.19086214713e-09	1.72156532585e-07
2.19450141376e-09	2.01650266263e-07
2.1981406804e-09	1.89251522897e-07
2.20177994704e-09	1.39677851507e-07
2.20541921368e-09	6.91171848644e-08
2.20905848031e-09	-1.10719433621e-09
2.21269774695e-09	-5.2507218129e-08
2.21633701359e-09	-7.59185354582e-08
2.21997628022e-09	-7.41019761108e-08
2.22361554686e-09	-5.95511657764e-08
2.2272548135e-09	-4.83737920831e-08
2.23089408014e-09	-5.27081382984e-08
2.23453334677e-09	-7.48622426272e-08
2.23817261341e-09	-1.05802442363e-07
2.24181188005e-09	-1.28852917669e-07
2.24545114668e-09	-1.27105593606e-07
2.24909041332e-09	-9.12852087254e-08
2.25272967996e-09	-2.45771101248e-08
2.25636894659e-09	5.77147751812e-08
2.26000821323e-09	1.33490090093e-07
2.26364747987e-09	1.81882256811e-07
2.26728674651e-09	1.90771501707e-07
2.27092601314e-09	1.60906665769e-07
2.27456527978e-09	1.05167245579e-07
2.27820454642e-09	4.33295035407e-08
2.28184381305e-09	-5.65999513924e-09
2.28548307969e-09	-3.08869338994e-08
2.28912234633e-09	-3.32162386485e-08
2.29276161297e-09	-2.39638584532e-08
2.2964008796e-09	-1.89973388132e-08
2.30004014624e-09	-3.08518721681e-08
2.30367941288e-09	-6.24335854127e-08
2.30731867951e-09	-1.05153887375e-07
2.31095794615e-09	-1.42294666716e-07
2.31459721279e-09	-1.56029571485e-07
2.31823647943e-09	-1.35012911073e-07
2.32187574606e-09	-7.94108174773e-08
2.3255150127e-09	-1.45495793191e-09
2.32915427934e-09	7.85956970617e-08
2.33279354597e-09	1.39521574738e-07
2.33643281261e-09	1.66624715803e-07
2.34007207925e-09	1.56814678576e-07
2.34371134589e-09	1.19259397025e-07
2.34735061252e-09	7.12267578251e-08
2.35098987916e-09	3.07285752399e-08
2.3546291458e-09	9.088153341e-09
2.35826841243e-09	6.71007249764e-09
2.36190767907e-09	1.38844855613e-08
2.36554694571e-09	1.61134270371e-08
2.36918621234e-09	1.38537004091e-09
2.37282547898e-09	-3.39211396749e-08
2.37646474562e-09	-8.2949895841e-08
2.38010401226e-09	-1.30748887273e-07
2.38374327889e-09	-1.59958702284e-07
2.38738254553e-09	-1.57522393351e-07
2.39102181217e-09	-1.19936998999e-07
2.3946610788e-09	-5.51048415787e-08
2.39830034544e-09	2.00279188789e-08
2.40193961208e-09	8.53555945923e-08
2.40557887872e-09	1.2488004586e-07
2.40921814535e-09	1.32424901267e-07
2.41285741199e-09	1.13309106098e-07
2.41649667863e-09	8.12275402495e-08
2.42013594526e-09	5.17908631537e-08
2.4237752119e-09	3.57347964552e-08
2.42741447854e-09	3.48215216661e-08
2.43105374518e-09	4.19932000284e-08
2.43469301181e-09	4.53159607616e-08
2.43833227845e-09	3.37272574313e-08
2.44197154509e-09	2.17130713409e-09
2.44561081172e-09	-4.57452635771e-08
2.44925007836e-09	-9.84374324275e-08
2.452889345e-09	-1.40129841952e-07
2.45652861163e-09	-1.56523384476e-07
2.46016787827e-09	-1.40344184274e-07
2.46380714491e-09	-9.45466354096e-08
2.46744641155e-09	-3.16318775617e-08
2.47108567818e-09	3.09017096356e-08
2.47472494482e-09	7.71379546904e-08
2.47836421146e-09	9.84704655593e-08
2.48200347809e-09	9.59992831895e-08
2.48564274473e-09	7.87810137126e-08
2.48928201137e-09	5.90770241615e-08
2.49292127801e-09	4.6922636443e-08
2.49656054464e-09	4.62536853263e-08
2.50019981128e-09	5.38365974023e-08
2.50383907792e-09	6.10451991179e-08
2.50747834455e-09	5.76584433531e-08
2.51111761119e-09	3.63654741875e-08
2.51475687783e-09	-3.57061313849e-09
2.51839614447e-09	-5.4948010586e-08
2.5220354111e-09	-1.04426106873e-07
2.52567467774e-09	-1.37146344059e-07
2.52931394438e-09	-1.42435823136e-07
2.53295321101e-09	-1.18112893688e-07
2.53659247765e-09	-7.13974372957e-08
2.54023174429e-09	-1.60104747238e-08
2.54387101092e-09	3.31183720448e-08
2.54751027756e-09	6.51432969789e-08
2.5511495442e-09	7.64915242257e-08
2.55478881084e-09	7.10300795959e-08
2.55842807747e-09	5.7605635817e-08
2.56206734411e-09	4.61248852446e-08
2.56570661075e-09	4.35406874999e-08
2.56934587738e-09	5.1019767966e-08
2.57298514402e-09	6.32908978559e-08
2.57662441066e-09	7.0646144934e-08
2.5802636773e-09	6.3142408635e-08
2.58390294393e-09	3.54280196291e-08
2.58754221057e-09	-9.97538762704e-09
2.59118147721e-09	-6.26773584145e-08
2.59482074384e-09	-1.0796233596e-07
2.59846001048e-09	-1.32358024985e-07
2.60209927712e-09	-1.28740026639e-07
2.60573854376e-09	-9.88107018429e-08
2.60937781039e-09	-5.21296925626e-08
2.61301707703e-09	-2.41525244249e-09
2.61665634367e-09	3.72812891669e-08
2.6202956103e-09	5.88163686643e-08
2.62393487694e-09	6.13051938103e-08
2.62757414358e-09	5.09025923634e-08
2.63121341021e-09	3.80037121772e-08
2.63485267685e-09	3.26813527352e-08
2.63849194349e-09	4.00375874676e-08
2.64213121013e-09	5.75035770112e-08
2.64577047676e-09	7.55647775463e-08
2.6494097434e-09	8.19030034904e-08
2.65304901004e-09	6.7181879615e-08
2.65668827667e-09	2.97735969212e-08
2.66032754331e-09	-2.28160406124e-08
2.66396680995e-09	-7.64639906947e-08
2.66760607659e-09	-1.15667091904e-07
2.67124534322e-09	-1.29209126953e-07
2.67488460986e-09	-1.14059318435e-07
2.6785238765e-09	-7.62063407933e-08
2.68216314313e-09	-2.83294738779e-08
2.68580240977e-09	1.48077781148e-08
2.68944167641e-09	4.16910737044e-08
2.69308094305e-09	4.82203432739e-08
2.69672020968e-09	3.90272063555e-08
2.70035947632e-09	2.51627980674e-08
2.70399874296e-09	1.88639788234e-08
2.70763800959e-09	2.76098965912e-08
2.71127727623e-09	5.02505344002e-08
2.71491654287e-09	7.71567556512e-08
2.7185558095e-09	9.44398195202e-08
2.72219507614e-09	9.0259668184e-08
2.72583434278e-09	6.02937930694e-08
2.72947360942e-09	9.97676607994e-09
2.73311287605e-09	-4.73081165353e-08
2.73675214269e-09	-9.51296783569e-08
2.74039140933e-09	-1.19955586797e-07
2.74403067596e-09	-1.15938846079e-07
2.7476699426e-09	-8.68518270636e-08
2.75130920924e-09	-4.44852616965e-08
2.75494847588e-09	-4.02346600481e-09
2.75858774251e-09	2.1971212405e-08
2.76222700915e-09	2.85526287058e-08
2.76586627579e-09	2.01384402487e-08
2.76950554242e-09	8.0612512221e-09
2.77314480906e-09	4.87399276494e-09
2.7767840757e-09	1.80498354041e-08
2.78042334234e-09	4.61009648234e-08
2.78406260897e-09	7.89483607377e-08
2.78770187561e-09	1.02319674511e-07
2.79134114225e-09	1.04028330838e-07
2.79498040888e-09	7.9278066778e-08
2.79861967552e-09	3.2826765306e-08
2.80225894216e-09	-2.26964793626e-08
2.80589820879e-09	-7.14515095979e-08
2.80953747543e-09	-1.00151588356e-07
2.81317674207e-09	-1.0280415097e-07
2.81681600871e-09	-8.26527610798e-08
2.82045527534e-09	-5.05178192611e-08
2.82409454198e-09	-2.0090274333e-08
2.82773380862e-09	-2.02433492191e-09
2.83137307525e-09	5.73263214676e-10
2.83501234189e-09	-6.8726850877e-09
2.83865160853e-09	-1.34869910795e-08
2.84229087517e-09	-8.65635119141e-09
2.8459301418e-09	1.2431526919e-08
2.84956940844e-09	4.61077114267e-08
2.85320867508e-09	8.15846803448e-08
2.85684794171e-09	1.05579459841e-07
2.86048720835e-09	1.07947940364e-07
2.86412647499e-09	8.58496633782e-08
2.86776574163e-09	4.48582504475e-08
2.87140500826e-09	-3.23057491869e-09
2.8750442749e-09	-4.48746213522e-08
2.87868354154e-09	-6.97782596148e-08
2.88232280817e-09	-7.45189581153e-08
2.88596207481e-09	-6.33661585425e-08
2.88960134145e-09	-4.58854216845e-08
2.89324060809e-09	-3.22780238093e-08
2.89687987472e-09	-2.8500828364e-08
2.90051914136e-09	-3.35019620934e-08
2.904158408e-09	-3.99890289771e-08
2.90779767463e-09	-3.83923541847e-08
2.91143694127e-09	-2.20365858894e-08
2.91507620791e-09	9.09394959336e-09
2.91871547454e-09	4.7836881123e-08
2.92235474118e-09	8.27148554094e-08
2.92599400782e-09	1.02698571425e-07
2.92963327446e-09	1.01638462979e-07
2.93327254109e-09	8.05100199841e-08
2.93691180773e-09	4.6736353454e-08
2.94055107437e-09	1.10499058792e-08
2.944190341e-09	-1.67620193281e-08
2.94782960764e-09	-3.15398978046e-08
2.95146887428e-09	-3.44006103603e-08
2.95510814092e-09	-3.16173398573e-08
2.95874740755e-09	-3.11232355443e-08
2.96238667419e-09	-3.81815254968e-08
2.96602594083e-09	-5.2307584042e-08
2.96966520746e-09	-6.7092763345e-08
2.9733044741e-09	-7.31900158257e-08
2.97694374074e-09	-6.30450429639e-08
2.98058300738e-09	-3.49932491872e-08
2.98422227401e-09	5.35739808072e-09
2.98786154065e-09	4.71442653804e-08
2.99150080729e-09	7.86386991081e-08
2.99514007392e-09	9.19086318163e-08
2.99877934056e-09	8.57044639702e-08
3.0024186072e-09	6.54606040484e-08
3.00605787383e-09	4.06003657361e-08
3.00969714047e-09	2.03885317518e-08
3.01333640711e-09	1.00464347952e-08
3.01697567375e-09	8.71838512495e-09
3.02061494038e-09	1.01914281458e-08
3.02425420702e-09	6.16195183767e-09
3.02789347366e-09	-9.29098575853e-09
3.03153274029e-09	-3.60897551843e-08
3.03517200693e-09	-6.72798918799e-08
3.03881127357e-09	-9.15537583523e-08
3.04245054021e-09	-9.81717533932e-08
3.04608980684e-09	-8.19832735033e-08
3.04972907348e-09	-4.60878766262e-08
3.05336834012e-09	-8.38053182406e-10
3.05700760675e-09	4.03392164117e-08
3.06064687339e-09	6.6348796679e-08
3.06428614003e-09	7.26282394226e-08
3.06792540667e-09	6.24240215075e-08
3.0715646733e-09	4.47708430329e-08
3.07520393994e-09	3.01657294699e-08
3.07884320658e-09	2.58100829598e-08
3.08248247321e-09	3.23852162865e-08
3.08612173985e-09	4.37363212313e-08
3.08976100649e-09	4.970842582e-08
3.09340027312e-09	4.101821105e-08
3.09703953976e-09	1.407322614e-08
3.1006788064e-09	-2.65250008624e-08
3.10431807304e-09	-6.91638035732e-08
3.10795733967e-09	-9.97393527769e-08
3.11159660631e-09	-1.07556402895e-07
3.11523587295e-09	-8.99028691492e-08
3.11887513958e-09	-5.31741406462e-08
3.12251440622e-09	-1.00939772096e-08
3.12615367286e-09	2.56296992518e-08
3.1297929395e-09	4.47961525651e-08
3.13343220613e-09	4.59881839276e-08
3.13707147277e-09	3.54030653682e-08
3.14071073941e-09	2.34979360414e-08
3.14435000604e-09	1.99714058624e-08
3.14798927268e-09	2.92266832957e-08
3.15162853932e-09	4.82118132084e-08
3.15526780596e-09	6.75882603218e-08
3.15890707259e-09	7.58301013093e-08
3.16254633923e-09	6.45446363023e-08
3.16618560587e-09	3.26713482934e-08
3.1698248725e-09	-1.24092238707e-08
3.17346413914e-09	-5.75034526662e-08
3.17710340578e-09	-8.88654980713e-08
3.18074267241e-09	-9.77345564479e-08
3.18438193905e-09	-8.36651565805e-08
3.18802120569e-09	-5.42261702208e-08
3.19166047233e-09	-2.13644284486e-08
3.19529973896e-09	3.78941322765e-09
3.1989390056e-09	1.53565000716e-08
3.20257827224e-09	1.45573260113e-08
3.20621753887e-09	8.3873459289e-09
3.20985680551e-09	5.88520077116e-09
3.21349607215e-09	1.36654865202e-08
3.21713533879e-09	3.26328617462e-08
3.22077460542e-09	5.72715705971e-08
3.22441387206e-09	7.78328868023e-08
3.2280531387e-09	8.45397778448e-08
3.23169240533e-09	7.19861077414e-08
3.23533167197e-09	4.17449115275e-08
3.23897093861e-09	1.97428651205e-09
3.24261020525e-09	-3.58511229592e-08
3.24624947188e-09	-6.15793567249e-08
3.24988873852e-09	-7.02497828797e-08
3.25352800516e-09	-6.35038546193e-08
3.25716727179e-09	-4.8057447799e-08
3.26080653843e-09	-3.21503570433e-08
3.26444580507e-09	-2.17501447963e-08
3.2680850717e-09	-1.81973298652e-08
3.27172433834e-09	-1.81923613951e-08
3.27536360498e-09	-1.59338977568e-08
3.27900287162e-09	-6.30470209373e-09
3.28264213825e-09	1.23313004252e-08
3.28628140489e-09	3.69402854972e-08
3.28992067153e-09	6.07748873449e-08
3.29355993816e-09	7.60797576049e-08
3.2971992048e-09	7.73838877421e-08
3.30083847144e-09	6.38941131115e-08
3.30447773808e-09	3.98446253769e-08
3.30811700471e-09	1.26227011066e-08
3.31175627135e-09	-1.04477315688e-08
3.31539553799e-09	-2.51008902552e-08
3.31903480462e-09	-3.14545012259e-08
3.32267407126e-09	-3.31265397335e-08
3.3263133379e-09	-3.472120369e-08
3.32995260454e-09	-3.90480714429e-08
3.33359187117e-09	-4.54976749609e-08
3.33723113781e-09	-5.03043864342e-08
3.34087040445e-09	-4.84877382689e-08
3.34450967108e-09	-3.65059129592e-08
3.34814893772e-09	-1.43512064454e-08
3.35178820436e-09	1.3868882931e-08
3.35542747099e-09	4.11780902709e-08
3.35906673763e-09	6.03511836061e-08
3.36270600427e-09	6.68029755957e-08
3.36634527091e-09	6.04629093459e-08
3.36998453754e-09	4.5719158237e-08
3.37362380418e-09	2.9338242058e-08
3.37726307082e-09	1.72790528552e-08
3.38090233745e-09	1.19195497916e-08
3.38454160409e-09	1.10808686671e-08
3.38818087073e-09	9.39316002757e-09
3.39182013737e-09	1.3472218896e-09
3.395459404e-09	-1.54778554418e-08
3.39909867064e-09	-3.8606341235e-08
3.40273793728e-09	-6.12044956938e-08
3.40637720391e-09	-7.47590291894e-08
3.41001647055e-09	-7.27169506831e-08
3.41365573719e-09	-5.35093072074e-08
3.41729500383e-09	-2.16147348908e-08
3.42093427046e-09	1.38544447026e-08
3.4245735371e-09	4.25439381502e-08
3.42821280374e-09	5.68925990763e-08
3.43185207037e-09	5.51091616785e-08
3.43549133701e-09	4.17482901582e-08
3.43913060365e-09	2.55387746506e-08
3.44276987029e-09	1.53281796145e-08
3.44640913692e-09	1.59482365092e-08
3.45004840356e-09	2.59143870807e-08
3.4536876702e-09	3.80650178045e-08
3.45732693683e-09	4.29065423191e-08
3.46096620347e-09	3.3160606705e-08
3.46460547011e-09	7.45989847672e-09
3.46824473674e-09	-2.84628143277e-08
3.47188400338e-09	-6.36554844391e-08
3.47552327002e-09	-8.61389324314e-08
3.47916253666e-09	-8.76877237488e-08
3.48280180329e-09	-6.72398243751e-08
3.48644106993e-09	-3.14983772398e-08
3.49008033657e-09	7.59214024981e-09
3.4937196032e-09	3.75196407276e-08
3.49735886984e-09	5.01301435918e-08
3.50099813648e-09	4.47327757058e-08
3.50463740312e-09	2.80327157043e-08
3.50827666975e-09	1.09106874646e-08
3.51191593639e-09	3.44820949572e-09
3.51555520303e-09	1.03764801196e-08
3.51919446966e-09	2.89338295545e-08
3.5228337363e-09	5.00332077991e-08
3.52647300294e-09	6.2206190421e-08
3.53011226958e-09	5.66323521412e-08
3.53375153621e-09	3.11378336448e-08
3.53739080285e-09	-8.48917736107e-09
3.54103006949e-09	-5.04226953524e-08
3.54466933612e-09	-8.1220015602e-08
3.54830860276e-09	-9.0978012679e-08
3.5519478694e-09	-7.71508723574e-08
3.55558713603e-09	-4.54668054317e-08
3.55922640267e-09	-7.55858842183e-09
3.56286566931e-09	2.37066917208e-08
3.56650493595e-09	3.92543526573e-08
3.57014420258e-09	3.71155337575e-08
3.57378346922e-09	2.27180692036e-08
3.57742273586e-09	6.14807182941e-09
3.58106200249e-09	-2.38133579522e-09
3.58470126913e-09	3.04729685929e-09
3.58834053577e-09	2.15270947734e-08
3.59197980241e-09	4.5655703218e-08
3.59561906904e-09	6.4542568623e-08
3.59925833568e-09	6.82861269752e-08
3.60289760232e-09	5.21365315365e-08
3.60653686895e-09	1.86728463802e-08
3.61017613559e-09	-2.28949659231e-08
3.61381540223e-09	-6.00512137794e-08
3.61745466887e-09	-8.16058118858e-08
3.6210939355e-09	-8.1771631244e-08
3.62473320214e-09	-6.21043412252e-08
3.62837246878e-09	-3.06154106511e-08
3.63201173541e-09	1.48364998065e-09
3.63565100205e-09	2.4043645297e-08
3.63929026869e-09	3.16118438093e-08
3.64292953532e-09	2.51256491168e-08
3.64656880196e-09	1.11186801988e-08
3.6502080686e-09	-1.17885279316e-09
3.65384733524e-09	-3.73342201598e-09
3.65748660187e-09	6.89087498174e-09
3.66112586851e-09	2.79625211874e-08
3.66476513515e-09	5.14951672415e-08
3.66840440178e-09	6.7331335174e-08
3.67204366842e-09	6.72010358471e-08
3.67568293506e-09	4.81295501231e-08
3.6793222017e-09	1.38445077624e-08
3.68296146833e-09	-2.63502819564e-08
3.68660073497e-09	-6.07790227036e-08
3.69024000161e-09	-7.94535282012e-08
3.69387926824e-09	-7.75195090341e-08
3.69751853488e-09	-5.68886164842e-08
3.70115780152e-09	-2.54842458247e-08
3.70479706816e-09	5.65847457779e-09
3.70843633479e-09	2.64452815202e-08
3.71207560143e-09	3.14682466751e-08
3.71571486807e-09	2.19828528714e-08
3.7193541347e-09	5.26647569998e-09
3.72299340134e-09	-8.47641423718e-09
3.72663266798e-09	-1.04660031752e-08
3.73027193461e-09	2.82434253762e-09
3.73391120125e-09	2.79492642363e-08
3.73755046789e-09	5.55996173546e-08
3.74118973453e-09	7.41250616443e-08
3.74482900116e-09	7.41092804901e-08
3.7484682678e-09	5.22602761066e-08
3.75210753444e-09	1.31272575032e-08
3.75574680107e-09	-3.20926361042e-08
3.75938606771e-09	-6.93519410788e-08
3.76302533435e-09	-8.68587406444e-08
3.76666460099e-09	-7.95847512336e-08
3.77030386762e-09	-5.13292270909e-08
3.77394313426e-09	-1.3355936801e-08
3.7775824009e-09	1.99987724159e-08
3.78122166753e-09	3.70366279867e-08
3.78486093417e-09	3.3365552099e-08
3.78850020081e-09	1.35641409216e-08
3.79213946745e-09	-1.08582760561e-08
3.79577873408e-09	-2.63681965151e-08
3.79941800072e-09	-2.31825598718e-08
3.80305726736e-09	4.14994483222e-10
3.80669653399e-09	3.69573349701e-08
3.81033580063e-09	7.24059532331e-08
3.81397506727e-09	9.15886460007e-08
3.8176143339e-09	8.4408149803e-08
3.82125360054e-09	5.03338881686e-08
3.82489286718e-09	-7.85965958983e-10
3.82853213382e-09	-5.21418783705e-08
3.83217140045e-09	-8.63899600745e-08
3.83581066709e-09	-9.24988015072e-08
3.83944993373e-09	-7.01355773458e-08
3.84308920036e-09	-2.97124884696e-08
3.846728467e-09	1.19450138669e-08
3.85036773364e-09	3.85016569737e-08
3.85400700028e-09	4.0730515849e-08
3.85764626691e-09	2.01633625352e-08
3.86128553355e-09	-1.16793685834e-08
3.86492480019e-09	-3.81741678268e-08
3.86856406682e-09	-4.46571526425e-08
3.87220333346e-09	-2.48328397845e-08
3.8758426001e-09	1.61343773897e-08
3.87948186674e-09	6.32678194279e-08
3.88312113337e-09	9.76642056116e-08
3.88676040001e-09	1.04279664015e-07
3.89039966665e-09	7.83556970418e-08
3.89403893328e-09	2.76942966337e-08
3.89767819992e-09	-3.02539930885e-08
3.90131746656e-09	-7.52958158046e-08
3.90495673319e-09	-9.25031855559e-08
3.90859599983e-09	-7.80088953434e-08
3.91223526647e-09	-4.02674409372e-08
3.91587453311e-09	3.65062247099e-09
3.91951379974e-09	3.51759297246e-08
3.92315306638e-09	4.18808561164e-08
3.92679233302e-09	2.25654108732e-08
3.93043159965e-09	-1.23086820736e-08
3.93407086629e-09	-4.50925199402e-08
3.93771013293e-09	-5.85512580642e-08
3.94134939957e-09	-4.34347100509e-08
3.9449886662e-09	-2.75530820382e-09
3.94862793284e-09	4.91382365908e-08
3.95226719948e-09	9.23475056425e-08
3.95590646611e-09	1.09613694121e-07
3.95954573275e-09	9.34213417736e-08
3.96318499939e-09	4.90567906297e-08
3.96682426603e-09	-7.55169082822e-09
3.97046353266e-09	-5.62295809914e-08
3.9741027993e-09	-8.05317199593e-08
3.97774206594e-09	-7.4096774938e-08
3.98138133257e-09	-4.28873327962e-08
3.98502059921e-09	-2.43361020225e-09
3.98865986585e-09	2.88136661197e-08
3.99229913249e-09	3.73065347503e-08
3.99593839912e-09	2.01339460659e-08
3.99957766576e-09	-1.38144002904e-08
4.0032169324e-09	-4.77976378477e-08
4.00685619903e-09	-6.45773212682e-08
4.01049546567e-09	-5.39682076806e-08
4.01413473231e-09	-1.73109100388e-08
4.01777399894e-09	3.29872449356e-08
4.02141326558e-09	7.85111211599e-08
4.02505253222e-09	1.0228082914e-07
4.02869179886e-09	9.54943502052e-08
4.03233106549e-09	6.09078583125e-08
4.03597033213e-09	1.16136451567e-08
4.03960959877e-09	-3.42504726802e-08
4.0432488654e-09	-6.07489596405e-08
4.04688813204e-09	-6.04468297638e-08
4.05052739868e-09	-3.71744377503e-08
4.05416666532e-09	-4.05233535616e-09
4.05780593195e-09	2.24158629436e-08
4.06144519859e-09	2.96146893675e-08
4.06508446523e-09	1.42576102036e-08
4.06872373186e-09	-1.63716435964e-08
4.0723629985e-09	-4.78073793886e-08
4.07600226514e-09	-6.47821849498e-08
4.07964153178e-09	-5.77709116101e-08
4.08328079841e-09	-2.69746163184e-08
4.08692006505e-09	1.7745383829e-08
4.09055933169e-09	6.07853252177e-08
4.09419859832e-09	8.6937376409e-08
4.09783786496e-09	8.73331345019e-08
4.1014771316e-09	6.28771203992e-08
4.10511639823e-09	2.37789201663e-08
4.10875566487e-09	-1.47099292747e-08
4.11239493151e-09	-3.86384222395e-08
4.11603419815e-09	-4.10799358974e-08
4.11967346478e-09	-2.47301681355e-08
4.12331273142e-09	-2.37610375819e-10
4.12695199806e-09	1.88852382621e-08
4.13059126469e-09	2.23787992581e-08
4.13423053133e-09	7.64615837312e-09
4.13786979797e-09	-1.93492617484e-08
4.14150906461e-09	-4.68353036354e-08
4.14514833124e-09	-6.22683913321e-08
4.14878759788e-09	-5.75353595877e-08
4.15242686452e-09	-3.22995106217e-08
4.15606613115e-09	5.73126346382e-09
4.15970539779e-09	4.37174705326e-08
4.16334466443e-09	6.87130352617e-08
4.16698393107e-09	7.28271274397e-08
4.1706231977e-09	5.63675932597e-08
4.17426246434e-09	2.75274167905e-08
4.17790173098e-09	-1.32939381725e-09
4.18154099761e-09	-1.91120292925e-08
4.18518026425e-09	-2.06754009469e-08
4.18881953089e-09	-8.62549143221e-09
4.19245879752e-09	8.40536085178e-09
4.19609806416e-09	1.99910648035e-08
4.1997373308e-09	1.86276807312e-08
4.20337659744e-09	2.9261595369e-09
4.20701586407e-09	-2.18739248936e-08
4.21065513071e-09	-4.60805651414e-08
4.21429439735e-09	-5.94776210505e-08
4.21793366398e-09	-5.55062058538e-08
4.22157293062e-09	-3.40918724362e-08
4.22521219726e-09	-1.92387994424e-09
4.2288514639e-09	3.00917406548e-08
4.23249073053e-09	5.12720852441e-08
4.23612999717e-09	5.55801946689e-08
4.23976926381e-09	4.39975345046e-08
4.24340853044e-09	2.37235351364e-08
4.24704779708e-09	4.63106442083e-09
4.25068706372e-09	-5.25535526208e-09
4.25432633036e-09	-3.12994408169e-09
4.25796559699e-09	7.78351783026e-09
4.26160486363e-09	2.00908996106e-08
4.26524413027e-09	2.57150389871e-08
4.2688833969e-09	1.94717006963e-08
4.27252266354e-09	1.35945610324e-09
4.27616193018e-09	-2.32473098549e-08
4.27980119681e-09	-4.5580385688e-08
4.28344046345e-09	-5.6952607963e-08
4.28707973009e-09	-5.24096108734e-08
4.29071899673e-09	-3.29956861833e-08
4.29435826336e-09	-5.49966694408e-09
4.29799753e-09	2.03678105493e-08
4.30163679664e-09	3.61390419812e-08
4.30527606327e-09	3.81351696888e-08
4.30891532991e-09	2.87154691136e-08
4.31255459655e-09	1.47356935543e-08
4.31619386319e-09	4.11186151794e-09
4.31983312982e-09	2.19309548299e-09
4.32347239646e-09	9.54785672747e-09
4.3271116631e-09	2.19514575406e-08
4.33075092973e-09	3.23772049171e-08
4.33439019637e-09	3.40895880413e-08
4.33802946301e-09	2.36262103215e-08
4.34166872965e-09	2.52559440028e-09
4.34530799628e-09	-2.29418564146e-08
4.34894726292e-09	-4.40940404189e-08
4.35258652956e-09	-5.337841813e-08
4.35622579619e-09	-4.76276937889e-08
4.35986506283e-09	-2.94906499221e-08
4.36350432947e-09	-6.26205487464e-09
4.3671435961e-09	1.33818733872e-08
4.37078286274e-09	2.31729391231e-08
4.37442212938e-09	2.1772514458e-08
4.37806139602e-09	1.29247696989e-08
4.38170066265e-09	3.34888849984e-09
4.38533992929e-09	-5.05841923903e-10
4.38897919593e-09	4.62619809127e-09
4.39261846256e-09	1.74062613212e-08
4.3962577292e-09	3.24452216205e-08
4.39989699584e-09	4.25501980317e-08
4.40353626248e-09	4.17990868584e-08
4.40717552911e-09	2.82413825659e-08
4.41081479575e-09	5.05422237396e-09
4.41445406239e-09	-2.04688994643e-08
4.41809332902e-09	-3.98097483867e-08
4.42173259566e-09	-4.6790564312e-08
4.4253718623e-09	-4.01615842804e-08
4.42901112894e-09	-2.39832260718e-08
4.43265039557e-09	-5.63682434063e-09
4.43628966221e-09	7.55677120878e-09
4.43992892885e-09	1.14865654766e-08
4.44356819548e-09	6.78097045181e-09
4.44720746212e-09	-1.82923698411e-09
4.45084672876e-09	-7.89421861214e-09
4.45448599539e-09	-6.25402618581e-09
4.45812526203e-09	4.58109017387e-09
4.46176452867e-09	2.16187565627e-08
4.46540379531e-09	3.84936846842e-08
4.46904306194e-09	4.80745576681e-08
4.47268232858e-09	4.55316779835e-08
4.47632159522e-09	3.05581657756e-08
4.47996086185e-09	7.69234898002e-09
4.48360012849e-09	-1.54796211405e-08
4.48723939513e-09	-3.14760768561e-08
4.49087866177e-09	-3.60057512694e-08
4.4945179284e-09	-2.95704918329e-08
4.49815719504e-09	-1.69110059289e-08
4.50179646168e-09	-4.64715865789e-09
4.50543572831e-09	1.75295222782e-09
4.50907499495e-09	3.05892866592e-10
4.51271426159e-09	-6.80896006244e-09
4.51635352823e-09	-1.44202489949e-08
4.51999279486e-09	-1.68273235346e-08
4.5236320615e-09	-1.04785060628e-08
4.52727132814e-09	4.27804902614e-09
4.53091059477e-09	2.31287771157e-08
4.53454986141e-09	3.94914785318e-08
4.53818912805e-09	4.72630716786e-08
4.54182839469e-09	4.34137277239e-08
4.54546766132e-09	2.9271745916e-08
4.54910692796e-09	9.91586990295e-09
4.5527461946e-09	-8.02473465455e-09
4.55638546123e-09	-1.91405113981e-08
4.56002472787e-09	-2.13503543733e-08
4.56366399451e-09	-1.64559459392e-08
4.56730326114e-09	-8.99042884583e-09
4.57094252778e-09	-3.95543464649e-09
4.57458179442e-09	-4.47219061783e-09
4.57822106106e-09	-1.03767536785e-08
4.58186032769e-09	-1.83532300468e-08
4.58549959433e-09	-2.35185737552e-08
4.58913886097e-09	-2.17481712639e-08
4.5927781276e-09	-1.16842713282e-08
4.59641739424e-09	4.49900205979e-09
4.60005666088e-09	2.19200551044e-08
4.60369592752e-09	3.50200828336e-08
4.60733519415e-09	3.98581931904e-08
4.61097446079e-09	3.56356402165e-08
4.61461372743e-09	2.48205704878e-08
4.61825299406e-09	1.1899435215e-08
4.6218922607e-09	1.3775092178e-09
4.62553152734e-09	-4.07074463027e-09
4.62917079398e-09	-4.5296100204e-09
4.63281006061e-09	-2.50066145568e-09
4.63644932725e-09	-1.48423640045e-09
4.64008859389e-09	-4.13929068799e-09
4.64372786052e-09	-1.0869565692e-08
4.64736712716e-09	-1.9508233251e-08
4.6510063938e-09	-2.62790358363e-08
4.65464566043e-09	-2.75866760546e-08
4.65828492707e-09	-2.17625562016e-08
4.66192419371e-09	-9.90947945922e-09
4.66556346035e-09	4.55314497216e-09
4.66920272698e-09	1.73794756364e-08
4.67284199362e-09	2.52652156973e-08
4.67648126026e-09	2.70673403691e-08
4.68012052689e-09	2.39860522555e-08
4.68375979353e-09	1.87352959813e-08
4.68739906017e-09	1.41583180735e-08
4.69103832681e-09	1.19156107203e-08
4.69467759344e-09	1.17986012071e-08
4.69831686008e-09	1.19504708351e-08
4.70195612672e-09	9.90209336749e-09
4.70559539335e-09	3.97666966023e-09
4.70923465999e-09	-5.60991164633e-09
4.71287392663e-09	-1.65493876381e-08
4.71651319327e-09	-2.53222367519e-08
4.7201524599e-09	-2.87846493308e-08
4.72379172654e-09	-2.56601513371e-08
