% time-domain current integration by openEMS v0.0.36-93-g7b9cd51 @Thu Sep 24 16:44:46 2026
% start-coordinates: (0.00695,-0.0023,0.000414885) m -> [9,1,6]
% stop-coordinates: (0.007,0.0006,0.000414885) m -> [10,4,6]
% t/s	current
2.36316015395e-14	0
3.66289823863e-12	-2.00760741365e-09
7.30216487571e-12	-3.67508778965e-09
1.09414315128e-11	-1.24555843417e-09
1.45806981499e-11	9.89687531927e-09
1.8219964787e-11	4.02004332045e-08
2.18592314241e-11	1.02161102689e-07
2.54984980611e-11	2.0571637549e-07
2.91377646982e-11	3.45457351614e-07
3.27770313353e-11	4.79966274725e-07
3.64162979724e-11	5.13679083269e-07
4.00555646095e-11	2.90596858576e-07
4.36948312466e-11	-3.81493634904e-07
4.73340978837e-11	-1.66087181697e-06
5.09733645207e-11	-3.56355030817e-06
5.46126311578e-11	-5.85060433878e-06
5.82518977949e-11	-7.97089796833e-06
6.1891164432e-11	-9.12301129574e-06
6.55304310691e-11	-8.46293733048e-06
6.91696977062e-11	-5.41563986189e-06
7.28089643433e-11	1.9815502128e-08
7.64482309803e-11	7.11493930794e-06
8.00874976174e-11	1.45102703755e-05
8.37267642545e-11	2.05670494324e-05
8.73660308916e-11	2.38544616877e-05
9.10052975287e-11	2.35841398535e-05
9.46445641658e-11	1.98220641323e-05
9.82838308029e-11	1.34132005769e-05
1.0192309744e-10	5.67991082789e-06
1.05562364077e-10	-1.96244695871e-06
1.09201630714e-10	-8.32410933072e-06
1.12840897351e-10	-1.26138684209e-05
1.16480163988e-10	-1.44757705129e-05
1.20119430625e-10	-1.39486874104e-05
1.23758697262e-10	-1.14054146252e-05
1.273979639e-10	-7.48957063479e-06
1.31037230537e-10	-3.02756939163e-06
1.34676497174e-10	1.11338647457e-06
1.38315763811e-10	4.2139222387e-06
1.41955030448e-10	5.88112789046e-06
1.45594297085e-10	6.1388350332e-06
1.49233563722e-10	5.37380765309e-06
1.52872830359e-10	4.14785017711e-06
1.56512096996e-10	2.95581708087e-06
1.60151363633e-10	2.03942613552e-06
1.6379063027e-10	1.34243532557e-06
1.67429896908e-10	6.19617480879e-07
1.71069163545e-10	-3.69357849195e-07
1.74708430182e-10	-1.68254121036e-06
1.78347696819e-10	-3.13093346449e-06
1.81986963456e-10	-4.34625826529e-06
1.85626230093e-10	-4.94026699016e-06
1.8926549673e-10	-4.66994561066e-06
1.92904763367e-10	-3.53645123141e-06
1.96544030004e-10	-1.78118330041e-06
2.00183296641e-10	2.04275465876e-07
2.03822563278e-10	2.00830072572e-06
2.07461829915e-10	3.31782075591e-06
2.11101096553e-10	3.98319252781e-06
2.1474036319e-10	4.01658962801e-06
2.18379629827e-10	3.53870177605e-06
2.22018896464e-10	2.70506052402e-06
2.25658163101e-10	1.65024880516e-06
2.29297429738e-10	4.74302112252e-07
2.32936696375e-10	-7.30957992801e-07
2.36575963012e-10	-1.84186046681e-06
2.40215229649e-10	-2.6867141969e-06
2.43854496286e-10	-3.07813706968e-06
2.47493762923e-10	-2.88674186777e-06
2.5113302956e-10	-2.12063946492e-06
2.54772296198e-10	-9.63183083513e-07
2.58411562835e-10	2.64555751528e-07
2.62050829472e-10	1.21128834962e-06
2.65690096109e-10	1.62829610417e-06
2.69329362746e-10	1.46655395383e-06
2.72968629383e-10	8.88464626314e-07
2.7660789602e-10	1.85377231787e-07
2.80247162657e-10	-3.5864553638e-07
2.83886429294e-10	-5.88795728618e-07
2.87525695931e-10	-5.26972939952e-07
2.91164962568e-10	-3.24550796904e-07
2.94804229206e-10	-1.52438317969e-07
2.98443495843e-10	-9.4624752478e-08
3.0208276248e-10	-1.0825586827e-07
3.05722029117e-10	-7.03720530737e-08
3.09361295754e-10	1.22075434206e-07
3.13000562391e-10	4.6315705049e-07
3.16639829028e-10	8.19229057925e-07
3.20279095665e-10	9.95628738565e-07
3.23918362302e-10	8.50531932883e-07
3.27557628939e-10	3.89859224015e-07
3.31196895576e-10	-2.15392674363e-07
3.34836162213e-10	-7.0476039582e-07
3.38475428851e-10	-8.5731312538e-07
3.42114695488e-10	-6.0538394564e-07
3.45753962125e-10	-7.08545258021e-08
3.49393228762e-10	4.95971676173e-07
3.53032495399e-10	8.40576262817e-07
3.56671762036e-10	8.25295501272e-07
3.60311028673e-10	4.83796156914e-07
3.6395029531e-10	-1.63763189676e-08
3.67589561947e-10	-4.74715534438e-07
3.71228828584e-10	-7.61782246173e-07
3.74868095221e-10	-8.6881811967e-07
3.78507361858e-10	-8.79363824424e-07
3.82146628496e-10	-8.89355192157e-07
3.85785895133e-10	-9.31001011395e-07
3.8942516177e-10	-9.47598266521e-07
3.93064428407e-10	-8.33246758702e-07
3.96703695044e-10	-5.10312702318e-07
4.00342961681e-10	6.04221384037e-09
4.03982228318e-10	5.96002337261e-07
4.07621494955e-10	1.08352026018e-06
4.11260761592e-10	1.31818831051e-06
4.14900028229e-10	1.24484074604e-06
4.18539294866e-10	9.25063204704e-07
4.22178561504e-10	5.02232012423e-07
4.25817828141e-10	1.30327180159e-07
4.29457094778e-10	-9.44955758087e-08
4.33096361415e-10	-1.6509304146e-07
4.36735628052e-10	-1.4585062047e-07
4.40374894689e-10	-1.20077700672e-07
4.44014161326e-10	-1.35447351113e-07
4.47653427963e-10	-1.79319357585e-07
4.512926946e-10	-1.94763202899e-07
4.54931961237e-10	-1.24483079844e-07
4.58571227874e-10	4.66162717316e-08
4.62210494511e-10	2.77797482795e-07
4.65849761149e-10	4.94666323902e-07
4.69489027786e-10	6.32461478745e-07
4.73128294423e-10	6.73473493862e-07
4.7676756106e-10	6.56027793866e-07
4.80406827697e-10	6.51335426483e-07
4.84046094334e-10	7.22384413621e-07
4.87685360971e-10	8.88003228283e-07
4.91324627608e-10	1.11052679586e-06
4.94963894245e-10	1.31111551127e-06
4.98603160882e-10	1.40400629789e-06
5.02242427519e-10	1.33320895657e-06
5.05881694157e-10	1.0943849702e-06
5.09520960794e-10	7.33497643068e-07
5.13160227431e-10	3.2445029774e-07
5.16799494068e-10	-6.25717575531e-08
5.20438760705e-10	-3.86002426467e-07
5.24078027342e-10	-6.39763413801e-07
5.27717293979e-10	-8.40867528495e-07
5.31356560616e-10	-1.00676959391e-06
5.34995827253e-10	-1.13733869966e-06
5.3863509389e-10	-1.21189123092e-06
5.42274360527e-10	-1.2016389519e-06
5.45913627164e-10	-1.08969879875e-06
5.49552893802e-10	-8.8603377435e-07
5.53192160439e-10	-6.28358122867e-07
5.56831427076e-10	-3.69232793673e-07
5.60470693713e-10	-1.55519671807e-07
5.6410996035e-10	-9.62860546849e-09
5.67749226987e-10	7.77679005637e-08
5.71388493624e-10	1.40662237413e-07
5.75027760261e-10	2.19373916366e-07
5.78667026898e-10	3.38770263397e-07
5.82306293535e-10	4.94467371936e-07
5.85945560172e-10	6.54143491374e-07
5.89584826809e-10	7.72925659476e-07
5.93224093447e-10	8.15324824543e-07
5.96863360084e-10	7.71506961428e-07
6.00502626721e-10	6.59062379782e-07
6.04141893358e-10	5.10689119437e-07
6.07781159995e-10	3.55563031462e-07
6.11420426632e-10	2.06086326671e-07
6.15059693269e-10	5.72509222252e-08
6.18698959906e-10	-1.02714643901e-07
6.22338226543e-10	-2.77463897191e-07
6.2597749318e-10	-4.5287129069e-07
6.29616759817e-10	-5.99009240432e-07
6.33256026455e-10	-6.82493748627e-07
6.36895293092e-10	-6.82992606471e-07
6.40534559729e-10	-6.04998604103e-07
6.44173826366e-10	-4.77577600577e-07
6.47813093003e-10	-3.41527822911e-07
6.5145235964e-10	-2.30162171988e-07
6.55091626277e-10	-1.53892500521e-07
6.58730892914e-10	-9.76001786057e-08
6.62370159551e-10	-3.24731317392e-08
6.66009426188e-10	6.44088231638e-08
6.69648692825e-10	1.94034370793e-07
6.73287959462e-10	3.32815801585e-07
6.769272261e-10	4.44597759497e-07
6.80566492737e-10	4.99769612361e-07
6.84205759374e-10	4.90203376557e-07
6.87845026011e-10	4.31493560882e-07
6.91484292648e-10	3.5199911963e-07
6.95123559285e-10	2.76159141777e-07
6.98762825922e-10	2.11528714544e-07
7.02402092559e-10	1.46790696931e-07
7.06041359196e-10	6.15815451965e-08
7.09680625833e-10	-5.81698671454e-08
7.1331989247e-10	-2.07736832181e-07
7.16959159108e-10	-3.60821189815e-07
7.20598425745e-10	-4.78759034195e-07
7.24237692382e-10	-5.26977487425e-07
7.27876959019e-10	-4.90610204906e-07
7.31516225656e-10	-3.81600358423e-07
7.35155492293e-10	-2.3302294494e-07
7.3879475893e-10	-8.41258014361e-08
7.42434025567e-10	3.59329490607e-08
7.46073292204e-10	1.17699443081e-07
7.49712558841e-10	1.69676098949e-07
7.53351825478e-10	2.07587831369e-07
7.56991092115e-10	2.42102686343e-07
7.60630358753e-10	2.71604079671e-07
7.6426962539e-10	2.83645192667e-07
7.67908892027e-10	2.63299511971e-07
7.71548158664e-10	2.02620228151e-07
7.75187425301e-10	1.06135104261e-07
7.78826691938e-10	-1.02374801969e-08
7.82465958575e-10	-1.25537908957e-07
7.86105225212e-10	-2.21242657972e-07
7.89744491849e-10	-2.86397721538e-07
7.93383758486e-10	-3.18628337936e-07
7.97023025123e-10	-3.21231624412e-07
8.0066229176e-10	-2.9901769949e-07
8.04301558398e-10	-2.5518264124e-07
8.07940825035e-10	-1.90631524788e-07
8.11580091672e-10	-1.05930340055e-07
8.15219358309e-10	-4.10729938949e-09
8.18858624946e-10	1.07733072241e-07
8.22497891583e-10	2.18792166606e-07
8.2613715822e-10	3.1707216408e-07
8.29776424857e-10	3.92477687683e-07
8.33415691494e-10	4.38538933167e-07
8.37054958131e-10	4.5222884637e-07
8.40694224768e-10	4.32261373362e-07
8.44333491406e-10	3.77496917281e-07
8.47972758043e-10	2.8727029644e-07
8.5161202468e-10	1.63763900218e-07
8.55251291317e-10	1.51152228511e-08
8.58890557954e-10	-1.42862973007e-07
8.62529824591e-10	-2.88511557756e-07
8.66169091228e-10	-3.99339342039e-07
8.69808357865e-10	-4.58455730268e-07
8.73447624502e-10	-4.59795842289e-07
8.77086891139e-10	-4.09311780913e-07
8.80726157776e-10	-3.2164260233e-07
8.84365424413e-10	-2.1405635664e-07
8.88004691051e-10	-1.00273148007e-07
8.91643957688e-10	1.27312027587e-08
8.95283224325e-10	1.23690128362e-07
8.98922490962e-10	2.32901939512e-07
9.02561757599e-10	3.37074510526e-07
9.06201024236e-10	4.26282070976e-07
9.09840290873e-10	4.84947179302e-07
9.1347955751e-10	4.96507141179e-07
9.17118824147e-10	4.500040518e-07
9.20758090784e-10	3.45637289456e-07
9.24397357421e-10	1.96370052663e-07
9.28036624059e-10	2.49187674939e-08
9.31675890696e-10	-1.430074974e-07
9.35315157333e-10	-2.86436204533e-07
9.3895442397e-10	-3.941924831e-07
9.42593690607e-10	-4.6526278652e-07
9.46232957244e-10	-5.04602326146e-07
9.49872223881e-10	-5.16763520864e-07
9.53511490518e-10	-5.01327917846e-07
9.57150757155e-10	-4.52697634046e-07
9.60790023792e-10	-3.64094745464e-07
9.64429290429e-10	-2.33612595935e-07
9.68068557066e-10	-6.86202383804e-08
9.71707823704e-10	1.13880396668e-07
9.75347090341e-10	2.9089252962e-07
9.78986356978e-10	4.39317147993e-07
9.82625623615e-10	5.4143191619e-07
9.86264890252e-10	5.87937790897e-07
9.89904156889e-10	5.78416972985e-07
9.93543423526e-10	5.19429477208e-07
9.97182690163e-10	4.21299745312e-07
1.0008219568e-09	2.95093457225e-07
1.00446122344e-09	1.5069389292e-07
1.00810049007e-09	-3.25659499367e-09
1.01173975671e-09	-1.57750307039e-07
1.01537902335e-09	-3.0180129329e-07
1.01901828999e-09	-4.22319033078e-07
1.02265755662e-09	-5.06162734837e-07
1.02629682326e-09	-5.43696785371e-07
1.0299360899e-09	-5.3152223245e-07
1.03357535653e-09	-4.72941337648e-07
1.03721462317e-09	-3.76131936264e-07
1.04085388981e-09	-2.51397125339e-07
1.04449315645e-09	-1.09471983478e-07
1.04813242308e-09	3.8540775904e-08
1.05177168972e-09	1.80728434884e-07
1.05541095636e-09	3.04570818344e-07
1.05905022299e-09	3.98523354761e-07
1.06268948963e-09	4.54187699006e-07
1.06632875627e-09	4.67595071996e-07
1.0699680229e-09	4.39273520669e-07
1.07360728954e-09	3.73424200006e-07
1.07724655618e-09	2.76935850252e-07
1.08088582282e-09	1.58896753533e-07
1.08452508945e-09	3.01669658143e-08
1.08816435609e-09	-9.76009104647e-08
1.09180362273e-09	-2.13200564758e-07
1.09544288936e-09	-3.0707653309e-07
1.099082156e-09	-3.71881242245e-07
1.10272142264e-09	-4.02426735491e-07
1.10636068928e-09	-3.9592379153e-07
1.10999995591e-09	-3.52804875092e-07
1.11363922255e-09	-2.77545069594e-07
1.11727848919e-09	-1.78724903321e-07
1.12091775582e-09	-6.7528773684e-08
1.12455702246e-09	4.47222383571e-08
1.1281962891e-09	1.48438374481e-07
1.13183555574e-09	2.36201486814e-07
1.13547482237e-09	3.01855607177e-07
1.13911408901e-09	3.395331305e-07
1.14275335565e-09	3.44045275824e-07
1.14639262228e-09	3.12684903747e-07
1.15003188892e-09	2.47355558258e-07
1.15367115556e-09	1.55620242026e-07
1.15731042219e-09	4.95777570109e-08
1.16094968883e-09	-5.68083784458e-08
1.16458895547e-09	-1.50776941155e-07
1.16822822211e-09	-2.23191648274e-07
1.17186748874e-09	-2.69568033673e-07
1.17550675538e-09	-2.89746964199e-07
1.17914602202e-09	-2.8654920925e-07
1.18278528865e-09	-2.63660751898e-07
1.18642455529e-09	-2.2371631303e-07
1.19006382193e-09	-1.67527360873e-07
1.19370308857e-09	-9.49502663161e-08
1.1973423552e-09	-7.4230683822e-09
1.20098162184e-09	8.92830414045e-08
1.20462088848e-09	1.84008243309e-07
1.20826015511e-09	2.61904858689e-07
1.21189942175e-09	3.08665192961e-07
1.21553868839e-09	3.15501694104e-07
1.21917795503e-09	2.82311219735e-07
1.22281722166e-09	2.17686320525e-07
1.2264564883e-09	1.35771443865e-07
1.23009575494e-09	5.14316127465e-08
1.23373502157e-09	-2.40939996843e-08
1.23737428821e-09	-8.55494732832e-08
1.24101355485e-09	-1.33453553985e-07
1.24465282149e-09	-1.71567847929e-07
1.24829208812e-09	-2.03298540669e-07
1.25193135476e-09	-2.28545701475e-07
1.2555706214e-09	-2.42361750225e-07
1.25920988803e-09	-2.36399671394e-07
1.26284915467e-09	-2.02729736998e-07
1.26648842131e-09	-1.38528719162e-07
1.27012768794e-09	-4.94052194711e-08
1.27376695458e-09	5.0610335478e-08
1.27740622122e-09	1.42742166531e-07
1.28104548786e-09	2.09320347722e-07
1.28468475449e-09	2.39482659481e-07
1.28832402113e-09	2.32205124462e-07
1.29196328777e-09	1.95673166559e-07
1.2956025544e-09	1.43609653946e-07
1.29924182104e-09	9.00321168729e-08
1.30288108768e-09	4.45167138707e-08
1.30652035432e-09	9.65332525027e-09
1.31015962095e-09	-1.86437034699e-08
1.31379888759e-09	-4.79648001317e-08
1.31743815423e-09	-8.45313579134e-08
1.32107742086e-09	-1.28820971668e-07
1.3247166875e-09	-1.73599588038e-07
1.32835595414e-09	-2.05685552146e-07
1.33199522078e-09	-2.11081271573e-07
1.33563448741e-09	-1.8123530765e-07
1.33927375405e-09	-1.17616764328e-07
1.34291302069e-09	-3.2493854718e-08
1.34655228732e-09	5.46576224281e-08
1.35019155396e-09	1.23572618804e-07
1.3538308206e-09	1.59988644555e-07
1.35747008723e-09	1.60260270832e-07
1.36110935387e-09	1.32022378807e-07
1.36474862051e-09	9.07517190285e-08
1.36838788715e-09	5.34205604197e-08
1.37202715378e-09	3.15817914043e-08
1.37566642042e-09	2.67948205845e-08
1.37930568706e-09	3.04361549297e-08
1.38294495369e-09	2.81993770557e-08
1.38658422033e-09	7.60482166129e-09
1.39022348697e-09	-3.50455806597e-08
1.39386275361e-09	-9.15568918458e-08
1.39750202024e-09	-1.44185733575e-07
1.40114128688e-09	-1.72658161546e-07
1.40478055352e-09	-1.62773460488e-07
1.40841982015e-09	-1.12805494723e-07
1.41205908679e-09	-3.51013369482e-08
1.41569835343e-09	4.79512110019e-08
1.41933762007e-09	1.1200811656e-07
1.4229768867e-09	1.39704610547e-07
1.42661615334e-09	1.27042355302e-07
1.43025541998e-09	8.45338021804e-08
1.43389468661e-09	3.25079625441e-08
1.43753395325e-09	-7.56950147007e-09
1.44117321989e-09	-2.22333849109e-08
1.44481248652e-09	-1.16055813848e-08
1.44845175316e-09	1.1224354779e-08
1.4520910198e-09	2.66886850397e-08
1.45573028644e-09	1.82982677899e-08
1.45936955307e-09	-1.91038971309e-08
1.46300881971e-09	-7.6164852203e-08
1.46664808635e-09	-1.32260737473e-07
1.47028735298e-09	-1.63765207617e-07
1.47392661962e-09	-1.53908871425e-07
1.47756588626e-09	-1.00057107488e-07
1.4812051529e-09	-1.55166564042e-08
1.48484441953e-09	7.48914743554e-08
1.48848368617e-09	1.43934840935e-07
1.49212295281e-09	1.72154898337e-07
1.49576221944e-09	1.55108565991e-07
1.49940148608e-09	1.04652954747e-07
1.50304075272e-09	4.3566284802e-08
1.50668001936e-09	-4.32407976092e-09
1.51031928599e-09	-2.42237714332e-08
1.51395855263e-09	-1.63130557951e-08
1.51759781927e-09	5.13984677042e-09
1.5212370859e-09	1.89746813817e-08
1.52487635254e-09	7.33355287608e-09
1.52851561918e-09	-3.56387204192e-08
1.53215488581e-09	-1.00339235587e-07
1.53579415245e-09	-1.64914126799e-07
1.53943341909e-09	-2.03695918799e-07
1.54307268573e-09	-1.9752071978e-07
1.54671195236e-09	-1.41836764556e-07
1.550351219e-09	-4.92992242584e-08
1.55399048564e-09	5.426888805e-08
1.55762975227e-09	1.39271080002e-07
1.56126901891e-09	1.83450552527e-07
1.56490828555e-09	1.80097671887e-07
1.56854755219e-09	1.39856766168e-07
1.57218681882e-09	8.53114201504e-08
1.57582608546e-09	4.06498550376e-08
1.5794653521e-09	2.1170645681e-08
1.58310461873e-09	2.71779114769e-08
1.58674388537e-09	4.47591688157e-08
1.59038315201e-09	5.28938279842e-08
1.59402241865e-09	3.35288667941e-08
1.59766168528e-09	-1.97059684126e-08
1.60130095192e-09	-9.76193632596e-08
1.60494021856e-09	-1.7803438368e-07
1.60857948519e-09	-2.33847870845e-07
1.61221875183e-09	-2.43462466187e-07
1.61585801847e-09	-1.99604244244e-07
1.6194972851e-09	-1.1277510481e-07
1.62313655174e-09	-7.68348495939e-09
1.62677581838e-09	8.60783018197e-08
1.63041508502e-09	1.45271542351e-07
1.63405435165e-09	1.6134079317e-07
1.63769361829e-09	1.42277428949e-07
1.64133288493e-09	1.07527753812e-07
1.64497215156e-09	7.84418716648e-08
1.6486114182e-09	6.86896655111e-08
1.65225068484e-09	7.87108263012e-08
1.65588995148e-09	9.618683805e-08
1.65952921811e-09	1.02058677953e-07
1.66316848475e-09	7.94142138716e-08
1.66680775139e-09	2.15740314502e-08
1.67044701802e-09	-6.37755874777e-08
1.67408628466e-09	-1.56196605872e-07
1.6777255513e-09	-2.29514682815e-07
1.68136481794e-09	-2.61466738039e-07
1.68500408457e-09	-2.42192697897e-07
1.68864335121e-09	-1.77974939675e-07
1.69228261785e-09	-8.85367512637e-08
1.69592188448e-09	8.32017121866e-10
1.69956115112e-09	6.88278305461e-08
1.70320041776e-09	1.05381865012e-07
1.70683968439e-09	1.13692109949e-07
1.71047895103e-09	1.06721429916e-07
1.71411821767e-09	1.00134855074e-07
1.71775748431e-09	1.04810531809e-07
1.72139675094e-09	1.21986730051e-07
1.72503601758e-09	1.42762075939e-07
1.72867528422e-09	1.51972912477e-07
1.73231455085e-09	1.3489797368e-07
1.73595381749e-09	8.41230018978e-08
1.73959308413e-09	3.78625752973e-09
1.74323235077e-09	-9.0611450787e-08
1.7468716174e-09	-1.77049003014e-07
1.75051088404e-09	-2.34552828715e-07
1.75415015068e-09	-2.50435419957e-07
1.75778941731e-09	-2.24293813744e-07
1.76142868395e-09	-1.67222083292e-07
1.76506795059e-09	-9.68624220832e-08
1.76870721723e-09	-3.06693905827e-08
1.77234648386e-09	1.99027727632e-08
1.7759857505e-09	5.21620329152e-08
1.77962501714e-09	7.12202989916e-08
1.78326428377e-09	8.61849969169e-08
1.78690355041e-09	1.05131505279e-07
1.79054281705e-09	1.30836781409e-07
1.79418208369e-09	1.58904015279e-07
1.79782135032e-09	1.79008296186e-07
1.80146061696e-09	1.78896073066e-07
1.8050998836e-09	1.4966920503e-07
1.80873915023e-09	9.01284451515e-08
1.81237841687e-09	8.36567703999e-09
1.81601768351e-09	-8.01952779739e-08
1.81965695014e-09	-1.575529609e-07
1.82329621678e-09	-2.087131179e-07
1.82693548342e-09	-2.25960008038e-07
1.83057475006e-09	-2.10407549162e-07
1.83421401669e-09	-1.70550649159e-07
1.83785328333e-09	-1.18716059205e-07
1.84149254997e-09	-6.68060380349e-08
1.8451318166e-09	-2.27175842582e-08
1.84877108324e-09	1.14207949764e-08
1.85241034988e-09	3.87295528981e-08
1.85604961652e-09	6.49952482945e-08
1.85968888315e-09	9.49886782564e-08
1.86332814979e-09	1.29198184595e-07
1.86696741643e-09	1.62471962994e-07
1.87060668306e-09	1.85252815754e-07
1.8742459497e-09	1.8706967353e-07
1.87788521634e-09	1.60830637697e-07
1.88152448298e-09	1.061566266e-07
1.88516374961e-09	3.04394909278e-08
1.88880301625e-09	-5.27949772788e-08
1.89244228289e-09	-1.27605588318e-07
1.89608154952e-09	-1.80130172112e-07
1.89972081616e-09	-2.02441341912e-07
1.9033600828e-09	-1.94501907913e-07
1.90699934943e-09	-1.63545905707e-07
1.91063861607e-09	-1.21112435636e-07
1.91427788271e-09	-7.86889202686e-08
1.91791714935e-09	-4.36317719732e-08
1.92155641598e-09	-1.70074798689e-08
1.92519568262e-09	5.76596548285e-09
1.92883494926e-09	3.17201802602e-08
1.93247421589e-09	6.59434533645e-08
1.93611348253e-09	1.08038555879e-07
1.93975274917e-09	1.50973605173e-07
1.94339201581e-09	1.82951382044e-07
1.94703128244e-09	1.91662081761e-07
1.95067054908e-09	1.69200973232e-07
1.95430981572e-09	1.15721654481e-07
1.95794908235e-09	4.0339919849e-08
1.96158834899e-09	-4.12427496599e-08
1.96522761563e-09	-1.11586949458e-07
1.96886688227e-09	-1.57069379725e-07
1.9725061489e-09	-1.72107874619e-07
1.97614541554e-09	-1.60357714662e-07
1.97978468218e-09	-1.32449201828e-07
1.98342394881e-09	-1.01173128542e-07
1.98706321545e-09	-7.61010170436e-08
1.99070248209e-09	-5.98978573407e-08
1.99434174872e-09	-4.78999879761e-08
1.99798101536e-09	-3.11174375156e-08
2.001620282e-09	-1.35590294548e-09
2.00525954864e-09	4.38772715938e-08
2.00889881527e-09	9.88763062537e-08
2.01253808191e-09	1.50876417138e-07
2.01617734855e-09	1.84503036849e-07
2.01981661518e-09	1.8765459231e-07
2.02345588182e-09	1.56414799335e-07
2.02709514846e-09	9.69743609858e-08
2.0307344151e-09	2.36992541147e-08
2.03437368173e-09	-4.58563889083e-08
2.03801294837e-09	-9.69686411167e-08
2.04165221501e-09	-1.22527310964e-07
2.04529148164e-09	-1.24660616052e-07
2.04893074828e-09	-1.12633095739e-07
2.05257001492e-09	-9.80148584517e-08
2.05620928156e-09	-8.91930227453e-08
2.05984854819e-09	-8.75910188824e-08
2.06348781483e-09	-8.73452847827e-08
2.06712708147e-09	-7.85541942605e-08
2.0707663481e-09	-5.26037844395e-08
2.07440561474e-09	-7.13907954975e-09
2.07804488138e-09	5.16665465966e-08
2.08168414801e-09	1.1064924621e-07
2.08532341465e-09	1.54338280822e-07
2.08896268129e-09	1.70735532379e-07
2.09260194793e-09	1.55779687816e-07
2.09624121456e-09	1.14673312623e-07
2.0998804812e-09	5.96654672336e-08
2.10351974784e-09	5.31424504402e-09
2.10715901447e-09	-3.67872274865e-08
2.11079828111e-09	-6.17660447233e-08
2.11443754775e-09	-7.22232584849e-08
2.11807681439e-09	-7.57842855137e-08
2.12171608102e-09	-8.05909436963e-08
2.12535534766e-09	-9.07822297336e-08
2.1289946143e-09	-1.04069499685e-07
2.13263388093e-09	-1.12649217954e-07
2.13627314757e-09	-1.07064394683e-07
2.13991241421e-09	-8.11512137489e-08
2.14355168085e-09	-3.57026337383e-08
2.14719094748e-09	2.09676542795e-08
2.15083021412e-09	7.58238414278e-08
2.15446948076e-09	1.15916066079e-07
2.15810874739e-09	1.33025650939e-07
2.16174801403e-09	1.26245794263e-07
2.16538728067e-09	1.01551904663e-07
2.1690265473e-09	6.88119357051e-08
2.17266581394e-09	3.76025681703e-08
2.17630508058e-09	1.35446498462e-08
2.17994434722e-09	-3.35948691088e-09
2.18358361385e-09	-1.77009731317e-08
2.18722288049e-09	-3.5426531042e-08
2.19086214713e-09	-5.98332547952e-08
2.19450141376e-09	-8.87902729119e-08
2.1981406804e-09	-1.14749560964e-07
2.20177994704e-09	-1.27737607158e-07
2.20541921368e-09	-1.19996428793e-07
2.20905848031e-09	-8.99514347452e-08
2.21269774695e-09	-4.34853717479e-08
2.21633701359e-09	8.11700839876e-09
2.21997628022e-09	5.25165404497e-08
2.22361554686e-09	8.08983529055e-08
2.2272548135e-09	9.07533959094e-08
2.23089408014e-09	8.58981010765e-08
2.23453334677e-09	7.39510994663e-08
2.23817261341e-09	6.24999358934e-08
2.24181188005e-09	5.55806209945e-08
2.24545114668e-09	5.18955154405e-08
2.24909041332e-09	4.5610860866e-08
2.25272967996e-09	2.9563945958e-08
2.25636894659e-09	-4.62924365507e-10
2.26000821323e-09	-4.24107220454e-08
2.26364747987e-09	-8.74064696177e-08
2.26728674651e-09	-1.22691460547e-07
2.27092601314e-09	-1.36804146678e-07
2.27456527978e-09	-1.24591309714e-07
2.27820454642e-09	-8.95833522918e-08
2.28184381305e-09	-4.25635811041e-08
2.28548307969e-09	2.90754886834e-09
2.28912234633e-09	3.58413387858e-08
2.29276161297e-09	5.1711111837e-08
2.2964008796e-09	5.33562101168e-08
2.30004014624e-09	4.87986433484e-08
2.30367941288e-09	4.70367211847e-08
2.30731867951e-09	5.35555138015e-08
2.31095794615e-09	6.74065887551e-08
2.31459721279e-09	8.11625398001e-08
2.31823647943e-09	8.40268938873e-08
2.32187574606e-09	6.700688715e-08
2.3255150127e-09	2.78684755273e-08
2.32915427934e-09	-2.6596632452e-08
2.33279354597e-09	-8.23490537982e-08
2.33643281261e-09	-1.23410842434e-07
2.34007207925e-09	-1.38281393447e-07
2.34371134589e-09	-1.24466765783e-07
2.34735061252e-09	-8.90945202059e-08
2.35098987916e-09	-4.5520430092e-08
2.3546291458e-09	-7.6320878506e-09
2.35826841243e-09	1.55649928502e-08
2.36190767907e-09	2.29249739192e-08
2.36554694571e-09	2.07181010126e-08
2.36918621234e-09	1.91266451566e-08
2.37282547898e-09	2.71425015796e-08
2.37646474562e-09	4.79284913979e-08
2.38010401226e-09	7.66504157923e-08
2.38374327889e-09	1.01925181184e-07
2.38738254553e-09	1.10556577226e-07
2.39102181217e-09	9.36143464969e-08
2.3946610788e-09	5.10551707578e-08
2.39830034544e-09	-7.4533925698e-09
2.40193961208e-09	-6.60057679625e-08
2.40557887872e-09	-1.08682058908e-07
2.40921814535e-09	-1.25642813487e-07
2.41285741199e-09	-1.1638785935e-07
2.41649667863e-09	-8.89914986146e-08
2.42013594526e-09	-5.60289734608e-08
2.4237752119e-09	-2.91277295617e-08
2.42741447854e-09	-1.44457281692e-08
2.43105374518e-09	-1.07708402197e-08
2.43469301181e-09	-1.07919451153e-08
2.43833227845e-09	-4.98683405681e-09
2.44197154509e-09	1.34390845119e-08
2.44561081172e-09	4.46809629295e-08
2.44925007836e-09	8.13617759832e-08
2.452889345e-09	1.11110743717e-07
2.45652861163e-09	1.21743170212e-07
2.46016787827e-09	1.06679877376e-07
2.46380714491e-09	6.80313831936e-08
2.46744641155e-09	1.58744573042e-08
2.47108567818e-09	-3.58267655542e-08
2.47472494482e-09	-7.46561852338e-08
2.47836421146e-09	-9.40627984392e-08
2.48200347809e-09	-9.48462144379e-08
2.48564274473e-09	-8.3562795794e-08
2.48928201137e-09	-6.89098484941e-08
2.49292127801e-09	-5.77175924832e-08
2.49656054464e-09	-5.21557872446e-08
2.50019981128e-09	-4.92080829417e-08
2.50383907792e-09	-4.25270414439e-08
2.50747834455e-09	-2.59363162058e-08
2.51111761119e-09	2.92888469033e-09
2.51475687783e-09	4.0600639295e-08
2.51839614447e-09	7.84807880905e-08
2.5220354111e-09	1.06067048478e-07
2.52567467774e-09	1.15273607548e-07
2.52931394438e-09	1.0372093584e-07
2.53295321101e-09	7.54391109581e-08
2.53659247765e-09	3.88139014262e-08
2.54023174429e-09	2.94223001518e-09
2.54387101092e-09	-2.57898697953e-08
2.54751027756e-09	-4.54055388843e-08
2.5511495442e-09	-5.78571572873e-08
2.55478881084e-09	-6.69245920903e-08
2.55842807747e-09	-7.55960769538e-08
2.56206734411e-09	-8.41352942871e-08
2.56570661075e-09	-8.96409559914e-08
2.56934587738e-09	-8.72976642086e-08
2.57298514402e-09	-7.28216349444e-08
2.57662441066e-09	-4.50493651272e-08
2.5802636773e-09	-7.37093985848e-09
2.58390294393e-09	3.28540430417e-08
2.58754221057e-09	6.68237163381e-08
2.59118147721e-09	8.7650434466e-08
2.59482074384e-09	9.2940894092e-08
2.59846001048e-09	8.52797441553e-08
2.60209927712e-09	7.04317244526e-08
2.60573854376e-09	5.42670122172e-08
2.60937781039e-09	3.9979909161e-08
2.61301707703e-09	2.69763660299e-08
2.61665634367e-09	1.18844010188e-08
2.6202956103e-09	-8.95647644938e-09
2.62393487694e-09	-3.67834900317e-08
2.62757414358e-09	-6.87493795226e-08
2.63121341021e-09	-9.81685417401e-08
2.63485267685e-09	-1.16652728366e-07
2.63849194349e-09	-1.17346736772e-07
2.64213121013e-09	-9.79651701982e-08
2.64577047676e-09	-6.22664373395e-08
2.6494097434e-09	-1.91141129591e-08
2.65304901004e-09	2.06584598317e-08
2.65668827667e-09	4.83523159289e-08
2.66032754331e-09	6.06659114055e-08
2.66396680995e-09	6.0567955984e-08
2.66760607659e-09	5.53101600076e-08
2.67124534322e-09	5.25022940678e-08
2.67488460986e-09	5.61175923508e-08
2.6785238765e-09	6.43286881541e-08
2.68216314313e-09	7.02341864667e-08
2.68580240977e-09	6.51457412459e-08
2.68944167641e-09	4.29494200205e-08
2.69308094305e-09	3.5890717065e-09
2.69672020968e-09	-4.58771154399e-08
2.70035947632e-09	-9.32142540933e-08
2.70399874296e-09	-1.25249542293e-07
2.70763800959e-09	-1.32791370788e-07
2.71127727623e-09	-1.1424629065e-07
2.71491654287e-09	-7.6394712778e-08
2.7185558095e-09	-3.18496589102e-08
2.72219507614e-09	5.88433568538e-09
2.72583434278e-09	2.77350142852e-08
2.72947360942e-09	3.24678097741e-08
2.73311287605e-09	2.66339910127e-08
2.73675214269e-09	2.10330277639e-08
2.74039140933e-09	2.52598546524e-08
2.74403067596e-09	4.2847965176e-08
2.7476699426e-09	6.9202073405e-08
2.75130920924e-09	9.32631749606e-08
2.75494847588e-09	1.02176258565e-07
2.75858774251e-09	8.69427410066e-08
2.76222700915e-09	4.66592098292e-08
2.76586627579e-09	-1.03846495847e-08
2.76950554242e-09	-6.92373802735e-08
2.77314480906e-09	-1.13525850054e-07
2.7767840757e-09	-1.31424243932e-07
2.78042334234e-09	-1.20016238725e-07
2.78406260897e-09	-8.62768487764e-08
2.78770187561e-09	-4.41525145334e-08
2.79134114225e-09	-8.80270789594e-09
2.79498040888e-09	9.58650048233e-09
2.79861967552e-09	9.74676606091e-09
2.80225894216e-09	-6.94107882282e-10
2.80589820879e-09	-9.19413345457e-09
2.80953747543e-09	-4.41416592167e-09
2.81317674207e-09	1.83260162601e-08
2.81681600871e-09	5.45717391276e-08
2.82045527534e-09	9.22267986425e-08
2.82409454198e-09	1.16302231845e-07
2.82773380862e-09	1.14926223205e-07
2.83137307525e-09	8.42642862153e-08
2.83501234189e-09	3.04993719169e-08
2.83865160853e-09	-3.19509787516e-08
2.84229087517e-09	-8.54223713986e-08
2.8459301418e-09	-1.15404702683e-07
2.84956940844e-09	-1.15887537788e-07
2.85320867508e-09	-9.14089000048e-08
2.85684794171e-09	-5.48379688325e-08
2.86048720835e-09	-2.17415987436e-08
2.86412647499e-09	-3.80179354664e-09
2.86776574163e-09	-4.17295886734e-09
2.87140500826e-09	-1.67318638944e-08
2.8750442749e-09	-2.93723640965e-08
2.87868354154e-09	-2.97164923779e-08
2.88232280817e-09	-1.07053672593e-08
2.88596207481e-09	2.61062478302e-08
2.88960134145e-09	7.07233311914e-08
2.89324060809e-09	1.0820789953e-07
2.89687987472e-09	1.24199416973e-07
2.90051914136e-09	1.10515678386e-07
2.904158408e-09	6.873437286e-08
2.90779767463e-09	1.01680903697e-08
2.91143694127e-09	-4.80237503098e-08
2.91507620791e-09	-8.92133726893e-08
2.91871547454e-09	-1.03586515365e-07
2.92235474118e-09	-9.15781299682e-08
2.92599400782e-09	-6.29911127703e-08
2.92963327446e-09	-3.23175584072e-08
2.93327254109e-09	-1.24773649191e-08
2.93691180773e-09	-9.68316449246e-09
2.94055107437e-09	-2.14112816366e-08
2.944190341e-09	-3.79734217404e-08
2.94782960764e-09	-4.68156429179e-08
2.95146887428e-09	-3.78501248122e-08
2.95510814092e-09	-7.94291032946e-09
2.95874740755e-09	3.71096433582e-08
2.96238667419e-09	8.40433074245e-08
2.96602594083e-09	1.16771914804e-07
2.96966520746e-09	1.22653801782e-07
2.9733044741e-09	9.78143219754e-08
2.97694374074e-09	4.90676796971e-08
2.98058300738e-09	-8.55721626891e-09
2.98422227401e-09	-5.7660319186e-08
2.98786154065e-09	-8.51224442044e-08
2.99150080729e-09	-8.6666183563e-08
2.99514007392e-09	-6.76284059864e-08
2.99877934056e-09	-4.00308017845e-08
3.0024186072e-09	-1.7405493935e-08
3.00605787383e-09	-9.42170608198e-09
3.00969714047e-09	-1.82133845783e-08
3.01333640711e-09	-3.75858597579e-08
3.01697567375e-09	-5.54546844e-08
3.02061494038e-09	-5.88641668742e-08
3.02425420702e-09	-3.97982233835e-08
3.02789347366e-09	6.52075726748e-10
3.03153274029e-09	5.18040543795e-08
3.03517200693e-09	9.71397753347e-08
3.03881127357e-09	1.20856697094e-07
3.04245054021e-09	1.1428004143e-07
3.04608980684e-09	7.9276887277e-08
3.04972907348e-09	2.73258748962e-08
3.05336834012e-09	-2.50964085069e-08
3.05700760675e-09	-6.27125942287e-08
3.06064687339e-09	-7.67427508208e-08
3.06428614003e-09	-6.75459048693e-08
3.06792540667e-09	-4.391889874e-08
3.0715646733e-09	-1.93538731708e-08
3.07520393994e-09	-6.49881215509e-09
3.07884320658e-09	-1.18053344877e-08
3.08248247321e-09	-3.25080442565e-08
3.08612173985e-09	-5.7490638028e-08
3.08976100649e-09	-7.20387376418e-08
3.09340027312e-09	-6.45275406441e-08
3.09703953976e-09	-3.20010400401e-08
3.1006788064e-09	1.79955339519e-08
3.10431807304e-09	7.018270054e-08
3.10795733967e-09	1.07566002328e-07
3.11159660631e-09	1.17964773949e-07
3.11523587295e-09	9.84173169627e-08
3.11887513958e-09	5.59727801885e-08
3.12251440622e-09	4.88586948677e-09
3.12615367286e-09	-3.86149849874e-08
3.1297929395e-09	-6.21669897782e-08
3.13343220613e-09	-6.17247408741e-08
3.13707147277e-09	-4.29204369823e-08
3.14071073941e-09	-1.85528890029e-08
3.14435000604e-09	-2.93799007345e-09
3.14798927268e-09	-5.41333244897e-09
3.15162853932e-09	-2.59470507302e-08
3.15526780596e-09	-5.4995645371e-08
3.15890707259e-09	-7.77627420234e-08
3.16254633923e-09	-8.08364148952e-08
3.16618560587e-09	-5.81418575507e-08
3.1698248725e-09	-1.36548523599e-08
3.17346413914e-09	4.0017692271e-08
3.17710340578e-09	8.63341824697e-08
3.18074267241e-09	1.10832168332e-07
3.18438193905e-09	1.06301314418e-07
3.18802120569e-09	7.53592317437e-08
3.19166047233e-09	2.95128330663e-08
3.19529973896e-09	-1.51352317346e-08
3.1989390056e-09	-4.41213323654e-08
3.20257827224e-09	-5.03495485304e-08
3.20621753887e-09	-3.67970152126e-08
3.20985680551e-09	-1.48366012809e-08
3.21349607215e-09	1.19227683282e-09
3.21713533879e-09	6.62197685575e-10
3.22077460542e-09	-1.85301836098e-08
3.22441387206e-09	-4.90861928881e-08
3.2280531387e-09	-7.75496289407e-08
3.23169240533e-09	-9.0032251876e-08
3.23533167197e-09	-7.79401432283e-08
3.23897093861e-09	-4.1541735385e-08
3.24261020525e-09	9.80374892379e-09
3.24624947188e-09	6.07992518553e-08
3.24988873852e-09	9.5661093269e-08
3.25352800516e-09	1.03983325062e-07
3.25716727179e-09	8.47699581641e-08
3.26080653843e-09	4.68444838475e-08
3.26444580507e-09	5.22455589902e-09
3.2680850717e-09	-2.51394922657e-08
3.27172433834e-09	-3.55228912952e-08
3.27536360498e-09	-2.67191424541e-08
3.27900287162e-09	-8.0470687891e-09
3.28264213825e-09	7.29381577358e-09
3.28628140489e-09	8.28079649295e-09
3.28992067153e-09	-9.09826702866e-09
3.29355993816e-09	-4.00973441117e-08
3.2971992048e-09	-7.30656850578e-08
3.30083847144e-09	-9.4021828545e-08
3.30447773808e-09	-9.22237006762e-08
3.30811700471e-09	-6.46987103892e-08
3.31175627135e-09	-1.79296986147e-08
3.31539553799e-09	3.41587629293e-08
3.31903480462e-09	7.53271720555e-08
3.32267407126e-09	9.33182846552e-08
3.3263133379e-09	8.46474890182e-08
3.32995260454e-09	5.57163026826e-08
3.33359187117e-09	1.97757934473e-08
3.33723113781e-09	-8.85471251877e-09
3.34087040445e-09	-2.07225792082e-08
3.34450967108e-09	-1.4793481995e-08
3.34814893772e-09	1.70891345519e-09
3.35178820436e-09	1.68398273104e-08
3.35542747099e-09	1.92718800918e-08
3.35906673763e-09	3.30094729328e-09
3.36270600427e-09	-2.84224235259e-08
3.36634527091e-09	-6.55397514038e-08
3.36998453754e-09	-9.38548723184e-08
3.37362380418e-09	-1.01044349776e-07
3.37726307082e-09	-8.19271690489e-08
3.38090233745e-09	-4.09611011776e-08
3.38454160409e-09	9.22964815686e-09
3.38818087073e-09	5.27562633579e-08
3.39182013737e-09	7.67333716567e-08
3.395459404e-09	7.61821041806e-08
3.39909867064e-09	5.55027845905e-08
3.40273793728e-09	2.61046100292e-08
3.40637720391e-09	1.34090771819e-09
3.41001647055e-09	-9.07943586981e-09
3.41365573719e-09	-2.93977997501e-09
3.41729500383e-09	1.38278730688e-08
3.42093427046e-09	2.98702858004e-08
3.4245735371e-09	3.3474446326e-08
3.42821280374e-09	1.79238046627e-08
3.43185207037e-09	-1.51162407036e-08
3.43549133701e-09	-5.57398109891e-08
3.43913060365e-09	-8.95630449804e-08
3.44276987029e-09	-1.03593677636e-07
3.44640913692e-09	-9.16747140423e-08
3.45004840356e-09	-5.70942546574e-08
3.4536876702e-09	-1.12668763208e-08
3.45732693683e-09	3.0863326117e-08
3.46096620347e-09	5.6699445139e-08
3.46460547011e-09	6.07053252111e-08
3.46824473674e-09	4.60979521222e-08
3.47188400338e-09	2.30008510016e-08
3.47552327002e-09	3.8703173999e-09
3.47916253666e-09	-1.94306881696e-09
3.48280180329e-09	7.75230013517e-09
3.48644106993e-09	2.70335895891e-08
3.49008033657e-09	4.44916139486e-08
3.4937196032e-09	4.84146269741e-08
3.49735886984e-09	3.22607860426e-08
3.50099813648e-09	-2.04332040177e-09
3.50463740312e-09	-4.44956320678e-08
3.50827666975e-09	-8.09573634797e-08
3.51191593639e-09	-9.88755886056e-08
3.51555520303e-09	-9.23081628912e-08
3.51919446966e-09	-6.41621014097e-08
3.5228337363e-09	-2.48330565e-08
3.52647300294e-09	1.20691758809e-08
3.53011226958e-09	3.51202906756e-08
3.53375153621e-09	3.94462169595e-08
3.53739080285e-09	2.83043313232e-08
3.54103006949e-09	1.12551363785e-08
3.54466933612e-09	-3.51005557953e-10
3.54830860276e-09	1.3387716491e-09
3.5519478694e-09	1.69720362209e-08
3.55558713603e-09	3.95710699763e-08
3.55922640267e-09	5.76507659389e-08
3.56286566931e-09	6.0474683039e-08
3.56650493595e-09	4.30216076097e-08
3.57014420258e-09	8.42782821309e-09
3.57378346922e-09	-3.31102647522e-08
3.57742273586e-09	-6.84077008373e-08
3.58106200249e-09	-8.65014015972e-08
3.58470126913e-09	-8.28322370694e-08
3.58834053577e-09	-6.07753989357e-08
3.59197980241e-09	-2.99840863249e-08
3.59561906904e-09	-2.26906804457e-09
3.59925833568e-09	1.32915225493e-08
3.60289760232e-09	1.40038061147e-08
3.60653686895e-09	4.37598002279e-09
3.61017613559e-09	-6.30664409584e-09
3.61381540223e-09	-8.59300541833e-09
3.61745466887e-09	2.44478304268e-09
3.6210939355e-09	2.46637377188e-08
3.62473320214e-09	4.96500938141e-08
3.62837246878e-09	6.64616948143e-08
3.63201173541e-09	6.65322232862e-08
3.63565100205e-09	4.7485457344e-08
3.63929026869e-09	1.42201184161e-08
3.64292953532e-09	-2.30593215633e-08
3.64656880196e-09	-5.29229673418e-08
3.6502080686e-09	-6.71548718856e-08
3.65384733524e-09	-6.37639132606e-08
3.65748660187e-09	-4.74074468571e-08
3.66112586851e-09	-2.70811852943e-08
3.66476513515e-09	-1.20285026384e-08
3.66840440178e-09	-7.62278418165e-09
3.67204366842e-09	-1.30584734137e-08
3.67568293506e-09	-2.19610178931e-08
3.6793222017e-09	-2.56813983412e-08
3.68296146833e-09	-1.7723644774e-08
3.68660073497e-09	2.81851897377e-09
3.69024000161e-09	3.05003311496e-08
3.69387926824e-09	5.5768722973e-08
3.69751853488e-09	6.90937795866e-08
3.70115780152e-09	6.50647322686e-08
3.70479706816e-09	4.46378578545e-08
3.70843633479e-09	1.46385898958e-08
3.71207560143e-09	-1.51084673661e-08
3.71571486807e-09	-3.57517251359e-08
3.7193541347e-09	-4.28477555658e-08
3.72299340134e-09	-3.78483200336e-08
3.72663266798e-09	-2.70454858509e-08
3.73027193461e-09	-1.84340560594e-08
3.73391120125e-09	-1.78209038637e-08
3.73755046789e-09	-2.59472905384e-08
3.74118973453e-09	-3.80451510296e-08
3.74482900116e-09	-4.61041054223e-08
3.7484682678e-09	-4.28235935601e-08
3.75210753444e-09	-2.53776129e-08
3.75574680107e-09	2.8590323442e-09
3.75938606771e-09	3.34886465225e-08
3.76302533435e-09	5.65725812862e-08
3.76666460099e-09	6.47875140203e-08
3.77030386762e-09	5.63858328917e-08
3.77394313426e-09	3.57031737508e-08
3.7775824009e-09	1.10988445101e-08
3.78122166753e-09	-8.65923155402e-09
3.78486093417e-09	-1.80184791532e-08
3.78850020081e-09	-1.67796727624e-08
3.79213946745e-09	-9.84028680762e-09
3.79577873408e-09	-4.66310323688e-09
3.79941800072e-09	-7.56878293373e-09
3.80305726736e-09	-2.04629522216e-08
3.80669653399e-09	-3.95530861397e-08
3.81033580063e-09	-5.6799379422e-08
3.81397506727e-09	-6.34944328226e-08
3.8176143339e-09	-5.43629816718e-08
3.82125360054e-09	-3.02553928577e-08
3.82489286718e-09	1.91341431588e-09
3.82853213382e-09	3.19706927598e-08
3.83217140045e-09	5.07010859963e-08
3.83581066709e-09	5.35710142913e-08
3.83944993373e-09	4.23176800268e-08
3.84308920036e-09	2.37987123342e-08
3.846728467e-09	6.75064848465e-09
3.85036773364e-09	-2.06889483323e-09
3.85400700028e-09	-7.15510539706e-10
3.85764626691e-09	7.29223526008e-09
3.86128553355e-09	1.47600793809e-08
3.86492480019e-09	1.42783331825e-08
3.86856406682e-09	1.87567295029e-09
3.87220333346e-09	-2.07465884472e-08
3.8758426001e-09	-4.65038390018e-08
3.87948186674e-09	-6.57644321223e-08
3.88312113337e-09	-7.05116107724e-08
3.88676040001e-09	-5.79598768979e-08
3.89039966665e-09	-3.19125561532e-08
3.89403893328e-09	-1.17280340994e-09
3.89767819992e-09	2.42194069244e-08
3.90131746656e-09	3.71530184395e-08
3.90495673319e-09	3.61442467067e-08
3.90859599983e-09	2.54263952115e-08
3.91223526647e-09	1.25836860931e-08
3.91587453311e-09	4.93768848031e-09
3.91951379974e-09	6.27352081395e-09
3.92315306638e-09	1.52677621656e-08
3.92679233302e-09	2.61931312195e-08
3.93043159965e-09	3.15575761078e-08
3.93407086629e-09	2.55911309921e-08
3.93771013293e-09	7.11433756351e-09
3.94134939957e-09	-1.95137594972e-08
3.9449886662e-09	-4.59113600471e-08
3.94862793284e-09	-6.31061212175e-08
3.95226719948e-09	-6.53625917835e-08
3.95590646611e-09	-5.26277474933e-08
3.95954573275e-09	-3.04006952945e-08
3.96318499939e-09	-7.1112307154e-09
3.96682426603e-09	9.64971214046e-09
3.97046353266e-09	1.62377471469e-08
3.9741027993e-09	1.40227101042e-08
3.97774206594e-09	8.108487215e-09
3.98138133257e-09	4.53948567625e-09
3.98502059921e-09	7.36684890867e-09
3.98865986585e-09	1.6797551794e-08
3.99229913249e-09	2.91142754349e-08
3.99593839912e-09	3.83021756534e-08
3.99957766576e-09	3.87058136653e-08
4.0032169324e-09	2.76570659707e-08
4.00685619903e-09	6.94911150845e-09
4.01049546567e-09	-1.76029999466e-08
4.01413473231e-09	-3.8465000074e-08
4.01777399894e-09	-4.9582247641e-08
4.02141326558e-09	-4.89356359878e-08
4.02505253222e-09	-3.91737131622e-08
4.02869179886e-09	-2.60018904186e-08
4.03233106549e-09	-1.52068011516e-08
4.03597033213e-09	-9.92445414738e-09
4.03960959877e-09	-9.49948386619e-09
4.0432488654e-09	-1.03388977379e-08
4.04688813204e-09	-8.13115441645e-09
4.05052739868e-09	-2.10539141676e-10
4.05416666532e-09	1.30261650355e-08
4.05780593195e-09	2.81375633904e-08
4.06144519859e-09	3.99803177231e-08
4.06508446523e-09	4.38082530252e-08
4.06872373186e-09	3.73313753244e-08
4.0723629985e-09	2.1897736957e-08
4.07600226514e-09	2.19369100662e-09
4.07964153178e-09	-1.5594904923e-08
4.08328079841e-09	-2.64671307093e-08
4.08692006505e-09	-2.88512040925e-08
4.09055933169e-09	-2.51744758373e-08
4.09419859832e-09	-2.0369078868e-08
4.09783786496e-09	-1.90653661747e-08
4.1014771316e-09	-2.29875229962e-08
4.10511639823e-09	-2.99950428939e-08
4.10875566487e-09	-3.52332349962e-08
4.11239493151e-09	-3.36830154879e-08
4.11603419815e-09	-2.27658905061e-08
4.11967346478e-09	-3.77439990373e-09
4.12331273142e-09	1.84391186764e-08
4.12695199806e-09	3.72526116621e-08
4.13059126469e-09	4.67830112427e-08
4.13423053133e-09	4.41991545586e-08
4.13786979797e-09	3.09642373963e-08
4.14150906461e-09	1.2409787864e-08
4.14514833124e-09	-4.36980496232e-09
4.14878759788e-09	-1.35790276801e-08
4.15242686452e-09	-1.34041799882e-08
4.15606613115e-09	-6.90345203225e-09
4.15970539779e-09	-4.67377248015e-10
4.16334466443e-09	-5.06777786402e-10
4.16698393107e-09	-1.0026496966e-08
4.1706231977e-09	-2.6853872015e-08
4.17426246434e-09	-4.4454743886e-08
4.17790173098e-09	-5.48707532744e-08
4.18154099761e-09	-5.22950287518e-08
4.18518026425e-09	-3.56621256969e-08
4.18881953089e-09	-9.22627929612e-09
4.19245879752e-09	1.89938393902e-08
4.19609806416e-09	4.01989801446e-08
4.1997373308e-09	4.81073847425e-08
4.20337659744e-09	4.13879135408e-08
4.20701586407e-09	2.42347475421e-08
4.21065513071e-09	4.6826436062e-09
4.21429439735e-09	-8.81398332098e-09
4.21793366398e-09	-1.11592228791e-08
4.22157293062e-09	-2.99083335875e-09
4.22521219726e-09	9.62409885119e-09
4.2288514639e-09	1.8124236334e-08
4.23249073053e-09	1.56243871174e-08
4.23612999717e-09	2.92661644918e-10
4.23976926381e-09	-2.36643806772e-08
4.24340853044e-09	-4.77660293541e-08
4.24704779708e-09	-6.28092777788e-08
4.25068706372e-09	-6.25921785513e-08
4.25432633036e-09	-4.63273472917e-08
4.25796559699e-09	-1.89298461351e-08
4.26160486363e-09	1.0813926643e-08
4.26524413027e-09	3.34931158363e-08
4.2688833969e-09	4.25933528447e-08
4.27252266354e-09	3.69754005192e-08
4.27616193018e-09	2.12311110914e-08
4.27980119681e-09	3.63283181315e-09
4.28344046345e-09	-7.54516893409e-09
4.28707973009e-09	-7.72019959072e-09
4.29071899673e-09	2.03109307151e-09
4.29435826336e-09	1.56694888176e-08
4.29799753e-09	2.51261464967e-08
4.30163679664e-09	2.40195454637e-08
4.30527606327e-09	1.0445542209e-08
4.30891532991e-09	-1.22930750024e-08
4.31255459655e-09	-3.7083552229e-08
4.31619386319e-09	-5.57359989273e-08
4.31983312982e-09	-6.19673770075e-08
4.32347239646e-09	-5.35986828254e-08
4.3271116631e-09	-3.32768941291e-08
4.33075092973e-09	-7.51980167024e-09
4.33439019637e-09	1.56448933808e-08
4.33802946301e-09	2.96458910753e-08
4.34166872965e-09	3.17655235449e-08
4.34530799628e-09	2.39408546321e-08
4.34894726292e-09	1.16203944245e-08
4.35258652956e-09	1.20655729852e-09
4.35622579619e-09	-2.70653477408e-09
4.35986506283e-09	9.4373531212e-10
4.36350432947e-09	9.61397272903e-09
4.3671435961e-09	1.85024831012e-08
4.37078286274e-09	2.25779430707e-08
4.37442212938e-09	1.84594064478e-08
4.37806139602e-09	5.58415758078e-09
4.38170066265e-09	-1.35350708419e-08
4.38533992929e-09	-3.39586172515e-08
4.38897919593e-09	-4.97684027323e-08
4.39261846256e-09	-5.59710073844e-08
4.3962577292e-09	-5.02567303329e-08
4.39989699584e-09	-3.39543611005e-08
4.40353626248e-09	-1.16983720488e-08
4.40717552911e-09	1.01528199181e-08
4.41081479575e-09	2.57068393239e-08
4.41445406239e-09	3.14740198348e-08
4.41809332902e-09	2.73707865261e-08
4.42173259566e-09	1.65171378796e-08
4.4253718623e-09	4.0291832093e-09
4.42901112894e-09	-4.76422101769e-09
4.43265039557e-09	-6.19041129468e-09
4.43628966221e-09	3.31846772283e-10
4.43992892885e-09	1.18033600671e-08
4.44356819548e-09	2.2475417083e-08
4.44720746212e-09	2.59479833176e-08
4.45084672876e-09	1.78919208338e-08
4.45448599539e-09	-1.71102532143e-09
4.45812526203e-09	-2.79228551392e-08
4.46176452867e-09	-5.22998639951e-08
4.46540379531e-09	-6.59791723479e-08
4.46904306194e-09	-6.31865191281e-08
4.47268232858e-09	-4.37095124539e-08
4.47632159522e-09	-1.32962671984e-08
4.47996086185e-09	1.82279418226e-08
4.48360012849e-09	4.04690965183e-08
4.48723939513e-09	4.63458711408e-08
4.49087866177e-09	3.49071029859e-08
4.4945179284e-09	1.19254224273e-08
4.49815719504e-09	-1.21639098793e-08
4.50179646168e-09	-2.63877399931e-08
4.50543572831e-09	-2.39000801372e-08
4.50907499495e-09	-5.21818233068e-09
4.51271426159e-09	2.15465956188e-08
4.51635352823e-09	4.38047038642e-08
4.51999279486e-09	4.97915060294e-08
4.5236320615e-09	3.38324426252e-08
4.52727132814e-09	-7.55238760419e-10
4.53091059477e-09	-4.2488128571e-08
4.53454986141e-09	-7.60191696259e-08
4.53818912805e-09	-8.82177033645e-08
4.54182839469e-09	-7.35837701882e-08
4.54546766132e-09	-3.67671830759e-08
4.54910692796e-09	8.92812668241e-09
4.5527461946e-09	4.65872993516e-08
4.55638546123e-09	6.24002751692e-08
4.56002472787e-09	5.13715434636e-08
4.56366399451e-09	1.95653733215e-08
4.56730326114e-09	-1.82288566464e-08
4.57094252778e-09	-4.46309584845e-08
4.57458179442e-09	-4.71334438146e-08
4.57822106106e-09	-2.36813519905e-08
4.58186032769e-09	1.6137221337e-08
4.58549959433e-09	5.49051009102e-08
4.58913886097e-09	7.46680299812e-08
4.5927781276e-09	6.46436433271e-08
4.59641739424e-09	2.60710315558e-08
4.60005666088e-09	-2.78704028744e-08
4.60369592752e-09	-7.71051276161e-08
4.60733519415e-09	-1.02688062498e-07
4.61097446079e-09	-9.45627789406e-08
4.61461372743e-09	-5.58410597762e-08
4.61825299406e-09	-1.7584349532e-09
4.6218922607e-09	4.64102640763e-08
4.62553152734e-09	7.00714366531e-08
4.62917079398e-09	6.10389108147e-08
4.63281006061e-09	2.49594656054e-08
4.63644932725e-09	-2.10861692551e-08
4.64008859389e-09	-5.58752688562e-08
4.64372786052e-09	-6.31472474311e-08
4.64736712716e-09	-3.86224741078e-08
4.6510063938e-09	8.04087374462e-09
4.65464566043e-09	5.71817295736e-08
4.65828492707e-09	8.73382219879e-08
4.66192419371e-09	8.42772891474e-08
4.66556346035e-09	4.70991707857e-08
4.66920272698e-09	-1.11158433569e-08
4.67284199362e-09	-6.84541561213e-08
4.67648126026e-09	-1.03049842437e-07
4.68012052689e-09	-1.02026056936e-07
4.68375979353e-09	-6.6774632046e-08
4.68739906017e-09	-1.23380399231e-08
4.69103832681e-09	3.89107839283e-08
4.69467759344e-09	6.66258301862e-08
4.69831686008e-09	6.09038863786e-08
4.70195612672e-09	2.6230647876e-08
4.70559539335e-09	-2.06628438804e-08
4.70923465999e-09	-5.80779193626e-08
4.71287392663e-09	-6.86164440822e-08
4.71651319327e-09	-4.65445708642e-08
4.7201524599e-09	-2.29965824161e-10
4.72379172654e-09	5.13293940685e-08
