% time-domain voltage integration by openEMS v0.0.36-93-g7b9cd51 @Thu Sep 24 16:44:46 2026
% start-coordinates: (0.0583,0,0.000114778) m -> [75,3,5]
% stop-coordinates: (0.0583,0,0.0021) m -> [75,3,7]
% t/s	voltage
0	-0
3.63926663709e-12	-0
7.27853327417e-12	-0
1.09177999113e-11	-0
1.45570665483e-11	-0
1.81963331854e-11	-0
2.18355998225e-11	-0
2.54748664596e-11	-8.29583126961e-32
2.91141330967e-11	-7.05206558222e-29
3.27533997338e-11	-1.7229772187e-26
3.63926663709e-11	-1.67315462823e-24
4.00319330079e-11	-7.98731874396e-23
4.3671199645e-11	-2.16703814088e-21
4.73104662821e-11	-3.7250510959e-20
5.09497329192e-11	-4.40251584652e-19
5.45889995563e-11	-3.81181690409e-18
5.82282661934e-11	-2.5424530605e-17
6.18675328305e-11	-1.36012959052e-16
6.55067994676e-11	-6.02863821895e-16
6.91460661046e-11	-2.27181907396e-15
7.27853327417e-11	-7.42186753763e-15
7.64245993788e-11	-2.12908545672e-14
8.00638660159e-11	-5.38800080263e-14
8.3703132653e-11	-1.1941891974e-13
8.73423992901e-11	-2.24869134543e-13
9.09816659272e-11	-3.25546332242e-13
9.46209325642e-11	-2.00509720589e-13
9.82601992013e-11	8.42461557872e-13
1.01899465838e-10	4.58589080338e-12
1.05538732475e-10	1.50794986307e-11
1.09177999113e-10	4.06883038546e-11
1.1281726575e-10	9.7363608495e-11
1.16456532387e-10	2.13414976663e-10
1.20095799024e-10	4.3577486758e-10
1.23735065661e-10	8.37117403174e-10
1.27374332298e-10	1.52209234106e-09
1.31013598935e-10	2.62923149918e-09
1.34652865572e-10	4.32276936468e-09
1.38292132209e-10	6.76569422708e-09
1.41931398846e-10	1.00621311283e-08
1.45570665483e-10	1.41539868714e-08
1.49209932121e-10	1.86544633074e-08
1.52849198758e-10	2.26008152193e-08
1.56488465395e-10	2.41113682353e-08
1.60127732032e-10	1.99397769407e-08
1.63766998669e-10	4.93336083096e-09
1.67406265306e-10	-2.85762276064e-08
1.71045531943e-10	-9.13938595914e-08
1.7468479858e-10	-1.98003821339e-07
1.78324065217e-10	-3.66911415028e-07
1.81963331854e-10	-6.20630245862e-07
1.85602598491e-10	-9.85144438914e-07
1.89241865128e-10	-1.48866867278e-06
1.92881131766e-10	-2.15955697058e-06
1.96520398403e-10	-3.02324593804e-06
2.0015966504e-10	-4.09818420621e-06
2.03798931677e-10	-5.39082441264e-06
2.07438198314e-10	-6.8897940082e-06
2.11077464951e-10	-8.55965674873e-06
2.14716731588e-10	-1.03346790183e-05
2.18355998225e-10	-1.21132696904e-05
2.21995264862e-10	-1.37539764182e-05
2.25634531499e-10	-1.50738901539e-05
2.29273798136e-10	-1.58503903549e-05
2.32913064774e-10	-1.5826999288e-05
2.36552331411e-10	-1.47239038597e-05
2.40191598048e-10	-1.22531577063e-05
2.43830864685e-10	-8.13832832591e-06
2.47470131322e-10	-2.13757965639e-06
2.51109397959e-10	5.93086338085e-06
2.54748664596e-10	1.61626344379e-05
2.58387931233e-10	2.85423125206e-05
2.6202719787e-10	4.29217348028e-05
2.65666464507e-10	5.90037388974e-05
2.69305731144e-10	7.63339303376e-05
2.72944997781e-10	9.43022259889e-05
2.76584264419e-10	0.000112156745672
2.80223531056e-10	0.000129031086544
2.83862797693e-10	0.00014398489111
2.8750206433e-10	0.000156056223204
2.91141330967e-10	0.00016432272605
2.94780597604e-10	0.000167967100424
2.98419864241e-10	0.00016634144049
3.02059130878e-10	0.000159025446919
3.05698397515e-10	0.000145874106238
3.09337664152e-10	0.000127051116579
3.12976930789e-10	0.000103045938886
3.16616197426e-10	7.46725463614e-05
3.20255464064e-10	4.30483291893e-05
3.23894730701e-10	9.55157634053e-06
3.27533997338e-10	-2.42434171014e-05
3.31173263975e-10	-5.66520593566e-05
3.34812530612e-10	-8.59837082317e-05
3.38451797249e-10	-0.000110654793389
3.42091063886e-10	-0.000129303525682
3.45730330523e-10	-0.000140891859701
3.4936959716e-10	-0.000144785091834
3.53008863797e-10	-0.000140799887959
3.56648130434e-10	-0.000129219792143
3.60287397072e-10	-0.000110778448288
3.63926663709e-10	-8.66166365086e-05
3.67565930346e-10	-5.82190405112e-05
3.71205196983e-10	-2.73327091236e-05
3.7484446362e-10	4.12906871361e-06
3.78483730257e-10	3.41994368682e-05
3.82122996894e-10	6.09857570453e-05
3.85762263531e-10	8.28073243611e-05
3.89401530168e-10	9.83298050414e-05
3.93040796805e-10	0.000106680447061
3.96680063442e-10	0.000107523541374
4.00319330079e-10	0.000101082033325
4.03958596717e-10	8.81014566403e-05
4.07597863354e-10	6.97625719113e-05
4.11237129991e-10	4.75609222121e-05
4.14876396628e-10	2.31771959989e-05
4.18515663265e-10	-1.64440126582e-06
4.22154929902e-10	-2.51991514233e-05
4.25794196539e-10	-4.59085640614e-05
4.29433463176e-10	-6.24008080194e-05
4.33072729813e-10	-7.35950616217e-05
4.3671199645e-10	-7.87910867075e-05
4.40351263087e-10	-7.77540790295e-05
4.43990529725e-10	-7.07712197254e-05
4.47629796362e-10	-5.86535015827e-05
4.51269062999e-10	-4.26655369665e-05
4.54908329636e-10	-2.43822889843e-05
4.58547596273e-10	-5.49663059246e-06
4.6218686291e-10	1.23829624954e-05
4.65826129547e-10	2.78989086837e-05
4.69465396184e-10	4.00439284931e-05
4.73104662821e-10	4.81833053527e-05
4.76743929458e-10	5.20194025739e-05
4.80383196095e-10	5.15343508596e-05
4.84022462732e-10	4.69475307909e-05
4.8766172937e-10	3.87098161809e-05
4.91300996007e-10	2.75276661341e-05
4.94940262644e-10	1.43871120599e-05
4.98579529281e-10	5.33687618542e-07
5.02218795918e-10	-1.26222410017e-05
5.05858062555e-10	-2.368089622e-05
5.09497329192e-10	-3.14747835546e-05
5.13136595829e-10	-3.52773186023e-05
5.16775862466e-10	-3.49302913492e-05
5.20415129103e-10	-3.0845452784e-05
5.2405439574e-10	-2.38749048549e-05
5.27693662377e-10	-1.509531171e-05
5.31332929015e-10	-5.57889876518e-06
5.34972195652e-10	3.7712141534e-06
5.38611462289e-10	1.22762469346e-05
5.42250728926e-10	1.94299402665e-05
5.45889995563e-10	2.47914986176e-05
5.495292622e-10	2.78978654933e-05
5.53168528837e-10	2.82621886072e-05
5.56807795474e-10	2.54828214565e-05
5.60447062111e-10	1.94296492282e-05
5.64086328748e-10	1.04310555571e-05
5.67725595385e-10	-6.34181418491e-07
5.71364862023e-10	-1.24054670323e-05
5.7500412866e-10	-2.32785073422e-05
5.78643395297e-10	-3.17478943543e-05
5.82282661934e-10	-3.67451266357e-05
5.85921928571e-10	-3.78501654268e-05
5.89561195208e-10	-3.53057707798e-05
5.93200461845e-10	-2.98351938e-05
5.96839728482e-10	-2.23448205361e-05
6.00478995119e-10	-1.36363553338e-05
6.04118261756e-10	-4.24556679945e-06
6.07757528393e-10	5.53456379748e-06
6.1139679503e-10	1.54726076289e-05
6.15036061668e-10	2.51591995948e-05
6.18675328305e-10	3.38422955792e-05
6.22314594942e-10	4.04411680393e-05
6.25953861579e-10	4.37702683485e-05
6.29593128216e-10	4.29055271525e-05
6.33232394853e-10	3.75552644982e-05
6.3687166149e-10	2.82757096102e-05
6.40510928127e-10	1.64251264323e-05
6.44150194764e-10	3.84817417398e-06
6.47789461401e-10	-7.60339435146e-06
6.51428728038e-10	-1.65400340393e-05
6.55067994676e-10	-2.23176889449e-05
6.58707261313e-10	-2.50381767728e-05
6.6234652795e-10	-2.52834804542e-05
6.65985794587e-10	-2.37140372974e-05
6.69625061224e-10	-2.0712747073e-05
6.73264327861e-10	-1.6235622752e-05
6.76903594498e-10	-9.93669175386e-06
6.80542861135e-10	-1.51219948918e-06
6.84182127772e-10	8.89303191798e-06
6.87821394409e-10	2.04150398986e-05
6.91460661046e-10	3.14847134177e-05
6.95099927683e-10	4.01634970331e-05
6.98739194321e-10	4.46940093752e-05
7.02378460958e-10	4.4059730044e-05
7.06017727595e-10	3.83267301913e-05
7.09656994232e-10	2.86242757284e-05
7.13296260869e-10	1.67639589108e-05
7.16935527506e-10	4.64888705665e-06
7.20574794143e-10	-6.29289922927e-06
7.2421406078e-10	-1.5429226778e-05
7.27853327417e-10	-2.28845458423e-05
7.31492594054e-10	-2.91799060506e-05
7.35131860691e-10	-3.47251325366e-05
7.38771127328e-10	-3.93986888412e-05
7.42410393966e-10	-4.24144923272e-05
7.46049660603e-10	-4.25535681643e-05
7.4968892724e-10	-3.86784763577e-05
7.53328193877e-10	-3.03183232973e-05
7.56967460514e-10	-1.80635402103e-05
7.60606727151e-10	-3.57859863698e-06
7.64245993788e-10	1.0804768408e-05
7.67885260425e-10	2.27702871598e-05
7.71524527062e-10	3.07105124193e-05
7.75163793699e-10	3.41552336067e-05
7.78803060336e-10	3.37719902745e-05
7.82442326974e-10	3.09528954858e-05
7.86081593611e-10	2.71718245131e-05
7.89720860248e-10	2.33839161865e-05
7.93360126885e-10	1.97125932573e-05
7.96999393522e-10	1.55453697062e-05
8.00638660159e-10	9.98693269594e-06
8.04277926796e-10	2.46784088631e-06
8.07917193433e-10	-6.7649302764e-06
8.1155646007e-10	-1.65059655046e-05
8.15195726707e-10	-2.48873548117e-05
8.18834993344e-10	-3.00104002235e-05
8.22474259981e-10	-3.065777355e-05
8.26113526619e-10	-2.67829750555e-05
8.29752793256e-10	-1.95628481379e-05
8.33392059893e-10	-1.09839866127e-05
8.3703132653e-10	-3.1331689172e-06
8.40670593167e-10	2.51692407005e-06
8.44309859804e-10	5.54252130769e-06
8.47949126441e-10	6.56474412608e-06
8.51588393078e-10	6.83124005718e-06
8.55227659715e-10	7.57157181397e-06
8.58866926352e-10	9.40007475947e-06
8.62506192989e-10	1.20144820812e-05
8.66145459627e-10	1.43184370245e-05
8.69784726264e-10	1.49202394368e-05
8.73423992901e-10	1.27978391902e-05
8.77063259538e-10	7.83945142757e-06
8.80702526175e-10	1.01230264704e-06
8.84341792812e-10	-5.93016045514e-06
8.87981059449e-10	-1.10882683657e-05
8.91620326086e-10	-1.31318035983e-05
8.95259592723e-10	-1.17892308253e-05
8.9889885936e-10	-7.9111504192e-06
9.02538125997e-10	-3.0969871716e-06
9.06177392634e-10	9.4638718906e-07
9.09816659272e-10	3.04833497466e-06
9.13455925909e-10	2.9696922752e-06
9.17095192546e-10	1.40791661352e-06
9.20734459183e-10	-3.74649733459e-07
9.2437372582e-10	-1.14127881545e-06
9.28012992457e-10	-2.46238911927e-07
9.31652259094e-10	2.06453381679e-06
9.35291525731e-10	4.75079696116e-06
9.38930792368e-10	6.43848056825e-06
9.42570059005e-10	6.04313197528e-06
9.46209325642e-10	3.27769168962e-06
9.49848592279e-10	-1.18414172334e-06
9.53487858917e-10	-5.95699901851e-06
9.57127125554e-10	-9.48850436089e-06
9.60766392191e-10	-1.06579080921e-05
9.64405658828e-10	-9.18292414553e-06
9.68044925465e-10	-5.6866686009e-06
9.71684192102e-10	-1.42262193492e-06
9.75323458739e-10	2.21844408088e-06
9.78962725376e-10	4.22634684583e-06
9.82601992013e-10	4.32124807048e-06
9.8624125865e-10	3.00646013329e-06
9.89880525287e-10	1.30409972598e-06
9.93519791925e-10	2.82163764354e-07
9.97159058562e-10	5.72856727388e-07
1.0007983252e-09	2.0975341215e-06
1.00443759184e-09	4.12049791976e-06
1.00807685847e-09	5.60302936492e-06
1.01171612511e-09	5.68411098811e-06
1.01535539175e-09	4.06608523917e-06
1.01899465838e-09	1.1406926177e-06
1.02263392502e-09	-2.17470878283e-06
1.02627319166e-09	-4.79766367789e-06
1.0299124583e-09	-5.8810135215e-06
1.03355172493e-09	-5.10620998284e-06
1.03719099157e-09	-2.77956118566e-06
1.04083025821e-09	2.91444667511e-07
1.04446952484e-09	3.09582992486e-06
1.04810879148e-09	4.78847334762e-06
1.05174805812e-09	4.99111393992e-06
1.05538732475e-09	3.90156509411e-06
1.05902659139e-09	2.15942506543e-06
1.06266585803e-09	5.32451316815e-07
1.06630512467e-09	-4.2649828913e-07
1.0699443913e-09	-5.890639585e-07
1.07358365794e-09	-2.44942899741e-07
1.07722292458e-09	8.99249590347e-08
1.08086219121e-09	-6.4992667248e-08
1.08450145785e-09	-9.43349519389e-07
1.08814072449e-09	-2.44128020199e-06
1.09177999113e-09	-4.15260137743e-06
1.09541925776e-09	-5.50020519086e-06
1.0990585244e-09	-5.92355536355e-06
1.10269779104e-09	-5.07566642227e-06
1.10633705767e-09	-2.9696793149e-06
1.10997632431e-09	-9.30429866486e-09
1.11361559095e-09	3.12799485869e-06
1.11725485759e-09	5.72118176478e-06
1.12089412422e-09	7.24725964574e-06
1.12453339086e-09	7.52571941121e-06
1.1281726575e-09	6.70919826007e-06
1.13181192413e-09	5.15420452984e-06
1.13545119077e-09	3.25703024373e-06
1.13909045741e-09	1.33354748755e-06
1.14272972405e-09	-4.32614783108e-07
1.14636899068e-09	-1.99166836978e-06
1.15000825732e-09	-3.40215859751e-06
1.15364752396e-09	-4.77887647321e-06
1.15728679059e-09	-6.20558364517e-06
1.16092605723e-09	-7.63224807088e-06
1.16456532387e-09	-8.8114288701e-06
1.1682045905e-09	-9.33472472298e-06
1.17184385714e-09	-8.77831394064e-06
1.17548312378e-09	-6.89524699737e-06
1.17912239042e-09	-3.75352254878e-06
1.18276165705e-09	2.50315856931e-07
1.18640092369e-09	4.4995844064e-06
1.19004019033e-09	8.32304999676e-06
1.19367945696e-09	1.11472375011e-05
1.1973187236e-09	1.26001235685e-05
1.20095799024e-09	1.25674162064e-05
1.20459725688e-09	1.12038397901e-05
1.20823652351e-09	8.88502768248e-06
1.21187579015e-09	6.0854969206e-06
1.21551505679e-09	3.208854082e-06
1.21915432342e-09	4.47460788422e-07
1.22279359006e-09	-2.24198981869e-06
1.2264328567e-09	-5.01754357174e-06
1.23007212334e-09	-7.95072674009e-06
1.23371138997e-09	-1.08657145574e-05
1.23735065661e-09	-1.33192627345e-05
1.24098992325e-09	-1.47318137351e-05
1.24462918988e-09	-1.45965705087e-05
1.24826845652e-09	-1.26641728002e-05
1.25190772316e-09	-9.03823081444e-06
1.25554698979e-09	-4.17032782707e-06
1.25918625643e-09	1.22688281579e-06
1.26282552307e-09	6.32978617432e-06
1.26646478971e-09	1.03977070012e-05
1.27010405634e-09	1.29650820782e-05
1.27374332298e-09	1.39559360832e-05
1.27738258962e-09	1.36499684231e-05
1.28102185625e-09	1.24969631088e-05
1.28466112289e-09	1.08672239776e-05
1.28830038953e-09	8.87789929038e-06
1.29193965617e-09	6.3942630959e-06
1.2955789228e-09	3.19887254818e-06
1.29921818944e-09	-7.79529869988e-07
1.30285745608e-09	-5.31122327629e-06
1.30649672271e-09	-9.85966062217e-06
1.31013598935e-09	-1.37104525493e-05
1.31377525599e-09	-1.61650277732e-05
1.31741452263e-09	-1.67275288732e-05
1.32105378926e-09	-1.52407960741e-05
1.3246930559e-09	-1.1945118672e-05
1.32833232254e-09	-7.43474186038e-06
1.33197158917e-09	-2.5013894458e-06
1.33561085581e-09	2.1015493985e-06
1.33925012245e-09	5.88205477925e-06
1.34288938908e-09	8.70850806223e-06
1.34652865572e-09	1.07276777044e-05
1.35016792236e-09	1.21500398791e-05
1.353807189e-09	1.30336095481e-05
1.35744645563e-09	1.31984181735e-05
1.36108572227e-09	1.23158964698e-05
1.36472498891e-09	1.01090112139e-05
1.36836425554e-09	6.54315419979e-06
1.37200352218e-09	1.91249927184e-06
1.37564278882e-09	-3.20069779036e-06
1.37928205546e-09	-8.05761487754e-06
1.38292132209e-09	-1.19318972338e-05
1.38656058873e-09	-1.42755936849e-05
1.39019985537e-09	-1.48470569457e-05
1.393839122e-09	-1.37614267715e-05
1.39747838864e-09	-1.14276580234e-05
1.40111765528e-09	-8.37803929699e-06
1.40475692192e-09	-5.05948099772e-06
1.40839618855e-09	-1.69619711698e-06
1.41203545519e-09	1.69601321431e-06
1.41567472183e-09	5.15512533639e-06
1.41931398846e-09	8.58102725942e-06
1.4229532551e-09	1.16357430215e-05
1.42659252174e-09	1.38025368415e-05
1.43023178837e-09	1.45698211327e-05
1.43387105501e-09	1.36348705837e-05
1.43751032165e-09	1.10274061171e-05
1.44114958829e-09	7.11112045337e-06
1.44478885492e-09	2.48474128739e-06
1.44842812156e-09	-2.16866078517e-06
1.4520673882e-09	-6.23969640401e-06
1.45570665483e-09	-9.32270256726e-06
1.45934592147e-09	-1.12818891012e-05
1.46298518811e-09	-1.22210060454e-05
1.46662445475e-09	-1.23557952065e-05
1.47026372138e-09	-1.18433279113e-05
1.47390298802e-09	-1.06651507394e-05
1.47754225466e-09	-8.64561457092e-06
1.48118152129e-09	-5.60936848615e-06
1.48482078793e-09	-1.58992028787e-06
1.48846005457e-09	3.04072167978e-06
1.49209932121e-09	7.60852185522e-06
1.49573858784e-09	1.13295492383e-05
1.49937785448e-09	1.356158009e-05
1.50301712112e-09	1.39975004458e-05
1.50665638775e-09	1.27273815451e-05
1.51029565439e-09	1.01666191767e-05
1.51393492103e-09	6.89640683049e-06
1.51757418766e-09	3.4787449863e-06
1.5212134543e-09	3.01956669446e-07
1.52485272094e-09	-2.4958446545e-06
1.52849198758e-09	-4.99396998066e-06
1.53213125421e-09	-7.34906325306e-06
1.53577052085e-09	-9.60470981681e-06
1.53940978749e-09	-1.15499187814e-05
1.54304905412e-09	-1.27208255662e-05
1.54668832076e-09	-1.25706851577e-05
1.5503275874e-09	-1.0735765386e-05
1.55396685404e-09	-7.26024461528e-06
1.55760612067e-09	-2.65719089043e-06
1.56124538731e-09	2.23051583248e-06
1.56488465395e-09	6.50343133657e-06
1.56852392058e-09	9.48614160734e-06
1.57216318722e-09	1.09021538037e-05
1.57580245386e-09	1.08898337885e-05
1.5794417205e-09	9.87685780274e-06
1.58308098713e-09	8.37423567646e-06
1.58672025377e-09	6.76845729686e-06
1.59035952041e-09	5.18469056487e-06
1.59399878704e-09	3.47537309153e-06
1.59763805368e-09	1.34773628702e-06
1.60127732032e-09	-1.41524812136e-06
1.60491658695e-09	-4.7407380066e-06
1.60855585359e-09	-8.17499437744e-06
1.61219512023e-09	-1.09823025696e-05
1.61583438687e-09	-1.24071952996e-05
1.6194736535e-09	-1.19806154544e-05
1.62311292014e-09	-9.72388670561e-06
1.62675218678e-09	-6.15301757989e-06
1.63039145341e-09	-2.08846680039e-06
1.63403072005e-09	1.63626441463e-06
1.63766998669e-09	4.43773859615e-06
1.64130925333e-09	6.12000337696e-06
1.64494851996e-09	6.85254462951e-06
1.6485877866e-09	7.01822546034e-06
1.65222705324e-09	7.00030909684e-06
1.65586631987e-09	6.99098643508e-06
1.65950558651e-09	6.89600585702e-06
1.66314485315e-09	6.37976177131e-06
1.66678411979e-09	5.0433038723e-06
1.67042338642e-09	2.66329010401e-06
1.67406265306e-09	-6.19729647156e-07
1.6777019197e-09	-4.26759726224e-06
1.68134118633e-09	-7.49815046674e-06
1.68498045297e-09	-9.56525252604e-06
1.68861971961e-09	-1.00345819192e-05
1.69225898625e-09	-8.92880484571e-06
1.69589825288e-09	-6.68287850658e-06
1.69953751952e-09	-3.94694359329e-06
1.70317678616e-09	-1.33732756069e-06
1.70681605279e-09	7.5662667598e-07
1.71045531943e-09	2.24540931981e-06
1.71409458607e-09	3.28604357946e-06
1.7177338527e-09	4.14055426745e-06
1.72137311934e-09	5.00803088244e-06
1.72501238598e-09	5.89393204109e-06
1.72865165262e-09	6.57274438254e-06
1.73229091925e-09	6.66819448725e-06
1.73593018589e-09	5.82961058626e-06
1.73956945253e-09	3.92807135086e-06
1.74320871916e-09	1.17511117992e-06
1.7468479858e-09	-1.90778658293e-06
1.75048725244e-09	-4.66438933699e-06
1.75412651908e-09	-6.54188829685e-06
1.75776578571e-09	-7.27596557226e-06
1.76140505235e-09	-6.93948550179e-06
1.76504431899e-09	-5.84967619943e-06
1.76868358562e-09	-4.39811867636e-06
1.77232285226e-09	-2.89420248123e-06
1.7759621189e-09	-1.4837663258e-06
1.77960138554e-09	-1.58016192131e-07
1.78324065217e-09	1.17302641911e-06
1.78687991881e-09	2.58024419963e-06
1.79051918545e-09	4.02771661356e-06
1.79415845208e-09	5.33096306299e-06
1.79779771872e-09	6.18798475216e-06
1.80143698536e-09	6.28507405054e-06
1.80507625199e-09	5.441601445e-06
1.80871551863e-09	3.72329117226e-06
1.81235478527e-09	1.45506720628e-06
1.81599405191e-09	-8.87362332946e-07
1.81963331854e-09	-2.85813462142e-06
1.82327258518e-09	-4.1987283339e-06
1.82691185182e-09	-4.89131969061e-06
1.83055111845e-09	-5.0899540156e-06
1.83419038509e-09	-4.98461116649e-06
1.83782965173e-09	-4.68106918561e-06
1.84146891837e-09	-4.15815821952e-06
1.845108185e-09	-3.30825537276e-06
1.84874745164e-09	-2.02671895977e-06
1.85238671828e-09	-3.0261416839e-07
1.85602598491e-09	1.72298524603e-06
1.85966525155e-09	3.75165734567e-06
1.86330451819e-09	5.38471039135e-06
1.86694378483e-09	6.23843709491e-06
1.87058305146e-09	6.08668432278e-06
1.8742223181e-09	4.96877612477e-06
1.87786158474e-09	3.19895815437e-06
1.88150085137e-09	1.25086657476e-06
1.88514011801e-09	-4.36752188193e-07
1.88877938465e-09	-1.63612222082e-06
1.89241865128e-09	-2.39169744987e-06
1.89605791792e-09	-2.93697911502e-06
1.89969718456e-09	-3.51827037548e-06
1.9033364512e-09	-4.22715038439e-06
1.90697571783e-09	-4.92744203484e-06
1.91061498447e-09	-5.30451217173e-06
1.91425425111e-09	-5.00380576796e-06
1.91789351774e-09	-3.79408481876e-06
1.92153278438e-09	-1.69482061096e-06
1.92517205102e-09	9.77474613251e-07
1.92881131766e-09	3.66644803762e-06
1.93245058429e-09	5.73496197376e-06
1.93608985093e-09	6.6823989755e-06
1.93972911757e-09	6.3390766627e-06
1.9433683842e-09	4.94163907661e-06
1.94700765084e-09	3.03764645082e-06
1.95064691748e-09	1.24832962456e-06
1.95428618412e-09	1.13512310662e-09
1.95792545075e-09	-6.35957093209e-07
1.96156471739e-09	-9.37835807235e-07
1.96520398403e-09	-1.34062074153e-06
1.96884325066e-09	-2.19246874167e-06
1.9724825173e-09	-3.55660159812e-06
1.97612178394e-09	-5.14932708029e-06
1.97976105057e-09	-6.42926886485e-06
1.98340031721e-09	-6.79977961227e-06
1.98703958385e-09	-5.84987361663e-06
1.99067885049e-09	-3.55024536702e-06
1.99431811712e-09	-3.23175548544e-07
1.99795738376e-09	3.05769384568e-06
2.0015966504e-09	5.72387034481e-06
2.00523591703e-09	7.031222367e-06
2.00887518367e-09	6.80557036503e-06
2.01251445031e-09	5.39479452755e-06
2.01615371695e-09	3.49677600298e-06
2.01979298358e-09	1.84209983445e-06
2.02343225022e-09	8.8118567021e-07
2.02707151686e-09	6.18271307928e-07
2.03071078349e-09	6.54580176729e-07
2.03435005013e-09	4.08330571133e-07
2.03798931677e-09	-5.94024747613e-07
2.04162858341e-09	-2.4734976023e-06
2.04526785004e-09	-4.89744678589e-06
2.04890711668e-09	-7.1609964607e-06
2.05254638332e-09	-8.43311602239e-06
2.05618564995e-09	-8.08261086149e-06
2.05982491659e-09	-5.95964803551e-06
2.06346418323e-09	-2.50521964063e-06
2.06710344986e-09	1.37650475551e-06
2.0707427165e-09	4.64574037551e-06
2.07438198314e-09	6.51812183605e-06
2.07802124978e-09	6.7472600449e-06
2.08166051641e-09	5.67635322568e-06
2.08529978305e-09	4.04461815151e-06
2.08893904969e-09	2.64571366415e-06
2.09257831632e-09	1.98875378032e-06
2.09621758296e-09	2.10097437048e-06
2.0998568496e-09	2.54081146522e-06
2.10349611624e-09	2.61054807993e-06
2.10713538287e-09	1.682049799e-06
2.11077464951e-09	-4.89341196896e-07
2.11441391615e-09	-3.59429958507e-06
2.11805318278e-09	-6.82504492033e-06
2.12169244942e-09	-9.15507825994e-06
2.12533171606e-09	-9.73865883225e-06
2.1289709827e-09	-8.2624769675e-06
2.13261024933e-09	-5.09153034045e-06
2.13624951597e-09	-1.13958274994e-06
2.13988878261e-09	2.47942702458e-06
2.14352804924e-09	4.86906890274e-06
2.14716731588e-09	5.66129972412e-06
2.15080658252e-09	5.10337326887e-06
2.15444584916e-09	3.898194052e-06
2.15808511579e-09	2.87505545771e-06
2.16172438243e-09	2.62307861476e-06
2.16536364907e-09	3.23361035726e-06
2.1690029157e-09	4.25478060606e-06
2.17264218234e-09	4.88590580972e-06
2.17628144898e-09	4.34034961927e-06
2.17992071561e-09	2.22790552584e-06
2.18355998225e-09	-1.21341828674e-06
2.18719924889e-09	-5.14983088351e-06
2.19083851553e-09	-8.4449870883e-06
2.19447778216e-09	-1.00926660025e-05
2.1981170488e-09	-9.60301213127e-06
2.20175631544e-09	-7.18283035894e-06
2.20539558207e-09	-3.642092679e-06
2.20903484871e-09	-7.59096279168e-08
2.21267411535e-09	2.54704980307e-06
2.21631338199e-09	3.7288303929e-06
2.21995264862e-09	3.59171122e-06
2.22359191526e-09	2.77739673038e-06
2.2272311819e-09	2.13507865965e-06
2.23087044853e-09	2.32271057143e-06
2.23450971517e-09	3.48940039885e-06
2.23814898181e-09	5.18297849794e-06
2.24178824845e-09	6.53313543353e-06
2.24542751508e-09	6.63656226152e-06
2.24906678172e-09	4.97327590665e-06
2.25270604836e-09	1.66908274934e-06
2.25634531499e-09	-2.5115382698e-06
2.25998458163e-09	-6.43382077214e-06
2.26362384827e-09	-9.00732948139e-06
2.2672631149e-09	-9.57817712788e-06
2.27090238154e-09	-8.15146745481e-06
2.27454164818e-09	-5.36535088713e-06
2.27818091482e-09	-2.23129092092e-06
2.28182018145e-09	2.61351324582e-07
2.28545944809e-09	1.52445309709e-06
2.28909871473e-09	1.57998610462e-06
2.29273798136e-09	1.00713485551e-06
2.296377248e-09	6.43667092959e-07
2.30001651464e-09	1.17219131823e-06
2.30365578128e-09	2.777874613e-06
2.30729504791e-09	5.03638813143e-06
2.31093431455e-09	7.07972799319e-06
2.31457358119e-09	7.96231086042e-06
2.31821284782e-09	7.06258992977e-06
2.32185211446e-09	4.35325978287e-06
2.3254913811e-09	4.37555666366e-07
2.32913064774e-09	-3.65356424936e-06
2.33276991437e-09	-6.82220820636e-06
2.33640918101e-09	-8.28963231925e-06
2.34004844765e-09	-7.86490909377e-06
2.34368771428e-09	-5.99270003931e-06
2.34732698092e-09	-3.55264381824e-06
2.35096624756e-09	-1.4863242086e-06
2.35460551419e-09	-4.05357464928e-07
2.35824478083e-09	-3.55051579248e-07
2.36188404747e-09	-8.38376969625e-07
2.36552331411e-09	-1.08631378737e-06
2.36916258074e-09	-4.42728083527e-07
2.37280184738e-09	1.3135376804e-06
2.37644111402e-09	3.84776421924e-06
2.38008038065e-09	6.38862343294e-06
2.38371964729e-09	8.02551596735e-06
2.38735891393e-09	8.06053139968e-06
2.39099818057e-09	6.28296606919e-06
2.3946374472e-09	3.06946998307e-06
2.39827671384e-09	-7.29928139265e-07
2.40191598048e-09	-4.08487125014e-06
2.40555524711e-09	-6.15494502654e-06
2.40919451375e-09	-6.5906430109e-06
2.41283378039e-09	-5.63770998951e-06
2.41647304703e-09	-3.99305025667e-06
2.42011231366e-09	-2.47711878387e-06
2.4237515803e-09	-1.67208290236e-06
2.42739084694e-09	-1.69088372104e-06
2.43103011357e-09	-2.17064388153e-06
2.43466938021e-09	-2.47586007163e-06
2.43830864685e-09	-2.00616679535e-06
2.44194791348e-09	-4.73814608881e-07
2.44558718012e-09	1.95287188376e-06
2.44922644676e-09	4.68541969667e-06
2.4528657134e-09	6.91063110025e-06
2.45650498003e-09	7.88048896538e-06
2.46014424667e-09	7.19472700439e-06
2.46378351331e-09	4.97066844218e-06
2.46742277994e-09	1.82098983714e-06
2.47106204658e-09	-1.36433477849e-06
2.47470131322e-09	-3.75137932451e-06
2.47834057986e-09	-4.86702811031e-06
2.48197984649e-09	-4.74278380125e-06
2.48561911313e-09	-3.84069272741e-06
2.48925837977e-09	-2.80930862573e-06
2.4928976464e-09	-2.1903640004e-06
2.49653691304e-09	-2.20247659399e-06
2.50017617968e-09	-2.67869432946e-06
2.50381544632e-09	-3.16169661119e-06
2.50745471295e-09	-3.10811986992e-06
2.51109397959e-09	-2.12411731582e-06
2.51473324623e-09	-1.53244841705e-07
2.51837251286e-09	2.45430723567e-06
2.5220117795e-09	5.02726106788e-06
2.52565104614e-09	6.800082474e-06
2.52929031277e-09	7.19998843124e-06
2.53292957941e-09	6.07633990057e-06
2.53656884605e-09	3.76611274078e-06
2.54020811269e-09	9.62918022651e-07
2.54384737932e-09	-1.5519926535e-06
2.54748664596e-09	-3.1950481798e-06
2.5511259126e-09	-3.76349078124e-06
2.55476517923e-09	-3.45529201695e-06
2.55840444587e-09	-2.7388087176e-06
2.56204371251e-09	-2.13956593598e-06
2.56568297915e-09	-2.02448615028e-06
2.56932224578e-09	-2.45632361384e-06
2.57296151242e-09	-3.16401408895e-06
2.57660077906e-09	-3.64680948906e-06
2.58024004569e-09	-3.38375855335e-06
2.58387931233e-09	-2.07668051644e-06
2.58751857897e-09	1.77738066043e-07
2.59115784561e-09	2.87293684664e-06
2.59479711224e-09	5.25744735569e-06
2.59843637888e-09	6.61574972582e-06
2.60207564552e-09	6.54267978462e-06
2.60571491215e-09	5.09248570779e-06
2.60935417879e-09	2.74490383845e-06
2.61299344543e-09	2.15143746374e-07
2.61663271206e-09	-1.80787151294e-06
2.6202719787e-09	-2.89319817171e-06
2.62391124534e-09	-2.99392263514e-06
2.62755051198e-09	-2.43092296159e-06
2.63118977861e-09	-1.74338342163e-06
2.63482904525e-09	-1.45447981481e-06
2.63846831189e-09	-1.83690721656e-06
2.64210757852e-09	-2.77417638017e-06
2.64574684516e-09	-3.78898459985e-06
2.6493861118e-09	-4.24236048957e-06
2.65302537844e-09	-3.62533126008e-06
2.65666464507e-09	-1.81197839311e-06
2.66030391171e-09	8.46024349244e-07
2.66394317835e-09	3.63009149851e-06
2.66758244498e-09	5.72198950977e-06
2.67122171162e-09	6.51016785014e-06
2.67486097826e-09	5.81032162472e-06
2.6785002449e-09	3.91946906575e-06
2.68213951153e-09	1.49370143276e-06
2.68577877817e-09	-6.99156871065e-07
2.68941804481e-09	-2.06010818715e-06
2.69305731144e-09	-2.37319432017e-06
2.69669657808e-09	-1.87066203239e-06
2.70033584472e-09	-1.1164735696e-06
2.70397511136e-09	-7.45247852763e-07
2.70761437799e-09	-1.16156000729e-06
2.71125364463e-09	-2.3344425415e-06
2.71489291127e-09	-3.78795715505e-06
2.7185321779e-09	-4.80181091689e-06
2.72217144454e-09	-4.73330322848e-06
2.72581071118e-09	-3.3148720604e-06
2.72944997781e-09	-7.92241273473e-07
2.73308924445e-09	2.15300244122e-06
2.73672851109e-09	4.65790697035e-06
2.74036777773e-09	5.99941131441e-06
2.74400704436e-09	5.8556508975e-06
2.747646311e-09	4.41105328264e-06
2.75128557764e-09	2.270322085e-06
2.75492484427e-09	2.15652711688e-07
2.75856411091e-09	-1.10260546649e-06
2.76220337755e-09	-1.42003980841e-06
2.76584264419e-09	-9.50463530103e-07
2.76948191082e-09	-2.6908128703e-07
2.77312117746e-09	-3.12156203108e-08
2.7767604441e-09	-6.497348366e-07
2.78039971073e-09	-2.08216917486e-06
2.78403897737e-09	-3.82902101137e-06
2.78767824401e-09	-5.14598031032e-06
2.79131751065e-09	-5.37059128192e-06
2.79495677728e-09	-4.21470076617e-06
2.79859604392e-09	-1.89626462088e-06
2.80223531056e-09	9.38444941312e-07
2.80587457719e-09	3.4607279531e-06
2.80951384383e-09	4.96962769603e-06
2.81315311047e-09	5.1441890605e-06
2.8167923771e-09	4.14402052229e-06
2.82043164374e-09	2.52091865605e-06
2.82407091038e-09	9.77008411951e-07
2.82771017702e-09	6.49880380621e-08
2.83134944365e-09	-4.18224894716e-08
2.83498871029e-09	3.92602608201e-07
2.83862797693e-09	8.128559017e-07
2.84226724356e-09	6.5615870426e-07
2.8459065102e-09	-3.58235503484e-07
2.84954577684e-09	-2.07352607617e-06
2.85318504348e-09	-3.94630365008e-06
2.85682431011e-09	-5.27719106458e-06
2.86046357675e-09	-5.51084337985e-06
2.86410284339e-09	-4.46948280342e-06
2.86774211002e-09	-2.42443931597e-06
2.87138137666e-09	1.5803558906e-08
2.8750206433e-09	2.14452225578e-06
2.87865990994e-09	3.42376307572e-06
2.88229917657e-09	3.67297104731e-06
2.88593844321e-09	3.10870433395e-06
2.88957770985e-09	2.21960345925e-06
2.89321697648e-09	1.53010032022e-06
2.89685624312e-09	1.35391142919e-06
2.90049550976e-09	1.65064867019e-06
2.90413477639e-09	2.05528260722e-06
2.90777404303e-09	2.07012067222e-06
2.91141330967e-09	1.32759771532e-06
2.91505257631e-09	-2.05848529333e-07
2.91869184294e-09	-2.1844247442e-06
2.92233110958e-09	-4.01762895308e-06
2.92597037622e-09	-5.11675233383e-06
2.92960964285e-09	-5.13765928645e-06
2.93324890949e-09	-4.11218684349e-06
2.93688817613e-09	-2.41976124471e-06
2.94052744277e-09	-6.19909478417e-07
2.9441667094e-09	7.76389171619e-07
2.94780597604e-09	1.50219736383e-06
2.95144524268e-09	1.61763753681e-06
2.95508450931e-09	1.44825844473e-06
2.95872377595e-09	1.40471335897e-06
2.96236304259e-09	1.76335356628e-06
2.96600230923e-09	2.5096840659e-06
2.96964157586e-09	3.32431062589e-06
2.9732808425e-09	3.72654972125e-06
2.97692010914e-09	3.31088455141e-06
2.98055937577e-09	1.96251909301e-06
2.98419864241e-09	-5.72560319156e-08
2.98783790905e-09	-2.19924612566e-06
2.99147717568e-09	-3.84817337817e-06
2.99511644232e-09	-4.57191708847e-06
2.99875570896e-09	-4.28654811913e-06
3.0023949756e-09	-3.26687035113e-06
3.00603424223e-09	-2.00687765073e-06
3.00967350887e-09	-9.95930122372e-07
3.01331277551e-09	-5.0927957318e-07
3.01695204214e-09	-5.00665976233e-07
3.02059130878e-09	-6.42443758636e-07
3.02423057542e-09	-4.9781898781e-07
3.02786984206e-09	2.48791884871e-07
3.03150910869e-09	1.60639908131e-06
3.03514837533e-09	3.22981276213e-06
3.03878764197e-09	4.54170117337e-06
3.0424269086e-09	4.97873031691e-06
3.04606617524e-09	4.24970676249e-06
3.04970544188e-09	2.48408787229e-06
3.05334470852e-09	1.96126803687e-07
3.05698397515e-09	-1.92045311564e-06
3.06062324179e-09	-3.27437555825e-06
3.06426250843e-09	-3.60780228448e-06
3.06790177506e-09	-3.07688418388e-06
3.0715410417e-09	-2.15284615024e-06
3.07518030834e-09	-1.39305447533e-06
3.07881957497e-09	-1.18433324303e-06
3.08245884161e-09	-1.56858666855e-06
3.08609810825e-09	-2.225684824e-06
3.08973737489e-09	-2.62211358404e-06
3.09337664152e-09	-2.26497081712e-06
3.09701590816e-09	-9.51098144242e-07
3.1006551748e-09	1.10154144295e-06
3.10429444143e-09	3.30823274908e-06
3.10793370807e-09	4.9418597996e-06
3.11157297471e-09	5.43334363101e-06
3.11521224135e-09	4.61320161094e-06
3.11885150798e-09	2.78436928625e-06
3.12249077462e-09	5.92787813503e-07
3.12613004126e-09	-1.24432213511e-06
3.12976930789e-09	-2.23034822966e-06
3.13340857453e-09	-2.27399547725e-06
3.13704784117e-09	-1.69164735553e-06
3.14068710781e-09	-1.03499471038e-06
3.14432637444e-09	-8.23608303335e-07
3.14796564108e-09	-1.3008156543e-06
3.15160490772e-09	-2.3161469187e-06
3.15524417435e-09	-3.38572823466e-06
3.15888344099e-09	-3.90490549762e-06
3.16252270763e-09	-3.42421640198e-06
3.16616197426e-09	-1.86755266895e-06
3.1698012409e-09	4.05700269823e-07
3.17344050754e-09	2.72756156505e-06
3.17707977418e-09	4.38531162672e-06
3.18071904081e-09	4.90712250212e-06
3.18435830745e-09	4.24346961836e-06
3.18799757409e-09	2.76576378155e-06
3.19163684072e-09	1.08886678163e-06
3.19527610736e-09	-1.98872125878e-07
3.198915374e-09	-7.75319648483e-07
3.20255464064e-09	-6.93095103088e-07
3.20619390727e-09	-3.17349194034e-07
3.20983317391e-09	-1.29809993865e-07
3.21347244055e-09	-4.89667236536e-07
3.21711170718e-09	-1.45675825536e-06
3.22075097382e-09	-2.7517521346e-06
3.22439024046e-09	-3.86971987609e-06
3.2280295071e-09	-4.29762889098e-06
3.23166877373e-09	-3.74144053694e-06
3.23530804037e-09	-2.26304544526e-06
3.23894730701e-09	-2.65393886423e-07
3.24258657364e-09	1.66808868585e-06
3.24622584028e-09	3.00818362575e-06
3.24986510692e-09	3.48268042671e-06
3.25350437356e-09	3.159156023e-06
3.25714364019e-09	2.37646202095e-06
3.26078290683e-09	1.56569728915e-06
3.26442217347e-09	1.04820094293e-06
3.2680614401e-09	9.03892896531e-07
3.27170070674e-09	9.62613782463e-07
3.27533997338e-09	9.14109705263e-07
3.27897924001e-09	4.78697749884e-07
3.28261850665e-09	-4.41222915981e-07
3.28625777329e-09	-1.69619775647e-06
3.28989703993e-09	-2.93927996609e-06
3.29353630656e-09	-3.76718708139e-06
3.2971755732e-09	-3.89103104226e-06
3.30081483984e-09	-3.2593318906e-06
3.30445410647e-09	-2.07850388279e-06
3.30809337311e-09	-7.20053250802e-07
3.31173263975e-09	4.40587157868e-07
3.31537190639e-09	1.17799224597e-06
3.31901117302e-09	1.4900172971e-06
3.32265043966e-09	1.55971994786e-06
3.3262897063e-09	1.62973884699e-06
3.32992897293e-09	1.85650333151e-06
3.33356823957e-09	2.21843197323e-06
3.33720750621e-09	2.52176815252e-06
3.34084677285e-09	2.49936564956e-06
3.34448603948e-09	1.95201462816e-06
3.34812530612e-09	8.64707644155e-07
3.35176457276e-09	-5.58202074785e-07
3.35540383939e-09	-1.9567231675e-06
3.35904310603e-09	-2.95344813139e-06
3.36268237267e-09	-3.30570861706e-06
3.3663216393e-09	-3.00444966683e-06
3.36996090594e-09	-2.27166927402e-06
3.37360017258e-09	-1.45453353184e-06
3.37723943922e-09	-8.61965901322e-07
3.38087870585e-09	-6.21112754118e-07
3.38451797249e-09	-6.23771775565e-07
3.38815723913e-09	-5.91607182798e-07
3.39179650576e-09	-2.30464797468e-07
3.3954357724e-09	6.00782961158e-07
3.39907503904e-09	1.7897204998e-06
3.40271430568e-09	2.98980808111e-06
3.40635357231e-09	3.75406591502e-06
3.40999283895e-09	3.72642182356e-06
3.41363210559e-09	2.80532125885e-06
3.41727137222e-09	1.20759901279e-06
3.42091063886e-09	-6.00241556015e-07
3.4245499055e-09	-2.07797069152e-06
3.42818917214e-09	-2.82472788626e-06
3.43182843877e-09	-2.73778840665e-06
3.43546770541e-09	-2.04671289339e-06
3.43910697205e-09	-1.20304767393e-06
3.44274623868e-09	-6.70987049034e-07
3.44638550532e-09	-7.11618881155e-07
3.45002477196e-09	-1.25885324564e-06
3.45366403859e-09	-1.94671628151e-06
3.45730330523e-09	-2.27722620139e-06
3.46094257187e-09	-1.85590735668e-06
3.46458183851e-09	-5.88575069571e-07
3.46822110514e-09	1.24732167706e-06
3.47186037178e-09	3.09174936319e-06
3.47549963842e-09	4.31573897686e-06
3.47913890505e-09	4.47319507657e-06
3.48277817169e-09	3.48607926526e-06
3.48641743833e-09	1.68479377294e-06
3.49005670497e-09	-3.17066952249e-07
3.4936959716e-09	-1.86494889931e-06
3.49733523824e-09	-2.52307120263e-06
3.50097450488e-09	-2.24198066689e-06
3.50461377151e-09	-1.3611834504e-06
3.50825303815e-09	-4.46041006796e-07
3.51189230479e-09	-2.98169622326e-08
3.51553157143e-09	-3.74302452144e-07
3.51917083806e-09	-1.3518121591e-06
3.5228101047e-09	-2.49850998557e-06
3.52644937134e-09	-3.21384598578e-06
3.53008863797e-09	-3.02158764498e-06
3.53372790461e-09	-1.78312728849e-06
3.53736717125e-09	2.24361546231e-07
3.54100643788e-09	2.39885670794e-06
3.54464570452e-09	4.03839328555e-06
3.54828497116e-09	4.61131418206e-06
3.5519242378e-09	3.96253972212e-06
3.55556350443e-09	2.37038810269e-06
3.55920277107e-09	4.3044556719e-07
3.56284203771e-09	-1.18572678787e-06
3.56648130434e-09	-1.99496795972e-06
3.57012057098e-09	-1.88102052334e-06
3.57375983762e-09	-1.11571996797e-06
3.57739910426e-09	-2.21427150393e-07
3.58103837089e-09	2.63341238593e-07
3.58467763753e-09	1.55412192698e-08
3.58831690417e-09	-9.35449889994e-07
3.5919561708e-09	-2.217613428e-06
3.59559543744e-09	-3.26614184587e-06
3.59923470408e-09	-3.55352875658e-06
3.60287397072e-09	-2.80954105847e-06
3.60651323735e-09	-1.142921775e-06
3.61015250399e-09	9.84983159924e-07
3.61379177063e-09	2.9271020594e-06
3.61743103726e-09	4.09120372069e-06
3.6210703039e-09	4.1580686343e-06
3.62470957054e-09	3.19009242844e-06
3.62834883717e-09	1.59161803026e-06
3.63198810381e-09	-5.7622520977e-08
3.63562737045e-09	-1.22495298172e-06
3.63926663709e-09	-1.61661805009e-06
3.64290590372e-09	-1.26987339399e-06
3.64654517036e-09	-5.16549377494e-07
3.650184437e-09	1.63392298802e-07
3.65382370363e-09	3.42383948748e-07
3.65746297027e-09	-1.75762517429e-07
3.66110223691e-09	-1.26711239545e-06
3.66474150355e-09	-2.52661439504e-06
3.66838077018e-09	-3.42258732644e-06
3.67202003682e-09	-3.50814315198e-06
3.67565930346e-09	-2.60491725612e-06
3.67929857009e-09	-8.85408965701e-07
3.68293783673e-09	1.1787669365e-06
3.68657710337e-09	2.98088912132e-06
3.69021637001e-09	3.99226638592e-06
3.69385563664e-09	3.94555860339e-06
3.69749490328e-09	2.92405874802e-06
3.70113416992e-09	1.32702486155e-06
3.70477343655e-09	-2.77122374825e-07
3.70841270319e-09	-1.35914508803e-06
3.71205196983e-09	-1.62496166922e-06
3.71569123646e-09	-1.12411895259e-06
3.7193305031e-09	-2.25084804129e-07
3.72296976974e-09	5.39439731995e-07
3.72660903638e-09	6.97754543921e-07
3.73024830301e-09	4.46977987956e-08
3.73388756965e-09	-1.25929192052e-06
3.73752683629e-09	-2.73756160141e-06
3.74116610292e-09	-3.77749756808e-06
3.74480536956e-09	-3.87136446989e-06
3.7484446362e-09	-2.82483739511e-06
3.75208390284e-09	-8.53194862316e-07
3.75572316947e-09	1.47508048087e-06
3.75936243611e-09	3.43161082128e-06
3.76300170275e-09	4.39285639686e-06
3.76664096938e-09	4.07697280025e-06
3.77028023602e-09	2.65882763983e-06
3.77391950266e-09	7.08320229137e-07
3.7775587693e-09	-1.03044375521e-06
3.78119803593e-09	-1.93555982264e-06
3.78483730257e-09	-1.75674043135e-06
3.78847656921e-09	-7.13358183191e-07
3.79211583584e-09	6.02155409979e-07
3.79575510248e-09	1.47594637667e-06
3.79939436912e-09	1.37718984661e-06
3.80303363576e-09	1.91536473793e-07
3.80667290239e-09	-1.71139285499e-06
3.81031216903e-09	-3.60688835599e-06
3.81395143567e-09	-4.69569494044e-06
3.8175907023e-09	-4.42930388544e-06
3.82122996894e-09	-2.7506763729e-06
3.82486923558e-09	-1.46151862168e-07
3.82850850221e-09	2.52230512388e-06
3.83214776885e-09	4.34646727854e-06
3.83578703549e-09	4.72994963729e-06
3.83942630213e-09	3.62633124951e-06
3.84306556876e-09	1.55424747561e-06
3.8467048354e-09	-6.17753570964e-07
3.85034410204e-09	-2.02824071494e-06
3.85398336867e-09	-2.17327539076e-06
3.85762263531e-09	-1.10782239915e-06
3.86126190195e-09	5.8305658257e-07
3.86490116859e-09	2.03185391001e-06
3.86854043522e-09	2.45616874395e-06
3.87217970186e-09	1.49927464577e-06
3.8758189685e-09	-5.98611414659e-07
3.87945823513e-09	-3.07457315785e-06
3.88309750177e-09	-4.9423240398e-06
3.88673676841e-09	-5.39695690804e-06
3.89037603505e-09	-4.15721069658e-06
3.89401530168e-09	-1.59640738673e-06
3.89765456832e-09	1.39624000894e-06
3.90129383496e-09	3.76823277293e-06
3.90493310159e-09	4.72221239534e-06
3.90857236823e-09	4.02702045221e-06
3.91221163487e-09	2.0963864813e-06
3.9158509015e-09	-1.93175726082e-07
3.91949016814e-09	-1.86798121149e-06
3.92312943478e-09	-2.25849896651e-06
3.92676870142e-09	-1.27393985849e-06
3.93040796805e-09	5.623594177e-07
3.93404723469e-09	2.33572629327e-06
3.93768650133e-09	3.13268404284e-06
3.94132576796e-09	2.44068272082e-06
3.9449650346e-09	3.82967364487e-07
3.94860430124e-09	-2.31584431276e-06
3.95224356788e-09	-4.62216053165e-06
3.95588283451e-09	-5.61895433293e-06
3.95952210115e-09	-4.88322075398e-06
3.96316136779e-09	-2.65746825789e-06
3.96680063442e-09	2.50907419286e-07
3.97043990106e-09	2.79527870362e-06
3.9740791677e-09	4.10460489775e-06
3.97771843434e-09	3.82094941642e-06
3.98135770097e-09	2.22740661115e-06
3.98499696761e-09	1.1655239085e-07
3.98863623425e-09	-1.54787727524e-06
3.99227550088e-09	-2.03937335641e-06
3.99591476752e-09	-1.17649028653e-06
3.99955403416e-09	6.02128203298e-07
4.00319330079e-09	2.4315471876e-06
4.00683256743e-09	3.39980249464e-06
4.01047183407e-09	2.94711657034e-06
4.01411110071e-09	1.11111134515e-06
4.01775036734e-09	-1.48461427329e-06
4.02138963398e-09	-3.88662130035e-06
4.02502890062e-09	-5.19854296499e-06
4.02866816725e-09	-4.93713855576e-06
4.03230743389e-09	-3.2171589055e-06
4.03594670053e-09	-6.97290417406e-07
4.03958596717e-09	1.68676311318e-06
4.0432252338e-09	3.09596262582e-06
4.04686450044e-09	3.11973570888e-06
4.05050376708e-09	1.93061865161e-06
4.05414303371e-09	1.95135811509e-07
4.05778230035e-09	-1.22492639321e-06
4.06142156699e-09	-1.6519828705e-06
4.06506083363e-09	-8.8661901998e-07
4.06870010026e-09	7.13757323467e-07
4.0723393669e-09	2.40114235339e-06
4.07597863354e-09	3.36818987989e-06
4.07961790017e-09	3.09510281227e-06
4.08325716681e-09	1.56649525707e-06
4.08689643345e-09	-7.23903198718e-07
4.09053570008e-09	-2.97230712931e-06
4.09417496672e-09	-4.38205358932e-06
4.09781423336e-09	-4.47396450909e-06
4.1014535e-09	-3.27015197854e-06
4.10509276663e-09	-1.27912204562e-06
4.10873203327e-09	7.15808454288e-07
4.11237129991e-09	1.98084313752e-06
4.11601056654e-09	2.13374630675e-06
4.11964983318e-09	1.29086132006e-06
4.12328909982e-09	-5.98063931712e-09
4.12692836646e-09	-1.04778190746e-06
4.13056763309e-09	-1.28053224557e-06
4.13420689973e-09	-5.45877313129e-07
4.13784616637e-09	8.61333489866e-07
4.141485433e-09	2.33094525015e-06
4.14512469964e-09	3.20118195418e-06
4.14876396628e-09	3.03352919673e-06
4.15240323292e-09	1.7913671968e-06
4.15604249955e-09	-1.41941054466e-07
4.15968176619e-09	-2.10981545479e-06
4.16332103283e-09	-3.43842810935e-06
4.16696029946e-09	-3.70350045387e-06
4.1705995661e-09	-2.89836680167e-06
4.17423883274e-09	-1.42881353327e-06
4.17787809937e-09	6.92440300654e-08
4.18151736601e-09	1.00892333421e-06
4.18515663265e-09	1.10244330642e-06
4.18879589929e-09	4.67453787678e-07
4.19243516592e-09	-4.51958506176e-07
4.19607443256e-09	-1.10399591335e-06
4.1997136992e-09	-1.08090874562e-06
4.20335296583e-09	-2.94102108001e-07
4.20699223247e-09	9.9344511284e-07
4.21063149911e-09	2.27954990351e-06
4.21427076575e-09	3.0281816521e-06
4.21791003238e-09	2.88775794388e-06
4.22154929902e-09	1.83863909342e-06
4.22518856566e-09	2.11395379424e-07
4.22882783229e-09	-1.43891178084e-06
4.23246709893e-09	-2.55629657886e-06
4.23610636557e-09	-2.81295086779e-06
4.23974563221e-09	-2.23965341206e-06
4.24338489884e-09	-1.19624739625e-06
4.24702416548e-09	-1.95792800639e-07
4.25066343212e-09	3.31336813986e-07
4.25430269875e-09	2.22161911978e-07
4.25794196539e-09	-3.65981097872e-07
4.26158123203e-09	-1.04697078029e-06
4.26522049866e-09	-1.38990647258e-06
4.2688597653e-09	-1.11167184969e-06
4.27249903194e-09	-2.01010086798e-07
4.27613829858e-09	1.06981359238e-06
4.27977756521e-09	2.24819922323e-06
4.28341683185e-09	2.88050864583e-06
4.28705609849e-09	2.70017818593e-06
4.29069536512e-09	1.74590363144e-06
4.29433463176e-09	3.54283734794e-07
4.2979738984e-09	-9.78612220592e-07
4.30161316504e-09	-1.80804062211e-06
4.30525243167e-09	-1.92772935748e-06
4.30889169831e-09	-1.44431311355e-06
4.31253096495e-09	-7.07696756308e-07
4.31617023158e-09	-1.36008214469e-07
4.31980949822e-09	-2.18855882306e-08
4.32344876486e-09	-4.07988714812e-07
4.3270880315e-09	-1.07900969226e-06
4.33072729813e-09	-1.66482516306e-06
4.33436656477e-09	-1.80505088565e-06
4.33800583141e-09	-1.30879584503e-06
4.34164509804e-09	-2.46366294476e-07
4.34528436468e-09	1.06388721122e-06
4.34892363132e-09	2.17474999431e-06
4.35256289796e-09	2.69104413064e-06
4.35620216459e-09	2.43751301809e-06
4.35984143123e-09	1.53624294796e-06
4.36348069787e-09	3.53476135473e-07
4.3671199645e-09	-6.62524328732e-07
4.37075923114e-09	-1.17704253455e-06
4.37439849778e-09	-1.10587120616e-06
4.37803776441e-09	-6.33218185442e-07
4.38167703105e-09	-1.0887862878e-07
4.38531629769e-09	1.21067852632e-07
4.38895556433e-09	-1.27320715748e-07
4.39259483096e-09	-7.94409800164e-07
4.3962340976e-09	-1.60175423503e-06
4.39987336424e-09	-2.17002192926e-06
4.40351263087e-09	-2.1820956988e-06
4.40715189751e-09	-1.52609156601e-06
4.41079116415e-09	-3.5700351475e-07
4.41443043079e-09	9.53966946327e-07
4.41806969742e-09	1.96688660026e-06
4.42170896406e-09	2.35564979789e-06
4.4253482307e-09	2.04337695209e-06
4.42898749733e-09	1.22768858546e-06
4.43262676397e-09	2.84506274539e-07
4.43626603061e-09	-4.02878264083e-07
4.43990529725e-09	-6.09600384394e-07
4.44354456388e-09	-3.56012598957e-07
4.44718383052e-09	1.17424640678e-07
4.45082309716e-09	4.70471867686e-07
4.45446236379e-09	4.22378292342e-07
4.45810163043e-09	-1.1753472684e-07
4.46174089707e-09	-1.00198546704e-06
4.4653801637e-09	-1.90087303054e-06
4.46901943034e-09	-2.43797603616e-06
4.47265869698e-09	-2.3532410296e-06
4.47629796362e-09	-1.62021967753e-06
4.47993723025e-09	-4.65262559146e-07
4.48357649689e-09	7.23706094163e-07
4.48721576353e-09	1.55825755144e-06
4.49085503016e-09	1.80900951818e-06
4.4944942968e-09	1.49129590454e-06
4.49813356344e-09	8.42071116836e-07
4.50177283008e-09	2.02671028404e-07
4.50541209671e-09	-1.36625958547e-07
4.50905136335e-09	-6.14050410519e-08
4.51269062999e-09	3.24415232456e-07
4.51632989662e-09	7.5375688624e-07
4.51996916326e-09	9.22595532415e-07
4.5236084299e-09	6.3336346301e-07
4.52724769654e-09	-1.07944947203e-07
4.53088696317e-09	-1.08337867744e-06
4.53452622981e-09	-1.95020584215e-06
4.53816549645e-09	-2.38520186713e-06
4.54180476308e-09	-2.22274576345e-06
4.54544402972e-09	-1.52347267601e-06
4.54908329636e-09	-5.4456042875e-07
4.55272256299e-09	3.73104747098e-07
4.55636182963e-09	9.47510883975e-07
4.56000109627e-09	1.06499759056e-06
4.56364036291e-09	8.11556631675e-07
4.56727962954e-09	4.17586335288e-07
4.57091889618e-09	1.44128385671e-07
4.57455816282e-09	1.61091076478e-07
4.57819742945e-09	4.70255322682e-07
4.58183669609e-09	9.05496648329e-07
4.58547596273e-09	1.21116426044e-06
4.58911522937e-09	1.16310749831e-06
4.592754496e-09	6.78391870679e-07
4.59639376264e-09	-1.392582476e-07
4.60003302928e-09	-1.03878875279e-06
4.60367229591e-09	-1.7284763203e-06
4.60731156255e-09	-1.99800919631e-06
4.61095082919e-09	-1.80076688139e-06
4.61459009583e-09	-1.26094876407e-06
4.61822936246e-09	-6.08668848656e-07
4.6218686291e-09	-7.64235519313e-08
4.62550789574e-09	1.96203867375e-07
4.62914716237e-09	2.10203360496e-07
4.63278642901e-09	9.15335505169e-08
4.63642569565e-09	2.07039603239e-08
4.64006496228e-09	1.4011892624e-07
4.64370422892e-09	4.79113388963e-07
4.64734349556e-09	9.33271167014e-07
4.6509827622e-09	1.30840729184e-06
4.65462202883e-09	1.41197060088e-06
4.65826129547e-09	1.14658638495e-06
4.66190056211e-09	5.60016331974e-07
4.66553982874e-09	-1.74029585409e-07
4.66917909538e-09	-8.3309424781e-07
4.67281836202e-09	-1.24133420343e-06
4.67645762866e-09	-1.33663706947e-06
4.68009689529e-09	-1.18102882141e-06
4.68373616193e-09	-9.16369373272e-07
4.68737542857e-09	-6.90282085714e-07
4.6910146952e-09	-5.88260085976e-07
4.69465396184e-09	-5.99169005966e-07
4.69829322848e-09	-6.27511873574e-07
4.70193249512e-09	-5.45491538162e-07
4.70557176175e-09	-2.63572154324e-07
4.70921102839e-09	2.13594134379e-07
4.71285029503e-09	7.73696271494e-07
4.71648956166e-09	1.23796687035e-06
4.7201288283e-09	1.44011366388e-06
4.72376809494e-09	1.30525872066e-06
