0	-0.000112442
5.70751e-14	-0.000113505
1.1415e-13	-0.000114572
1.71225e-13	-0.000115643
2.283e-13	-0.000116717
2.85376e-13	-0.000117795
3.42451e-13	-0.000118877
3.99526e-13	-0.000119962
4.56601e-13	-0.00012105
5.13676e-13	-0.000122141
5.70751e-13	-0.000123236
6.27826e-13	-0.000124333
6.84901e-13	-0.000125433
7.41976e-13	-0.000126535
7.99052e-13	-0.00012764
8.56127e-13	-0.000128748
9.13202e-13	-0.000129857
9.70277e-13	-0.000130969
1.02735e-12	-0.000132082
1.08443e-12	-0.000133197
1.1415e-12	-0.000134313
1.19858e-12	-0.000135431
1.25565e-12	-0.00013655
1.31273e-12	-0.00013767
1.3698e-12	-0.000138791
1.42688e-12	-0.000139912
1.48395e-12	-0.000141034
1.54103e-12	-0.000142156
1.5981e-12	-0.000143278
1.65518e-12	-0.0001444
1.71225e-12	-0.000145521
1.76933e-12	-0.000146642
1.8264e-12	-0.000147763
1.88348e-12	-0.000148882
1.94055e-12	-0.00015
1.99763e-12	-0.000151116
2.0547e-12	-0.000152231
2.11178e-12	-0.000153343
2.16885e-12	-0.000154454
2.22593e-12	-0.000155562
2.283e-12	-0.000156667
2.34008e-12	-0.00015777
2.39715e-12	-0.000158869
2.45423e-12	-0.000159964
2.51131e-12	-0.000161056
2.56838e-12	-0.000162144
2.62546e-12	-0.000163227
2.68253e-12	-0.000164306
2.73961e-12	-0.00016538
2.79668e-12	-0.000166448
2.85376e-12	-0.000167511
2.91083e-12	-0.000168568
2.96791e-12	-0.000169619
3.02498e-12	-0.000170664
3.08206e-12	-0.000171701
3.13913e-12	-0.000172731
3.19621e-12	-0.000173754
3.25328e-12	-0.000174769
3.31036e-12	-0.000175776
3.36743e-12	-0.000176774
3.42451e-12	-0.000177763
3.48158e-12	-0.000178742
3.53866e-12	-0.000179712
3.59573e-12	-0.000180672
3.65281e-12	-0.000181621
3.70988e-12	-0.000182559
3.76696e-12	-0.000183486
3.82403e-12	-0.000184401
3.88111e-12	-0.000185304
3.93818e-12	-0.000186195
3.99526e-12	-0.000187072
4.05233e-12	-0.000187936
4.10941e-12	-0.000188785
4.16648e-12	-0.000189621
4.22356e-12	-0.000190441
4.28063e-12	-0.000191246
4.33771e-12	-0.000192035
4.39478e-12	-0.000192808
4.45186e-12	-0.000193564
4.50893e-12	-0.000194303
4.56601e-12	-0.000195024
4.62308e-12	-0.000195726
4.68016e-12	-0.00019641
4.73723e-12	-0.000197074
4.79431e-12	-0.000197718
4.85138e-12	-0.000198341
4.90846e-12	-0.000198944
4.96553e-12	-0.000199525
5.02261e-12	-0.000200083
5.07969e-12	-0.000200619
5.13676e-12	-0.000201131
5.19384e-12	-0.000201619
5.25091e-12	-0.000202083
5.30799e-12	-0.000202521
5.36506e-12	-0.000202933
5.42214e-12	-0.000203319
5.47921e-12	-0.000203677
5.53629e-12	-0.000204008
5.59336e-12	-0.00020431
5.65044e-12	-0.000204583
5.70751e-12	-0.000204826
5.76459e-12	-0.000205039
5.82166e-12	-0.00020522
5.87874e-12	-0.000205369
5.93581e-12	-0.000205485
5.99289e-12	-0.000205568
6.04996e-12	-0.000205617
6.10704e-12	-0.000205631
6.16411e-12	-0.000205609
6.22119e-12	-0.00020555
6.27826e-12	-0.000205454
6.33534e-12	-0.000205321
6.39241e-12	-0.000205148
6.44949e-12	-0.000204935
6.50656e-12	-0.000204682
6.56364e-12	-0.000204388
6.62071e-12	-0.000204052
6.67779e-12	-0.000203672
6.73486e-12	-0.000203248
6.79194e-12	-0.00020278
6.84901e-12	-0.000202266
6.90609e-12	-0.000201705
6.96316e-12	-0.000201097
7.02024e-12	-0.00020044
7.07731e-12	-0.000199734
7.13439e-12	-0.000198978
7.19146e-12	-0.00019817
7.24854e-12	-0.000197311
7.30561e-12	-0.000196398
7.36269e-12	-0.00019543
7.41976e-12	-0.000194408
7.47684e-12	-0.000193329
7.53392e-12	-0.000192193
7.59099e-12	-0.000190999
7.64807e-12	-0.000189745
7.70514e-12	-0.000188431
7.76222e-12	-0.000187056
7.81929e-12	-0.000185618
7.87637e-12	-0.000184116
7.93344e-12	-0.00018255
7.99052e-12	-0.000180917
8.04759e-12	-0.000179218
8.10467e-12	-0.00017745
8.16174e-12	-0.000175614
8.21882e-12	-0.000173706
8.27589e-12	-0.000171727
8.33297e-12	-0.000169675
8.39004e-12	-0.000167549
8.44712e-12	-0.000165348
8.50419e-12	-0.00016307
8.56127e-12	-0.000160714
8.61834e-12	-0.00015828
8.67542e-12	-0.000155765
8.73249e-12	-0.000153168
8.78957e-12	-0.000150488
8.84664e-12	-0.000147725
8.90372e-12	-0.000144875
8.96079e-12	-0.000141939
9.01787e-12	-0.000138914
9.07494e-12	-0.0001358
9.13202e-12	-0.000132595
9.18909e-12	-0.000129298
9.24617e-12	-0.000125906
9.30324e-12	-0.00012242
9.36032e-12	-0.000118837
9.41739e-12	-0.000115156
9.47447e-12	-0.000111375
9.53154e-12	-0.000107493
9.58862e-12	-0.000103509
9.64569e-12	-9.94205e-05
9.70277e-12	-9.52267e-05
9.75984e-12	-9.09258e-05
9.81692e-12	-8.65163e-05
9.87399e-12	-8.19967e-05
9.93107e-12	-7.73654e-05
9.98814e-12	-7.26207e-05
1.00452e-11	-6.77612e-05
1.01023e-11	-6.27851e-05
1.01594e-11	-5.76909e-05
1.02164e-11	-5.24769e-05
1.02735e-11	-4.71415e-05
1.03306e-11	-4.1683e-05
1.03877e-11	-3.60997e-05
1.04447e-11	-3.03899e-05
1.05018e-11	-2.45519e-05
1.05589e-11	-1.8584e-05
1.0616e-11	-1.24845e-05
1.0673e-11	-6.25154e-06
1.07301e-11	1.16572e-07
1.07872e-11	6.62163e-06
1.08443e-11	1.32654e-05
1.09013e-11	2.00498e-05
1.09584e-11	2.69765e-05
1.10155e-11	3.40475e-05
1.10726e-11	4.12644e-05
1.11296e-11	4.86294e-05
1.11867e-11	5.61441e-05
1.12438e-11	6.38105e-05
1.13009e-11	7.16305e-05
1.13579e-11	7.9606e-05
1.1415e-11	8.7739e-05
1.14721e-11	9.60314e-05
1.15292e-11	0.000104485
1.15862e-11	0.000113102
1.16433e-11	0.000121885
1.17004e-11	0.000130834
1.17575e-11	0.000139953
1.18145e-11	0.000149244
1.18716e-11	0.000158708
1.19287e-11	0.000168347
1.19858e-11	0.000178164
1.20428e-11	0.00018816
1.20999e-11	0.000198339
1.2157e-11	0.000208701
1.22141e-11	0.000219249
1.22711e-11	0.000229985
1.23282e-11	0.000240911
1.23853e-11	0.00025203
1.24424e-11	0.000263344
1.24994e-11	0.000274854
1.25565e-11	0.000286563
1.26136e-11	0.000298473
1.26707e-11	0.000310587
1.27278e-11	0.000322907
1.27848e-11	0.000335434
1.28419e-11	0.000348172
1.2899e-11	0.000361122
1.29561e-11	0.000374286
1.30131e-11	0.000387668
1.30702e-11	0.000401269
1.31273e-11	0.000415092
1.31844e-11	0.000429139
1.32414e-11	0.000443412
1.32985e-11	0.000457914
1.33556e-11	0.000472648
1.34127e-11	0.000487614
1.34697e-11	0.000502817
1.35268e-11	0.000518257
1.35839e-11	0.000533939
1.3641e-11	0.000549864
1.3698e-11	0.000566034
1.37551e-11	0.000582452
1.38122e-11	0.000599121
1.38693e-11	0.000616042
1.39263e-11	0.000633219
1.39834e-11	0.000650654
1.40405e-11	0.00066835
1.40976e-11	0.000686308
1.41546e-11	0.000704532
1.42117e-11	0.000723023
1.42688e-11	0.000741785
1.43259e-11	0.00076082
1.43829e-11	0.000780131
1.444e-11	0.00079972
1.44971e-11	0.000819589
1.45542e-11	0.000839742
1.46112e-11	0.000860181
1.46683e-11	0.000880908
1.47254e-11	0.000901926
1.47825e-11	0.000923238
1.48395e-11	0.000944845
1.48966e-11	0.000966752
1.49537e-11	0.00098896
1.50108e-11	0.00101147
1.50678e-11	0.00103429
1.51249e-11	0.00105742
1.5182e-11	0.00108086
1.52391e-11	0.00110462
1.52961e-11	0.00112869
1.53532e-11	0.00115308
1.54103e-11	0.0011778
1.54674e-11	0.00120284
1.55244e-11	0.0012282
1.55815e-11	0.0012539
1.56386e-11	0.00127994
1.56957e-11	0.0013063
1.57527e-11	0.00133301
1.58098e-11	0.00136006
1.58669e-11	0.00138745
1.5924e-11	0.00141519
1.5981e-11	0.00144328
1.60381e-11	0.00147172
1.60952e-11	0.00150051
1.61523e-11	0.00152967
1.62093e-11	0.00155918
1.62664e-11	0.00158905
1.63235e-11	0.00161929
1.63806e-11	0.0016499
1.64376e-11	0.00168088
1.64947e-11	0.00171224
1.65518e-11	0.00174397
1.66089e-11	0.00177607
1.66659e-11	0.00180856
1.6723e-11	0.00184144
1.67801e-11	0.0018747
1.68372e-11	0.00190835
1.68942e-11	0.00194239
1.69513e-11	0.00197683
1.70084e-11	0.00201166
1.70655e-11	0.00204689
1.71225e-11	0.00208253
1.71796e-11	0.00211857
1.72367e-11	0.00215502
1.72938e-11	0.00219188
1.73508e-11	0.00222916
1.74079e-11	0.00226684
1.7465e-11	0.00230495
1.75221e-11	0.00234348
1.75791e-11	0.00238243
1.76362e-11	0.00242181
1.76933e-11	0.00246161
1.77504e-11	0.00250185
1.78074e-11	0.00254251
1.78645e-11	0.00258362
1.79216e-11	0.00262516
1.79787e-11	0.00266714
1.80357e-11	0.00270957
1.80928e-11	0.00275244
1.81499e-11	0.00279576
1.8207e-11	0.00283953
1.8264e-11	0.00288375
1.83211e-11	0.00292843
1.83782e-11	0.00297357
1.84353e-11	0.00301916
1.84923e-11	0.00306522
1.85494e-11	0.00311174
1.86065e-11	0.00315872
1.86636e-11	0.00320618
1.87206e-11	0.00325411
1.87777e-11	0.00330251
1.88348e-11	0.00335138
1.88919e-11	0.00340073
1.89489e-11	0.00345056
1.9006e-11	0.00350088
1.90631e-11	0.00355167
1.91202e-11	0.00360295
1.91772e-11	0.00365472
1.92343e-11	0.00370698
1.92914e-11	0.00375973
1.93485e-11	0.00381298
1.94055e-11	0.00386672
1.94626e-11	0.00392095
1.95197e-11	0.00397569
1.95768e-11	0.00403092
1.96338e-11	0.00408666
1.96909e-11	0.0041429
1.9748e-11	0.00419965
1.98051e-11	0.00425691
1.98621e-11	0.00431467
1.99192e-11	0.00437295
1.99763e-11	0.00443174
2.00334e-11	0.00449104
2.00904e-11	0.00455086
2.01475e-11	0.00461119
2.02046e-11	0.00467204
2.02617e-11	0.00473341
2.03187e-11	0.0047953
2.03758e-11	0.00485771
2.04329e-11	0.00492065
2.049e-11	0.00498411
2.0547e-11	0.00504809
2.06041e-11	0.0051126
2.06612e-11	0.00517764
2.07183e-11	0.00524321
2.07753e-11	0.00530931
2.08324e-11	0.00537593
2.08895e-11	0.00544309
2.09466e-11	0.00551078
2.10036e-11	0.005579
2.10607e-11	0.00564775
2.11178e-11	0.00571704
2.11749e-11	0.00578686
2.12319e-11	0.00585721
2.1289e-11	0.0059281
2.13461e-11	0.00599953
2.14032e-11	0.00607149
2.14602e-11	0.00614399
2.15173e-11	0.00621702
2.15744e-11	0.00629059
2.16315e-11	0.00636469
2.16885e-11	0.00643934
2.17456e-11	0.00651451
2.18027e-11	0.00659023
2.18598e-11	0.00666648
2.19168e-11	0.00674326
2.19739e-11	0.00682058
2.2031e-11	0.00689843
2.20881e-11	0.00697682
2.21451e-11	0.00705575
2.22022e-11	0.0071352
2.22593e-11	0.00721519
2.23164e-11	0.00729571
2.23734e-11	0.00737676
2.24305e-11	0.00745834
2.24876e-11	0.00754045
2.25447e-11	0.00762308
2.26017e-11	0.00770624
2.26588e-11	0.00778993
2.27159e-11	0.00787414
2.2773e-11	0.00795888
2.283e-11	0.00804413
2.28871e-11	0.0081299
2.29442e-11	0.00821619
2.30013e-11	0.008303
2.30583e-11	0.00839032
2.31154e-11	0.00847815
2.31725e-11	0.0085665
2.32296e-11	0.00865535
2.32866e-11	0.0087447
2.33437e-11	0.00883456
2.34008e-11	0.00892492
2.34579e-11	0.00901578
2.35149e-11	0.00910714
2.3572e-11	0.00919898
2.36291e-11	0.00929132
2.36862e-11	0.00938415
2.37432e-11	0.00947746
2.38003e-11	0.00957125
2.38574e-11	0.00966551
2.39145e-11	0.00976026
2.39715e-11	0.00985547
2.40286e-11	0.00995115
2.40857e-11	0.0100473
2.41428e-11	0.0101439
2.41998e-11	0.010241
2.42569e-11	0.0103385
2.4314e-11	0.0104364
2.43711e-11	0.0105348
2.44281e-11	0.0106337
2.44852e-11	0.010733
2.45423e-11	0.0108327
2.45994e-11	0.0109328
2.46564e-11	0.0110334
2.47135e-11	0.0111344
2.47706e-11	0.0112357
2.48277e-11	0.0113375
2.48847e-11	0.0114397
2.49418e-11	0.0115423
2.49989e-11	0.0116453
2.5056e-11	0.0117487
2.51131e-11	0.0118524
2.51701e-11	0.0119565
2.52272e-11	0.012061
2.52843e-11	0.0121658
2.53414e-11	0.012271
2.53984e-11	0.0123766
2.54555e-11	0.0124824
2.55126e-11	0.0125887
2.55697e-11	0.0126952
2.56267e-11	0.0128021
2.56838e-11	0.0129092
2.57409e-11	0.0130167
2.5798e-11	0.0131245
2.5855e-11	0.0132326
2.59121e-11	0.0133409
2.59692e-11	0.0134496
2.60263e-11	0.0135584
2.60833e-11	0.0136676
2.61404e-11	0.013777
2.61975e-11	0.0138866
2.62546e-11	0.0139965
2.63116e-11	0.0141066
2.63687e-11	0.0142169
2.64258e-11	0.0143275
2.64829e-11	0.0144382
2.65399e-11	0.0145491
2.6597e-11	0.0146602
2.66541e-11	0.0147715
2.67112e-11	0.0148829
2.67682e-11	0.0149944
2.68253e-11	0.0151061
2.68824e-11	0.015218
2.69395e-11	0.0153299
2.69965e-11	0.015442
2.70536e-11	0.0155541
2.71107e-11	0.0156664
2.71678e-11	0.0157787
2.72248e-11	0.0158911
2.72819e-11	0.0160035
2.7339e-11	0.0161159
2.73961e-11	0.0162284
2.74531e-11	0.0163409
2.75102e-11	0.0164535
2.75673e-11	0.016566
2.76244e-11	0.0166784
2.76814e-11	0.0167909
2.77385e-11	0.0169033
2.77956e-11	0.0170156
2.78527e-11	0.0171279
2.79097e-11	0.0172401
2.79668e-11	0.0173521
2.80239e-11	0.0174641
2.8081e-11	0.0175759
2.8138e-11	0.0176876
2.81951e-11	0.0177992
2.82522e-11	0.0179105
2.83093e-11	0.0180217
2.83663e-11	0.0181327
2.84234e-11	0.0182434
2.84805e-11	0.0183539
2.85376e-11	0.0184642
2.85946e-11	0.0185742
2.86517e-11	0.018684
2.87088e-11	0.0187934
2.87659e-11	0.0189025
2.88229e-11	0.0190113
2.888e-11	0.0191198
2.89371e-11	0.0192279
2.89942e-11	0.0193356
2.90512e-11	0.0194429
2.91083e-11	0.0195499
2.91654e-11	0.0196563
2.92225e-11	0.0197624
2.92795e-11	0.0198679
2.93366e-11	0.019973
2.93937e-11	0.0200776
2.94508e-11	0.0201817
2.95078e-11	0.0202852
2.95649e-11	0.0203881
2.9622e-11	0.0204905
2.96791e-11	0.0205923
2.97361e-11	0.0206935
2.97932e-11	0.020794
2.98503e-11	0.0208939
2.99074e-11	0.0209931
2.99644e-11	0.0210916
3.00215e-11	0.0211894
3.00786e-11	0.0212864
3.01357e-11	0.0213827
3.01927e-11	0.0214782
3.02498e-11	0.0215729
3.03069e-11	0.0216668
3.0364e-11	0.0217598
3.0421e-11	0.021852
3.04781e-11	0.0219433
3.05352e-11	0.0220336
3.05923e-11	0.0221231
3.06493e-11	0.0222115
3.07064e-11	0.022299
3.07635e-11	0.0223855
3.08206e-11	0.022471
3.08776e-11	0.0225554
3.09347e-11	0.0226387
3.09918e-11	0.0227209
3.10489e-11	0.0228021
3.11059e-11	0.022882
3.1163e-11	0.0229608
3.12201e-11	0.0230384
3.12772e-11	0.0231148
3.13342e-11	0.0231899
3.13913e-11	0.0232638
3.14484e-11	0.0233363
3.15055e-11	0.0234076
3.15625e-11	0.0234774
3.16196e-11	0.0235459
3.16767e-11	0.023613
3.17338e-11	0.0236787
3.17908e-11	0.0237429
3.18479e-11	0.0238057
3.1905e-11	0.0238669
3.19621e-11	0.0239266
3.20191e-11	0.0239847
3.20762e-11	0.0240412
3.21333e-11	0.0240961
3.21904e-11	0.0241494
3.22474e-11	0.024201
3.23045e-11	0.0242508
3.23616e-11	0.024299
3.24187e-11	0.0243453
3.24757e-11	0.0243899
3.25328e-11	0.0244327
3.25899e-11	0.0244736
3.2647e-11	0.0245126
3.2704e-11	0.0245497
3.27611e-11	0.0245849
3.28182e-11	0.0246181
3.28753e-11	0.0246492
3.29323e-11	0.0246784
3.29894e-11	0.0247055
3.30465e-11	0.0247305
3.31036e-11	0.0247534
3.31606e-11	0.0247741
3.32177e-11	0.0247926
3.32748e-11	0.0248089
3.33319e-11	0.0248229
3.33889e-11	0.0248347
3.3446e-11	0.0248441
3.35031e-11	0.0248512
3.35602e-11	0.0248559
3.36172e-11	0.0248582
3.36743e-11	0.0248581
3.37314e-11	0.0248554
3.37885e-11	0.0248503
3.38455e-11	0.0248426
3.39026e-11	0.0248323
3.39597e-11	0.0248194
3.40168e-11	0.0248039
3.40738e-11	0.0247856
3.41309e-11	0.0247647
3.4188e-11	0.024741
3.42451e-11	0.0247145
3.43021e-11	0.0246852
3.43592e-11	0.0246531
3.44163e-11	0.024618
3.44734e-11	0.02458
3.45304e-11	0.0245391
3.45875e-11	0.0244952
3.46446e-11	0.0244482
3.47017e-11	0.0243982
3.47587e-11	0.024345
3.48158e-11	0.0242887
3.48729e-11	0.0242293
3.493e-11	0.0241666
3.4987e-11	0.0241007
3.50441e-11	0.0240316
3.51012e-11	0.023959
3.51583e-11	0.0238832
3.52153e-11	0.0238039
3.52724e-11	0.0237212
3.53295e-11	0.0236351
3.53866e-11	0.0235454
3.54436e-11	0.0234522
3.55007e-11	0.0233555
3.55578e-11	0.0232551
3.56149e-11	0.023151
3.56719e-11	0.0230433
3.5729e-11	0.0229318
3.57861e-11	0.0228166
3.58432e-11	0.0226976
3.59002e-11	0.0225747
3.59573e-11	0.022448
3.60144e-11	0.0223173
3.60715e-11	0.0221827
3.61285e-11	0.0220441
3.61856e-11	0.0219015
3.62427e-11	0.0217548
3.62998e-11	0.021604
3.63568e-11	0.0214491
3.64139e-11	0.0212899
3.6471e-11	0.0211266
3.65281e-11	0.020959
3.65851e-11	0.0207871
3.66422e-11	0.0206108
3.66993e-11	0.0204302
3.67564e-11	0.0202452
3.68134e-11	0.0200557
3.68705e-11	0.0198618
3.69276e-11	0.0196633
3.69847e-11	0.0194602
3.70417e-11	0.0192526
3.70988e-11	0.0190403
3.71559e-11	0.0188233
3.7213e-11	0.0186016
3.727e-11	0.0183751
3.73271e-11	0.0181439
3.73842e-11	0.0179078
3.74413e-11	0.0176668
3.74983e-11	0.0174209
3.75554e-11	0.0171701
3.76125e-11	0.0169143
3.76696e-11	0.0166534
3.77267e-11	0.0163875
3.77837e-11	0.0161165
3.78408e-11	0.0158404
3.78979e-11	0.015559
3.7955e-11	0.0152725
3.8012e-11	0.0149807
3.80691e-11	0.0146836
3.81262e-11	0.0143812
3.81833e-11	0.0140734
3.82403e-11	0.0137602
3.82974e-11	0.0134415
3.83545e-11	0.0131174
3.84116e-11	0.0127878
3.84686e-11	0.0124526
3.85257e-11	0.0121118
3.85828e-11	0.0117654
3.86399e-11	0.0114133
3.86969e-11	0.0110556
3.8754e-11	0.010692
3.88111e-11	0.0103227
3.88682e-11	0.00994764
3.89252e-11	0.0095667
3.89823e-11	0.00917987
3.90394e-11	0.00878712
3.90965e-11	0.00838841
3.91535e-11	0.00798372
3.92106e-11	0.007573
3.92677e-11	0.00715622
3.93248e-11	0.00673335
3.93818e-11	0.00630435
3.94389e-11	0.00586918
3.9496e-11	0.00542782
3.95531e-11	0.00498022
3.96101e-11	0.00452636
3.96672e-11	0.00406619
3.97243e-11	0.0035997
3.97814e-11	0.00312683
3.98384e-11	0.00264757
3.98955e-11	0.00216187
3.99526e-11	0.00166971
4.00097e-11	0.00117106
4.00667e-11	0.000665871
4.01238e-11	0.000154124
4.01809e-11	-0.000364214
4.0238e-11	-0.000889176
4.0295e-11	-0.00142079
4.03521e-11	-0.00195909
4.04092e-11	-0.00250411
4.04663e-11	-0.00305587
4.05233e-11	-0.0036144
4.05804e-11	-0.00417974
4.06375e-11	-0.00475191
4.06946e-11	-0.00533094
4.07516e-11	-0.00591686
4.08087e-11	-0.0065097
4.08658e-11	-0.00710949
4.09229e-11	-0.00771624
4.09799e-11	-0.00833
4.1037e-11	-0.00895079
4.10941e-11	-0.00957862
4.11512e-11	-0.0102135
4.12082e-11	-0.0108556
4.12653e-11	-0.0115047
4.13224e-11	-0.012161
4.13795e-11	-0.0128245
4.14365e-11	-0.0134952
4.14936e-11	-0.0141731
4.15507e-11	-0.0148582
4.16078e-11	-0.0155507
4.16648e-11	-0.0162504
4.17219e-11	-0.0169574
4.1779e-11	-0.0176718
4.18361e-11	-0.0183935
4.18931e-11	-0.0191226
4.19502e-11	-0.0198591
4.20073e-11	-0.0206031
4.20644e-11	-0.0213544
4.21214e-11	-0.0221132
4.21785e-11	-0.0228795
4.22356e-11	-0.0236533
4.22927e-11	-0.0244346
4.23497e-11	-0.0252234
4.24068e-11	-0.0260197
4.24639e-11	-0.0268236
4.2521e-11	-0.0276351
4.2578e-11	-0.0284541
4.26351e-11	-0.0292808
4.26922e-11	-0.0301151
4.27493e-11	-0.030957
4.28063e-11	-0.0318065
4.28634e-11	-0.0326637
4.29205e-11	-0.0335285
4.29776e-11	-0.034401
4.30346e-11	-0.0352812
4.30917e-11	-0.0361691
4.31488e-11	-0.0370646
4.32059e-11	-0.0379679
4.32629e-11	-0.0388789
4.332e-11	-0.0397976
4.33771e-11	-0.040724
4.34342e-11	-0.0416582
4.34912e-11	-0.0426001
4.35483e-11	-0.0435497
4.36054e-11	-0.0445071
4.36625e-11	-0.0454723
4.37195e-11	-0.0464452
4.37766e-11	-0.0474258
4.38337e-11	-0.0484142
4.38908e-11	-0.0494103
4.39478e-11	-0.0504142
4.40049e-11	-0.0514259
4.4062e-11	-0.0524453
4.41191e-11	-0.0534724
4.41761e-11	-0.0545073
4.42332e-11	-0.05555
4.42903e-11	-0.0566003
4.43474e-11	-0.0576584
4.44044e-11	-0.0587242
4.44615e-11	-0.0597978
4.45186e-11	-0.060879
4.45757e-11	-0.061968
4.46327e-11	-0.0630646
4.46898e-11	-0.0641689
4.47469e-11	-0.0652809
4.4804e-11	-0.0664006
4.4861e-11	-0.0675279
4.49181e-11	-0.0686628
4.49752e-11	-0.0698054
4.50323e-11	-0.0709556
4.50893e-11	-0.0721133
4.51464e-11	-0.0732786
4.52035e-11	-0.0744515
4.52606e-11	-0.075632
4.53176e-11	-0.0768199
4.53747e-11	-0.0780154
4.54318e-11	-0.0792183
4.54889e-11	-0.0804287
4.55459e-11	-0.0816465
4.5603e-11	-0.0828718
4.56601e-11	-0.0841044
4.57172e-11	-0.0853444
4.57742e-11	-0.0865918
4.58313e-11	-0.0878464
4.58884e-11	-0.0891084
4.59455e-11	-0.0903776
4.60025e-11	-0.091654
4.60596e-11	-0.0929376
4.61167e-11	-0.0942284
4.61738e-11	-0.0955264
4.62308e-11	-0.0968314
4.62879e-11	-0.0981436
4.6345e-11	-0.0994627
4.64021e-11	-0.100789
4.64591e-11	-0.102122
4.65162e-11	-0.103462
4.65733e-11	-0.104809
4.66304e-11	-0.106163
4.66874e-11	-0.107523
4.67445e-11	-0.108891
4.68016e-11	-0.110265
4.68587e-11	-0.111646
4.69157e-11	-0.113033
4.69728e-11	-0.114427
4.70299e-11	-0.115828
4.7087e-11	-0.117235
4.7144e-11	-0.118648
4.72011e-11	-0.120068
4.72582e-11	-0.121494
4.73153e-11	-0.122927
4.73723e-11	-0.124366
4.74294e-11	-0.125811
4.74865e-11	-0.127262
4.75436e-11	-0.128719
4.76006e-11	-0.130183
4.76577e-11	-0.131652
4.77148e-11	-0.133127
4.77719e-11	-0.134608
4.78289e-11	-0.136095
4.7886e-11	-0.137588
4.79431e-11	-0.139086
4.80002e-11	-0.14059
4.80572e-11	-0.142099
4.81143e-11	-0.143614
4.81714e-11	-0.145135
4.82285e-11	-0.146661
4.82855e-11	-0.148192
4.83426e-11	-0.149728
4.83997e-11	-0.151269
4.84568e-11	-0.152816
4.85138e-11	-0.154367
4.85709e-11	-0.155924
4.8628e-11	-0.157485
4.86851e-11	-0.159051
4.87421e-11	-0.160622
4.87992e-11	-0.162197
4.88563e-11	-0.163777
4.89134e-11	-0.165362
4.89704e-11	-0.16695
4.90275e-11	-0.168543
4.90846e-11	-0.170141
4.91417e-11	-0.171742
4.91987e-11	-0.173348
4.92558e-11	-0.174957
4.93129e-11	-0.176571
4.937e-11	-0.178188
4.9427e-11	-0.179809
4.94841e-11	-0.181434
4.95412e-11	-0.183062
4.95983e-11	-0.184693
4.96553e-11	-0.186328
4.97124e-11	-0.187966
4.97695e-11	-0.189608
4.98266e-11	-0.191252
4.98836e-11	-0.192899
4.99407e-11	-0.19455
4.99978e-11	-0.196203
5.00549e-11	-0.197858
5.0112e-11	-0.199516
5.0169e-11	-0.201177
5.02261e-11	-0.20284
5.02832e-11	-0.204505
5.03403e-11	-0.206173
5.03973e-11	-0.207842
5.04544e-11	-0.209514
5.05115e-11	-0.211187
5.05686e-11	-0.212862
5.06256e-11	-0.214538
5.06827e-11	-0.216217
5.07398e-11	-0.217896
5.07969e-11	-0.219577
5.08539e-11	-0.221259
5.0911e-11	-0.222942
5.09681e-11	-0.224625
5.10252e-11	-0.22631
5.10822e-11	-0.227996
5.11393e-11	-0.229682
5.11964e-11	-0.231368
5.12535e-11	-0.233055
5.13105e-11	-0.234742
5.13676e-11	-0.236429
5.14247e-11	-0.238116
5.14818e-11	-0.239803
5.15388e-11	-0.241489
5.15959e-11	-0.243175
5.1653e-11	-0.244861
5.17101e-11	-0.246546
5.17671e-11	-0.24823
5.18242e-11	-0.249913
5.18813e-11	-0.251595
5.19384e-11	-0.253276
5.19954e-11	-0.254956
5.20525e-11	-0.256634
5.21096e-11	-0.25831
5.21667e-11	-0.259985
5.22237e-11	-0.261658
5.22808e-11	-0.263329
5.23379e-11	-0.264998
5.2395e-11	-0.266664
5.2452e-11	-0.268328
5.25091e-11	-0.26999
5.25662e-11	-0.271649
5.26233e-11	-0.273305
5.26803e-11	-0.274958
5.27374e-11	-0.276608
5.27945e-11	-0.278254
5.28516e-11	-0.279897
5.29086e-11	-0.281537
5.29657e-11	-0.283173
5.30228e-11	-0.284804
5.30799e-11	-0.286432
5.31369e-11	-0.288056
5.3194e-11	-0.289676
5.32511e-11	-0.29129
5.33082e-11	-0.292901
5.33652e-11	-0.294506
5.34223e-11	-0.296107
5.34794e-11	-0.297702
5.35365e-11	-0.299293
5.35935e-11	-0.300878
5.36506e-11	-0.302457
5.37077e-11	-0.304031
5.37648e-11	-0.305598
5.38218e-11	-0.30716
5.38789e-11	-0.308716
5.3936e-11	-0.310265
5.39931e-11	-0.311808
5.40501e-11	-0.313344
5.41072e-11	-0.314873
5.41643e-11	-0.316395
5.42214e-11	-0.31791
5.42784e-11	-0.319418
5.43355e-11	-0.320919
5.43926e-11	-0.322411
5.44497e-11	-0.323896
5.45067e-11	-0.325373
5.45638e-11	-0.326842
5.46209e-11	-0.328302
5.4678e-11	-0.329754
5.4735e-11	-0.331198
5.47921e-11	-0.332633
5.48492e-11	-0.334058
5.49063e-11	-0.335475
5.49633e-11	-0.336882
5.50204e-11	-0.33828
5.50775e-11	-0.339668
5.51346e-11	-0.341046
5.51916e-11	-0.342415
5.52487e-11	-0.343773
5.53058e-11	-0.345121
5.53629e-11	-0.346458
5.54199e-11	-0.347785
5.5477e-11	-0.349101
5.55341e-11	-0.350406
5.55912e-11	-0.3517
5.56482e-11	-0.352982
5.57053e-11	-0.354253
5.57624e-11	-0.355512
5.58195e-11	-0.35676
5.58765e-11	-0.357995
5.59336e-11	-0.359218
5.59907e-11	-0.360429
5.60478e-11	-0.361627
5.61048e-11	-0.362813
5.61619e-11	-0.363985
5.6219e-11	-0.365145
5.62761e-11	-0.366291
5.63331e-11	-0.367424
5.63902e-11	-0.368543
5.64473e-11	-0.369649
5.65044e-11	-0.37074
5.65614e-11	-0.371818
5.66185e-11	-0.372881
5.66756e-11	-0.37393
5.67327e-11	-0.374964
5.67897e-11	-0.375983
5.68468e-11	-0.376987
5.69039e-11	-0.377977
5.6961e-11	-0.378951
5.7018e-11	-0.379909
5.70751e-11	-0.380852
5.71322e-11	-0.381778
5.71893e-11	-0.382689
5.72463e-11	-0.383584
5.73034e-11	-0.384462
5.73605e-11	-0.385324
5.74176e-11	-0.386169
5.74746e-11	-0.386997
5.75317e-11	-0.387809
5.75888e-11	-0.388602
5.76459e-11	-0.389379
5.77029e-11	-0.390138
5.776e-11	-0.390879
5.78171e-11	-0.391603
5.78742e-11	-0.392308
5.79312e-11	-0.392995
5.79883e-11	-0.393664
5.80454e-11	-0.394314
5.81025e-11	-0.394946
5.81595e-11	-0.395559
5.82166e-11	-0.396152
5.82737e-11	-0.396726
5.83308e-11	-0.397281
5.83878e-11	-0.397817
5.84449e-11	-0.398332
5.8502e-11	-0.398828
5.85591e-11	-0.399304
5.86161e-11	-0.39976
5.86732e-11	-0.400195
5.87303e-11	-0.400609
5.87874e-11	-0.401003
5.88444e-11	-0.401377
5.89015e-11	-0.401729
5.89586e-11	-0.40206
5.90157e-11	-0.40237
5.90727e-11	-0.402658
5.91298e-11	-0.402925
5.91869e-11	-0.403169
5.9244e-11	-0.403392
5.9301e-11	-0.403593
5.93581e-11	-0.403772
5.94152e-11	-0.403928
5.94723e-11	-0.404062
5.95293e-11	-0.404173
5.95864e-11	-0.404261
5.96435e-11	-0.404327
5.97006e-11	-0.404369
5.97576e-11	-0.404388
5.98147e-11	-0.404383
5.98718e-11	-0.404355
5.99289e-11	-0.404304
5.99859e-11	-0.404228
6.0043e-11	-0.404129
6.01001e-11	-0.404005
6.01572e-11	-0.403857
6.02142e-11	-0.403685
6.02713e-11	-0.403488
6.03284e-11	-0.403267
6.03855e-11	-0.403021
6.04425e-11	-0.40275
6.04996e-11	-0.402454
6.05567e-11	-0.402132
6.06138e-11	-0.401786
6.06708e-11	-0.401414
6.07279e-11	-0.401016
6.0785e-11	-0.400593
6.08421e-11	-0.400144
6.08991e-11	-0.39967
6.09562e-11	-0.399169
6.10133e-11	-0.398642
6.10704e-11	-0.398089
6.11274e-11	-0.397509
6.11845e-11	-0.396903
6.12416e-11	-0.39627
6.12987e-11	-0.395611
6.13557e-11	-0.394925
6.14128e-11	-0.394212
6.14699e-11	-0.393472
6.1527e-11	-0.392704
6.1584e-11	-0.39191
6.16411e-11	-0.391088
6.16982e-11	-0.390239
6.17553e-11	-0.389362
6.18123e-11	-0.388458
6.18694e-11	-0.387526
6.19265e-11	-0.386566
6.19836e-11	-0.385578
6.20406e-11	-0.384562
6.20977e-11	-0.383519
6.21548e-11	-0.382447
6.22119e-11	-0.381347
6.22689e-11	-0.380218
6.2326e-11	-0.379061
6.23831e-11	-0.377876
6.24402e-11	-0.376662
6.24972e-11	-0.37542
6.25543e-11	-0.374148
6.26114e-11	-0.372848
6.26685e-11	-0.37152
6.27256e-11	-0.370162
6.27826e-11	-0.368775
6.28397e-11	-0.36736
6.28968e-11	-0.365915
6.29539e-11	-0.364441
6.30109e-11	-0.362938
6.3068e-11	-0.361406
6.31251e-11	-0.359844
6.31822e-11	-0.358253
6.32392e-11	-0.356633
6.32963e-11	-0.354983
6.33534e-11	-0.353303
6.34105e-11	-0.351595
6.34675e-11	-0.349856
6.35246e-11	-0.348088
6.35817e-11	-0.34629
6.36388e-11	-0.344463
6.36958e-11	-0.342606
6.37529e-11	-0.340719
6.381e-11	-0.338803
6.38671e-11	-0.336856
6.39241e-11	-0.33488
6.39812e-11	-0.332874
6.40383e-11	-0.330838
6.40954e-11	-0.328773
6.41524e-11	-0.326677
6.42095e-11	-0.324552
6.42666e-11	-0.322396
6.43237e-11	-0.320211
6.43807e-11	-0.317996
6.44378e-11	-0.315751
6.44949e-11	-0.313476
6.4552e-11	-0.311171
6.4609e-11	-0.308836
6.46661e-11	-0.306471
6.47232e-11	-0.304077
6.47803e-11	-0.301652
6.48373e-11	-0.299198
6.48944e-11	-0.296714
6.49515e-11	-0.2942
6.50086e-11	-0.291657
6.50656e-11	-0.289083
6.51227e-11	-0.28648
6.51798e-11	-0.283847
6.52369e-11	-0.281184
6.52939e-11	-0.278492
6.5351e-11	-0.27577
6.54081e-11	-0.273019
6.54652e-11	-0.270238
6.55222e-11	-0.267428
6.55793e-11	-0.264588
6.56364e-11	-0.261719
6.56935e-11	-0.25882
6.57505e-11	-0.255892
6.58076e-11	-0.252935
6.58647e-11	-0.249949
6.59218e-11	-0.246934
6.59788e-11	-0.243889
6.60359e-11	-0.240816
6.6093e-11	-0.237714
6.61501e-11	-0.234583
6.62071e-11	-0.231423
6.62642e-11	-0.228234
6.63213e-11	-0.225017
6.63784e-11	-0.221772
6.64354e-11	-0.218498
6.64925e-11	-0.215196
6.65496e-11	-0.211865
6.66067e-11	-0.208506
6.66637e-11	-0.205119
6.67208e-11	-0.201705
6.67779e-11	-0.198262
6.6835e-11	-0.194792
6.6892e-11	-0.191294
6.69491e-11	-0.187768
6.70062e-11	-0.184215
6.70633e-11	-0.180635
6.71203e-11	-0.177027
6.71774e-11	-0.173392
6.72345e-11	-0.169731
6.72916e-11	-0.166042
6.73486e-11	-0.162327
6.74057e-11	-0.158585
6.74628e-11	-0.154817
6.75199e-11	-0.151022
6.75769e-11	-0.147202
6.7634e-11	-0.143355
6.76911e-11	-0.139482
6.77482e-11	-0.135584
6.78052e-11	-0.131659
6.78623e-11	-0.12771
6.79194e-11	-0.123735
6.79765e-11	-0.119735
6.80335e-11	-0.11571
6.80906e-11	-0.11166
6.81477e-11	-0.107585
6.82048e-11	-0.103486
6.82618e-11	-0.0993623
6.83189e-11	-0.0952145
6.8376e-11	-0.0910428
6.84331e-11	-0.0868472
6.84901e-11	-0.0826279
6.85472e-11	-0.0783851
6.86043e-11	-0.074119
6.86614e-11	-0.0698298
6.87184e-11	-0.0655177
6.87755e-11	-0.0611828
6.88326e-11	-0.0568253
6.88897e-11	-0.0524455
6.89467e-11	-0.0480435
6.90038e-11	-0.0436195
6.90609e-11	-0.0391737
6.9118e-11	-0.0347064
6.9175e-11	-0.0302177
6.92321e-11	-0.0257079
6.92892e-11	-0.0211771
6.93463e-11	-0.0166255
6.94033e-11	-0.0120535
6.94604e-11	-0.00746114
6.95175e-11	-0.00284871
6.95746e-11	0.00178359
6.96316e-11	0.00643553
6.96887e-11	0.0111069
6.97458e-11	0.0157974
6.98029e-11	0.0205069
6.98599e-11	0.0252351
6.9917e-11	0.0299818
6.99741e-11	0.0347468
7.00312e-11	0.0395297
7.00882e-11	0.0443304
7.01453e-11	0.0491487
7.02024e-11	0.0539842
7.02595e-11	0.0588368
7.03165e-11	0.0637061
7.03736e-11	0.068592
7.04307e-11	0.0734941
7.04878e-11	0.0784123
7.05448e-11	0.0833462
7.06019e-11	0.0882956
7.0659e-11	0.0932602
7.07161e-11	0.0982399
7.07731e-11	0.103234
7.08302e-11	0.108243
7.08873e-11	0.113266
7.09444e-11	0.118303
7.10014e-11	0.123353
7.10585e-11	0.128417
7.11156e-11	0.133494
7.11727e-11	0.138583
7.12297e-11	0.143686
7.12868e-11	0.1488
7.13439e-11	0.153926
7.1401e-11	0.159064
7.1458e-11	0.164214
7.15151e-11	0.169374
7.15722e-11	0.174545
7.16293e-11	0.179727
7.16863e-11	0.184919
7.17434e-11	0.190121
7.18005e-11	0.195332
7.18576e-11	0.200553
7.19146e-11	0.205782
7.19717e-11	0.211021
7.20288e-11	0.216267
7.20859e-11	0.221522
7.21429e-11	0.226785
7.22e-11	0.232055
7.22571e-11	0.237332
7.23142e-11	0.242616
7.23712e-11	0.247907
7.24283e-11	0.253204
7.24854e-11	0.258507
7.25425e-11	0.263815
7.25995e-11	0.269128
7.26566e-11	0.274447
7.27137e-11	0.27977
7.27708e-11	0.285098
7.28278e-11	0.290429
7.28849e-11	0.295764
7.2942e-11	0.301103
7.29991e-11	0.306444
7.30561e-11	0.311788
7.31132e-11	0.317135
7.31703e-11	0.322483
7.32274e-11	0.327833
7.32844e-11	0.333185
7.33415e-11	0.338537
7.33986e-11	0.34389
7.34557e-11	0.349244
7.35127e-11	0.354598
7.35698e-11	0.359951
7.36269e-11	0.365304
7.3684e-11	0.370655
7.3741e-11	0.376006
7.37981e-11	0.381354
7.38552e-11	0.386701
7.39123e-11	0.392045
7.39693e-11	0.397387
7.40264e-11	0.402725
7.40835e-11	0.408061
7.41406e-11	0.413392
7.41976e-11	0.418719
7.42547e-11	0.424042
7.43118e-11	0.429361
7.43689e-11	0.434674
7.44259e-11	0.439982
7.4483e-11	0.445284
7.45401e-11	0.45058
7.45972e-11	0.455869
7.46542e-11	0.461151
7.47113e-11	0.466427
7.47684e-11	0.471695
7.48255e-11	0.476955
7.48825e-11	0.482207
7.49396e-11	0.48745
7.49967e-11	0.492684
7.50538e-11	0.497909
7.51109e-11	0.503125
7.51679e-11	0.50833
7.5225e-11	0.513526
7.52821e-11	0.51871
7.53392e-11	0.523884
7.53962e-11	0.529046
7.54533e-11	0.534197
7.55104e-11	0.539336
7.55675e-11	0.544462
7.56245e-11	0.549576
7.56816e-11	0.554676
7.57387e-11	0.559763
7.57958e-11	0.564836
7.58528e-11	0.569896
7.59099e-11	0.57494
7.5967e-11	0.57997
7.60241e-11	0.584985
7.60811e-11	0.589985
7.61382e-11	0.594968
7.61953e-11	0.599936
7.62524e-11	0.604887
7.63094e-11	0.609821
7.63665e-11	0.614738
7.64236e-11	0.619637
7.64807e-11	0.624519
7.65377e-11	0.629382
7.65948e-11	0.634227
7.66519e-11	0.639053
7.6709e-11	0.64386
7.6766e-11	0.648647
7.68231e-11	0.653414
7.68802e-11	0.658162
7.69373e-11	0.662888
7.69943e-11	0.667594
7.70514e-11	0.672279
7.71085e-11	0.676942
7.71656e-11	0.681583
7.72226e-11	0.686202
7.72797e-11	0.690799
7.73368e-11	0.695372
7.73939e-11	0.699923
7.74509e-11	0.70445
7.7508e-11	0.708953
7.75651e-11	0.713433
7.76222e-11	0.717887
7.76792e-11	0.722317
7.77363e-11	0.726722
7.77934e-11	0.731102
7.78505e-11	0.735456
7.79075e-11	0.739784
7.79646e-11	0.744086
7.80217e-11	0.748361
7.80788e-11	0.752609
7.81358e-11	0.75683
7.81929e-11	0.761023
7.825e-11	0.765189
7.83071e-11	0.769326
7.83641e-11	0.773435
7.84212e-11	0.777516
7.84783e-11	0.781567
7.85354e-11	0.785589
7.85924e-11	0.789581
7.86495e-11	0.793544
7.87066e-11	0.797476
7.87637e-11	0.801378
7.88207e-11	0.80525
7.88778e-11	0.80909
7.89349e-11	0.812899
7.8992e-11	0.816676
7.9049e-11	0.820422
7.91061e-11	0.824135
7.91632e-11	0.827816
7.92203e-11	0.831465
7.92773e-11	0.83508
7.93344e-11	0.838663
7.93915e-11	0.842211
7.94486e-11	0.845727
7.95056e-11	0.849208
7.95627e-11	0.852655
7.96198e-11	0.856067
7.96769e-11	0.859445
7.97339e-11	0.862788
7.9791e-11	0.866096
7.98481e-11	0.869368
7.99052e-11	0.872604
7.99622e-11	0.875805
8.00193e-11	0.878969
8.00764e-11	0.882097
8.01335e-11	0.885189
8.01905e-11	0.888243
8.02476e-11	0.891261
8.03047e-11	0.894241
8.03618e-11	0.897183
8.04188e-11	0.900088
8.04759e-11	0.902955
8.0533e-11	0.905784
8.05901e-11	0.908574
8.06471e-11	0.911326
8.07042e-11	0.914039
8.07613e-11	0.916713
8.08184e-11	0.919348
8.08754e-11	0.921943
8.09325e-11	0.924499
8.09896e-11	0.927015
8.10467e-11	0.929491
8.11037e-11	0.931927
8.11608e-11	0.934323
8.12179e-11	0.936678
8.1275e-11	0.938993
8.1332e-11	0.941266
8.13891e-11	0.943499
8.14462e-11	0.94569
8.15033e-11	0.94784
8.15603e-11	0.949949
8.16174e-11	0.952016
8.16745e-11	0.954041
8.17316e-11	0.956024
8.17886e-11	0.957965
8.18457e-11	0.959864
8.19028e-11	0.96172
8.19599e-11	0.963534
8.20169e-11	0.965305
8.2074e-11	0.967033
8.21311e-11	0.968719
8.21882e-11	0.970361
8.22452e-11	0.97196
8.23023e-11	0.973516
8.23594e-11	0.975028
8.24165e-11	0.976497
8.24735e-11	0.977922
8.25306e-11	0.979303
8.25877e-11	0.980641
8.26448e-11	0.981934
8.27018e-11	0.983184
8.27589e-11	0.984389
8.2816e-11	0.98555
8.28731e-11	0.986667
8.29301e-11	0.987739
8.29872e-11	0.988767
8.30443e-11	0.98975
8.31014e-11	0.990688
8.31584e-11	0.991582
8.32155e-11	0.992431
8.32726e-11	0.993236
8.33297e-11	0.993995
8.33867e-11	0.994709
8.34438e-11	0.995378
8.35009e-11	0.996003
8.3558e-11	0.996582
8.3615e-11	0.997115
8.36721e-11	0.997604
8.37292e-11	0.998048
8.37863e-11	0.998446
8.38433e-11	0.998799
8.39004e-11	0.999106
8.39575e-11	0.999368
8.40146e-11	0.999585
8.40716e-11	0.999757
8.41287e-11	0.999883
8.41858e-11	0.999963
8.42429e-11	0.999998
8.42999e-11	0.999988
8.4357e-11	0.999932
8.44141e-11	0.999831
8.44712e-11	0.999685
8.45282e-11	0.999493
8.45853e-11	0.999255
8.46424e-11	0.998973
8.46995e-11	0.998645
8.47565e-11	0.998271
8.48136e-11	0.997853
8.48707e-11	0.997389
8.49278e-11	0.99688
8.49848e-11	0.996325
8.50419e-11	0.995726
8.5099e-11	0.995081
8.51561e-11	0.994392
8.52131e-11	0.993657
8.52702e-11	0.992877
8.53273e-11	0.992053
8.53844e-11	0.991184
8.54414e-11	0.990269
8.54985e-11	0.989311
8.55556e-11	0.988307
8.56127e-11	0.987259
8.56697e-11	0.986167
8.57268e-11	0.98503
8.57839e-11	0.983849
8.5841e-11	0.982624
8.5898e-11	0.981355
8.59551e-11	0.980041
8.60122e-11	0.978684
8.60693e-11	0.977283
8.61263e-11	0.975838
8.61834e-11	0.974349
8.62405e-11	0.972817
8.62976e-11	0.971242
8.63546e-11	0.969623
8.64117e-11	0.967962
8.64688e-11	0.966257
8.65259e-11	0.964509
8.65829e-11	0.962719
8.664e-11	0.960886
8.66971e-11	0.95901
8.67542e-11	0.957092
8.68112e-11	0.955132
8.68683e-11	0.95313
8.69254e-11	0.951086
8.69825e-11	0.949
8.70395e-11	0.946873
8.70966e-11	0.944704
8.71537e-11	0.942494
8.72108e-11	0.940243
8.72678e-11	0.937951
8.73249e-11	0.935618
8.7382e-11	0.933245
8.74391e-11	0.930831
8.74961e-11	0.928376
8.75532e-11	0.925882
8.76103e-11	0.923348
8.76674e-11	0.920774
8.77245e-11	0.918161
8.77815e-11	0.915509
8.78386e-11	0.912817
8.78957e-11	0.910086
8.79528e-11	0.907317
8.80098e-11	0.904509
8.80669e-11	0.901663
8.8124e-11	0.898779
8.81811e-11	0.895857
8.82381e-11	0.892898
8.82952e-11	0.889901
8.83523e-11	0.886866
8.84094e-11	0.883795
8.84664e-11	0.880687
8.85235e-11	0.877543
8.85806e-11	0.874362
8.86377e-11	0.871145
8.86947e-11	0.867892
8.87518e-11	0.864604
8.88089e-11	0.86128
8.8866e-11	0.857922
8.8923e-11	0.854528
8.89801e-11	0.8511
8.90372e-11	0.847638
8.90943e-11	0.844141
8.91513e-11	0.840611
8.92084e-11	0.837047
8.92655e-11	0.833449
8.93226e-11	0.829819
8.93796e-11	0.826156
8.94367e-11	0.82246
8.94938e-11	0.818732
8.95509e-11	0.814972
8.96079e-11	0.81118
8.9665e-11	0.807357
8.97221e-11	0.803503
8.97792e-11	0.799618
8.98362e-11	0.795702
8.98933e-11	0.791756
8.99504e-11	0.78778
9.00075e-11	0.783774
9.00645e-11	0.779738
9.01216e-11	0.775674
9.01787e-11	0.77158
9.02358e-11	0.767458
9.02928e-11	0.763308
9.03499e-11	0.75913
9.0407e-11	0.754924
9.04641e-11	0.750691
9.05211e-11	0.746431
9.05782e-11	0.742143
9.06353e-11	0.73783
9.06924e-11	0.73349
9.07494e-11	0.729124
9.08065e-11	0.724733
9.08636e-11	0.720317
9.09207e-11	0.715876
9.09777e-11	0.71141
9.10348e-11	0.70692
9.10919e-11	0.702405
9.1149e-11	0.697868
9.1206e-11	0.693307
9.12631e-11	0.688722
9.13202e-11	0.684116
9.13773e-11	0.679487
9.14343e-11	0.674836
9.14914e-11	0.670163
9.15485e-11	0.665468
9.16056e-11	0.660753
9.16626e-11	0.656017
9.17197e-11	0.651261
9.17768e-11	0.646484
9.18339e-11	0.641688
9.18909e-11	0.636873
9.1948e-11	0.632038
9.20051e-11	0.627185
9.20622e-11	0.622313
9.21192e-11	0.617424
9.21763e-11	0.612516
9.22334e-11	0.607591
9.22905e-11	0.60265
9.23475e-11	0.597691
9.24046e-11	0.592716
9.24617e-11	0.587726
9.25188e-11	0.582719
9.25758e-11	0.577697
9.26329e-11	0.572661
9.269e-11	0.567609
9.27471e-11	0.562544
9.28041e-11	0.557464
9.28612e-11	0.552371
9.29183e-11	0.547264
9.29754e-11	0.542145
9.30324e-11	0.537013
9.30895e-11	0.531869
9.31466e-11	0.526713
9.32037e-11	0.521545
9.32607e-11	0.516367
9.33178e-11	0.511177
9.33749e-11	0.505977
9.3432e-11	0.500767
9.3489e-11	0.495547
9.35461e-11	0.490318
9.36032e-11	0.48508
9.36603e-11	0.479832
9.37173e-11	0.474577
9.37744e-11	0.469313
9.38315e-11	0.464042
9.38886e-11	0.458763
9.39456e-11	0.453478
9.40027e-11	0.448185
9.40598e-11	0.442887
9.41169e-11	0.437582
9.41739e-11	0.432272
9.4231e-11	0.426956
9.42881e-11	0.421636
9.43452e-11	0.416311
9.44022e-11	0.410981
9.44593e-11	0.405648
9.45164e-11	0.400311
9.45735e-11	0.394971
9.46305e-11	0.389628
9.46876e-11	0.384283
9.47447e-11	0.378935
9.48018e-11	0.373586
9.48588e-11	0.368235
9.49159e-11	0.362883
9.4973e-11	0.35753
9.50301e-11	0.352176
9.50871e-11	0.346823
9.51442e-11	0.341469
9.52013e-11	0.336116
9.52584e-11	0.330764
9.53154e-11	0.325413
9.53725e-11	0.320064
9.54296e-11	0.314716
9.54867e-11	0.309371
9.55437e-11	0.304028
9.56008e-11	0.298688
9.56579e-11	0.293351
9.5715e-11	0.288017
9.5772e-11	0.282688
9.58291e-11	0.277362
9.58862e-11	0.272041
9.59433e-11	0.266725
9.60003e-11	0.261413
9.60574e-11	0.256108
9.61145e-11	0.250807
9.61716e-11	0.245513
9.62286e-11	0.240226
9.62857e-11	0.234945
9.63428e-11	0.229671
9.63999e-11	0.224404
9.64569e-11	0.219145
9.6514e-11	0.213894
9.65711e-11	0.208651
9.66282e-11	0.203416
9.66852e-11	0.19819
9.67423e-11	0.192974
9.67994e-11	0.187767
9.68565e-11	0.182569
9.69135e-11	0.177382
9.69706e-11	0.172205
9.70277e-11	0.167039
9.70848e-11	0.161883
9.71418e-11	0.156739
9.71989e-11	0.151606
9.7256e-11	0.146485
9.73131e-11	0.141377
9.73701e-11	0.13628
9.74272e-11	0.131196
9.74843e-11	0.126125
9.75414e-11	0.121067
9.75984e-11	0.116023
9.76555e-11	0.110992
9.77126e-11	0.105976
9.77697e-11	0.100974
9.78267e-11	0.0959859
9.78838e-11	0.091013
9.79409e-11	0.0860552
9.7998e-11	0.0811128
9.8055e-11	0.076186
9.81121e-11	0.071275
9.81692e-11	0.0663802
9.82263e-11	0.0615018
9.82833e-11	0.05664
9.83404e-11	0.0517951
9.83975e-11	0.0469674
9.84546e-11	0.0421571
9.85116e-11	0.0373643
9.85687e-11	0.0325895
9.86258e-11	0.0278328
9.86829e-11	0.0230944
9.87399e-11	0.0183746
9.8797e-11	0.0136737
9.88541e-11	0.0089918
9.89112e-11	0.0043292
9.89682e-11	-0.00031389
9.90253e-11	-0.00493724
9.90824e-11	-0.00954062
9.91395e-11	-0.0141238
9.91965e-11	-0.0186866
9.92536e-11	-0.0232288
9.93107e-11	-0.0277501
9.93678e-11	-0.0322504
9.94248e-11	-0.0367295
9.94819e-11	-0.0411871
9.9539e-11	-0.045623
9.95961e-11	-0.0500371
9.96531e-11	-0.0544291
9.97102e-11	-0.0587988
9.97673e-11	-0.0631461
9.98244e-11	-0.0674708
9.98814e-11	-0.0717726
9.99385e-11	-0.0760513
9.99956e-11	-0.0803069
1.00053e-10	-0.0845391
1.0011e-10	-0.0887477
1.00167e-10	-0.0929325
1.00224e-10	-0.0970934
1.00281e-10	-0.10123
1.00338e-10	-0.105343
1.00395e-10	-0.109431
1.00452e-10	-0.113494
1.00509e-10	-0.117533
1.00566e-10	-0.121547
1.00623e-10	-0.125536
1.00681e-10	-0.129499
1.00738e-10	-0.133437
1.00795e-10	-0.13735
1.00852e-10	-0.141237
1.00909e-10	-0.145098
1.00966e-10	-0.148933
1.01023e-10	-0.152742
1.0108e-10	-0.156524
1.01137e-10	-0.160281
1.01194e-10	-0.164011
1.01251e-10	-0.167714
1.01308e-10	-0.17139
1.01365e-10	-0.17504
1.01422e-10	-0.178662
1.0148e-10	-0.182257
1.01537e-10	-0.185825
1.01594e-10	-0.189366
1.01651e-10	-0.192879
1.01708e-10	-0.196365
1.01765e-10	-0.199822
1.01822e-10	-0.203252
1.01879e-10	-0.206655
1.01936e-10	-0.210029
1.01993e-10	-0.213375
1.0205e-10	-0.216693
1.02107e-10	-0.219982
1.02164e-10	-0.223243
1.02222e-10	-0.226476
1.02279e-10	-0.22968
1.02336e-10	-0.232856
1.02393e-10	-0.236002
1.0245e-10	-0.23912
1.02507e-10	-0.24221
1.02564e-10	-0.24527
1.02621e-10	-0.248301
1.02678e-10	-0.251303
1.02735e-10	-0.254276
1.02792e-10	-0.25722
1.02849e-10	-0.260135
1.02906e-10	-0.26302
1.02964e-10	-0.265876
1.03021e-10	-0.268702
1.03078e-10	-0.271499
1.03135e-10	-0.274267
1.03192e-10	-0.277005
1.03249e-10	-0.279713
1.03306e-10	-0.282392
1.03363e-10	-0.285041
1.0342e-10	-0.287661
1.03477e-10	-0.290251
1.03534e-10	-0.292811
1.03591e-10	-0.295341
1.03648e-10	-0.297841
1.03705e-10	-0.300312
1.03763e-10	-0.302753
1.0382e-10	-0.305164
1.03877e-10	-0.307545
1.03934e-10	-0.309896
1.03991e-10	-0.312217
1.04048e-10	-0.314508
1.04105e-10	-0.31677
1.04162e-10	-0.319001
1.04219e-10	-0.321203
1.04276e-10	-0.323375
1.04333e-10	-0.325516
1.0439e-10	-0.327628
1.04447e-10	-0.329711
1.04505e-10	-0.331763
1.04562e-10	-0.333785
1.04619e-10	-0.335778
1.04676e-10	-0.33774
1.04733e-10	-0.339673
1.0479e-10	-0.341576
1.04847e-10	-0.34345
1.04904e-10	-0.345293
1.04961e-10	-0.347107
1.05018e-10	-0.348891
1.05075e-10	-0.350646
1.05132e-10	-0.352371
1.05189e-10	-0.354067
1.05247e-10	-0.355733
1.05304e-10	-0.357369
1.05361e-10	-0.358976
1.05418e-10	-0.360554
1.05475e-10	-0.362102
1.05532e-10	-0.363621
1.05589e-10	-0.365111
1.05646e-10	-0.366572
1.05703e-10	-0.368004
1.0576e-10	-0.369406
1.05817e-10	-0.37078
1.05874e-10	-0.372124
1.05931e-10	-0.37344
1.05988e-10	-0.374727
1.06046e-10	-0.375985
1.06103e-10	-0.377215
1.0616e-10	-0.378416
1.06217e-10	-0.379588
1.06274e-10	-0.380732
1.06331e-10	-0.381848
1.06388e-10	-0.382935
1.06445e-10	-0.383994
1.06502e-10	-0.385025
1.06559e-10	-0.386028
1.06616e-10	-0.387004
1.06673e-10	-0.387951
1.0673e-10	-0.38887
1.06788e-10	-0.389762
1.06845e-10	-0.390626
1.06902e-10	-0.391463
1.06959e-10	-0.392273
1.07016e-10	-0.393055
1.07073e-10	-0.39381
1.0713e-10	-0.394537
1.07187e-10	-0.395238
1.07244e-10	-0.395912
1.07301e-10	-0.39656
1.07358e-10	-0.39718
1.07415e-10	-0.397774
1.07472e-10	-0.398342
1.0753e-10	-0.398883
1.07587e-10	-0.399398
1.07644e-10	-0.399888
1.07701e-10	-0.400351
1.07758e-10	-0.400788
1.07815e-10	-0.401199
1.07872e-10	-0.401585
1.07929e-10	-0.401946
1.07986e-10	-0.402281
1.08043e-10	-0.402591
1.081e-10	-0.402875
1.08157e-10	-0.403135
1.08214e-10	-0.40337
1.08271e-10	-0.40358
1.08329e-10	-0.403766
1.08386e-10	-0.403927
1.08443e-10	-0.404064
1.085e-10	-0.404177
1.08557e-10	-0.404265
1.08614e-10	-0.40433
1.08671e-10	-0.404371
1.08728e-10	-0.404388
1.08785e-10	-0.404382
1.08842e-10	-0.404353
1.08899e-10	-0.4043
1.08956e-10	-0.404224
1.09013e-10	-0.404126
1.09071e-10	-0.404004
1.09128e-10	-0.40386
1.09185e-10	-0.403694
1.09242e-10	-0.403505
1.09299e-10	-0.403294
1.09356e-10	-0.403061
1.09413e-10	-0.402807
1.0947e-10	-0.40253
1.09527e-10	-0.402232
1.09584e-10	-0.401913
1.09641e-10	-0.401572
1.09698e-10	-0.40121
1.09755e-10	-0.400828
1.09813e-10	-0.400424
1.0987e-10	-0.4
1.09927e-10	-0.399556
1.09984e-10	-0.399091
1.10041e-10	-0.398606
1.10098e-10	-0.398102
1.10155e-10	-0.397577
1.10212e-10	-0.397033
1.10269e-10	-0.396469
1.10326e-10	-0.395886
1.10383e-10	-0.395284
1.1044e-10	-0.394663
1.10497e-10	-0.394023
1.10554e-10	-0.393364
1.10612e-10	-0.392687
1.10669e-10	-0.391991
1.10726e-10	-0.391278
1.10783e-10	-0.390546
1.1084e-10	-0.389797
1.10897e-10	-0.38903
1.10954e-10	-0.388246
1.11011e-10	-0.387444
1.11068e-10	-0.386625
1.11125e-10	-0.385789
1.11182e-10	-0.384936
1.11239e-10	-0.384067
1.11296e-10	-0.383181
1.11354e-10	-0.382279
1.11411e-10	-0.381361
1.11468e-10	-0.380427
1.11525e-10	-0.379477
1.11582e-10	-0.378512
1.11639e-10	-0.377531
1.11696e-10	-0.376535
1.11753e-10	-0.375524
1.1181e-10	-0.374498
1.11867e-10	-0.373457
1.11924e-10	-0.372402
1.11981e-10	-0.371332
1.12038e-10	-0.370248
1.12096e-10	-0.36915
1.12153e-10	-0.368039
1.1221e-10	-0.366913
1.12267e-10	-0.365774
1.12324e-10	-0.364622
1.12381e-10	-0.363456
1.12438e-10	-0.362278
1.12495e-10	-0.361087
1.12552e-10	-0.359883
1.12609e-10	-0.358666
1.12666e-10	-0.357438
1.12723e-10	-0.356197
1.1278e-10	-0.354944
1.12838e-10	-0.35368
1.12895e-10	-0.352403
1.12952e-10	-0.351116
1.13009e-10	-0.349817
1.13066e-10	-0.348507
1.13123e-10	-0.347186
1.1318e-10	-0.345855
1.13237e-10	-0.344512
1.13294e-10	-0.34316
1.13351e-10	-0.341797
1.13408e-10	-0.340424
1.13465e-10	-0.339041
1.13522e-10	-0.337649
1.13579e-10	-0.336247
1.13637e-10	-0.334835
1.13694e-10	-0.333415
1.13751e-10	-0.331985
1.13808e-10	-0.330546
1.13865e-10	-0.329099
1.13922e-10	-0.327643
1.13979e-10	-0.326179
1.14036e-10	-0.324706
1.14093e-10	-0.323226
1.1415e-10	-0.321737
1.14207e-10	-0.320241
1.14264e-10	-0.318737
1.14321e-10	-0.317226
1.14379e-10	-0.315708
1.14436e-10	-0.314182
1.14493e-10	-0.31265
1.1455e-10	-0.311111
1.14607e-10	-0.309565
1.14664e-10	-0.308013
1.14721e-10	-0.306455
1.14778e-10	-0.30489
1.14835e-10	-0.30332
1.14892e-10	-0.301743
1.14949e-10	-0.300162
1.15006e-10	-0.298574
1.15063e-10	-0.296982
1.15121e-10	-0.295384
1.15178e-10	-0.293781
1.15235e-10	-0.292173
1.15292e-10	-0.290561
1.15349e-10	-0.288944
1.15406e-10	-0.287322
1.15463e-10	-0.285697
1.1552e-10	-0.284067
1.15577e-10	-0.282433
1.15634e-10	-0.280796
1.15691e-10	-0.279155
1.15748e-10	-0.27751
1.15805e-10	-0.275862
1.15862e-10	-0.274211
1.1592e-10	-0.272556
1.15977e-10	-0.270899
1.16034e-10	-0.269239
1.16091e-10	-0.267576
1.16148e-10	-0.265911
1.16205e-10	-0.264243
1.16262e-10	-0.262574
1.16319e-10	-0.260902
1.16376e-10	-0.259228
1.16433e-10	-0.257552
1.1649e-10	-0.255875
1.16547e-10	-0.254196
1.16604e-10	-0.252516
1.16662e-10	-0.250835
1.16719e-10	-0.249152
1.16776e-10	-0.247468
1.16833e-10	-0.245784
1.1689e-10	-0.244099
1.16947e-10	-0.242413
1.17004e-10	-0.240726
1.17061e-10	-0.23904
1.17118e-10	-0.237353
1.17175e-10	-0.235666
1.17232e-10	-0.233979
1.17289e-10	-0.232292
1.17346e-10	-0.230605
1.17404e-10	-0.228919
1.17461e-10	-0.227233
1.17518e-10	-0.225548
1.17575e-10	-0.223864
1.17632e-10	-0.22218
1.17689e-10	-0.220498
1.17746e-10	-0.218816
1.17803e-10	-0.217136
1.1786e-10	-0.215457
1.17917e-10	-0.21378
1.17974e-10	-0.212104
1.18031e-10	-0.21043
1.18088e-10	-0.208757
1.18145e-10	-0.207087
1.18203e-10	-0.205418
1.1826e-10	-0.203752
1.18317e-10	-0.202088
1.18374e-10	-0.200426
1.18431e-10	-0.198766
1.18488e-10	-0.197109
1.18545e-10	-0.195455
1.18602e-10	-0.193803
1.18659e-10	-0.192154
1.18716e-10	-0.190508
1.18773e-10	-0.188865
1.1883e-10	-0.187225
1.18887e-10	-0.185588
1.18945e-10	-0.183955
1.19002e-10	-0.182325
1.19059e-10	-0.180698
1.19116e-10	-0.179076
1.19173e-10	-0.177456
1.1923e-10	-0.175841
1.19287e-10	-0.174229
1.19344e-10	-0.172621
1.19401e-10	-0.171018
1.19458e-10	-0.169418
1.19515e-10	-0.167822
1.19572e-10	-0.166231
1.19629e-10	-0.164644
1.19687e-10	-0.163062
1.19744e-10	-0.161484
1.19801e-10	-0.159911
1.19858e-10	-0.158342
1.19915e-10	-0.156778
1.19972e-10	-0.155219
1.20029e-10	-0.153665
1.20086e-10	-0.152116
1.20143e-10	-0.150571
1.202e-10	-0.149032
1.20257e-10	-0.147498
1.20314e-10	-0.14597
1.20371e-10	-0.144446
1.20428e-10	-0.142929
1.20486e-10	-0.141416
1.20543e-10	-0.139909
1.206e-10	-0.138408
1.20657e-10	-0.136912
1.20714e-10	-0.135422
1.20771e-10	-0.133938
1.20828e-10	-0.132459
1.20885e-10	-0.130987
1.20942e-10	-0.12952
1.20999e-10	-0.128059
1.21056e-10	-0.126605
1.21113e-10	-0.125157
1.2117e-10	-0.123714
1.21228e-10	-0.122278
1.21285e-10	-0.120849
1.21342e-10	-0.119425
1.21399e-10	-0.118008
1.21456e-10	-0.116597
1.21513e-10	-0.115193
1.2157e-10	-0.113796
1.21627e-10	-0.112405
1.21684e-10	-0.11102
1.21741e-10	-0.109643
1.21798e-10	-0.108271
1.21855e-10	-0.106907
1.21912e-10	-0.10555
1.2197e-10	-0.104199
1.22027e-10	-0.102855
1.22084e-10	-0.101518
1.22141e-10	-0.100188
1.22198e-10	-0.0988652
1.22255e-10	-0.0975493
1.22312e-10	-0.0962403
1.22369e-10	-0.0949385
1.22426e-10	-0.0936438
1.22483e-10	-0.0923562
1.2254e-10	-0.0910758
1.22597e-10	-0.0898027
1.22654e-10	-0.0885367
1.22711e-10	-0.0872781
1.22769e-10	-0.0860267
1.22826e-10	-0.0847827
1.22883e-10	-0.083546
1.2294e-10	-0.0823167
1.22997e-10	-0.0810948
1.23054e-10	-0.0798803
1.23111e-10	-0.0786733
1.23168e-10	-0.0774738
1.23225e-10	-0.0762817
1.23282e-10	-0.0750972
1.23339e-10	-0.0739201
1.23396e-10	-0.0727507
1.23453e-10	-0.0715888
1.23511e-10	-0.0704344
1.23568e-10	-0.0692877
1.23625e-10	-0.0681486
1.23682e-10	-0.0670171
1.23739e-10	-0.0658933
1.23796e-10	-0.0647771
1.23853e-10	-0.0636685
1.2391e-10	-0.0625677
1.23967e-10	-0.0614745
1.24024e-10	-0.0603891
1.24081e-10	-0.0593113
1.24138e-10	-0.0582412
1.24195e-10	-0.0571789
1.24253e-10	-0.0561243
1.2431e-10	-0.0550774
1.24367e-10	-0.0540383
1.24424e-10	-0.0530069
1.24481e-10	-0.0519833
1.24538e-10	-0.0509674
1.24595e-10	-0.0499592
1.24652e-10	-0.0489589
1.24709e-10	-0.0479662
1.24766e-10	-0.0469813
1.24823e-10	-0.0460042
1.2488e-10	-0.0450348
1.24937e-10	-0.0440732
1.24994e-10	-0.0431193
1.25052e-10	-0.0421732
1.25109e-10	-0.0412347
1.25166e-10	-0.0403041
1.25223e-10	-0.0393811
1.2528e-10	-0.0384659
1.25337e-10	-0.0375584
1.25394e-10	-0.0366586
1.25451e-10	-0.0357665
1.25508e-10	-0.0348822
1.25565e-10	-0.0340054
1.25622e-10	-0.0331364
1.25679e-10	-0.032275
1.25736e-10	-0.0314213
1.25794e-10	-0.0305753
1.25851e-10	-0.0297368
1.25908e-10	-0.028906
1.25965e-10	-0.0280828
1.26022e-10	-0.0272672
1.26079e-10	-0.0264591
1.26136e-10	-0.0256586
1.26193e-10	-0.0248657
1.2625e-10	-0.0240803
1.26307e-10	-0.0233024
1.26364e-10	-0.022532
1.26421e-10	-0.0217691
1.26478e-10	-0.0210137
1.26536e-10	-0.0202657
1.26593e-10	-0.0195251
1.2665e-10	-0.018792
1.26707e-10	-0.0180662
1.26764e-10	-0.0173478
1.26821e-10	-0.0166367
1.26878e-10	-0.015933
1.26935e-10	-0.0152366
1.26992e-10	-0.0145475
1.27049e-10	-0.0138656
1.27106e-10	-0.0131909
1.27163e-10	-0.0125235
1.2722e-10	-0.0118633
1.27278e-10	-0.0112102
1.27335e-10	-0.0105643
1.27392e-10	-0.00992551
1.27449e-10	-0.0092938
1.27506e-10	-0.00866915
1.27563e-10	-0.00805155
1.2762e-10	-0.00744096
1.27677e-10	-0.00683736
1.27734e-10	-0.00624072
1.27791e-10	-0.00565101
1.27848e-10	-0.00506821
1.27905e-10	-0.00449229
1.27962e-10	-0.00392321
1.28019e-10	-0.00336095
1.28077e-10	-0.00280549
1.28134e-10	-0.00225678
1.28191e-10	-0.00171481
1.28248e-10	-0.00117953
1.28305e-10	-0.000650931
1.28362e-10	-0.000128968
1.28419e-10	0.000386385
1.28476e-10	0.000895161
1.28533e-10	0.00139739
1.2859e-10	0.0018931
1.28647e-10	0.00238234
1.28704e-10	0.00286512
1.28761e-10	0.00334148
1.28819e-10	0.00381146
1.28876e-10	0.00427509
1.28933e-10	0.0047324
1.2899e-10	0.00518343
1.29047e-10	0.0056282
1.29104e-10	0.00606676
1.29161e-10	0.00649913
1.29218e-10	0.00692536
1.29275e-10	0.00734547
1.29332e-10	0.00775951
1.29389e-10	0.00816749
1.29446e-10	0.00856947
1.29503e-10	0.00896548
1.29561e-10	0.00935555
1.29618e-10	0.00973971
1.29675e-10	0.010118
1.29732e-10	0.0104905
1.29789e-10	0.0108572
1.29846e-10	0.0112181
1.29903e-10	0.0115733
1.2996e-10	0.0119228
1.30017e-10	0.0122666
1.30074e-10	0.0126049
1.30131e-10	0.0129376
1.30188e-10	0.0132647
1.30245e-10	0.0135863
1.30302e-10	0.0139025
1.3036e-10	0.0142132
1.30417e-10	0.0145186
1.30474e-10	0.0148186
1.30531e-10	0.0151133
1.30588e-10	0.0154027
1.30645e-10	0.0156869
1.30702e-10	0.0159659
1.30759e-10	0.0162397
1.30816e-10	0.0165084
1.30873e-10	0.016772
1.3093e-10	0.0170306
1.30987e-10	0.0172841
1.31044e-10	0.0175327
1.31102e-10	0.0177764
1.31159e-10	0.0180151
1.31216e-10	0.018249
1.31273e-10	0.0184781
1.3133e-10	0.0187024
1.31387e-10	0.018922
1.31444e-10	0.0191369
1.31501e-10	0.0193471
1.31558e-10	0.0195526
1.31615e-10	0.0197536
1.31672e-10	0.0199501
1.31729e-10	0.020142
1.31786e-10	0.0203294
1.31844e-10	0.0205125
1.31901e-10	0.0206911
1.31958e-10	0.0208654
1.32015e-10	0.0210353
1.32072e-10	0.021201
1.32129e-10	0.0213624
1.32186e-10	0.0215197
1.32243e-10	0.0216727
1.323e-10	0.0218217
1.32357e-10	0.0219665
1.32414e-10	0.0221073
1.32471e-10	0.0222441
1.32528e-10	0.0223769
1.32585e-10	0.0225058
1.32643e-10	0.0226308
1.327e-10	0.0227519
1.32757e-10	0.0228692
1.32814e-10	0.0229827
1.32871e-10	0.0230925
1.32928e-10	0.0231985
1.32985e-10	0.0233009
1.33042e-10	0.0233997
1.33099e-10	0.0234948
1.33156e-10	0.0235864
1.33213e-10	0.0236745
1.3327e-10	0.0237591
1.33327e-10	0.0238402
1.33385e-10	0.0239179
1.33442e-10	0.0239922
1.33499e-10	0.0240633
1.33556e-10	0.0241309
1.33613e-10	0.0241954
1.3367e-10	0.0242566
1.33727e-10	0.0243146
1.33784e-10	0.0243694
1.33841e-10	0.0244212
1.33898e-10	0.0244698
1.33955e-10	0.0245154
1.34012e-10	0.024558
1.34069e-10	0.0245976
1.34127e-10	0.0246342
1.34184e-10	0.024668
1.34241e-10	0.0246988
1.34298e-10	0.0247268
1.34355e-10	0.0247521
1.34412e-10	0.0247745
1.34469e-10	0.0247942
1.34526e-10	0.0248112
1.34583e-10	0.0248256
1.3464e-10	0.0248373
1.34697e-10	0.0248464
1.34754e-10	0.0248529
1.34811e-10	0.0248569
1.34868e-10	0.0248585
1.34926e-10	0.0248575
1.34983e-10	0.0248541
1.3504e-10	0.0248483
1.35097e-10	0.0248402
1.35154e-10	0.0248297
1.35211e-10	0.0248169
1.35268e-10	0.0248018
1.35325e-10	0.0247845
1.35382e-10	0.024765
1.35439e-10	0.0247433
1.35496e-10	0.0247194
1.35553e-10	0.0246935
1.3561e-10	0.0246655
1.35668e-10	0.0246354
1.35725e-10	0.0246033
1.35782e-10	0.0245692
1.35839e-10	0.0245332
1.35896e-10	0.0244952
1.35953e-10	0.0244553
1.3601e-10	0.0244136
1.36067e-10	0.02437
1.36124e-10	0.0243246
1.36181e-10	0.0242774
1.36238e-10	0.0242285
1.36295e-10	0.0241778
1.36352e-10	0.0241255
1.3641e-10	0.0240715
1.36467e-10	0.0240159
1.36524e-10	0.0239586
1.36581e-10	0.0238998
1.36638e-10	0.0238394
1.36695e-10	0.0237775
1.36752e-10	0.0237141
1.36809e-10	0.0236492
1.36866e-10	0.0235829
1.36923e-10	0.0235151
1.3698e-10	0.023446
1.37037e-10	0.0233755
1.37094e-10	0.0233037
1.37151e-10	0.0232305
1.37209e-10	0.0231561
1.37266e-10	0.0230804
1.37323e-10	0.0230035
1.3738e-10	0.0229253
1.37437e-10	0.022846
1.37494e-10	0.0227655
1.37551e-10	0.0226839
1.37608e-10	0.0226012
1.37665e-10	0.0225173
1.37722e-10	0.0224324
1.37779e-10	0.0223465
1.37836e-10	0.0222596
1.37893e-10	0.0221716
1.37951e-10	0.0220827
1.38008e-10	0.0219929
1.38065e-10	0.0219021
1.38122e-10	0.0218104
1.38179e-10	0.0217179
1.38236e-10	0.0216244
1.38293e-10	0.0215302
1.3835e-10	0.0214351
1.38407e-10	0.0213393
1.38464e-10	0.0212426
1.38521e-10	0.0211452
1.38578e-10	0.0210471
1.38635e-10	0.0209483
1.38693e-10	0.0208488
1.3875e-10	0.0207486
1.38807e-10	0.0206478
1.38864e-10	0.0205464
1.38921e-10	0.0204443
1.38978e-10	0.0203417
1.39035e-10	0.0202384
1.39092e-10	0.0201347
1.39149e-10	0.0200304
1.39206e-10	0.0199256
1.39263e-10	0.0198203
1.3932e-10	0.0197145
1.39377e-10	0.0196082
1.39435e-10	0.0195016
1.39492e-10	0.0193945
1.39549e-10	0.019287
1.39606e-10	0.0191791
1.39663e-10	0.0190708
1.3972e-10	0.0189622
1.39777e-10	0.0188532
1.39834e-10	0.018744
1.39891e-10	0.0186344
1.39948e-10	0.0185245
1.40005e-10	0.0184144
1.40062e-10	0.018304
1.40119e-10	0.0181934
1.40176e-10	0.0180825
1.40234e-10	0.0179714
1.40291e-10	0.0178602
1.40348e-10	0.0177487
1.40405e-10	0.0176371
1.40462e-10	0.0175254
1.40519e-10	0.0174135
1.40576e-10	0.0173015
1.40633e-10	0.0171893
1.4069e-10	0.0170771
1.40747e-10	0.0169648
1.40804e-10	0.0168525
1.40861e-10	0.01674
1.40918e-10	0.0166276
1.40976e-10	0.0165151
1.41033e-10	0.0164026
1.4109e-10	0.0162901
1.41147e-10	0.0161776
1.41204e-10	0.0160651
1.41261e-10	0.0159526
1.41318e-10	0.0158402
1.41375e-10	0.0157279
1.41432e-10	0.0156156
1.41489e-10	0.0155034
1.41546e-10	0.0153913
1.41603e-10	0.0152793
1.4166e-10	0.0151674
1.41718e-10	0.0150556
1.41775e-10	0.014944
1.41832e-10	0.0148325
1.41889e-10	0.0147211
1.41946e-10	0.0146099
1.42003e-10	0.0144989
1.4206e-10	0.0143881
1.42117e-10	0.0142775
1.42174e-10	0.014167
1.42231e-10	0.0140568
1.42288e-10	0.0139468
1.42345e-10	0.013837
1.42402e-10	0.0137275
1.42459e-10	0.0136182
1.42517e-10	0.0135092
1.42574e-10	0.0134004
1.42631e-10	0.0132919
1.42688e-10	0.0131837
1.42745e-10	0.0130757
1.42802e-10	0.0129681
1.42859e-10	0.0128607
1.42916e-10	0.0127537
1.42973e-10	0.012647
1.4303e-10	0.0125406
1.43087e-10	0.0124345
1.43144e-10	0.0123288
1.43201e-10	0.0122234
1.43259e-10	0.0121184
1.43316e-10	0.0120137
1.43373e-10	0.0119094
1.4343e-10	0.0118054
1.43487e-10	0.0117019
1.43544e-10	0.0115987
1.43601e-10	0.0114959
1.43658e-10	0.0113935
1.43715e-10	0.0112914
1.43772e-10	0.0111898
1.43829e-10	0.0110886
1.43886e-10	0.0109879
1.43943e-10	0.0108875
1.44001e-10	0.0107875
1.44058e-10	0.010688
1.44115e-10	0.0105889
1.44172e-10	0.0104903
1.44229e-10	0.0103921
1.44286e-10	0.0102943
1.44343e-10	0.010197
1.444e-10	0.0101002
1.44457e-10	0.0100038
1.44514e-10	0.00990782
1.44571e-10	0.00981235
1.44628e-10	0.00971735
1.44685e-10	0.00962282
1.44742e-10	0.00952877
1.448e-10	0.0094352
1.44857e-10	0.00934211
1.44914e-10	0.0092495
1.44971e-10	0.00915738
1.45028e-10	0.00906576
1.45085e-10	0.00897463
1.45142e-10	0.008884
1.45199e-10	0.00879386
1.45256e-10	0.00870423
1.45313e-10	0.0086151
1.4537e-10	0.00852648
1.45427e-10	0.00843837
1.45484e-10	0.00835077
1.45542e-10	0.00826368
1.45599e-10	0.0081771
1.45656e-10	0.00809105
1.45713e-10	0.00800551
1.4577e-10	0.00792049
1.45827e-10	0.00783599
1.45884e-10	0.00775202
1.45941e-10	0.00766857
1.45998e-10	0.00758564
1.46055e-10	0.00750325
1.46112e-10	0.00742138
1.46169e-10	0.00734004
1.46226e-10	0.00725923
1.46284e-10	0.00717895
1.46341e-10	0.0070992
1.46398e-10	0.00701999
1.46455e-10	0.0069413
1.46512e-10	0.00686316
1.46569e-10	0.00678554
1.46626e-10	0.00670847
1.46683e-10	0.00663192
1.4674e-10	0.00655592
1.46797e-10	0.00648045
1.46854e-10	0.00640551
1.46911e-10	0.00633111
1.46968e-10	0.00625725
1.47025e-10	0.00618392
1.47083e-10	0.00611113
1.4714e-10	0.00603888
1.47197e-10	0.00596716
1.47254e-10	0.00589598
1.47311e-10	0.00582533
1.47368e-10	0.00575521
1.47425e-10	0.00568563
1.47482e-10	0.00561659
1.47539e-10	0.00554808
1.47596e-10	0.0054801
1.47653e-10	0.00541265
1.4771e-10	0.00534573
1.47767e-10	0.00527935
1.47825e-10	0.00521349
1.47882e-10	0.00514816
1.47939e-10	0.00508336
1.47996e-10	0.00501909
1.48053e-10	0.00495534
1.4811e-10	0.00489212
1.48167e-10	0.00482942
1.48224e-10	0.00476724
1.48281e-10	0.00470559
1.48338e-10	0.00464445
1.48395e-10	0.00458384
1.48452e-10	0.00452374
1.48509e-10	0.00446415
1.48567e-10	0.00440509
1.48624e-10	0.00434653
1.48681e-10	0.00428849
1.48738e-10	0.00423095
1.48795e-10	0.00417392
1.48852e-10	0.00411741
1.48909e-10	0.00406139
1.48966e-10	0.00400588
1.49023e-10	0.00395087
1.4908e-10	0.00389636
1.49137e-10	0.00384235
1.49194e-10	0.00378884
1.49251e-10	0.00373582
1.49308e-10	0.00368329
1.49366e-10	0.00363125
1.49423e-10	0.0035797
1.4948e-10	0.00352864
1.49537e-10	0.00347806
1.49594e-10	0.00342797
1.49651e-10	0.00337835
1.49708e-10	0.00332922
1.49765e-10	0.00328056
1.49822e-10	0.00323237
1.49879e-10	0.00318466
1.49936e-10	0.00313742
1.49993e-10	0.00309064
1.5005e-10	0.00304433
1.50108e-10	0.00299848
1.50165e-10	0.0029531
1.50222e-10	0.00290817
1.50279e-10	0.0028637
1.50336e-10	0.00281968
1.50393e-10	0.00277611
1.5045e-10	0.002733
1.50507e-10	0.00269033
1.50564e-10	0.0026481
1.50621e-10	0.00260632
1.50678e-10	0.00256497
1.50735e-10	0.00252407
1.50792e-10	0.00248359
1.5085e-10	0.00244355
1.50907e-10	0.00240394
1.50964e-10	0.00236476
1.51021e-10	0.002326
1.51078e-10	0.00228766
1.51135e-10	0.00224975
1.51192e-10	0.00221225
1.51249e-10	0.00217516
1.51306e-10	0.00213849
1.51363e-10	0.00210222
1.5142e-10	0.00206636
1.51477e-10	0.00203091
1.51534e-10	0.00199586
1.51592e-10	0.0019612
1.51649e-10	0.00192694
1.51706e-10	0.00189308
1.51763e-10	0.00185961
1.5182e-10	0.00182652
1.51877e-10	0.00179382
1.51934e-10	0.0017615
1.51991e-10	0.00172957
1.52048e-10	0.00169801
1.52105e-10	0.00166683
1.52162e-10	0.00163601
1.52219e-10	0.00160557
1.52276e-10	0.0015755
1.52333e-10	0.00154579
1.52391e-10	0.00151644
1.52448e-10	0.00148745
1.52505e-10	0.00145881
1.52562e-10	0.00143053
1.52619e-10	0.0014026
1.52676e-10	0.00137502
1.52733e-10	0.00134778
1.5279e-10	0.00132089
1.52847e-10	0.00129434
1.52904e-10	0.00126812
1.52961e-10	0.00124224
1.53018e-10	0.00121669
1.53075e-10	0.00119147
1.53133e-10	0.00116658
1.5319e-10	0.00114201
1.53247e-10	0.00111776
1.53304e-10	0.00109383
1.53361e-10	0.00107022
1.53418e-10	0.00104692
1.53475e-10	0.00102393
1.53532e-10	0.00100125
1.53589e-10	0.000978879
1.53646e-10	0.000956807
1.53703e-10	0.000935036
1.5376e-10	0.000913562
1.53817e-10	0.000892384
1.53875e-10	0.000871498
1.53932e-10	0.000850901
1.53989e-10	0.000830592
1.54046e-10	0.000810568
1.54103e-10	0.000790826
1.5416e-10	0.000771363
1.54217e-10	0.000752177
1.54274e-10	0.000733266
1.54331e-10	0.000714627
1.54388e-10	0.000696257
1.54445e-10	0.000678153
1.54502e-10	0.000660314
1.54559e-10	0.000642737
1.54616e-10	0.000625419
1.54674e-10	0.000608358
1.54731e-10	0.000591551
1.54788e-10	0.000574996
1.54845e-10	0.00055869
1.54902e-10	0.000542631
1.54959e-10	0.000526817
1.55016e-10	0.000511244
1.55073e-10	0.000495912
1.5513e-10	0.000480816
1.55187e-10	0.000465955
1.55244e-10	0.000451327
1.55301e-10	0.000436929
1.55358e-10	0.000422758
1.55416e-10	0.000408813
1.55473e-10	0.000395091
1.5553e-10	0.000381589
1.55587e-10	0.000368306
1.55644e-10	0.000355238
1.55701e-10	0.000342385
1.55758e-10	0.000329742
1.55815e-10	0.000317309
1.55872e-10	0.000305083
1.55929e-10	0.000293062
1.55986e-10	0.000281243
1.56043e-10	0.000269624
1.561e-10	0.000258203
1.56158e-10	0.000246978
1.56215e-10	0.000235946
1.56272e-10	0.000225106
1.56329e-10	0.000214455
1.56386e-10	0.000203991
1.56443e-10	0.000193713
1.565e-10	0.000183617
1.56557e-10	0.000173702
1.56614e-10	0.000163966
1.56671e-10	0.000154406
1.56728e-10	0.000145021
1.56785e-10	0.000135808
1.56842e-10	0.000126766
1.56899e-10	0.000117892
1.56957e-10	0.000109185
1.57014e-10	0.000100642
1.57071e-10	9.22611e-05
1.57128e-10	8.40411e-05
1.57185e-10	7.59796e-05
1.57242e-10	6.80746e-05
1.57299e-10	6.03243e-05
1.57356e-10	5.27267e-05
1.57413e-10	4.528e-05
1.5747e-10	3.79822e-05
1.57527e-10	3.08315e-05
1.57584e-10	2.3826e-05
1.57641e-10	1.69639e-05
1.57699e-10	1.02434e-05
1.57756e-10	3.66253e-06
1.57813e-10	-2.78037e-06
1.5787e-10	-9.08713e-06
1.57927e-10	-1.52595e-05
1.57984e-10	-2.12993e-05
1.58041e-10	-2.72082e-05
1.58098e-10	-3.2988e-05
1.58155e-10	-3.86404e-05
1.58212e-10	-4.41671e-05
1.58269e-10	-4.95697e-05
1.58326e-10	-5.485e-05
1.58383e-10	-6.00096e-05
1.58441e-10	-6.50502e-05
1.58498e-10	-6.99733e-05
1.58555e-10	-7.47807e-05
1.58612e-10	-7.94739e-05
1.58669e-10	-8.40545e-05
1.58726e-10	-8.85242e-05
1.58783e-10	-9.28843e-05
1.5884e-10	-9.71366e-05
1.58897e-10	-0.000101282
1.58954e-10	-0.000105324
1.59011e-10	-0.000109261
1.59068e-10	-0.000113097
1.59125e-10	-0.000116833
1.59182e-10	-0.000120469
1.5924e-10	-0.000124009
1.59297e-10	-0.000127452
1.59354e-10	-0.000130801
1.59411e-10	-0.000134056
1.59468e-10	-0.00013722
1.59525e-10	-0.000140293
1.59582e-10	-0.000143278
1.59639e-10	-0.000146174
1.59696e-10	-0.000148985
1.59753e-10	-0.000151711
1.5981e-10	-0.000154352
1.59867e-10	-0.000156912
1.59924e-10	-0.000159391
1.59982e-10	-0.000161789
1.60039e-10	-0.00016411
1.60096e-10	-0.000166353
1.60153e-10	-0.00016852
1.6021e-10	-0.000170612
1.60267e-10	-0.000172631
1.60324e-10	-0.000174578
1.60381e-10	-0.000176453
1.60438e-10	-0.000178258
1.60495e-10	-0.000179995
1.60552e-10	-0.000181664
1.60609e-10	-0.000183266
1.60666e-10	-0.000184803
1.60724e-10	-0.000186276
1.60781e-10	-0.000187686
1.60838e-10	-0.000189033
1.60895e-10	-0.00019032
1.60952e-10	-0.000191546
1.61009e-10	-0.000192714
1.61066e-10	-0.000193824
1.61123e-10	-0.000194877
1.6118e-10	-0.000195875
1.61237e-10	-0.000196817
1.61294e-10	-0.000197706
1.61351e-10	-0.000198542
1.61408e-10	-0.000199326
1.61465e-10	-0.00020006
1.61523e-10	-0.000200743
1.6158e-10	-0.000201378
1.61637e-10	-0.000201965
1.61694e-10	-0.000202504
1.61751e-10	-0.000202997
1.61808e-10	-0.000203445
1.61865e-10	-0.000203849
1.61922e-10	-0.000204209
1.61979e-10	-0.000204526
1.62036e-10	-0.000204802
1.62093e-10	-0.000205036
1.6215e-10	-0.000205231
1.62207e-10	-0.000205386
1.62265e-10	-0.000205502
1.62322e-10	-0.000205581
1.62379e-10	-0.000205623
1.62436e-10	-0.000205629
1.62493e-10	-0.000205599
1.6255e-10	-0.000205535
1.62607e-10	-0.000205437
1.62664e-10	-0.000205305
1.62721e-10	-0.000205142
1.62778e-10	-0.000204946
1.62835e-10	-0.00020472
1.62892e-10	-0.000204463
1.62949e-10	-0.000204177
1.63007e-10	-0.000203862
1.63064e-10	-0.000203519
1.63121e-10	-0.000203148
1.63178e-10	-0.00020275
1.63235e-10	-0.000202326
1.63292e-10	-0.000201876
1.63349e-10	-0.000201401
1.63406e-10	-0.000200902
1.63463e-10	-0.000200379
1.6352e-10	-0.000199833
1.63577e-10	-0.000199265
1.63634e-10	-0.000198674
1.63691e-10	-0.000198062
1.63749e-10	-0.000197429
1.63806e-10	-0.000196776
1.63863e-10	-0.000196103
1.6392e-10	-0.000195411
1.63977e-10	-0.0001947
1.64034e-10	-0.000193971
1.64091e-10	-0.000193224
1.64148e-10	-0.000192461
1.64205e-10	-0.00019168
1.64262e-10	-0.000190884
1.64319e-10	-0.000190072
1.64376e-10	-0.000189245
1.64433e-10	-0.000188403
1.6449e-10	-0.000187547
1.64548e-10	-0.000186677
1.64605e-10	-0.000185794
1.64662e-10	-0.000184897
1.64719e-10	-0.000183989
1.64776e-10	-0.000183068
1.64833e-10	-0.000182136
1.6489e-10	-0.000181193
1.64947e-10	-0.000180239
1.65004e-10	-0.000179275
1.65061e-10	-0.0001783
1.65118e-10	-0.000177317
1.65175e-10	-0.000176323
1.65232e-10	-0.000175322
1.6529e-10	-0.000174311
1.65347e-10	-0.000173293
1.65404e-10	-0.000172266
1.65461e-10	-0.000171233
1.65518e-10	-0.000170192
1.65575e-10	-0.000169145
1.65632e-10	-0.000168091
1.65689e-10	-0.000167031
1.65746e-10	-0.000165966
1.65803e-10	-0.000164895
1.6586e-10	-0.000163819
1.65917e-10	-0.000162738
1.65974e-10	-0.000161652
1.66032e-10	-0.000160563
1.66089e-10	-0.000159469
1.66146e-10	-0.000158372
1.66203e-10	-0.000157271
1.6626e-10	-0.000156168
1.66317e-10	-0.000155061
1.66374e-10	-0.000153952
1.66431e-10	-0.00015284
1.66488e-10	-0.000151727
1.66545e-10	-0.000150611
1.66602e-10	-0.000149494
1.66659e-10	-0.000148376
1.66716e-10	-0.000147256
1.66773e-10	-0.000146135
1.66831e-10	-0.000145014
1.66888e-10	-0.000143893
1.66945e-10	-0.00014277
1.67002e-10	-0.000141648
1.67059e-10	-0.000140526
1.67116e-10	-0.000139405
1.67173e-10	-0.000138284
1.6723e-10	-0.000137163
1.67287e-10	-0.000136044
1.67344e-10	-0.000134925
1.67401e-10	-0.000133808
1.67458e-10	-0.000132692
1.67515e-10	-0.000131578
1.67573e-10	-0.000130466
1.6763e-10	-0.000129355
1.67687e-10	-0.000128247
1.67744e-10	-0.00012714
1.67801e-10	-0.000126037
1.67858e-10	-0.000124935
1.67915e-10	-0.000123836
1.67972e-10	-0.000122741
1.68029e-10	-0.000121648
1.68086e-10	-0.000120558
1.68143e-10	-0.000119471
1.682e-10	-0.000118387
1.68257e-10	-0.000117307
1.68315e-10	-0.000116231
1.68372e-10	-0.000115158
1.68429e-10	-0.000114089
1.68486e-10	-0.000113024
