2.85376e-14	-0.000112973
8.56127e-14	-0.000114038
1.42688e-13	-0.000115107
1.99763e-13	-0.00011618
2.56838e-13	-0.000117256
3.13913e-13	-0.000118336
3.70988e-13	-0.000119419
4.28063e-13	-0.000120506
4.85138e-13	-0.000121595
5.42214e-13	-0.000122688
5.99289e-13	-0.000123784
6.56364e-13	-0.000124883
7.13439e-13	-0.000125984
7.70514e-13	-0.000127088
8.27589e-13	-0.000128194
8.84664e-13	-0.000129302
9.41739e-13	-0.000130413
9.98814e-13	-0.000131525
1.05589e-12	-0.000132639
1.11296e-12	-0.000133755
1.17004e-12	-0.000134872
1.22711e-12	-0.00013599
1.28419e-12	-0.00013711
1.34127e-12	-0.00013823
1.39834e-12	-0.000139351
1.45542e-12	-0.000140473
1.51249e-12	-0.000141595
1.56957e-12	-0.000142717
1.62664e-12	-0.000143839
1.68372e-12	-0.000144961
1.74079e-12	-0.000146082
1.79787e-12	-0.000147203
1.85494e-12	-0.000148322
1.91202e-12	-0.000149441
1.96909e-12	-0.000150558
2.02617e-12	-0.000151673
2.08324e-12	-0.000152787
2.14032e-12	-0.000153899
2.19739e-12	-0.000155008
2.25447e-12	-0.000156115
2.31154e-12	-0.000157219
2.36862e-12	-0.00015832
2.42569e-12	-0.000159417
2.48277e-12	-0.000160511
2.53984e-12	-0.0001616
2.59692e-12	-0.000162686
2.65399e-12	-0.000163767
2.71107e-12	-0.000164844
2.76814e-12	-0.000165915
2.82522e-12	-0.000166981
2.88229e-12	-0.000168041
2.93937e-12	-0.000169095
2.99644e-12	-0.000170142
3.05352e-12	-0.000171183
3.11059e-12	-0.000172217
3.16767e-12	-0.000173244
3.22474e-12	-0.000174263
3.28182e-12	-0.000175273
3.33889e-12	-0.000176276
3.39597e-12	-0.000177269
3.45304e-12	-0.000178254
3.51012e-12	-0.000179229
3.56719e-12	-0.000180193
3.62427e-12	-0.000181148
3.68134e-12	-0.000182092
3.73842e-12	-0.000183024
3.7955e-12	-0.000183945
3.85257e-12	-0.000184854
3.90965e-12	-0.000185751
3.96672e-12	-0.000186635
4.0238e-12	-0.000187505
4.08087e-12	-0.000188362
4.13795e-12	-0.000189205
4.19502e-12	-0.000190033
4.2521e-12	-0.000190846
4.30917e-12	-0.000191643
4.36625e-12	-0.000192424
4.42332e-12	-0.000193188
4.4804e-12	-0.000193936
4.53747e-12	-0.000194666
4.59455e-12	-0.000195377
4.65162e-12	-0.00019607
4.7087e-12	-0.000196744
4.76577e-12	-0.000197398
4.82285e-12	-0.000198032
4.87992e-12	-0.000198645
4.937e-12	-0.000199237
4.99407e-12	-0.000199807
5.05115e-12	-0.000200354
5.10822e-12	-0.000200878
5.1653e-12	-0.000201378
5.22237e-12	-0.000201854
5.27945e-12	-0.000202305
5.33652e-12	-0.00020273
5.3936e-12	-0.000203129
5.45067e-12	-0.000203501
5.50775e-12	-0.000203846
5.56482e-12	-0.000204163
5.6219e-12	-0.00020445
5.67897e-12	-0.000204708
5.73605e-12	-0.000204936
5.79312e-12	-0.000205133
5.8502e-12	-0.000205298
5.90727e-12	-0.000205431
5.96435e-12	-0.000205531
6.02142e-12	-0.000205597
6.0785e-12	-0.000205628
6.13557e-12	-0.000205624
6.19265e-12	-0.000205584
6.24972e-12	-0.000205507
6.3068e-12	-0.000205392
6.36388e-12	-0.000205239
6.42095e-12	-0.000205047
6.47803e-12	-0.000204814
6.5351e-12	-0.00020454
6.59218e-12	-0.000204225
6.64925e-12	-0.000203867
6.70633e-12	-0.000203466
6.7634e-12	-0.00020302
6.82048e-12	-0.000202529
6.87755e-12	-0.000201991
6.93463e-12	-0.000201407
6.9917e-12	-0.000200775
7.04878e-12	-0.000200094
7.10585e-12	-0.000199363
7.16293e-12	-0.000198581
7.22e-12	-0.000197747
7.27708e-12	-0.000196861
7.33415e-12	-0.000195921
7.39123e-12	-0.000194926
7.4483e-12	-0.000193876
7.50538e-12	-0.000192768
7.56245e-12	-0.000191603
7.61953e-12	-0.00019038
7.6766e-12	-0.000189096
7.73368e-12	-0.000187751
7.79075e-12	-0.000186345
7.84783e-12	-0.000184875
7.9049e-12	-0.000183341
7.96198e-12	-0.000181742
8.01905e-12	-0.000180076
8.07613e-12	-0.000178343
8.1332e-12	-0.000176541
8.19028e-12	-0.000174669
8.24735e-12	-0.000172726
8.30443e-12	-0.00017071
8.3615e-12	-0.000168622
8.41858e-12	-0.000166458
8.47565e-12	-0.000164219
8.53273e-12	-0.000161902
8.5898e-12	-0.000159507
8.64688e-12	-0.000157032
8.70395e-12	-0.000154477
8.76103e-12	-0.000151839
8.81811e-12	-0.000149117
8.87518e-12	-0.000146311
8.93226e-12	-0.000143418
8.98933e-12	-0.000140438
9.04641e-12	-0.000137369
9.10348e-12	-0.000134209
9.16056e-12	-0.000130958
9.21763e-12	-0.000127614
9.27471e-12	-0.000124175
9.33178e-12	-0.000120641
9.38886e-12	-0.000117009
9.44593e-12	-0.000113278
9.50301e-12	-0.000109447
9.56008e-12	-0.000105514
9.61716e-12	-0.000101478
9.67423e-12	-9.73369e-05
9.73131e-12	-9.30897e-05
9.78838e-12	-8.87348e-05
9.84546e-12	-8.42704e-05
9.90253e-12	-7.96951e-05
9.95961e-12	-7.50073e-05
1.00167e-11	-7.02054e-05
1.00738e-11	-6.52878e-05
1.01308e-11	-6.02529e-05
1.01879e-11	-5.5099e-05
1.0245e-11	-4.98245e-05
1.03021e-11	-4.44277e-05
1.03591e-11	-3.8907e-05
1.04162e-11	-3.32607e-05
1.04733e-11	-2.7487e-05
1.05304e-11	-2.15843e-05
1.05874e-11	-1.55508e-05
1.06445e-11	-9.3848e-06
1.07016e-11	-3.08449e-06
1.07587e-11	3.35187e-06
1.08157e-11	9.92608e-06
1.08728e-11	1.66399e-05
1.09299e-11	2.34952e-05
1.0987e-11	3.04938e-05
1.1044e-11	3.76376e-05
1.11011e-11	4.49283e-05
1.11582e-11	5.23679e-05
1.12153e-11	5.99582e-05
1.12723e-11	6.77012e-05
1.13294e-11	7.55987e-05
1.13865e-11	8.36527e-05
1.14436e-11	9.18651e-05
1.15006e-11	0.000100238
1.15577e-11	0.000108773
1.16148e-11	0.000117473
1.16719e-11	0.000126338
1.17289e-11	0.000135373
1.1786e-11	0.000144577
1.18431e-11	0.000153954
1.19002e-11	0.000163505
1.19572e-11	0.000173233
1.20143e-11	0.00018314
1.20714e-11	0.000193227
1.21285e-11	0.000203497
1.21855e-11	0.000213951
1.22426e-11	0.000224593
1.22997e-11	0.000235424
1.23568e-11	0.000246447
1.24138e-11	0.000257662
1.24709e-11	0.000269074
1.2528e-11	0.000280683
1.25851e-11	0.000292493
1.26421e-11	0.000304505
1.26992e-11	0.000316721
1.27563e-11	0.000329144
1.28134e-11	0.000341776
1.28704e-11	0.00035462
1.29275e-11	0.000367677
1.29846e-11	0.00038095
1.30417e-11	0.000394441
1.30987e-11	0.000408153
1.31558e-11	0.000422087
1.32129e-11	0.000436247
1.327e-11	0.000450635
1.3327e-11	0.000465252
1.33841e-11	0.000480101
1.34412e-11	0.000495186
1.34983e-11	0.000510507
1.35553e-11	0.000526068
1.36124e-11	0.000541871
1.36695e-11	0.000557918
1.37266e-11	0.000574212
1.37836e-11	0.000590755
1.38407e-11	0.00060755
1.38978e-11	0.000624599
1.39549e-11	0.000641904
1.40119e-11	0.000659469
1.4069e-11	0.000677296
1.41261e-11	0.000695386
1.41832e-11	0.000713744
1.42402e-11	0.00073237
1.42973e-11	0.000751269
1.43544e-11	0.000770441
1.44115e-11	0.000789891
1.44685e-11	0.000809619
1.45256e-11	0.00082963
1.45827e-11	0.000849926
1.46398e-11	0.000870508
1.46968e-11	0.00089138
1.47539e-11	0.000912545
1.4811e-11	0.000934004
1.48681e-11	0.000955761
1.49251e-11	0.000977819
1.49822e-11	0.00100018
1.50393e-11	0.00102284
1.50964e-11	0.00104582
1.51534e-11	0.0010691
1.52105e-11	0.0010927
1.52676e-11	0.00111661
1.53247e-11	0.00114084
1.53817e-11	0.0011654
1.54388e-11	0.00119028
1.54959e-11	0.00121548
1.5553e-11	0.00124101
1.561e-11	0.00126688
1.56671e-11	0.00129308
1.57242e-11	0.00131961
1.57813e-11	0.00134649
1.58383e-11	0.00137371
1.58954e-11	0.00140128
1.59525e-11	0.00142919
1.60096e-11	0.00145745
1.60666e-11	0.00148607
1.61237e-11	0.00151504
1.61808e-11	0.00154438
1.62379e-11	0.00157407
1.62949e-11	0.00160413
1.6352e-11	0.00163455
1.64091e-11	0.00166535
1.64662e-11	0.00169651
1.65232e-11	0.00172805
1.65803e-11	0.00175997
1.66374e-11	0.00179227
1.66945e-11	0.00182495
1.67515e-11	0.00185802
1.68086e-11	0.00189147
1.68657e-11	0.00192532
1.69228e-11	0.00195956
1.69798e-11	0.00199419
1.70369e-11	0.00202923
1.7094e-11	0.00206466
1.71511e-11	0.0021005
1.72081e-11	0.00213675
1.72652e-11	0.0021734
1.73223e-11	0.00221047
1.73794e-11	0.00224795
1.74364e-11	0.00228585
1.74935e-11	0.00232416
1.75506e-11	0.0023629
1.76077e-11	0.00240206
1.76647e-11	0.00244165
1.77218e-11	0.00248167
1.77789e-11	0.00252213
1.7836e-11	0.00256301
1.7893e-11	0.00260433
1.79501e-11	0.0026461
1.80072e-11	0.0026883
1.80643e-11	0.00273095
1.81213e-11	0.00277405
1.81784e-11	0.00281759
1.82355e-11	0.00286159
1.82926e-11	0.00290604
1.83496e-11	0.00295094
1.84067e-11	0.00299631
1.84638e-11	0.00304213
1.85209e-11	0.00308842
1.85779e-11	0.00313517
1.8635e-11	0.00318239
1.86921e-11	0.00323008
1.87492e-11	0.00327825
1.88063e-11	0.00332688
1.88633e-11	0.003376
1.89204e-11	0.00342559
1.89775e-11	0.00347566
1.90346e-11	0.00352621
1.90916e-11	0.00357725
1.91487e-11	0.00362878
1.92058e-11	0.00368079
1.92629e-11	0.0037333
1.93199e-11	0.00378629
1.9377e-11	0.00383979
1.94341e-11	0.00389377
1.94912e-11	0.00394826
1.95482e-11	0.00400324
1.96053e-11	0.00405873
1.96624e-11	0.00411472
1.97195e-11	0.00417122
1.97765e-11	0.00422822
1.98336e-11	0.00428573
1.98907e-11	0.00434375
1.99478e-11	0.00440228
2.00048e-11	0.00446132
2.00619e-11	0.00452088
2.0119e-11	0.00458096
2.01761e-11	0.00464155
2.02331e-11	0.00470266
2.02902e-11	0.00476429
2.03473e-11	0.00482644
2.04044e-11	0.00488912
2.04614e-11	0.00495231
2.05185e-11	0.00501603
2.05756e-11	0.00508028
2.06327e-11	0.00514506
2.06897e-11	0.00521036
2.07468e-11	0.00527619
2.08039e-11	0.00534255
2.0861e-11	0.00540944
2.0918e-11	0.00547686
2.09751e-11	0.00554482
2.10322e-11	0.00561331
2.10893e-11	0.00568233
2.11463e-11	0.00575188
2.12034e-11	0.00582197
2.12605e-11	0.00589259
2.13176e-11	0.00596375
2.13746e-11	0.00603544
2.14317e-11	0.00610767
2.14888e-11	0.00618044
2.15459e-11	0.00625374
2.16029e-11	0.00632757
2.166e-11	0.00640195
2.17171e-11	0.00647686
2.17742e-11	0.0065523
2.18312e-11	0.00662828
2.18883e-11	0.0067048
2.19454e-11	0.00678185
2.20025e-11	0.00685944
2.20595e-11	0.00693756
2.21166e-11	0.00701622
2.21737e-11	0.00709541
2.22308e-11	0.00717513
2.22878e-11	0.00725538
2.23449e-11	0.00733617
2.2402e-11	0.00741748
2.24591e-11	0.00749933
2.25161e-11	0.0075817
2.25732e-11	0.0076646
2.26303e-11	0.00774802
2.26874e-11	0.00783197
2.27444e-11	0.00791644
2.28015e-11	0.00800144
2.28586e-11	0.00808695
2.29157e-11	0.00817298
2.29727e-11	0.00825953
2.30298e-11	0.0083466
2.30869e-11	0.00843417
2.3144e-11	0.00852226
2.3201e-11	0.00861086
2.32581e-11	0.00869996
2.33152e-11	0.00878957
2.33723e-11	0.00887968
2.34293e-11	0.00897029
2.34864e-11	0.0090614
2.35435e-11	0.009153
2.36006e-11	0.00924509
2.36576e-11	0.00933767
2.37147e-11	0.00943074
2.37718e-11	0.00952429
2.38289e-11	0.00961832
2.38859e-11	0.00971283
2.3943e-11	0.0098078
2.40001e-11	0.00990325
2.40572e-11	0.00999917
2.41142e-11	0.0100955
2.41713e-11	0.0101924
2.42284e-11	0.0102897
2.42855e-11	0.0103874
2.43425e-11	0.0104856
2.43996e-11	0.0105842
2.44567e-11	0.0106833
2.45138e-11	0.0107828
2.45708e-11	0.0108827
2.46279e-11	0.0109831
2.4685e-11	0.0110838
2.47421e-11	0.011185
2.47991e-11	0.0112866
2.48562e-11	0.0113886
2.49133e-11	0.011491
2.49704e-11	0.0115938
2.50274e-11	0.0116969
2.50845e-11	0.0118005
2.51416e-11	0.0119044
2.51987e-11	0.0120087
2.52557e-11	0.0121134
2.53128e-11	0.0122184
2.53699e-11	0.0123238
2.5427e-11	0.0124295
2.5484e-11	0.0125355
2.55411e-11	0.0126419
2.55982e-11	0.0127486
2.56553e-11	0.0128556
2.57123e-11	0.0129629
2.57694e-11	0.0130706
2.58265e-11	0.0131785
2.58836e-11	0.0132867
2.59406e-11	0.0133952
2.59977e-11	0.013504
2.60548e-11	0.013613
2.61119e-11	0.0137223
2.61689e-11	0.0138318
2.6226e-11	0.0139416
2.62831e-11	0.0140516
2.63402e-11	0.0141618
2.63972e-11	0.0142722
2.64543e-11	0.0143828
2.65114e-11	0.0144936
2.65685e-11	0.0146046
2.66255e-11	0.0147158
2.66826e-11	0.0148271
2.67397e-11	0.0149386
2.67968e-11	0.0150503
2.68538e-11	0.015162
2.69109e-11	0.0152739
2.6968e-11	0.0153859
2.70251e-11	0.015498
2.70821e-11	0.0156102
2.71392e-11	0.0157225
2.71963e-11	0.0158349
2.72534e-11	0.0159473
2.73104e-11	0.0160597
2.73675e-11	0.0161722
2.74246e-11	0.0162847
2.74817e-11	0.0163972
2.75387e-11	0.0165097
2.75958e-11	0.0166222
2.76529e-11	0.0167347
2.771e-11	0.0168471
2.7767e-11	0.0169595
2.78241e-11	0.0170718
2.78812e-11	0.017184
2.79383e-11	0.0172961
2.79953e-11	0.0174081
2.80524e-11	0.01752
2.81095e-11	0.0176318
2.81666e-11	0.0177434
2.82236e-11	0.0178549
2.82807e-11	0.0179661
2.83378e-11	0.0180772
2.83949e-11	0.0181881
2.84519e-11	0.0182987
2.8509e-11	0.0184091
2.85661e-11	0.0185193
2.86232e-11	0.0186291
2.86802e-11	0.0187387
2.87373e-11	0.018848
2.87944e-11	0.018957
2.88515e-11	0.0190656
2.89085e-11	0.0191739
2.89656e-11	0.0192818
2.90227e-11	0.0193893
2.90798e-11	0.0194965
2.91368e-11	0.0196032
2.91939e-11	0.0197094
2.9251e-11	0.0198152
2.93081e-11	0.0199205
2.93651e-11	0.0200254
2.94222e-11	0.0201297
2.94793e-11	0.0202335
2.95364e-11	0.0203367
2.95934e-11	0.0204394
2.96505e-11	0.0205415
2.97076e-11	0.020643
2.97647e-11	0.0207438
2.98217e-11	0.020844
2.98788e-11	0.0209436
2.99359e-11	0.0210424
2.9993e-11	0.0211406
3.005e-11	0.021238
3.01071e-11	0.0213347
3.01642e-11	0.0214306
3.02213e-11	0.0215257
3.02783e-11	0.02162
3.03354e-11	0.0217134
3.03925e-11	0.021806
3.04496e-11	0.0218977
3.05066e-11	0.0219886
3.05637e-11	0.0220785
3.06208e-11	0.0221674
3.06779e-11	0.0222554
3.07349e-11	0.0223424
3.0792e-11	0.0224284
3.08491e-11	0.0225133
3.09062e-11	0.0225972
3.09632e-11	0.02268
3.10203e-11	0.0227616
3.10774e-11	0.0228422
3.11345e-11	0.0229216
3.11915e-11	0.0229998
3.12486e-11	0.0230767
3.13057e-11	0.0231525
3.13628e-11	0.023227
3.14199e-11	0.0233002
3.14769e-11	0.0233721
3.1534e-11	0.0234427
3.15911e-11	0.0235119
3.16482e-11	0.0235797
3.17052e-11	0.0236461
3.17623e-11	0.023711
3.18194e-11	0.0237745
3.18765e-11	0.0238365
3.19335e-11	0.0238969
3.19906e-11	0.0239558
3.20477e-11	0.0240132
3.21048e-11	0.0240689
3.21618e-11	0.024123
3.22189e-11	0.0241754
3.2276e-11	0.0242261
3.23331e-11	0.0242751
3.23901e-11	0.0243224
3.24472e-11	0.0243679
3.25043e-11	0.0244115
3.25614e-11	0.0244534
3.26184e-11	0.0244933
3.26755e-11	0.0245314
3.27326e-11	0.0245675
3.27897e-11	0.0246017
3.28467e-11	0.0246339
3.29038e-11	0.0246641
3.29609e-11	0.0246922
3.3018e-11	0.0247183
3.3075e-11	0.0247422
3.31321e-11	0.024764
3.31892e-11	0.0247836
3.32463e-11	0.024801
3.33033e-11	0.0248162
3.33604e-11	0.0248291
3.34175e-11	0.0248397
3.34746e-11	0.024848
3.35316e-11	0.0248539
3.35887e-11	0.0248574
3.36458e-11	0.0248585
3.37029e-11	0.0248571
3.37599e-11	0.0248532
3.3817e-11	0.0248468
3.38741e-11	0.0248378
3.39312e-11	0.0248262
3.39882e-11	0.024812
3.40453e-11	0.0247951
3.41024e-11	0.0247755
3.41595e-11	0.0247532
3.42165e-11	0.0247281
3.42736e-11	0.0247002
3.43307e-11	0.0246695
3.43878e-11	0.0246359
3.44448e-11	0.0245994
3.45019e-11	0.0245599
3.4559e-11	0.0245175
3.46161e-11	0.0244721
3.46731e-11	0.0244236
3.47302e-11	0.024372
3.47873e-11	0.0243173
3.48444e-11	0.0242594
3.49014e-11	0.0241984
3.49585e-11	0.0241341
3.50156e-11	0.0240666
3.50727e-11	0.0239957
3.51297e-11	0.0239215
3.51868e-11	0.023844
3.52439e-11	0.023763
3.5301e-11	0.0236786
3.5358e-11	0.0235907
3.54151e-11	0.0234993
3.54722e-11	0.0234043
3.55293e-11	0.0233057
3.55863e-11	0.0232035
3.56434e-11	0.0230976
3.57005e-11	0.022988
3.57576e-11	0.0228747
3.58146e-11	0.0227576
3.58717e-11	0.0226367
3.59288e-11	0.0225119
3.59859e-11	0.0223832
3.60429e-11	0.0222505
3.61e-11	0.0221139
3.61571e-11	0.0219733
3.62142e-11	0.0218287
3.62712e-11	0.0216799
3.63283e-11	0.0215271
3.63854e-11	0.02137
3.64425e-11	0.0212088
3.64995e-11	0.0210433
3.65566e-11	0.0208736
3.66137e-11	0.0206995
3.66708e-11	0.0205211
3.67278e-11	0.0203383
3.67849e-11	0.020151
3.6842e-11	0.0199593
3.68991e-11	0.0197631
3.69561e-11	0.0195623
3.70132e-11	0.019357
3.70703e-11	0.019147
3.71274e-11	0.0189324
3.71844e-11	0.018713
3.72415e-11	0.0184889
3.72986e-11	0.0182601
3.73557e-11	0.0180264
3.74127e-11	0.0177879
3.74698e-11	0.0175445
3.75269e-11	0.0172961
3.7584e-11	0.0170428
3.7641e-11	0.0167845
3.76981e-11	0.0165211
3.77552e-11	0.0162527
3.78123e-11	0.0159791
3.78693e-11	0.0157003
3.79264e-11	0.0154164
3.79835e-11	0.0151272
3.80406e-11	0.0148328
3.80976e-11	0.014533
3.81547e-11	0.0142279
3.82118e-11	0.0139175
3.82689e-11	0.0136015
3.83259e-11	0.0132802
3.8383e-11	0.0129533
3.84401e-11	0.0126209
3.84972e-11	0.0122829
3.85542e-11	0.0119393
3.86113e-11	0.0115901
3.86684e-11	0.0112352
3.87255e-11	0.0108745
3.87825e-11	0.0105081
3.88396e-11	0.0101359
3.88967e-11	0.0097579
3.89538e-11	0.00937402
3.90108e-11	0.00898423
3.90679e-11	0.00858851
3.9125e-11	0.00818682
3.91821e-11	0.00777912
3.92391e-11	0.00736537
3.92962e-11	0.00694555
3.93533e-11	0.00651962
3.94104e-11	0.00608754
3.94674e-11	0.00564928
3.95245e-11	0.0052048
3.95816e-11	0.00475407
3.96387e-11	0.00429706
3.96957e-11	0.00383374
3.97528e-11	0.00336406
3.98099e-11	0.002888
3.9867e-11	0.00240553
3.9924e-11	0.0019166
3.99811e-11	0.0014212
4.00382e-11	0.000919282
4.00953e-11	0.000410819
4.01523e-11	-0.000104219
4.02094e-11	-0.000625865
4.02665e-11	-0.00115415
4.03236e-11	-0.0016891
4.03806e-11	-0.00223076
4.04377e-11	-0.00277914
4.04948e-11	-0.00333428
4.05519e-11	-0.00389622
4.06089e-11	-0.00446497
4.0666e-11	-0.00504056
4.07231e-11	-0.00562304
4.07802e-11	-0.00621242
4.08372e-11	-0.00680872
4.08943e-11	-0.00741199
4.09514e-11	-0.00802225
4.10085e-11	-0.00863951
4.10655e-11	-0.00926382
4.11226e-11	-0.00989519
4.11797e-11	-0.0105337
4.12368e-11	-0.0111792
4.12938e-11	-0.011832
4.13509e-11	-0.0124918
4.1408e-11	-0.0131589
4.14651e-11	-0.0138332
4.15221e-11	-0.0145147
4.15792e-11	-0.0152035
4.16363e-11	-0.0158996
4.16934e-11	-0.016603
4.17504e-11	-0.0173137
4.18075e-11	-0.0180317
4.18646e-11	-0.0187572
4.19217e-11	-0.01949
4.19787e-11	-0.0202302
4.20358e-11	-0.0209778
4.20929e-11	-0.0217329
4.215e-11	-0.0224954
4.2207e-11	-0.0232655
4.22641e-11	-0.024043
4.23212e-11	-0.024828
4.23783e-11	-0.0256206
4.24353e-11	-0.0264207
4.24924e-11	-0.0272284
4.25495e-11	-0.0280437
4.26066e-11	-0.0288665
4.26636e-11	-0.029697
4.27207e-11	-0.0305351
4.27778e-11	-0.0313808
4.28349e-11	-0.0322341
4.28919e-11	-0.0330951
4.2949e-11	-0.0339638
4.30061e-11	-0.0348401
4.30632e-11	-0.0357242
4.31202e-11	-0.0366159
4.31773e-11	-0.0375153
4.32344e-11	-0.0384224
4.32915e-11	-0.0393373
4.33485e-11	-0.0402598
4.34056e-11	-0.0411901
4.34627e-11	-0.0421282
4.35198e-11	-0.043074
4.35768e-11	-0.0440275
4.36339e-11	-0.0449887
4.3691e-11	-0.0459577
4.37481e-11	-0.0469345
4.38052e-11	-0.047919
4.38622e-11	-0.0489113
4.39193e-11	-0.0499113
4.39764e-11	-0.0509191
4.40335e-11	-0.0519346
4.40905e-11	-0.0529579
4.41476e-11	-0.0539889
4.42047e-11	-0.0550277
4.42618e-11	-0.0560742
4.43188e-11	-0.0571284
4.43759e-11	-0.0581904
4.4433e-11	-0.05926
4.44901e-11	-0.0603374
4.45471e-11	-0.0614225
4.46042e-11	-0.0625153
4.46613e-11	-0.0636158
4.47184e-11	-0.064724
4.47754e-11	-0.0658398
4.48325e-11	-0.0669633
4.48896e-11	-0.0680944
4.49467e-11	-0.0692332
4.50037e-11	-0.0703795
4.50608e-11	-0.0715335
4.51179e-11	-0.072695
4.5175e-11	-0.0738641
4.5232e-11	-0.0750408
4.52891e-11	-0.076225
4.53462e-11	-0.0774167
4.54033e-11	-0.0786159
4.54603e-11	-0.0798226
4.55174e-11	-0.0810367
4.55745e-11	-0.0822582
4.56316e-11	-0.0834872
4.56886e-11	-0.0847235
4.57457e-11	-0.0859672
4.58028e-11	-0.0872182
4.58599e-11	-0.0884765
4.59169e-11	-0.0897421
4.5974e-11	-0.0910149
4.60311e-11	-0.0922949
4.60882e-11	-0.0935822
4.61452e-11	-0.0948765
4.62023e-11	-0.096178
4.62594e-11	-0.0974866
4.63165e-11	-0.0988023
4.63735e-11	-0.100125
4.64306e-11	-0.101455
4.64877e-11	-0.102791
4.65448e-11	-0.104135
4.66018e-11	-0.105485
4.66589e-11	-0.106842
4.6716e-11	-0.108206
4.67731e-11	-0.109577
4.68301e-11	-0.110954
4.68872e-11	-0.112338
4.69443e-11	-0.113729
4.70014e-11	-0.115126
4.70584e-11	-0.11653
4.71155e-11	-0.117941
4.71726e-11	-0.119357
4.72297e-11	-0.12078
4.72867e-11	-0.12221
4.73438e-11	-0.123646
4.74009e-11	-0.125088
4.7458e-11	-0.126536
4.7515e-11	-0.12799
4.75721e-11	-0.12945
4.76292e-11	-0.130917
4.76863e-11	-0.132389
4.77433e-11	-0.133867
4.78004e-11	-0.135351
4.78575e-11	-0.136841
4.79146e-11	-0.138336
4.79716e-11	-0.139837
4.80287e-11	-0.141344
4.80858e-11	-0.142856
4.81429e-11	-0.144374
4.81999e-11	-0.145897
4.8257e-11	-0.147425
4.83141e-11	-0.148959
4.83712e-11	-0.150498
4.84282e-11	-0.152042
4.84853e-11	-0.153591
4.85424e-11	-0.155145
4.85995e-11	-0.156704
4.86565e-11	-0.158267
4.87136e-11	-0.159836
4.87707e-11	-0.161409
4.88278e-11	-0.162987
4.88848e-11	-0.164569
4.89419e-11	-0.166155
4.8999e-11	-0.167746
4.90561e-11	-0.169342
4.91131e-11	-0.170941
4.91702e-11	-0.172545
4.92273e-11	-0.174152
4.92844e-11	-0.175764
4.93414e-11	-0.177379
4.93985e-11	-0.178998
4.94556e-11	-0.180621
4.95127e-11	-0.182247
4.95697e-11	-0.183877
4.96268e-11	-0.18551
4.96839e-11	-0.187147
4.9741e-11	-0.188787
4.9798e-11	-0.190429
4.98551e-11	-0.192075
4.99122e-11	-0.193724
4.99693e-11	-0.195376
5.00263e-11	-0.19703
5.00834e-11	-0.198687
5.01405e-11	-0.200346
5.01976e-11	-0.202008
5.02546e-11	-0.203672
5.03117e-11	-0.205339
5.03688e-11	-0.207007
5.04259e-11	-0.208678
5.04829e-11	-0.21035
5.054e-11	-0.212024
5.05971e-11	-0.2137
5.06542e-11	-0.215377
5.07112e-11	-0.217056
5.07683e-11	-0.218736
5.08254e-11	-0.220418
5.08825e-11	-0.2221
5.09395e-11	-0.223783
5.09966e-11	-0.225468
5.10537e-11	-0.227153
5.11108e-11	-0.228838
5.11678e-11	-0.230525
5.12249e-11	-0.232211
5.1282e-11	-0.233898
5.13391e-11	-0.235585
5.13961e-11	-0.237272
5.14532e-11	-0.238959
5.15103e-11	-0.240646
5.15674e-11	-0.242332
5.16244e-11	-0.244018
5.16815e-11	-0.245703
5.17386e-11	-0.247388
5.17957e-11	-0.249072
5.18527e-11	-0.250754
5.19098e-11	-0.252436
5.19669e-11	-0.254116
5.2024e-11	-0.255795
5.2081e-11	-0.257472
5.21381e-11	-0.259148
5.21952e-11	-0.260822
5.22523e-11	-0.262494
5.23093e-11	-0.264164
5.23664e-11	-0.265831
5.24235e-11	-0.267497
5.24806e-11	-0.26916
5.25376e-11	-0.27082
5.25947e-11	-0.272477
5.26518e-11	-0.274132
5.27089e-11	-0.275783
5.27659e-11	-0.277431
5.2823e-11	-0.279076
5.28801e-11	-0.280717
5.29372e-11	-0.282355
5.29942e-11	-0.283989
5.30513e-11	-0.285619
5.31084e-11	-0.287245
5.31655e-11	-0.288866
5.32225e-11	-0.290484
5.32796e-11	-0.292096
5.33367e-11	-0.293704
5.33938e-11	-0.295307
5.34508e-11	-0.296905
5.35079e-11	-0.298498
5.3565e-11	-0.300086
5.36221e-11	-0.301668
5.36791e-11	-0.303245
5.37362e-11	-0.304815
5.37933e-11	-0.30638
5.38504e-11	-0.307939
5.39074e-11	-0.309491
5.39645e-11	-0.311037
5.40216e-11	-0.312577
5.40787e-11	-0.314109
5.41357e-11	-0.315635
5.41928e-11	-0.317154
5.42499e-11	-0.318665
5.4307e-11	-0.320169
5.4364e-11	-0.321666
5.44211e-11	-0.323155
5.44782e-11	-0.324636
5.45353e-11	-0.326109
5.45923e-11	-0.327573
5.46494e-11	-0.32903
5.47065e-11	-0.330477
5.47636e-11	-0.331916
5.48206e-11	-0.333346
5.48777e-11	-0.334768
5.49348e-11	-0.33618
5.49919e-11	-0.337582
5.50489e-11	-0.338975
5.5106e-11	-0.340358
5.51631e-11	-0.341732
5.52202e-11	-0.343095
5.52772e-11	-0.344448
5.53343e-11	-0.345791
5.53914e-11	-0.347123
5.54485e-11	-0.348444
5.55055e-11	-0.349755
5.55626e-11	-0.351054
5.56197e-11	-0.352342
5.56768e-11	-0.353619
5.57338e-11	-0.354884
5.57909e-11	-0.356137
5.5848e-11	-0.357379
5.59051e-11	-0.358608
5.59621e-11	-0.359825
5.60192e-11	-0.36103
5.60763e-11	-0.362221
5.61334e-11	-0.363401
5.61904e-11	-0.364567
5.62475e-11	-0.36572
5.63046e-11	-0.366859
5.63617e-11	-0.367985
5.64188e-11	-0.369098
5.64758e-11	-0.370196
5.65329e-11	-0.371281
5.659e-11	-0.372351
5.66471e-11	-0.373407
5.67041e-11	-0.374449
5.67612e-11	-0.375475
5.68183e-11	-0.376487
5.68754e-11	-0.377484
5.69324e-11	-0.378466
5.69895e-11	-0.379432
5.70466e-11	-0.380382
5.71037e-11	-0.381317
5.71607e-11	-0.382236
5.72178e-11	-0.383139
5.72749e-11	-0.384025
5.7332e-11	-0.384895
5.7389e-11	-0.385749
5.74461e-11	-0.386585
5.75032e-11	-0.387405
5.75603e-11	-0.388208
5.76173e-11	-0.388993
5.76744e-11	-0.389761
5.77315e-11	-0.390511
5.77886e-11	-0.391243
5.78456e-11	-0.391958
5.79027e-11	-0.392654
5.79598e-11	-0.393332
5.80169e-11	-0.393992
5.80739e-11	-0.394633
5.8131e-11	-0.395255
5.81881e-11	-0.395858
5.82452e-11	-0.396442
5.83022e-11	-0.397006
5.83593e-11	-0.397551
5.84164e-11	-0.398077
5.84735e-11	-0.398583
5.85305e-11	-0.399069
5.85876e-11	-0.399534
5.86447e-11	-0.39998
5.87018e-11	-0.400405
5.87588e-11	-0.400809
5.88159e-11	-0.401193
5.8873e-11	-0.401555
5.89301e-11	-0.401897
5.89871e-11	-0.402217
5.90442e-11	-0.402516
5.91013e-11	-0.402794
5.91584e-11	-0.40305
5.92154e-11	-0.403284
5.92725e-11	-0.403496
5.93296e-11	-0.403685
5.93867e-11	-0.403853
5.94437e-11	-0.403998
5.95008e-11	-0.40412
5.95579e-11	-0.40422
5.9615e-11	-0.404297
5.9672e-11	-0.404351
5.97291e-11	-0.404381
5.97862e-11	-0.404388
5.98433e-11	-0.404372
5.99003e-11	-0.404332
5.99574e-11	-0.404269
6.00145e-11	-0.404181
6.00716e-11	-0.40407
6.01286e-11	-0.403934
6.01857e-11	-0.403774
6.02428e-11	-0.40359
6.02999e-11	-0.403381
6.03569e-11	-0.403147
6.0414e-11	-0.402888
6.04711e-11	-0.402605
6.05282e-11	-0.402296
6.05852e-11	-0.401962
6.06423e-11	-0.401603
6.06994e-11	-0.401218
6.07565e-11	-0.400808
6.08135e-11	-0.400372
6.08706e-11	-0.39991
6.09277e-11	-0.399422
6.09848e-11	-0.398908
6.10418e-11	-0.398368
6.10989e-11	-0.397802
6.1156e-11	-0.397209
6.12131e-11	-0.39659
6.12701e-11	-0.395944
6.13272e-11	-0.395271
6.13843e-11	-0.394572
6.14414e-11	-0.393845
6.14984e-11	-0.393091
6.15555e-11	-0.39231
6.16126e-11	-0.391502
6.16697e-11	-0.390667
6.17267e-11	-0.389804
6.17838e-11	-0.388913
6.18409e-11	-0.387995
6.1898e-11	-0.387049
6.1955e-11	-0.386076
6.20121e-11	-0.385074
6.20692e-11	-0.384044
6.21263e-11	-0.382986
6.21833e-11	-0.3819
6.22404e-11	-0.380786
6.22975e-11	-0.379643
6.23546e-11	-0.378472
6.24116e-11	-0.377273
6.24687e-11	-0.376044
6.25258e-11	-0.374788
6.25829e-11	-0.373502
6.26399e-11	-0.372188
6.2697e-11	-0.370844
6.27541e-11	-0.369472
6.28112e-11	-0.368071
6.28682e-11	-0.366641
6.29253e-11	-0.365182
6.29824e-11	-0.363693
6.30395e-11	-0.362175
6.30965e-11	-0.360628
6.31536e-11	-0.359052
6.32107e-11	-0.357446
6.32678e-11	-0.355811
6.33248e-11	-0.354147
6.33819e-11	-0.352453
6.3439e-11	-0.350729
6.34961e-11	-0.348976
6.35531e-11	-0.347193
6.36102e-11	-0.34538
6.36673e-11	-0.343538
6.37244e-11	-0.341666
6.37814e-11	-0.339765
6.38385e-11	-0.337833
6.38956e-11	-0.335872
6.39527e-11	-0.333881
6.40097e-11	-0.33186
6.40668e-11	-0.329809
6.41239e-11	-0.327729
6.4181e-11	-0.325618
6.4238e-11	-0.323478
6.42951e-11	-0.321307
6.43522e-11	-0.319107
6.44093e-11	-0.316877
6.44663e-11	-0.314617
6.45234e-11	-0.312327
6.45805e-11	-0.310007
6.46376e-11	-0.307657
6.46946e-11	-0.305278
6.47517e-11	-0.302868
6.48088e-11	-0.300429
6.48659e-11	-0.29796
6.49229e-11	-0.295461
6.498e-11	-0.292932
6.50371e-11	-0.290374
6.50942e-11	-0.287785
6.51512e-11	-0.285167
6.52083e-11	-0.282519
6.52654e-11	-0.279842
6.53225e-11	-0.277135
6.53795e-11	-0.274398
6.54366e-11	-0.271632
6.54937e-11	-0.268836
6.55508e-11	-0.266011
6.56078e-11	-0.263157
6.56649e-11	-0.260273
6.5722e-11	-0.25736
6.57791e-11	-0.254417
6.58361e-11	-0.251446
6.58932e-11	-0.248445
6.59503e-11	-0.245415
6.60074e-11	-0.242356
6.60644e-11	-0.239268
6.61215e-11	-0.236152
6.61786e-11	-0.233006
6.62357e-11	-0.229832
6.62927e-11	-0.22663
6.63498e-11	-0.223398
6.64069e-11	-0.220138
6.6464e-11	-0.21685
6.6521e-11	-0.213534
6.65781e-11	-0.210189
6.66352e-11	-0.206816
6.66923e-11	-0.203416
6.67493e-11	-0.199987
6.68064e-11	-0.19653
6.68635e-11	-0.193046
6.69206e-11	-0.189534
6.69776e-11	-0.185995
6.70347e-11	-0.182428
6.70918e-11	-0.178834
6.71489e-11	-0.175213
6.72059e-11	-0.171565
6.7263e-11	-0.16789
6.73201e-11	-0.164188
6.73772e-11	-0.160459
6.74342e-11	-0.156704
6.74913e-11	-0.152923
6.75484e-11	-0.149115
6.76055e-11	-0.145281
6.76625e-11	-0.141422
6.77196e-11	-0.137536
6.77767e-11	-0.133625
6.78338e-11	-0.129688
6.78908e-11	-0.125725
6.79479e-11	-0.121738
6.8005e-11	-0.117725
6.80621e-11	-0.113688
6.81191e-11	-0.109625
6.81762e-11	-0.105538
6.82333e-11	-0.101427
6.82904e-11	-0.0972914
6.83474e-11	-0.0931316
6.84045e-11	-0.0889479
6.84616e-11	-0.0847405
6.85187e-11	-0.0805094
6.85757e-11	-0.076255
6.86328e-11	-0.0719773
6.86899e-11	-0.0676766
6.8747e-11	-0.0633531
6.8804e-11	-0.0590069
6.88611e-11	-0.0546382
6.89182e-11	-0.0502472
6.89753e-11	-0.0458342
6.90324e-11	-0.0413993
6.90894e-11	-0.0369428
6.91465e-11	-0.0324647
6.92036e-11	-0.0279654
6.92607e-11	-0.0234451
6.93177e-11	-0.0189039
6.93748e-11	-0.0143421
6.94319e-11	-0.00975985
6.9489e-11	-0.00515742
6.9546e-11	-0.000535025
6.96031e-11	0.00410712
6.96602e-11	0.0087688
6.97173e-11	0.0134498
6.97743e-11	0.0181498
6.98314e-11	0.0228687
6.98885e-11	0.0276062
6.99456e-11	0.032362
7.00026e-11	0.037136
7.00597e-11	0.0419279
7.01168e-11	0.0467374
7.01739e-11	0.0515643
7.02309e-11	0.0564084
7.0288e-11	0.0612694
7.03451e-11	0.066147
7.04022e-11	0.071041
7.04592e-11	0.0759512
7.05163e-11	0.0808773
7.05734e-11	0.085819
7.06305e-11	0.090776
7.06875e-11	0.0957482
7.07446e-11	0.100735
7.08017e-11	0.105737
7.08588e-11	0.110753
7.09158e-11	0.115783
7.09729e-11	0.120826
7.103e-11	0.125883
7.10871e-11	0.130954
7.11441e-11	0.136037
7.12012e-11	0.141133
7.12583e-11	0.146241
7.13154e-11	0.151362
7.13724e-11	0.156494
7.14295e-11	0.161638
7.14866e-11	0.166793
7.15437e-11	0.171958
7.16007e-11	0.177135
7.16578e-11	0.182322
7.17149e-11	0.187519
7.1772e-11	0.192725
7.1829e-11	0.197941
7.18861e-11	0.203166
7.19432e-11	0.2084
7.20003e-11	0.213643
7.20573e-11	0.218894
7.21144e-11	0.224153
7.21715e-11	0.229419
7.22286e-11	0.234693
7.22856e-11	0.239973
7.23427e-11	0.245261
7.23998e-11	0.250555
7.24569e-11	0.255854
7.25139e-11	0.26116
7.2571e-11	0.266471
7.26281e-11	0.271787
7.26852e-11	0.277108
7.27422e-11	0.282433
7.27993e-11	0.287763
7.28564e-11	0.293096
7.29135e-11	0.298433
7.29705e-11	0.303773
7.30276e-11	0.309116
7.30847e-11	0.314461
7.31418e-11	0.319809
7.31988e-11	0.325158
7.32559e-11	0.330509
7.3313e-11	0.335861
7.33701e-11	0.341214
7.34271e-11	0.346567
7.34842e-11	0.351921
7.35413e-11	0.357274
7.35984e-11	0.362627
7.36554e-11	0.36798
7.37125e-11	0.373331
7.37696e-11	0.37868
7.38267e-11	0.384028
7.38837e-11	0.389373
7.39408e-11	0.394716
7.39979e-11	0.400056
7.4055e-11	0.405393
7.4112e-11	0.410727
7.41691e-11	0.416056
7.42262e-11	0.421382
7.42833e-11	0.426702
7.43403e-11	0.432018
7.43974e-11	0.437329
7.44545e-11	0.442633
7.45116e-11	0.447932
7.45686e-11	0.453225
7.46257e-11	0.458511
7.46828e-11	0.46379
7.47399e-11	0.469062
7.47969e-11	0.474326
7.4854e-11	0.479582
7.49111e-11	0.484829
7.49682e-11	0.490068
7.50252e-11	0.495298
7.50823e-11	0.500518
7.51394e-11	0.505729
7.51965e-11	0.510929
7.52535e-11	0.516119
7.53106e-11	0.521299
7.53677e-11	0.526467
7.54248e-11	0.531623
7.54818e-11	0.536768
7.55389e-11	0.5419
7.5596e-11	0.54702
7.56531e-11	0.552127
7.57101e-11	0.557221
7.57672e-11	0.562301
7.58243e-11	0.567368
7.58814e-11	0.57242
7.59384e-11	0.577457
7.59955e-11	0.58248
7.60526e-11	0.587487
7.61097e-11	0.592479
7.61667e-11	0.597454
7.62238e-11	0.602413
7.62809e-11	0.607356
7.6338e-11	0.612282
7.6395e-11	0.61719
7.64521e-11	0.62208
7.65092e-11	0.626953
7.65663e-11	0.631807
7.66233e-11	0.636642
7.66804e-11	0.641459
7.67375e-11	0.646256
7.67946e-11	0.651033
7.68516e-11	0.655791
7.69087e-11	0.660528
7.69658e-11	0.665244
7.70229e-11	0.669939
7.70799e-11	0.674613
7.7137e-11	0.679265
7.71941e-11	0.683895
7.72512e-11	0.688503
7.73082e-11	0.693088
7.73653e-11	0.69765
7.74224e-11	0.702189
7.74795e-11	0.706705
7.75365e-11	0.711196
7.75936e-11	0.715663
7.76507e-11	0.720105
7.77078e-11	0.724523
7.77648e-11	0.728915
7.78219e-11	0.733282
7.7879e-11	0.737623
7.79361e-11	0.741938
7.79931e-11	0.746226
7.80502e-11	0.750488
7.81073e-11	0.754723
7.81644e-11	0.75893
7.82214e-11	0.763109
7.82785e-11	0.767261
7.83356e-11	0.771384
7.83927e-11	0.775479
7.84497e-11	0.779545
7.85068e-11	0.783582
7.85639e-11	0.787589
7.8621e-11	0.791566
7.8678e-11	0.795514
7.87351e-11	0.799431
7.87922e-11	0.803318
7.88493e-11	0.807174
7.89063e-11	0.810998
7.89634e-11	0.814792
7.90205e-11	0.818553
7.90776e-11	0.822283
7.91346e-11	0.82598
7.91917e-11	0.829645
7.92488e-11	0.833277
7.93059e-11	0.836875
7.93629e-11	0.840441
7.942e-11	0.843973
7.94771e-11	0.847471
7.95342e-11	0.850936
7.95912e-11	0.854365
7.96483e-11	0.857761
7.97054e-11	0.861121
7.97625e-11	0.864446
7.98195e-11	0.867736
7.98766e-11	0.870991
7.99337e-11	0.874209
7.99908e-11	0.877392
8.00478e-11	0.880538
8.01049e-11	0.883648
8.0162e-11	0.886721
8.02191e-11	0.889757
8.02761e-11	0.892755
8.03332e-11	0.895717
8.03903e-11	0.898641
8.04474e-11	0.901527
8.05044e-11	0.904374
8.05615e-11	0.907184
8.06186e-11	0.909955
8.06757e-11	0.912687
8.07327e-11	0.915381
8.07898e-11	0.918035
8.08469e-11	0.920651
8.0904e-11	0.923226
8.0961e-11	0.925762
8.10181e-11	0.928258
8.10752e-11	0.930714
8.11323e-11	0.93313
8.11893e-11	0.935506
8.12464e-11	0.93784
8.13035e-11	0.940135
8.13606e-11	0.942388
8.14177e-11	0.9446
8.14747e-11	0.94677
8.15318e-11	0.9489
8.15889e-11	0.950988
8.1646e-11	0.953034
8.1703e-11	0.955038
8.17601e-11	0.957
8.18172e-11	0.95892
8.18743e-11	0.960797
8.19313e-11	0.962632
8.19884e-11	0.964425
8.20455e-11	0.966174
8.21026e-11	0.967881
8.21596e-11	0.969545
8.22167e-11	0.971166
8.22738e-11	0.972743
8.23309e-11	0.974277
8.23879e-11	0.975768
8.2445e-11	0.977215
8.25021e-11	0.978618
8.25592e-11	0.979977
8.26162e-11	0.981293
8.26733e-11	0.982564
8.27304e-11	0.983792
8.27875e-11	0.984975
8.28445e-11	0.986114
8.29016e-11	0.987208
8.29587e-11	0.988258
8.30158e-11	0.989264
8.30728e-11	0.990225
8.31299e-11	0.991141
8.3187e-11	0.992012
8.32441e-11	0.992839
8.33011e-11	0.993621
8.33582e-11	0.994358
8.34153e-11	0.995049
8.34724e-11	0.995696
8.35294e-11	0.996298
8.35865e-11	0.996854
8.36436e-11	0.997365
8.37007e-11	0.997832
8.37577e-11	0.998252
8.38148e-11	0.998628
8.38719e-11	0.998958
8.3929e-11	0.999243
8.3986e-11	0.999482
8.40431e-11	0.999677
8.41002e-11	0.999825
8.41573e-11	0.999929
8.42143e-11	0.999986
8.42714e-11	0.999999
8.43285e-11	0.999966
8.43856e-11	0.999887
8.44426e-11	0.999764
8.44997e-11	0.999594
8.45568e-11	0.99938
8.46139e-11	0.99912
8.46709e-11	0.998814
8.4728e-11	0.998464
8.47851e-11	0.998068
8.48422e-11	0.997626
8.48992e-11	0.99714
8.49563e-11	0.996608
8.50134e-11	0.996031
8.50705e-11	0.995409
8.51275e-11	0.994742
8.51846e-11	0.99403
8.52417e-11	0.993273
8.52988e-11	0.992471
8.53558e-11	0.991624
8.54129e-11	0.990732
8.547e-11	0.989796
8.55271e-11	0.988815
8.55841e-11	0.987789
8.56412e-11	0.986719
8.56983e-11	0.985604
8.57554e-11	0.984445
8.58124e-11	0.983242
8.58695e-11	0.981995
8.59266e-11	0.980703
8.59837e-11	0.979368
8.60407e-11	0.977989
8.60978e-11	0.976566
8.61549e-11	0.975099
8.6212e-11	0.973589
8.6269e-11	0.972035
8.63261e-11	0.970438
8.63832e-11	0.968798
8.64403e-11	0.967115
8.64973e-11	0.965388
8.65544e-11	0.963619
8.66115e-11	0.961808
8.66686e-11	0.959953
8.67256e-11	0.958057
8.67827e-11	0.956118
8.68398e-11	0.954137
8.68969e-11	0.952113
8.69539e-11	0.950049
8.7011e-11	0.947942
8.70681e-11	0.945794
8.71252e-11	0.943604
8.71822e-11	0.941374
8.72393e-11	0.939102
8.72964e-11	0.93679
8.73535e-11	0.934436
8.74105e-11	0.932043
8.74676e-11	0.929609
8.75247e-11	0.927134
8.75818e-11	0.92462
8.76388e-11	0.922066
8.76959e-11	0.919473
8.7753e-11	0.91684
8.78101e-11	0.914168
8.78671e-11	0.911456
8.79242e-11	0.908707
8.79813e-11	0.905918
8.80384e-11	0.903091
8.80954e-11	0.900226
8.81525e-11	0.897323
8.82096e-11	0.894382
8.82667e-11	0.891404
8.83237e-11	0.888388
8.83808e-11	0.885335
8.84379e-11	0.882246
8.8495e-11	0.879119
8.8552e-11	0.875957
8.86091e-11	0.872758
8.86662e-11	0.869523
8.87233e-11	0.866253
8.87803e-11	0.862947
8.88374e-11	0.859605
8.88945e-11	0.856229
8.89516e-11	0.852818
8.90086e-11	0.849373
8.90657e-11	0.845894
8.91228e-11	0.84238
8.91799e-11	0.838833
8.92369e-11	0.835252
8.9294e-11	0.831638
8.93511e-11	0.827991
8.94082e-11	0.824312
8.94652e-11	0.8206
8.95223e-11	0.816856
8.95794e-11	0.81308
8.96365e-11	0.809272
8.96935e-11	0.805434
8.97506e-11	0.801564
8.98077e-11	0.797663
8.98648e-11	0.793732
8.99218e-11	0.789771
8.99789e-11	0.78578
9.0036e-11	0.78176
9.00931e-11	0.77771
9.01501e-11	0.773631
9.02072e-11	0.769523
9.02643e-11	0.765387
9.03214e-11	0.761223
9.03784e-11	0.757031
9.04355e-11	0.752811
9.04926e-11	0.748564
9.05497e-11	0.74429
9.06067e-11	0.73999
9.06638e-11	0.735663
9.07209e-11	0.73131
9.0778e-11	0.726932
9.0835e-11	0.722528
9.08921e-11	0.718099
9.09492e-11	0.713646
9.10063e-11	0.709168
9.10633e-11	0.704665
9.11204e-11	0.70014
9.11775e-11	0.69559
9.12346e-11	0.691017
9.12916e-11	0.686422
9.13487e-11	0.681804
9.14058e-11	0.677164
9.14629e-11	0.672502
9.15199e-11	0.667818
9.1577e-11	0.663113
9.16341e-11	0.658388
9.16912e-11	0.653642
9.17482e-11	0.648875
9.18053e-11	0.644089
9.18624e-11	0.639283
9.19195e-11	0.634458
9.19765e-11	0.629614
9.20336e-11	0.624751
9.20907e-11	0.619871
9.21478e-11	0.614972
9.22048e-11	0.610056
9.22619e-11	0.605123
9.2319e-11	0.600173
9.23761e-11	0.595206
9.24331e-11	0.590223
9.24902e-11	0.585224
9.25473e-11	0.58021
9.26044e-11	0.575181
9.26614e-11	0.570137
9.27185e-11	0.565078
9.27756e-11	0.560006
9.28327e-11	0.554919
9.28897e-11	0.549819
9.29468e-11	0.544706
9.30039e-11	0.539581
9.3061e-11	0.534443
9.3118e-11	0.529292
9.31751e-11	0.524131
9.32322e-11	0.518958
9.32893e-11	0.513773
9.33463e-11	0.508579
9.34034e-11	0.503374
9.34605e-11	0.498158
9.35176e-11	0.492934
9.35746e-11	0.4877
9.36317e-11	0.482457
9.36888e-11	0.477206
9.37459e-11	0.471946
9.38029e-11	0.466678
9.386e-11	0.461403
9.39171e-11	0.456121
9.39742e-11	0.450832
9.40313e-11	0.445537
9.40883e-11	0.440235
9.41454e-11	0.434927
9.42025e-11	0.429614
9.42596e-11	0.424296
9.43166e-11	0.418974
9.43737e-11	0.413646
9.44308e-11	0.408315
9.44879e-11	0.40298
9.45449e-11	0.397642
9.4602e-11	0.3923
9.46591e-11	0.386956
9.47162e-11	0.381609
9.47732e-11	0.376261
9.48303e-11	0.370911
9.48874e-11	0.365559
9.49445e-11	0.360206
9.50015e-11	0.354853
9.50586e-11	0.3495
9.51157e-11	0.344146
9.51728e-11	0.338793
9.52298e-11	0.33344
9.52869e-11	0.328089
9.5344e-11	0.322738
9.54011e-11	0.31739
9.54581e-11	0.312043
9.55152e-11	0.306699
9.55723e-11	0.301357
9.56294e-11	0.296019
9.56864e-11	0.290684
9.57435e-11	0.285352
9.58006e-11	0.280024
9.58577e-11	0.274701
9.59147e-11	0.269382
9.59718e-11	0.264068
9.60289e-11	0.25876
9.6086e-11	0.253457
9.6143e-11	0.24816
9.62001e-11	0.242869
9.62572e-11	0.237584
9.63143e-11	0.232307
9.63713e-11	0.227036
9.64284e-11	0.221773
9.64855e-11	0.216518
9.65426e-11	0.211271
9.65996e-11	0.206032
9.66567e-11	0.200802
9.67138e-11	0.195581
9.67709e-11	0.190369
9.68279e-11	0.185167
9.6885e-11	0.179975
9.69421e-11	0.174792
9.69992e-11	0.169621
9.70562e-11	0.16446
9.71133e-11	0.15931
9.71704e-11	0.154171
9.72275e-11	0.149044
9.72845e-11	0.143929
9.73416e-11	0.138827
9.73987e-11	0.133736
9.74558e-11	0.128659
9.75128e-11	0.123595
9.75699e-11	0.118543
9.7627e-11	0.113506
9.76841e-11	0.108482
9.77411e-11	0.103473
9.77982e-11	0.0984779
9.78553e-11	0.0934976
9.79124e-11	0.0885322
9.79694e-11	0.0835821
9.80265e-11	0.0786474
9.80836e-11	0.0737285
9.81407e-11	0.0688256
9.81977e-11	0.063939
9.82548e-11	0.0590688
9.83119e-11	0.0542155
9.8369e-11	0.0493791
9.8426e-11	0.04456
9.84831e-11	0.0397585
9.85402e-11	0.0349747
9.85973e-11	0.0302089
9.86543e-11	0.0254613
9.87114e-11	0.0207322
9.87685e-11	0.0160218
9.88256e-11	0.0113303
9.88826e-11	0.00665807
9.89397e-11	0.0020052
9.89968e-11	-0.00262804
9.90539e-11	-0.00724144
9.91109e-11	-0.0118348
9.9168e-11	-0.0164078
9.92251e-11	-0.0209603
9.92822e-11	-0.0254921
9.93392e-11	-0.0300029
9.93963e-11	-0.0344926
9.94534e-11	-0.038961
9.95105e-11	-0.0434078
9.95675e-11	-0.0478328
9.96246e-11	-0.0522359
9.96817e-11	-0.0566168
9.97388e-11	-0.0609753
9.97958e-11	-0.0653113
9.98529e-11	-0.0696245
9.991e-11	-0.0739148
9.99671e-11	-0.078182
1.00024e-10	-0.0824259
1.00081e-10	-0.0866463
1.00138e-10	-0.0908431
1.00195e-10	-0.095016
1.00252e-10	-0.0991648
1.0031e-10	-0.10329
1.00367e-10	-0.10739
1.00424e-10	-0.111466
1.00481e-10	-0.115517
1.00538e-10	-0.119543
1.00595e-10	-0.123544
1.00652e-10	-0.127521
1.00709e-10	-0.131471
1.00766e-10	-0.135397
1.00823e-10	-0.139297
1.0088e-10	-0.143171
1.00937e-10	-0.147019
1.00994e-10	-0.150841
1.01051e-10	-0.154636
1.01109e-10	-0.158406
1.01166e-10	-0.162149
1.01223e-10	-0.165865
1.0128e-10	-0.169555
1.01337e-10	-0.173218
1.01394e-10	-0.176854
1.01451e-10	-0.180463
1.01508e-10	-0.184045
1.01565e-10	-0.187599
1.01622e-10	-0.191126
1.01679e-10	-0.194625
1.01736e-10	-0.198097
1.01793e-10	-0.201541
1.01851e-10	-0.204957
1.01908e-10	-0.208345
1.01965e-10	-0.211705
1.02022e-10	-0.215037
1.02079e-10	-0.218341
1.02136e-10	-0.221616
1.02193e-10	-0.224863
1.0225e-10	-0.228082
1.02307e-10	-0.231271
1.02364e-10	-0.234433
1.02421e-10	-0.237565
1.02478e-10	-0.240669
1.02535e-10	-0.243743
1.02593e-10	-0.246789
1.0265e-10	-0.249806
1.02707e-10	-0.252793
1.02764e-10	-0.255752
1.02821e-10	-0.258681
1.02878e-10	-0.261581
1.02935e-10	-0.264452
1.02992e-10	-0.267293
1.03049e-10	-0.270105
1.03106e-10	-0.272887
1.03163e-10	-0.27564
1.0322e-10	-0.278363
1.03277e-10	-0.281057
1.03334e-10	-0.283721
1.03392e-10	-0.286355
1.03449e-10	-0.28896
1.03506e-10	-0.291534
1.03563e-10	-0.294079
1.0362e-10	-0.296595
1.03677e-10	-0.29908
1.03734e-10	-0.301536
1.03791e-10	-0.303962
1.03848e-10	-0.306358
1.03905e-10	-0.308724
1.03962e-10	-0.31106
1.04019e-10	-0.313366
1.04076e-10	-0.315643
1.04134e-10	-0.317889
1.04191e-10	-0.320106
1.04248e-10	-0.322293
1.04305e-10	-0.324449
1.04362e-10	-0.326576
1.04419e-10	-0.328673
1.04476e-10	-0.33074
1.04533e-10	-0.332778
1.0459e-10	-0.334785
1.04647e-10	-0.336763
1.04704e-10	-0.33871
1.04761e-10	-0.340628
1.04818e-10	-0.342517
1.04876e-10	-0.344375
1.04933e-10	-0.346204
1.0499e-10	-0.348003
1.05047e-10	-0.349772
1.05104e-10	-0.351512
1.05161e-10	-0.353223
1.05218e-10	-0.354903
1.05275e-10	-0.356555
1.05332e-10	-0.358176
1.05389e-10	-0.359769
1.05446e-10	-0.361332
1.05503e-10	-0.362865
1.0556e-10	-0.36437
1.05617e-10	-0.365845
1.05675e-10	-0.367291
1.05732e-10	-0.368708
1.05789e-10	-0.370096
1.05846e-10	-0.371455
1.05903e-10	-0.372786
1.0596e-10	-0.374087
1.06017e-10	-0.37536
1.06074e-10	-0.376603
1.06131e-10	-0.377819
1.06188e-10	-0.379005
1.06245e-10	-0.380164
1.06302e-10	-0.381293
1.06359e-10	-0.382395
1.06417e-10	-0.383468
1.06474e-10	-0.384513
1.06531e-10	-0.38553
1.06588e-10	-0.386519
1.06645e-10	-0.387481
1.06702e-10	-0.388414
1.06759e-10	-0.38932
1.06816e-10	-0.390198
1.06873e-10	-0.391048
1.0693e-10	-0.391871
1.06987e-10	-0.392667
1.07044e-10	-0.393436
1.07101e-10	-0.394177
1.07159e-10	-0.394891
1.07216e-10	-0.395579
1.07273e-10	-0.396239
1.0733e-10	-0.396873
1.07387e-10	-0.397481
1.07444e-10	-0.398061
1.07501e-10	-0.398616
1.07558e-10	-0.399144
1.07615e-10	-0.399646
1.07672e-10	-0.400122
1.07729e-10	-0.400572
1.07786e-10	-0.400997
1.07843e-10	-0.401395
1.07901e-10	-0.401769
1.07958e-10	-0.402116
1.08015e-10	-0.402439
1.08072e-10	-0.402736
1.08129e-10	-0.403008
1.08186e-10	-0.403256
1.08243e-10	-0.403478
1.083e-10	-0.403676
1.08357e-10	-0.403849
1.08414e-10	-0.403998
1.08471e-10	-0.404123
1.08528e-10	-0.404224
1.08585e-10	-0.4043
1.08642e-10	-0.404353
1.087e-10	-0.404382
1.08757e-10	-0.404388
1.08814e-10	-0.40437
1.08871e-10	-0.404329
1.08928e-10	-0.404265
1.08985e-10	-0.404178
1.09042e-10	-0.404068
1.09099e-10	-0.403935
1.09156e-10	-0.40378
1.09213e-10	-0.403602
1.0927e-10	-0.403403
1.09327e-10	-0.403181
1.09384e-10	-0.402937
1.09442e-10	-0.402671
1.09499e-10	-0.402384
1.09556e-10	-0.402075
1.09613e-10	-0.401745
1.0967e-10	-0.401394
1.09727e-10	-0.401022
1.09784e-10	-0.400629
1.09841e-10	-0.400215
1.09898e-10	-0.399781
1.09955e-10	-0.399326
1.10012e-10	-0.398851
1.10069e-10	-0.398357
1.10126e-10	-0.397842
1.10184e-10	-0.397307
1.10241e-10	-0.396753
1.10298e-10	-0.39618
1.10355e-10	-0.395587
1.10412e-10	-0.394976
1.10469e-10	-0.394345
1.10526e-10	-0.393696
1.10583e-10	-0.393028
1.1064e-10	-0.392341
1.10697e-10	-0.391637
1.10754e-10	-0.390914
1.10811e-10	-0.390174
1.10868e-10	-0.389416
1.10925e-10	-0.38864
1.10983e-10	-0.387847
1.1104e-10	-0.387036
1.11097e-10	-0.386209
1.11154e-10	-0.385365
1.11211e-10	-0.384504
1.11268e-10	-0.383626
1.11325e-10	-0.382732
1.11382e-10	-0.381822
1.11439e-10	-0.380896
1.11496e-10	-0.379954
1.11553e-10	-0.378997
1.1161e-10	-0.378023
1.11667e-10	-0.377035
1.11725e-10	-0.376031
1.11782e-10	-0.375013
1.11839e-10	-0.373979
1.11896e-10	-0.372931
1.11953e-10	-0.371869
1.1201e-10	-0.370792
1.12067e-10	-0.369701
1.12124e-10	-0.368596
1.12181e-10	-0.367478
1.12238e-10	-0.366345
1.12295e-10	-0.3652
1.12352e-10	-0.364041
1.12409e-10	-0.362869
1.12467e-10	-0.361684
1.12524e-10	-0.360486
1.12581e-10	-0.359276
1.12638e-10	-0.358054
1.12695e-10	-0.356819
1.12752e-10	-0.355572
1.12809e-10	-0.354313
1.12866e-10	-0.353043
1.12923e-10	-0.351761
1.1298e-10	-0.350468
1.13037e-10	-0.349163
1.13094e-10	-0.347848
1.13151e-10	-0.346522
1.13208e-10	-0.345185
1.13266e-10	-0.343837
1.13323e-10	-0.34248
1.1338e-10	-0.341112
1.13437e-10	-0.339734
1.13494e-10	-0.338346
1.13551e-10	-0.336949
1.13608e-10	-0.335542
1.13665e-10	-0.334126
1.13722e-10	-0.332701
1.13779e-10	-0.331267
1.13836e-10	-0.329824
1.13893e-10	-0.328372
1.1395e-10	-0.326912
1.14008e-10	-0.325443
1.14065e-10	-0.323967
1.14122e-10	-0.322482
1.14179e-10	-0.32099
1.14236e-10	-0.31949
1.14293e-10	-0.317983
1.1435e-10	-0.316468
1.14407e-10	-0.314946
1.14464e-10	-0.313417
1.14521e-10	-0.311881
1.14578e-10	-0.310339
1.14635e-10	-0.30879
1.14692e-10	-0.307235
1.1475e-10	-0.305673
1.14807e-10	-0.304106
1.14864e-10	-0.302532
1.14921e-10	-0.300953
1.14978e-10	-0.299369
1.15035e-10	-0.297779
1.15092e-10	-0.296183
1.15149e-10	-0.294583
1.15206e-10	-0.292978
1.15263e-10	-0.291367
1.1532e-10	-0.289753
1.15377e-10	-0.288134
1.15434e-10	-0.28651
1.15491e-10	-0.284882
1.15549e-10	-0.283251
1.15606e-10	-0.281615
1.15663e-10	-0.279976
1.1572e-10	-0.278333
1.15777e-10	-0.276686
1.15834e-10	-0.275037
1.15891e-10	-0.273384
1.15948e-10	-0.271728
1.16005e-10	-0.270069
1.16062e-10	-0.268408
1.16119e-10	-0.266744
1.16176e-10	-0.265078
1.16233e-10	-0.263409
1.16291e-10	-0.261738
1.16348e-10	-0.260065
1.16405e-10	-0.25839
1.16462e-10	-0.256714
1.16519e-10	-0.255036
1.16576e-10	-0.253356
1.16633e-10	-0.251675
1.1669e-10	-0.249993
1.16747e-10	-0.24831
1.16804e-10	-0.246626
1.16861e-10	-0.244941
1.16918e-10	-0.243256
1.16975e-10	-0.24157
1.17033e-10	-0.239883
1.1709e-10	-0.238196
1.17147e-10	-0.236509
1.17204e-10	-0.234822
1.17261e-10	-0.233135
1.17318e-10	-0.231448
1.17375e-10	-0.229762
1.17432e-10	-0.228076
1.17489e-10	-0.226391
1.17546e-10	-0.224706
1.17603e-10	-0.223022
1.1766e-10	-0.221339
1.17717e-10	-0.219657
1.17774e-10	-0.217976
1.17832e-10	-0.216297
1.17889e-10	-0.214619
1.17946e-10	-0.212942
1.18003e-10	-0.211267
1.1806e-10	-0.209593
1.18117e-10	-0.207922
1.18174e-10	-0.206252
1.18231e-10	-0.204585
1.18288e-10	-0.202919
1.18345e-10	-0.201256
1.18402e-10	-0.199596
1.18459e-10	-0.197937
1.18516e-10	-0.196281
1.18574e-10	-0.194628
1.18631e-10	-0.192978
1.18688e-10	-0.191331
1.18745e-10	-0.189686
1.18802e-10	-0.188045
1.18859e-10	-0.186406
1.18916e-10	-0.184771
1.18973e-10	-0.18314
1.1903e-10	-0.181511
1.19087e-10	-0.179887
1.19144e-10	-0.178265
1.19201e-10	-0.176648
1.19258e-10	-0.175034
1.19316e-10	-0.173425
1.19373e-10	-0.171819
1.1943e-10	-0.170217
1.19487e-10	-0.16862
1.19544e-10	-0.167026
1.19601e-10	-0.165437
1.19658e-10	-0.163853
1.19715e-10	-0.162272
1.19772e-10	-0.160697
1.19829e-10	-0.159126
1.19886e-10	-0.15756
1.19943e-10	-0.155998
1.2e-10	-0.154441
1.20058e-10	-0.15289
1.20115e-10	-0.151343
1.20172e-10	-0.149801
1.20229e-10	-0.148265
1.20286e-10	-0.146733
1.20343e-10	-0.145207
1.204e-10	-0.143687
1.20457e-10	-0.142172
1.20514e-10	-0.140662
1.20571e-10	-0.139158
1.20628e-10	-0.137659
1.20685e-10	-0.136166
1.20742e-10	-0.134679
1.20799e-10	-0.133198
1.20857e-10	-0.131722
1.20914e-10	-0.130253
1.20971e-10	-0.128789
1.21028e-10	-0.127331
1.21085e-10	-0.12588
1.21142e-10	-0.124435
1.21199e-10	-0.122995
1.21256e-10	-0.121563
1.21313e-10	-0.120136
1.2137e-10	-0.118716
1.21427e-10	-0.117302
1.21484e-10	-0.115895
1.21541e-10	-0.114494
1.21599e-10	-0.113099
1.21656e-10	-0.111712
1.21713e-10	-0.110331
1.2177e-10	-0.108956
1.21827e-10	-0.107588
1.21884e-10	-0.106228
1.21941e-10	-0.104873
1.21998e-10	-0.103526
1.22055e-10	-0.102186
1.22112e-10	-0.100852
1.22169e-10	-0.0995259
1.22226e-10	-0.0982064
1.22283e-10	-0.0968939
1.22341e-10	-0.0955885
1.22398e-10	-0.0942902
1.22455e-10	-0.0929991
1.22512e-10	-0.0917151
1.22569e-10	-0.0904383
1.22626e-10	-0.0891688
1.22683e-10	-0.0879065
1.2274e-10	-0.0866515
1.22797e-10	-0.0854038
1.22854e-10	-0.0841634
1.22911e-10	-0.0829304
1.22968e-10	-0.0817048
1.23025e-10	-0.0804867
1.23082e-10	-0.0792759
1.2314e-10	-0.0780726
1.23197e-10	-0.0768768
1.23254e-10	-0.0756885
1.23311e-10	-0.0745077
1.23368e-10	-0.0733345
1.23425e-10	-0.0721688
1.23482e-10	-0.0710106
1.23539e-10	-0.0698601
1.23596e-10	-0.0687172
1.23653e-10	-0.0675819
1.2371e-10	-0.0664542
1.23767e-10	-0.0653342
1.23824e-10	-0.0642218
1.23882e-10	-0.0631172
1.23939e-10	-0.0620201
1.23996e-10	-0.0609308
1.24053e-10	-0.0598492
1.2411e-10	-0.0587753
1.24167e-10	-0.0577091
1.24224e-10	-0.0566506
1.24281e-10	-0.0555999
1.24338e-10	-0.0545569
1.24395e-10	-0.0535217
1.24452e-10	-0.0524941
1.24509e-10	-0.0514744
1.24566e-10	-0.0504623
1.24624e-10	-0.0494581
1.24681e-10	-0.0484616
1.24738e-10	-0.0474728
1.24795e-10	-0.0464918
1.24852e-10	-0.0455185
1.24909e-10	-0.044553
1.24966e-10	-0.0435953
1.25023e-10	-0.0426453
1.2508e-10	-0.041703
1.25137e-10	-0.0407684
1.25194e-10	-0.0398416
1.25251e-10	-0.0389226
1.25308e-10	-0.0380112
1.25365e-10	-0.0371076
1.25423e-10	-0.0362116
1.2548e-10	-0.0353234
1.25537e-10	-0.0344428
1.25594e-10	-0.03357
1.25651e-10	-0.0327048
1.25708e-10	-0.0318472
1.25765e-10	-0.0309973
1.25822e-10	-0.0301551
1.25879e-10	-0.0293205
1.25936e-10	-0.0284934
1.25993e-10	-0.027674
1.2605e-10	-0.0268622
1.26107e-10	-0.0260579
1.26165e-10	-0.0252612
1.26222e-10	-0.0244721
1.26279e-10	-0.0236904
1.26336e-10	-0.0229163
1.26393e-10	-0.0221496
1.2645e-10	-0.0213905
1.26507e-10	-0.0206388
1.26564e-10	-0.0198945
1.26621e-10	-0.0191576
1.26678e-10	-0.0184282
1.26735e-10	-0.0177061
1.26792e-10	-0.0169914
1.26849e-10	-0.016284
1.26907e-10	-0.0155839
1.26964e-10	-0.0148911
1.27021e-10	-0.0142056
1.27078e-10	-0.0135274
1.27135e-10	-0.0128563
1.27192e-10	-0.0121925
1.27249e-10	-0.0115359
1.27306e-10	-0.0108864
1.27363e-10	-0.010244
1.2742e-10	-0.00960877
1.27477e-10	-0.00898059
1.27534e-10	-0.00835947
1.27591e-10	-0.00774538
1.27648e-10	-0.00713829
1.27706e-10	-0.00653817
1.27763e-10	-0.005945
1.2782e-10	-0.00535875
1.27877e-10	-0.00477939
1.27934e-10	-0.00420689
1.27991e-10	-0.00364123
1.28048e-10	-0.00308237
1.28105e-10	-0.00253029
1.28162e-10	-0.00198495
1.28219e-10	-0.00144633
1.28276e-10	-0.0009144
1.28333e-10	-0.000389121
1.2839e-10	0.000129533
1.28448e-10	0.000641593
1.28505e-10	0.00114709
1.28562e-10	0.00164606
1.28619e-10	0.00213853
1.28676e-10	0.00262453
1.28733e-10	0.0031041
1.2879e-10	0.00357727
1.28847e-10	0.00404407
1.28904e-10	0.00450454
1.28961e-10	0.0049587
1.29018e-10	0.00540659
1.29075e-10	0.00584826
1.29132e-10	0.00628372
1.2919e-10	0.00671301
1.29247e-10	0.00713618
1.29304e-10	0.00755325
1.29361e-10	0.00796425
1.29418e-10	0.00836923
1.29475e-10	0.00876822
1.29532e-10	0.00916125
1.29589e-10	0.00954837
1.29646e-10	0.00992959
1.29703e-10	0.010305
1.2976e-10	0.0106745
1.29817e-10	0.0110383
1.29874e-10	0.0113964
1.29931e-10	0.0117487
1.29989e-10	0.0120954
1.30046e-10	0.0124365
1.30103e-10	0.0127719
1.3016e-10	0.0131018
1.30217e-10	0.0134262
1.30274e-10	0.0137451
1.30331e-10	0.0140585
1.30388e-10	0.0143666
1.30445e-10	0.0146693
1.30502e-10	0.0149666
1.30559e-10	0.0152587
1.30616e-10	0.0155455
1.30673e-10	0.015827
1.30731e-10	0.0161034
1.30788e-10	0.0163747
1.30845e-10	0.0166409
1.30902e-10	0.0169019
1.30959e-10	0.017158
1.31016e-10	0.0174091
1.31073e-10	0.0176552
1.3113e-10	0.0178964
1.31187e-10	0.0181327
1.31244e-10	0.0183642
1.31301e-10	0.0185909
1.31358e-10	0.0188128
1.31415e-10	0.01903
1.31473e-10	0.0192425
1.3153e-10	0.0194504
1.31587e-10	0.0196537
1.31644e-10	0.0198524
1.31701e-10	0.0200466
1.31758e-10	0.0202363
1.31815e-10	0.0204215
1.31872e-10	0.0206023
1.31929e-10	0.0207788
1.31986e-10	0.0209509
1.32043e-10	0.0211187
1.321e-10	0.0212822
1.32157e-10	0.0214416
1.32215e-10	0.0215967
1.32272e-10	0.0217477
1.32329e-10	0.0218946
1.32386e-10	0.0220374
1.32443e-10	0.0221762
1.325e-10	0.022311
1.32557e-10	0.0224419
1.32614e-10	0.0225688
1.32671e-10	0.0226918
1.32728e-10	0.022811
1.32785e-10	0.0229264
1.32842e-10	0.0230381
1.32899e-10	0.023146
1.32956e-10	0.0232502
1.33014e-10	0.0233508
1.33071e-10	0.0234477
1.33128e-10	0.0235411
1.33185e-10	0.0236309
1.33242e-10	0.0237172
1.33299e-10	0.0238001
1.33356e-10	0.0238795
1.33413e-10	0.0239555
1.3347e-10	0.0240282
1.33527e-10	0.0240975
1.33584e-10	0.0241636
1.33641e-10	0.0242264
1.33698e-10	0.024286
1.33756e-10	0.0243424
1.33813e-10	0.0243957
1.3387e-10	0.0244459
1.33927e-10	0.024493
1.33984e-10	0.0245371
1.34041e-10	0.0245781
1.34098e-10	0.0246163
1.34155e-10	0.0246514
1.34212e-10	0.0246837
1.34269e-10	0.0247132
1.34326e-10	0.0247398
1.34383e-10	0.0247636
1.3444e-10	0.0247847
1.34498e-10	0.0248031
1.34555e-10	0.0248187
1.34612e-10	0.0248318
1.34669e-10	0.0248422
1.34726e-10	0.02485
1.34783e-10	0.0248553
1.3484e-10	0.024858
1.34897e-10	0.0248583
1.34954e-10	0.0248561
1.35011e-10	0.0248515
1.35068e-10	0.0248445
1.35125e-10	0.0248352
1.35182e-10	0.0248235
1.35239e-10	0.0248096
1.35297e-10	0.0247934
1.35354e-10	0.024775
1.35411e-10	0.0247544
1.35468e-10	0.0247316
1.35525e-10	0.0247067
1.35582e-10	0.0246797
1.35639e-10	0.0246507
1.35696e-10	0.0246196
1.35753e-10	0.0245865
1.3581e-10	0.0245514
1.35867e-10	0.0245144
1.35924e-10	0.0244755
1.35981e-10	0.0244347
1.36039e-10	0.024392
1.36096e-10	0.0243475
1.36153e-10	0.0243012
1.3621e-10	0.0242532
1.36267e-10	0.0242034
1.36324e-10	0.0241519
1.36381e-10	0.0240987
1.36438e-10	0.0240439
1.36495e-10	0.0239874
1.36552e-10	0.0239294
1.36609e-10	0.0238698
1.36666e-10	0.0238086
1.36723e-10	0.023746
1.36781e-10	0.0236818
1.36838e-10	0.0236162
1.36895e-10	0.0235492
1.36952e-10	0.0234807
1.37009e-10	0.0234109
1.37066e-10	0.0233398
1.37123e-10	0.0232673
1.3718e-10	0.0231935
1.37237e-10	0.0231184
1.37294e-10	0.0230421
1.37351e-10	0.0229645
1.37408e-10	0.0228858
1.37465e-10	0.0228059
1.37522e-10	0.0227248
1.3758e-10	0.0226427
1.37637e-10	0.0225594
1.37694e-10	0.022475
1.37751e-10	0.0223896
1.37808e-10	0.0223032
1.37865e-10	0.0222157
1.37922e-10	0.0221273
1.37979e-10	0.0220379
1.38036e-10	0.0219476
1.38093e-10	0.0218564
1.3815e-10	0.0217642
1.38207e-10	0.0216713
1.38264e-10	0.0215774
1.38322e-10	0.0214828
1.38379e-10	0.0213873
1.38436e-10	0.021291
1.38493e-10	0.021194
1.3855e-10	0.0210963
1.38607e-10	0.0209978
1.38664e-10	0.0208986
1.38721e-10	0.0207988
1.38778e-10	0.0206983
1.38835e-10	0.0205972
1.38892e-10	0.0204954
1.38949e-10	0.020393
1.39006e-10	0.0202901
1.39064e-10	0.0201866
1.39121e-10	0.0200826
1.39178e-10	0.019978
1.39235e-10	0.019873
1.39292e-10	0.0197674
1.39349e-10	0.0196614
1.39406e-10	0.019555
1.39463e-10	0.0194481
1.3952e-10	0.0193408
1.39577e-10	0.0192331
1.39634e-10	0.019125
1.39691e-10	0.0190165
1.39748e-10	0.0189077
1.39805e-10	0.0187986
1.39863e-10	0.0186892
1.3992e-10	0.0185795
1.39977e-10	0.0184695
1.40034e-10	0.0183592
1.40091e-10	0.0182487
1.40148e-10	0.018138
1.40205e-10	0.018027
1.40262e-10	0.0179158
1.40319e-10	0.0178045
1.40376e-10	0.0176929
1.40433e-10	0.0175813
1.4049e-10	0.0174694
1.40547e-10	0.0173575
1.40605e-10	0.0172454
1.40662e-10	0.0171332
1.40719e-10	0.017021
1.40776e-10	0.0169086
1.40833e-10	0.0167962
1.4089e-10	0.0166838
1.40947e-10	0.0165713
1.41004e-10	0.0164588
1.41061e-10	0.0163463
1.41118e-10	0.0162338
1.41175e-10	0.0161213
1.41232e-10	0.0160088
1.41289e-10	0.0158964
1.41347e-10	0.015784
1.41404e-10	0.0156717
1.41461e-10	0.0155595
1.41518e-10	0.0154473
1.41575e-10	0.0153353
1.41632e-10	0.0152233
1.41689e-10	0.0151115
1.41746e-10	0.0149998
1.41803e-10	0.0148882
1.4186e-10	0.0147768
1.41917e-10	0.0146655
1.41974e-10	0.0145544
1.42031e-10	0.0144435
1.42088e-10	0.0143328
1.42146e-10	0.0142222
1.42203e-10	0.0141119
1.4226e-10	0.0140018
1.42317e-10	0.0138919
1.42374e-10	0.0137822
1.42431e-10	0.0136728
1.42488e-10	0.0135637
1.42545e-10	0.0134547
1.42602e-10	0.0133461
1.42659e-10	0.0132377
1.42716e-10	0.0131297
1.42773e-10	0.0130219
1.4283e-10	0.0129144
1.42888e-10	0.0128072
1.42945e-10	0.0127003
1.43002e-10	0.0125937
1.43059e-10	0.0124875
1.43116e-10	0.0123816
1.43173e-10	0.0122761
1.4323e-10	0.0121708
1.43287e-10	0.012066
1.43344e-10	0.0119615
1.43401e-10	0.0118574
1.43458e-10	0.0117536
1.43515e-10	0.0116502
1.43572e-10	0.0115472
1.4363e-10	0.0114446
1.43687e-10	0.0113424
1.43744e-10	0.0112406
1.43801e-10	0.0111392
1.43858e-10	0.0110382
1.43915e-10	0.0109376
1.43972e-10	0.0108375
1.44029e-10	0.0107377
1.44086e-10	0.0106384
1.44143e-10	0.0105396
1.442e-10	0.0104411
1.44257e-10	0.0103431
1.44314e-10	0.0102456
1.44372e-10	0.0101485
1.44429e-10	0.0100519
1.44486e-10	0.00995573
1.44543e-10	0.00986003
1.446e-10	0.00976479
1.44657e-10	0.00967003
1.44714e-10	0.00957573
1.44771e-10	0.00948192
1.44828e-10	0.00938859
1.44885e-10	0.00929574
1.44942e-10	0.00920338
1.44999e-10	0.00911151
1.45056e-10	0.00902013
1.45113e-10	0.00892925
1.45171e-10	0.00883887
1.45228e-10	0.00874898
1.45285e-10	0.0086596
1.45342e-10	0.00857073
1.45399e-10	0.00848236
1.45456e-10	0.0083945
1.45513e-10	0.00830716
1.4557e-10	0.00822033
1.45627e-10	0.00813401
1.45684e-10	0.00804821
1.45741e-10	0.00796293
1.45798e-10	0.00787817
1.45855e-10	0.00779394
1.45913e-10	0.00771023
1.4597e-10	0.00762704
1.46027e-10	0.00754438
1.46084e-10	0.00746224
1.46141e-10	0.00738064
1.46198e-10	0.00729956
1.46255e-10	0.00721902
1.46312e-10	0.00713901
1.46369e-10	0.00705953
1.46426e-10	0.00698058
1.46483e-10	0.00690216
1.4654e-10	0.00682428
1.46597e-10	0.00674694
1.46655e-10	0.00667013
1.46712e-10	0.00659385
1.46769e-10	0.00651811
1.46826e-10	0.00644291
1.46883e-10	0.00636824
1.4694e-10	0.00629411
1.46997e-10	0.00622052
1.47054e-10	0.00614746
1.47111e-10	0.00607494
1.47168e-10	0.00600295
1.47225e-10	0.0059315
1.47282e-10	0.00586058
1.47339e-10	0.0057902
1.47396e-10	0.00572036
1.47454e-10	0.00565104
1.47511e-10	0.00558227
1.47568e-10	0.00551402
1.47625e-10	0.00544631
1.47682e-10	0.00537912
1.47739e-10	0.00531247
1.47796e-10	0.00524635
1.47853e-10	0.00518076
1.4791e-10	0.0051157
1.47967e-10	0.00505116
1.48024e-10	0.00498715
1.48081e-10	0.00492367
1.48138e-10	0.00486071
1.48196e-10	0.00479827
1.48253e-10	0.00473635
1.4831e-10	0.00467496
1.48367e-10	0.00461408
1.48424e-10	0.00455372
1.48481e-10	0.00449388
1.48538e-10	0.00443456
1.48595e-10	0.00437574
1.48652e-10	0.00431744
1.48709e-10	0.00425965
1.48766e-10	0.00420237
1.48823e-10	0.0041456
1.4888e-10	0.00408934
1.48938e-10	0.00403357
1.48995e-10	0.00397831
1.49052e-10	0.00392355
1.49109e-10	0.00386929
1.49166e-10	0.00381553
1.49223e-10	0.00376226
1.4928e-10	0.00370949
1.49337e-10	0.00365721
1.49394e-10	0.00360541
1.49451e-10	0.00355411
1.49508e-10	0.00350329
1.49565e-10	0.00345295
1.49622e-10	0.0034031
1.49679e-10	0.00335373
1.49737e-10	0.00330483
1.49794e-10	0.00325641
1.49851e-10	0.00320846
1.49908e-10	0.00316098
1.49965e-10	0.00311397
1.50022e-10	0.00306743
1.50079e-10	0.00302135
1.50136e-10	0.00297573
1.50193e-10	0.00293058
1.5025e-10	0.00288588
1.50307e-10	0.00284163
1.50364e-10	0.00279784
1.50421e-10	0.0027545
1.50479e-10	0.00271161
1.50536e-10	0.00266916
1.50593e-10	0.00262716
1.5065e-10	0.00258559
1.50707e-10	0.00254447
1.50764e-10	0.00250378
1.50821e-10	0.00246352
1.50878e-10	0.0024237
1.50935e-10	0.0023843
1.50992e-10	0.00234533
1.51049e-10	0.00230678
1.51106e-10	0.00226865
1.51163e-10	0.00223095
1.51221e-10	0.00219365
1.51278e-10	0.00215677
1.51335e-10	0.0021203
1.51392e-10	0.00208424
1.51449e-10	0.00204859
1.51506e-10	0.00201333
1.51563e-10	0.00197848
1.5162e-10	0.00194402
1.51677e-10	0.00190996
1.51734e-10	0.00187629
1.51791e-10	0.00184302
1.51848e-10	0.00181012
1.51905e-10	0.00177762
1.51962e-10	0.00174549
1.5202e-10	0.00171374
1.52077e-10	0.00168237
1.52134e-10	0.00165137
1.52191e-10	0.00162075
1.52248e-10	0.00159049
1.52305e-10	0.0015606
1.52362e-10	0.00153107
1.52419e-10	0.0015019
1.52476e-10	0.00147308
1.52533e-10	0.00144463
1.5259e-10	0.00141652
1.52647e-10	0.00138877
1.52704e-10	0.00136136
1.52762e-10	0.00133429
1.52819e-10	0.00130757
1.52876e-10	0.00128119
1.52933e-10	0.00125514
1.5299e-10	0.00122942
1.53047e-10	0.00120404
1.53104e-10	0.00117898
1.53161e-10	0.00115425
1.53218e-10	0.00112985
1.53275e-10	0.00110576
1.53332e-10	0.00108199
1.53389e-10	0.00105853
1.53446e-10	0.00103539
1.53504e-10	0.00101256
1.53561e-10	0.000990028
1.53618e-10	0.000967805
1.53675e-10	0.000945884
1.53732e-10	0.000924262
1.53789e-10	0.000902936
1.53846e-10	0.000881904
1.53903e-10	0.000861164
1.5396e-10	0.000840711
1.54017e-10	0.000820545
1.54074e-10	0.000800662
1.54131e-10	0.00078106
1.54188e-10	0.000761736
1.54245e-10	0.000742688
1.54303e-10	0.000723913
1.5436e-10	0.000705408
1.54417e-10	0.000687172
1.54474e-10	0.000669201
1.54531e-10	0.000651493
1.54588e-10	0.000634046
1.54645e-10	0.000616856
1.54702e-10	0.000599923
1.54759e-10	0.000583242
1.54816e-10	0.000566812
1.54873e-10	0.00055063
1.5493e-10	0.000534693
1.54987e-10	0.000519
1.55045e-10	0.000503548
1.55102e-10	0.000488334
1.55159e-10	0.000473357
1.55216e-10	0.000458612
1.55273e-10	0.000444099
1.5533e-10	0.000429815
1.55387e-10	0.000415758
1.55444e-10	0.000401924
1.55501e-10	0.000388312
1.55558e-10	0.00037492
1.55615e-10	0.000361745
1.55672e-10	0.000348785
1.55729e-10	0.000336037
1.55787e-10	0.0003235
1.55844e-10	0.00031117
1.55901e-10	0.000299047
1.55958e-10	0.000287127
1.56015e-10	0.000275408
1.56072e-10	0.000263889
1.56129e-10	0.000252566
1.56186e-10	0.000241438
1.56243e-10	0.000230502
1.563e-10	0.000219757
1.56357e-10	0.0002092
1.56414e-10	0.000198829
1.56471e-10	0.000188642
1.56529e-10	0.000178637
1.56586e-10	0.000168812
1.56643e-10	0.000159164
1.567e-10	0.000149692
1.56757e-10	0.000140393
1.56814e-10	0.000131266
1.56871e-10	0.000122308
1.56928e-10	0.000113518
1.56985e-10	0.000104893
1.57042e-10	9.64312e-05
1.57099e-10	8.81312e-05
1.57156e-10	7.99906e-05
1.57213e-10	7.20076e-05
1.5727e-10	6.41803e-05
1.57328e-10	5.65066e-05
1.57385e-10	4.89846e-05
1.57442e-10	4.16126e-05
1.57499e-10	3.43886e-05
1.57556e-10	2.73107e-05
1.57613e-10	2.03772e-05
1.5767e-10	1.35861e-05
1.57727e-10	6.93559e-06
1.57784e-10	4.23948e-07
1.57841e-10	-5.95066e-06
1.57898e-10	-1.219e-05
1.57955e-10	-1.82959e-05
1.58012e-10	-2.427e-05
1.5807e-10	-3.01142e-05
1.58127e-10	-3.583e-05
1.58184e-10	-4.14193e-05
1.58241e-10	-4.68838e-05
1.58298e-10	-5.2225e-05
1.58355e-10	-5.74448e-05
1.58412e-10	-6.25447e-05
1.58469e-10	-6.75263e-05
1.58526e-10	-7.23914e-05
1.58583e-10	-7.71415e-05
1.5864e-10	-8.17782e-05
1.58697e-10	-8.63031e-05
1.58754e-10	-9.07178e-05
1.58812e-10	-9.50238e-05
1.58869e-10	-9.92227e-05
1.58926e-10	-0.000103316
1.58983e-10	-0.000107305
1.5904e-10	-0.000111192
1.59097e-10	-0.000114977
1.59154e-10	-0.000118663
1.59211e-10	-0.000122251
1.59268e-10	-0.000125742
1.59325e-10	-0.000129138
1.59382e-10	-0.00013244
1.59439e-10	-0.000135649
1.59496e-10	-0.000138768
1.59553e-10	-0.000141797
1.59611e-10	-0.000144737
1.59668e-10	-0.00014759
1.59725e-10	-0.000150358
1.59782e-10	-0.000153042
1.59839e-10	-0.000155642
1.59896e-10	-0.000158161
1.59953e-10	-0.0001606
1.6001e-10	-0.000162959
1.60067e-10	-0.000165241
1.60124e-10	-0.000167446
1.60181e-10	-0.000169575
1.60238e-10	-0.000171631
1.60295e-10	-0.000173613
1.60353e-10	-0.000175524
1.6041e-10	-0.000177364
1.60467e-10	-0.000179135
1.60524e-10	-0.000180838
1.60581e-10	-0.000182473
1.60638e-10	-0.000184043
1.60695e-10	-0.000185548
1.60752e-10	-0.000186989
1.60809e-10	-0.000188367
1.60866e-10	-0.000189684
1.60923e-10	-0.00019094
1.6098e-10	-0.000192137
1.61037e-10	-0.000193276
1.61095e-10	-0.000194358
1.61152e-10	-0.000195383
1.61209e-10	-0.000196353
1.61266e-10	-0.000197268
1.61323e-10	-0.000198131
1.6138e-10	-0.000198941
1.61437e-10	-0.000199699
1.61494e-10	-0.000200408
1.61551e-10	-0.000201067
1.61608e-10	-0.000201677
1.61665e-10	-0.00020224
1.61722e-10	-0.000202757
1.61779e-10	-0.000203227
1.61836e-10	-0.000203653
1.61894e-10	-0.000204034
1.61951e-10	-0.000204373
1.62008e-10	-0.000204669
1.62065e-10	-0.000204924
1.62122e-10	-0.000205139
1.62179e-10	-0.000205313
1.62236e-10	-0.000205449
1.62293e-10	-0.000205546
1.6235e-10	-0.000205607
1.62407e-10	-0.00020563
1.62464e-10	-0.000205618
1.62521e-10	-0.000205571
1.62578e-10	-0.00020549
1.62636e-10	-0.000205375
1.62693e-10	-0.000205228
1.6275e-10	-0.000205048
1.62807e-10	-0.000204837
1.62864e-10	-0.000204595
1.62921e-10	-0.000204324
1.62978e-10	-0.000204023
1.63035e-10	-0.000203694
1.63092e-10	-0.000203337
1.63149e-10	-0.000202952
1.63206e-10	-0.000202541
1.63263e-10	-0.000202104
1.6332e-10	-0.000201642
1.63378e-10	-0.000201155
1.63435e-10	-0.000200644
1.63492e-10	-0.000200109
1.63549e-10	-0.000199552
1.63606e-10	-0.000198972
1.63663e-10	-0.000198371
1.6372e-10	-0.000197748
1.63777e-10	-0.000197105
1.63834e-10	-0.000196442
1.63891e-10	-0.000195759
1.63948e-10	-0.000195058
1.64005e-10	-0.000194338
1.64062e-10	-0.0001936
1.64119e-10	-0.000192845
1.64177e-10	-0.000192073
1.64234e-10	-0.000191284
1.64291e-10	-0.00019048
1.64348e-10	-0.00018966
1.64405e-10	-0.000188825
1.64462e-10	-0.000187976
1.64519e-10	-0.000187113
1.64576e-10	-0.000186237
1.64633e-10	-0.000185347
1.6469e-10	-0.000184445
1.64747e-10	-0.00018353
1.64804e-10	-0.000182604
1.64861e-10	-0.000181666
1.64919e-10	-0.000180717
1.64976e-10	-0.000179758
1.65033e-10	-0.000178789
1.6509e-10	-0.00017781
1.65147e-10	-0.000176821
1.65204e-10	-0.000175824
1.65261e-10	-0.000174817
1.65318e-10	-0.000173803
1.65375e-10	-0.00017278
1.65432e-10	-0.000171751
1.65489e-10	-0.000170713
1.65546e-10	-0.000169669
1.65603e-10	-0.000168619
1.65661e-10	-0.000167562
1.65718e-10	-0.000166499
1.65775e-10	-0.000165431
1.65832e-10	-0.000164357
1.65889e-10	-0.000163279
1.65946e-10	-0.000162196
1.66003e-10	-0.000161108
1.6606e-10	-0.000160016
1.66117e-10	-0.000158921
1.66174e-10	-0.000157822
1.66231e-10	-0.00015672
1.66288e-10	-0.000155615
1.66345e-10	-0.000154507
1.66402e-10	-0.000153396
1.6646e-10	-0.000152284
1.66517e-10	-0.000151169
1.66574e-10	-0.000150053
1.66631e-10	-0.000148935
1.66688e-10	-0.000147816
1.66745e-10	-0.000146696
1.66802e-10	-0.000145575
1.66859e-10	-0.000144453
1.66916e-10	-0.000143332
1.66973e-10	-0.000142209
1.6703e-10	-0.000141087
1.67087e-10	-0.000139966
1.67144e-10	-0.000138844
1.67202e-10	-0.000137723
1.67259e-10	-0.000136603
1.67316e-10	-0.000135484
1.67373e-10	-0.000134367
1.6743e-10	-0.00013325
1.67487e-10	-0.000132135
1.67544e-10	-0.000131022
1.67601e-10	-0.00012991
1.67658e-10	-0.000128801
1.67715e-10	-0.000127693
1.67772e-10	-0.000126588
1.67829e-10	-0.000125486
1.67886e-10	-0.000124385
1.67944e-10	-0.000123288
1.68001e-10	-0.000122194
1.68058e-10	-0.000121102
1.68115e-10	-0.000120014
1.68172e-10	-0.000118929
1.68229e-10	-0.000117847
1.68286e-10	-0.000116769
1.68343e-10	-0.000115694
1.684e-10	-0.000114623
1.68457e-10	-0.000113556
1.68514e-10	-0.000112493
