% time-domain current integration by openEMS v0.0.36-93-g7b9cd51 @Thu Sep 24 16:56:47 2026
% start-coordinates: (0.05825,-0.0023,0.000400138) m -> [74,1,6]
% stop-coordinates: (0.0583,0.0006,0.000400138) m -> [75,4,6]
% t/s	current
2.85375570241e-14	0
3.68134485611e-12	0
7.33415215519e-12	0
1.09869594543e-11	0
1.46397667534e-11	0
1.82925740525e-11	0
2.19453813515e-11	7.83371848989e-37
2.55981886506e-11	4.61429176953e-33
2.92509959497e-11	3.67708400327e-30
3.29038032488e-11	8.47497575715e-28
3.65566105479e-11	7.84552492083e-26
4.0209417847e-11	3.58810108967e-24
4.3862225146e-11	9.39040205389e-23
4.75150324451e-11	1.5665418465e-21
5.11678397442e-11	1.80638280453e-20
5.48206470433e-11	1.53234562241e-19
5.84734543424e-11	1.00429238941e-18
6.21262616415e-11	5.28878810946e-18
6.57790689406e-11	2.31005025676e-17
6.94318762396e-11	8.58305235247e-17
7.30846835387e-11	2.7645516919e-16
7.67374908378e-11	7.80979676901e-16
8.03902981369e-11	1.94002329833e-15
8.4043105436e-11	4.19044563182e-15
8.76959127351e-11	7.55915580239e-15
9.13487200342e-11	9.88824229746e-15
9.50015273332e-11	2.08541142152e-15
9.86543346323e-11	-4.27243249188e-14
1.02307141931e-10	-1.91228231709e-13
1.0595994923e-10	-5.90425494953e-13
1.0961275653e-10	-1.53550674779e-12
1.13265563829e-10	-3.57343560124e-12
1.16918371128e-10	-7.64521865954e-12
1.20571178427e-10	-1.52564696987e-11
1.24223985726e-10	-2.86407182692e-11
1.27876793025e-10	-5.08400474497e-11
1.31529600324e-10	-8.55717580128e-11
1.35182407623e-10	-1.36680292084e-10
1.38835214922e-10	-2.06896860755e-10
1.42488022221e-10	-2.95559521302e-10
1.4614082952e-10	-3.94902222034e-10
1.4979363682e-10	-4.84532747258e-10
1.53446444119e-10	-5.23820320453e-10
1.57099251418e-10	-4.42133774037e-10
1.60752058717e-10	-1.2726425469e-10
1.64404866016e-10	5.87084214576e-10
1.68057673315e-10	1.93314075858e-09
1.71710480614e-10	4.21785717464e-09
1.75363287913e-10	7.82549935963e-09
1.79016095212e-10	1.32103581407e-08
1.82668902511e-10	2.08757704456e-08
1.8632170981e-10	3.13360537518e-08
1.89974517109e-10	4.50590746937e-08
1.93627324409e-10	6.23889206963e-08
1.97280131708e-10	8.34505584635e-08
2.00932939007e-10	1.08040936198e-07
2.04585746306e-10	1.3551448319e-07
2.08238553605e-10	1.64673750191e-07
2.11891360904e-10	1.93679170479e-07
2.15544168203e-10	2.19994788608e-07
2.19196975502e-10	2.40387521444e-07
2.22849782801e-10	2.50996720297e-07
2.265025901e-10	2.47488628702e-07
2.30155397399e-10	2.25300524903e-07
2.33808204698e-10	1.79971507919e-07
2.37461011998e-10	1.0754234836e-07
2.41113819297e-10	4.99551688904e-09
2.44766626596e-10	-1.29302776486e-07
2.48419433895e-10	-2.95204216627e-07
2.52072241194e-10	-4.9046678896e-07
2.55725048493e-10	-7.10569224793e-07
2.59377855792e-10	-9.48682554736e-07
2.63030663091e-10	-1.19582273328e-06
2.6668347039e-10	-1.44119542256e-06
2.70336277689e-10	-1.67273617535e-06
2.73989084988e-10	-1.87783666661e-06
2.77641892288e-10	-2.04422121897e-06
2.81294699587e-10	-2.16091234506e-06
2.84947506886e-10	-2.21920367949e-06
2.88600314185e-10	-2.21352001972e-06
2.92253121484e-10	-2.14205556404e-06
2.95905928783e-10	-2.00709519049e-06
2.99558736082e-10	-1.81496511686e-06
3.03211543381e-10	-1.57561009928e-06
3.0686435068e-10	-1.30186185743e-06
3.10517157979e-10	-1.00849217688e-06
3.14169965278e-10	-7.11142547516e-07
3.17822772577e-10	-4.25221998057e-07
3.21475579877e-10	-1.64817663517e-07
3.25128387176e-10	5.83447388181e-08
3.28781194475e-10	2.35843131691e-07
3.32434001774e-10	3.63322101293e-07
3.36086809073e-10	4.40962310222e-07
3.39739616372e-10	4.73498204201e-07
3.43392423671e-10	4.69688785643e-07
3.4704523097e-10	4.41220720404e-07
3.50698038269e-10	4.01174332865e-07
3.54350845568e-10	3.62309208413e-07
3.58003652867e-10	3.35497617243e-07
3.61656460166e-10	3.28582075326e-07
3.65309267466e-10	3.45823082171e-07
3.68962074765e-10	3.87894004916e-07
3.72614882064e-10	4.52235383364e-07
3.76267689363e-10	5.33519482815e-07
3.79920496662e-10	6.24040922048e-07
3.83573303961e-10	7.14035479632e-07
3.8722611126e-10	7.92088201251e-07
3.90878918559e-10	8.45898398438e-07
3.94531725858e-10	8.63574769028e-07
3.98184533157e-10	8.35412720335e-07
4.01837340456e-10	7.55813687192e-07
4.05490147755e-10	6.24784945558e-07
4.09142955055e-10	4.4847442382e-07
4.12795762354e-10	2.38432448896e-07
4.16448569653e-10	9.73000169324e-09
4.20101376952e-10	-2.21520110699e-07
4.23754184251e-10	-4.40446683569e-07
4.2740699155e-10	-6.34826619716e-07
4.31059798849e-10	-7.95329469838e-07
4.34712606148e-10	-9.14842416933e-07
4.38365413447e-10	-9.87565726973e-07
4.42018220746e-10	-1.00866077446e-06
4.45671028045e-10	-9.7492727491e-07
4.49323835345e-10	-8.86406780864e-07
4.52976642644e-10	-7.48189791011e-07
4.56629449943e-10	-5.71404939365e-07
4.60282257242e-10	-3.72536788973e-07
4.63935064541e-10	-1.70873846628e-07
4.6758787184e-10	1.528325555e-08
4.71240679139e-10	1.72350951289e-07
4.74893486438e-10	2.93723644518e-07
4.78546293737e-10	3.79669529593e-07
4.82199101036e-10	4.34950010231e-07
4.85851908335e-10	4.65254402116e-07
4.89504715634e-10	4.74086391478e-07
4.93157522934e-10	4.61558840925e-07
4.96810330233e-10	4.25661937697e-07
5.00463137532e-10	3.65365025345e-07
5.04115944831e-10	2.83950527091e-07
5.0776875213e-10	1.90748380646e-07
5.11421559429e-10	1.00064596609e-07
5.15074366728e-10	2.73961706654e-08
5.18727174027e-10	-1.56354964531e-08
5.22379981326e-10	-2.54452547921e-08
5.26032788625e-10	-7.76641773115e-09
5.29685595924e-10	2.47272158305e-08
5.33338403223e-10	5.75966438987e-08
5.36991210523e-10	8.04081565775e-08
5.40644017822e-10	9.05193360268e-08
5.44296825121e-10	9.31129022774e-08
5.4794963242e-10	9.74164677814e-08
5.51602439719e-10	1.10837753198e-07
5.55255247018e-10	1.33800057256e-07
5.58908054317e-10	1.57851999916e-07
5.62560861616e-10	1.68173230009e-07
5.66213668915e-10	1.49572400687e-07
5.69866476214e-10	9.33791213242e-08
5.73519283513e-10	2.08363992726e-09
5.77172090813e-10	-1.10534280395e-07
5.80824898112e-10	-2.24058609888e-07
5.84477705411e-10	-3.18956892897e-07
5.8813051271e-10	-3.83666872494e-07
5.91783320009e-10	-4.18046369077e-07
5.95436127308e-10	-4.31595537975e-07
5.99088934607e-10	-4.37272149156e-07
6.02741741906e-10	-4.43817242513e-07
6.06394549205e-10	-4.50280680298e-07
6.10047356504e-10	-4.45487017942e-07
6.13700163803e-10	-4.12895701629e-07
6.17352971102e-10	-3.38763129548e-07
6.21005778402e-10	-2.19900101683e-07
6.24658585701e-10	-6.73814923857e-08
6.28311393e-10	9.56754320214e-08
6.31964200299e-10	2.41501993514e-07
6.35617007598e-10	3.47141678958e-07
6.39269814897e-10	4.0192992401e-07
6.42922622196e-10	4.09781335975e-07
6.46575429495e-10	3.85391160762e-07
6.50228236794e-10	3.46217092329e-07
6.53881044093e-10	3.04013155983e-07
6.57533851392e-10	2.59889674226e-07
6.61186658691e-10	2.05200819892e-07
6.64839465991e-10	1.27778051251e-07
6.6849227329e-10	2.04643804125e-08
6.72145080589e-10	-1.12241167471e-07
6.75797887888e-10	-2.52770036013e-07
6.79450695187e-10	-3.75206099079e-07
6.83103502486e-10	-4.54199607702e-07
6.86756309785e-10	-4.74204910006e-07
6.90409117084e-10	-4.35027828871e-07
6.94061924383e-10	-3.51348774075e-07
6.97714731682e-10	-2.46555373451e-07
7.01367538981e-10	-1.4368602308e-07
7.0502034628e-10	-5.74685969923e-08
7.0867315358e-10	9.18421783069e-09
7.12325960879e-10	6.29573264632e-08
7.15978768178e-10	1.13584604833e-07
7.19631575477e-10	1.66350773156e-07
7.23284382776e-10	2.1740076761e-07
7.26937190075e-10	2.54197004779e-07
7.30589997374e-10	2.60922405459e-07
7.34242804673e-10	2.26200228326e-07
7.37895611972e-10	1.49391624404e-07
7.41548419271e-10	4.24643502583e-08
7.4520122657e-10	-7.34250704681e-08
7.4885403387e-10	-1.75034529093e-07
7.52506841169e-10	-2.4463500381e-07
7.56159648468e-10	-2.74895455732e-07
7.59812455767e-10	-2.69260084451e-07
7.63465263066e-10	-2.38117138451e-07
7.67118070365e-10	-1.92879028305e-07
7.70770877664e-10	-1.40844321095e-07
7.74423684963e-10	-8.31499917808e-08
7.78076492262e-10	-1.65312030731e-08
7.81729299561e-10	6.22815434781e-08
7.8538210686e-10	1.51993575059e-07
7.89034914159e-10	2.44537716299e-07
7.92687721459e-10	3.26506892634e-07
7.96340528758e-10	3.83583540042e-07
7.99993336057e-10	4.05734397191e-07
8.03646143356e-10	3.90580680687e-07
8.07298950655e-10	3.4339262811e-07
8.10951757954e-10	2.73993350675e-07
8.14604565253e-10	1.92416507616e-07
8.18257372552e-10	1.05613189305e-07
8.21910179851e-10	1.67129616813e-08
8.2556298715e-10	-7.31725151581e-08
8.29215794449e-10	-1.61956279499e-07
8.32868601748e-10	-2.44284308337e-07
8.36521409048e-10	-3.11404761533e-07
8.40174216347e-10	-3.53501036443e-07
8.43827023646e-10	-3.63499054856e-07
8.47479830945e-10	-3.40474258564e-07
8.51132638244e-10	-2.90777961709e-07
8.54785445543e-10	-2.25964257083e-07
8.58438252842e-10	-1.58212600354e-07
8.62091060141e-10	-9.54162331368e-08
8.6574386744e-10	-3.85397065372e-08
8.69396674739e-10	1.71402092519e-08
8.73049482038e-10	7.73806192456e-08
8.76702289337e-10	1.43365070926e-07
8.80355096637e-10	2.08341376151e-07
8.84007903936e-10	2.58656683627e-07
8.87660711235e-10	2.79031155515e-07
8.91313518534e-10	2.59639108435e-07
8.94966325833e-10	2.01533325139e-07
8.98619133132e-10	1.17653669918e-07
9.02271940431e-10	2.868433846e-08
9.0592474773e-10	-4.46215757677e-08
9.09577555029e-10	-8.93939073876e-08
9.13230362328e-10	-1.05341868561e-07
9.16883169627e-10	-1.0390515115e-07
9.20535976927e-10	-1.01932684515e-07
9.24188784226e-10	-1.12539659369e-07
9.27841591525e-10	-1.37432721203e-07
9.31494398824e-10	-1.64696388083e-07
9.35147206123e-10	-1.73657099367e-07
9.38800013422e-10	-1.44951826542e-07
9.42452820721e-10	-7.10825034389e-08
9.4610562802e-10	3.78285065494e-08
9.49758435319e-10	1.56212578872e-07
9.53411242618e-10	2.52470499618e-07
9.57064049917e-10	3.01436699601e-07
9.60716857216e-10	2.94259791644e-07
9.64369664516e-10	2.41328564243e-07
9.68022471815e-10	1.67029980958e-07
9.71675279114e-10	9.87086465898e-08
9.75328086413e-10	5.4657871118e-08
9.78980893712e-10	3.64009693499e-08
9.82633701011e-10	2.87751351635e-08
9.8628650831e-10	8.01848365484e-09
9.89939315609e-10	-4.55566038227e-08
9.93592122908e-10	-1.36100013037e-07
9.97244930207e-10	-2.47588786806e-07
1.00089773751e-09	-3.48714479514e-07
1.00455054481e-09	-4.05474025911e-07
1.0082033521e-09	-3.95780745066e-07
1.0118561594e-09	-3.19278058214e-07
1.0155089667e-09	-1.97767349164e-07
1.019161774e-09	-6.61526158297e-08
1.0228145813e-09	4.18156176352e-08
1.0264673886e-09	1.06562794144e-07
1.0301201959e-09	1.28924881437e-07
1.0337730032e-09	1.27287691498e-07
1.0374258105e-09	1.27272414829e-07
1.0410786178e-09	1.48659722754e-07
1.0447314251e-09	1.95285707605e-07
1.04838423239e-09	2.52394102063e-07
1.05203703969e-09	2.92792890377e-07
1.05568984699e-09	2.89285367217e-07
1.05934265429e-09	2.27853860224e-07
1.06299546159e-09	1.15440784043e-07
1.06664826889e-09	-2.14912692087e-08
1.07030107619e-09	-1.47118853988e-07
1.07395388349e-09	-2.30443731652e-07
1.07760669079e-09	-2.56963460288e-07
1.08125949809e-09	-2.32730855032e-07
1.08491230539e-09	-1.7952444864e-07
1.08856511268e-09	-1.23973478594e-07
1.09221791998e-09	-8.58604778387e-08
1.09587072728e-09	-7.0614305514e-08
1.09952353458e-09	-6.87388492793e-08
1.10317634188e-09	-6.18562765453e-08
1.10682914918e-09	-3.24467599455e-08
1.11048195648e-09	2.69613256165e-08
1.11413476378e-09	1.09098394319e-07
1.11778757108e-09	1.93865673737e-07
1.12144037838e-09	2.56125616716e-07
1.12509318568e-09	2.7594987273e-07
1.12874599297e-09	2.46677643645e-07
1.13239880027e-09	1.77136868729e-07
1.13605160757e-09	8.72667840213e-08
1.13970441487e-09	-4.08226341619e-10
1.14335722217e-09	-6.92296708849e-08
1.14701002947e-09	-1.1308384984e-07
1.15066283677e-09	-1.35919350441e-07
1.15431564407e-09	-1.47293761188e-07
1.15796845137e-09	-1.56603064738e-07
1.16162125867e-09	-1.68575326143e-07
1.16527406597e-09	-1.81509676622e-07
1.16892687326e-09	-1.88441092064e-07
1.17257968056e-09	-1.80434710728e-07
1.17623248786e-09	-1.50648247654e-07
1.17988529516e-09	-9.75989919993e-08
1.18353810246e-09	-2.63461998884e-08
1.18719090976e-09	5.28769916741e-08
1.19084371706e-09	1.27895120272e-07
1.19449652436e-09	1.88117880384e-07
1.19814933166e-09	2.26813085646e-07
1.20180213896e-09	2.41511713739e-07
1.20545494626e-09	2.33108096381e-07
1.20910775355e-09	2.04786019253e-07
1.21276056085e-09	1.61463148629e-07
1.21641336815e-09	1.09517252156e-07
1.22006617545e-09	5.60295809748e-08
1.22371898275e-09	7.1518648781e-09
1.22737179005e-09	-3.3829305579e-08
1.23102459735e-09	-6.74927633781e-08
1.23467740465e-09	-9.7391904319e-08
1.23833021195e-09	-1.27414551798e-07
1.24198301925e-09	-1.58664761329e-07
1.24563582655e-09	-1.87522516626e-07
1.24928863384e-09	-2.0598140793e-07
1.25294144114e-09	-2.04295616868e-07
1.25659424844e-09	-1.74985629542e-07
1.26024705574e-09	-1.16718346987e-07
1.26389986304e-09	-3.64989247714e-08
1.26755267034e-09	5.10046476165e-08
1.27120547764e-09	1.27334303102e-07
1.27485828494e-09	1.76343917246e-07
1.27851109224e-09	1.90255235566e-07
1.28216389954e-09	1.72858591441e-07
1.28581670684e-09	1.37909410114e-07
1.28946951413e-09	1.02946358993e-07
1.29312232143e-09	8.11673359635e-08
1.29677512873e-09	7.52550519678e-08
1.30042793603e-09	7.62874208249e-08
1.30408074333e-09	6.84053773625e-08
1.30773355063e-09	3.70840993469e-08
1.31138635793e-09	-2.28636309885e-08
1.31503916523e-09	-1.03256240891e-07
1.31869197253e-09	-1.84366456324e-07
1.32234477983e-09	-2.41948157509e-07
1.32599758712e-09	-2.56656051079e-07
1.32965039442e-09	-2.22019338025e-07
1.33330320172e-09	-1.47577154053e-07
1.33695600902e-09	-5.56133237239e-08
1.34060881632e-09	2.74543410228e-08
1.34426162362e-09	8.15503256035e-08
1.34791443092e-09	1.0071670431e-07
1.35156723822e-09	9.46030738191e-08
1.35522004552e-09	8.28703932143e-08
1.35887285282e-09	8.50531733931e-08
1.36252566012e-09	1.10632058181e-07
1.36617846741e-09	1.53978817252e-07
1.36983127471e-09	1.9649702665e-07
1.37348408201e-09	2.14893930206e-07
1.37713688931e-09	1.91763874113e-07
1.38078969661e-09	1.23771258131e-07
1.38444250391e-09	2.3931953308e-08
1.38809531121e-09	-8.28785005069e-08
1.39174811851e-09	-1.69228272284e-07
1.39540092581e-09	-2.15350866029e-07
1.39905373311e-09	-2.16099692807e-07
1.40270654041e-09	-1.818410027e-07
1.4063593477e-09	-1.33040259698e-07
1.410012155e-09	-9.09709285679e-08
1.4136649623e-09	-6.86232795033e-08
1.4173177696e-09	-6.57680701011e-08
1.4209705769e-09	-7.02192011204e-08
1.4246233842e-09	-6.4515567999e-08
1.4282761915e-09	-3.48277531259e-08
1.4319289988e-09	2.19866400641e-08
1.4355818061e-09	9.62457349374e-08
1.4392346134e-09	1.68961975078e-07
1.4428874207e-09	2.19249571387e-07
1.44654022799e-09	2.32325930938e-07
1.45019303529e-09	2.04814156746e-07
1.45384584259e-09	1.45434313481e-07
1.45749864989e-09	7.11842176315e-08
1.46115145719e-09	8.54665671568e-10
1.46480426449e-09	-5.14347320291e-08
1.46845707179e-09	-8.02862984983e-08
1.47210987909e-09	-8.94016807251e-08
1.47576268639e-09	-8.85153639274e-08
1.47941549369e-09	-8.83711521737e-08
1.48306830099e-09	-9.58288666197e-08
1.48672110828e-09	-1.109897525e-07
1.49037391558e-09	-1.27324895516e-07
1.49402672288e-09	-1.3457574255e-07
1.49767953018e-09	-1.23131314922e-07
1.50133233748e-09	-8.81051818169e-08
1.50498514478e-09	-3.16007096046e-08
1.50863795208e-09	3.75254920471e-08
1.51229075938e-09	1.06116786469e-07
1.51594356668e-09	1.60419816098e-07
1.51959637398e-09	1.89857686905e-07
1.52324918128e-09	1.89863015976e-07
1.52690198857e-09	1.63071177894e-07
1.53055479587e-09	1.1850282533e-07
1.53420760317e-09	6.87779220243e-08
1.53786041047e-09	2.59835246652e-08
1.54151321777e-09	-2.51850451605e-09
1.54516602507e-09	-1.6690394844e-08
1.54881883237e-09	-2.35093366996e-08
1.55247163967e-09	-3.35488614667e-08
1.55612444697e-09	-5.57009656177e-08
1.55977725427e-09	-9.23055694102e-08
1.56343006157e-09	-1.36930538019e-07
1.56708286886e-09	-1.75953317694e-07
1.57073567616e-09	-1.93469134047e-07
1.57438848346e-09	-1.77658534994e-07
1.57804129076e-09	-1.26127972067e-07
1.58169409806e-09	-4.80476103348e-08
1.58534690536e-09	3.80235576358e-08
1.58899971266e-09	1.10204851467e-07
1.59265251996e-09	1.51229627932e-07
1.59630532726e-09	1.55151326453e-07
1.59995813456e-09	1.29763691348e-07
1.60361094186e-09	9.32010593147e-08
1.60726374915e-09	6.57625633949e-08
1.61091655645e-09	6.0463243301e-08
1.61456936375e-09	7.67672929669e-08
1.61822217105e-09	1.00661594615e-07
1.62187497835e-09	1.11235323175e-07
1.62552778565e-09	9.07623416424e-08
1.62918059295e-09	3.36205943086e-08
1.63283340025e-09	-5.00031163142e-08
1.63648620755e-09	-1.37251987553e-07
1.64013901485e-09	-2.01239473085e-07
1.64379182215e-09	-2.21631239583e-07
1.64744462944e-09	-1.92870771798e-07
1.65109743674e-09	-1.26650746779e-07
1.65475024404e-09	-4.73876120566e-08
1.65840305134e-09	1.7738075897e-08
1.66205585864e-09	5.01443651046e-08
1.66570866594e-09	4.76056456478e-08
1.66936147324e-09	2.46439988416e-08
1.67301428054e-09	5.07402297956e-09
1.67666708784e-09	1.00536929892e-08
1.68031989514e-09	4.73644767851e-08
1.68397270244e-09	1.07134923155e-07
1.68762550973e-09	1.66015766467e-07
1.69127831703e-09	1.97668157398e-07
1.69493112433e-09	1.84527436886e-07
1.69858393163e-09	1.25536601558e-07
1.70223673893e-09	3.67109187493e-08
1.70588954623e-09	-5.53389867264e-08
1.70954235353e-09	-1.23962408338e-07
1.71319516083e-09	-1.52736902237e-07
1.71684796813e-09	-1.41352728633e-07
1.72050077543e-09	-1.04741737061e-07
1.72415358273e-09	-6.57577317043e-08
1.72780639002e-09	-4.44782415343e-08
1.73145919732e-09	-4.89199436515e-08
1.73511200462e-09	-7.15789454375e-08
1.73876481192e-09	-9.35616242259e-08
1.74241761922e-09	-9.43102662632e-08
1.74607042652e-09	-6.20462756729e-08
1.74972323382e-09	2.5121682512e-10
1.75337604112e-09	7.60540359579e-08
1.75702884842e-09	1.42650193879e-07
1.76068165572e-09	1.80747122158e-07
1.76433446302e-09	1.81809781452e-07
1.76798727031e-09	1.50277031707e-07
1.77164007761e-09	1.00415910254e-07
1.77529288491e-09	4.97450187709e-08
1.77894569221e-09	1.19512311159e-08
1.78259849951e-09	-7.94787347047e-09
1.78625130681e-09	-1.44520235779e-08
1.78990411411e-09	-1.82105353019e-08
1.79355692141e-09	-2.9948648006e-08
1.79720972871e-09	-5.45222178516e-08
1.80086253601e-09	-8.8064531667e-08
1.80451534331e-09	-1.19747369354e-07
1.8081681506e-09	-1.3721152925e-07
1.8118209579e-09	-1.32658158236e-07
1.8154737652e-09	-1.06276999645e-07
1.8191265725e-09	-6.53930243288e-08
1.8227793798e-09	-2.03081054195e-08
1.8264321871e-09	2.04293648665e-08
1.8300849944e-09	5.27148351637e-08
1.8337378017e-09	7.66044792044e-08
1.837390609e-09	9.40205353572e-08
1.8410434163e-09	1.06278179146e-07
1.8446962236e-09	1.1284176793e-07
1.84834903089e-09	1.11659588242e-07
1.85200183819e-09	1.00567397965e-07
1.85565464549e-09	7.89373544308e-08
1.85930745279e-09	4.88147939848e-08
1.86296026009e-09	1.49406709227e-08
1.86661306739e-09	-1.66360933918e-08
1.87026587469e-09	-4.10213232271e-08
1.87391868199e-09	-5.68517251054e-08
1.87757148929e-09	-6.70155060334e-08
1.88122429659e-09	-7.67678116631e-08
1.88487710389e-09	-8.98834713325e-08
1.88852991118e-09	-1.05079543289e-07
1.89218271848e-09	-1.15237426712e-07
1.89583552578e-09	-1.10492443639e-07
1.89948833308e-09	-8.38167864003e-08
1.90314114038e-09	-3.59461118649e-08
1.90679394768e-09	2.33409256367e-08
1.91044675498e-09	7.85663090141e-08
1.91409956228e-09	1.14923878414e-07
1.91775236958e-09	1.24522046008e-07
1.92140517688e-09	1.09554527228e-07
1.92505798417e-09	8.10624669612e-08
1.92871079147e-09	5.39289999324e-08
1.93236359877e-09	4.02272490874e-08
1.93601640607e-09	4.3652818249e-08
1.93966921337e-09	5.74596121794e-08
1.94332202067e-09	6.71466295898e-08
1.94697482797e-09	5.72388216824e-08
1.95062763527e-09	1.94411811094e-08
1.95428044257e-09	-4.17453591695e-08
1.95793324987e-09	-1.09200939846e-07
1.96158605717e-09	-1.5978523038e-07
1.96523886446e-09	-1.74596493707e-07
1.96889167176e-09	-1.47900692582e-07
1.97254447906e-09	-9.01418815147e-08
1.97619728636e-09	-2.33878409972e-08
1.97985009366e-09	2.858241821e-08
1.98350290096e-09	5.07307049702e-08
1.98715570826e-09	4.28787174656e-08
1.99080851556e-09	1.89024653707e-08
1.99446132286e-09	-3.36853211991e-10
1.99811413016e-09	2.98333802107e-09
2.00176693746e-09	3.50424969042e-08
2.00541974475e-09	8.68820819733e-08
2.00907255205e-09	1.37651980481e-07
2.01272535935e-09	1.63480351034e-07
2.01637816665e-09	1.48326833482e-07
2.02003097395e-09	9.19596487847e-08
2.02368378125e-09	1.10965698852e-08
2.02733658855e-09	-6.72794229217e-08
2.03098939585e-09	-1.17605736705e-07
2.03464220315e-09	-1.26932562239e-07
2.03829501045e-09	-1.00183591201e-07
2.04194781775e-09	-5.6962782935e-08
2.04560062504e-09	-2.16260467312e-08
2.04925343234e-09	-1.15985114846e-08
2.05290623964e-09	-2.95300992548e-08
2.05655904694e-09	-6.27130276598e-08
2.06021185424e-09	-8.96117740012e-08
2.06386466154e-09	-9.01997765368e-08
2.06751746884e-09	-5.5396998988e-08
2.07117027614e-09	8.42437408721e-09
2.07482308344e-09	8.16985945562e-08
2.07847589074e-09	1.39705960578e-07
2.08212869804e-09	1.62995064557e-07
2.08578150533e-09	1.45661260831e-07
2.08943431263e-09	9.77089058551e-08
2.09308711993e-09	4.02646449515e-08
2.09673992723e-09	-4.24258450593e-09
2.10039273453e-09	-2.22786411541e-08
2.10404554183e-09	-1.48377576892e-08
2.10769834913e-09	4.16496348521e-09
2.11135115643e-09	1.57208486229e-08
2.11500396373e-09	5.65856561607e-09
2.11865677103e-09	-2.82846706057e-08
2.12230957833e-09	-7.54894884381e-08
2.12596238562e-09	-1.17614341377e-07
2.12961519292e-09	-1.37065327976e-07
2.13326800022e-09	-1.24724238049e-07
2.13692080752e-09	-8.36278957195e-08
2.14057361482e-09	-2.73163074382e-08
2.14422642212e-09	2.61375170396e-08
2.14787922942e-09	6.17143101067e-08
2.15153203672e-09	7.33906659889e-08
2.15518484402e-09	6.58840093593e-08
2.15883765132e-09	5.14599278745e-08
2.16249045862e-09	4.33085212137e-08
2.16614326591e-09	4.86989684134e-08
2.16979607321e-09	6.53418581464e-08
2.17344888051e-09	8.28042772127e-08
2.17710168781e-09	8.81873631897e-08
2.18075449511e-09	7.30114493308e-08
2.18440730241e-09	3.76820921133e-08
2.18806010971e-09	-8.65412985718e-09
2.19171291701e-09	-5.25018499786e-08
2.19536572431e-09	-8.21352443836e-08
2.19901853161e-09	-9.23232761352e-08
2.20267133891e-09	-8.55999786609e-08
2.2063241462e-09	-6.99318150055e-08
2.2099769535e-09	-5.43012959042e-08
2.2136297608e-09	-4.44118555265e-08
2.2172825681e-09	-4.03838100738e-08
2.2209353754e-09	-3.73014827915e-08
2.2245881827e-09	-2.8241696981e-08
2.22824099e-09	-8.36135871651e-09
2.2318937973e-09	2.19143778679e-08
2.2355466046e-09	5.62706183871e-08
2.2391994119e-09	8.49655350521e-08
2.2428522192e-09	9.92915332176e-08
2.24650502649e-09	9.5749612683e-08
2.25015783379e-09	7.76528565893e-08
2.25381064109e-09	5.3217124929e-08
2.25746344839e-09	3.11929149177e-08
2.26111625569e-09	1.64881086562e-08
2.26476906299e-09	8.19375234329e-09
2.26842187029e-09	9.57517620748e-10
2.27207467759e-09	-1.12745208725e-08
2.27572748489e-09	-3.1333147632e-08
2.27938029219e-09	-5.68089610908e-08
2.28303309949e-09	-8.0830027116e-08
2.28668590678e-09	-9.50788177079e-08
2.29033871408e-09	-9.35261965651e-08
2.29399152138e-09	-7.52020952177e-08
2.29764432868e-09	-4.48364083638e-08
2.30129713598e-09	-1.10731868119e-08
2.30494994328e-09	1.70549174783e-08
2.30860275058e-09	3.39241523761e-08
2.31225555788e-09	3.96182713303e-08
2.31590836518e-09	3.94804260395e-08
2.31956117248e-09	4.09436324844e-08
2.32321397978e-09	4.91489444698e-08
2.32686678707e-09	6.3702685793e-08
2.33051959437e-09	7.84414808663e-08
2.33417240167e-09	8.44729441951e-08
2.33782520897e-09	7.48883905999e-08
2.34147801627e-09	4.85943445483e-08
2.34513082357e-09	1.12369660243e-08
2.34878363087e-09	-2.7172834649e-08
2.35243643817e-09	-5.658324298e-08
2.35608924547e-09	-7.09868572812e-08
2.35974205277e-09	-7.04245692873e-08
2.36339486007e-09	-6.02327503429e-08
2.36704766736e-09	-4.81170658873e-08
2.37070047466e-09	-4.04411863997e-08
2.37435328196e-09	-3.93234458329e-08
2.37800608926e-09	-4.17567278532e-08
2.38165889656e-09	-4.11917433496e-08
2.38531170386e-09	-3.09863494863e-08
2.38896451116e-09	-8.18404011227e-09
2.39261731846e-09	2.42684556895e-08
2.39627012576e-09	5.81741375072e-08
2.39992293306e-09	8.34962321505e-08
2.40357574036e-09	9.28879515527e-08
2.40722854765e-09	8.49865031682e-08
2.41088135495e-09	6.47411937393e-08
2.41453416225e-09	4.06779925299e-08
2.41818696955e-09	2.06650341283e-08
2.42183977685e-09	8.44746850248e-09
2.42549258415e-09	2.60323895773e-09
2.42914539145e-09	-1.84706250295e-09
2.43279819875e-09	-1.02783683786e-08
2.43645100605e-09	-2.54153018631e-08
2.44010381335e-09	-4.5755502498e-08
2.44375662065e-09	-6.60107772887e-08
2.44740942794e-09	-7.92625058921e-08
2.45106223524e-09	-7.99134554086e-08
2.45471504254e-09	-6.62253185624e-08
2.45836784984e-09	-4.131565845e-08
2.46202065714e-09	-1.203876554e-08
2.46567346444e-09	1.38901850022e-08
2.46932627174e-09	3.12208001674e-08
2.47297907904e-09	3.92505938862e-08
2.47663188634e-09	4.15201206749e-08
2.48028469364e-09	4.32764331038e-08
2.48393750094e-09	4.81564086385e-08
2.48759030823e-09	5.59869590688e-08
2.49124311553e-09	6.29050518342e-08
2.49489592283e-09	6.35956709516e-08
2.49854873013e-09	5.42625038236e-08
2.50220153743e-09	3.46887603087e-08
2.50585434473e-09	8.43949532481e-09
2.50950715203e-09	-1.86553847925e-08
2.51315995933e-09	-4.08151272779e-08
2.51681276663e-09	-5.4342010003e-08
2.52046557393e-09	-5.86344341968e-08
2.52411838122e-09	-5.59308759307e-08
2.52777118852e-09	-4.99677739185e-08
2.53142399582e-09	-4.40844516447e-08
2.53507680312e-09	-3.95669488285e-08
2.53872961042e-09	-3.50544766548e-08
2.54238241772e-09	-2.74395368649e-08
2.54603522502e-09	-1.39224631823e-08
2.54968803232e-09	5.87636161953e-09
2.55334083962e-09	2.90332256014e-08
2.55699364692e-09	5.03069088609e-08
2.56064645422e-09	6.45038582547e-08
2.56429926151e-09	6.88514774083e-08
2.56795206881e-09	6.40137187702e-08
2.57160487611e-09	5.32700639155e-08
2.57525768341e-09	4.051783975e-08
2.57891049071e-09	2.83670260615e-08
2.58256329801e-09	1.73385750202e-08
2.58621610531e-09	6.36186392455e-09
2.58986891261e-09	-5.98069593849e-09
2.59352171991e-09	-2.0248695165e-08
2.59717452721e-09	-3.55128584317e-08
2.60082733451e-09	-4.94468892498e-08
2.6044801418e-09	-5.90330486716e-08
2.6081329491e-09	-6.16539139742e-08
2.6117857564e-09	-5.62181163843e-08
2.6154385637e-09	-4.38185807639e-08
2.619091371e-09	-2.74631428709e-08
2.6227441783e-09	-1.0810815354e-08
2.6263969856e-09	3.51363360629e-09
2.6300497929e-09	1.50279202416e-08
2.6337026002e-09	2.51470808621e-08
2.6373554075e-09	3.56589886508e-08
2.6410082148e-09	4.69067629183e-08
2.64466102209e-09	5.69436231501e-08
2.64831382939e-09	6.23071656491e-08
2.65196663669e-09	5.99528249268e-08
2.65561944399e-09	4.91070828446e-08
2.65927225129e-09	3.18883550676e-08
2.66292505859e-09	1.23787220474e-08
2.66657786589e-09	-5.21808463105e-09
2.67023067319e-09	-1.82767081469e-08
2.67388348049e-09	-2.65093191842e-08
2.67753628779e-09	-3.15880441804e-08
2.68118909509e-09	-3.59520946347e-08
2.68484190238e-09	-4.13377243547e-08
2.68849470968e-09	-4.75998263028e-08
2.69214751698e-09	-5.23482057702e-08
2.69580032428e-09	-5.17469302963e-08
2.69945313158e-09	-4.23787476223e-08
2.70310593888e-09	-2.34256489762e-08
2.70675874618e-09	2.04900940659e-09
2.71041155348e-09	2.77284186723e-08
2.71406436078e-09	4.66002418875e-08
2.71771716808e-09	5.42405658166e-08
2.72136997538e-09	5.09812814187e-08
2.72502278267e-09	4.16255119262e-08
2.72867558997e-09	3.27774962727e-08
2.73232839727e-09	2.92592865492e-08
2.73598120457e-09	3.15872341616e-08
2.73963401187e-09	3.58109844001e-08
2.74328681917e-09	3.56868881113e-08
2.74693962647e-09	2.59913335299e-08
2.75059243377e-09	5.36868949297e-09
2.75424524107e-09	-2.25349374716e-08
2.75789804837e-09	-5.01221357752e-08
2.76155085567e-09	-6.87072443384e-08
2.76520366296e-09	-7.21250472679e-08
2.76885647026e-09	-5.95942282189e-08
2.77250927756e-09	-3.64292347399e-08
2.77616208486e-09	-1.19532748144e-08
2.77981489216e-09	4.7158574823e-09
2.78346769946e-09	9.06668073952e-09
2.78712050676e-09	3.46235506932e-09
2.79077331406e-09	-4.11601508432e-09
2.79442612136e-09	-4.36735270171e-09
2.79807892866e-09	8.19812040476e-09
2.80173173596e-09	3.20239514906e-08
2.80538454325e-09	5.88754645037e-08
2.80903735055e-09	7.75874298142e-08
2.81269015785e-09	7.92713521491e-08
2.81634296515e-09	6.14665296439e-08
2.81999577245e-09	2.93831003972e-08
2.82364857975e-09	-6.2158127534e-09
2.82730138705e-09	-3.35192069656e-08
2.83095419435e-09	-4.46494539119e-08
2.83460700165e-09	-3.90079790691e-08
2.83825980895e-09	-2.34537900212e-08
2.84191261625e-09	-9.03993147006e-09
2.84556542354e-09	-5.59867086025e-09
2.84921823084e-09	-1.66681815017e-08
2.85287103814e-09	-3.73539670306e-08
2.85652384544e-09	-5.64305793205e-08
2.86017665274e-09	-6.1838996146e-08
2.86382946004e-09	-4.68634411277e-08
2.86748226734e-09	-1.38124907068e-08
2.87113507464e-09	2.66998227971e-08
2.87478788194e-09	6.04960490591e-08
2.87844068924e-09	7.62098508744e-08
2.88209349654e-09	7.02179434597e-08
2.88574630383e-09	4.79167141521e-08
2.88939911113e-09	2.09338448798e-08
2.89305191843e-09	1.68094604902e-09
2.89670472573e-09	-2.29227792303e-09
2.90035753303e-09	8.33371327502e-09
2.90401034033e-09	2.50570568738e-08
2.90766314763e-09	3.56485045927e-08
2.91131595493e-09	3.01813862791e-08
2.91496876223e-09	6.21554407942e-09
2.91862156953e-09	-2.94463262662e-08
2.92227437683e-09	-6.34964578694e-08
2.92592718412e-09	-8.2196486062e-08
2.92957999142e-09	-7.78559012815e-08
2.93323279872e-09	-5.24794678824e-08
2.93688560602e-09	-1.67581966082e-08
2.94053841332e-09	1.50395642606e-08
2.94419122062e-09	3.16919965826e-08
2.94784402792e-09	2.99402920234e-08
2.95149683522e-09	1.54696309096e-08
2.95514964252e-09	-2.99036129192e-10
2.95880244982e-09	-5.94455684677e-09
2.96245525712e-09	4.38999148145e-09
2.96610806441e-09	2.80993859292e-08
2.96976087171e-09	5.51714975927e-08
2.97341367901e-09	7.27381745946e-08
2.97706648631e-09	7.10986682861e-08
2.98071929361e-09	4.84477062912e-08
2.98437210091e-09	1.20112373381e-08
2.98802490821e-09	-2.50695144643e-08
2.99167771551e-09	-4.97073777694e-08
2.99533052281e-09	-5.4811273742e-08
2.99898333011e-09	-4.22849666393e-08
3.00263613741e-09	-2.16419842047e-08
3.0062889447e-09	-5.01560570854e-09
3.009941752e-09	-1.12985065748e-09
3.0135945593e-09	-1.11938316394e-08
3.0172473666e-09	-2.86058305932e-08
3.0209001739e-09	-4.24245634179e-08
3.0245529812e-09	-4.28126334384e-08
3.0282057885e-09	-2.5856225605e-08
3.0318585958e-09	4.43674785799e-09
3.0355114031e-09	3.78091513653e-08
3.0391642104e-09	6.23073574957e-08
3.0428170177e-09	6.96173145798e-08
3.04646982499e-09	5.87141073538e-08
3.05012263229e-09	3.6108296797e-08
3.05377543959e-09	1.25538095475e-08
3.05742824689e-09	-2.18201567925e-09
3.06108105419e-09	-3.91021970358e-09
3.06473386149e-09	4.29017088521e-09
3.06838666879e-09	1.40625751044e-08
3.07203947609e-09	1.63417173127e-08
3.07569228339e-09	6.13134965022e-09
3.07934509069e-09	-1.48966332603e-08
3.08299789799e-09	-3.91749139794e-08
3.08665070528e-09	-5.6875578025e-08
3.09030351258e-09	-6.05552017419e-08
3.09395631988e-09	-4.85723568033e-08
3.09760912718e-09	-2.57217767086e-08
3.10126193448e-09	-8.70700622713e-10
3.10491474178e-09	1.72221561456e-08
3.10856754908e-09	2.38950619291e-08
3.11222035638e-09	2.04771843926e-08
3.11587316368e-09	1.31834561046e-08
3.11952597098e-09	9.58715418165e-09
3.12317877827e-09	1.44696485904e-08
3.12683158557e-09	2.71860365331e-08
3.13048439287e-09	4.19153778353e-08
3.13413720017e-09	5.06577322312e-08
3.13779000747e-09	4.74076102819e-08
3.14144281477e-09	3.13315524636e-08
3.14509562207e-09	7.33694882626e-09
3.14874842937e-09	-1.62204969456e-08
3.15240123667e-09	-3.1494082009e-08
3.15605404397e-09	-3.47822606273e-08
3.15970685127e-09	-2.80734013813e-08
3.16335965856e-09	-1.77727486061e-08
3.16701246586e-09	-1.12657314588e-08
3.17066527316e-09	-1.30096111661e-08
3.17431808046e-09	-2.21068763295e-08
3.17797088776e-09	-3.26272697748e-08
3.18162369506e-09	-3.6609002052e-08
3.18527650236e-09	-2.83058003703e-08
3.18892930966e-09	-7.52319806452e-09
3.19258211696e-09	1.9739875512e-08
3.19623492426e-09	4.38074287956e-08
3.19988773156e-09	5.58300712328e-08
3.20354053885e-09	5.20405549764e-08
3.20719334615e-09	3.56035592119e-08
3.21084615345e-09	1.5094000716e-08
3.21449896075e-09	3.2752134338e-10
3.21815176805e-09	-2.43098252639e-09
3.22180457535e-09	6.45322284498e-09
3.22545738265e-09	2.01238350428e-08
3.22911018995e-09	2.85775012543e-08
3.23276299725e-09	2.3682275696e-08
3.23641580455e-09	3.50196582843e-09
3.24006861185e-09	-2.61935504398e-08
3.24372141914e-09	-5.41125899645e-08
3.24737422644e-09	-6.8458689384e-08
3.25102703374e-09	-6.24943652383e-08
3.25467984104e-09	-3.79644546911e-08
3.25833264834e-09	-4.60894966636e-09
3.26198545564e-09	2.41445459181e-08
3.26563826294e-09	3.73378306051e-08
3.26929107024e-09	3.1548491819e-08
3.27294387754e-09	1.24191608109e-08
3.27659668484e-09	-8.101144644e-09
3.28024949214e-09	-1.7513078987e-08
3.28390229943e-09	-8.81545059173e-09
3.28755510673e-09	1.59705706437e-08
3.29120791403e-09	4.64516638488e-08
3.29486072133e-09	6.84356464831e-08
3.29851352863e-09	7.04014837538e-08
3.30216633593e-09	4.89533356074e-08
3.30581914323e-09	1.07329878318e-08
3.30947195053e-09	-3.01901046385e-08
3.31312475783e-09	-5.83881245575e-08
3.31677756513e-09	-6.38974526623e-08
3.32043037243e-09	-4.6645649121e-08
3.32408317972e-09	-1.63901905381e-08
3.32773598702e-09	1.18506022773e-08
3.33138879432e-09	2.47547458088e-08
3.33504160162e-09	1.68068829964e-08
3.33869440892e-09	-7.25268467505e-09
3.34234721622e-09	-3.47174378135e-08
3.34600002352e-09	-5.08188122694e-08
3.34965283082e-09	-4.55320403603e-08
3.35330563812e-09	-1.82263324433e-08
3.35695844542e-09	2.1873454159e-08
3.36061125272e-09	5.95790083935e-08
3.36426406001e-09	8.02640727215e-08
3.36791686731e-09	7.61579599384e-08
3.37156967461e-09	4.96518524074e-08
3.37522248191e-09	1.21565086886e-08
3.37887528921e-09	-2.0973281778e-08
3.38252809651e-09	-3.71700927815e-08
3.38618090381e-09	-3.20167217183e-08
3.38983371111e-09	-1.08545883393e-08
3.39348651841e-09	1.39920102171e-08
3.39713932571e-09	2.90131012548e-08
3.40079213301e-09	2.56404586452e-08
3.4044449403e-09	3.98730293227e-09
3.4080977476e-09	-2.73422440245e-08
3.4117505549e-09	-5.51274297322e-08
3.4154033622e-09	-6.72759910003e-08
3.4190561695e-09	-5.79397223532e-08
3.4227089768e-09	-2.9870712126e-08
3.4263617841e-09	6.86472789724e-09
3.4300145914e-09	3.91655916587e-08
3.4336673987e-09	5.62908262225e-08
3.437320206e-09	5.40741780242e-08
3.4409730133e-09	3.6234499845e-08
3.44462582059e-09	1.23374341854e-08
3.44827862789e-09	-6.56946186339e-09
3.45193143519e-09	-1.2681931949e-08
3.45558424249e-09	-4.50398696117e-09
3.45923704979e-09	1.29234072332e-08
3.46288985709e-09	3.05211926843e-08
3.46654266439e-09	3.91804810818e-08
3.47019547169e-09	3.35447900568e-08
3.47384827899e-09	1.40917748581e-08
3.47750108629e-09	-1.31806352499e-08
3.48115389359e-09	-3.91898069552e-08
3.48480670088e-09	-5.52773506968e-08
3.48845950818e-09	-5.64147342175e-08
3.49211231548e-09	-4.29068585106e-08
3.49576512278e-09	-2.00326297772e-08
3.49941793008e-09	4.14355749712e-09
3.50307073738e-09	2.18614495395e-08
3.50672354468e-09	2.84431571629e-08
3.51037635198e-09	2.37592665542e-08
3.51402915928e-09	1.19382681518e-08
3.51768196658e-09	-4.47076042853e-10
3.52133477388e-09	-6.98749946793e-09
3.52498758117e-09	-3.89579124516e-09
3.52864038847e-09	8.5229823199e-09
3.53229319577e-09	2.58939323317e-08
3.53594600307e-09	4.13143794731e-08
3.53959881037e-09	4.79184905089e-08
3.54325161767e-09	4.15673646614e-08
3.54690442497e-09	2.26413554572e-08
3.55055723227e-09	-3.81852061082e-09
3.55421003957e-09	-2.97637683389e-08
3.55786284687e-09	-4.70253205265e-08
3.56151565417e-09	-5.03486567993e-08
3.56516846146e-09	-3.94101746792e-08
3.56882126876e-09	-1.90099616049e-08
3.57247407606e-09	2.69515632034e-09
3.57612688336e-09	1.73139333981e-08
3.57977969066e-09	1.95550740045e-08
3.58343249796e-09	9.46180733763e-09
3.58708530526e-09	-7.43810613102e-09
3.59073811256e-09	-2.22878675515e-08
3.59439091986e-09	-2.66225637091e-08
3.59804372716e-09	-1.61470623539e-08
3.60169653446e-09	7.08611480604e-09
3.60534934175e-09	3.51628770545e-08
3.60900214905e-09	5.73685525751e-08
3.61265495635e-09	6.45790052545e-08
3.61630776365e-09	5.31182884345e-08
3.61996057095e-09	2.6429779254e-08
3.62361337825e-09	-6.15295103756e-09
3.62726618555e-09	-3.30591376496e-08
3.63091899285e-09	-4.50839650057e-08
3.63457180015e-09	-3.9090146231e-08
3.63822460745e-09	-1.92864249016e-08
3.64187741475e-09	4.51524284628e-09
3.64553022204e-09	2.10347295138e-08
3.64918302934e-09	2.23877751893e-08
3.65283583664e-09	7.59240492698e-09
3.65648864394e-09	-1.68718088389e-08
3.66014145124e-09	-3.97910469019e-08
3.66379425854e-09	-5.00797057157e-08
3.66744706584e-09	-4.1630961789e-08
3.67109987314e-09	-1.60180455566e-08
3.67475268044e-09	1.81000263666e-08
3.67840548774e-09	4.85287188212e-08
3.68205829503e-09	6.44675637318e-08
3.68571110233e-09	6.07598096281e-08
3.68936390963e-09	3.97932069518e-08
3.69301671693e-09	1.03846513611e-08
3.69666952423e-09	-1.58468758116e-08
3.70032233153e-09	-2.91661841345e-08
3.70397513883e-09	-2.56074343952e-08
3.70762794613e-09	-8.47950065719e-09
3.71128075343e-09	1.31643194123e-08
3.71493356073e-09	2.84764745118e-08
3.71858636803e-09	2.9503393506e-08
3.72223917532e-09	1.45707854671e-08
3.72589198262e-09	-1.10754729832e-08
3.72954478992e-09	-3.75574487066e-08
3.73319759722e-09	-5.44739187092e-08
3.73685040452e-09	-5.50228236307e-08
3.74050321182e-09	-3.85072880249e-08
3.74415601912e-09	-1.04031920856e-08
3.74780882642e-09	1.98326866041e-08
3.75146163372e-09	4.22785433329e-08
3.75511444102e-09	5.01152968013e-08
3.75876724832e-09	4.20180015226e-08
3.76242005561e-09	2.2537960831e-08
3.76607286291e-09	2.88322143938e-10
3.76972567021e-09	-1.54480268577e-08
3.77337847751e-09	-1.83993478231e-08
3.77703128481e-09	-7.79109399218e-09
3.78068409211e-09	1.14038289922e-08
3.78433689941e-09	3.05278398116e-08
3.78798970671e-09	4.07250411172e-08
3.79164251401e-09	3.64191130586e-08
3.79529532131e-09	1.74753740367e-08
3.79894812861e-09	-1.06522577425e-08
3.8026009359e-09	-3.87581096106e-08
3.8062537432e-09	-5.70644616005e-08
3.8099065505e-09	-5.87386921325e-08
3.8135593578e-09	-4.25855120056e-08
3.8172121651e-09	-1.38680400497e-08
3.8208649724e-09	1.72891763128e-08
3.8245177797e-09	3.95899064642e-08
3.828170587e-09	4.50439010535e-08
3.8318233943e-09	3.23800826152e-08
3.8354762016e-09	7.80649145327e-09
3.8391290089e-09	-1.73832788164e-08
3.84278181619e-09	-3.14469161822e-08
3.84643462349e-09	-2.71493760806e-08
3.85008743079e-09	-4.95922103383e-09
3.85374023809e-09	2.6840098144e-08
3.85739304539e-09	5.52212853222e-08
3.86104585269e-09	6.75325253496e-08
3.86469865999e-09	5.67418787512e-08
3.86835146729e-09	2.47449989388e-08
3.87200427459e-09	-1.77569052795e-08
3.87565708189e-09	-5.50687353496e-08
3.87930988919e-09	-7.27469497974e-08
3.88296269648e-09	-6.37864232544e-08
3.88661550378e-09	-3.19873620924e-08
3.89026831108e-09	9.23867204961e-09
3.89392111838e-09	4.23777848368e-08
3.89757392568e-09	5.33402442215e-08
3.90122673298e-09	3.76777364863e-08
3.90487954028e-09	2.67611088844e-09
3.90853234758e-09	-3.56474885166e-08
3.91218515488e-09	-5.93647158098e-08
3.91583796218e-09	-5.63668969278e-08
3.91949076948e-09	-2.57440824214e-08
3.92314357677e-09	2.14549444877e-08
3.92679638407e-09	6.64967458874e-08
3.93044919137e-09	9.06389203692e-08
3.93410199867e-09	8.31135693602e-08
3.93775480597e-09	4.60277647107e-08
3.94140761327e-09	-6.10511330379e-09
3.94506042057e-09	-5.22655838608e-08
3.94871322787e-09	-7.38854595284e-08
3.95236603517e-09	-6.29494181226e-08
3.95601884247e-09	-2.55533905147e-08
3.95967164977e-09	2.07692494314e-08
3.96332445706e-09	5.47978409315e-08
3.96697726436e-09	6.09697039522e-08
3.97063007166e-09	3.61665293269e-08
3.97428287896e-09	-8.98546304029e-09
3.97793568626e-09	-5.47580327748e-08
3.98158849356e-09	-8.08161857435e-08
3.98524130086e-09	-7.49259783106e-08
3.98889410816e-09	-3.82199232263e-08
3.99254691546e-09	1.51724055542e-08
3.99619972276e-09	6.40055262124e-08
3.99985253006e-09	8.88806965804e-08
4.00350533735e-09	8.04902384743e-08
4.00715814465e-09	4.35558149547e-08
4.01081095195e-09	-5.32923305485e-09
4.01446375925e-09	-4.50406894004e-08
4.01811656655e-09	-5.91759778956e-08
4.02176937385e-09	-4.30669864215e-08
4.02542218115e-09	-5.46316147876e-09
4.02907498845e-09	3.57071954227e-08
4.03272779575e-09	6.14218933492e-08
4.03638060305e-09	5.98144183073e-08
4.04003341035e-09	3.10440917417e-08
4.04368621764e-09	-1.3108459207e-08
4.04733902494e-09	-5.45005889308e-08
4.05099183224e-09	-7.63497638445e-08
4.05464463954e-09	-7.01532485436e-08
4.05829744684e-09	-3.89789498456e-08
4.06195025414e-09	4.13602929683e-09
4.06560306144e-09	4.19079206893e-08
4.06925586874e-09	6.01470517836e-08
4.07290867604e-09	5.35391642131e-08
4.07656148334e-09	2.74137939016e-08
4.08021429064e-09	-5.13477660391e-09
4.08386709793e-09	-2.93021678033e-08
4.08751990523e-09	-3.49832056656e-08
4.09117271253e-09	-2.07211634518e-08
4.09482551983e-09	6.30927088352e-09
4.09847832713e-09	3.39252288484e-08
4.10213113443e-09	5.03095236581e-08
4.10578394173e-09	4.87550124717e-08
4.10943674903e-09	2.99575830809e-08
4.11308955633e-09	1.20864962483e-09
4.11674236363e-09	-2.68885820276e-08
4.12039517093e-09	-4.46911982976e-08
4.12404797822e-09	-4.70682763876e-08
4.12770078552e-09	-3.49219249074e-08
4.13135359282e-09	-1.42626870314e-08
4.13500640012e-09	6.59292886951e-09
4.13865920742e-09	2.04050145669e-08
4.14231201472e-09	2.35603483389e-08
4.14596482202e-09	1.6884960985e-08
4.14961762932e-09	4.66849670033e-09
4.15327043662e-09	-7.39279482076e-09
4.15692324392e-09	-1.43529526042e-08
4.16057605122e-09	-1.3504406482e-08
4.16422885851e-09	-4.91967711014e-09
4.16788166581e-09	8.83172024402e-09
4.17153447311e-09	2.35221744305e-08
4.17518728041e-09	3.44253194839e-08
4.17884008771e-09	3.76261368729e-08
4.18249289501e-09	3.12452925755e-08
4.18614570231e-09	1.62417368443e-08
4.18979850961e-09	-3.56665608159e-09
4.19345131691e-09	-2.2447679271e-08
4.19710412421e-09	-3.45080266584e-08
4.20075693151e-09	-3.57474831958e-08
4.2044097388e-09	-2.56873526894e-08
4.2080625461e-09	-7.89767895526e-09
4.2117153534e-09	1.09585300834e-08
4.2153681607e-09	2.34230554952e-08
4.219020968e-09	2.4173502311e-08
4.2226737753e-09	1.24635235466e-08
4.2263265826e-09	-7.06374114756e-09
4.2299793899e-09	-2.58078998172e-08
4.2336321972e-09	-3.45806014934e-08
4.2372850045e-09	-2.76390590415e-08
4.2409378118e-09	-5.61943336308e-09
4.24459061909e-09	2.40962023668e-08
4.24824342639e-09	4.99987216074e-08
4.25189623369e-09	6.11298389686e-08
4.25554904099e-09	5.18751051004e-08
4.25920184829e-09	2.47445974821e-08
4.26285465559e-09	-1.02126316293e-08
4.26650746289e-09	-3.93040089364e-08
4.27016027019e-09	-5.0878401936e-08
4.27381307749e-09	-4.04086932804e-08
4.27746588479e-09	-1.27152057772e-08
4.28111869208e-09	1.97988718753e-08
4.28477149938e-09	4.23248316395e-08
4.28842430668e-09	4.41076295488e-08
4.29207711398e-09	2.33708110642e-08
4.29572992128e-09	-1.15558416169e-08
4.29938272858e-09	-4.5560433648e-08
4.30303553588e-09	-6.31989252042e-08
4.30668834318e-09	-5.55008767833e-08
4.31034115048e-09	-2.41233433229e-08
4.31399395778e-09	1.90447870807e-08
4.31764676508e-09	5.67556881492e-08
4.32129957237e-09	7.37100975812e-08
4.32495237967e-09	6.31551841934e-08
4.32860518697e-09	2.98869906601e-08
4.33225799427e-09	-1.17140963596e-08
4.33591080157e-09	-4.38340101994e-08
4.33956360887e-09	-5.29303818553e-08
4.34321641617e-09	-3.56343292651e-08
4.34686922347e-09	-2.30595875728e-10
4.35052203077e-09	3.69695136726e-08
4.35417483807e-09	5.87900963467e-08
4.35782764537e-09	5.47376970417e-08
4.36148045266e-09	2.5619286248e-08
4.36513325996e-09	-1.67771663229e-08
4.36878606726e-09	-5.47689005259e-08
4.37243887456e-09	-7.23810558156e-08
4.37609168186e-09	-6.21718427851e-08
4.37974448916e-09	-2.83543464263e-08
4.38339729646e-09	1.5082342486e-08
4.38705010376e-09	5.04031589799e-08
4.39070291106e-09	6.3694223229e-08
4.39435571836e-09	5.07050046394e-08
4.39800852566e-09	1.84656023805e-08
4.40166133295e-09	-1.79858847815e-08
4.40531414025e-09	-4.2281744328e-08
4.40896694755e-09	-4.38474039299e-08
4.41261975485e-09	-2.23508322961e-08
4.41627256215e-09	1.24036265703e-08
4.41992536945e-09	4.49597656882e-08
4.42357817675e-09	6.0992462636e-08
4.42723098405e-09	5.33890478494e-08
4.43088379135e-09	2.50704310645e-08
4.43453659865e-09	-1.2505804392e-08
4.43818940595e-09	-4.43563195063e-08
4.44184221324e-09	-5.82702810448e-08
4.44549502054e-09	-4.97438179536e-08
4.44914782784e-09	-2.35495534184e-08
4.45280063514e-09	8.60013393833e-09
4.45645344244e-09	3.32072076503e-08
4.46010624974e-09	4.07108124989e-08
4.46375905704e-09	2.93308275445e-08
4.46741186434e-09	5.44976641592e-09
4.47106467164e-09	-1.95033411643e-08
4.47471747894e-09	-3.4172241925e-08
4.47837028624e-09	-3.20920392483e-08
4.48202309353e-09	-1.41680143173e-08
4.48567590083e-09	1.20820189409e-08
4.48932870813e-09	3.59660923266e-08
4.49298151543e-09	4.81201034574e-08
4.49663432273e-09	4.41740013457e-08
4.50028713003e-09	2.61934403056e-08
4.50393993733e-09	1.50612700089e-09
4.50759274463e-09	-2.04592947028e-08
4.51124555193e-09	-3.19713571173e-08
4.51489835923e-09	-2.99195725972e-08
4.51855116653e-09	-1.67470197709e-08
4.52220397382e-09	9.01424712652e-10
4.52585678112e-09	1.51572994156e-08
4.52950958842e-09	2.02248831016e-08
4.53316239572e-09	1.45967460341e-08
4.53681520302e-09	1.34177335909e-09
4.54046801032e-09	-1.34910944638e-08
4.54412081762e-09	-2.35164101525e-08
4.54777362492e-09	-2.4529057896e-08
4.55142643222e-09	-1.594542276e-08
4.55507923952e-09	-7.6531125881e-10
4.55873204682e-09	1.5739725967e-08
4.56238485411e-09	2.80253100726e-08
4.56603766141e-09	3.22354516413e-08
4.56969046871e-09	2.74793041655e-08
4.57334327601e-09	1.60220849921e-08
4.57699608331e-09	2.32902563901e-09
4.58064889061e-09	-8.67719407438e-09
4.58430169791e-09	-1.34797248919e-08
4.58795450521e-09	-1.12108224926e-08
4.59160731251e-09	-3.80041109693e-09
4.59526011981e-09	4.96717511567e-09
4.59891292711e-09	1.10361728645e-08
4.6025657344e-09	1.16318457088e-08
4.6062185417e-09	6.22805451655e-09
4.609871349e-09	-3.34280580994e-09
4.6135241563e-09	-1.35901245812e-08
4.6171769636e-09	-2.06070538411e-08
4.6208297709e-09	-2.14704201085e-08
4.6244825782e-09	-1.53475223641e-08
4.6281353855e-09	-3.9078318359e-09
4.6317881928e-09	9.19153819723e-09
4.6354410001e-09	1.96318339363e-08
4.6390938074e-09	2.40853523792e-08
4.64274661469e-09	2.15104787316e-08
4.64639942199e-09	1.3515681907e-08
4.65005222929e-09	3.64229046923e-09
4.65370503659e-09	-4.11107592413e-09
4.65735784389e-09	-6.87780943309e-09
4.66101065119e-09	-3.98962018977e-09
4.66466345849e-09	2.85305734593e-09
4.66831626579e-09	1.03166746257e-08
4.67196907309e-09	1.47640690784e-08
4.67562188039e-09	1.36993767441e-08
4.67927468769e-09	6.79944323068e-09
4.68292749498e-09	-3.86773191252e-09
4.68658030228e-09	-1.45701486431e-08
4.69023310958e-09	-2.13551398787e-08
4.69388591688e-09	-2.16349249627e-08
4.69753872418e-09	-1.52479024962e-08
4.70119153148e-09	-4.51752724118e-09
4.70484433878e-09	6.7134982018e-09
4.70849714608e-09	1.46382665989e-08
4.71214995338e-09	1.69542531125e-08
4.71580276068e-09	1.36492799285e-08
4.71945556798e-09	6.85281342783e-09
4.72310837527e-09	-1.22044735429e-10
4.72676118257e-09	-4.12065714883e-09
4.73041398987e-09	-3.36649863542e-09
4.73406679717e-09	1.87240711824e-09
4.73771960447e-09	9.40415567641e-09
4.74137241177e-09	1.59708513081e-08
4.74502521907e-09	1.85389446017e-08
4.74867802637e-09	1.55219535003e-08
4.75233083367e-09	7.45018891024e-09
4.75598364097e-09	-3.19492743373e-09
4.75963644827e-09	-1.29196671139e-08
4.76328925556e-09	-1.85401862751e-08
4.76694206286e-09	-1.83644459639e-08
4.77059487016e-09	-1.27792141313e-08
4.77424767746e-09	-4.05086986177e-09
4.77790048476e-09	4.55745885475e-09
4.78155329206e-09	1.00123731528e-08
4.78520609936e-09	1.06332276317e-08
4.78885890666e-09	6.71350752768e-09
4.79251171396e-09	3.96536303793e-10
4.79616452126e-09	-5.16646014859e-09
4.79981732856e-09	-7.08121161708e-09
4.80347013585e-09	-3.91914412035e-09
4.80712294315e-09	3.62285179634e-09
4.81077575045e-09	1.29010802041e-08
4.81442855775e-09	2.03064125515e-08
4.81808136505e-09	2.2681851064e-08
4.82173417235e-09	1.86251529755e-08
4.82538697965e-09	9.14801834284e-09
4.82903978695e-09	-2.60792054618e-09
4.83269259425e-09	-1.25283960983e-08
4.83634540155e-09	-1.71432379403e-08
4.83999820885e-09	-1.50529970711e-08
4.84365101614e-09	-7.55228324323e-09
4.84730382344e-09	1.86214865749e-09
4.85095663074e-09	8.94923779526e-09
4.85460943804e-09	1.05447375276e-08
4.85826224534e-09	5.96237770267e-09
4.86191505264e-09	-2.65840749414e-09
4.86556785994e-09	-1.12313855993e-08
4.86922066724e-09	-1.54689683285e-08
4.87287347454e-09	-1.27643371428e-08
4.87652628184e-09	-3.40445027724e-09
4.88017908913e-09	9.41074596028e-09
4.88383189643e-09	2.08015116243e-08
4.88748470373e-09	2.62236596882e-08
4.89113751103e-09	2.34391777099e-08
4.89479031833e-09	1.3577036384e-08
4.89844312563e-09	7.44203199066e-10
4.90209593293e-09	-9.71568603347e-09
4.90574874023e-09	-1.35907392007e-08
4.90940154753e-09	-9.70728564198e-09
4.91305435483e-09	-4.63935806438e-10
4.91670716213e-09	9.28478183226e-09
4.92035996942e-09	1.4486571942e-08
4.92401277672e-09	1.22272849623e-08
4.92766558402e-09	3.07684611123e-09
4.93131839132e-09	-9.14839315413e-09
4.93497119862e-09	-1.90685103263e-08
4.93862400592e-09	-2.21104219378e-08
4.94227681322e-09	-1.65435416477e-08
4.94592962052e-09	-4.3066217259e-09
4.94958242782e-09	9.75029745831e-09
4.95323523512e-09	1.99395433498e-08
4.95688804242e-09	2.22603340205e-08
4.96054084971e-09	1.62423319239e-08
4.96419365701e-09	5.20869392062e-09
4.96784646431e-09	-5.25930099471e-09
4.97149927161e-09	-9.98050531109e-09
4.97515207891e-09	-6.68080835098e-09
4.97880488621e-09	2.90447532691e-09
4.98245769351e-09	1.38881848244e-08
4.98611050081e-09	2.06098427213e-08
4.98976330811e-09	1.93509954727e-08
4.99341611541e-09	1.0077934931e-08
4.99706892271e-09	-3.55999185686e-09
5.00072173e-09	-1.59012270018e-08
5.0043745373e-09	-2.18093703097e-08
5.0080273446e-09	-1.89476203616e-08
5.0116801519e-09	-8.82121486967e-09
5.0153329592e-09	3.86790510731e-09
5.0189857665e-09	1.33177548989e-08
5.0226385738e-09	1.53008095083e-08
5.0262913811e-09	9.20972986762e-09
5.0299441884e-09	-1.55499890742e-09
5.0335969957e-09	-1.11564188998e-08
5.037249803e-09	-1.41824809674e-08
5.04090261029e-09	-8.39385538853e-09
5.04455541759e-09	4.06198452652e-09
5.04820822489e-09	1.76293966092e-08
5.05186103219e-09	2.603026239e-08
5.05551383949e-09	2.52878251672e-08
5.05916664679e-09	1.55939865465e-08
5.06281945409e-09	1.1672860456e-09
5.06647226139e-09	-1.17379101994e-08
5.07012506869e-09	-1.76823142795e-08
5.07377787599e-09	-1.44632643639e-08
5.07743068329e-09	-4.07751610254e-09
5.08108349058e-09	8.16590883801e-09
5.08473629788e-09	1.60334963084e-08
5.08838910518e-09	1.5265573694e-08
5.09204191248e-09	5.70168534608e-09
5.09569471978e-09	-8.42713454574e-09
5.09934752708e-09	-2.0337388662e-08
5.10300033438e-09	-2.39099779975e-08
5.10665314168e-09	-1.6750474785e-08
5.11030594898e-09	-1.50740397942e-09
5.11395875628e-09	1.52884531701e-08
5.11761156358e-09	2.6322945601e-08
5.12126437087e-09	2.6972672984e-08
5.12491717817e-09	1.74258651953e-08
5.12856998547e-09	2.4794895026e-09
5.13222279277e-09	-1.07881081846e-08
5.13587560007e-09	-1.62854938424e-08
5.13952840737e-09	-1.16239471382e-08
5.14318121467e-09	8.58765558664e-10
5.14683402197e-09	1.51481795996e-08
5.15048682927e-09	2.42145290485e-08
5.15413963657e-09	2.31959926822e-08
5.15779244387e-09	1.17336114158e-08
5.16144525116e-09	-5.64692381744e-09
5.16509805846e-09	-2.14309849866e-08
5.16875086576e-09	-2.8549493436e-08
5.17240367306e-09	-2.37532624681e-08
5.17605648036e-09	-9.24093246368e-09
5.17970928766e-09	8.35064994931e-09
5.18336209496e-09	2.11217106028e-08
5.18701490226e-09	2.36568222789e-08
5.19066770956e-09	1.54815840148e-08
5.19432051686e-09	1.09071274235e-09
5.19797332416e-09	-1.23212071657e-08
5.20162613145e-09	-1.82358874667e-08
5.20527893875e-09	-1.37119204879e-08
5.20893174605e-09	-5.98457283729e-10
5.21258455335e-09	1.53466714892e-08
5.21623736065e-09	2.69956501597e-08
5.21989016795e-09	2.89785209162e-08
5.22354297525e-09	2.01043803827e-08
5.22719578255e-09	3.99265198681e-09
5.23084858985e-09	-1.24668648738e-08
5.23450139715e-09	-2.22340190703e-08
5.23815420445e-09	-2.14026911749e-08
5.24180701174e-09	-1.10307185608e-08
5.24545981904e-09	3.43817774251e-09
5.24911262634e-09	1.48902339348e-08
5.25276543364e-09	1.80002412975e-08
5.25641824094e-09	1.16812595152e-08
5.26007104824e-09	-6.23427587332e-10
5.26372385554e-09	-1.2796490978e-08
5.26737666284e-09	-1.89950686291e-08
5.27102947014e-09	-1.62563473793e-08
5.27468227744e-09	-5.65735325253e-09
5.27833508474e-09	8.3239681814e-09
5.28198789203e-09	1.98412291041e-08
5.28564069933e-09	2.42189859279e-08
5.28929350663e-09	1.99536547285e-08
5.29294631393e-09	9.34150889975e-09
5.29659912123e-09	-2.58613175319e-09
5.30025192853e-09	-1.0410835749e-08
5.30390473583e-09	-1.08934870013e-08
5.30755754313e-09	-4.49733583707e-09
5.31121035043e-09	4.94192242684e-09
5.31486315773e-09	1.22424630433e-08
5.31851596503e-09	1.35280844304e-08
5.32216877232e-09	8.10040123866e-09
5.32582157962e-09	-1.39651812336e-09
5.32947438692e-09	-1.04758779429e-08
5.33312719422e-09	-1.50729757564e-08
5.33678000152e-09	-1.33888846676e-08
5.34043280882e-09	-6.50744835795e-09
5.34408561612e-09	2.33502572833e-09
5.34773842342e-09	9.34107102779e-09
5.35139123072e-09	1.18440137697e-08
5.35504403802e-09	9.41108613262e-09
5.35869684532e-09	3.93117494113e-09
5.36234965261e-09	-1.33774535893e-09
5.36600245991e-09	-3.37645222892e-09
5.36965526721e-09	-9.37458888295e-10
5.37330807451e-09	4.77374229035e-09
5.37696088181e-09	1.06871489436e-08
5.38061368911e-09	1.34895010717e-08
5.38426649641e-09	1.14196003764e-08
5.38791930371e-09	5.23849763567e-09
5.39157211101e-09	-2.18580553657e-09
5.39522491831e-09	-7.43352046584e-09
5.39887772561e-09	-8.33204616413e-09
5.4025305329e-09	-5.01154584498e-09
5.4061833402e-09	3.01675961989e-10
5.4098361475e-09	4.54258497484e-09
5.4134889548e-09	5.39504174668e-09
5.4171417621e-09	2.41178099714e-09
5.4207945694e-09	-2.81408385483e-09
5.4244473767e-09	-7.43323491648e-09
5.428100184e-09	-8.70452243618e-09
5.4317529913e-09	-5.3392072985e-09
5.4354057986e-09	1.76254277839e-09
5.4390586059e-09	9.769695275e-09
5.44271141319e-09	1.51527110859e-08
5.44636422049e-09	1.53842272255e-08
5.45001702779e-09	1.0289481267e-08
5.45366983509e-09	2.28643837197e-09
5.45732264239e-09	-4.71462513474e-09
5.46097544969e-09	-7.25855198169e-09
5.46462825699e-09	-4.14090095546e-09
5.46828106429e-09	2.92346657993e-09
5.47193387159e-09	1.01295603017e-08
5.47558667889e-09	1.3484220851e-08
5.47923948618e-09	1.07995274945e-08
5.48289229348e-09	2.78965561762e-09
5.48654510078e-09	-7.23019821791e-09
5.49019790808e-09	-1.48559200497e-08
5.49385071538e-09	-1.65934057605e-08
5.49750352268e-09	-1.14577378696e-08
5.50115632998e-09	-1.47416623353e-09
5.50480913728e-09	9.14335362978e-09
5.50846194458e-09	1.5821191468e-08
5.51211475188e-09	1.56992499001e-08
5.51576755918e-09	9.0141982767e-09
5.51942036647e-09	-8.97402263611e-10
5.52307317377e-09	-9.07862496291e-09
5.52672598107e-09	-1.12872378111e-08
5.53037878837e-09	-6.08453998296e-09
5.53403159567e-09	4.37113456542e-09
5.53768440297e-09	1.52674619613e-08
5.54133721027e-09	2.13889279621e-08
5.54499001757e-09	1.95911500356e-08
5.54864282487e-09	1.02985477923e-08
5.55229563217e-09	-2.6704063405e-09
5.55594843947e-09	-1.38383082771e-08
5.55960124676e-09	-1.85340418568e-08
5.56325405406e-09	-1.49584113984e-08
5.56690686136e-09	-4.95487073593e-09
5.57055966866e-09	6.82924206075e-09
5.57421247596e-09	1.50091974405e-08
5.57786528326e-09	1.58615947043e-08
5.58151809056e-09	9.01868357772e-09
5.58517089786e-09	-2.30859309447e-09
5.58882370516e-09	-1.27237660408e-08
5.59247651246e-09	-1.70838454494e-08
5.59612931976e-09	-1.29009318783e-08
5.59978212705e-09	-1.58064394906e-09
5.60343493435e-09	1.21273027176e-08
5.60708774165e-09	2.22601777011e-08
5.61074054895e-09	2.43700082336e-08
5.61439335625e-09	1.75661458712e-08
5.61804616355e-09	4.90914819906e-09
5.62169897085e-09	-8.01156208041e-09
5.62535177815e-09	-1.56210653302e-08
5.62900458545e-09	-1.4842809648e-08
5.63265739275e-09	-6.40656327988e-09
5.63631020005e-09	5.55017543036e-09
5.63996300734e-09	1.53617314425e-08
5.64361581464e-09	1.83500041828e-08
5.64726862194e-09	1.289123297e-08
5.65092142924e-09	1.16437448572e-09
5.65457423654e-09	-1.17528804466e-08
5.65822704384e-09	-2.00799039618e-08
5.66187985114e-09	-1.99014067448e-08
5.66553265844e-09	-1.09764748402e-08
5.66918546574e-09	3.06372482939e-09
5.67283827304e-09	1.62777951118e-08
5.67649108034e-09	2.30717773775e-08
5.68014388763e-09	2.07272137231e-08
5.68379669493e-09	1.0615452517e-08
5.68744950223e-09	-2.46908427037e-09
5.69110230953e-09	-1.25247634486e-08
5.69475511683e-09	-1.50514054553e-08
5.69840792413e-09	-9.01573571355e-09
5.70206073143e-09	2.76815237399e-09
5.70571353873e-09	1.49323327037e-08
