% time-domain voltage integration by openEMS v0.0.36-93-g7b9cd51 @Wed Sep 23 14:26:26 2026
% start-coordinates: (-0.007,0,-0.000535) m -> [10,22,35]
% stop-coordinates: (-0.007,0,0.00025) m -> [10,22,45]
% t/s	voltag0	-0	-1.31.31476236814e-12	2.07182033307e-02.62.62952473628e-12	-1.38740368083e-03.93.94428710442e-12	-1.76282859599e-05.25.25904947257e-12	-6.71605820912e-06.56.57381184071e-12	-1.87237766909e-07.87.88857420885e-12	-4.31423253531e-09.29.20333657699e-12	-8.52557795952e-01.01.05180989451e-11	-0.000145879529111.18328613133e-11	-0.0002143833808081.1.31476236814e-11	-0.0002617622094481.1.44623860496e-11	-0.0002392915102971.1.57771484177e-11	-8.90794515271e-051.1.70919107858e-11	0.0002313008708371.1.8406673154e-11	0.0007170709177441.1.97214355221e-11	0.0012938945947122.10361978903e-11	0.00182337109436
2.23509602584e-11	0.00214385955769
2.36657226265e-11	0.00213373439328
2.49804849947e-11	0.00176697641291
2.62952473628e-11	0.00113044906448
2.7610009731e-11	0.000391458719605
2.89247720991e-11	-0.000268280298769
3.02395344673e-11	-0.000718445589882
3.15542968354e-11	-0.000915152091693
3.28690592035e-11	-0.000894952590897
3.41838215717e-11	-0.000739887123927
3.54985839398e-11	-0.000536515692147
3.6813346308e-11	-0.00034779690759
3.81281086761e-11	-0.000204360191674
3.94428710442e-11	-0.0001106163445
4.07576334124e-11	-5.66979604173e-05
4.20723957805e-11	-2.89387029397e-05
4.33871581487e-11	-1.58340395444e-05
4.47019205168e-11	-9.86272079473e-06
4.6016682885e-11	-6.9602103121e-06
4.73314452531e-11	-5.27465123312e-06
4.86462076212e-11	-4.02937403265e-06
4.99609699894e-11	-3.05713656346e-06
5.12757323575e-11	-2.31275772933e-06
5.25904947257e-11	-1.74486287463e-06
5.39052570938e-11	-1.3134832848e-06
5.52200194619e-11	-9.84814747085e-07
5.65347818301e-11	-7.33667221198e-07
5.78495441982e-11	-5.4276372552e-07
5.91643065664e-11	-3.98761173415e-07
6.04790689345e-11	-2.90110541812e-07
6.17938313026e-11	-2.07284530873e-07
6.31085936708e-11	-1.42898464617e-07
6.44233560389e-11	-9.12278608212e-08
6.57381184071e-11	-4.84331641459e-08
6.70528807752e-11	-1.31637349909e-08
6.83676431434e-11	1.38341595957e-08
6.96824055115e-11	3.15221575509e-08
7.09971678796e-11	4.04820055255e-08
7.23119302478e-11	4.35568394686e-08
7.36266926159e-11	4.47233357015e-08
7.49414549841e-11	4.71448522443e-08
7.62562173522e-11	5.17643794495e-08
7.75709797203e-11	5.74430305544e-08
7.88857420885e-11	6.23713674042e-08
8.02005044566e-11	6.55166567665e-08
8.15152668248e-11	6.70470439168e-08
8.28300291929e-11	6.76988760606e-08
8.41447915611e-11	6.79789187163e-08
8.54595539292e-11	6.79493683542e-08
8.67743162973e-11	6.7574606577e-08
8.80890786655e-11	6.70596047581e-08
8.94038410336e-11	6.68480288901e-08
9.07186034018e-11	6.73331757017e-08
9.20333657699e-11	6.86809127348e-08
9.3348128138e-11	7.07749916451e-08
9.46628905062e-11	7.32457101638e-08
9.59776528743e-11	7.55513489548e-08
9.72924152425e-11	7.70583308274e-08
9.86071776106e-11	7.70864307942e-08
9.99219399788e-11	7.52491680078e-08
1.01236702347e-10	7.19023371953e-08
1.02551464715e-10	6.82102427874e-08
1.03866227083e-10	6.57462266851e-08
1.05180989451e-10	6.57170664553e-08
1.06495751819e-10	6.82444591948e-08
1.07810514188e-10	7.21362565237e-08
1.09125276556e-10	7.55433779975e-08
1.10440038924e-10	7.70484183121e-08
1.11754801292e-10	7.6417093986e-08
1.1306956366e-10	7.4480815293e-08
1.14384326028e-10	7.23988504703e-08
1.15699088396e-10	7.09260126186e-08
1.17013850765e-10	7.01855489282e-08
1.18328613133e-10	6.99118940517e-08
1.19643375501e-10	6.9868945296e-08
1.20958137869e-10	7.00053304215e-08
1.22272900237e-10	7.03232378996e-08
1.23587662605e-10	7.07136704747e-08
1.24902424973e-10	7.0991286627e-08
1.26217187342e-10	7.10544609817e-08
1.2753194971e-10	7.09741483362e-08
1.28846712078e-10	7.09157736978e-08
1.30161474446e-10	7.0991311496e-08
1.31476236814e-10	7.12169123673e-08
1.32790999182e-10	7.15384222971e-08
1.3410576155e-10	7.1906362642e-08
1.35420523919e-10	7.2273084406e-08
1.36735286287e-10	7.25695796788e-08
1.38050048655e-10	7.26908906401e-08
1.39364811023e-10	7.25385502776e-08
1.40679573391e-10	7.20995165793e-08
1.41994335759e-10	7.14635666199e-08
1.43309098127e-10	7.07463163607e-08
1.44623860496e-10	7.0100766969e-08
1.45938622864e-10	6.9682687176e-08
1.47253385232e-10	6.96228310559e-08
1.485681476e-10	6.99992162012e-08
1.49882909968e-10	7.0774045291e-08
1.51197672336e-10	7.17640800119e-08
1.52512434704e-10	7.26798061734e-08
1.53827197073e-10	7.32564471306e-08
1.55141959441e-10	7.33586054125e-08
1.56456721809e-10	7.30371096935e-08
1.57771484177e-10	7.24635880189e-08
1.59086246545e-10	7.18623303086e-08
1.60401008913e-10	7.13966334942e-08
1.61715771281e-10	7.11198770986e-08
493192e-12
1.60401008913e-10	-9.28368493192e-12
1.61715771281e-10	-9.28368493192e-12
