0	-0.000112442
4.81458e-13	-0.000139699
9.62917e-13	-0.000167109
1.44437e-12	-0.00019079
1.92583e-12	-0.000204644
2.40729e-12	-0.000199697
2.88875e-12	-0.000163389
3.37021e-12	-7.88946e-05
3.85167e-12	7.54618e-05
4.33312e-12	0.000326558
4.81458e-12	0.000706434
5.29604e-12	0.00125168
5.7775e-12	0.00200202
6.25896e-12	0.00299788
6.74042e-12	0.00427678
7.22187e-12	0.00586819
7.70333e-12	0.00778705
8.18479e-12	0.0100257
8.66625e-12	0.0125447
9.14771e-12	0.0152624
9.62917e-12	0.0180447
1.01106e-11	0.0206952
1.05921e-11	0.0229473
1.10735e-11	0.024459
1.1555e-11	0.0248128
1.20365e-11	0.0235216
1.25179e-11	0.0200425
1.29994e-11	0.0137982
1.34808e-11	0.00420955
1.39623e-11	-0.009264
1.44437e-11	-0.0270749
1.49252e-11	-0.0495314
1.54067e-11	-0.0767381
1.58881e-11	-0.108537
1.63696e-11	-0.144453
1.6851e-11	-0.183653
1.73325e-11	-0.224916
1.7814e-11	-0.266636
1.82954e-11	-0.306838
1.87769e-11	-0.343236
1.92583e-11	-0.373317
1.97398e-11	-0.394458
2.02212e-11	-0.404066
2.07027e-11	-0.399745
2.11842e-11	-0.379463
2.16656e-11	-0.341731
2.21471e-11	-0.285755
2.26285e-11	-0.211575
2.311e-11	-0.120148
2.35915e-11	-0.0133935
2.40729e-11	0.105826
2.45544e-11	0.233786
2.50358e-11	0.366045
2.55173e-11	0.497642
2.59987e-11	0.623345
2.64802e-11	0.737924
2.69617e-11	0.836445
2.74431e-11	0.914551
2.79246e-11	0.968719
2.8406e-11	0.996476
2.88875e-11	0.996541
2.9369e-11	0.968911
2.98504e-11	0.914861
3.03319e-11	0.836859
3.08133e-11	0.738424
3.12948e-11	0.623908
3.17762e-11	0.498245
3.22577e-11	0.366663
3.27392e-11	0.234395
3.32206e-11	0.106404
3.37021e-11	-0.0128647
3.41835e-11	-0.119684
3.4665e-11	-0.211188
3.51465e-11	-0.285452
3.56279e-11	-0.341512
3.61094e-11	-0.379329
3.65908e-11	-0.399689
3.70723e-11	-0.40408
3.75537e-11	-0.394531
3.80352e-11	-0.373438
3.85167e-11	-0.343393
3.89981e-11	-0.307018
3.94796e-11	-0.266829
3.9961e-11	-0.225111
4.04425e-11	-0.183841
4.0924e-11	-0.144629
4.14054e-11	-0.108695
4.18869e-11	-0.0768758
4.23683e-11	-0.0496471
4.28498e-11	-0.0271685
4.33312e-11	-0.00933658
4.38127e-11	0.00415621
4.42942e-11	0.0137617
4.47756e-11	0.0200202
4.52571e-11	0.023511
4.57385e-11	0.024811
4.622e-11	0.0244637
4.67015e-11	0.0229564
4.71829e-11	0.0207069
4.76644e-11	0.0180575
4.81458e-11	0.0152753
4.86273e-11	0.012557
4.91087e-11	0.0100368
4.95902e-11	0.00779675
5.00717e-11	0.00587636
5.05531e-11	0.00428345
5.10346e-11	0.00300316
5.1516e-11	0.00200605
5.19975e-11	0.00125466
5.2479e-11	0.00070856
5.29604e-11	0.000328002
5.34419e-11	7.6384e-05
5.39233e-11	-7.83566e-05
5.44048e-11	-0.000163122
5.48862e-11	-0.000199611
5.53677e-11	-0.000204673
5.58492e-11	-0.000190883
5.63306e-11	-0.000167231
5.68121e-11	-0.000139829
5.72935e-11	-0.000112565
