0	-0.000112442
4.56886e-14	-0.000113293
9.13773e-14	-0.000114146
1.37066e-13	-0.000115002
1.82755e-13	-0.00011586
2.28443e-13	-0.00011672
2.74132e-13	-0.000117583
3.1982e-13	-0.000118448
3.65509e-13	-0.000119315
4.11198e-13	-0.000120184
4.56886e-13	-0.000121056
5.02575e-13	-0.000121929
5.48264e-13	-0.000122804
5.93952e-13	-0.000123681
6.39641e-13	-0.00012456
6.85329e-13	-0.000125441
7.31018e-13	-0.000126324
7.76707e-13	-0.000127208
8.22395e-13	-0.000128093
8.68084e-13	-0.00012898
9.13773e-13	-0.000129868
9.59461e-13	-0.000130758
1.00515e-12	-0.000131649
1.05084e-12	-0.00013254
1.09653e-12	-0.000133433
1.14222e-12	-0.000134327
1.1879e-12	-0.000135222
1.23359e-12	-0.000136117
1.27928e-12	-0.000137013
1.32497e-12	-0.00013791
1.37066e-12	-0.000138807
1.41635e-12	-0.000139705
1.46204e-12	-0.000140603
1.50772e-12	-0.000141501
1.55341e-12	-0.000142399
1.5991e-12	-0.000143298
1.64479e-12	-0.000144196
1.69048e-12	-0.000145094
1.73617e-12	-0.000145991
1.78186e-12	-0.000146888
1.82755e-12	-0.000147785
1.87323e-12	-0.000148681
1.91892e-12	-0.000149576
1.96461e-12	-0.00015047
2.0103e-12	-0.000151364
2.05599e-12	-0.000152256
2.10168e-12	-0.000153146
2.14737e-12	-0.000154036
2.19305e-12	-0.000154924
2.23874e-12	-0.00015581
2.28443e-12	-0.000156695
2.33012e-12	-0.000157577
2.37581e-12	-0.000158458
2.4215e-12	-0.000159336
2.46719e-12	-0.000160212
2.51287e-12	-0.000161086
2.55856e-12	-0.000161957
2.60425e-12	-0.000162825
2.64994e-12	-0.000163691
2.69563e-12	-0.000164553
2.74132e-12	-0.000165412
2.78701e-12	-0.000166268
2.83269e-12	-0.00016712
2.87838e-12	-0.000167968
2.92407e-12	-0.000168813
2.96976e-12	-0.000169653
3.01545e-12	-0.00017049
3.06114e-12	-0.000171322
3.10683e-12	-0.000172149
3.15252e-12	-0.000172972
3.1982e-12	-0.00017379
3.24389e-12	-0.000174603
3.28958e-12	-0.00017541
3.33527e-12	-0.000176212
3.38096e-12	-0.000177009
3.42665e-12	-0.0001778
3.47234e-12	-0.000178584
3.51802e-12	-0.000179363
3.56371e-12	-0.000180135
3.6094e-12	-0.0001809
3.65509e-12	-0.000181659
3.70078e-12	-0.00018241
3.74647e-12	-0.000183155
3.79216e-12	-0.000183892
3.83784e-12	-0.000184621
3.88353e-12	-0.000185342
3.92922e-12	-0.000186056
3.97491e-12	-0.000186761
4.0206e-12	-0.000187457
4.06629e-12	-0.000188145
4.11198e-12	-0.000188823
4.15767e-12	-0.000189492
4.20335e-12	-0.000190152
4.24904e-12	-0.000190802
4.29473e-12	-0.000191443
4.34042e-12	-0.000192072
4.38611e-12	-0.000192692
4.4318e-12	-0.0001933
4.47749e-12	-0.000193898
4.52317e-12	-0.000194484
4.56886e-12	-0.000195059
4.61455e-12	-0.000195622
4.66024e-12	-0.000196173
4.70593e-12	-0.000196712
4.75162e-12	-0.000197238
4.79731e-12	-0.000197751
4.84299e-12	-0.000198251
4.88868e-12	-0.000198737
4.93437e-12	-0.00019921
4.98006e-12	-0.000199669
5.02575e-12	-0.000200113
5.07144e-12	-0.000200543
5.11713e-12	-0.000200957
5.16282e-12	-0.000201357
5.2085e-12	-0.000201741
5.25419e-12	-0.000202108
5.29988e-12	-0.00020246
5.34557e-12	-0.000202795
5.39126e-12	-0.000203113
5.43695e-12	-0.000203414
5.48264e-12	-0.000203698
5.52832e-12	-0.000203964
5.57401e-12	-0.000204211
5.6197e-12	-0.00020444
5.66539e-12	-0.00020465
5.71108e-12	-0.00020484
5.75677e-12	-0.000205011
5.80246e-12	-0.000205162
5.84814e-12	-0.000205293
5.89383e-12	-0.000205403
5.93952e-12	-0.000205492
5.98521e-12	-0.000205559
6.0309e-12	-0.000205604
6.07659e-12	-0.000205628
6.12228e-12	-0.000205628
6.16796e-12	-0.000205606
6.21365e-12	-0.00020556
6.25934e-12	-0.00020549
6.30503e-12	-0.000205396
6.35072e-12	-0.000205278
6.39641e-12	-0.000205134
6.4421e-12	-0.000204965
6.48779e-12	-0.00020477
6.53347e-12	-0.000204549
6.57916e-12	-0.000204301
6.62485e-12	-0.000204025
6.67054e-12	-0.000203723
6.71623e-12	-0.000203392
6.76192e-12	-0.000203032
6.80761e-12	-0.000202643
6.85329e-12	-0.000202226
6.89898e-12	-0.000201778
6.94467e-12	-0.000201299
6.99036e-12	-0.00020079
7.03605e-12	-0.00020025
7.08174e-12	-0.000199678
7.12743e-12	-0.000199073
7.17311e-12	-0.000198436
7.2188e-12	-0.000197765
7.26449e-12	-0.000197061
7.31018e-12	-0.000196322
7.35587e-12	-0.000195549
7.40156e-12	-0.00019474
7.44725e-12	-0.000193896
7.49294e-12	-0.000193015
7.53862e-12	-0.000192097
7.58431e-12	-0.000191142
7.63e-12	-0.000190149
7.67569e-12	-0.000189117
7.72138e-12	-0.000188046
7.76707e-12	-0.000186936
7.81276e-12	-0.000185786
7.85844e-12	-0.000184595
7.90413e-12	-0.000183362
7.94982e-12	-0.000182088
7.99551e-12	-0.000180771
8.0412e-12	-0.000179412
8.08689e-12	-0.000178008
8.13258e-12	-0.000176561
8.17826e-12	-0.000175069
8.22395e-12	-0.000173531
8.26964e-12	-0.000171947
8.31533e-12	-0.000170317
8.36102e-12	-0.00016864
8.40671e-12	-0.000166914
8.4524e-12	-0.00016514
8.49808e-12	-0.000163317
8.54377e-12	-0.000161445
8.58946e-12	-0.000159522
8.63515e-12	-0.000157547
8.68084e-12	-0.000155521
8.72653e-12	-0.000153443
8.77222e-12	-0.000151312
8.81791e-12	-0.000149127
8.86359e-12	-0.000146887
8.90928e-12	-0.000144593
8.95497e-12	-0.000142242
9.00066e-12	-0.000139836
9.04635e-12	-0.000137372
9.09204e-12	-0.00013485
9.13773e-12	-0.00013227
9.18341e-12	-0.00012963
9.2291e-12	-0.00012693
9.27479e-12	-0.00012417
9.32048e-12	-0.000121348
9.36617e-12	-0.000118464
9.41186e-12	-0.000115517
9.45755e-12	-0.000112506
9.50323e-12	-0.000109431
9.54892e-12	-0.000106291
9.59461e-12	-0.000103084
9.6403e-12	-9.98113e-05
9.68599e-12	-9.64707e-05
9.73168e-12	-9.30618e-05
9.77737e-12	-8.95837e-05
9.82306e-12	-8.60358e-05
9.86874e-12	-8.24172e-05
9.91443e-12	-7.87271e-05
9.96012e-12	-7.49646e-05
1.00058e-11	-7.11291e-05
1.00515e-11	-6.72196e-05
1.00972e-11	-6.32353e-05
1.01429e-11	-5.91754e-05
1.01886e-11	-5.5039e-05
1.02343e-11	-5.08254e-05
1.02799e-11	-4.65336e-05
1.03256e-11	-4.21628e-05
1.03713e-11	-3.77122e-05
1.0417e-11	-3.31808e-05
1.04627e-11	-2.85677e-05
1.05084e-11	-2.38723e-05
1.05541e-11	-1.90934e-05
1.05998e-11	-1.42302e-05
1.06455e-11	-9.28194e-06
1.06911e-11	-4.24757e-06
1.07368e-11	8.7378e-07
1.07825e-11	6.08302e-06
1.08282e-11	1.13811e-05
1.08739e-11	1.67689e-05
1.09196e-11	2.22473e-05
1.09653e-11	2.78174e-05
1.1011e-11	3.348e-05
1.10566e-11	3.92361e-05
1.11023e-11	4.50867e-05
1.1148e-11	5.10327e-05
1.11937e-11	5.7075e-05
1.12394e-11	6.32147e-05
1.12851e-11	6.94528e-05
1.13308e-11	7.57902e-05
1.13765e-11	8.22278e-05
1.14222e-11	8.87668e-05
1.14678e-11	9.54081e-05
1.15135e-11	0.000102153
1.15592e-11	0.000109002
1.16049e-11	0.000115956
1.16506e-11	0.000123016
1.16963e-11	0.000130184
1.1742e-11	0.000137461
1.17877e-11	0.000144847
1.18334e-11	0.000152343
1.1879e-11	0.000159951
1.19247e-11	0.000167671
1.19704e-11	0.000175506
1.20161e-11	0.000183455
1.20618e-11	0.000191519
1.21075e-11	0.000199701
1.21532e-11	0.000208001
1.21989e-11	0.000216419
1.22446e-11	0.000224958
1.22902e-11	0.000233619
1.23359e-11	0.000242401
1.23816e-11	0.000251307
1.24273e-11	0.000260338
1.2473e-11	0.000269494
1.25187e-11	0.000278777
1.25644e-11	0.000288189
1.26101e-11	0.000297729
1.26558e-11	0.0003074
1.27014e-11	0.000317202
1.27471e-11	0.000327136
1.27928e-11	0.000337204
1.28385e-11	0.000347408
1.28842e-11	0.000357747
1.29299e-11	0.000368223
1.29756e-11	0.000378838
1.30213e-11	0.000389593
1.30669e-11	0.000400488
1.31126e-11	0.000411525
1.31583e-11	0.000422706
1.3204e-11	0.000434031
1.32497e-11	0.000445501
1.32954e-11	0.000457118
1.33411e-11	0.000468883
1.33868e-11	0.000480798
1.34325e-11	0.000492863
1.34781e-11	0.000505079
1.35238e-11	0.000517449
1.35695e-11	0.000529972
1.36152e-11	0.000542651
1.36609e-11	0.000555487
1.37066e-11	0.000568481
1.37523e-11	0.000581633
1.3798e-11	0.000594947
1.38437e-11	0.000608422
1.38893e-11	0.000622059
1.3935e-11	0.000635861
1.39807e-11	0.000649829
1.40264e-11	0.000663963
1.40721e-11	0.000678266
1.41178e-11	0.000692738
1.41635e-11	0.00070738
1.42092e-11	0.000722195
1.42549e-11	0.000737182
1.43005e-11	0.000752344
1.43462e-11	0.000767683
1.43919e-11	0.000783198
1.44376e-11	0.000798892
1.44833e-11	0.000814765
1.4529e-11	0.00083082
1.45747e-11	0.000847057
1.46204e-11	0.000863478
1.4666e-11	0.000880084
1.47117e-11	0.000896876
1.47574e-11	0.000913856
1.48031e-11	0.000931025
1.48488e-11	0.000948385
1.48945e-11	0.000965936
1.49402e-11	0.000983681
1.49859e-11	0.00100162
1.50316e-11	0.00101975
1.50772e-11	0.00103809
1.51229e-11	0.00105662
1.51686e-11	0.00107535
1.52143e-11	0.00109428
1.526e-11	0.00111341
1.53057e-11	0.00113275
1.53514e-11	0.0011523
1.53971e-11	0.00117205
1.54428e-11	0.001192
1.54884e-11	0.00121217
1.55341e-11	0.00123255
1.55798e-11	0.00125314
1.56255e-11	0.00127394
1.56712e-11	0.00129496
1.57169e-11	0.0013162
1.57626e-11	0.00133765
1.58083e-11	0.00135932
1.5854e-11	0.00138122
1.58996e-11	0.00140333
1.59453e-11	0.00142567
1.5991e-11	0.00144823
1.60367e-11	0.00147102
1.60824e-11	0.00149403
1.61281e-11	0.00151728
1.61738e-11	0.00154075
1.62195e-11	0.00156445
1.62652e-11	0.00158839
1.63108e-11	0.00161256
1.63565e-11	0.00163697
1.64022e-11	0.00166162
1.64479e-11	0.0016865
1.64936e-11	0.00171162
1.65393e-11	0.00173698
1.6585e-11	0.00176259
1.66307e-11	0.00178844
1.66763e-11	0.00181453
1.6722e-11	0.00184087
1.67677e-11	0.00186746
1.68134e-11	0.0018943
1.68591e-11	0.00192139
1.69048e-11	0.00194873
1.69505e-11	0.00197632
1.69962e-11	0.00200417
1.70419e-11	0.00203228
1.70875e-11	0.00206064
1.71332e-11	0.00208926
1.71789e-11	0.00211814
1.72246e-11	0.00214728
1.72703e-11	0.00217668
1.7316e-11	0.00220635
1.73617e-11	0.00223628
1.74074e-11	0.00226648
1.74531e-11	0.00229695
1.74987e-11	0.00232769
1.75444e-11	0.0023587
1.75901e-11	0.00238998
1.76358e-11	0.00242153
1.76815e-11	0.00245336
1.77272e-11	0.00248546
1.77729e-11	0.00251784
1.78186e-11	0.0025505
1.78643e-11	0.00258343
1.79099e-11	0.00261665
1.79556e-11	0.00265015
1.80013e-11	0.00268393
1.8047e-11	0.002718
1.80927e-11	0.00275236
1.81384e-11	0.002787
1.81841e-11	0.00282193
1.82298e-11	0.00285714
1.82755e-11	0.00289265
1.83211e-11	0.00292845
1.83668e-11	0.00296455
1.84125e-11	0.00300094
1.84582e-11	0.00303762
1.85039e-11	0.0030746
1.85496e-11	0.00311188
1.85953e-11	0.00314945
1.8641e-11	0.00318733
1.86866e-11	0.00322551
1.87323e-11	0.00326399
1.8778e-11	0.00330277
1.88237e-11	0.00334186
1.88694e-11	0.00338126
1.89151e-11	0.00342096
1.89608e-11	0.00346096
1.90065e-11	0.00350128
1.90522e-11	0.00354191
1.90978e-11	0.00358285
1.91435e-11	0.0036241
1.91892e-11	0.00366566
1.92349e-11	0.00370753
1.92806e-11	0.00374973
1.93263e-11	0.00379223
1.9372e-11	0.00383506
1.94177e-11	0.0038782
1.94634e-11	0.00392166
1.9509e-11	0.00396544
1.95547e-11	0.00400954
1.96004e-11	0.00405397
1.96461e-11	0.00409871
1.96918e-11	0.00414378
1.97375e-11	0.00418917
1.97832e-11	0.00423489
1.98289e-11	0.00428094
1.98746e-11	0.00432731
1.99202e-11	0.004374
1.99659e-11	0.00442103
2.00116e-11	0.00446838
2.00573e-11	0.00451607
2.0103e-11	0.00456408
2.01487e-11	0.00461243
2.01944e-11	0.00466111
2.02401e-11	0.00471012
2.02858e-11	0.00475946
2.03314e-11	0.00480914
2.03771e-11	0.00485915
2.04228e-11	0.0049095
2.04685e-11	0.00496019
2.05142e-11	0.00501121
2.05599e-11	0.00506256
2.06056e-11	0.00511426
2.06513e-11	0.00516629
2.06969e-11	0.00521866
2.07426e-11	0.00527137
2.07883e-11	0.00532442
2.0834e-11	0.0053778
2.08797e-11	0.00543153
2.09254e-11	0.0054856
2.09711e-11	0.00554001
2.10168e-11	0.00559476
2.10625e-11	0.00564985
2.11081e-11	0.00570529
2.11538e-11	0.00576107
2.11995e-11	0.00581718
2.12452e-11	0.00587365
2.12909e-11	0.00593045
2.13366e-11	0.0059876
2.13823e-11	0.00604509
2.1428e-11	0.00610292
2.14737e-11	0.0061611
2.15193e-11	0.00621962
2.1565e-11	0.00627849
2.16107e-11	0.00633769
2.16564e-11	0.00639725
2.17021e-11	0.00645714
2.17478e-11	0.00651738
2.17935e-11	0.00657796
2.18392e-11	0.00663889
2.18849e-11	0.00670016
2.19305e-11	0.00676177
2.19762e-11	0.00682372
2.20219e-11	0.00688602
2.20676e-11	0.00694866
2.21133e-11	0.00701164
2.2159e-11	0.00707496
2.22047e-11	0.00713863
2.22504e-11	0.00720264
2.22961e-11	0.00726698
2.23417e-11	0.00733167
2.23874e-11	0.0073967
2.24331e-11	0.00746206
2.24788e-11	0.00752777
2.25245e-11	0.00759381
2.25702e-11	0.00766019
2.26159e-11	0.00772691
2.26616e-11	0.00779396
2.27072e-11	0.00786135
2.27529e-11	0.00792907
2.27986e-11	0.00799713
2.28443e-11	0.00806552
2.289e-11	0.00813425
2.29357e-11	0.0082033
2.29814e-11	0.00827269
2.30271e-11	0.00834241
2.30728e-11	0.00841245
2.31184e-11	0.00848282
2.31641e-11	0.00855352
2.32098e-11	0.00862455
2.32555e-11	0.0086959
2.33012e-11	0.00876757
2.33469e-11	0.00883957
2.33926e-11	0.00891188
2.34383e-11	0.00898452
2.3484e-11	0.00905747
2.35296e-11	0.00913074
2.35753e-11	0.00920433
2.3621e-11	0.00927823
2.36667e-11	0.00935244
2.37124e-11	0.00942696
2.37581e-11	0.00950179
2.38038e-11	0.00957694
2.38495e-11	0.00965238
2.38952e-11	0.00972813
2.39408e-11	0.00980419
2.39865e-11	0.00988054
2.40322e-11	0.0099572
2.40779e-11	0.0100341
2.41236e-11	0.0101114
2.41693e-11	0.0101889
2.4215e-11	0.0102668
2.42607e-11	0.0103449
2.43064e-11	0.0104233
2.4352e-11	0.010502
2.43977e-11	0.010581
2.44434e-11	0.0106602
2.44891e-11	0.0107397
2.45348e-11	0.0108195
2.45805e-11	0.0108996
2.46262e-11	0.01098
2.46719e-11	0.0110606
2.47175e-11	0.0111415
2.47632e-11	0.0112226
2.48089e-11	0.0113041
2.48546e-11	0.0113857
2.49003e-11	0.0114676
2.4946e-11	0.0115498
2.49917e-11	0.0116322
2.50374e-11	0.0117149
2.50831e-11	0.0117978
2.51287e-11	0.011881
2.51744e-11	0.0119644
2.52201e-11	0.012048
2.52658e-11	0.0121319
2.53115e-11	0.012216
2.53572e-11	0.0123003
2.54029e-11	0.0123848
2.54486e-11	0.0124696
2.54943e-11	0.0125545
2.55399e-11	0.0126397
2.55856e-11	0.0127251
2.56313e-11	0.0128107
2.5677e-11	0.0128965
2.57227e-11	0.0129825
2.57684e-11	0.0130686
2.58141e-11	0.013155
2.58598e-11	0.0132416
2.59055e-11	0.0133283
2.59511e-11	0.0134152
2.59968e-11	0.0135023
2.60425e-11	0.0135895
2.60882e-11	0.0136769
2.61339e-11	0.0137645
2.61796e-11	0.0138522
2.62253e-11	0.0139401
2.6271e-11	0.0140282
2.63167e-11	0.0141163
2.63623e-11	0.0142046
2.6408e-11	0.0142931
2.64537e-11	0.0143816
2.64994e-11	0.0144703
2.65451e-11	0.0145592
2.65908e-11	0.0146481
2.66365e-11	0.0147371
2.66822e-11	0.0148263
2.67278e-11	0.0149155
2.67735e-11	0.0150048
2.68192e-11	0.0150942
2.68649e-11	0.0151837
2.69106e-11	0.0152733
2.69563e-11	0.015363
2.7002e-11	0.0154527
2.70477e-11	0.0155425
2.70934e-11	0.0156323
2.7139e-11	0.0157222
2.71847e-11	0.0158121
2.72304e-11	0.0159021
2.72761e-11	0.0159921
2.73218e-11	0.0160821
2.73675e-11	0.0161721
2.74132e-11	0.0162622
2.74589e-11	0.0163523
2.75046e-11	0.0164423
2.75502e-11	0.0165324
2.75959e-11	0.0166224
2.76416e-11	0.0167125
2.76873e-11	0.0168025
2.7733e-11	0.0168924
2.77787e-11	0.0169824
2.78244e-11	0.0170723
2.78701e-11	0.0171621
2.79158e-11	0.0172519
2.79614e-11	0.0173416
2.80071e-11	0.0174312
2.80528e-11	0.0175208
2.80985e-11	0.0176103
2.81442e-11	0.0176997
2.81899e-11	0.017789
2.82356e-11	0.0178781
2.82813e-11	0.0179672
2.83269e-11	0.0180561
2.83726e-11	0.0181449
2.84183e-11	0.0182336
2.8464e-11	0.0183221
2.85097e-11	0.0184104
2.85554e-11	0.0184986
2.86011e-11	0.0185867
2.86468e-11	0.0186745
2.86925e-11	0.0187621
2.87381e-11	0.0188496
2.87838e-11	0.0189369
2.88295e-11	0.0190239
2.88752e-11	0.0191107
2.89209e-11	0.0191973
2.89666e-11	0.0192836
2.90123e-11	0.0193697
2.9058e-11	0.0194556
2.91037e-11	0.0195412
2.91493e-11	0.0196265
2.9195e-11	0.0197115
2.92407e-11	0.0197962
2.92864e-11	0.0198806
2.93321e-11	0.0199647
2.93778e-11	0.0200485
2.94235e-11	0.020132
2.94692e-11	0.0202151
2.95149e-11	0.0202979
2.95605e-11	0.0203803
2.96062e-11	0.0204623
2.96519e-11	0.020544
2.96976e-11	0.0206253
2.97433e-11	0.0207061
2.9789e-11	0.0207866
2.98347e-11	0.0208666
2.98804e-11	0.0209463
2.99261e-11	0.0210254
2.99717e-11	0.0211042
3.00174e-11	0.0211824
3.00631e-11	0.0212602
3.01088e-11	0.0213375
3.01545e-11	0.0214143
3.02002e-11	0.0214906
3.02459e-11	0.0215664
3.02916e-11	0.0216417
3.03372e-11	0.0217164
3.03829e-11	0.0217906
3.04286e-11	0.0218642
3.04743e-11	0.0219372
3.052e-11	0.0220097
3.05657e-11	0.0220815
3.06114e-11	0.0221528
3.06571e-11	0.0222234
3.07028e-11	0.0222935
3.07484e-11	0.0223628
3.07941e-11	0.0224315
3.08398e-11	0.0224996
3.08855e-11	0.0225669
3.09312e-11	0.0226336
3.09769e-11	0.0226996
3.10226e-11	0.0227648
3.10683e-11	0.0228294
3.1114e-11	0.0228932
3.11596e-11	0.0229562
3.12053e-11	0.0230185
3.1251e-11	0.02308
3.12967e-11	0.0231407
3.13424e-11	0.0232005
3.13881e-11	0.0232596
3.14338e-11	0.0233179
3.14795e-11	0.0233753
3.15252e-11	0.0234318
3.15708e-11	0.0234875
3.16165e-11	0.0235423
3.16622e-11	0.0235962
3.17079e-11	0.0236491
3.17536e-11	0.0237012
3.17993e-11	0.0237523
3.1845e-11	0.0238025
3.18907e-11	0.0238517
3.19364e-11	0.0238999
3.1982e-11	0.0239471
3.20277e-11	0.0239933
3.20734e-11	0.0240385
3.21191e-11	0.0240826
3.21648e-11	0.0241257
3.22105e-11	0.0241678
3.22562e-11	0.0242087
3.23019e-11	0.0242486
3.23475e-11	0.0242873
3.23932e-11	0.0243249
3.24389e-11	0.0243614
3.24846e-11	0.0243967
3.25303e-11	0.0244308
3.2576e-11	0.0244638
3.26217e-11	0.0244955
3.26674e-11	0.0245261
3.27131e-11	0.0245554
3.27587e-11	0.0245834
3.28044e-11	0.0246102
3.28501e-11	0.0246358
3.28958e-11	0.02466
3.29415e-11	0.0246829
3.29872e-11	0.0247045
3.30329e-11	0.0247247
3.30786e-11	0.0247436
3.31243e-11	0.0247611
3.31699e-11	0.0247772
3.32156e-11	0.0247919
3.32613e-11	0.0248052
3.3307e-11	0.0248171
3.33527e-11	0.0248275
3.33984e-11	0.0248364
3.34441e-11	0.0248439
3.34898e-11	0.0248498
3.35355e-11	0.0248542
3.35811e-11	0.0248571
3.36268e-11	0.0248584
3.36725e-11	0.0248581
3.37182e-11	0.0248563
3.37639e-11	0.0248528
3.38096e-11	0.0248477
3.38553e-11	0.024841
3.3901e-11	0.0248326
3.39467e-11	0.0248226
3.39923e-11	0.0248109
3.4038e-11	0.0247974
3.40837e-11	0.0247822
3.41294e-11	0.0247653
3.41751e-11	0.0247466
3.42208e-11	0.0247261
3.42665e-11	0.0247039
3.43122e-11	0.0246798
3.43578e-11	0.0246539
3.44035e-11	0.0246261
3.44492e-11	0.0245964
3.44949e-11	0.0245649
3.45406e-11	0.0245315
3.45863e-11	0.0244961
3.4632e-11	0.0244588
3.46777e-11	0.0244196
3.47234e-11	0.0243783
3.4769e-11	0.0243351
3.48147e-11	0.0242898
3.48604e-11	0.0242426
3.49061e-11	0.0241932
3.49518e-11	0.0241418
3.49975e-11	0.0240883
3.50432e-11	0.0240327
3.50889e-11	0.023975
3.51346e-11	0.0239151
3.51802e-11	0.0238531
3.52259e-11	0.0237888
3.52716e-11	0.0237224
3.53173e-11	0.0236538
3.5363e-11	0.0235829
3.54087e-11	0.0235097
3.54544e-11	0.0234343
3.55001e-11	0.0233566
3.55458e-11	0.0232766
3.55914e-11	0.0231942
3.56371e-11	0.0231095
3.56828e-11	0.0230224
3.57285e-11	0.0229329
3.57742e-11	0.022841
3.58199e-11	0.0227466
3.58656e-11	0.0226498
3.59113e-11	0.0225506
3.5957e-11	0.0224488
3.60026e-11	0.0223446
3.60483e-11	0.0222378
3.6094e-11	0.0221285
3.61397e-11	0.0220166
3.61854e-11	0.0219021
3.62311e-11	0.021785
3.62768e-11	0.0216653
3.63225e-11	0.0215429
3.63681e-11	0.0214179
3.64138e-11	0.0212902
3.64595e-11	0.0211598
3.65052e-11	0.0210266
3.65509e-11	0.0208907
3.65966e-11	0.0207521
3.66423e-11	0.0206107
3.6688e-11	0.0204664
3.67337e-11	0.0203194
3.67793e-11	0.0201695
3.6825e-11	0.0200167
3.68707e-11	0.0198611
3.69164e-11	0.0197025
3.69621e-11	0.0195411
3.70078e-11	0.0193767
3.70535e-11	0.0192093
3.70992e-11	0.019039
3.71449e-11	0.0188656
3.71905e-11	0.0186893
3.72362e-11	0.0185099
3.72819e-11	0.0183274
3.73276e-11	0.0181419
3.73733e-11	0.0179532
3.7419e-11	0.0177615
3.74647e-11	0.0175666
3.75104e-11	0.0173685
3.75561e-11	0.0171673
3.76017e-11	0.0169629
3.76474e-11	0.0167552
3.76931e-11	0.0165444
3.77388e-11	0.0163302
3.77845e-11	0.0161128
3.78302e-11	0.0158921
3.78759e-11	0.0156681
3.79216e-11	0.0154407
3.79673e-11	0.01521
3.80129e-11	0.014976
3.80586e-11	0.0147385
3.81043e-11	0.0144976
3.815e-11	0.0142533
3.81957e-11	0.0140056
3.82414e-11	0.0137543
3.82871e-11	0.0134996
3.83328e-11	0.0132414
3.83784e-11	0.0129796
3.84241e-11	0.0127144
3.84698e-11	0.0124455
3.85155e-11	0.0121731
3.85612e-11	0.011897
3.86069e-11	0.0116173
3.86526e-11	0.011334
3.86983e-11	0.0110471
3.8744e-11	0.0107564
3.87896e-11	0.0104621
3.88353e-11	0.010164
3.8881e-11	0.00986225
3.89267e-11	0.00955671
3.89724e-11	0.00924741
3.90181e-11	0.00893431
3.90638e-11	0.0086174
3.91095e-11	0.00829667
3.91552e-11	0.0079721
3.92008e-11	0.00764366
3.92465e-11	0.00731135
3.92922e-11	0.00697514
3.93379e-11	0.00663501
3.93836e-11	0.00629095
3.94293e-11	0.00594294
3.9475e-11	0.00559096
3.95207e-11	0.005235
3.95664e-11	0.00487503
3.9612e-11	0.00451104
3.96577e-11	0.00414302
3.97034e-11	0.00377094
3.97491e-11	0.00339479
3.97948e-11	0.00301454
3.98405e-11	0.0026302
3.98862e-11	0.00224173
3.99319e-11	0.00184912
3.99776e-11	0.00145235
4.00232e-11	0.00105142
4.00689e-11	0.00064629
4.01146e-11	0.00023696
4.01603e-11	-0.000176591
4.0206e-11	-0.000594379
4.02517e-11	-0.00101642
4.02974e-11	-0.00144273
4.03431e-11	-0.00187332
4.03887e-11	-0.00230822
4.04344e-11	-0.00274743
4.04801e-11	-0.00319097
4.05258e-11	-0.00363885
4.05715e-11	-0.0040911
4.06172e-11	-0.00454772
4.06629e-11	-0.00500873
4.07086e-11	-0.00547414
4.07543e-11	-0.00594398
4.07999e-11	-0.00641825
4.08456e-11	-0.00689697
4.08913e-11	-0.00738015
4.0937e-11	-0.0078678
4.09827e-11	-0.00835995
4.10284e-11	-0.0088566
4.10741e-11	-0.00935776
4.11198e-11	-0.00986346
4.11655e-11	-0.0103737
4.12111e-11	-0.0108885
4.12568e-11	-0.0114079
4.13025e-11	-0.0119318
4.13482e-11	-0.0124603
4.13939e-11	-0.0129935
4.14396e-11	-0.0135313
4.14853e-11	-0.0140737
4.1531e-11	-0.0146207
4.15767e-11	-0.0151724
4.16223e-11	-0.0157287
4.1668e-11	-0.0162898
4.17137e-11	-0.0168555
4.17594e-11	-0.0174259
4.18051e-11	-0.0180011
4.18508e-11	-0.0185809
4.18965e-11	-0.0191655
4.19422e-11	-0.0197548
4.19878e-11	-0.0203489
4.20335e-11	-0.0209478
4.20792e-11	-0.0215514
4.21249e-11	-0.0221598
4.21706e-11	-0.0227729
4.22163e-11	-0.0233909
4.2262e-11	-0.0240137
4.23077e-11	-0.0246413
4.23534e-11	-0.0252737
4.2399e-11	-0.025911
4.24447e-11	-0.0265531
4.24904e-11	-0.0272
4.25361e-11	-0.0278518
4.25818e-11	-0.0285085
4.26275e-11	-0.02917
4.26732e-11	-0.0298364
4.27189e-11	-0.0305077
4.27646e-11	-0.0311839
4.28102e-11	-0.031865
4.28559e-11	-0.0325509
4.29016e-11	-0.0332418
4.29473e-11	-0.0339376
4.2993e-11	-0.0346383
4.30387e-11	-0.035344
4.30844e-11	-0.0360545
4.31301e-11	-0.03677
4.31758e-11	-0.0374905
4.32214e-11	-0.0382158
4.32671e-11	-0.0389461
4.33128e-11	-0.0396814
4.33585e-11	-0.0404216
4.34042e-11	-0.0411668
4.34499e-11	-0.0419169
4.34956e-11	-0.042672
4.35413e-11	-0.043432
4.3587e-11	-0.0441971
4.36326e-11	-0.044967
4.36783e-11	-0.045742
4.3724e-11	-0.0465219
4.37697e-11	-0.0473067
4.38154e-11	-0.0480966
4.38611e-11	-0.0488914
4.39068e-11	-0.0496911
4.39525e-11	-0.0504959
4.39981e-11	-0.0513056
4.40438e-11	-0.0521203
4.40895e-11	-0.0529399
4.41352e-11	-0.0537645
4.41809e-11	-0.0545941
4.42266e-11	-0.0554286
4.42723e-11	-0.0562681
4.4318e-11	-0.0571125
4.43637e-11	-0.0579619
4.44093e-11	-0.0588163
4.4455e-11	-0.0596755
4.45007e-11	-0.0605398
4.45464e-11	-0.0614089
4.45921e-11	-0.062283
4.46378e-11	-0.063162
4.46835e-11	-0.064046
4.47292e-11	-0.0649348
4.47749e-11	-0.0658286
4.48205e-11	-0.0667273
4.48662e-11	-0.0676309
4.49119e-11	-0.0685393
4.49576e-11	-0.0694527
4.50033e-11	-0.0703709
4.5049e-11	-0.071294
4.50947e-11	-0.0722219
4.51404e-11	-0.0731548
4.51861e-11	-0.0740924
4.52317e-11	-0.0750349
4.52774e-11	-0.0759822
4.53231e-11	-0.0769344
4.53688e-11	-0.0778913
4.54145e-11	-0.078853
4.54602e-11	-0.0798195
4.55059e-11	-0.0807908
4.55516e-11	-0.0817669
4.55973e-11	-0.0827477
4.56429e-11	-0.0837332
4.56886e-11	-0.0847235
4.57343e-11	-0.0857185
4.578e-11	-0.0867181
4.58257e-11	-0.0877225
4.58714e-11	-0.0887315
4.59171e-11	-0.0897452
4.59628e-11	-0.0907636
4.60084e-11	-0.0917865
4.60541e-11	-0.0928141
4.60998e-11	-0.0938463
4.61455e-11	-0.094883
4.61912e-11	-0.0959243
4.62369e-11	-0.0969702
4.62826e-11	-0.0980206
4.63283e-11	-0.0990755
4.6374e-11	-0.100135
4.64196e-11	-0.101199
4.64653e-11	-0.102267
4.6511e-11	-0.10334
4.65567e-11	-0.104417
4.66024e-11	-0.105499
4.66481e-11	-0.106585
4.66938e-11	-0.107675
4.67395e-11	-0.108769
4.67852e-11	-0.109868
4.68308e-11	-0.110972
4.68765e-11	-0.112079
4.69222e-11	-0.113191
4.69679e-11	-0.114307
4.70136e-11	-0.115427
4.70593e-11	-0.116551
4.7105e-11	-0.11768
4.71507e-11	-0.118813
4.71964e-11	-0.119949
4.7242e-11	-0.12109
4.72877e-11	-0.122235
4.73334e-11	-0.123384
4.73791e-11	-0.124537
4.74248e-11	-0.125694
4.74705e-11	-0.126854
4.75162e-11	-0.128019
4.75619e-11	-0.129188
4.76076e-11	-0.13036
4.76532e-11	-0.131536
4.76989e-11	-0.132716
4.77446e-11	-0.1339
4.77903e-11	-0.135088
4.7836e-11	-0.136279
4.78817e-11	-0.137474
4.79274e-11	-0.138673
4.79731e-11	-0.139875
4.80187e-11	-0.141081
4.80644e-11	-0.14229
4.81101e-11	-0.143503
4.81558e-11	-0.144719
4.82015e-11	-0.145939
4.82472e-11	-0.147162
4.82929e-11	-0.148389
4.83386e-11	-0.149619
4.83843e-11	-0.150852
4.84299e-11	-0.152088
4.84756e-11	-0.153328
4.85213e-11	-0.154571
4.8567e-11	-0.155817
4.86127e-11	-0.157066
4.86584e-11	-0.158318
4.87041e-11	-0.159574
4.87498e-11	-0.160832
4.87955e-11	-0.162093
4.88411e-11	-0.163357
4.88868e-11	-0.164624
4.89325e-11	-0.165894
4.89782e-11	-0.167167
4.90239e-11	-0.168442
4.90696e-11	-0.16972
4.91153e-11	-0.171001
4.9161e-11	-0.172285
4.92067e-11	-0.173571
4.92523e-11	-0.174859
4.9298e-11	-0.17615
4.93437e-11	-0.177444
4.93894e-11	-0.17874
4.94351e-11	-0.180038
4.94808e-11	-0.181339
4.95265e-11	-0.182641
4.95722e-11	-0.183946
4.96179e-11	-0.185254
4.96635e-11	-0.186563
4.97092e-11	-0.187875
4.97549e-11	-0.189188
4.98006e-11	-0.190503
4.98463e-11	-0.191821
4.9892e-11	-0.19314
4.99377e-11	-0.194461
4.99834e-11	-0.195784
5.0029e-11	-0.197109
5.00747e-11	-0.198435
5.01204e-11	-0.199763
5.01661e-11	-0.201092
5.02118e-11	-0.202423
5.02575e-11	-0.203756
5.03032e-11	-0.205089
5.03489e-11	-0.206425
5.03946e-11	-0.207761
5.04402e-11	-0.209099
5.04859e-11	-0.210438
5.05316e-11	-0.211778
5.05773e-11	-0.213119
5.0623e-11	-0.214461
5.06687e-11	-0.215804
5.07144e-11	-0.217148
5.07601e-11	-0.218493
5.08058e-11	-0.219839
5.08514e-11	-0.221185
5.08971e-11	-0.222533
5.09428e-11	-0.22388
5.09885e-11	-0.225229
5.10342e-11	-0.226577
5.10799e-11	-0.227926
5.11256e-11	-0.229276
5.11713e-11	-0.230626
5.1217e-11	-0.231976
5.12626e-11	-0.233326
5.13083e-11	-0.234677
5.1354e-11	-0.236027
5.13997e-11	-0.237378
5.14454e-11	-0.238728
5.14911e-11	-0.240078
5.15368e-11	-0.241428
5.15825e-11	-0.242778
5.16282e-11	-0.244128
5.16738e-11	-0.245477
5.17195e-11	-0.246825
5.17652e-11	-0.248173
5.18109e-11	-0.249521
5.18566e-11	-0.250868
5.19023e-11	-0.252214
5.1948e-11	-0.253559
5.19937e-11	-0.254904
5.20393e-11	-0.256247
5.2085e-11	-0.25759
5.21307e-11	-0.258931
5.21764e-11	-0.260271
5.22221e-11	-0.261611
5.22678e-11	-0.262948
5.23135e-11	-0.264285
5.23592e-11	-0.26562
5.24049e-11	-0.266953
5.24505e-11	-0.268285
5.24962e-11	-0.269616
5.25419e-11	-0.270944
5.25876e-11	-0.272271
5.26333e-11	-0.273596
5.2679e-11	-0.274919
5.27247e-11	-0.27624
5.27704e-11	-0.277559
5.28161e-11	-0.278876
5.28617e-11	-0.28019
5.29074e-11	-0.281502
5.29531e-11	-0.282812
5.29988e-11	-0.28412
5.30445e-11	-0.285424
5.30902e-11	-0.286727
5.31359e-11	-0.288026
5.31816e-11	-0.289323
5.32273e-11	-0.290617
5.32729e-11	-0.291908
5.33186e-11	-0.293196
5.33643e-11	-0.294481
5.341e-11	-0.295762
5.34557e-11	-0.297041
5.35014e-11	-0.298316
5.35471e-11	-0.299588
5.35928e-11	-0.300856
5.36385e-11	-0.302121
5.36841e-11	-0.303382
5.37298e-11	-0.30464
5.37755e-11	-0.305893
5.38212e-11	-0.307143
5.38669e-11	-0.308389
5.39126e-11	-0.309631
5.39583e-11	-0.310868
5.4004e-11	-0.312102
5.40496e-11	-0.313331
5.40953e-11	-0.314555
5.4141e-11	-0.315776
5.41867e-11	-0.316992
5.42324e-11	-0.318203
5.42781e-11	-0.319409
5.43238e-11	-0.320611
5.43695e-11	-0.321808
5.44152e-11	-0.322999
5.44608e-11	-0.324186
5.45065e-11	-0.325368
5.45522e-11	-0.326544
5.45979e-11	-0.327716
5.46436e-11	-0.328881
5.46893e-11	-0.330042
5.4735e-11	-0.331196
5.47807e-11	-0.332346
5.48264e-11	-0.333489
5.4872e-11	-0.334627
5.49177e-11	-0.335758
5.49634e-11	-0.336884
5.50091e-11	-0.338004
5.50548e-11	-0.339117
5.51005e-11	-0.340225
5.51462e-11	-0.341326
5.51919e-11	-0.34242
5.52376e-11	-0.343508
5.52832e-11	-0.34459
5.53289e-11	-0.345664
5.53746e-11	-0.346732
5.54203e-11	-0.347794
5.5466e-11	-0.348848
5.55117e-11	-0.349895
5.55574e-11	-0.350935
5.56031e-11	-0.351968
5.56487e-11	-0.352994
5.56944e-11	-0.354012
5.57401e-11	-0.355023
5.57858e-11	-0.356026
5.58315e-11	-0.357021
5.58772e-11	-0.358009
5.59229e-11	-0.358989
5.59686e-11	-0.359961
5.60143e-11	-0.360925
5.60599e-11	-0.361881
5.61056e-11	-0.362829
5.61513e-11	-0.363769
5.6197e-11	-0.3647
5.62427e-11	-0.365623
5.62884e-11	-0.366537
5.63341e-11	-0.367442
5.63798e-11	-0.368339
5.64255e-11	-0.369227
5.64711e-11	-0.370107
5.65168e-11	-0.370977
5.65625e-11	-0.371838
5.66082e-11	-0.37269
5.66539e-11	-0.373533
5.66996e-11	-0.374366
5.67453e-11	-0.37519
5.6791e-11	-0.376005
5.68367e-11	-0.37681
5.68823e-11	-0.377605
5.6928e-11	-0.37839
5.69737e-11	-0.379166
5.70194e-11	-0.379932
5.70651e-11	-0.380687
5.71108e-11	-0.381433
5.71565e-11	-0.382168
5.72022e-11	-0.382893
5.72479e-11	-0.383607
5.72935e-11	-0.384311
5.73392e-11	-0.385005
5.73849e-11	-0.385688
5.74306e-11	-0.38636
5.74763e-11	-0.387021
5.7522e-11	-0.387671
5.75677e-11	-0.388311
5.76134e-11	-0.388939
5.7659e-11	-0.389556
5.77047e-11	-0.390162
5.77504e-11	-0.390756
5.77961e-11	-0.391339
5.78418e-11	-0.391911
5.78875e-11	-0.39247
5.79332e-11	-0.393018
5.79789e-11	-0.393555
5.80246e-11	-0.394079
5.80702e-11	-0.394592
5.81159e-11	-0.395092
5.81616e-11	-0.395581
5.82073e-11	-0.396057
5.8253e-11	-0.39652
5.82987e-11	-0.396972
5.83444e-11	-0.397411
5.83901e-11	-0.397837
5.84358e-11	-0.398251
5.84814e-11	-0.398652
5.85271e-11	-0.39904
5.85728e-11	-0.399416
5.86185e-11	-0.399778
5.86642e-11	-0.400127
5.87099e-11	-0.400464
5.87556e-11	-0.400787
5.88013e-11	-0.401096
5.8847e-11	-0.401393
5.88926e-11	-0.401675
5.89383e-11	-0.401945
5.8984e-11	-0.402201
5.90297e-11	-0.402443
5.90754e-11	-0.402671
5.91211e-11	-0.402885
5.91668e-11	-0.403086
5.92125e-11	-0.403272
5.92582e-11	-0.403444
5.93038e-11	-0.403603
5.93495e-11	-0.403747
5.93952e-11	-0.403876
5.94409e-11	-0.403991
5.94866e-11	-0.404092
5.95323e-11	-0.404178
5.9578e-11	-0.40425
5.96237e-11	-0.404307
5.96693e-11	-0.404349
5.9715e-11	-0.404376
5.97607e-11	-0.404388
5.98064e-11	-0.404385
5.98521e-11	-0.404368
5.98978e-11	-0.404335
5.99435e-11	-0.404286
5.99892e-11	-0.404223
6.00349e-11	-0.404144
6.00805e-11	-0.40405
6.01262e-11	-0.40394
6.01719e-11	-0.403815
6.02176e-11	-0.403674
6.02633e-11	-0.403517
6.0309e-11	-0.403345
6.03547e-11	-0.403157
6.04004e-11	-0.402952
6.04461e-11	-0.402732
6.04917e-11	-0.402496
6.05374e-11	-0.402244
6.05831e-11	-0.401975
6.06288e-11	-0.40169
6.06745e-11	-0.401389
6.07202e-11	-0.401072
6.07659e-11	-0.400738
6.08116e-11	-0.400387
6.08573e-11	-0.400021
6.09029e-11	-0.399637
6.09486e-11	-0.399237
6.09943e-11	-0.39882
6.104e-11	-0.398386
6.10857e-11	-0.397936
6.11314e-11	-0.397468
6.11771e-11	-0.396983
6.12228e-11	-0.396482
6.12685e-11	-0.395963
6.13141e-11	-0.395428
6.13598e-11	-0.394875
6.14055e-11	-0.394304
6.14512e-11	-0.393717
6.14969e-11	-0.393112
6.15426e-11	-0.39249
6.15883e-11	-0.39185
6.1634e-11	-0.391193
6.16796e-11	-0.390518
6.17253e-11	-0.389825
6.1771e-11	-0.389115
6.18167e-11	-0.388388
6.18624e-11	-0.387642
6.19081e-11	-0.386879
6.19538e-11	-0.386097
6.19995e-11	-0.385298
6.20452e-11	-0.384481
6.20908e-11	-0.383646
6.21365e-11	-0.382793
6.21822e-11	-0.381922
6.22279e-11	-0.381032
6.22736e-11	-0.380125
6.23193e-11	-0.379199
6.2365e-11	-0.378255
6.24107e-11	-0.377293
6.24564e-11	-0.376313
6.2502e-11	-0.375314
6.25477e-11	-0.374297
6.25934e-11	-0.373261
6.26391e-11	-0.372207
6.26848e-11	-0.371134
6.27305e-11	-0.370043
6.27762e-11	-0.368933
6.28219e-11	-0.367805
6.28676e-11	-0.366658
6.29132e-11	-0.365493
6.29589e-11	-0.364308
6.30046e-11	-0.363105
6.30503e-11	-0.361884
6.3096e-11	-0.360643
6.31417e-11	-0.359384
6.31874e-11	-0.358106
6.32331e-11	-0.356809
6.32788e-11	-0.355493
6.33244e-11	-0.354159
6.33701e-11	-0.352805
6.34158e-11	-0.351432
6.34615e-11	-0.350041
6.35072e-11	-0.34863
6.35529e-11	-0.347201
6.35986e-11	-0.345753
6.36443e-11	-0.344285
6.36899e-11	-0.342799
6.37356e-11	-0.341293
6.37813e-11	-0.339768
6.3827e-11	-0.338225
6.38727e-11	-0.336662
6.39184e-11	-0.33508
6.39641e-11	-0.333479
6.40098e-11	-0.331859
6.40555e-11	-0.33022
6.41011e-11	-0.328561
6.41468e-11	-0.326884
6.41925e-11	-0.325187
6.42382e-11	-0.323471
6.42839e-11	-0.321736
6.43296e-11	-0.319982
6.43753e-11	-0.318209
6.4421e-11	-0.316416
6.44667e-11	-0.314604
6.45123e-11	-0.312774
6.4558e-11	-0.310924
6.46037e-11	-0.309054
6.46494e-11	-0.307166
6.46951e-11	-0.305259
6.47408e-11	-0.303332
6.47865e-11	-0.301386
6.48322e-11	-0.299422
6.48779e-11	-0.297438
6.49235e-11	-0.295435
6.49692e-11	-0.293412
6.50149e-11	-0.291371
6.50606e-11	-0.289311
6.51063e-11	-0.287231
6.5152e-11	-0.285133
6.51977e-11	-0.283015
6.52434e-11	-0.280879
6.52891e-11	-0.278724
6.53347e-11	-0.276549
6.53804e-11	-0.274356
6.54261e-11	-0.272143
6.54718e-11	-0.269912
6.55175e-11	-0.267662
6.55632e-11	-0.265393
6.56089e-11	-0.263105
6.56546e-11	-0.260799
6.57002e-11	-0.258473
6.57459e-11	-0.256129
6.57916e-11	-0.253766
6.58373e-11	-0.251384
6.5883e-11	-0.248984
6.59287e-11	-0.246565
6.59744e-11	-0.244128
6.60201e-11	-0.241672
6.60658e-11	-0.239197
6.61114e-11	-0.236704
6.61571e-11	-0.234192
6.62028e-11	-0.231663
6.62485e-11	-0.229114
6.62942e-11	-0.226547
6.63399e-11	-0.223963
6.63856e-11	-0.221359
6.64313e-11	-0.218738
6.6477e-11	-0.216098
6.65226e-11	-0.213441
6.65683e-11	-0.210765
6.6614e-11	-0.208071
6.66597e-11	-0.205359
6.67054e-11	-0.202629
6.67511e-11	-0.199882
6.67968e-11	-0.197116
6.68425e-11	-0.194333
6.68882e-11	-0.191532
6.69338e-11	-0.188714
6.69795e-11	-0.185878
6.70252e-11	-0.183024
6.70709e-11	-0.180153
6.71166e-11	-0.177264
6.71623e-11	-0.174358
6.7208e-11	-0.171435
6.72537e-11	-0.168494
6.72994e-11	-0.165537
6.7345e-11	-0.162562
6.73907e-11	-0.15957
6.74364e-11	-0.156561
6.74821e-11	-0.153535
6.75278e-11	-0.150493
6.75735e-11	-0.147434
6.76192e-11	-0.144357
6.76649e-11	-0.141265
6.77105e-11	-0.138156
6.77562e-11	-0.13503
6.78019e-11	-0.131888
6.78476e-11	-0.128729
6.78933e-11	-0.125555
6.7939e-11	-0.122364
6.79847e-11	-0.119157
6.80304e-11	-0.115934
6.80761e-11	-0.112695
6.81217e-11	-0.10944
6.81674e-11	-0.106169
6.82131e-11	-0.102883
6.82588e-11	-0.0995814
6.83045e-11	-0.0962641
6.83502e-11	-0.0929314
6.83959e-11	-0.0895833
6.84416e-11	-0.08622
6.84873e-11	-0.0828415
6.85329e-11	-0.079448
6.85786e-11	-0.0760395
6.86243e-11	-0.0726162
6.867e-11	-0.069178
6.87157e-11	-0.0657252
6.87614e-11	-0.0622578
6.88071e-11	-0.0587759
6.88528e-11	-0.0552796
6.88985e-11	-0.051769
6.89441e-11	-0.0482442
6.89898e-11	-0.0447054
6.90355e-11	-0.0411526
6.90812e-11	-0.0375858
6.91269e-11	-0.0340053
6.91726e-11	-0.0304112
6.92183e-11	-0.0268034
6.9264e-11	-0.0231823
6.93096e-11	-0.0195477
6.93553e-11	-0.0159
6.9401e-11	-0.0122391
6.94467e-11	-0.00856515
6.94924e-11	-0.00487834
6.95381e-11	-0.00117873
6.95838e-11	0.00253355
6.96295e-11	0.0062584
6.96752e-11	0.00999569
6.97208e-11	0.0137453
6.97665e-11	0.0175071
6.98122e-11	0.0212811
6.98579e-11	0.025067
6.99036e-11	0.0288647
6.99493e-11	0.0326742
6.9995e-11	0.0364952
7.00407e-11	0.0403278
7.00864e-11	0.0441717
7.0132e-11	0.0480269
7.01777e-11	0.0518932
7.02234e-11	0.0557704
7.02691e-11	0.0596585
7.03148e-11	0.0635573
7.03605e-11	0.0674668
7.04062e-11	0.0713867
7.04519e-11	0.0753169
7.04976e-11	0.0792573
7.05432e-11	0.0832078
7.05889e-11	0.0871682
7.06346e-11	0.0911385
7.06803e-11	0.0951184
7.0726e-11	0.0991078
7.07717e-11	0.103107
7.08174e-11	0.107115
7.08631e-11	0.111132
7.09088e-11	0.115158
7.09544e-11	0.119193
7.10001e-11	0.123237
7.10458e-11	0.127289
7.10915e-11	0.13135
7.11372e-11	0.135419
7.11829e-11	0.139496
7.12286e-11	0.143581
7.12743e-11	0.147674
7.13199e-11	0.151774
7.13656e-11	0.155883
7.14113e-11	0.159998
7.1457e-11	0.164121
7.15027e-11	0.168251
7.15484e-11	0.172388
7.15941e-11	0.176531
7.16398e-11	0.180682
7.16855e-11	0.184838
7.17311e-11	0.189001
7.17768e-11	0.193171
7.18225e-11	0.197346
7.18682e-11	0.201527
7.19139e-11	0.205714
7.19596e-11	0.209907
7.20053e-11	0.214105
7.2051e-11	0.218308
7.20967e-11	0.222516
7.21423e-11	0.22673
7.2188e-11	0.230948
7.22337e-11	0.23517
7.22794e-11	0.239398
7.23251e-11	0.243629
7.23708e-11	0.247865
7.24165e-11	0.252104
7.24622e-11	0.256348
7.25079e-11	0.260595
7.25535e-11	0.264845
7.25992e-11	0.269099
7.26449e-11	0.273356
7.26906e-11	0.277616
7.27363e-11	0.281879
7.2782e-11	0.286145
7.28277e-11	0.290413
7.28734e-11	0.294683
7.29191e-11	0.298956
7.29647e-11	0.303231
7.30104e-11	0.307507
7.30561e-11	0.311785
7.31018e-11	0.316065
7.31475e-11	0.320346
7.31932e-11	0.324628
7.32389e-11	0.328911
7.32846e-11	0.333195
7.33302e-11	0.33748
7.33759e-11	0.341765
7.34216e-11	0.346051
7.34673e-11	0.350336
7.3513e-11	0.354622
7.35587e-11	0.358907
7.36044e-11	0.363192
7.36501e-11	0.367476
7.36958e-11	0.37176
7.37414e-11	0.376043
7.37871e-11	0.380325
7.38328e-11	0.384605
7.38785e-11	0.388884
7.39242e-11	0.393162
7.39699e-11	0.397437
7.40156e-11	0.401711
7.40613e-11	0.405983
7.4107e-11	0.410252
7.41526e-11	0.414519
7.41983e-11	0.418783
7.4244e-11	0.423045
7.42897e-11	0.427303
7.43354e-11	0.431558
7.43811e-11	0.43581
7.44268e-11	0.440059
7.44725e-11	0.444303
7.45182e-11	0.448544
7.45638e-11	0.452781
7.46095e-11	0.457013
7.46552e-11	0.461241
7.47009e-11	0.465465
7.47466e-11	0.469683
7.47923e-11	0.473897
7.4838e-11	0.478106
7.48837e-11	0.482309
7.49294e-11	0.486507
7.4975e-11	0.490699
7.50207e-11	0.494885
7.50664e-11	0.499065
7.51121e-11	0.503239
7.51578e-11	0.507407
7.52035e-11	0.511568
7.52492e-11	0.515723
7.52949e-11	0.51987
7.53405e-11	0.524011
7.53862e-11	0.528144
7.54319e-11	0.532269
7.54776e-11	0.536388
7.55233e-11	0.540498
7.5569e-11	0.5446
7.56147e-11	0.548694
7.56604e-11	0.55278
7.57061e-11	0.556857
7.57517e-11	0.560926
7.57974e-11	0.564986
7.58431e-11	0.569037
7.58888e-11	0.573078
7.59345e-11	0.57711
7.59802e-11	0.581133
7.60259e-11	0.585146
7.60716e-11	0.589148
7.61173e-11	0.593141
7.61629e-11	0.597124
7.62086e-11	0.601096
7.62543e-11	0.605057
7.63e-11	0.609008
7.63457e-11	0.612948
7.63914e-11	0.616876
7.64371e-11	0.620793
7.64828e-11	0.624699
7.65285e-11	0.628593
7.65741e-11	0.632475
7.66198e-11	0.636346
7.66655e-11	0.640204
7.67112e-11	0.644049
7.67569e-11	0.647882
7.68026e-11	0.651703
7.68483e-11	0.65551
7.6894e-11	0.659305
7.69397e-11	0.663086
7.69853e-11	0.666854
7.7031e-11	0.670609
7.70767e-11	0.674349
7.71224e-11	0.678076
7.71681e-11	0.681789
7.72138e-11	0.685488
7.72595e-11	0.689172
7.73052e-11	0.692841
7.73508e-11	0.696496
7.73965e-11	0.700136
7.74422e-11	0.703761
7.74879e-11	0.707371
7.75336e-11	0.710965
7.75793e-11	0.714544
7.7625e-11	0.718107
7.76707e-11	0.721654
7.77164e-11	0.725186
7.7762e-11	0.728701
7.78077e-11	0.732199
7.78534e-11	0.735682
7.78991e-11	0.739147
7.79448e-11	0.742596
7.79905e-11	0.746028
7.80362e-11	0.749442
7.80819e-11	0.75284
7.81276e-11	0.756219
7.81732e-11	0.759582
7.82189e-11	0.762926
7.82646e-11	0.766253
7.83103e-11	0.769561
7.8356e-11	0.772851
7.84017e-11	0.776123
7.84474e-11	0.779377
7.84931e-11	0.782611
7.85388e-11	0.785827
7.85844e-11	0.789024
7.86301e-11	0.792202
7.86758e-11	0.795361
7.87215e-11	0.7985
7.87672e-11	0.801619
7.88129e-11	0.804719
7.88586e-11	0.807799
7.89043e-11	0.810859
7.895e-11	0.813899
7.89956e-11	0.816919
7.90413e-11	0.819918
7.9087e-11	0.822897
7.91327e-11	0.825855
7.91784e-11	0.828792
7.92241e-11	0.831708
7.92698e-11	0.834603
7.93155e-11	0.837477
7.93611e-11	0.840329
7.94068e-11	0.84316
7.94525e-11	0.84597
7.94982e-11	0.848757
7.95439e-11	0.851523
7.95896e-11	0.854266
7.96353e-11	0.856988
7.9681e-11	0.859687
7.97267e-11	0.862364
7.97723e-11	0.865018
7.9818e-11	0.867649
7.98637e-11	0.870258
7.99094e-11	0.872844
7.99551e-11	0.875407
8.00008e-11	0.877946
8.00465e-11	0.880463
8.00922e-11	0.882956
8.01379e-11	0.885425
8.01835e-11	0.887871
8.02292e-11	0.890293
8.02749e-11	0.892691
8.03206e-11	0.895066
8.03663e-11	0.897416
8.0412e-11	0.899742
8.04577e-11	0.902043
8.05034e-11	0.904321
8.05491e-11	0.906573
8.05947e-11	0.908801
8.06404e-11	0.911005
8.06861e-11	0.913183
8.07318e-11	0.915337
8.07775e-11	0.917465
8.08232e-11	0.919569
8.08689e-11	0.921647
8.09146e-11	0.9237
8.09603e-11	0.925727
8.10059e-11	0.927729
8.10516e-11	0.929705
8.10973e-11	0.931655
8.1143e-11	0.93358
8.11887e-11	0.935479
8.12344e-11	0.937351
8.12801e-11	0.939198
8.13258e-11	0.941018
8.13714e-11	0.942812
8.14171e-11	0.94458
8.14628e-11	0.946321
8.15085e-11	0.948036
8.15542e-11	0.949724
8.15999e-11	0.951386
8.16456e-11	0.95302
8.16913e-11	0.954628
8.1737e-11	0.956209
8.17826e-11	0.957763
8.18283e-11	0.95929
8.1874e-11	0.96079
8.19197e-11	0.962262
8.19654e-11	0.963708
8.20111e-11	0.965125
8.20568e-11	0.966516
8.21025e-11	0.967879
8.21482e-11	0.969214
8.21938e-11	0.970522
8.22395e-11	0.971802
8.22852e-11	0.973054
8.23309e-11	0.974279
8.23766e-11	0.975475
8.24223e-11	0.976644
8.2468e-11	0.977785
8.25137e-11	0.978897
8.25594e-11	0.979982
8.2605e-11	0.981039
8.26507e-11	0.982067
8.26964e-11	0.983067
8.27421e-11	0.984039
8.27878e-11	0.984982
8.28335e-11	0.985897
8.28792e-11	0.986784
8.29249e-11	0.987642
8.29705e-11	0.988471
8.30162e-11	0.989272
8.30619e-11	0.990045
8.31076e-11	0.990789
8.31533e-11	0.991504
8.3199e-11	0.99219
8.32447e-11	0.992848
8.32904e-11	0.993477
8.33361e-11	0.994077
8.33817e-11	0.994648
8.34274e-11	0.995191
8.34731e-11	0.995704
8.35188e-11	0.996189
8.35645e-11	0.996645
8.36102e-11	0.997072
8.36559e-11	0.99747
8.37016e-11	0.997839
8.37473e-11	0.998179
8.37929e-11	0.998489
8.38386e-11	0.998771
8.38843e-11	0.999024
8.393e-11	0.999248
8.39757e-11	0.999442
8.40214e-11	0.999608
8.40671e-11	0.999745
8.41128e-11	0.999852
8.41585e-11	0.99993
8.42041e-11	0.999979
8.42498e-11	0.999999
8.42955e-11	0.99999
8.43412e-11	0.999952
8.43869e-11	0.999885
8.44326e-11	0.999789
8.44783e-11	0.999663
8.4524e-11	0.999509
8.45697e-11	0.999325
8.46153e-11	0.999112
8.4661e-11	0.998871
8.47067e-11	0.9986
8.47524e-11	0.9983
8.47981e-11	0.997971
8.48438e-11	0.997613
8.48895e-11	0.997226
8.49352e-11	0.99681
8.49808e-11	0.996366
8.50265e-11	0.995892
8.50722e-11	0.995389
8.51179e-11	0.994858
8.51636e-11	0.994297
8.52093e-11	0.993708
8.5255e-11	0.99309
8.53007e-11	0.992443
8.53464e-11	0.991768
8.5392e-11	0.991063
8.54377e-11	0.99033
8.54834e-11	0.989569
8.55291e-11	0.988778
8.55748e-11	0.98796
8.56205e-11	0.987112
8.56662e-11	0.986237
8.57119e-11	0.985332
8.57576e-11	0.9844
8.58032e-11	0.983439
8.58489e-11	0.98245
8.58946e-11	0.981432
8.59403e-11	0.980386
8.5986e-11	0.979312
8.60317e-11	0.97821
8.60774e-11	0.97708
8.61231e-11	0.975922
8.61688e-11	0.974736
8.62144e-11	0.973522
8.62601e-11	0.97228
8.63058e-11	0.971011
8.63515e-11	0.969714
8.63972e-11	0.968389
8.64429e-11	0.967036
8.64886e-11	0.965656
8.65343e-11	0.964249
8.658e-11	0.962814
8.66256e-11	0.961352
8.66713e-11	0.959862
8.6717e-11	0.958346
8.67627e-11	0.956802
8.68084e-11	0.955231
8.68541e-11	0.953634
8.68998e-11	0.952009
8.69455e-11	0.950358
8.69911e-11	0.94868
8.70368e-11	0.946975
8.70825e-11	0.945244
8.71282e-11	0.943486
8.71739e-11	0.941702
8.72196e-11	0.939892
8.72653e-11	0.938055
8.7311e-11	0.936192
8.73567e-11	0.934303
8.74023e-11	0.932389
8.7448e-11	0.930448
8.74937e-11	0.928482
8.75394e-11	0.926489
8.75851e-11	0.924472
8.76308e-11	0.922429
8.76765e-11	0.92036
8.77222e-11	0.918266
8.77679e-11	0.916147
8.78135e-11	0.914003
8.78592e-11	0.911834
8.79049e-11	0.90964
8.79506e-11	0.907422
8.79963e-11	0.905178
8.8042e-11	0.90291
8.80877e-11	0.900618
8.81334e-11	0.898301
8.81791e-11	0.89596
8.82247e-11	0.893595
8.82704e-11	0.891206
8.83161e-11	0.888793
8.83618e-11	0.886356
8.84075e-11	0.883896
8.84532e-11	0.881411
8.84989e-11	0.878904
8.85446e-11	0.876373
8.85903e-11	0.873819
8.86359e-11	0.871242
8.86816e-11	0.868642
8.87273e-11	0.866019
8.8773e-11	0.863373
8.88187e-11	0.860705
8.88644e-11	0.858015
8.89101e-11	0.855302
8.89558e-11	0.852566
8.90014e-11	0.849809
8.90471e-11	0.84703
8.90928e-11	0.844229
8.91385e-11	0.841406
8.91842e-11	0.838562
8.92299e-11	0.835696
8.92756e-11	0.832809
8.93213e-11	0.829901
8.9367e-11	0.826972
8.94126e-11	0.824021
8.94583e-11	0.821051
8.9504e-11	0.818059
8.95497e-11	0.815047
8.95954e-11	0.812015
8.96411e-11	0.808963
8.96868e-11	0.80589
8.97325e-11	0.802798
8.97782e-11	0.799686
8.98238e-11	0.796554
8.98695e-11	0.793403
8.99152e-11	0.790232
8.99609e-11	0.787043
9.00066e-11	0.783834
9.00523e-11	0.780606
9.0098e-11	0.77736
9.01437e-11	0.774095
9.01894e-11	0.770812
9.0235e-11	0.76751
9.02807e-11	0.76419
9.03264e-11	0.760853
9.03721e-11	0.757497
9.04178e-11	0.754124
9.04635e-11	0.750733
9.05092e-11	0.747325
9.05549e-11	0.7439
9.06006e-11	0.740458
9.06462e-11	0.736999
9.06919e-11	0.733523
9.07376e-11	0.73003
9.07833e-11	0.726521
9.0829e-11	0.722996
9.08747e-11	0.719455
9.09204e-11	0.715898
9.09661e-11	0.712325
9.10117e-11	0.708736
9.10574e-11	0.705133
9.11031e-11	0.701513
9.11488e-11	0.697879
9.11945e-11	0.69423
9.12402e-11	0.690566
9.12859e-11	0.686887
9.13316e-11	0.683194
9.13773e-11	0.679487
9.14229e-11	0.675765
9.14686e-11	0.67203
9.15143e-11	0.66828
9.156e-11	0.664518
9.16057e-11	0.660741
9.16514e-11	0.656952
9.16971e-11	0.653149
9.17428e-11	0.649334
9.17885e-11	0.645505
9.18341e-11	0.641664
9.18798e-11	0.637811
9.19255e-11	0.633945
9.19712e-11	0.630068
9.20169e-11	0.626178
9.20626e-11	0.622277
9.21083e-11	0.618364
9.2154e-11	0.61444
9.21997e-11	0.610504
9.22453e-11	0.606558
9.2291e-11	0.6026
9.23367e-11	0.598632
9.23824e-11	0.594654
9.24281e-11	0.590665
9.24738e-11	0.586666
9.25195e-11	0.582657
9.25652e-11	0.578638
9.26109e-11	0.574609
9.26565e-11	0.570571
9.27022e-11	0.566524
9.27479e-11	0.562468
9.27936e-11	0.558402
9.28393e-11	0.554328
9.2885e-11	0.550246
9.29307e-11	0.546155
9.29764e-11	0.542055
9.3022e-11	0.537948
9.30677e-11	0.533833
9.31134e-11	0.52971
9.31591e-11	0.52558
9.32048e-11	0.521442
9.32505e-11	0.517297
9.32962e-11	0.513145
9.33419e-11	0.508987
9.33876e-11	0.504822
9.34332e-11	0.50065
9.34789e-11	0.496472
9.35246e-11	0.492288
9.35703e-11	0.488098
9.3616e-11	0.483902
9.36617e-11	0.479701
9.37074e-11	0.475494
9.37531e-11	0.471283
9.37988e-11	0.467066
9.38444e-11	0.462844
9.38901e-11	0.458618
9.39358e-11	0.454387
9.39815e-11	0.450152
9.40272e-11	0.445913
9.40729e-11	0.44167
9.41186e-11	0.437423
9.41643e-11	0.433172
9.421e-11	0.428918
9.42556e-11	0.424661
9.43013e-11	0.420401
9.4347e-11	0.416137
9.43927e-11	0.411872
9.44384e-11	0.407603
9.44841e-11	0.403332
9.45298e-11	0.399059
9.45755e-11	0.394784
9.46212e-11	0.390507
9.46668e-11	0.386229
9.47125e-11	0.381949
9.47582e-11	0.377668
9.48039e-11	0.373385
9.48496e-11	0.369102
9.48953e-11	0.364818
9.4941e-11	0.360533
9.49867e-11	0.356248
9.50323e-11	0.351962
9.5078e-11	0.347677
9.51237e-11	0.343391
9.51694e-11	0.339106
9.52151e-11	0.334821
9.52608e-11	0.330537
9.53065e-11	0.326253
9.53522e-11	0.321971
9.53979e-11	0.317689
9.54435e-11	0.313409
9.54892e-11	0.30913
9.55349e-11	0.304853
9.55806e-11	0.300578
9.56263e-11	0.296304
9.5672e-11	0.292033
9.57177e-11	0.287764
9.57634e-11	0.283497
9.58091e-11	0.279234
9.58547e-11	0.274972
9.59004e-11	0.270714
9.59461e-11	0.266459
9.59918e-11	0.262207
9.60375e-11	0.257959
9.60832e-11	0.253714
9.61289e-11	0.249473
9.61746e-11	0.245236
9.62203e-11	0.241003
9.62659e-11	0.236774
9.63116e-11	0.232549
9.63573e-11	0.22833
9.6403e-11	0.224114
9.64487e-11	0.219904
9.64944e-11	0.215699
9.65401e-11	0.211499
9.65858e-11	0.207304
9.66314e-11	0.203115
9.66771e-11	0.198932
9.67228e-11	0.194754
9.67685e-11	0.190583
9.68142e-11	0.186417
9.68599e-11	0.182258
9.69056e-11	0.178105
9.69513e-11	0.173959
9.6997e-11	0.16982
9.70426e-11	0.165687
9.70883e-11	0.161562
9.7134e-11	0.157443
9.71797e-11	0.153332
9.72254e-11	0.149229
9.72711e-11	0.145133
9.73168e-11	0.141045
9.73625e-11	0.136965
9.74082e-11	0.132893
9.74538e-11	0.128829
9.74995e-11	0.124773
9.75452e-11	0.120726
9.75909e-11	0.116688
9.76366e-11	0.112659
9.76823e-11	0.108638
9.7728e-11	0.104626
9.77737e-11	0.100624
9.78194e-11	0.096631
9.7865e-11	0.0926475
9.79107e-11	0.0886735
9.79564e-11	0.0847094
9.80021e-11	0.0807551
9.80478e-11	0.0768108
9.80935e-11	0.0728767
9.81392e-11	0.0689529
9.81849e-11	0.0650395
9.82306e-11	0.0611366
9.82762e-11	0.0572444
9.83219e-11	0.053363
9.83676e-11	0.0494926
9.84133e-11	0.0456332
9.8459e-11	0.041785
9.85047e-11	0.0379481
9.85504e-11	0.0341226
9.85961e-11	0.0303088
9.86417e-11	0.0265065
9.86874e-11	0.0227161
9.87331e-11	0.0189377
9.87788e-11	0.0151712
9.88245e-11	0.011417
9.88702e-11	0.00767499
9.89159e-11	0.00394541
9.89616e-11	0.000228342
9.90073e-11	-0.00347609
9.90529e-11	-0.00716777
9.90986e-11	-0.0108466
9.91443e-11	-0.0145124
9.919e-11	-0.0181652
9.92357e-11	-0.0218048
9.92814e-11	-0.025431
9.93271e-11	-0.0290439
9.93728e-11	-0.0326432
9.94185e-11	-0.0362289
9.94641e-11	-0.0398009
9.95098e-11	-0.043359
9.95555e-11	-0.0469031
9.96012e-11	-0.0504333
9.96469e-11	-0.0539492
9.96926e-11	-0.057451
9.97383e-11	-0.0609383
9.9784e-11	-0.0644113
9.98297e-11	-0.0678696
9.98753e-11	-0.0713134
9.9921e-11	-0.0747423
9.99667e-11	-0.0781565
1.00012e-10	-0.0815557
1.00058e-10	-0.0849399
1.00104e-10	-0.088309
1.00149e-10	-0.0916628
1.00195e-10	-0.0950014
1.00241e-10	-0.0983246
1.00287e-10	-0.101632
1.00332e-10	-0.104924
1.00378e-10	-0.108201
1.00424e-10	-0.111462
1.00469e-10	-0.114707
1.00515e-10	-0.117936
1.00561e-10	-0.121149
1.00606e-10	-0.124346
1.00652e-10	-0.127527
1.00698e-10	-0.130691
1.00743e-10	-0.13384
1.00789e-10	-0.136971
1.00835e-10	-0.140087
1.0088e-10	-0.143186
1.00926e-10	-0.146268
1.00972e-10	-0.149334
1.01018e-10	-0.152383
1.01063e-10	-0.155415
1.01109e-10	-0.15843
1.01155e-10	-0.161429
1.012e-10	-0.16441
1.01246e-10	-0.167374
1.01292e-10	-0.170321
1.01337e-10	-0.173251
1.01383e-10	-0.176164
1.01429e-10	-0.179059
1.01474e-10	-0.181937
1.0152e-10	-0.184797
1.01566e-10	-0.18764
1.01612e-10	-0.190465
1.01657e-10	-0.193273
1.01703e-10	-0.196062
1.01749e-10	-0.198835
1.01794e-10	-0.201589
1.0184e-10	-0.204325
1.01886e-10	-0.207044
1.01931e-10	-0.209745
1.01977e-10	-0.212427
1.02023e-10	-0.215092
1.02068e-10	-0.217738
1.02114e-10	-0.220367
1.0216e-10	-0.222977
1.02205e-10	-0.225569
1.02251e-10	-0.228142
1.02297e-10	-0.230698
1.02343e-10	-0.233235
1.02388e-10	-0.235753
1.02434e-10	-0.238253
1.0248e-10	-0.240735
1.02525e-10	-0.243198
1.02571e-10	-0.245643
1.02617e-10	-0.248069
1.02662e-10	-0.250476
1.02708e-10	-0.252865
1.02754e-10	-0.255235
1.02799e-10	-0.257586
1.02845e-10	-0.259918
1.02891e-10	-0.262232
1.02936e-10	-0.264527
1.02982e-10	-0.266803
1.03028e-10	-0.269061
1.03074e-10	-0.271299
1.03119e-10	-0.273519
1.03165e-10	-0.275719
1.03211e-10	-0.277901
1.03256e-10	-0.280063
1.03302e-10	-0.282207
1.03348e-10	-0.284332
1.03393e-10	-0.286437
1.03439e-10	-0.288524
1.03485e-10	-0.290592
1.0353e-10	-0.29264
1.03576e-10	-0.294669
1.03622e-10	-0.29668
1.03667e-10	-0.298671
1.03713e-10	-0.300643
1.03759e-10	-0.302596
1.03805e-10	-0.30453
1.0385e-10	-0.306445
1.03896e-10	-0.30834
1.03942e-10	-0.310217
1.03987e-10	-0.312074
1.04033e-10	-0.313912
1.04079e-10	-0.315731
1.04124e-10	-0.317531
1.0417e-10	-0.319311
1.04216e-10	-0.321073
1.04261e-10	-0.322815
1.04307e-10	-0.324538
1.04353e-10	-0.326242
1.04399e-10	-0.327927
1.04444e-10	-0.329593
1.0449e-10	-0.331239
1.04536e-10	-0.332867
1.04581e-10	-0.334475
1.04627e-10	-0.336064
1.04673e-10	-0.337634
1.04718e-10	-0.339185
1.04764e-10	-0.340717
1.0481e-10	-0.34223
1.04855e-10	-0.343723
1.04901e-10	-0.345198
1.04947e-10	-0.346654
1.04992e-10	-0.34809
1.05038e-10	-0.349508
1.05084e-10	-0.350907
1.0513e-10	-0.352286
1.05175e-10	-0.353647
1.05221e-10	-0.354989
1.05267e-10	-0.356312
1.05312e-10	-0.357616
1.05358e-10	-0.358901
1.05404e-10	-0.360168
1.05449e-10	-0.361415
1.05495e-10	-0.362644
1.05541e-10	-0.363854
1.05586e-10	-0.365046
1.05632e-10	-0.366218
1.05678e-10	-0.367372
1.05723e-10	-0.368508
1.05769e-10	-0.369624
1.05815e-10	-0.370722
1.05861e-10	-0.371802
1.05906e-10	-0.372863
1.05952e-10	-0.373906
1.05998e-10	-0.37493
1.06043e-10	-0.375936
1.06089e-10	-0.376923
1.06135e-10	-0.377892
1.0618e-10	-0.378843
1.06226e-10	-0.379776
1.06272e-10	-0.38069
1.06317e-10	-0.381586
1.06363e-10	-0.382464
1.06409e-10	-0.383324
1.06455e-10	-0.384166
1.065e-10	-0.38499
1.06546e-10	-0.385796
1.06592e-10	-0.386584
1.06637e-10	-0.387354
1.06683e-10	-0.388107
1.06729e-10	-0.388841
1.06774e-10	-0.389558
1.0682e-10	-0.390257
1.06866e-10	-0.390939
1.06911e-10	-0.391603
1.06957e-10	-0.392249
1.07003e-10	-0.392878
1.07048e-10	-0.393489
1.07094e-10	-0.394083
1.0714e-10	-0.39466
1.07186e-10	-0.39522
1.07231e-10	-0.395762
1.07277e-10	-0.396287
1.07323e-10	-0.396795
1.07368e-10	-0.397286
1.07414e-10	-0.39776
1.0746e-10	-0.398217
1.07505e-10	-0.398657
1.07551e-10	-0.399081
1.07597e-10	-0.399487
1.07642e-10	-0.399877
1.07688e-10	-0.40025
1.07734e-10	-0.400607
1.07779e-10	-0.400947
1.07825e-10	-0.401271
1.07871e-10	-0.401578
1.07917e-10	-0.401869
1.07962e-10	-0.402144
1.08008e-10	-0.402402
1.08054e-10	-0.402644
1.08099e-10	-0.402871
1.08145e-10	-0.403081
1.08191e-10	-0.403275
1.08236e-10	-0.403454
1.08282e-10	-0.403616
1.08328e-10	-0.403763
1.08373e-10	-0.403895
1.08419e-10	-0.40401
1.08465e-10	-0.40411
1.0851e-10	-0.404195
1.08556e-10	-0.404264
1.08602e-10	-0.404318
1.08648e-10	-0.404357
1.08693e-10	-0.40438
1.08739e-10	-0.404389
1.08785e-10	-0.404382
1.0883e-10	-0.404361
1.08876e-10	-0.404324
1.08922e-10	-0.404273
1.08967e-10	-0.404207
1.09013e-10	-0.404126
1.09059e-10	-0.404031
1.09104e-10	-0.403922
1.0915e-10	-0.403797
1.09196e-10	-0.403659
1.09242e-10	-0.403506
1.09287e-10	-0.403339
1.09333e-10	-0.403158
1.09379e-10	-0.402963
1.09424e-10	-0.402754
1.0947e-10	-0.402531
1.09516e-10	-0.402294
1.09561e-10	-0.402043
1.09607e-10	-0.401779
1.09653e-10	-0.401502
1.09698e-10	-0.40121
1.09744e-10	-0.400906
1.0979e-10	-0.400588
1.09835e-10	-0.400256
1.09881e-10	-0.399912
1.09927e-10	-0.399555
1.09973e-10	-0.399184
1.10018e-10	-0.398801
1.10064e-10	-0.398405
1.1011e-10	-0.397996
1.10155e-10	-0.397574
1.10201e-10	-0.39714
1.10247e-10	-0.396693
1.10292e-10	-0.396234
1.10338e-10	-0.395763
1.10384e-10	-0.395279
1.10429e-10	-0.394783
1.10475e-10	-0.394275
1.10521e-10	-0.393755
1.10566e-10	-0.393223
1.10612e-10	-0.39268
1.10658e-10	-0.392124
1.10704e-10	-0.391557
1.10749e-10	-0.390979
1.10795e-10	-0.390389
1.10841e-10	-0.389787
1.10886e-10	-0.389174
1.10932e-10	-0.38855
1.10978e-10	-0.387915
1.11023e-10	-0.387269
1.11069e-10	-0.386612
1.11115e-10	-0.385944
1.1116e-10	-0.385265
1.11206e-10	-0.384576
1.11252e-10	-0.383876
1.11297e-10	-0.383165
1.11343e-10	-0.382444
1.11389e-10	-0.381713
1.11435e-10	-0.380971
1.1148e-10	-0.38022
1.11526e-10	-0.379458
1.11572e-10	-0.378686
1.11617e-10	-0.377904
1.11663e-10	-0.377113
1.11709e-10	-0.376311
1.11754e-10	-0.375501
1.118e-10	-0.37468
1.11846e-10	-0.37385
1.11891e-10	-0.373011
1.11937e-10	-0.372162
1.11983e-10	-0.371305
1.12029e-10	-0.370438
1.12074e-10	-0.369562
1.1212e-10	-0.368677
1.12166e-10	-0.367784
1.12211e-10	-0.366881
1.12257e-10	-0.365971
1.12303e-10	-0.365051
1.12348e-10	-0.364123
1.12394e-10	-0.363187
1.1244e-10	-0.362242
1.12485e-10	-0.361289
1.12531e-10	-0.360328
1.12577e-10	-0.359359
1.12622e-10	-0.358382
1.12668e-10	-0.357397
1.12714e-10	-0.356404
1.1276e-10	-0.355404
1.12805e-10	-0.354396
1.12851e-10	-0.353381
1.12897e-10	-0.352358
1.12942e-10	-0.351328
1.12988e-10	-0.35029
1.13034e-10	-0.349246
1.13079e-10	-0.348194
1.13125e-10	-0.347136
1.13171e-10	-0.34607
1.13216e-10	-0.344998
1.13262e-10	-0.343919
1.13308e-10	-0.342834
1.13353e-10	-0.341742
1.13399e-10	-0.340643
1.13445e-10	-0.339538
1.13491e-10	-0.338427
1.13536e-10	-0.33731
1.13582e-10	-0.336186
1.13628e-10	-0.335057
1.13673e-10	-0.333921
1.13719e-10	-0.33278
1.13765e-10	-0.331633
1.1381e-10	-0.33048
1.13856e-10	-0.329322
1.13902e-10	-0.328159
1.13947e-10	-0.326989
1.13993e-10	-0.325815
1.14039e-10	-0.324635
1.14085e-10	-0.32345
1.1413e-10	-0.32226
1.14176e-10	-0.321066
1.14222e-10	-0.319866
1.14267e-10	-0.318661
1.14313e-10	-0.317452
1.14359e-10	-0.316238
1.14404e-10	-0.315019
1.1445e-10	-0.313796
1.14496e-10	-0.312568
1.14541e-10	-0.311337
1.14587e-10	-0.310101
1.14633e-10	-0.30886
1.14678e-10	-0.307616
1.14724e-10	-0.306368
1.1477e-10	-0.305116
1.14816e-10	-0.30386
1.14861e-10	-0.3026
1.14907e-10	-0.301337
1.14953e-10	-0.30007
1.14998e-10	-0.298799
1.15044e-10	-0.297525
1.1509e-10	-0.296248
1.15135e-10	-0.294967
1.15181e-10	-0.293684
1.15227e-10	-0.292397
1.15272e-10	-0.291107
1.15318e-10	-0.289814
1.15364e-10	-0.288518
1.15409e-10	-0.28722
1.15455e-10	-0.285919
1.15501e-10	-0.284615
1.15547e-10	-0.283309
1.15592e-10	-0.282
1.15638e-10	-0.280688
1.15684e-10	-0.279375
1.15729e-10	-0.278059
1.15775e-10	-0.276741
1.15821e-10	-0.27542
1.15866e-10	-0.274098
1.15912e-10	-0.272774
1.15958e-10	-0.271448
1.16003e-10	-0.27012
1.16049e-10	-0.26879
1.16095e-10	-0.267459
1.1614e-10	-0.266126
1.16186e-10	-0.264791
1.16232e-10	-0.263456
1.16278e-10	-0.262118
1.16323e-10	-0.26078
1.16369e-10	-0.25944
1.16415e-10	-0.258099
1.1646e-10	-0.256757
1.16506e-10	-0.255414
1.16552e-10	-0.254069
1.16597e-10	-0.252724
1.16643e-10	-0.251379
1.16689e-10	-0.250032
1.16734e-10	-0.248685
1.1678e-10	-0.247337
1.16826e-10	-0.245988
1.16872e-10	-0.24464
1.16917e-10	-0.24329
1.16963e-10	-0.241941
1.17009e-10	-0.240591
1.17054e-10	-0.23924
1.171e-10	-0.23789
1.17146e-10	-0.23654
1.17191e-10	-0.235189
1.17237e-10	-0.233839
1.17283e-10	-0.232488
1.17328e-10	-0.231138
1.17374e-10	-0.229788
1.1742e-10	-0.228438
1.17465e-10	-0.227089
1.17511e-10	-0.22574
1.17557e-10	-0.224392
1.17603e-10	-0.223044
1.17648e-10	-0.221697
1.17694e-10	-0.22035
1.1774e-10	-0.219004
1.17785e-10	-0.217659
1.17831e-10	-0.216314
1.17877e-10	-0.214971
1.17922e-10	-0.213628
1.17968e-10	-0.212287
1.18014e-10	-0.210946
1.18059e-10	-0.209607
1.18105e-10	-0.208269
1.18151e-10	-0.206932
1.18196e-10	-0.205596
1.18242e-10	-0.204262
1.18288e-10	-0.202929
1.18334e-10	-0.201597
1.18379e-10	-0.200267
1.18425e-10	-0.198939
1.18471e-10	-0.197612
1.18516e-10	-0.196286
1.18562e-10	-0.194963
1.18608e-10	-0.193641
1.18653e-10	-0.192321
1.18699e-10	-0.191003
1.18745e-10	-0.189687
1.1879e-10	-0.188373
1.18836e-10	-0.18706
1.18882e-10	-0.18575
1.18928e-10	-0.184442
1.18973e-10	-0.183136
1.19019e-10	-0.181833
1.19065e-10	-0.180531
1.1911e-10	-0.179232
1.19156e-10	-0.177935
1.19202e-10	-0.176641
1.19247e-10	-0.175349
1.19293e-10	-0.174059
1.19339e-10	-0.172772
1.19384e-10	-0.171488
1.1943e-10	-0.170206
1.19476e-10	-0.168927
1.19521e-10	-0.16765
1.19567e-10	-0.166377
1.19613e-10	-0.165106
1.19659e-10	-0.163838
1.19704e-10	-0.162572
1.1975e-10	-0.16131
1.19796e-10	-0.160051
1.19841e-10	-0.158794
1.19887e-10	-0.157541
1.19933e-10	-0.15629
1.19978e-10	-0.155043
1.20024e-10	-0.153799
1.2007e-10	-0.152558
1.20115e-10	-0.151321
1.20161e-10	-0.150086
1.20207e-10	-0.148855
1.20252e-10	-0.147627
1.20298e-10	-0.146403
1.20344e-10	-0.145182
1.2039e-10	-0.143964
1.20435e-10	-0.14275
1.20481e-10	-0.141539
1.20527e-10	-0.140332
1.20572e-10	-0.139128
1.20618e-10	-0.137928
1.20664e-10	-0.136732
1.20709e-10	-0.135539
1.20755e-10	-0.13435
1.20801e-10	-0.133165
1.20846e-10	-0.131984
1.20892e-10	-0.130806
1.20938e-10	-0.129632
1.20983e-10	-0.128462
1.21029e-10	-0.127296
1.21075e-10	-0.126134
1.21121e-10	-0.124975
1.21166e-10	-0.123821
1.21212e-10	-0.12267
1.21258e-10	-0.121524
1.21303e-10	-0.120382
1.21349e-10	-0.119243
1.21395e-10	-0.118109
1.2144e-10	-0.116979
1.21486e-10	-0.115853
1.21532e-10	-0.114731
1.21577e-10	-0.113614
1.21623e-10	-0.1125
1.21669e-10	-0.111391
1.21715e-10	-0.110286
1.2176e-10	-0.109186
1.21806e-10	-0.10809
1.21852e-10	-0.106998
1.21897e-10	-0.10591
1.21943e-10	-0.104827
1.21989e-10	-0.103748
1.22034e-10	-0.102674
1.2208e-10	-0.101604
1.22126e-10	-0.100538
1.22171e-10	-0.0994769
1.22217e-10	-0.0984203
1.22263e-10	-0.0973682
1.22308e-10	-0.0963206
1.22354e-10	-0.0952776
1.224e-10	-0.0942391
1.22446e-10	-0.0932052
1.22491e-10	-0.0921759
1.22537e-10	-0.0911512
1.22583e-10	-0.0901311
1.22628e-10	-0.0891156
1.22674e-10	-0.0881048
1.2272e-10	-0.0870987
1.22765e-10	-0.0860972
1.22811e-10	-0.0851005
1.22857e-10	-0.0841084
1.22902e-10	-0.0831211
1.22948e-10	-0.0821385
1.22994e-10	-0.0811606
1.23039e-10	-0.0801875
1.23085e-10	-0.0792192
1.23131e-10	-0.0782556
1.23177e-10	-0.0772969
1.23222e-10	-0.0763429
1.23268e-10	-0.0753938
1.23314e-10	-0.0744495
1.23359e-10	-0.07351
1.23405e-10	-0.0725753
1.23451e-10	-0.0716455
1.23496e-10	-0.0707206
1.23542e-10	-0.0698005
1.23588e-10	-0.0688853
1.23633e-10	-0.067975
1.23679e-10	-0.0670696
1.23725e-10	-0.066169
1.2377e-10	-0.0652734
1.23816e-10	-0.0643827
1.23862e-10	-0.0634969
1.23908e-10	-0.062616
1.23953e-10	-0.06174
1.23999e-10	-0.060869
1.24045e-10	-0.0600029
1.2409e-10	-0.0591417
1.24136e-10	-0.0582855
1.24182e-10	-0.0574342
1.24227e-10	-0.0565879
1.24273e-10	-0.0557466
1.24319e-10	-0.0549101
1.24364e-10	-0.0540787
1.2441e-10	-0.0532522
1.24456e-10	-0.0524307
1.24502e-10	-0.0516141
1.24547e-10	-0.0508025
1.24593e-10	-0.0499959
1.24639e-10	-0.0491943
1.24684e-10	-0.0483976
1.2473e-10	-0.0476058
1.24776e-10	-0.0468191
1.24821e-10	-0.0460373
1.24867e-10	-0.0452605
1.24913e-10	-0.0444886
1.24958e-10	-0.0437217
1.25004e-10	-0.0429598
1.2505e-10	-0.0422028
1.25095e-10	-0.0414508
1.25141e-10	-0.0407038
1.25187e-10	-0.0399617
1.25233e-10	-0.0392246
1.25278e-10	-0.0384924
1.25324e-10	-0.0377651
1.2537e-10	-0.0370428
1.25415e-10	-0.0363254
1.25461e-10	-0.035613
1.25507e-10	-0.0349055
1.25552e-10	-0.0342029
1.25598e-10	-0.0335052
1.25644e-10	-0.0328125
1.25689e-10	-0.0321247
1.25735e-10	-0.0314417
1.25781e-10	-0.0307637
1.25826e-10	-0.0300905
1.25872e-10	-0.0294223
1.25918e-10	-0.0287589
1.25964e-10	-0.0281004
1.26009e-10	-0.0274468
1.26055e-10	-0.026798
1.26101e-10	-0.026154
1.26146e-10	-0.0255149
1.26192e-10	-0.0248807
1.26238e-10	-0.0242513
1.26283e-10	-0.0236266
1.26329e-10	-0.0230068
1.26375e-10	-0.0223919
1.2642e-10	-0.0217816
1.26466e-10	-0.0211762
1.26512e-10	-0.0205756
1.26558e-10	-0.0199797
1.26603e-10	-0.0193886
1.26649e-10	-0.0188022
1.26695e-10	-0.0182205
1.2674e-10	-0.0176436
1.26786e-10	-0.0170714
1.26832e-10	-0.0165039
1.26877e-10	-0.0159411
1.26923e-10	-0.0153829
1.26969e-10	-0.0148295
1.27014e-10	-0.0142807
1.2706e-10	-0.0137365
1.27106e-10	-0.013197
1.27151e-10	-0.0126621
1.27197e-10	-0.0121318
1.27243e-10	-0.0116061
1.27289e-10	-0.011085
1.27334e-10	-0.0105685
1.2738e-10	-0.0100565
1.27426e-10	-0.0095491
1.27471e-10	-0.00904622
1.27517e-10	-0.00854786
1.27563e-10	-0.00805401
1.27608e-10	-0.00756465
1.27654e-10	-0.00707977
1.277e-10	-0.00659937
1.27745e-10	-0.00612341
1.27791e-10	-0.00565189
1.27837e-10	-0.0051848
1.27882e-10	-0.00472212
1.27928e-10	-0.00426384
1.27974e-10	-0.00380993
1.2802e-10	-0.00336039
1.28065e-10	-0.00291521
1.28111e-10	-0.00247436
1.28157e-10	-0.00203783
1.28202e-10	-0.00160561
1.28248e-10	-0.00117767
1.28294e-10	-0.000754013
1.28339e-10	-0.000334614
1.28385e-10	8.05435e-05
1.28431e-10	0.000491473
1.28476e-10	0.000898192
1.28522e-10	0.00130072
1.28568e-10	0.00169906
1.28613e-10	0.00209325
1.28659e-10	0.00248328
1.28705e-10	0.00286919
1.28751e-10	0.00325099
1.28796e-10	0.00362869
1.28842e-10	0.00400232
1.28888e-10	0.00437188
1.28933e-10	0.0047374
1.28979e-10	0.00509889
1.29025e-10	0.00545637
1.2907e-10	0.00580986
1.29116e-10	0.00615937
1.29162e-10	0.00650493
1.29207e-10	0.00684655
1.29253e-10	0.00718424
1.29299e-10	0.00751803
1.29345e-10	0.00784794
1.2939e-10	0.00817397
1.29436e-10	0.00849616
1.29482e-10	0.00881451
1.29527e-10	0.00912905
1.29573e-10	0.0094398
1.29619e-10	0.00974676
1.29664e-10	0.01005
1.2971e-10	0.0103494
1.29756e-10	0.0106452
1.29801e-10	0.0109372
1.29847e-10	0.0112256
1.29893e-10	0.0115103
1.29938e-10	0.0117913
1.29984e-10	0.0120687
1.3003e-10	0.0123425
1.30076e-10	0.0126128
1.30121e-10	0.0128794
1.30167e-10	0.0131425
1.30213e-10	0.0134021
1.30258e-10	0.0136581
1.30304e-10	0.0139106
1.3035e-10	0.0141597
1.30395e-10	0.0144053
1.30441e-10	0.0146475
1.30487e-10	0.0148863
1.30532e-10	0.0151216
1.30578e-10	0.0153536
1.30624e-10	0.0155822
1.30669e-10	0.0158075
1.30715e-10	0.0160295
1.30761e-10	0.0162481
1.30807e-10	0.0164635
1.30852e-10	0.0166756
1.30898e-10	0.0168845
1.30944e-10	0.0170901
1.30989e-10	0.0172926
1.31035e-10	0.0174918
1.31081e-10	0.0176879
1.31126e-10	0.0178808
1.31172e-10	0.0180707
1.31218e-10	0.0182574
1.31263e-10	0.018441
1.31309e-10	0.0186216
1.31355e-10	0.0187991
1.314e-10	0.0189736
1.31446e-10	0.019145
1.31492e-10	0.0193135
1.31538e-10	0.0194791
1.31583e-10	0.0196416
1.31629e-10	0.0198013
1.31675e-10	0.019958
1.3172e-10	0.0201119
1.31766e-10	0.0202628
1.31812e-10	0.020411
1.31857e-10	0.0205563
1.31903e-10	0.0206988
1.31949e-10	0.0208385
1.31994e-10	0.0209754
1.3204e-10	0.0211096
1.32086e-10	0.021241
1.32132e-10	0.0213698
1.32177e-10	0.0214958
1.32223e-10	0.0216192
1.32269e-10	0.0217399
1.32314e-10	0.021858
1.3236e-10	0.0219734
1.32406e-10	0.0220863
1.32451e-10	0.0221966
1.32497e-10	0.0223044
1.32543e-10	0.0224096
1.32588e-10	0.0225123
1.32634e-10	0.0226125
1.3268e-10	0.0227102
1.32725e-10	0.0228055
1.32771e-10	0.0228983
1.32817e-10	0.0229887
1.32863e-10	0.0230767
1.32908e-10	0.0231623
1.32954e-10	0.0232456
1.33e-10	0.0233265
1.33045e-10	0.0234051
1.33091e-10	0.0234814
1.33137e-10	0.0235554
1.33182e-10	0.0236271
1.33228e-10	0.0236966
1.33274e-10	0.0237639
1.33319e-10	0.023829
1.33365e-10	0.0238918
1.33411e-10	0.0239525
1.33456e-10	0.0240111
1.33502e-10	0.0240675
1.33548e-10	0.0241218
1.33594e-10	0.024174
1.33639e-10	0.0242241
1.33685e-10	0.0242721
1.33731e-10	0.0243182
1.33776e-10	0.0243622
1.33822e-10	0.0244042
1.33868e-10	0.0244442
1.33913e-10	0.0244822
1.33959e-10	0.0245183
1.34005e-10	0.0245525
1.3405e-10	0.0245847
1.34096e-10	0.0246151
1.34142e-10	0.0246435
1.34188e-10	0.0246702
1.34233e-10	0.0246949
1.34279e-10	0.0247179
1.34325e-10	0.024739
1.3437e-10	0.0247584
1.34416e-10	0.024776
1.34462e-10	0.0247918
1.34507e-10	0.0248059
1.34553e-10	0.0248183
1.34599e-10	0.024829
1.34644e-10	0.024838
1.3469e-10	0.0248454
1.34736e-10	0.0248511
1.34781e-10	0.0248552
1.34827e-10	0.0248576
1.34873e-10	0.0248585
1.34919e-10	0.0248577
1.34964e-10	0.0248555
1.3501e-10	0.0248516
1.35056e-10	0.0248463
1.35101e-10	0.0248394
1.35147e-10	0.0248311
1.35193e-10	0.0248212
1.35238e-10	0.0248099
1.35284e-10	0.0247972
1.3533e-10	0.024783
1.35375e-10	0.0247674
1.35421e-10	0.0247504
1.35467e-10	0.024732
1.35512e-10	0.0247123
1.35558e-10	0.0246912
1.35604e-10	0.0246688
1.3565e-10	0.0246451
1.35695e-10	0.0246201
1.35741e-10	0.0245938
1.35787e-10	0.0245662
1.35832e-10	0.0245373
1.35878e-10	0.0245073
1.35924e-10	0.024476
1.35969e-10	0.0244435
1.36015e-10	0.0244098
1.36061e-10	0.0243749
1.36106e-10	0.0243389
1.36152e-10	0.0243017
1.36198e-10	0.0242634
1.36243e-10	0.024224
1.36289e-10	0.0241834
1.36335e-10	0.0241418
1.36381e-10	0.0240991
1.36426e-10	0.0240554
1.36472e-10	0.0240106
1.36518e-10	0.0239647
1.36563e-10	0.0239179
1.36609e-10	0.0238701
1.36655e-10	0.0238213
1.367e-10	0.0237715
1.36746e-10	0.0237207
1.36792e-10	0.023669
1.36837e-10	0.0236164
1.36883e-10	0.0235628
1.36929e-10	0.0235084
1.36975e-10	0.023453
1.3702e-10	0.0233968
1.37066e-10	0.0233398
1.37112e-10	0.0232818
1.37157e-10	0.0232231
1.37203e-10	0.0231635
1.37249e-10	0.0231031
1.37294e-10	0.0230419
1.3734e-10	0.0229799
1.37386e-10	0.0229172
1.37431e-10	0.0228537
1.37477e-10	0.0227894
1.37523e-10	0.0227244
1.37568e-10	0.0226587
1.37614e-10	0.0225923
1.3766e-10	0.0225252
1.37706e-10	0.0224574
1.37751e-10	0.022389
1.37797e-10	0.0223198
1.37843e-10	0.0222501
1.37888e-10	0.0221797
1.37934e-10	0.0221087
1.3798e-10	0.022037
1.38025e-10	0.0219648
1.38071e-10	0.021892
1.38117e-10	0.0218186
1.38162e-10	0.0217446
1.38208e-10	0.0216701
1.38254e-10	0.021595
1.38299e-10	0.0215194
1.38345e-10	0.0214433
1.38391e-10	0.0213667
1.38437e-10	0.0212896
1.38482e-10	0.021212
1.38528e-10	0.0211339
1.38574e-10	0.0210554
1.38619e-10	0.0209763
1.38665e-10	0.0208969
1.38711e-10	0.020817
1.38756e-10	0.0207367
1.38802e-10	0.020656
1.38848e-10	0.0205749
1.38893e-10	0.0204934
1.38939e-10	0.0204115
1.38985e-10	0.0203292
1.3903e-10	0.0202466
1.39076e-10	0.0201636
1.39122e-10	0.0200802
1.39168e-10	0.0199966
1.39213e-10	0.0199126
1.39259e-10	0.0198283
1.39305e-10	0.0197437
1.3935e-10	0.0196588
1.39396e-10	0.0195736
1.39442e-10	0.0194881
1.39487e-10	0.0194023
1.39533e-10	0.0193163
1.39579e-10	0.0192301
1.39624e-10	0.0191436
1.3967e-10	0.0190569
1.39716e-10	0.0189699
1.39762e-10	0.0188827
1.39807e-10	0.0187954
1.39853e-10	0.0187078
1.39899e-10	0.01862
1.39944e-10	0.018532
1.3999e-10	0.0184439
1.40036e-10	0.0183556
1.40081e-10	0.0182672
1.40127e-10	0.0181786
1.40173e-10	0.0180898
1.40218e-10	0.0180009
1.40264e-10	0.0179119
1.4031e-10	0.0178228
1.40355e-10	0.0177336
1.40401e-10	0.0176442
1.40447e-10	0.0175548
1.40493e-10	0.0174652
1.40538e-10	0.0173756
1.40584e-10	0.0172859
1.4063e-10	0.0171962
1.40675e-10	0.0171064
1.40721e-10	0.0170165
1.40767e-10	0.0169266
1.40812e-10	0.0168366
1.40858e-10	0.0167466
1.40904e-10	0.0166566
1.40949e-10	0.0165665
1.40995e-10	0.0164765
1.41041e-10	0.0163864
1.41086e-10	0.0162964
1.41132e-10	0.0162063
1.41178e-10	0.0161163
1.41224e-10	0.0160262
1.41269e-10	0.0159362
1.41315e-10	0.0158462
1.41361e-10	0.0157563
1.41406e-10	0.0156664
1.41452e-10	0.0155765
1.41498e-10	0.0154867
1.41543e-10	0.015397
1.41589e-10	0.0153073
1.41635e-10	0.0152177
1.4168e-10	0.0151282
1.41726e-10	0.0150387
1.41772e-10	0.0149494
1.41818e-10	0.0148601
1.41863e-10	0.0147709
1.41909e-10	0.0146818
1.41955e-10	0.0145929
1.42e-10	0.014504
1.42046e-10	0.0144153
1.42092e-10	0.0143267
1.42137e-10	0.0142382
1.42183e-10	0.0141498
1.42229e-10	0.0140616
1.42274e-10	0.0139735
1.4232e-10	0.0138856
1.42366e-10	0.0137978
1.42411e-10	0.0137102
1.42457e-10	0.0136227
1.42503e-10	0.0135354
1.42549e-10	0.0134482
1.42594e-10	0.0133612
1.4264e-10	0.0132744
1.42686e-10	0.0131878
1.42731e-10	0.0131014
1.42777e-10	0.0130151
1.42823e-10	0.0129291
1.42868e-10	0.0128432
1.42914e-10	0.0127575
1.4296e-10	0.0126721
1.43005e-10	0.0125868
1.43051e-10	0.0125018
1.43097e-10	0.0124169
1.43142e-10	0.0123323
1.43188e-10	0.0122479
1.43234e-10	0.0121638
1.4328e-10	0.0120798
1.43325e-10	0.0119961
1.43371e-10	0.0119126
1.43417e-10	0.0118294
1.43462e-10	0.0117464
1.43508e-10	0.0116636
1.43554e-10	0.0115811
1.43599e-10	0.0114988
1.43645e-10	0.0114168
1.43691e-10	0.011335
1.43736e-10	0.0112535
1.43782e-10	0.0111723
1.43828e-10	0.0110913
1.43873e-10	0.0110105
1.43919e-10	0.0109301
1.43965e-10	0.0108499
1.44011e-10	0.01077
1.44056e-10	0.0106904
1.44102e-10	0.010611
1.44148e-10	0.0105319
1.44193e-10	0.0104531
1.44239e-10	0.0103746
1.44285e-10	0.0102964
1.4433e-10	0.0102184
1.44376e-10	0.0101408
1.44422e-10	0.0100634
1.44467e-10	0.00998636
1.44513e-10	0.00990959
1.44559e-10	0.00983312
1.44605e-10	0.00975695
1.4465e-10	0.00968109
1.44696e-10	0.00960553
1.44742e-10	0.00953027
1.44787e-10	0.00945532
1.44833e-10	0.00938068
1.44879e-10	0.00930635
1.44924e-10	0.00923233
1.4497e-10	0.00915862
1.45016e-10	0.00908523
1.45061e-10	0.00901216
1.45107e-10	0.0089394
1.45153e-10	0.00886697
1.45198e-10	0.00879485
1.45244e-10	0.00872306
1.4529e-10	0.00865158
1.45336e-10	0.00858043
1.45381e-10	0.00850961
1.45427e-10	0.00843911
1.45473e-10	0.00836894
1.45518e-10	0.0082991
1.45564e-10	0.00822959
1.4561e-10	0.00816041
1.45655e-10	0.00809156
1.45701e-10	0.00802304
1.45747e-10	0.00795486
1.45792e-10	0.00788701
1.45838e-10	0.00781949
1.45884e-10	0.00775231
1.45929e-10	0.00768546
1.45975e-10	0.00761896
1.46021e-10	0.00755279
1.46067e-10	0.00748695
1.46112e-10	0.00742146
1.46158e-10	0.0073563
1.46204e-10	0.00729149
1.46249e-10	0.00722701
1.46295e-10	0.00716288
1.46341e-10	0.00709908
1.46386e-10	0.00703563
1.46432e-10	0.00697252
1.46478e-10	0.00690975
1.46523e-10	0.00684732
1.46569e-10	0.00678524
1.46615e-10	0.00672349
1.4666e-10	0.00666209
1.46706e-10	0.00660104
1.46752e-10	0.00654033
1.46798e-10	0.00647996
1.46843e-10	0.00641993
1.46889e-10	0.00636025
1.46935e-10	0.00630091
1.4698e-10	0.00624192
1.47026e-10	0.00618326
1.47072e-10	0.00612496
1.47117e-10	0.00606699
1.47163e-10	0.00600937
1.47209e-10	0.00595209
1.47254e-10	0.00589516
1.473e-10	0.00583857
1.47346e-10	0.00578232
1.47392e-10	0.00572641
1.47437e-10	0.00567085
1.47483e-10	0.00561563
1.47529e-10	0.00556075
1.47574e-10	0.00550621
1.4762e-10	0.00545201
1.47666e-10	0.00539815
1.47711e-10	0.00534463
1.47757e-10	0.00529146
1.47803e-10	0.00523862
1.47848e-10	0.00518612
1.47894e-10	0.00513396
1.4794e-10	0.00508214
1.47985e-10	0.00503065
1.48031e-10	0.0049795
1.48077e-10	0.00492869
1.48123e-10	0.00487822
1.48168e-10	0.00482808
1.48214e-10	0.00477827
1.4826e-10	0.0047288
1.48305e-10	0.00467967
1.48351e-10	0.00463086
1.48397e-10	0.00458239
1.48442e-10	0.00453425
1.48488e-10	0.00448644
1.48534e-10	0.00443896
1.48579e-10	0.00439181
1.48625e-10	0.00434499
1.48671e-10	0.00429849
1.48716e-10	0.00425232
1.48762e-10	0.00420648
1.48808e-10	0.00416097
1.48854e-10	0.00411577
1.48899e-10	0.00407091
1.48945e-10	0.00402636
1.48991e-10	0.00398214
1.49036e-10	0.00393824
1.49082e-10	0.00389465
1.49128e-10	0.00385139
1.49173e-10	0.00380845
1.49219e-10	0.00376582
1.49265e-10	0.00372351
1.4931e-10	0.00368151
1.49356e-10	0.00363983
1.49402e-10	0.00359846
1.49448e-10	0.0035574
1.49493e-10	0.00351666
1.49539e-10	0.00347622
1.49585e-10	0.0034361
1.4963e-10	0.00339628
1.49676e-10	0.00335677
1.49722e-10	0.00331757
1.49767e-10	0.00327867
1.49813e-10	0.00324007
1.49859e-10	0.00320178
1.49904e-10	0.00316379
1.4995e-10	0.0031261
1.49996e-10	0.00308871
1.50041e-10	0.00305162
1.50087e-10	0.00301482
1.50133e-10	0.00297832
1.50179e-10	0.00294211
1.50224e-10	0.0029062
1.5027e-10	0.00287058
1.50316e-10	0.00283525
1.50361e-10	0.00280022
1.50407e-10	0.00276547
1.50453e-10	0.002731
1.50498e-10	0.00269683
1.50544e-10	0.00266294
1.5059e-10	0.00262933
1.50635e-10	0.002596
1.50681e-10	0.00256296
1.50727e-10	0.0025302
1.50772e-10	0.00249771
1.50818e-10	0.0024655
1.50864e-10	0.00243357
1.5091e-10	0.00240192
1.50955e-10	0.00237053
1.51001e-10	0.00233942
1.51047e-10	0.00230858
1.51092e-10	0.00227801
1.51138e-10	0.00224771
1.51184e-10	0.00221768
1.51229e-10	0.00218791
1.51275e-10	0.00215841
1.51321e-10	0.00212916
1.51366e-10	0.00210019
1.51412e-10	0.00207147
1.51458e-10	0.00204301
1.51503e-10	0.00201481
1.51549e-10	0.00198686
1.51595e-10	0.00195917
1.51641e-10	0.00193173
1.51686e-10	0.00190455
1.51732e-10	0.00187762
1.51778e-10	0.00185093
1.51823e-10	0.0018245
1.51869e-10	0.00179831
1.51915e-10	0.00177237
1.5196e-10	0.00174667
1.52006e-10	0.00172122
1.52052e-10	0.001696
1.52097e-10	0.00167103
1.52143e-10	0.00164629
1.52189e-10	0.0016218
1.52235e-10	0.00159754
1.5228e-10	0.00157351
1.52326e-10	0.00154972
1.52372e-10	0.00152616
1.52417e-10	0.00150282
1.52463e-10	0.00147972
1.52509e-10	0.00145685
1.52554e-10	0.0014342
1.526e-10	0.00141178
1.52646e-10	0.00138958
1.52691e-10	0.0013676
1.52737e-10	0.00134585
1.52783e-10	0.00132431
1.52828e-10	0.001303
1.52874e-10	0.00128189
1.5292e-10	0.00126101
1.52966e-10	0.00124034
1.53011e-10	0.00121988
1.53057e-10	0.00119963
1.53103e-10	0.00117959
1.53148e-10	0.00115976
1.53194e-10	0.00114014
1.5324e-10	0.00112073
1.53285e-10	0.00110152
1.53331e-10	0.00108251
1.53377e-10	0.0010637
1.53422e-10	0.00104509
1.53468e-10	0.00102669
1.53514e-10	0.00100848
1.53559e-10	0.000990465
1.53605e-10	0.000972646
1.53651e-10	0.000955022
1.53697e-10	0.00093759
1.53742e-10	0.000920348
1.53788e-10	0.000903297
1.53834e-10	0.000886433
1.53879e-10	0.000869757
1.53925e-10	0.000853266
1.53971e-10	0.000836959
1.54016e-10	0.000820835
1.54062e-10	0.000804893
1.54108e-10	0.000789131
1.54153e-10	0.000773549
1.54199e-10	0.000758143
1.54245e-10	0.000742915
1.5429e-10	0.000727861
1.54336e-10	0.000712981
1.54382e-10	0.000698273
1.54428e-10	0.000683737
1.54473e-10	0.00066937
1.54519e-10	0.000655172
1.54565e-10	0.000641142
1.5461e-10	0.000627277
1.54656e-10	0.000613577
1.54702e-10	0.00060004
1.54747e-10	0.000586666
1.54793e-10	0.000573452
1.54839e-10	0.000560399
1.54884e-10	0.000547503
1.5493e-10	0.000534765
1.54976e-10	0.000522182
1.55022e-10	0.000509754
1.55067e-10	0.00049748
1.55113e-10	0.000485358
1.55159e-10	0.000473386
1.55204e-10	0.000461565
1.5525e-10	0.000449891
1.55296e-10	0.000438366
1.55341e-10	0.000426986
1.55387e-10	0.000415751
1.55433e-10	0.000404659
1.55478e-10	0.00039371
1.55524e-10	0.000382902
1.5557e-10	0.000372235
1.55615e-10	0.000361706
1.55661e-10	0.000351315
1.55707e-10	0.00034106
1.55753e-10	0.000330941
1.55798e-10	0.000320955
1.55844e-10	0.000311103
1.5589e-10	0.000301383
1.55935e-10	0.000291793
1.55981e-10	0.000282333
1.56027e-10	0.000273002
1.56072e-10	0.000263797
1.56118e-10	0.000254719
1.56164e-10	0.000245766
1.56209e-10	0.000236936
1.56255e-10	0.00022823
1.56301e-10	0.000219645
1.56346e-10	0.000211181
1.56392e-10	0.000202836
1.56438e-10	0.00019461
1.56484e-10	0.000186501
1.56529e-10	0.000178508
1.56575e-10	0.000170631
1.56621e-10	0.000162867
1.56666e-10	0.000155216
1.56712e-10	0.000147678
1.56758e-10	0.00014025
1.56803e-10	0.000132932
1.56849e-10	0.000125723
1.56895e-10	0.000118622
1.5694e-10	0.000111628
1.56986e-10	0.000104739
1.57032e-10	9.79549e-05
1.57078e-10	9.12746e-05
1.57123e-10	8.46969e-05
1.57169e-10	7.82209e-05
1.57215e-10	7.18456e-05
1.5726e-10	6.557e-05
1.57306e-10	5.93931e-05
1.57352e-10	5.33139e-05
1.57397e-10	4.73315e-05
1.57443e-10	4.14448e-05
1.57489e-10	3.5653e-05
1.57534e-10	2.9955e-05
1.5758e-10	2.43499e-05
1.57626e-10	1.88368e-05
1.57671e-10	1.34148e-05
1.57717e-10	8.08276e-06
1.57763e-10	2.83993e-06
1.57809e-10	-2.31465e-06
1.57854e-10	-7.38192e-06
1.579e-10	-1.23628e-05
1.57946e-10	-1.72581e-05
1.57991e-10	-2.20689e-05
1.58037e-10	-2.67959e-05
1.58083e-10	-3.14401e-05
1.58128e-10	-3.60023e-05
1.58174e-10	-4.04835e-05
1.5822e-10	-4.48845e-05
1.58265e-10	-4.92062e-05
1.58311e-10	-5.34494e-05
1.58357e-10	-5.7615e-05
1.58402e-10	-6.17038e-05
1.58448e-10	-6.57166e-05
1.58494e-10	-6.96544e-05
1.5854e-10	-7.35179e-05
1.58585e-10	-7.7308e-05
1.58631e-10	-8.10255e-05
1.58677e-10	-8.46711e-05
1.58722e-10	-8.82458e-05
1.58768e-10	-9.17503e-05
1.58814e-10	-9.51853e-05
1.58859e-10	-9.85518e-05
1.58905e-10	-0.00010185
1.58951e-10	-0.000105082
1.58996e-10	-0.000108247
1.59042e-10	-0.000111347
1.59088e-10	-0.000114382
1.59133e-10	-0.000117353
1.59179e-10	-0.000120261
1.59225e-10	-0.000123107
1.59271e-10	-0.00012589
1.59316e-10	-0.000128613
1.59362e-10	-0.000131275
1.59408e-10	-0.000133878
1.59453e-10	-0.000136422
1.59499e-10	-0.000138908
1.59545e-10	-0.000141336
1.5959e-10	-0.000143708
1.59636e-10	-0.000146023
1.59682e-10	-0.000148283
1.59727e-10	-0.000150489
1.59773e-10	-0.000152641
1.59819e-10	-0.000154739
1.59865e-10	-0.000156785
1.5991e-10	-0.000158779
1.59956e-10	-0.000160721
1.60002e-10	-0.000162613
1.60047e-10	-0.000164455
1.60093e-10	-0.000166247
1.60139e-10	-0.000167991
1.60184e-10	-0.000169686
1.6023e-10	-0.000171334
1.60276e-10	-0.000172936
1.60321e-10	-0.000174491
1.60367e-10	-0.000176
1.60413e-10	-0.000177464
1.60458e-10	-0.000178884
1.60504e-10	-0.000180261
1.6055e-10	-0.000181593
1.60596e-10	-0.000182884
1.60641e-10	-0.000184132
1.60687e-10	-0.000185339
1.60733e-10	-0.000186504
1.60778e-10	-0.00018763
1.60824e-10	-0.000188715
1.6087e-10	-0.000189762
1.60915e-10	-0.000190769
1.60961e-10	-0.000191739
1.61007e-10	-0.000192671
1.61052e-10	-0.000193566
1.61098e-10	-0.000194424
1.61144e-10	-0.000195246
1.61189e-10	-0.000196033
1.61235e-10	-0.000196785
1.61281e-10	-0.000197502
1.61327e-10	-0.000198185
1.61372e-10	-0.000198835
1.61418e-10	-0.000199452
1.61464e-10	-0.000200036
1.61509e-10	-0.000200589
1.61555e-10	-0.00020111
1.61601e-10	-0.0002016
1.61646e-10	-0.000202059
1.61692e-10	-0.000202488
1.61738e-10	-0.000202888
1.61783e-10	-0.000203259
1.61829e-10	-0.0002036
1.61875e-10	-0.000203914
1.61921e-10	-0.0002042
1.61966e-10	-0.000204458
1.62012e-10	-0.000204689
1.62058e-10	-0.000204894
1.62103e-10	-0.000205073
1.62149e-10	-0.000205226
1.62195e-10	-0.000205354
1.6224e-10	-0.000205458
1.62286e-10	-0.000205536
1.62332e-10	-0.000205591
1.62377e-10	-0.000205623
1.62423e-10	-0.000205631
1.62469e-10	-0.000205616
1.62514e-10	-0.000205579
1.6256e-10	-0.00020552
1.62606e-10	-0.000205439
1.62652e-10	-0.000205337
1.62697e-10	-0.000205214
1.62743e-10	-0.000205071
1.62789e-10	-0.000204907
1.62834e-10	-0.000204724
1.6288e-10	-0.000204522
1.62926e-10	-0.0002043
1.62971e-10	-0.00020406
1.63017e-10	-0.000203801
1.63063e-10	-0.000203524
1.63108e-10	-0.00020323
1.63154e-10	-0.000202918
1.632e-10	-0.000202589
1.63245e-10	-0.000202244
1.63291e-10	-0.000201882
1.63337e-10	-0.000201504
1.63383e-10	-0.000201111
1.63428e-10	-0.000200702
1.63474e-10	-0.000200278
1.6352e-10	-0.000199839
1.63565e-10	-0.000199386
1.63611e-10	-0.000198918
1.63657e-10	-0.000198437
1.63702e-10	-0.000197942
1.63748e-10	-0.000197434
1.63794e-10	-0.000196913
1.63839e-10	-0.000196379
1.63885e-10	-0.000195833
1.63931e-10	-0.000195274
1.63976e-10	-0.000194704
1.64022e-10	-0.000194122
1.64068e-10	-0.000193528
1.64114e-10	-0.000192924
1.64159e-10	-0.000192309
1.64205e-10	-0.000191683
1.64251e-10	-0.000191046
1.64296e-10	-0.0001904
1.64342e-10	-0.000189744
1.64388e-10	-0.000189078
1.64433e-10	-0.000188403
1.64479e-10	-0.000187719
1.64525e-10	-0.000187026
1.6457e-10	-0.000186324
1.64616e-10	-0.000185614
1.64662e-10	-0.000184896
1.64708e-10	-0.000184169
1.64753e-10	-0.000183435
1.64799e-10	-0.000182694
1.64845e-10	-0.000181945
1.6489e-10	-0.000181189
1.64936e-10	-0.000180426
1.64982e-10	-0.000179656
1.65027e-10	-0.00017888
1.65073e-10	-0.000178098
1.65119e-10	-0.00017731
1.65164e-10	-0.000176515
1.6521e-10	-0.000175715
1.65256e-10	-0.00017491
1.65301e-10	-0.000174099
1.65347e-10	-0.000173283
1.65393e-10	-0.000172462
1.65439e-10	-0.000171636
1.65484e-10	-0.000170806
1.6553e-10	-0.000169971
1.65576e-10	-0.000169132
1.65621e-10	-0.000168289
1.65667e-10	-0.000167442
1.65713e-10	-0.000166591
1.65758e-10	-0.000165737
1.65804e-10	-0.000164879
1.6585e-10	-0.000164018
1.65895e-10	-0.000163154
1.65941e-10	-0.000162287
1.65987e-10	-0.000161417
1.66032e-10	-0.000160544
1.66078e-10	-0.000159669
1.66124e-10	-0.000158792
1.6617e-10	-0.000157912
1.66215e-10	-0.00015703
1.66261e-10	-0.000156146
1.66307e-10	-0.00015526
1.66352e-10	-0.000154373
1.66398e-10	-0.000153484
1.66444e-10	-0.000152594
1.66489e-10	-0.000151702
1.66535e-10	-0.000150809
1.66581e-10	-0.000149915
1.66626e-10	-0.000149021
1.66672e-10	-0.000148125
1.66718e-10	-0.000147229
1.66763e-10	-0.000146332
1.66809e-10	-0.000145434
1.66855e-10	-0.000144536
1.66901e-10	-0.000143638
1.66946e-10	-0.00014274
1.66992e-10	-0.000141842
1.67038e-10	-0.000140944
1.67083e-10	-0.000140046
1.67129e-10	-0.000139148
1.67175e-10	-0.000138251
1.6722e-10	-0.000137354
1.67266e-10	-0.000136457
1.67312e-10	-0.000135562
1.67357e-10	-0.000134667
1.67403e-10	-0.000133772
1.67449e-10	-0.000132879
1.67495e-10	-0.000131987
1.6754e-10	-0.000131096
1.67586e-10	-0.000130206
1.67632e-10	-0.000129317
1.67677e-10	-0.000128429
1.67723e-10	-0.000127543
1.67769e-10	-0.000126659
1.67814e-10	-0.000125776
1.6786e-10	-0.000124894
1.67906e-10	-0.000124015
1.67951e-10	-0.000123137
1.67997e-10	-0.000122261
1.68043e-10	-0.000121387
1.68088e-10	-0.000120515
1.68134e-10	-0.000119645
1.6818e-10	-0.000118777
1.68226e-10	-0.000117911
1.68271e-10	-0.000117047
1.68317e-10	-0.000116186
1.68363e-10	-0.000115327
1.68408e-10	-0.00011447
1.68454e-10	-0.000113616
1.685e-10	-0.000112765
