% time-domain current integration by openEMS v0.0.36-93-g7b9cd51 @Thu Sep 24 15:56:36 2026
% start-coordinates: (0.05825,-0.0023,0.000461981) m -> [74,1,6]
% stop-coordinates: (0.0583,0.0006,0.000461981) m -> [75,4,6]
% t/s	current
2.28443143783e-14	0
3.67793461491e-12	0
7.33302491544e-12	0
1.0988115216e-11	0
1.46432055165e-11	0
1.8298295817e-11	0
2.19533861176e-11	3.2290709283e-36
2.56084764181e-11	1.52174150158e-32
2.92635667186e-11	1.16714318756e-29
3.29186570191e-11	2.57754060768e-27
3.65737473197e-11	2.27864863708e-25
4.02288376202e-11	9.9218278268e-24
4.38839279207e-11	2.47119248745e-22
4.75390182213e-11	3.93096018028e-21
5.11941085218e-11	4.34065676e-20
5.48491988223e-11	3.54688842808e-19
5.85042891228e-11	2.25318353352e-18
6.21593794234e-11	1.15597961209e-17
6.58144697239e-11	4.933052056e-17
6.94695600244e-11	1.79109987136e-16
7.3124650325e-11	5.62407959999e-16
7.67797406255e-11	1.54126168022e-15
8.0434830926e-11	3.68275271796e-15
8.40899212266e-11	7.52881762332e-15
8.77450115271e-11	1.23477498435e-14
9.14001018276e-11	1.23144190971e-14
9.50551921281e-11	-1.29032891075e-14
9.87102824287e-11	-1.18241232235e-13
1.02365372729e-10	-4.31504333133e-13
1.0602046303e-10	-1.21910554568e-12
1.0967555333e-10	-2.98802302345e-12
1.13330643631e-10	-6.62697154097e-12
1.16985733931e-10	-1.35752017266e-11
1.20640824232e-10	-2.59804330827e-11
1.24295914532e-10	-4.67658689551e-11
1.27951004833e-10	-7.94703677864e-11
1.31606095133e-10	-1.27661783922e-10
1.35261185434e-10	-1.93659727143e-10
1.38916275734e-10	-2.76259182197e-10
1.42571366035e-10	-3.67136820945e-10
1.46226456336e-10	-4.45673165039e-10
1.49881546636e-10	-4.72058947487e-10
1.53536636937e-10	-3.78789333233e-10
1.57191727237e-10	-6.10069703089e-11
1.60846817538e-10	6.3337363132e-10
1.64501907838e-10	1.91226723345e-09
1.68156998139e-10	4.04467392912e-09
1.71812088439e-10	7.36004102109e-09
1.7546717874e-10	1.22389636203e-08
1.7912226904e-10	1.90926563448e-08
1.82777359341e-10	2.83292198588e-08
1.86432449641e-10	4.0306218807e-08
1.90087539942e-10	5.52702417167e-08
1.93742630242e-10	7.32865146347e-08
1.97397720543e-10	9.41625017958e-08
2.01052810843e-10	1.17372024988e-07
2.04707901144e-10	1.41986191693e-07
2.08362991445e-10	1.66619386732e-07
2.12018081745e-10	1.89399131045e-07
2.15673172046e-10	2.07968298582e-07
2.19328262346e-10	2.1952894258e-07
2.22983352647e-10	2.20935078232e-07
2.26638442947e-10	2.08837064974e-07
2.30293533248e-10	1.79876906259e-07
2.33948623548e-10	1.30923496044e-07
2.37603713849e-10	5.93318425501e-08
2.41258804149e-10	-3.67976262794e-08
2.4491389445e-10	-1.58382391646e-07
2.4856898475e-10	-3.051656563e-07
2.52224075051e-10	-4.75583988191e-07
2.55879165351e-10	-6.66701339469e-07
2.59534255652e-10	-8.7421472017e-07
2.63189345952e-10	-1.09252573566e-06
2.66844436253e-10	-1.31489389332e-06
2.70499526554e-10	-1.53366295308e-06
2.74154616854e-10	-1.74058072844e-06
2.77809707155e-10	-1.92720085579e-06
2.81464797455e-10	-2.08534993362e-06
2.85119887756e-10	-2.20762308345e-06
2.88774978056e-10	-2.28784278988e-06
2.92430068357e-10	-2.32143770518e-06
2.96085158657e-10	-2.30568116422e-06
2.99740248958e-10	-2.23977986025e-06
3.03395339258e-10	-2.12484223994e-06
3.07050429559e-10	-1.96375140149e-06
3.10705519859e-10	-1.76101389116e-06
3.1436061016e-10	-1.52260713548e-06
3.1801570046e-10	-1.25582107557e-06
3.21670790761e-10	-9.69066036305e-07
3.25325881061e-10	-6.71580494327e-07
3.28980971362e-10	-3.73005804022e-07
3.32636061663e-10	-8.28496098393e-08
3.36291151963e-10	1.90106135278e-07
3.39946242264e-10	4.3832483243e-07
3.43601332564e-10	6.55845383335e-07
3.47256422865e-10	8.38363803268e-07
3.50911513165e-10	9.83072027338e-07
3.54566603466e-10	1.08836252366e-06
3.58221693766e-10	1.1535644262e-06
3.61876784067e-10	1.17883041639e-06
3.65531874367e-10	1.16526075544e-06
3.69186964668e-10	1.11517897494e-06
3.72842054968e-10	1.03241313809e-06
3.76497145269e-10	9.22370247736e-07
3.80152235569e-10	7.91773288711e-07
3.8380732587e-10	6.48039133466e-07
3.8746241617e-10	4.98449765018e-07
3.91117506471e-10	3.49378950659e-07
3.94772596772e-10	2.05837508815e-07
3.98427687072e-10	7.14895662668e-08
4.02082777373e-10	-5.090419819e-08
4.05737867673e-10	-1.58852273557e-07
4.09392957974e-10	-2.49651805007e-07
4.13048048274e-10	-3.20343133353e-07
4.16703138575e-10	-3.68209128965e-07
4.20358228875e-10	-3.91658090848e-07
4.24013319176e-10	-3.91127855437e-07
4.27668409476e-10	-3.6957757743e-07
4.31323499777e-10	-3.32257940272e-07
4.34978590077e-10	-2.85735211492e-07
4.38633680378e-10	-2.36464842374e-07
4.42288770678e-10	-1.89423431607e-07
4.45943860979e-10	-1.47329842548e-07
4.49598951279e-10	-1.10767302886e-07
4.5325404158e-10	-7.91313823356e-08
4.56909131881e-10	-5.1975554527e-08
4.60564222181e-10	-3.01151672488e-08
4.64219312482e-10	-1.5933659725e-08
4.67874402782e-10	-1.26635519848e-08
4.71529493083e-10	-2.28995240548e-08
4.75184583383e-10	-4.69594994001e-08
4.78839673684e-10	-8.18603780317e-08
4.82494763984e-10	-1.21459535762e-07
4.86149854285e-10	-1.57851474114e-07
4.89804944585e-10	-1.83565688872e-07
4.93460034886e-10	-1.93731921172e-07
4.97115125186e-10	-1.8733220486e-07
5.00770215487e-10	-1.66998191276e-07
5.04425305787e-10	-1.37413096013e-07
5.08080396088e-10	-1.02978738425e-07
5.11735486388e-10	-6.57552305938e-08
5.15390576689e-10	-2.46183624597e-08
5.1904566699e-10	2.39379822631e-08
5.2270075729e-10	8.36415097183e-08
5.26355847591e-10	1.55824494641e-07
5.30010937891e-10	2.37539694581e-07
5.33666028192e-10	3.21317031649e-07
5.37321118492e-10	3.96813504722e-07
5.40976208793e-10	4.53806478617e-07
5.44631299093e-10	4.8535116548e-07
5.48286389394e-10	4.8981718237e-07
5.51941479694e-10	4.70934082841e-07
5.55596569995e-10	4.35774211383e-07
5.59251660295e-10	3.91501089325e-07
5.62906750596e-10	3.42253827057e-07
5.66561840896e-10	2.87521828568e-07
5.70216931197e-10	2.22780329295e-07
5.73872021497e-10	1.42176801887e-07
5.77527111798e-10	4.21529371408e-08
5.81182202099e-10	-7.5563193036e-08
5.84837292399e-10	-2.02975257935e-07
5.884923827e-10	-3.27396122657e-07
5.92147473e-10	-4.35053607362e-07
5.95802563301e-10	-5.15330157214e-07
5.99457653601e-10	-5.6391365888e-07
6.03112743902e-10	-5.83555674893e-07
6.06767834202e-10	-5.82121970183e-07
6.10422924503e-10	-5.68730115447e-07
6.14078014803e-10	-5.49584626697e-07
6.17733105104e-10	-5.25285145159e-07
6.21388195404e-10	-4.90783804707e-07
6.25043285705e-10	-4.38061590557e-07
6.28698376005e-10	-3.60442243164e-07
6.32353466306e-10	-2.56705988022e-07
6.36008556606e-10	-1.33203485575e-07
6.39663646907e-10	-2.96610203065e-09
6.43318737208e-10	1.17954400025e-07
6.46973827508e-10	2.15497109934e-07
6.50628917809e-10	2.8195051982e-07
6.54284008109e-10	3.17900173741e-07
6.5793909841e-10	3.30981436036e-07
6.6159418871e-10	3.31968976752e-07
6.65249279011e-10	3.29828168333e-07
6.68904369311e-10	3.27773051367e-07
6.72559459612e-10	3.21974368944e-07
6.76214549912e-10	3.03472035057e-07
6.79869640213e-10	2.62526356209e-07
6.83524730513e-10	1.93612720523e-07
6.87179820814e-10	9.89605197788e-08
6.90834911114e-10	-1.09106075286e-08
6.94490001415e-10	-1.19981223179e-07
6.98145091715e-10	-2.11813755868e-07
7.01800182016e-10	-2.74921575283e-07
7.05455272317e-10	-3.06279332563e-07
7.09110362617e-10	-3.11584727797e-07
7.12765452918e-10	-3.02195189761e-07
7.16420543218e-10	-2.9000534596e-07
7.20075633519e-10	-2.8235984928e-07
7.23730723819e-10	-2.79051107555e-07
7.2738581412e-10	-2.7261577884e-07
7.3104090442e-10	-2.51812878105e-07
7.34695994721e-10	-2.06881452414e-07
7.38351085021e-10	-1.34456755063e-07
7.42006175322e-10	-4.01127167038e-08
7.45661265622e-10	6.25814351451e-08
7.49316355923e-10	1.56217069502e-07
7.52971446223e-10	2.2534220534e-07
7.56626536524e-10	2.6163718303e-07
7.60281626824e-10	2.6641612294e-07
7.63936717125e-10	2.49468911306e-07
7.67591807426e-10	2.24714355568e-07
7.71246897726e-10	2.04408934223e-07
7.74901988027e-10	1.94224639927e-07
7.78557078327e-10	1.91155635321e-07
7.82212168628e-10	1.85078292247e-07
7.85867258928e-10	1.63363168326e-07
7.89522349229e-10	1.16717600918e-07
7.93177439529e-10	4.39249383533e-08
7.9683252983e-10	-4.64616007889e-08
8.0048762013e-10	-1.38266372574e-07
8.04142710431e-10	-2.12972281588e-07
8.07797800731e-10	-2.56144744526e-07
8.11452891032e-10	-2.6249460916e-07
8.15107981332e-10	-2.37543360981e-07
8.18763071633e-10	-1.95173413431e-07
8.22418161933e-10	-1.52001106812e-07
8.26073252234e-10	-1.2078828604e-07
8.29728342535e-10	-1.05520541638e-07
8.33383432835e-10	-1.00138983328e-07
8.37038523136e-10	-9.14514686201e-08
8.40693613436e-10	-6.50985754191e-08
8.44348703737e-10	-1.22211520903e-08
8.48003794037e-10	6.58565397771e-08
8.51658884338e-10	1.568958794e-07
8.55313974638e-10	2.41413658841e-07
8.58969064939e-10	2.99465796161e-07
8.62624155239e-10	3.17948774864e-07
8.6627924554e-10	2.95500683478e-07
8.6993433584e-10	2.42961107233e-07
8.73589426141e-10	1.79088203822e-07
8.77244516441e-10	1.23169016319e-07
8.80899606742e-10	8.74813963492e-08
8.84554697042e-10	7.26731173017e-08
8.88209787343e-10	6.7968542794e-08
8.91864877644e-10	5.61684423417e-08
8.95519967944e-10	2.14442241742e-08
8.99175058245e-10	-4.32220161883e-08
9.02830148545e-10	-1.32004743136e-07
9.06485238846e-10	-2.27355215543e-07
9.10140329146e-10	-3.05983434146e-07
9.13795419447e-10	-3.47443005921e-07
9.17450509747e-10	-3.4194113141e-07
9.21105600048e-10	-2.94181319305e-07
9.24760690348e-10	-2.21574339321e-07
9.28415780649e-10	-1.47412791307e-07
9.32070870949e-10	-9.17069513662e-08
9.3572596125e-10	-6.34159675883e-08
9.3938105155e-10	-5.72940166421e-08
9.43036141851e-10	-5.66834046367e-08
9.46691232151e-10	-4.11272189638e-08
9.50346322452e-10	4.32670965722e-09
9.54001412753e-10	8.19704268906e-08
9.57656503053e-10	1.79397673605e-07
9.61311593354e-10	2.7349182119e-07
9.64966683654e-10	3.38923371146e-07
9.68621773955e-10	3.57807095952e-07
9.72276864255e-10	3.26649939097e-07
9.75931954556e-10	2.57751935351e-07
9.79587044856e-10	1.74391644236e-07
9.83242135157e-10	1.0166940001e-07
9.86897225457e-10	5.66971394278e-08
9.90552315758e-10	4.21468655531e-08
9.94207406058e-10	4.58417979132e-08
9.97862496359e-10	4.65628886559e-08
1.00151758666e-09	2.36427304401e-08
1.00517267696e-09	-3.36424008651e-08
1.00882776726e-09	-1.2077649103e-07
1.01248285756e-09	-2.18982535216e-07
1.01613794786e-09	-3.02066951008e-07
1.01979303816e-09	-3.46376509697e-07
1.02344812846e-09	-3.39886469192e-07
1.02710321876e-09	-2.86804322513e-07
1.03075830906e-09	-2.05864267855e-07
1.03441339936e-09	-1.22977567685e-07
1.03806848966e-09	-6.11554327179e-08
1.04172357997e-09	-3.17525703508e-08
1.04537867027e-09	-3.0562986808e-08
1.04903376057e-09	-4.03494411216e-08
1.05268885087e-09	-3.8744033759e-08
1.05634394117e-09	-8.2188575945e-09
1.05999903147e-09	5.60004060901e-08
1.06365412177e-09	1.43316896128e-07
1.06730921207e-09	2.31459992506e-07
1.07096430237e-09	2.94923381716e-07
1.07461939267e-09	3.14715066452e-07
1.07827448297e-09	2.85564709657e-07
1.08192957327e-09	2.17811162884e-07
1.08558466357e-09	1.3331862192e-07
1.08923975387e-09	5.70791804932e-08
1.09289484417e-09	7.79199194056e-09
1.09654993447e-09	-8.89642493007e-09
1.10020502477e-09	-1.85280768505e-09
1.10386011507e-09	9.92577575687e-09
1.10751520537e-09	5.74986724899e-09
1.11117029568e-09	-2.7714648354e-08
1.11482538598e-09	-9.04768313603e-08
1.11848047628e-09	-1.68716553617e-07
1.12213556658e-09	-2.39891676301e-07
1.12579065688e-09	-2.81331210772e-07
1.12944574718e-09	-2.78865911696e-07
1.13310083748e-09	-2.32156068591e-07
1.13675592778e-09	-1.54753223569e-07
1.14041101808e-09	-6.89839438905e-08
1.14406610838e-09	2.31891528202e-09
1.14772119868e-09	4.40940937096e-08
1.15137628898e-09	5.4217146328e-08
1.15503137928e-09	4.35960743062e-08
1.15868646958e-09	3.11688843624e-08
1.16234155988e-09	3.57470639756e-08
1.16599665018e-09	6.79316940477e-08
1.16965174048e-09	1.25347696667e-07
1.17330683078e-09	1.9312119548e-07
1.17696192108e-09	2.49406923558e-07
1.18061701139e-09	2.73749662938e-07
1.18427210169e-09	2.54965527802e-07
1.18792719199e-09	1.9550094521e-07
1.19158228229e-09	1.10663243902e-07
1.19523737259e-09	2.30844534599e-08
1.19889246289e-09	-4.54585062926e-08
1.20254755319e-09	-8.18107395162e-08
1.20620264349e-09	-8.58979518625e-08
1.20985773379e-09	-7.01738613884e-08
1.21351282409e-09	-5.42006866056e-08
1.21716791439e-09	-5.63944979604e-08
1.22082300469e-09	-8.6150066636e-08
1.22447809499e-09	-1.39526946441e-07
1.22813318529e-09	-2.00325018795e-07
1.23178827559e-09	-2.46205956955e-07
1.23544336589e-09	-2.57438699691e-07
1.23909845619e-09	-2.24779412861e-07
1.24275354649e-09	-1.53354179133e-07
1.24640863679e-09	-6.10437069781e-08
1.2500637271e-09	2.79689480465e-08
1.2537188174e-09	9.20049956221e-08
1.2573739077e-09	1.19700288792e-07
1.261028998e-09	1.13858291684e-07
1.2646840883e-09	8.9848896323e-08
1.2683391786e-09	6.90845851636e-08
1.2719942689e-09	7.0036570321e-08
1.2756493592e-09	1.00329003772e-07
1.2793044495e-09	1.53146714865e-07
1.2829595398e-09	2.0955823743e-07
1.2866146301e-09	2.45937144427e-07
1.2902697204e-09	2.43504700848e-07
1.2939248107e-09	1.961019791e-07
1.297579901e-09	1.13017847525e-07
1.3012349913e-09	1.57426303105e-08
1.3048900816e-09	-7.00030113876e-08
1.3085451719e-09	-1.23796795037e-07
1.3122002622e-09	-1.37893593433e-07
1.3158553525e-09	-1.1963008717e-07
1.31951044281e-09	-8.79695889466e-08
1.32316553311e-09	-6.5519337511e-08
1.32682062341e-09	-6.91073012149e-08
1.33047571371e-09	-1.02649586609e-07
1.33413080401e-09	-1.55228207177e-07
1.33778589431e-09	-2.05273934739e-07
1.34144098461e-09	-2.29267513419e-07
1.34509607491e-09	-2.11422019447e-07
1.34875116521e-09	-1.50354821926e-07
1.35240625551e-09	-6.00061156319e-08
1.35606134581e-09	3.55394682572e-08
1.35971643611e-09	1.11148324322e-07
1.36337152641e-09	1.49954729523e-07
1.36702661671e-09	1.49260301896e-07
1.37068170701e-09	1.20831117556e-07
1.37433679731e-09	8.56250181869e-08
1.37799188761e-09	6.50918252632e-08
1.38164697791e-09	7.24234965332e-08
1.38530206821e-09	1.07153525164e-07
1.38895715852e-09	1.55245345468e-07
1.39261224882e-09	1.94688652755e-07
1.39626733912e-09	2.04432936357e-07
1.39992242942e-09	1.73071356357e-07
1.40357751972e-09	1.03723351685e-07
1.40723261002e-09	1.31294681793e-08
1.41088770032e-09	-7.46266408669e-08
1.41454279062e-09	-1.37153989499e-07
1.41819788092e-09	-1.61888763728e-07
1.42185297122e-09	-1.50199682025e-07
1.42550806152e-09	-1.16060576261e-07
1.42916315182e-09	-8.00203565632e-08
1.43281824212e-09	-6.09162853493e-08
1.43647333242e-09	-6.84829757347e-08
1.44012842272e-09	-9.95984308361e-08
1.44378351302e-09	-1.39562928325e-07
1.44743860332e-09	-1.67937884044e-07
1.45109369362e-09	-1.66743490126e-07
1.45474878393e-09	-1.2783173986e-07
1.45840387423e-09	-5.64901405653e-08
1.46205896453e-09	3.01976932349e-08
1.46571405483e-09	1.09589244346e-07
1.46936914513e-09	1.61806795518e-07
1.47302423543e-09	1.76841339794e-07
1.47667932573e-09	1.57740231543e-07
1.48033441603e-09	1.18820835837e-07
1.48398950633e-09	7.9775396955e-08
1.48764459663e-09	5.79958623348e-08
1.49129968693e-09	6.19563707005e-08
1.49495477723e-09	8.80371828771e-08
1.49860986753e-09	1.21947081766e-07
1.50226495783e-09	1.44278160974e-07
1.50592004813e-09	1.38212513434e-07
1.50957513843e-09	9.64807895798e-08
1.51323022873e-09	2.48059226493e-08
1.51688531903e-09	-5.96549654119e-08
1.52054040933e-09	-1.34395122586e-07
1.52419549964e-09	-1.79825974556e-07
1.52785058994e-09	-1.86456247775e-07
1.53150568024e-09	-1.5818194754e-07
1.53516077054e-09	-1.1047101367e-07
1.53881586084e-09	-6.42192361511e-08
1.54247095114e-09	-3.76726845275e-08
1.54612604144e-09	-3.94404615633e-08
1.54978113174e-09	-6.51785825312e-08
1.55343622204e-09	-9.92326931737e-08
1.55709131234e-09	-1.20741191267e-07
1.56074640264e-09	-1.12028018862e-07
1.56440149294e-09	-6.61118804146e-08
1.56805658324e-09	9.72655556097e-09
1.57171167354e-09	9.59690211744e-08
1.57536676384e-09	1.67902115322e-07
1.57902185414e-09	2.04981972729e-07
1.58267694444e-09	1.98738320023e-07
1.58633203474e-09	1.55978455041e-07
1.58998712504e-09	9.59899111308e-08
1.59364221535e-09	4.28665174468e-08
1.59729730565e-09	1.60262842996e-08
1.60095239595e-09	2.26283365379e-08
1.60460748625e-09	5.48104637232e-08
1.60826257655e-09	9.28446866055e-08
1.61191766685e-09	1.13076367825e-07
1.61557275715e-09	9.76601342018e-08
1.61922784745e-09	4.23057251453e-08
1.62288293775e-09	-4.11712477444e-08
1.62653802805e-09	-1.28769855223e-07
1.63019311835e-09	-1.93351070266e-07
1.63384820865e-09	-2.1525295324e-07
1.63750329895e-09	-1.90101474118e-07
1.64115838925e-09	-1.3051591452e-07
1.64481347955e-09	-6.09620158798e-08
1.64846856985e-09	-7.87649678813e-09
1.65212366015e-09	1.08828190903e-08
1.65577875045e-09	-6.99693858408e-09
1.65943384075e-09	-4.76237111968e-08
1.66308893106e-09	-8.6734651461e-08
1.66674402136e-09	-9.97001592395e-08
1.67039911166e-09	-7.17764692126e-08
1.67405420196e-09	-4.56161997064e-09
1.67770929226e-09	8.39881835191e-08
1.68136438256e-09	1.66162408277e-07
1.68501947286e-09	2.15231423795e-07
1.68867456316e-09	2.16025370037e-07
1.69232965346e-09	1.70989082449e-07
1.69598474376e-09	9.91324640154e-08
1.69963983406e-09	2.82608354496e-08
1.70329492436e-09	-1.62773048373e-08
1.70695001466e-09	-2.16543050158e-08
1.71060510496e-09	7.64176188994e-09
1.71426019526e-09	5.2109314197e-08
1.71791528556e-09	8.55309991721e-08
1.72157037586e-09	8.58459756614e-08
1.72522546616e-09	4.42884768859e-08
1.72888055646e-09	-3.07684224765e-08
1.73253564677e-09	-1.16749795609e-07
1.73619073707e-09	-1.85480899972e-07
1.73984582737e-09	-2.14133294207e-07
1.74350091767e-09	-1.94183570557e-07
1.74715600797e-09	-1.3474300431e-07
1.75081109827e-09	-5.88451563033e-08
1.75446618857e-09	5.84259796099e-09
1.75812127887e-09	3.80646341114e-08
1.76177636917e-09	3.12286196902e-08
1.76543145947e-09	-4.45406289629e-09
1.76908654977e-09	-4.66573908398e-08
1.77274164007e-09	-7.03817093495e-08
1.77639673037e-09	-5.82469965593e-08
1.78005182067e-09	-7.58585727567e-09
1.78370691097e-09	6.83275658275e-08
1.78736200127e-09	1.4527950043e-07
1.79101709157e-09	1.97366034627e-07
1.79467218187e-09	2.06940029557e-07
1.79832727217e-09	1.71426506768e-07
1.80198236248e-09	1.04310196036e-07
1.80563745278e-09	2.98395370635e-08
1.80929254308e-09	-2.65069139971e-08
1.81294763338e-09	-4.79813095922e-08
1.81660272368e-09	-3.29168123869e-08
1.82025781398e-09	5.07672037742e-09
1.82391290428e-09	4.3058182797e-08
1.82756799458e-09	5.83226480444e-08
1.83122308488e-09	3.76884585762e-08
1.83487817518e-09	-1.71340985844e-08
1.83853326548e-09	-9.00696051076e-08
1.84218835578e-09	-1.56773836579e-07
1.84584344608e-09	-1.93905094648e-07
1.84949853638e-09	-1.88051899386e-07
1.85315362668e-09	-1.40939761195e-07
1.85680871698e-09	-6.88800341209e-08
1.86046380728e-09	3.42480888094e-09
1.86411889758e-09	5.24030632221e-08
1.86777398788e-09	6.47464659664e-08
1.87142907819e-09	4.24675761224e-08
1.87508416849e-09	1.79161840919e-09
1.87873925879e-09	-3.36865113582e-08
1.88239434909e-09	-4.27874837783e-08
1.88604943939e-09	-1.5492984673e-08
1.88970452969e-09	4.28405328989e-08
1.89335961999e-09	1.13400091095e-07
1.89701471029e-09	1.71141380179e-07
1.90066980059e-09	1.94472079329e-07
1.90432489089e-09	1.73666890646e-07
1.90797998119e-09	1.14791511407e-07
1.91163507149e-09	3.75723594459e-08
1.91529016179e-09	-3.20774447005e-08
1.91894525209e-09	-7.20660153775e-08
1.92260034239e-09	-7.27503532971e-08
1.92625543269e-09	-4.06650464413e-08
1.92991052299e-09	4.28987600998e-09
1.93356561329e-09	3.71546562405e-08
1.93722070359e-09	3.8345149278e-08
1.9408757939e-09	1.91227589319e-09
1.9445308842e-09	-6.17860962393e-08
1.9481859745e-09	-1.30065600956e-07
1.9518410648e-09	-1.76899249027e-07
1.9554961551e-09	-1.83274551091e-07
1.9591512454e-09	-1.44798889323e-07
1.9628063357e-09	-7.35844807309e-08
1.966461426e-09	6.33887875523e-09
1.9701165163e-09	6.83345149355e-08
1.9737716066e-09	9.3565965642e-08
1.9774266969e-09	7.83773899116e-08
1.9810817872e-09	3.56138514235e-08
1.9847368775e-09	-1.07935100857e-08
1.9883919678e-09	-3.58569991477e-08
1.9920470581e-09	-2.40738984303e-08
1.9957021484e-09	2.39221193965e-08
1.9993572387e-09	9.14231037541e-08
2.003012329e-09	1.52394420638e-07
2.0066674193e-09	1.82074757049e-07
2.01032250961e-09	1.67039814869e-07
2.01397759991e-09	1.10637536466e-07
2.01763269021e-09	3.16682005064e-08
2.02128778051e-09	-4.30635971327e-08
2.02494287081e-09	-8.93095375432e-08
2.02859796111e-09	-9.48403453549e-08
2.03225305141e-09	-6.40530615215e-08
2.03590814171e-09	-1.58796691352e-08
2.03956323201e-09	2.42009310369e-08
2.04321832231e-09	3.48423299101e-08
2.04687341261e-09	7.81280995454e-09
2.05052850291e-09	-4.8460663038e-08
2.05418359321e-09	-1.12296959287e-07
2.05783868351e-09	-1.57702942261e-07
2.06149377381e-09	-1.65075533687e-07
2.06514886411e-09	-1.291979288e-07
2.06880395441e-09	-6.12807582456e-08
2.07245904471e-09	1.56668100715e-08
2.07611413501e-09	7.60844045544e-08
2.07976922532e-09	1.01894713112e-07
2.08342431562e-09	8.9329951436e-08
2.08707940592e-09	4.99196914916e-08
2.09073449622e-09	5.37666977607e-09
2.09438958652e-09	-2.14953796984e-08
2.09804467682e-09	-1.62203068754e-08
2.10169976712e-09	2.14026592005e-08
2.10535485742e-09	7.72321726572e-08
2.10900994772e-09	1.28612924755e-07
2.11266503802e-09	1.53696589678e-07
2.11632012832e-09	1.40381260394e-07
2.11997521862e-09	9.11699231665e-08
2.12363030892e-09	2.20322533551e-08
2.12728539922e-09	-4.41286225339e-08
2.13094048952e-09	-8.65871356837e-08
2.13459557982e-09	-9.47198373069e-08
2.13825067012e-09	-7.16575598858e-08
2.14190576042e-09	-3.24039035604e-08
2.14556085073e-09	2.63260124811e-09
2.14921594103e-09	1.60047797237e-08
2.15287103133e-09	2.00474942202e-10
2.15652612163e-09	-3.94549992677e-08
2.16018121193e-09	-8.70518732654e-08
2.16383630223e-09	-1.22559299598e-07
2.16749139253e-09	-1.29909238922e-07
2.17114648283e-09	-1.03455803924e-07
2.17480157313e-09	-5.02073547182e-08
2.17845666343e-09	1.30150175082e-08
2.18211175373e-09	6.62510757365e-08
2.18576684403e-09	9.41356717021e-08
2.18942193433e-09	9.15621285458e-08
2.19307702463e-09	6.51235723126e-08
2.19673211493e-09	2.99656122138e-08
2.20038720523e-09	3.46706396925e-09
2.20404229553e-09	-1.69040892395e-09
2.20769738583e-09	1.75913523748e-08
2.21135247613e-09	5.37502877762e-08
2.21500756644e-09	9.16324296441e-08
2.21866265674e-09	1.14492578973e-07
2.22231774704e-09	1.10615815174e-07
2.22597283734e-09	7.80118369903e-08
2.22962792764e-09	2.53250327376e-08
2.23328301794e-09	-3.14267154522e-08
2.23693810824e-09	-7.49882360651e-08
2.24059319854e-09	-9.34314883239e-08
2.24424828884e-09	-8.45312300157e-08
2.24790337914e-09	-5.62534872017e-08
2.25155846944e-09	-2.32785595244e-08
2.25521355974e-09	-1.02738961782e-09
2.25886865004e-09	4.32048369303e-10
2.26252374034e-09	-1.97415737091e-08
2.26617883064e-09	-5.29103232338e-08
2.26983392094e-09	-8.43686507324e-08
2.27348901124e-09	-9.9124676467e-08
2.27714410154e-09	-8.78624604184e-08
2.28079919184e-09	-5.08008426436e-08
2.28445428215e-09	2.09691886077e-09
2.28810937245e-09	5.47516094684e-08
2.29176446275e-09	9.10842814505e-08
2.29541955305e-09	1.01205074543e-07
2.29907464335e-09	8.51767296695e-08
2.30272973365e-09	5.28021573132e-08
2.30638482395e-09	1.95230285271e-08
2.31003991425e-09	1.26723520566e-10
2.31369500455e-09	2.80699730126e-09
2.31735009485e-09	2.59338275299e-08
2.32100518515e-09	5.877211251e-08
2.32466027545e-09	8.58082671584e-08
2.32831536575e-09	9.29837824515e-08
2.33197045605e-09	7.34257454837e-08
2.33562554635e-09	3.04232905535e-08
2.33928063665e-09	-2.35641977042e-08
2.34293572695e-09	-7.15654309147e-08
2.34659081725e-09	-9.86656516488e-08
2.35024590755e-09	-9.7859356174e-08
2.35390099786e-09	-7.2770902193e-08
2.35755608816e-09	-3.60747876016e-08
2.36121117846e-09	-4.21765822267e-09
2.36486626876e-09	9.36648447691e-09
2.36852135906e-09	-2.80791390139e-10
2.37217644936e-09	-2.77268998872e-08
2.37583153966e-09	-5.9510607997e-08
2.37948662996e-09	-7.97482755388e-08
2.38314172026e-09	-7.66613084124e-08
2.38679681056e-09	-4.74296797393e-08
2.39045190086e-09	5.24638055222e-10
2.39410699116e-09	5.23184091605e-08
2.39776208146e-09	9.13520992185e-08
2.40141717176e-09	1.05772002712e-07
2.40507226206e-09	9.30825052592e-08
2.40872735236e-09	6.10096364539e-08
2.41238244266e-09	2.42307951481e-08
2.41603753296e-09	-1.70986325099e-09
2.41969262326e-09	-6.78733247383e-09
2.42334771357e-09	9.49739309419e-09
2.42700280387e-09	3.81296381136e-08
2.43065789417e-09	6.45188649173e-08
2.43431298447e-09	7.46476445102e-08
2.43796807477e-09	6.08480377196e-08
2.44162316507e-09	2.48913316625e-08
2.44527825537e-09	-2.27283365462e-08
2.44893334567e-09	-6.69188366942e-08
2.45258843597e-09	-9.38246600413e-08
2.45624352627e-09	-9.60820329965e-08
2.45989861657e-09	-7.54883870968e-08
2.46355370687e-09	-4.20714165728e-08
2.46720879717e-09	-9.94018911626e-09
2.47086388747e-09	8.41563263521e-09
2.47451897777e-09	7.08399250371e-09
2.47817406807e-09	-1.10708695544e-08
2.48182915837e-09	-3.58418361657e-08
2.48548424867e-09	-5.40746967204e-08
2.48913933897e-09	-5.51417116412e-08
2.49279442928e-09	-3.5232108786e-08
2.49644951958e-09	1.21278165288e-09
2.50010460988e-09	4.33356461826e-08
2.50375970018e-09	7.80817757118e-08
2.50741479048e-09	9.50860297166e-08
2.51106988078e-09	9.03836934185e-08
2.51472497108e-09	6.76417428735e-08
2.51838006138e-09	3.65516861223e-08
2.52203515168e-09	9.02900154642e-09
2.52569024198e-09	-5.35018651604e-09
2.52934533228e-09	-2.94494384434e-09
2.53300042258e-09	1.26988348725e-08
2.53665551288e-09	3.24336291158e-08
2.54031060318e-09	4.52911876891e-08
2.54396569348e-09	4.29173674377e-08
2.54762078378e-09	2.28950529646e-08
2.55127587408e-09	-1.0312653842e-08
2.55493096438e-09	-4.70700172173e-08
2.55858605468e-09	-7.61500231761e-08
2.56224114499e-09	-8.87930866611e-08
2.56589623529e-09	-8.17855010382e-08
2.56955132559e-09	-5.8513180079e-08
2.57320641589e-09	-2.76784426489e-08
2.57686150619e-09	-1.32452812607e-10
2.58051659649e-09	1.51030530304e-08
2.58417168679e-09	1.42001734815e-08
2.58782677709e-09	-7.44693195998e-12
2.59148186739e-09	-1.91008275863e-08
2.59513695769e-09	-3.23892059839e-08
2.59879204799e-09	-3.12076444686e-08
2.60244713829e-09	-1.24927392875e-08
2.60610222859e-09	1.98002965135e-08
2.60975731889e-09	5.60232464863e-08
2.61341240919e-09	8.43778877879e-08
2.61706749949e-09	9.53078114208e-08
2.62072258979e-09	8.51007442293e-08
2.62437768009e-09	5.73685596805e-08
2.62803277039e-09	2.18360813875e-08
2.6316878607e-09	-9.17768261388e-09
2.635342951e-09	-2.53778402737e-08
2.6389980413e-09	-2.25114824559e-08
2.6426531316e-09	-4.17027479216e-09
2.6463082219e-09	1.94787723728e-08
2.6499633122e-09	3.57108866922e-08
2.6536184025e-09	3.44959794063e-08
2.6572734928e-09	1.28280248646e-08
2.6609285831e-09	-2.37197781416e-08
2.6645836734e-09	-6.29442453715e-08
2.6682387637e-09	-9.07290669261e-08
2.671893854e-09	-9.66178461681e-08
2.6755489443e-09	-7.80100322118e-08
2.6792040346e-09	-4.1313438004e-08
2.6828591249e-09	4.20522783262e-10
2.6865142152e-09	3.24869162682e-08
2.6901693055e-09	4.42527934297e-08
2.6938243958e-09	3.34061738272e-08
2.6974794861e-09	6.98340674177e-09
2.70113457641e-09	-2.1369976011e-08
2.70478966671e-09	-3.69450106064e-08
2.70844475701e-09	-3.01507157019e-08
2.71209984731e-09	-7.46117279071e-10
2.71575493761e-09	4.17472421077e-08
2.71941002791e-09	8.172135324e-08
2.72306511821e-09	1.03773622584e-07
2.72672020851e-09	9.89910518001e-08
2.73037529881e-09	6.86030361408e-08
2.73403038911e-09	2.35325927633e-08
2.73768547941e-09	-1.99357401698e-08
2.74134056971e-09	-4.66002632038e-08
2.74499566001e-09	-4.83178972388e-08
2.74865075031e-09	-2.7173889805e-08
2.75230584061e-09	5.40973887908e-09
2.75596093091e-09	3.33266001462e-08
2.75961602121e-09	4.23914769954e-08
2.76327111151e-09	2.62707740006e-08
2.76692620182e-09	-1.07064241917e-08
2.77058129212e-09	-5.51192123055e-08
2.77423638242e-09	-8.98336978139e-08
2.77789147272e-09	-1.00984060225e-07
2.78154656302e-09	-8.36475138044e-08
2.78520165332e-09	-4.38309797346e-08
2.78885674362e-09	4.00725141958e-09
2.79251183392e-09	4.27948165793e-08
2.79616692422e-09	5.96114730911e-08
2.79982201452e-09	5.06558848201e-08
2.80347710482e-09	2.25073755189e-08
2.80713219512e-09	-1.07089466184e-08
2.81078728542e-09	-3.30889697864e-08
2.81444237572e-09	-3.33809389019e-08
2.81809746602e-09	-9.56328527479e-09
2.82175255632e-09	3.02440170685e-08
2.82540764662e-09	7.09476637439e-08
2.82906273692e-09	9.65111155438e-08
2.83271782722e-09	9.64128474834e-08
2.83637291753e-09	6.98876050365e-08
2.84002800783e-09	2.62066155443e-08
2.84368309813e-09	-1.90896933816e-08
2.84733818843e-09	-5.03933890172e-08
2.85099327873e-09	-5.80985890508e-08
2.85464836903e-09	-4.21359942493e-08
2.85830345933e-09	-1.1681327905e-08
2.86195854963e-09	1.87085884562e-08
2.86561363993e-09	3.49285365076e-08
2.86926873023e-09	2.88764940848e-08
2.87292382053e-09	1.6385460766e-09
2.87657891083e-09	-3.68951873497e-08
2.88023400113e-09	-7.18469976846e-08
2.88388909143e-09	-8.91672158332e-08
2.88754418173e-09	-8.12024509855e-08
2.89119927203e-09	-4.97811427635e-08
2.89485436233e-09	-5.55018520032e-09
2.89850945263e-09	3.61880054811e-08
2.90216454293e-09	6.14600708104e-08
2.90581963324e-09	6.29918446293e-08
2.90947472354e-09	4.28479332015e-08
2.91312981384e-09	1.13870193275e-08
2.91678490414e-09	-1.69630531843e-08
2.92043999444e-09	-2.94010984447e-08
2.92409508474e-09	-1.97379037559e-08
2.92775017504e-09	9.16692854958e-09
2.93140526534e-09	4.64318432591e-08
2.93506035564e-09	7.72868986587e-08
2.93871544594e-09	8.87961846274e-08
2.94237053624e-09	7.50123945181e-08
2.94602562654e-09	3.95021118038e-08
2.94968071684e-09	-5.85770010275e-09
2.95333580714e-09	-4.54186235288e-08
2.95699089744e-09	-6.58726619918e-08
2.96064598774e-09	-6.14628632434e-08
2.96430107804e-09	-3.61710164043e-08
2.96795616834e-09	-2.0285950697e-09
2.97161125864e-09	2.57428105499e-08
2.97526634895e-09	3.48047741738e-08
2.97892143925e-09	2.0603767581e-08
2.98257652955e-09	-1.17709761938e-08
2.98623161985e-09	-4.94881220447e-08
2.98988671015e-09	-7.69444312709e-08
2.99354180045e-09	-8.19285617126e-08
2.99719689075e-09	-6.06055010621e-08
3.00085198105e-09	-1.92987243963e-08
3.00450707135e-09	2.77731633247e-08
3.00816216165e-09	6.40189128376e-08
3.01181725195e-09	7.70777717207e-08
3.01547234225e-09	6.37937205283e-08
3.01912743255e-09	3.14592725204e-08
3.02278252285e-09	-5.21031440215e-09
3.02643761315e-09	-3.01162046412e-08
3.03009270345e-09	-3.2342587275e-08
3.03374779375e-09	-1.05789776939e-08
3.03740288405e-09	2.63536374945e-08
3.04105797435e-09	6.30383283351e-08
3.04471306466e-09	8.36473432742e-08
3.04836815496e-09	7.83384450642e-08
3.05202324526e-09	4.73275605373e-08
3.05567833556e-09	9.84930026426e-10
3.05933342586e-09	-4.41698837506e-08
3.06298851616e-09	-7.20413950717e-08
3.06664360646e-09	-7.34436156336e-08
3.07029869676e-09	-4.98078129851e-08
3.07395378706e-09	-1.25222250347e-08
3.07760887736e-09	2.18564899512e-08
3.08126396766e-09	3.84962994815e-08
3.08491905796e-09	3.03904599264e-08
3.08857414826e-09	1.14690723585e-09
3.09222923856e-09	-3.66292383092e-08
3.09588432886e-09	-6.65932731181e-08
3.09953941916e-09	-7.53506341766e-08
3.10319450946e-09	-5.78809959961e-08
3.10684959976e-09	-1.95483753629e-08
3.11050469006e-09	2.60579398059e-08
3.11415978037e-09	6.25583638225e-08
3.11781487067e-09	7.73323733938e-08
3.12146996097e-09	6.65271713274e-08
3.12512505127e-09	3.64725210034e-08
3.12878014157e-09	9.22990683883e-10
3.13243523187e-09	-2.47377016649e-08
3.13609032217e-09	-2.98809048616e-08
3.13974541247e-09	-1.29112081027e-08
3.14340050277e-09	1.82931785275e-08
3.14705559307e-09	4.98701524521e-08
3.15071068337e-09	6.78205580584e-08
3.15436577367e-09	6.37133510395e-08
3.15802086397e-09	3.79687463692e-08
3.16167595427e-09	-4.98777963376e-10
3.16533104457e-09	-3.79954023799e-08
3.16898613487e-09	-6.15253910041e-08
3.17264122517e-09	-6.38454054069e-08
3.17629631547e-09	-4.6124334574e-08
3.17995140577e-09	-1.7195485924e-08
3.18360649608e-09	1.02317994077e-08
3.18726158638e-09	2.48274822923e-08
3.19091667668e-09	2.12005062394e-08
3.19457176698e-09	1.88683291213e-09
3.19822685728e-09	-2.39838673366e-08
3.20188194758e-09	-4.46721699632e-08
3.20553703788e-09	-5.07178796738e-08
3.20919212818e-09	-3.86771432659e-08
3.21284721848e-09	-1.22588321716e-08
3.21650230878e-09	1.94150899802e-08
3.22015739908e-09	4.55584832082e-08
3.22381248938e-09	5.78990437816e-08
3.22746757968e-09	5.36603224077e-08
3.23112266998e-09	3.63074335041e-08
3.23477776028e-09	1.38896893986e-08
3.23843285058e-09	-4.29648006062e-09
3.24208794088e-09	-1.13778613198e-08
3.24574303118e-09	-5.48335910011e-09
3.24939812148e-09	9.7501908769e-09
3.25305321179e-09	2.68939572834e-08
3.25670830209e-09	3.7878095327e-08
3.26036339239e-09	3.72449591168e-08
3.26401848269e-09	2.41941506829e-08
3.26767357299e-09	2.67430011469e-09
3.27132866329e-09	-2.03553334188e-08
3.27498375359e-09	-3.76644209155e-08
3.27863884389e-09	-4.43856222887e-08
3.28229393419e-09	-3.95897927774e-08
3.28594902449e-09	-2.63383270749e-08
3.28960411479e-09	-1.03251567296e-08
3.29325920509e-09	2.34088992634e-09
3.29691429539e-09	7.39748173828e-09
3.30056938569e-09	3.91953847156e-09
3.30422447599e-09	-5.48169154513e-09
3.30787956629e-09	-1.58119739524e-08
3.31153465659e-09	-2.17403108849e-08
3.31518974689e-09	-1.97035774363e-08
3.31884483719e-09	-9.24600396246e-09
3.3224999275e-09	6.8905761097e-09
3.3261550178e-09	2.38917365891e-08
3.3298101081e-09	3.66893893045e-08
3.3334651984e-09	4.17535623853e-08
3.3371202887e-09	3.82359317541e-08
3.340775379e-09	2.81217502618e-08
3.3444304693e-09	1.54032839816e-08
3.3480855596e-09	4.59715909784e-09
3.3517406499e-09	-8.97039553749e-10
3.3553957402e-09	-1.7182144596e-11
3.3590508305e-09	5.62340529697e-09
3.3627059208e-09	1.24269847745e-08
3.3663610111e-09	1.62939315373e-08
3.3700161014e-09	1.43091032356e-08
3.3736711917e-09	5.92583537795e-09
3.377326282e-09	-6.82332856883e-09
3.3809813723e-09	-2.01471177519e-08
3.3846364626e-09	-2.9976430227e-08
3.3882915529e-09	-3.34749721276e-08
3.39194664321e-09	-3.00086639982e-08
3.39560173351e-09	-2.12637409902e-08
3.39925682381e-09	-1.05139674744e-08
3.40291191411e-09	-1.35217137487e-09
3.40656700441e-09	3.64035868117e-09
3.41022209471e-09	3.81419695827e-09
3.41387718501e-09	5.98405991425e-10
3.41753227531e-09	-3.18698845092e-09
3.42118736561e-09	-4.56988669129e-09
3.42484245591e-09	-1.70911740316e-09
3.42849754621e-09	5.3428252933e-09
3.43215263651e-09	1.47205643231e-08
3.43580772681e-09	2.35802097848e-08
3.43946281711e-09	2.92846706884e-08
3.44311790741e-09	3.03967588877e-08
3.44677299771e-09	2.7074991138e-08
3.45042808801e-09	2.08082795439e-08
3.45408317831e-09	1.36888065327e-08
3.45773826862e-09	7.57101403792e-09
3.46139335892e-09	3.46728068479e-09
3.46504844922e-09	1.35448219307e-09
3.46870353952e-09	4.01293664964e-10
3.47235862982e-09	-5.12362485772e-10
3.47601372012e-09	-2.24220708667e-09
3.47966881042e-09	-5.02756103415e-09
3.48332390072e-09	-8.47634051837e-09
3.48697899102e-09	-1.18714016395e-08
3.49063408132e-09	-1.45843470634e-08
3.49428917162e-09	-1.63384274998e-08
3.49794426192e-09	-1.7182159695e-08
3.50159935222e-09	-1.72117076147e-08
3.50525444252e-09	-1.62757665123e-08
3.50890953282e-09	-1.39245948105e-08
3.51256462312e-09	-9.67573665633e-09
3.51621971342e-09	-3.46514950067e-09
3.51987480372e-09	4.00054345207e-09
3.52352989402e-09	1.12677351893e-08
3.52718498433e-09	1.65919917805e-08
3.53084007463e-09	1.86554292014e-08
3.53449516493e-09	1.72294321032e-08
3.53815025523e-09	1.34344588787e-08
3.54180534553e-09	9.42212352584e-09
3.54546043583e-09	7.54618323384e-09
3.54911552613e-09	9.30274435262e-09
3.55277061643e-09	1.4497478773e-08
3.55642570673e-09	2.10655031196e-08
3.56008079703e-09	2.57280277083e-08
3.56373588733e-09	2.53312233411e-08
3.56739097763e-09	1.83384329944e-08
3.57104606793e-09	5.77896175358e-09
3.57470115823e-09	-8.85721984645e-09
3.57835624853e-09	-2.08569410631e-08
3.58201133883e-09	-2.6199211689e-08
3.58566642913e-09	-2.33157280149e-08
3.58932151943e-09	-1.38962263918e-08
3.59297660973e-09	-2.3290798179e-09
3.59663170004e-09	6.0600253704e-09
3.60028679034e-09	7.2579178223e-09
3.60394188064e-09	3.58335250361e-10
3.60759697094e-09	-1.18752945255e-08
3.61125206124e-09	-2.39918129807e-08
3.61490715154e-09	-3.00475093695e-08
3.61856224184e-09	-2.6144169496e-08
3.62221733214e-09	-1.22527552548e-08
3.62587242244e-09	7.51324158443e-09
3.62952751274e-09	2.63915698184e-08
3.63318260304e-09	3.76721480677e-08
3.63683769334e-09	3.74983954998e-08
3.64049278364e-09	2.65568562696e-08
3.64414787394e-09	9.87628911986e-09
3.64780296424e-09	-5.21749132787e-09
3.65145805454e-09	-1.21545173926e-08
3.65511314484e-09	-7.90313592347e-09
3.65876823514e-09	5.70453417836e-09
3.66242332544e-09	2.2670914035e-08
3.66607841575e-09	3.52781945878e-08
3.66973350605e-09	3.72965516249e-08
3.67338859635e-09	2.66321329434e-08
3.67704368665e-09	6.30739149798e-09
3.68069877695e-09	-1.66526206158e-08
3.68435386725e-09	-3.40131265375e-08
3.68800895755e-09	-3.96689543436e-08
3.69166404785e-09	-3.21362350064e-08
3.69531913815e-09	-1.51543897431e-08
3.69897422845e-09	3.87224030618e-09
3.70262931875e-09	1.69501870317e-08
3.70628440905e-09	1.87897999382e-08
3.70993949935e-09	8.95291840664e-09
3.71359458965e-09	-8.01840194242e-09
3.71724967995e-09	-2.45226701168e-08
3.72090477025e-09	-3.30403366888e-08
3.72455986055e-09	-2.92034947336e-08
3.72821495085e-09	-1.35678774882e-08
3.73187004115e-09	8.61571525235e-09
3.73552513146e-09	2.95047577481e-08
3.73918022176e-09	4.17760190885e-08
3.74283531206e-09	4.1500328507e-08
3.74649040236e-09	2.96260793675e-08
3.75014549266e-09	1.14902709569e-08
3.75380058296e-09	-5.40330802323e-09
3.75745567326e-09	-1.44205047903e-08
3.76111076356e-09	-1.24073942231e-08
3.76476585386e-09	-8.31860913486e-10
3.76842094416e-09	1.49379442149e-08
3.77207603446e-09	2.78727085856e-08
3.77573112476e-09	3.21047828322e-08
3.77938621506e-09	2.52033860448e-08
3.78304130536e-09	9.0598701874e-09
3.78669639566e-09	-1.09052216146e-08
3.79035148596e-09	-2.78635585715e-08
3.79400657626e-09	-3.61709382446e-08
3.79766166656e-09	-3.34477121555e-08
3.80131675686e-09	-2.13825437356e-08
3.80497184717e-09	-4.97281771317e-09
3.80862693747e-09	9.4584295951e-09
3.81228202777e-09	1.66825024905e-08
3.81593711807e-09	1.45047840405e-08
3.81959220837e-09	4.49143655601e-09
3.82324729867e-09	-8.74295302822e-09
3.82690238897e-09	-1.93588594044e-08
3.83055747927e-09	-2.25272973609e-08
3.83421256957e-09	-1.62353703814e-08
3.83786765987e-09	-2.01983541004e-09
3.84152275017e-09	1.55960009351e-08
3.84517784047e-09	3.0752460134e-08
3.84883293077e-09	3.83862293063e-08
3.85248802107e-09	3.60685561418e-08
3.85614311137e-09	2.48970746242e-08
3.85979820167e-09	9.0927052554e-09
3.86345329197e-09	-5.5669655552e-09
3.86710838227e-09	-1.3891199302e-08
3.87076347257e-09	-1.32147643939e-08
3.87441856288e-09	-4.39693392806e-09
3.87807365318e-09	8.51176196193e-09
3.88172874348e-09	1.98010710051e-08
3.88538383378e-09	2.42741897694e-08
3.88903892408e-09	1.92643767605e-08
3.89269401438e-09	5.72411362754e-09
3.89634910468e-09	-1.20291065997e-08
3.90000419498e-09	-2.78487419791e-08
3.90365928528e-09	-3.60494318841e-08
3.90731437558e-09	-3.35911529703e-08
3.91096946588e-09	-2.13094200063e-08
3.91462455618e-09	-3.68591335231e-09
3.91827964648e-09	1.28168293756e-08
3.92193473678e-09	2.22346621115e-08
3.92558982708e-09	2.1425744734e-08
3.92924491738e-09	1.13259677192e-08
3.93290000768e-09	-3.39525207949e-09
3.93655509798e-09	-1.61633870732e-08
3.94021018828e-09	-2.10932107336e-08
3.94386527859e-09	-1.53518371349e-08
3.94752036889e-09	-3.52786744262e-10
3.95117545919e-09	1.87138198271e-08
3.95483054949e-09	3.48409940898e-08
3.95848563979e-09	4.19227674797e-08
3.96214073009e-09	3.71733293036e-08
3.96579582039e-09	2.22649791937e-08
3.96945091069e-09	2.71874522895e-09
3.97310600099e-09	-1.42401104242e-08
3.97676109129e-09	-2.25275513799e-08
3.98041618159e-09	-1.95909564127e-08
3.98407127189e-09	-7.38531991118e-09
3.98772636219e-09	8.44715675186e-09
3.99138145249e-09	2.08666151025e-08
3.99503654279e-09	2.42563142905e-08
3.99869163309e-09	1.66504197097e-08
4.00234672339e-09	5.10395725684e-10
4.00600181369e-09	-1.82459984899e-08
4.00965690399e-09	-3.25630225007e-08
4.0133119943e-09	-3.69894195273e-08
4.0169670846e-09	-2.97884632516e-08
4.0206221749e-09	-1.35900126708e-08
4.0242772652e-09	5.66598368223e-09
4.0279323555e-09	2.10547206336e-08
4.0315874458e-09	2.7345034681e-08
4.0352425361e-09	2.29732251e-08
4.0388976264e-09	1.05405870698e-08
4.0425527167e-09	-4.3109267267e-09
4.046207807e-09	-1.51637600254e-08
4.0498628973e-09	-1.73264709247e-08
4.0535179876e-09	-9.59567891812e-09
4.0571730779e-09	5.35262234536e-09
4.0608281682e-09	2.20326779043e-08
4.0644832585e-09	3.42479289372e-08
4.0681383488e-09	3.74067781195e-08
4.0717934391e-09	3.01991889273e-08
4.0754485294e-09	1.50493839612e-08
4.0791036197e-09	-2.81475220909e-09
4.08275871001e-09	-1.7312215661e-08
4.08641380031e-09	-2.37360104904e-08
4.09006889061e-09	-2.04456718222e-08
4.09372398091e-09	-9.40596223131e-09
4.09737907121e-09	4.61147831032e-09
4.10103416151e-09	1.58296593611e-08
4.10468925181e-09	1.96049789736e-08
4.10834434211e-09	1.41343896587e-08
4.11199943241e-09	1.12025388965e-09
4.11565452271e-09	-1.48173215919e-08
4.11930961301e-09	-2.77764264922e-08
4.12296470331e-09	-3.27053264471e-08
4.12661979361e-09	-2.72757247899e-08
4.13027488391e-09	-1.28254242782e-08
4.13392997421e-09	5.99890581654e-09
4.13758506451e-09	2.28424212878e-08
4.14124015481e-09	3.19418127503e-08
4.14489524511e-09	3.02847809053e-08
4.14855033542e-09	1.88233286735e-08
4.15220542572e-09	2.22534701777e-09
4.15586051602e-09	-1.28029693514e-08
4.15951560632e-09	-2.00241903059e-08
4.16317069662e-09	-1.60996833642e-08
4.16682578692e-09	-2.00885597046e-09
4.17048087722e-09	1.71431846496e-08
4.17413596752e-09	3.39174448527e-08
4.17779105782e-09	4.13397707177e-08
4.18144614812e-09	3.56795162304e-08
4.18510123842e-09	1.80979746744e-08
4.18875632872e-09	-5.543284054e-09
4.19241141902e-09	-2.6757174254e-08
4.19606650932e-09	-3.76788875656e-08
4.19972159962e-09	-3.42166934786e-08
4.20337668992e-09	-1.78288726005e-08
4.20703178022e-09	4.85767781555e-09
4.21068687052e-09	2.45483455785e-08
4.21434196082e-09	3.29515650321e-08
4.21799705113e-09	2.61713104521e-08
4.22165214143e-09	6.44966346997e-09
4.22530723173e-09	-1.85253821172e-08
4.22896232203e-09	-3.85502829658e-08
4.23261741233e-09	-4.49594637075e-08
4.23627250263e-09	-3.42192798541e-08
4.23992759293e-09	-9.56948298381e-09
4.24358268323e-09	2.00423890817e-08
4.24723777353e-09	4.33891003127e-08
4.25089286383e-09	5.1451149119e-08
4.25454795413e-09	4.11494056607e-08
4.25820304443e-09	1.67394755834e-08
4.26185813473e-09	-1.17630962748e-08
4.26551322503e-09	-3.25651861033e-08
4.26916831533e-09	-3.69034189873e-08
4.27282340563e-09	-2.26937935111e-08
4.27647849593e-09	4.48735271164e-09
4.28013358623e-09	3.35426939557e-08
4.28378867653e-09	5.22994412222e-08
4.28744376684e-09	5.24709022898e-08
4.29109885714e-09	3.31225287198e-08
4.29475394744e-09	1.20762966294e-09
4.29840903774e-09	-3.11105452511e-08
4.30206412804e-09	-5.13085289811e-08
4.30571921834e-09	-5.15776505949e-08
4.30937430864e-09	-3.20560111788e-08
4.31302939894e-09	-8.51267167867e-10
4.31668448924e-09	2.92002404478e-08
4.32033957954e-09	4.57393696252e-08
4.32399466984e-09	4.1937628481e-08
4.32764976014e-09	1.93210318855e-08
4.33130485044e-09	-1.28107178199e-08
4.33495994074e-09	-4.11365164155e-08
4.33861503104e-09	-5.37178692639e-08
4.34227012134e-09	-4.48649366547e-08
4.34592521164e-09	-1.74857017754e-08
4.34958030194e-09	1.80333330491e-08
4.35323539224e-09	4.79667008335e-08
4.35689048255e-09	6.07560082244e-08
4.36054557285e-09	5.16598674949e-08
4.36420066315e-09	2.46631657319e-08
4.36785575345e-09	-9.12723141511e-09
4.37151084375e-09	-3.59694141139e-08
4.37516593405e-09	-4.50404620267e-08
4.37882102435e-09	-3.2800386407e-08
4.38247611465e-09	-4.40634639887e-09
4.38613120495e-09	2.83912804377e-08
4.38978629525e-09	5.20081613331e-08
4.39344138555e-09	5.65007987063e-08
4.39709647585e-09	3.95609767168e-08
4.40075156615e-09	7.44157535593e-09
4.40440665645e-09	-2.75439582254e-08
4.40806174675e-09	-5.19245020314e-08
4.41171683705e-09	-5.64193598507e-08
4.41537192735e-09	-3.96121677682e-08
4.41902701765e-09	-8.48531378494e-09
4.42268210795e-09	2.43874360706e-08
4.42633719826e-09	4.58659172864e-08
4.42999228856e-09	4.74885339941e-08
4.43364737886e-09	2.8836208088e-08
4.43730246916e-09	-2.32726304894e-09
4.44095755946e-09	-3.3178871206e-08
4.44461264976e-09	-5.09727371423e-08
4.44826774006e-09	-4.81344670789e-08
4.45192283036e-09	-2.52821834579e-08
4.45557792066e-09	9.00758223565e-09
4.45923301096e-09	4.15848120383e-08
4.46288810126e-09	5.99205307594e-08
4.46654319156e-09	5.70520377607e-08
4.47019828186e-09	3.43336274966e-08
4.47385337216e-09	9.08320751947e-10
4.47750846246e-09	-2.99096711842e-08
4.48116355276e-09	-4.59138220776e-08
4.48481864306e-09	-4.08615683511e-08
4.48847373336e-09	-1.69804401651e-08
4.49212882366e-09	1.59001416478e-08
4.49578391397e-09	4.42576357784e-08
4.49943900427e-09	5.62734463472e-08
4.50309409457e-09	4.65832421526e-08
4.50674918487e-09	1.84724271435e-08
4.51040427517e-09	-1.7374032879e-08
4.51405936547e-09	-4.70716692291e-08
4.51771445577e-09	-5.90418736124e-08
4.52136954607e-09	-4.86393929577e-08
4.52502463637e-09	-2.00428509345e-08
4.52867972667e-09	1.53535637537e-08
4.53233481697e-09	4.34473754751e-08
4.53598990727e-09	5.30657260356e-08
4.53964499757e-09	4.04719280311e-08
4.54330008787e-09	1.09252047409e-08
4.54695517817e-09	-2.33733334909e-08
4.55061026847e-09	-4.81690243248e-08
4.55426535877e-09	-5.29155066431e-08
4.55792044907e-09	-3.50882807254e-08
4.56157553937e-09	-1.29660759907e-09
4.56523062968e-09	3.53016993415e-08
4.56888571998e-09	6.02558642981e-08
