% time-domain current integration by openEMS v0.0.36-93-g7b9cd51 @Thu Sep 24 15:56:36 2026
% start-coordinates: (0.00695,-0.0023,0.000461981) m -> [9,1,6]
% stop-coordinates: (0.007,0.0006,0.000461981) m -> [10,4,6]
% t/s	current
2.28443143783e-14	0
3.67793461491e-12	-2.07952544073e-09
7.33302491544e-12	-3.75655639928e-09
1.0988115216e-11	-1.19357368433e-09
1.46432055165e-11	1.04641895149e-08
1.8298295817e-11	4.20744754592e-08
2.19533861176e-11	1.06651363296e-07
2.56084764181e-11	2.14146183453e-07
2.92635667186e-11	3.5786010244e-07
3.29186570191e-11	4.93195557283e-07
3.65737473197e-11	5.18635772551e-07
4.02288376202e-11	2.70069591579e-07
4.38839279207e-11	-4.51380373079e-07
4.75390182213e-11	-1.80352776624e-06
5.11941085218e-11	-3.78805020773e-06
5.48491988223e-11	-6.1338901105e-06
5.85042891228e-11	-8.2447531895e-06
6.21593794234e-11	-9.27591372601e-06
6.58144697239e-11	-8.36439267005e-06
6.94695600244e-11	-4.96281245432e-06
7.3124650325e-11	8.47212959343e-07
7.67797406255e-11	8.21566027298e-06
8.0434830926e-11	1.56610585691e-05
8.40899212266e-11	2.14706742554e-05
8.77450115271e-11	2.42245369009e-05
9.14001018276e-11	2.32348156715e-05
9.50551921281e-11	1.8728640498e-05
9.87102824287e-11	1.1723274838e-05
1.02365372729e-10	3.67652978639e-06
1.0602046303e-10	-3.9224869397e-06
1.0967555333e-10	-9.87037947198e-06
1.13330643631e-10	-1.34100337164e-05
1.16985733931e-10	-1.42608132592e-05
1.20640824232e-10	-1.25862679852e-05
1.24295914532e-10	-8.94622735359e-06
1.27951004833e-10	-4.22506536779e-06
1.31606095133e-10	5.07933521021e-07
1.35261185434e-10	4.22736047767e-06
1.38916275734e-10	6.22338939138e-06
1.42571366035e-10	6.31134116702e-06
1.46226456336e-10	4.87224178869e-06
1.49881546636e-10	2.68348594545e-06
1.53536636937e-10	6.04165506957e-07
1.57191727237e-10	-7.44065516756e-07
1.60846817538e-10	-1.15790851396e-06
1.64501907838e-10	-8.27699068395e-07
1.68156998139e-10	-1.52727380964e-07
1.71812088439e-10	4.82570442273e-07
1.7546717874e-10	8.5596406052e-07
1.7912226904e-10	9.17225804642e-07
1.82777359341e-10	7.02422539689e-07
1.86432449641e-10	2.37691693883e-07
1.90087539942e-10	-4.95439337556e-07
1.93742630242e-10	-1.51349195221e-06
1.97397720543e-10	-2.74746116702e-06
2.01052810843e-10	-3.99428790843e-06
2.04707901144e-10	-4.94742653245e-06
2.08362991445e-10	-5.30291163159e-06
2.12018081745e-10	-4.88688056066e-06
2.15673172046e-10	-3.73084139937e-06
2.19328262346e-10	-2.05479182114e-06
2.22983352647e-10	-1.70496775809e-07
2.26638442947e-10	1.6410281205e-06
2.30293533248e-10	3.2084922168e-06
2.33948623548e-10	4.46860849479e-06
2.37603713849e-10	5.40158134754e-06
2.41258804149e-10	5.95681876803e-06
2.4491389445e-10	6.02608497502e-06
2.4856898475e-10	5.4883962548e-06
2.52224075051e-10	4.29810916103e-06
2.55879165351e-10	2.55998656939e-06
2.59534255652e-10	5.40020323569e-07
2.63189345952e-10	-1.4050081063e-06
2.66844436253e-10	-2.94463575301e-06
2.70499526554e-10	-3.87941281588e-06
2.74154616854e-10	-4.18473882746e-06
2.77809707155e-10	-3.97568237531e-06
2.81464797455e-10	-3.41984218721e-06
2.85119887756e-10	-2.65242260866e-06
2.88774978056e-10	-1.73799878667e-06
2.92430068357e-10	-6.94978666615e-07
2.96085158657e-10	4.40561393589e-07
2.99740248958e-10	1.5606216266e-06
3.03395339258e-10	2.48152946369e-06
3.07050429559e-10	2.99946577798e-06
3.10705519859e-10	2.97623842016e-06
3.1436061016e-10	2.40672602558e-06
3.1801570046e-10	1.43030297295e-06
3.21670790761e-10	2.80060788782e-07
3.25325881061e-10	-8.03193927368e-07
3.28980971362e-10	-1.65014034792e-06
3.32636061663e-10	-2.19929847844e-06
3.36291151963e-10	-2.47949697041e-06
3.39946242264e-10	-2.5582348826e-06
3.43601332564e-10	-2.48737933362e-06
3.47256422865e-10	-2.27462874136e-06
3.50911513165e-10	-1.89348577351e-06
3.54566603466e-10	-1.32007164666e-06
3.58221693766e-10	-5.72754004224e-07
3.61876784067e-10	2.68146635563e-07
3.65531874367e-10	1.07320431653e-06
3.69186964668e-10	1.70251996678e-06
3.72842054968e-10	2.0511808998e-06
3.76497145269e-10	2.08226992982e-06
3.80152235569e-10	1.83451822977e-06
3.8380732587e-10	1.40472582189e-06
3.8746241617e-10	9.15176315175e-07
3.91117506471e-10	4.77555431644e-07
3.94772596772e-10	1.64244056577e-07
3.98427687072e-10	-4.32058300248e-09
4.02082777373e-10	-5.4372186753e-08
4.05737867673e-10	-3.82508318353e-08
4.09392957974e-10	-5.87846216149e-09
4.13048048274e-10	1.87440036825e-08
4.16703138575e-10	4.56631568113e-08
4.20358228875e-10	1.08073805904e-07
4.24013319176e-10	2.36420135025e-07
4.27668409476e-10	4.31854374483e-07
4.31323499777e-10	6.52891912978e-07
4.34978590077e-10	8.22469360173e-07
4.38633680378e-10	8.56698704865e-07
4.42288770678e-10	7.02803788499e-07
4.45943860979e-10	3.67852607042e-07
4.49598951279e-10	-7.50578621478e-08
4.5325404158e-10	-5.09675885496e-07
4.56909131881e-10	-8.19966658128e-07
4.60564222181e-10	-9.34212096126e-07
4.64219312482e-10	-8.50958713272e-07
4.67874402782e-10	-6.33772913261e-07
4.71529493083e-10	-3.77827831244e-07
4.75184583383e-10	-1.65551881537e-07
4.78839673684e-10	-3.14271346724e-08
4.82494763984e-10	4.76187977938e-08
4.86149854285e-10	1.32903181793e-07
4.89804944585e-10	2.8674773489e-07
4.93460034886e-10	5.34873379365e-07
4.97115125186e-10	8.46060970616e-07
5.00770215487e-10	1.13941871405e-06
5.04425305787e-10	1.31696060635e-06
5.08080396088e-10	1.30740625082e-06
5.11735486388e-10	1.10068094727e-06
5.15390576689e-10	7.56277927394e-07
5.1904566699e-10	3.80374729048e-07
5.2270075729e-10	8.18108958356e-08
5.26355847591e-10	-7.28048661358e-08
5.30010937891e-10	-8.40646094957e-08
5.33666028192e-10	-1.32478028547e-08
5.37321118492e-10	5.13735578522e-08
5.40976208793e-10	3.82755906969e-08
5.44631299093e-10	-7.42522914265e-08
5.48286389394e-10	-2.50624253795e-07
5.51941479694e-10	-4.18620373921e-07
5.55596569995e-10	-5.07298295815e-07
5.59251660295e-10	-4.82746997932e-07
5.62906750596e-10	-3.64233983419e-07
5.66561840896e-10	-2.13932935367e-07
5.70216931197e-10	-1.05312494725e-07
5.73872021497e-10	-8.69075265086e-08
5.77527111798e-10	-1.59975229508e-07
5.81182202099e-10	-2.7976130923e-07
5.84837292399e-10	-3.79118063165e-07
5.884923827e-10	-4.0137527435e-07
5.92147473e-10	-3.25686357883e-07
5.95802563301e-10	-1.74237953843e-07
5.99457653601e-10	1.09043796215e-09
6.03112743902e-10	1.44252751966e-07
6.06767834202e-10	2.19524238787e-07
6.10422924503e-10	2.25089536343e-07
6.14078014803e-10	1.89715137822e-07
6.17733105104e-10	1.55216326903e-07
6.21388195404e-10	1.54071614133e-07
6.25043285705e-10	1.92183762238e-07
6.28698376005e-10	2.45576501356e-07
6.32353466306e-10	2.72556633263e-07
6.36008556606e-10	2.35129732573e-07
6.39663646907e-10	1.20270584603e-07
6.43318737208e-10	-4.99327690306e-08
6.46973827508e-10	-2.25257281272e-07
6.50628917809e-10	-3.48497309233e-07
6.54284008109e-10	-3.81483260981e-07
6.5793909841e-10	-3.23314907291e-07
6.6159418871e-10	-2.11329194144e-07
6.65249279011e-10	-1.03409796282e-07
6.68904369311e-10	-4.94956537977e-08
6.72559459612e-10	-6.6233958762e-08
6.76214549912e-10	-1.27912841208e-07
6.79869640213e-10	-1.79005013479e-07
6.83524730513e-10	-1.62851293339e-07
6.87179820814e-10	-5.24874579355e-08
6.90834911114e-10	1.32425213906e-07
6.94490001415e-10	3.31917476615e-07
6.98145091715e-10	4.72445890409e-07
7.01800182016e-10	5.01546367104e-07
7.05455272317e-10	4.13425510715e-07
7.09110362617e-10	2.52163374626e-07
7.12765452918e-10	9.13080242526e-08
7.16420543218e-10	-6.52096154852e-10
7.20075633519e-10	7.56769935606e-09
7.23730723819e-10	9.60110568826e-08
7.2738581412e-10	2.03514147756e-07
7.3104090442e-10	2.57161730133e-07
7.34695994721e-10	2.07305674849e-07
7.38351085021e-10	5.11659514757e-08
7.42006175322e-10	-1.65123765328e-07
7.45661265622e-10	-3.66904799876e-07
7.49316355923e-10	-4.84365614284e-07
7.52971446223e-10	-4.83292581066e-07
7.56626536524e-10	-3.80022299851e-07
7.60281626824e-10	-2.33380887948e-07
7.63936717125e-10	-1.17224701057e-07
7.67591807426e-10	-8.64243787646e-08
7.71246897726e-10	-1.51082417688e-07
7.74901988027e-10	-2.71233318472e-07
7.78557078327e-10	-3.7510719153e-07
7.82212168628e-10	-3.92473253896e-07
7.85867258928e-10	-2.88269518478e-07
7.89522349229e-10	-8.05034900964e-08
7.93177439529e-10	1.66432087667e-07
7.9683252983e-10	3.70124212168e-07
8.0048762013e-10	4.67393476811e-07
8.04142710431e-10	4.42597922756e-07
8.07797800731e-10	3.33512446105e-07
8.11452891032e-10	2.12154873225e-07
8.15107981332e-10	1.49526158566e-07
8.18763071633e-10	1.81221253115e-07
8.22418161933e-10	2.90632044653e-07
8.26073252234e-10	4.17636101702e-07
8.29728342535e-10	4.88188334202e-07
8.33383432835e-10	4.50242708894e-07
8.37038523136e-10	2.98779724517e-07
8.40693613436e-10	7.81398128424e-08
8.44348703737e-10	-1.38506422331e-07
8.48003794037e-10	-2.82305279597e-07
8.51658884338e-10	-3.18816631761e-07
8.55313974638e-10	-2.61074603713e-07
8.58969064939e-10	-1.60937091209e-07
8.62624155239e-10	-8.34931483951e-08
8.6627924554e-10	-7.64115455354e-08
8.6993433584e-10	-1.48543506384e-07
8.73589426141e-10	-2.66809763616e-07
8.77244516441e-10	-3.72324336695e-07
8.80899606742e-10	-4.08288940434e-07
8.84554697042e-10	-3.46346013202e-07
8.88209787343e-10	-1.9979503918e-07
8.91864877644e-10	-1.74945249398e-08
8.95519967944e-10	1.38593748034e-07
8.99175058245e-10	2.21049134552e-07
9.02830148545e-10	2.17489201759e-07
9.06485238846e-10	1.54380074946e-07
9.10140329146e-10	8.24852293135e-08
9.13795419447e-10	5.16566096564e-08
9.17450509747e-10	8.66654943366e-08
9.21105600048e-10	1.75539696556e-07
9.24760690348e-10	2.75994892718e-07
9.28415780649e-10	3.36337308227e-07
9.32070870949e-10	3.21044154816e-07
9.3572596125e-10	2.28194096508e-07
9.3938105155e-10	9.00203502852e-08
9.43036141851e-10	-4.32395310668e-08
9.46691232151e-10	-1.28071235395e-07
9.50346322452e-10	-1.48180575366e-07
9.54001412753e-10	-1.20359217703e-07
9.57656503053e-10	-8.3390844452e-08
9.61311593354e-10	-7.62060068382e-08
9.64966683654e-10	-1.17054455018e-07
9.68621773955e-10	-1.94369974338e-07
9.72276864255e-10	-2.73327970035e-07
9.75931954556e-10	-3.14069666274e-07
9.79587044856e-10	-2.91965079668e-07
9.83242135157e-10	-2.09928671779e-07
9.86897225457e-10	-9.68444595628e-08
9.90552315758e-10	6.55007781347e-09
9.94207406058e-10	6.72113742439e-08
9.97862496359e-10	7.5467042393e-08
1.00151758666e-09	4.89910547685e-08
1.00517267696e-09	2.3220867007e-08
1.00882776726e-09	3.28662181914e-08
1.01248285756e-09	9.32754886662e-08
1.01613794786e-09	1.91182095932e-07
1.01979303816e-09	2.89506431272e-07
1.02344812846e-09	3.44358795701e-07
1.02710321876e-09	3.26522041405e-07
1.03075830906e-09	2.36489569261e-07
1.03441339936e-09	1.05838076081e-07
1.03806848966e-09	-1.63019002741e-08
1.04172357997e-09	-8.60034532479e-08
1.04537867027e-09	-8.54151096519e-08
1.04903376057e-09	-3.18421093937e-08
1.05268885087e-09	2.99103604107e-08
1.05634394117e-09	4.92937815011e-08
1.05999903147e-09	-4.6076600313e-09
1.06365412177e-09	-1.26113704368e-07
1.06730921207e-09	-2.7318156981e-07
1.07096430237e-09	-3.85854121987e-07
1.07461939267e-09	-4.14250791891e-07
1.07827448297e-09	-3.42896584016e-07
1.08192957327e-09	-1.99204094997e-07
1.08558466357e-09	-4.13893772588e-08
1.08923975387e-09	6.84260612616e-08
1.09289484417e-09	9.32551103006e-08
1.09654993447e-09	3.83950435889e-08
1.10020502477e-09	-5.17074489892e-08
1.10386011507e-09	-1.15086166375e-07
1.10751520537e-09	-1.0216537305e-07
1.11117029568e-09	1.65724323153e-10
1.11482538598e-09	1.61556528155e-07
1.11848047628e-09	3.21425574157e-07
1.12213556658e-09	4.16217744714e-07
1.12579065688e-09	4.08045650602e-07
1.12944574718e-09	3.01851741824e-07
1.13310083748e-09	1.43173011224e-07
1.13675592778e-09	-2.48433629224e-09
1.14041101808e-09	-7.91714072079e-08
1.14406610838e-09	-6.56273471122e-08
1.14772119868e-09	1.55732671203e-08
1.15137628898e-09	1.09046197849e-07
1.15503137928e-09	1.52708295786e-07
1.15868646958e-09	1.07297815077e-07
1.16234155988e-09	-2.45511735386e-08
1.16599665018e-09	-1.98469720658e-07
1.16965174048e-09	-3.47796969891e-07
1.17330683078e-09	-4.13795220311e-07
1.17696192108e-09	-3.72391042447e-07
1.18061701139e-09	-2.45173396252e-07
1.18427210169e-09	-8.94437235388e-08
1.18792719199e-09	2.84913745929e-08
1.19158228229e-09	6.39423873849e-08
1.19523737259e-09	1.40695739503e-08
1.19889246289e-09	-8.16506826595e-08
1.20254755319e-09	-1.61184246394e-07
1.20620264349e-09	-1.70029977653e-07
1.20985773379e-09	-8.73817498359e-08
1.21351282409e-09	6.38882511339e-08
1.21716791439e-09	2.28028284255e-07
1.22082300469e-09	3.42191157188e-07
1.22447809499e-09	3.65028000715e-07
1.22813318529e-09	2.94751430374e-07
1.23178827559e-09	1.68454533878e-07
1.23544336589e-09	4.39112994854e-08
1.23909845619e-09	-2.73428071296e-08
1.24275354649e-09	-2.31185062205e-08
1.24640863679e-09	4.07403035751e-08
1.2500637271e-09	1.19388374742e-07
1.2537188174e-09	1.61099478646e-07
1.2573739077e-09	1.31845808937e-07
1.261028998e-09	3.1010436885e-08
1.2646840883e-09	-1.08634125695e-07
1.2683391786e-09	-2.36263375086e-07
1.2719942689e-09	-3.06098570491e-07
1.2756493592e-09	-2.97598177212e-07
1.2793044495e-09	-2.23640142849e-07
1.2829595398e-09	-1.23235338378e-07
1.2866146301e-09	-4.26475708082e-08
1.2902697204e-09	-1.37919613508e-08
1.2939248107e-09	-3.99999144918e-08
1.297579901e-09	-9.573210491e-08
1.3012349913e-09	-1.40021171546e-07
1.3048900816e-09	-1.37194945182e-07
1.3085451719e-09	-7.45984465311e-08
1.3122002622e-09	3.12252765866e-08
1.3158553525e-09	1.42664561054e-07
1.31951044281e-09	2.1948255835e-07
1.32316553311e-09	2.37974518313e-07
1.32682062341e-09	2.01350374596e-07
1.33047571371e-09	1.36669569883e-07
1.33413080401e-09	8.00543276114e-08
1.33778589431e-09	5.8213647236e-08
1.34144098461e-09	7.56386882017e-08
1.34509607491e-09	1.13442425231e-07
1.34875116521e-09	1.402066232e-07
1.35240625551e-09	1.28726341586e-07
1.35606134581e-09	7.02472462422e-08
1.35971643611e-09	-2.07268762153e-08
1.36337152641e-09	-1.13486407827e-07
1.36702661671e-09	-1.76087652903e-07
1.37068170701e-09	-1.90783453036e-07
1.37433679731e-09	-1.62347106425e-07
1.37799188761e-09	-1.14974731957e-07
1.38164697791e-09	-7.96077088694e-08
1.38530206821e-09	-7.79925173333e-08
1.38895715852e-09	-1.11387819857e-07
1.39261224882e-09	-1.5973252232e-07
1.39626733912e-09	-1.91558953588e-07
1.39992242942e-09	-1.79873580919e-07
1.40357751972e-09	-1.16215709056e-07
1.40723261002e-09	-1.59720272563e-08
1.41088770032e-09	8.77470540672e-08
1.41454279062e-09	1.59061286809e-07
1.41819788092e-09	1.76083901238e-07
1.42185297122e-09	1.41493046613e-07
1.42550806152e-09	8.16640834955e-08
1.42916315182e-09	3.41871633225e-08
1.43281824212e-09	2.94504935994e-08
1.43647333242e-09	7.50612656475e-08
1.44012842272e-09	1.50964169165e-07
1.44378351302e-09	2.18205101987e-07
1.44743860332e-09	2.37460426433e-07
1.45109369362e-09	1.88682832913e-07
1.45474878393e-09	8.19683307896e-08
1.45840387423e-09	-4.60115998635e-08
1.46205896453e-09	-1.48427417912e-07
1.46571405483e-09	-1.90021992807e-07
1.46936914513e-09	-1.6357122945e-07
1.47302423543e-09	-9.30166592639e-08
1.47667932573e-09	-2.19180922301e-08
1.48033441603e-09	7.5627628604e-09
1.48398950633e-09	-2.49713973943e-08
1.48764459663e-09	-1.08136141819e-07
1.49129968693e-09	-2.03682219535e-07
1.49495477723e-09	-2.64342929768e-07
1.49860986753e-09	-2.56071189142e-07
1.50226495783e-09	-1.74244874529e-07
1.50592004813e-09	-4.63903688797e-08
1.50957513843e-09	8.0112712908e-08
1.51323022873e-09	1.59447921533e-07
1.51688531903e-09	1.67912503457e-07
1.52054040933e-09	1.14289072428e-07
1.52419549964e-09	3.50740805288e-08
1.52785058994e-09	-2.29765575455e-08
1.53150568024e-09	-2.48670950498e-08
1.53516077054e-09	3.60936667221e-08
1.53881586084e-09	1.34960842502e-07
1.54247095114e-09	2.2648976028e-07
1.54612604144e-09	2.66034561491e-07
1.54978113174e-09	2.30392743106e-07
1.55343622204e-09	1.28861159965e-07
1.55709131234e-09	-6.24762575008e-10
1.56074640264e-09	-1.08702082002e-07
1.56440149294e-09	-1.57165629844e-07
1.56805658324e-09	-1.36239904691e-07
1.57171167354e-09	-6.84663064021e-08
1.57536676384e-09	2.70334710173e-09
1.57902185414e-09	3.40668755427e-08
1.58267694444e-09	3.48328144106e-09
1.58633203474e-09	-7.95716914581e-08
1.58998712504e-09	-1.78674284257e-07
1.59364221535e-09	-2.478188037e-07
1.59729730565e-09	-2.53200141742e-07
1.60095239595e-09	-1.89011615248e-07
1.60460748625e-09	-7.98189390139e-08
1.60826257655e-09	3.11967447431e-08
1.61191766685e-09	1.0245932458e-07
1.61557275715e-09	1.12996012547e-07
1.61922784745e-09	7.1167200133e-08
1.62288293775e-09	9.47778922011e-09
1.62653802805e-09	-3.18799422416e-08
1.63019311835e-09	-2.46379379121e-08
1.63384820865e-09	3.41908155121e-08
1.63750329895e-09	1.21177208712e-07
1.64115838925e-09	1.97931086632e-07
1.64481347955e-09	2.29341509339e-07
1.64846856985e-09	1.99883174901e-07
1.65212366015e-09	1.20624036981e-07
1.65577875045e-09	2.36753443517e-08
1.65943384075e-09	-5.30083781314e-08
1.66308893106e-09	-8.3179855892e-08
1.66674402136e-09	-6.41515072175e-08
1.67039911166e-09	-1.72514376118e-08
1.67405420196e-09	2.31775505455e-08
1.67770929226e-09	2.6945592424e-08
1.68136438256e-09	-1.68542690915e-08
1.68501947286e-09	-9.42309483776e-08
1.68867456316e-09	-1.72861149395e-07
1.69232965346e-09	-2.17680209857e-07
1.69598474376e-09	-2.07932032481e-07
1.69963983406e-09	-1.47193432554e-07
1.70329492436e-09	-6.15926580849e-08
1.70695001466e-09	1.28698669499e-08
1.71060510496e-09	4.7698542005e-08
1.71426019526e-09	3.53926097318e-08
1.71791528556e-09	-7.40676275868e-09
1.72157037586e-09	-4.86183502346e-08
1.72522546616e-09	-5.69434206454e-08
1.72888055646e-09	-1.77126899814e-08
1.73253564677e-09	5.93845079777e-08
1.73619073707e-09	1.44546206116e-07
1.73984582737e-09	2.0194832473e-07
1.74350091767e-09	2.06926799251e-07
1.74715600797e-09	1.5789663621e-07
1.75081109827e-09	7.70708368236e-08
1.75446618857e-09	-1.69793512583e-10
1.75812127887e-09	-4.21342747359e-08
1.76177636917e-09	-3.57896965397e-08
1.76543145947e-09	7.4436261599e-09
1.76908654977e-09	5.75535317182e-08
1.77274164007e-09	8.06535069842e-08
1.77639673037e-09	5.54988837109e-08
1.78005182067e-09	-1.60309916453e-08
1.78370691097e-09	-1.09199419285e-07
1.78736200127e-09	-1.87478008229e-07
1.79101709157e-09	-2.19303018412e-07
1.79467218187e-09	-1.92651739894e-07
1.79832727217e-09	-1.20816736171e-07
1.80198236248e-09	-3.63646570634e-08
1.80563745278e-09	2.40385045203e-08
1.80929254308e-09	3.67468828699e-08
1.81294763338e-09	2.23175744551e-09
1.81660272368e-09	-5.53575603135e-08
1.82025781398e-09	-9.99936702328e-08
1.82391290428e-09	-1.01252922491e-07
1.82756799458e-09	-4.92072089742e-08
1.83122308488e-09	4.05214350963e-08
1.83487817518e-09	1.33850150519e-07
1.83853326548e-09	1.93976262608e-07
1.84218835578e-09	1.98394658923e-07
1.84584344608e-09	1.49052723941e-07
1.84949853638e-09	7.10101488721e-08
1.85315362668e-09	3.85256826441e-10
1.85680871698e-09	-3.26989102462e-08
1.86046380728e-09	-1.80447194964e-08
1.86411889758e-09	3.03473477459e-08
1.86777398788e-09	8.16052647679e-08
1.87142907819e-09	1.03220955339e-07
1.87508416849e-09	7.68398962236e-08
1.87873925879e-09	7.07824199253e-09
1.88239434909e-09	-8.08041775713e-08
1.88604943939e-09	-1.52921487029e-07
1.88970452969e-09	-1.82531721293e-07
1.89335961999e-09	-1.62106999824e-07
1.89701471029e-09	-1.06027833624e-07
1.90066980059e-09	-4.30701057041e-08
1.90432489089e-09	-2.49145748477e-09
1.90797998119e-09	-3.079483335e-10
1.91163507149e-09	-3.2249786841e-08
1.91529016179e-09	-7.64040350987e-08
1.91894525209e-09	-1.04201561157e-07
1.92260034239e-09	-9.45163094457e-08
1.92625543269e-09	-4.40378897792e-08
1.92991052299e-09	3.08862162512e-08
1.93356561329e-09	1.01917969175e-07
1.93722070359e-09	1.42254776847e-07
1.9408757939e-09	1.39275655897e-07
1.9445308842e-09	1.00307183004e-07
1.9481859745e-09	4.86078306494e-08
1.9518410648e-09	1.1570616465e-08
1.9554961551e-09	7.14259185131e-09
1.9591512454e-09	3.50451259123e-08
1.9628063357e-09	7.71532455701e-08
1.966461426e-09	1.06776241182e-07
1.9701165163e-09	1.02142656999e-07
1.9737716066e-09	5.75327092633e-08
1.9774266969e-09	-1.34956863462e-08
1.9810817872e-09	-8.43612113499e-08
1.9847368775e-09	-1.28096445451e-07
1.9883919678e-09	-1.30310624513e-07
1.9920470581e-09	-9.60345261092e-08
1.9957021484e-09	-4.70719925261e-08
1.9993572387e-09	-1.11398001934e-08
2.003012329e-09	-8.07222466648e-09
2.0066674193e-09	-3.99059025824e-08
2.01032250961e-09	-8.97110083997e-08
2.01397759991e-09	-1.29815049377e-07
2.01763269021e-09	-1.35393591449e-07
2.02128778051e-09	-9.67900319893e-08
2.02494287081e-09	-2.46874503063e-08
2.02859796111e-09	5.4463399124e-08
2.03225305141e-09	1.10595237857e-07
2.03590814171e-09	1.23950727016e-07
2.03956323201e-09	9.43184659263e-08
2.04321832231e-09	4.1089048608e-08
2.04687341261e-09	-5.94155213918e-09
2.05052850291e-09	-2.07819610409e-08
2.05418359321e-09	6.13771522495e-09
2.05783868351e-09	6.30493559584e-08
2.06149377381e-09	1.22031849514e-07
2.06514886411e-09	1.52064430381e-07
2.06880395441e-09	1.3391651521e-07
2.07245904471e-09	6.96640469755e-08
2.07611413501e-09	-1.76711978384e-08
2.07976922532e-09	-9.43909626017e-08
2.08342431562e-09	-1.31626023858e-07
2.08707940592e-09	-1.18622992318e-07
2.09073449622e-09	-6.76379130482e-08
2.09438958652e-09	-8.02115351917e-09
2.09804467682e-09	2.78142131549e-08
2.10169976712e-09	1.98054035394e-08
2.10535485742e-09	-3.01477314224e-08
2.10900994772e-09	-9.89761588244e-08
2.11266503802e-09	-1.53314815066e-07
2.11632012832e-09	-1.65189561585e-07
2.11997521862e-09	-1.25222257452e-07
2.12363030892e-09	-4.70896566185e-08
2.12728539922e-09	3.88301657495e-08
2.13094048952e-09	9.94238504859e-08
2.13459557982e-09	1.13917444367e-07
2.13825067012e-09	8.29861264151e-08
2.14190576042e-09	2.77619154332e-08
2.14556085073e-09	-2.05672172626e-08
2.14921594103e-09	-3.55944713704e-08
2.15287103133e-09	-7.9971247402e-09
2.15652612163e-09	5.03288646314e-08
2.16018121193e-09	1.12096060434e-07
2.16383630223e-09	1.47567334352e-07
2.16749139253e-09	1.38427793672e-07
2.17114648283e-09	8.61890612214e-08
2.17480157313e-09	1.12584270795e-08
2.17845666343e-09	-5.67549847119e-08
2.18211175373e-09	-9.27650063431e-08
2.18576684403e-09	-8.75162058378e-08
2.18942193433e-09	-5.11834485906e-08
2.19307702463e-09	-7.7886896932e-09
2.19673211493e-09	1.67454494715e-08
2.20038720523e-09	7.16970971482e-09
2.20404229553e-09	-3.39570860319e-08
2.20769738583e-09	-8.77826025203e-08
2.21135247613e-09	-1.28453166326e-07
2.21500756644e-09	-1.35729678163e-07
2.21866265674e-09	-1.04666511902e-07
2.22231774704e-09	-4.77952681877e-08
2.22597283734e-09	1.113616932e-08
2.22962792764e-09	4.88333107285e-08
2.23328301794e-09	5.3606765249e-08
2.23693810824e-09	3.05927869704e-08
2.24059319854e-09	-1.42700828931e-09
2.24424828884e-09	-1.9977068888e-08
2.24790337914e-09	-1.04321529193e-08
2.25155846944e-09	2.65552273504e-08
2.25521355974e-09	7.53506697038e-08
2.25886865004e-09	1.1317538906e-07
2.26252374034e-09	1.21408177733e-07
2.26617883064e-09	9.48348173324e-08
2.26983392094e-09	4.43258940663e-08
2.27348901124e-09	-8.38427016703e-09
2.27714410154e-09	-4.1210896029e-08
2.28079919184e-09	-4.24764792228e-08
2.28445428215e-09	-1.66629394727e-08
2.28810937245e-09	1.77501622289e-08
2.29176446275e-09	3.74217989929e-08
2.29541955305e-09	2.59321915053e-08
2.29907464335e-09	-1.75720309414e-08
2.30272973365e-09	-7.72136914406e-08
2.30638482395e-09	-1.27479879097e-07
2.31003991425e-09	-1.45334766444e-07
2.31369500455e-09	-1.21472041315e-07
2.31735009485e-09	-6.52499281273e-08
2.32100518515e-09	-7.71224417662e-10
2.32466027545e-09	4.42028600389e-08
2.32831536575e-09	5.13025462112e-08
2.33197045605e-09	2.04349124289e-08
2.33562554635e-09	-2.98418143529e-08
2.33928063665e-09	-7.08096834501e-08
2.34293572695e-09	-7.71427224322e-08
2.34659081725e-09	-3.93241812446e-08
2.35024590755e-09	3.1109131271e-08
2.35390099786e-09	1.06170851666e-07
2.35755608816e-09	1.5394219588e-07
2.36121117846e-09	1.53406986669e-07
2.36486626876e-09	1.04475418539e-07
2.36852135906e-09	2.83690688718e-08
2.37217644936e-09	-4.18966621396e-08
2.37583153966e-09	-7.66508989614e-08
2.37948662996e-09	-6.31687200325e-08
2.38314172026e-09	-1.14217559855e-08
2.38679681056e-09	5.06124173683e-08
2.39045190086e-09	8.9932044034e-08
2.39410699116e-09	8.37082296812e-08
2.39776208146e-09	2.98328473036e-08
2.40141717176e-09	-5.18977714137e-08
2.40507226206e-09	-1.28544570543e-07
2.40872735236e-09	-1.68661344446e-07
2.41238244266e-09	-1.5627472294e-07
2.41603753296e-09	-9.79366205911e-08
2.41969262326e-09	-1.96041476386e-08
2.42334771357e-09	4.51343069585e-08
2.42700280387e-09	7.013971981e-08
2.43065789417e-09	4.82345150488e-08
2.43431298447e-09	-6.08204331343e-09
2.43796807477e-09	-6.37363584133e-08
2.44162316507e-09	-9.46130995771e-08
2.44527825537e-09	-8.12221827573e-08
2.44893334567e-09	-2.63178847604e-08
2.45258843597e-09	4.87187286069e-08
2.45624352627e-09	1.1375173159e-07
2.45989861657e-09	1.43333764413e-07
2.46355370687e-09	1.27641953895e-07
2.46720879717e-09	7.61391163451e-08
2.47086388747e-09	1.25833690134e-08
2.47451897777e-09	-3.6071568843e-08
2.47817406807e-09	-5.17212939144e-08
2.48182915837e-09	-3.25801359224e-08
2.48548424867e-09	7.09436376312e-09
2.48913933897e-09	4.44925163379e-08
2.49279442928e-09	5.92298476931e-08
2.49644951958e-09	4.24762056639e-08
2.50010460988e-09	1.57995630468e-10
2.50375970018e-09	-5.07196027399e-08
2.50741479048e-09	-9.05010821839e-08
2.51106988078e-09	-1.05719777821e-07
2.51472497108e-09	-9.42720177477e-08
2.51838006138e-09	-6.50125215884e-08
2.52203515168e-09	-3.24666764584e-08
2.52569024198e-09	-9.64918811519e-09
2.52934533228e-09	-2.48482612264e-09
2.53300042258e-09	-8.18299206173e-09
2.53665551288e-09	-1.79910895071e-08
2.54031060318e-09	-2.24514931091e-08
2.54396569348e-09	-1.63407793963e-08
2.54762078378e-09	-8.88908058272e-10
2.55127587408e-09	1.77213408392e-08
2.55493096438e-09	3.23738298391e-08
2.55858605468e-09	3.91507590791e-08
2.56224114499e-09	3.92622894196e-08
2.56589623529e-09	3.76843836136e-08
2.56955132559e-09	3.94518835378e-08
2.57320641589e-09	4.5886643818e-08
2.57686150619e-09	5.307573403e-08
2.58051659649e-09	5.37207895945e-08
2.58417168679e-09	4.14626661893e-08
2.58782677709e-09	1.53351571441e-08
2.59148186739e-09	-1.82759709588e-08
2.59513695769e-09	-4.76344013123e-08
2.59879204799e-09	-6.09934716067e-08
2.60244713829e-09	-5.27913854853e-08
2.60610222859e-09	-2.74448570536e-08
2.60975731889e-09	1.57079305119e-09
2.61341240919e-09	1.74860179669e-08
2.61706749949e-09	8.45058600873e-09
2.62072258979e-09	-2.57909569257e-08
2.62437768009e-09	-7.22865678426e-08
2.62803277039e-09	-1.09715244889e-07
2.6316878607e-09	-1.17947784872e-07
2.635342951e-09	-8.79271908616e-08
2.6389980413e-09	-2.7141901171e-08
2.6426531316e-09	4.2361726571e-08
2.6463082219e-09	9.30886017159e-08
2.6499633122e-09	1.04356395525e-07
2.6536184025e-09	7.21857418284e-08
2.6572734928e-09	1.20218137667e-08
2.6609285831e-09	-4.74261625527e-08
2.6645836734e-09	-7.67423671277e-08
2.6682387637e-09	-5.932119862e-08
2.671893854e-09	3.55598883672e-10
2.6755489443e-09	7.77422428655e-08
2.6792040346e-09	1.38417590279e-07
2.6828591249e-09	1.53246958234e-07
2.6865142152e-09	1.11773282185e-07
2.6901693055e-09	2.76845231184e-08
2.6938243958e-09	-6.63318076022e-08
2.6974794861e-09	-1.32447084411e-07
2.70113457641e-09	-1.44267204405e-07
2.70478966671e-09	-9.8716597563e-08
2.70844475701e-09	-1.78281016616e-08
2.71209984731e-09	6.06471601827e-08
2.71575493761e-09	9.98294780175e-08
2.71941002791e-09	8.01967345865e-08
2.72306511821e-09	8.59050341973e-09
2.72672020851e-09	-8.4431974301e-08
2.73037529881e-09	-1.5782912044e-07
2.73403038911e-09	-1.78127649519e-07
2.73768547941e-09	-1.34282913677e-07
2.74134056971e-09	-4.27011563886e-08
2.74499566001e-09	5.9792334639e-08
2.74865075031e-09	1.3195675308e-07
2.75230584061e-09	1.46016517988e-07
2.75596093091e-09	9.9543413512e-08
2.75961602121e-09	1.6178937301e-08
2.76327111151e-09	-6.50644125244e-08
2.76692620182e-09	-1.07060500909e-07
2.77058129212e-09	-9.0765311711e-08
2.77423638242e-09	-2.32891252949e-08
2.77789147272e-09	6.5632896451e-08
2.78154656302e-09	1.36961688213e-07
2.78520165332e-09	1.59460711302e-07
2.78885674362e-09	1.23038304878e-07
2.79251183392e-09	4.2569364922e-08
2.79616692422e-09	-4.91422404991e-08
2.79982201452e-09	-1.15876801488e-07
2.80347710482e-09	-1.33445027473e-07
2.80713219512e-09	-9.93630209223e-08
2.81078728542e-09	-3.28974500974e-08
2.81444237572e-09	3.41748638277e-08
2.81809746602e-09	7.17115966609e-08
2.82175255632e-09	6.39688124693e-08
2.82540764662e-09	1.566291985e-08
2.82906273692e-09	-5.10364834838e-08
2.83271782722e-09	-1.0683456253e-07
2.83637291753e-09	-1.28116681708e-07
2.84002800783e-09	-1.06664060695e-07
2.84368309813e-09	-5.21815799459e-08
2.84733818843e-09	1.29919577319e-08
2.85099327873e-09	6.41063522266e-08
2.85464836903e-09	8.44299066216e-08
2.85830345933e-09	7.13334458169e-08
2.86195854963e-09	3.58429801395e-08
2.86561363993e-09	-3.44698025678e-09
2.86926873023e-09	-2.89286958832e-08
2.87292382053e-09	-3.10724601604e-08
2.87657891083e-09	-1.12847349243e-08
2.88023400113e-09	2.00939993533e-08
2.88388909143e-09	4.91779594824e-08
2.88754418173e-09	6.45740243499e-08
2.89119927203e-09	6.14522690512e-08
2.89485436233e-09	4.22810444434e-08
2.89850945263e-09	1.45021052944e-08
2.90216454293e-09	-1.32816264653e-08
2.90581963324e-09	-3.46218200775e-08
2.90947472354e-09	-4.66813609989e-08
2.91312981384e-09	-4.97553322987e-08
2.91678490414e-09	-4.57506139639e-08
2.92043999444e-09	-3.68637635972e-08
2.92409508474e-09	-2.52594922756e-08
2.92775017504e-09	-1.34940396634e-08
2.93140526534e-09	-4.86161955138e-09
2.93506035564e-09	-2.85914936171e-09
2.93871544594e-09	-9.59170520787e-09
2.94237053624e-09	-2.39649011746e-08
2.94602562654e-09	-4.08481213299e-08
2.94968071684e-09	-5.21444007973e-08
2.95333580714e-09	-4.98542931382e-08
2.95699089744e-09	-2.99225142442e-08
2.96064598774e-09	4.85565543329e-09
2.96430107804e-09	4.45381473924e-08
2.96795616834e-09	7.51429212187e-08
2.97161125864e-09	8.42091125719e-08
2.97526634895e-09	6.66350956635e-08
2.97892143925e-09	2.8060576085e-08
2.98257652955e-09	-1.63276254739e-08
2.98623161985e-09	-4.75952894874e-08
2.98988671015e-09	-5.13019919879e-08
2.99354180045e-09	-2.45738682736e-08
2.99719689075e-09	2.15622382171e-08
3.00085198105e-09	6.61015917558e-08
3.00450707135e-09	8.69173817364e-08
3.00816216165e-09	7.07966023583e-08
3.01181725195e-09	2.00679792783e-08
3.01547234225e-09	-4.73983803317e-08
3.01912743255e-09	-1.05180937737e-07
3.02278252285e-09	-1.29492292444e-07
3.02643761315e-09	-1.09747389843e-07
3.03009270345e-09	-5.37753095387e-08
3.03374779375e-09	1.48961003532e-08
3.03740288405e-09	6.68172006613e-08
3.04105797435e-09	7.94101566726e-08
3.04471306466e-09	4.71619330256e-08
3.04836815496e-09	-1.54592463275e-08
3.05202324526e-09	-7.98958339487e-08
3.05567833556e-09	-1.15880148144e-07
3.05933342586e-09	-1.04864085415e-07
3.06298851616e-09	-4.85010787088e-08
3.06664360646e-09	3.16492787533e-08
3.07029869676e-09	1.03235322513e-07
3.07395378706e-09	1.37059629424e-07
3.07760887736e-09	1.19729506309e-07
3.08126396766e-09	5.95040923201e-08
3.08491905796e-09	-1.7281710285e-08
3.08857414826e-09	-7.76341337883e-08
3.09222923856e-09	-9.61941211131e-08
3.09588432886e-09	-6.6217481276e-08
3.09953941916e-09	-2.38569652922e-09
3.10319450946e-09	6.57318608432e-08
3.10684959976e-09	1.06694528768e-07
3.11050469006e-09	1.00999429264e-07
3.11415978037e-09	4.95312590942e-08
3.11781487067e-09	-2.69997890712e-08
3.12146996097e-09	-9.7270515198e-08
3.12512505127e-09	-1.33062385999e-07
3.12878014157e-09	-1.21322415225e-07
3.13243523187e-09	-6.93369699434e-08
3.13609032217e-09	-9.43340738857e-10
3.13974541247e-09	5.42986278163e-08
3.14340050277e-09	7.39918490922e-08
3.14705559307e-09	5.22074437015e-08
3.15071068337e-09	1.30365829243e-09
3.15436577367e-09	-5.42127764902e-08
3.15802086397e-09	-8.87730990939e-08
3.16167595427e-09	-8.68046683422e-08
3.16533104457e-09	-4.89687010941e-08
3.16898613487e-09	8.87429951746e-09
3.17264122517e-09	6.31522567573e-08
3.17629631547e-09	9.29818710915e-08
3.17995140577e-09	8.88000286636e-08
3.18360649608e-09	5.56097710103e-08
3.18726158638e-09	9.7844665703e-09
3.19091667668e-09	-2.87600911975e-08
3.19457176698e-09	-4.52824480135e-08
3.19822685728e-09	-3.59800118588e-08
3.20188194758e-09	-8.52875636781e-09
3.20553703788e-09	2.23670824084e-08
3.20919212818e-09	4.19885921588e-08
3.21284721848e-09	4.18933048252e-08
3.21650230878e-09	2.27895782245e-08
3.22015739908e-09	-6.86755363688e-09
3.22381248938e-09	-3.54065186059e-08
3.22746757968e-09	-5.32349133664e-08
3.23112266998e-09	-5.64290267846e-08
3.23477776028e-09	-4.72999843737e-08
3.23843285058e-09	-3.2162049024e-08
3.24208794088e-09	-1.77457035733e-08
3.24574303118e-09	-8.23154344687e-09
3.24939812148e-09	-4.17325374258e-09
3.25305321179e-09	-3.47094730735e-09
3.25670830209e-09	-3.52531204229e-09
3.26036339239e-09	-3.05644554111e-09
3.26401848269e-09	-2.53545118234e-09
3.26767357299e-09	-3.13565728938e-09
3.27132866329e-09	-5.02163910454e-09
3.27498375359e-09	-6.34097796492e-09
3.27863884389e-09	-3.805240123e-09
3.28229393419e-09	5.26904964104e-09
3.28594902449e-09	2.05876773407e-08
3.28960411479e-09	3.77785092098e-08
3.29325920509e-09	4.95482801455e-08
3.29691429539e-09	4.88768847617e-08
3.30056938569e-09	3.2833341379e-08
3.30422447599e-09	4.96221552737e-09
3.30787956629e-09	-2.52490739427e-08
3.31153465659e-09	-4.5949292371e-08
3.31518974689e-09	-4.81971724753e-08
3.31884483719e-09	-3.05242764398e-08
3.3224999275e-09	-4.8224724214e-10
3.3261550178e-09	2.79010059501e-08
3.3298101081e-09	4.00066362261e-08
3.3334651984e-09	2.74338596284e-08
3.3371202887e-09	-7.41493311196e-09
3.340775379e-09	-5.13862659091e-08
3.3444304693e-09	-8.56593587173e-08
3.3480855596e-09	-9.39442372783e-08
3.3517406499e-09	-7.01648517065e-08
3.3553957402e-09	-2.19551594682e-08
3.3590508305e-09	3.19068078625e-08
3.3627059208e-09	6.93312145472e-08
3.3663610111e-09	7.46523411976e-08
3.3700161014e-09	4.58639384249e-08
3.3736711917e-09	-3.97595734114e-09
3.377326282e-09	-5.20648590907e-08
3.3809813723e-09	-7.5718816106e-08
3.3846364626e-09	-6.24871816512e-08
3.3882915529e-09	-1.60829003448e-08
3.39194664321e-09	4.46958310363e-08
3.39560173351e-09	9.38017734597e-08
3.39925682381e-09	1.09229127077e-07
3.40291191411e-09	8.28848740753e-08
3.40656700441e-09	2.45442706159e-08
3.41022209471e-09	-4.2063906136e-08
3.41387718501e-09	-8.94295908438e-08
3.41753227531e-09	-9.8293405415e-08
3.42118736561e-09	-6.61450840767e-08
3.42484245591e-09	-8.35281888101e-09
3.42849754621e-09	4.85819739993e-08
3.43215263651e-09	7.86707090583e-08
3.43580772681e-09	6.78132892062e-08
3.43946281711e-09	1.99215506314e-08
3.44311790741e-09	-4.48122321473e-08
3.44677299771e-09	-9.87033033084e-08
3.45042808801e-09	-1.18548058481e-07
3.45408317831e-09	-9.55898400434e-08
3.45773826862e-09	-3.9205207969e-08
3.46139335892e-09	2.72438391846e-08
3.46504844922e-09	7.65663941138e-08
3.46870353952e-09	8.94505447491e-08
3.47235862982e-09	6.25951486199e-08
3.47601372012e-09	9.78528458262e-09
3.47966881042e-09	-4.44724435056e-08
3.48332390072e-09	-7.58289147029e-08
3.48697899102e-09	-7.05912484023e-08
3.49063408132e-09	-3.13048111877e-08
3.49428917162e-09	2.48465212849e-08
3.49794426192e-09	7.38702965464e-08
3.50159935222e-09	9.53708649831e-08
3.50525444252e-09	8.10061564493e-08
3.50890953282e-09	3.74890092303e-08
3.51256462312e-09	-1.68876113094e-08
3.51621971342e-09	-6.03788663511e-08
3.51987480372e-09	-7.69598429429e-08
3.52352989402e-09	-6.26292688821e-08
3.52718498433e-09	-2.63360320218e-08
3.53084007463e-09	1.45359360104e-08
3.53449516493e-09	4.1941301987e-08
3.53815025523e-09	4.47157972872e-08
3.54180534553e-09	2.27157208599e-08
3.54546043583e-09	-1.39111859809e-08
3.54911552613e-09	-4.96719820831e-08
3.55277061643e-09	-7.04361298176e-08
3.55642570673e-09	-6.89567158929e-08
3.56008079703e-09	-4.70806220676e-08
3.56373588733e-09	-1.40970852769e-08
3.56739097763e-09	1.76228649451e-08
3.57104606793e-09	3.7627934546e-08
3.57470115823e-09	4.09984330929e-08
3.57835624853e-09	2.93692767883e-08
3.58201133883e-09	9.41396560705e-09
3.58566642913e-09	-1.02379491551e-08
3.58932151943e-09	-2.22784084514e-08
3.59297660973e-09	-2.29675993779e-08
3.59663170004e-09	-1.28063595284e-08
3.60028679034e-09	4.2333461181e-09
3.60394188064e-09	2.23597638183e-08
3.60759697094e-09	3.57800047368e-08
3.61125206124e-09	4.01838775588e-08
3.61490715154e-09	3.36960539471e-08
3.61856224184e-09	1.73046057483e-08
3.62221733214e-09	-5.21597165459e-09
3.62587242244e-09	-2.79782792489e-08
3.62952751274e-09	-4.43435830277e-08
3.63318260304e-09	-4.88975793189e-08
3.63683769334e-09	-3.957366701e-08
3.64049278364e-09	-1.90695050861e-08
3.64414787394e-09	5.31828714401e-09
3.64780296424e-09	2.3859179521e-08
3.65145805454e-09	2.80578866807e-08
3.65511314484e-09	1.44864946705e-08
3.65876823514e-09	-1.29752297795e-08
3.66242332544e-09	-4.38418368276e-08
3.66607841575e-09	-6.47537348186e-08
3.66973350605e-09	-6.49861462421e-08
3.67338859635e-09	-4.14638101631e-08
3.67704368665e-09	-9.20626630485e-10
3.68069877695e-09	4.20204422369e-08
3.68435386725e-09	7.04228426684e-08
3.68800895755e-09	7.21637292145e-08
3.69166404785e-09	4.55551685263e-08
3.69531913815e-09	8.77270700528e-10
3.69897422845e-09	-4.32305391485e-08
3.70262931875e-09	-6.73728308698e-08
3.70628440905e-09	-5.98741607405e-08
3.70993949935e-09	-2.24357457057e-08
3.71359458965e-09	2.97878646194e-08
3.71724967995e-09	7.41375885127e-08
3.72090477025e-09	9.00696690564e-08
3.72455986055e-09	6.83486618414e-08
3.72821495085e-09	1.56766652992e-08
3.73187004115e-09	-4.75434696057e-08
3.73552513146e-09	-9.55482590825e-08
3.73918022176e-09	-1.08196410054e-07
3.74283531206e-09	-7.98672417091e-08
3.74649040236e-09	-2.23057572413e-08
3.75014549266e-09	3.99865101031e-08
3.75380058296e-09	8.00168606929e-08
3.75745567326e-09	7.99464032752e-08
3.76111076356e-09	3.90845400489e-08
3.76476585386e-09	-2.53804035566e-08
3.76842094416e-09	-8.54334984979e-08
3.77207603446e-09	-1.14214742553e-07
3.77573112476e-09	-9.77963381388e-08
3.77938621506e-09	-4.15214671534e-08
3.78304130536e-09	3.19893906919e-08
3.78669639566e-09	9.24166627669e-08
3.79035148596e-09	1.14788193173e-07
3.79400657626e-09	9.02487187204e-08
3.79766166656e-09	2.98741014149e-08
3.80131675686e-09	-4.01159780949e-08
3.80497184717e-09	-8.96576608511e-08
3.80862693747e-09	-9.77043299599e-08
3.81228202777e-09	-6.11658705907e-08
3.81593711807e-09	3.8446930084e-09
3.81959220837e-09	6.89931312081e-08
3.82324729867e-09	1.05870100242e-07
3.82690238897e-09	9.81178445159e-08
3.83055747927e-09	4.83845532528e-08
3.83421256957e-09	-2.2914608877e-08
3.83786765987e-09	-8.64255724764e-08
3.84152275017e-09	-1.16426548402e-07
3.84517784047e-09	-1.01693686361e-07
3.84883293077e-09	-4.99604873028e-08
3.85248802107e-09	1.58032698039e-08
3.85614311137e-09	6.75004017126e-08
3.85979820167e-09	8.39079632442e-08
3.86345329197e-09	5.93743578747e-08
3.86710838227e-09	5.66889468701e-09
3.87076347257e-09	-5.35209920827e-08
3.87441856288e-09	-9.28634875663e-08
3.87807365318e-09	-9.59630810371e-08
3.88172874348e-09	-6.18474729208e-08
3.88538383378e-09	-4.84740825257e-09
3.88903892408e-09	5.18324796417e-08
3.89269401438e-09	8.59687290244e-08
3.89634910468e-09	8.53734007933e-08
3.90000419498e-09	5.24241983157e-08
3.90365928528e-09	2.37892550103e-09
3.90731437558e-09	-4.35392202291e-08
3.91096946588e-09	-6.7123721692e-08
3.91462455618e-09	-6.03733170124e-08
3.91827964648e-09	-2.80578280609e-08
3.92193473678e-09	1.50712349267e-08
3.92558982708e-09	5.08581159409e-08
3.92924491738e-09	6.51351541592e-08
3.93290000768e-09	5.29525578941e-08
3.93655509798e-09	1.9797337103e-08
3.94021018828e-09	-2.12695105972e-08
3.94386527859e-09	-5.50822250034e-08
3.94752036889e-09	-7.01653561919e-08
3.95117545919e-09	-6.26535268111e-08
3.95483054949e-09	-3.70939261529e-08
3.95848563979e-09	-4.12367384683e-09
3.96214073009e-09	2.3867070098e-08
3.96579582039e-09	3.72930522019e-08
3.96945091069e-09	3.25170219639e-08
3.97310600099e-09	1.26203421047e-08
3.97676109129e-09	-1.42033211858e-08
3.98041618159e-09	-3.77942583896e-08
3.98407127189e-09	-4.95166254666e-08
3.98772636219e-09	-4.4968391677e-08
3.99138145249e-09	-2.52204994666e-08
3.99503654279e-09	3.61084939726e-09
3.99869163309e-09	3.22832498512e-08
4.00234672339e-09	5.13091507059e-08
4.00600181369e-09	5.40446691843e-08
4.00965690399e-09	3.91060694938e-08
4.0133119943e-09	1.12137810149e-08
4.0169670846e-09	-2.0038452675e-08
4.0206221749e-09	-4.33250910703e-08
4.0242772652e-09	-4.97175989267e-08
4.0279323555e-09	-3.62870515858e-08
4.0315874458e-09	-7.70014807472e-09
4.0352425361e-09	2.50392240275e-08
4.0388976264e-09	4.84937636713e-08
4.0425527167e-09	5.19948564204e-08
4.046207807e-09	3.21685931226e-08
4.0498628973e-09	-5.10769737616e-09
4.0535179876e-09	-4.63665728034e-08
4.0571730779e-09	-7.54781694923e-08
4.0608281682e-09	-8.00994186534e-08
4.0644832585e-09	-5.70785658738e-08
4.0681383488e-09	-1.44225325016e-08
4.0717934391e-09	3.13441255173e-08
4.0754485294e-09	6.16493593952e-08
4.0791036197e-09	6.36428225675e-08
4.08275871001e-09	3.5965467049e-08
4.08641380031e-09	-1.01590433843e-08
4.09006889061e-09	-5.5218222883e-08
4.09372398091e-09	-7.94431613826e-08
4.09737907121e-09	-7.12597909569e-08
4.10103416151e-09	-3.24930553575e-08
4.10468925181e-09	2.19915996524e-08
4.10834434211e-09	7.01738755993e-08
4.11199943241e-09	9.19767515484e-08
4.11565452271e-09	7.77820758913e-08
4.11930961301e-09	3.27441682657e-08
4.12296470331e-09	-2.50077896169e-08
4.12661979361e-09	-7.17452195431e-08
4.13027488391e-09	-8.80931736447e-08
4.13392997421e-09	-6.73534259477e-08
4.13758506451e-09	-1.85810637987e-08
4.14124015481e-09	3.70985873133e-08
4.14489524511e-09	7.54435376393e-08
4.14855033542e-09	7.94797401227e-08
4.15220542572e-09	4.68313459123e-08
4.15586051602e-09	-9.24768350785e-09
4.15951560632e-09	-6.55491305679e-08
4.16317069662e-09	-9.87739028346e-08
4.16682578692e-09	-9.53482981458e-08
4.17048087722e-09	-5.70215270557e-08
4.17413596752e-09	5.60144153283e-11
4.17779105782e-09	5.22511598433e-08
4.18144614812e-09	7.83973277407e-08
4.18510123842e-09	6.85940335643e-08
4.18875632872e-09	2.81715752948e-08
4.19241141902e-09	-2.47887932403e-08
4.19606650932e-09	-6.72832101145e-08
4.19972159962e-09	-8.11994596006e-08
4.20337668992e-09	-6.08752941389e-08
4.20703178022e-09	-1.52011931931e-08
4.21068687052e-09	3.65155088389e-08
4.21434196082e-09	7.30003506533e-08
4.21799705113e-09	7.99709027888e-08
4.22165214143e-09	5.57602817253e-08
4.22530723173e-09	1.14235216842e-08
4.22896232203e-09	-3.44396759999e-08
4.23261741233e-09	-6.36741361859e-08
4.23627250263e-09	-6.58871499581e-08
4.23992759293e-09	-4.22033608061e-08
4.24358268323e-09	-4.13730472104e-09
4.24723777353e-09	3.16684207746e-08
4.25089286383e-09	5.04583468341e-08
4.25454795413e-09	4.52362485248e-08
4.25820304443e-09	1.91384295078e-08
4.26185813473e-09	-1.64798201752e-08
4.26551322503e-09	-4.71785917e-08
4.26916831533e-09	-6.14715105485e-08
4.27282340563e-09	-5.51665095827e-08
4.27647849593e-09	-3.23337232544e-08
4.28013358623e-09	-2.86032841856e-09
4.28378867653e-09	2.20222418079e-08
4.28744376684e-09	3.41493695544e-08
4.29109885714e-09	3.10270706905e-08
4.29475394744e-09	1.59320983073e-08
4.29840903774e-09	-4.0954004632e-09
4.30206412804e-09	-2.12443964642e-08
4.30571921834e-09	-2.96705930936e-08
4.30937430864e-09	-2.71300528709e-08
4.31302939894e-09	-1.52014578703e-08
4.31668448924e-09	1.71592939857e-09
4.32033957954e-09	1.80833161778e-08
4.32399466984e-09	2.89537975817e-08
4.32764976014e-09	3.12646584177e-08
4.33130485044e-09	2.44408795425e-08
4.33495994074e-09	1.03374580007e-08
4.33861503104e-09	-7.27823623592e-09
4.34227012134e-09	-2.35711716812e-08
4.34592521164e-09	-3.37488330615e-08
4.34958030194e-09	-3.43829924532e-08
4.35323539224e-09	-2.47302320844e-08
4.35689048255e-09	-7.52594964126e-09
4.36054557285e-09	1.13280149705e-08
4.36420066315e-09	2.44651676695e-08
4.36785575345e-09	2.58162859978e-08
4.37151084375e-09	1.33697986016e-08
4.37516593405e-09	-9.36876443092e-09
4.37882102435e-09	-3.41194130726e-08
4.38247611465e-09	-5.07809900796e-08
4.38613120495e-09	-5.15246156851e-08
4.38978629525e-09	-3.43336985509e-08
4.39344138555e-09	-4.40304459559e-09
4.39709647585e-09	2.74011107138e-08
4.40075156615e-09	4.86123425958e-08
4.40440665645e-09	5.02546555481e-08
4.40806174675e-09	3.08835801377e-08
4.41171683705e-09	-2.24826424144e-09
4.41537192735e-09	-3.56520644118e-08
4.41902701765e-09	-5.49622036772e-08
4.42268210795e-09	-5.10848074953e-08
4.42633719826e-09	-2.44654643211e-08
4.42999228856e-09	1.45463205925e-08
4.43364737886e-09	4.9688807735e-08
4.43730246916e-09	6.55899015101e-08
4.44095755946e-09	5.44633422805e-08
4.44461264976e-09	1.97456788698e-08
4.44826774006e-09	-2.50432705684e-08
4.45192283036e-09	-6.18213107373e-08
4.45557792066e-09	-7.55127231855e-08
4.45923301096e-09	-6.04657230951e-08
4.46288810126e-09	-2.29661516471e-08
4.46654319156e-09	2.12504307484e-08
4.47019828186e-09	5.34927337981e-08
4.47385337216e-09	5.9950352238e-08
4.47750846246e-09	3.75958641996e-08
4.48116355276e-09	-4.38303748851e-09
4.48481864306e-09	-4.83180429001e-08
4.48847373336e-09	-7.54787450319e-08
4.49212882366e-09	-7.40492964724e-08
4.49578391397e-09	-4.42020002822e-08
4.49943900427e-09	1.95083682542e-09
4.50309409457e-09	4.55250059872e-08
4.50674918487e-09	6.89077594984e-08
4.51040427517e-09	6.31438652476e-08
4.51405936547e-09	3.15124246697e-08
4.51771445577e-09	-1.21143912679e-08
4.52136954607e-09	-4.92997784818e-08
4.52502463637e-09	-6.47908748874e-08
4.52867972667e-09	-5.27089483171e-08
4.53233481697e-09	-1.87180368982e-08
4.53598990727e-09	2.25981722224e-08
4.53964499757e-09	5.39456976867e-08
4.54330008787e-09	6.24788398795e-08
4.54695517817e-09	4.49776464961e-08
4.55061026847e-09	8.91996343455e-09
4.55426535877e-09	-3.09125098852e-08
4.55792044907e-09	-5.87336437263e-08
4.56157553937e-09	-6.42660253902e-08
4.56523062968e-09	-4.66908822716e-08
4.56888571998e-09	-1.44652023693e-08
