% time-domain voltage integration by openEMS v0.0.36-93-g7b9cd51 @Thu Sep 24 17:08:28 2026
% start-coordinates: (0.0583,0,0.000102587) m -> [75,3,5]
% stop-coordinates: (0.0583,0,0.0021) m -> [75,3,7]
% t/s	voltage
0	-0
3.67495423381e-12	-0
7.34990846762e-12	-0
1.10248627014e-11	-0
1.46998169352e-11	-0
1.8374771169e-11	-0
2.20497254029e-11	-2.00245749649e-35
2.57246796367e-11	-2.07684825516e-31
2.93996338705e-11	-1.68900499171e-28
3.30745881043e-11	-3.97397166652e-26
3.67495423381e-11	-3.74669565821e-24
4.04244965719e-11	-1.74301115749e-22
4.40994508057e-11	-4.63049547481e-21
4.77744050395e-11	-7.82587798484e-20
5.14493592733e-11	-9.12594080608e-19
5.51243135071e-11	-7.81833216865e-18
5.8799267741e-11	-5.17058052577e-17
6.24742219748e-11	-2.74634306434e-16
6.61491762086e-11	-1.2093948597e-15
6.98241304424e-11	-4.52742397854e-15
7.34990846762e-11	-1.46762495565e-14
7.717403891e-11	-4.16599361175e-14
8.08489931438e-11	-1.037643448e-13
8.45239473776e-11	-2.24032974111e-13
8.81989016114e-11	-4.01546512512e-13
9.18738558452e-11	-5.11638579675e-13
9.5548810079e-11	-4.0178879104e-14
9.92237643129e-11	2.52081084414e-12
1.02898718547e-10	1.08954793972e-11
1.0657367278e-10	3.32618745914e-11
1.10248627014e-10	8.59859700802e-11
1.13923581248e-10	1.9929249917e-10
1.17598535482e-10	4.25012323946e-10
1.21273489716e-10	8.45806841232e-10
1.2494844395e-10	1.58390342508e-09
1.28623398183e-10	2.80521064711e-09
1.32298352417e-10	4.71168337679e-09
1.35973306651e-10	7.51102496865e-09
1.39648260885e-10	1.1348656237e-08
1.43323215119e-10	1.61829865064e-08
1.46998169352e-10	2.15824027539e-08
1.50673123586e-10	2.64226829305e-08
1.5434807782e-10	2.84682948326e-08
1.58023032054e-10	2.38326038904e-08
1.61697986288e-10	6.33212027257e-09
1.65372940521e-10	-3.32217244825e-08
1.69047894755e-10	-1.07712222253e-07
1.72722848989e-10	-2.34266570587e-07
1.76397803223e-10	-4.34503967028e-07
1.80072757457e-10	-7.34292648019e-07
1.8374771169e-10	-1.16281434259e-06
1.87422665924e-10	-1.75075150821e-06
1.91097620158e-10	-2.52745093121e-06
1.94772574392e-10	-3.51699466705e-06
1.98447528626e-10	-4.73320943684e-06
2.0212248286e-10	-6.17377452272e-06
2.05797437093e-10	-7.81373910286e-06
2.09472391327e-10	-9.59891440289e-06
2.13147345561e-10	-1.14398890219e-05
2.16822299795e-10	-1.32074185331e-05
2.20497254029e-10	-1.4730165617e-05
2.24172208262e-10	-1.57958422733e-05
2.27847162496e-10	-1.61564674954e-05
2.3152211673e-10	-1.55382468847e-05
2.35197070964e-10	-1.36563023716e-05
2.38872025198e-10	-1.02335953898e-05
2.42546979431e-10	-5.02325792695e-06
2.46221933665e-10	2.16707346112e-06
2.49896887899e-10	1.14505647844e-05
2.53571842133e-10	2.28379358305e-05
2.57246796367e-10	3.6217341858e-05
2.609217506e-10	5.1339705351e-05
2.64596704834e-10	6.78113729009e-05
2.68271659068e-10	8.50960323078e-05
2.71946613302e-10	0.000102528097159
2.75621567536e-10	0.000119337999422
2.7929652177e-10	0.000134689173137
2.82971476003e-10	0.000147725229908
2.86646430237e-10	0.000157623493578
2.90321384471e-10	0.000163649652677
2.93996338705e-10	0.000165210363775
2.97671292939e-10	0.000161898393344
3.01346247172e-10	0.000153527753355
3.05021201406e-10	0.000140158195791
3.0869615564e-10	0.000122106916024
3.12371109874e-10	9.99475769277e-05
3.16046064108e-10	7.44947737985e-05
3.19721018341e-10	4.67720983579e-05
3.23395972575e-10	1.79618302809e-05
3.27070926809e-10	-1.06617662823e-05
3.30745881043e-10	-3.78126946998e-05
3.34420835277e-10	-6.22777597528e-05
3.3809578951e-10	-8.29959626572e-05
3.41770743744e-10	-9.91226243059e-05
3.45445697978e-10	-0.000110072317511
3.49120652212e-10	-0.000115538890896
3.52795606446e-10	-0.000115496744002
3.5647056068e-10	-0.000110190255327
3.60145514913e-10	-0.000100116421891
3.63820469147e-10	-8.60025520524e-05
3.67495423381e-10	-6.87750425641e-05
3.71170377615e-10	-4.95125686939e-05
3.74845331849e-10	-2.93794082609e-05
3.78520286082e-10	-9.54009169618e-06
3.82195240316e-10	8.9347292942e-06
3.8587019455e-10	2.51534522704e-05
3.89545148784e-10	3.84622262573e-05
3.93220103018e-10	4.84640672767e-05
3.96895057251e-10	5.49999599571e-05
4.00570011485e-10	5.81033700655e-05
4.04244965719e-10	5.79510860916e-05
4.07919919953e-10	5.482835968e-05
4.11594874187e-10	4.91188120577e-05
4.1526982842e-10	4.13123361795e-05
4.18944782654e-10	3.20116096191e-05
4.22619736888e-10	2.19146818381e-05
4.26294691122e-10	1.17604604384e-05
4.29969645356e-10	2.24166659279e-06
4.3364459959e-10	-6.09061521573e-06
4.37319553823e-10	-1.28967158162e-05
4.40994508057e-10	-1.8064311007e-05
4.44669462291e-10	-2.1661293431e-05
4.48344416525e-10	-2.38433749473e-05
4.52019370759e-10	-2.47552275141e-05
4.55694324992e-10	-2.44679313255e-05
4.59369279226e-10	-2.29814709201e-05
4.6304423346e-10	-2.0289940494e-05
4.66719187694e-10	-1.64764010151e-05
4.70394141928e-10	-1.17876085142e-05
4.74069096161e-10	-6.64264535999e-06
4.77744050395e-10	-1.56074568736e-06
4.81419004629e-10	2.96946871003e-06
4.85093958863e-10	6.62344388047e-06
4.88768913097e-10	9.31637202939e-06
4.9244386733e-10	1.11809690679e-05
4.96118821564e-10	1.24528088463e-05
4.99793775798e-10	1.33118693384e-05
5.03468730032e-10	1.37556889968e-05
5.07143684266e-10	1.35675365982e-05
5.108186385e-10	1.24043006053e-05
5.14493592733e-10	9.97094775812e-06
5.18168546967e-10	6.2058243202e-06
5.21843501201e-10	1.38760721313e-06
5.25518455435e-10	-3.89272906887e-06
5.29193409669e-10	-8.89631428436e-06
5.32868363902e-10	-1.29708513441e-05
5.36543318136e-10	-1.57550537097e-05
5.4021827237e-10	-1.7258754724e-05
5.43893226604e-10	-1.77801928203e-05
5.47568180838e-10	-1.7695635961e-05
5.51243135071e-10	-1.72210341134e-05
5.54918089305e-10	-1.62625321991e-05
5.58593043539e-10	-1.4436094375e-05
5.62267997773e-10	-1.12588014645e-05
5.65942952007e-10	-6.43055386718e-06
5.6961790624e-10	-7.61717409148e-08
5.73292860474e-10	7.17335854006e-06
5.76967814708e-10	1.43134781183e-05
5.80642768942e-10	2.0270666937e-05
5.84317723176e-10	2.42549976974e-05
5.8799267741e-10	2.60093788711e-05
5.91667631643e-10	2.58411910181e-05
5.95342585877e-10	2.44208526965e-05
5.99017540111e-10	2.24339351007e-05
6.02692494345e-10	2.02495002668e-05
6.06367448579e-10	1.77606118541e-05
6.10042402812e-10	1.44811001519e-05
6.13717357046e-10	9.85795509223e-06
6.1739231128e-10	3.6575997342e-06
6.21067265514e-10	-3.76271987079e-06
6.24742219748e-10	-1.14382164611e-05
6.28417173981e-10	-1.80631577678e-05
6.32092128215e-10	-2.2437141979e-05
6.35767082449e-10	-2.3900339329e-05
6.39442036683e-10	-2.25645560477e-05
6.43116990917e-10	-1.92322343082e-05
6.4679194515e-10	-1.50331214854e-05
6.50466899384e-10	-1.09359401677e-05
6.54141853618e-10	-7.35439698474e-06
6.57816807852e-10	-4.02727229698e-06
6.61491762086e-10	-2.33750495626e-07
6.6516671632e-10	4.75374781672e-06
6.68841670553e-10	1.11877768632e-05
6.72516624787e-10	1.85697488178e-05
6.76191579021e-10	2.57200770193e-05
6.79866533255e-10	3.11827639052e-05
6.83541487489e-10	3.3788609926e-05
6.87216441722e-10	3.31282253683e-05
6.90891395956e-10	2.97157955629e-05
6.9456635019e-10	2.47659513661e-05
6.98241304424e-10	1.96763512577e-05
7.01916258658e-10	1.54448514422e-05
7.05591212891e-10	1.22797152926e-05
7.09266167125e-10	9.57907673182e-06
7.12941121359e-10	6.29069973002e-06
7.16616075593e-10	1.49168405983e-06
7.20291029827e-10	-5.07585008336e-06
7.2396598406e-10	-1.27647336967e-05
7.27640938294e-10	-2.01990631012e-05
7.31315892528e-10	-2.58009654317e-05
7.34990846762e-10	-2.84350639959e-05
7.38665800996e-10	-2.78801001059e-05
7.42340755229e-10	-2.49085233008e-05
7.46015709463e-10	-2.09360139252e-05
7.49690663697e-10	-1.73950836597e-05
7.53365617931e-10	-1.51181486672e-05
7.57040572165e-10	-1.4004503214e-05
7.60715526399e-10	-1.31209675374e-05
7.64390480632e-10	-1.11867457235e-05
7.68065434866e-10	-7.22544592691e-06
7.717403891e-10	-1.0898135443e-06
7.75415343334e-10	6.3771205987e-06
7.79090297568e-10	1.36242837243e-05
7.82765251801e-10	1.90002951967e-05
7.86440206035e-10	2.14221099668e-05
7.90115160269e-10	2.08077394745e-05
7.93790114503e-10	1.80769800409e-05
7.97465068737e-10	1.47182931869e-05
8.0114002297e-10	1.21165859355e-05
8.04814977204e-10	1.0948084082e-05
8.08489931438e-10	1.09139821234e-05
8.12164885672e-10	1.09300383428e-05
8.15839839906e-10	9.67734877122e-06
8.19514794139e-10	6.26233844514e-06
8.23189748373e-10	6.86888128598e-07
8.26864702607e-10	-6.07598923352e-06
8.30539656841e-10	-1.24346810253e-05
8.34214611075e-10	-1.68039420032e-05
8.37889565309e-10	-1.82358321581e-05
8.41564519542e-10	-1.67845206533e-05
8.45239473776e-10	-1.3450769984e-05
8.4891442801e-10	-9.72896259555e-06
8.52589382244e-10	-6.95633877967e-06
8.56264336478e-10	-5.7512326066e-06
8.59939290711e-10	-5.78942217544e-06
8.63614244945e-10	-6.01404559575e-06
8.67289199179e-10	-5.17743796991e-06
8.70964153413e-10	-2.46352746558e-06
8.74639107647e-10	2.09114193694e-06
8.7831406188e-10	7.56065344376e-06
8.81989016114e-10	1.2485319985e-05
8.85663970348e-10	1.5456516735e-05
8.89338924582e-10	1.5679155922e-05
8.93013878816e-10	1.32778650368e-05
8.96688833049e-10	9.22792241909e-06
9.00363787283e-10	4.94478251767e-06
9.04038741517e-10	1.70697569501e-06
9.07713695751e-10	1.5152951871e-07
9.11388649985e-10	5.55632979626e-08
9.15063604219e-10	4.94010819807e-07
9.18738558452e-10	3.04272194995e-07
9.22413512686e-10	-1.3506440979e-06
9.2608846692e-10	-4.57110240859e-06
9.29763421154e-10	-8.64348169216e-06
9.33438375388e-10	-1.23239727827e-05
9.37113329621e-10	-1.43516273283e-05
9.40788283855e-10	-1.39649536095e-05
9.44463238089e-10	-1.12069150191e-05
9.48138192323e-10	-6.90309650508e-06
9.51813146557e-10	-2.33305235042e-06
9.5548810079e-10	1.26630671105e-06
9.59163055024e-10	3.16858796623e-06
9.62838009258e-10	3.41316399499e-06
9.66512963492e-10	2.74613842066e-06
9.70187917726e-10	2.26626102062e-06
9.73862871959e-10	2.92009335112e-06
9.77537826193e-10	5.058702925e-06
9.81212780427e-10	8.25266602078e-06
9.84887734661e-10	1.14501292501e-05
9.88562688895e-10	1.34128945319e-05
9.92237643129e-10	1.32384330982e-05
9.95912597362e-10	1.07435628252e-05
9.99587551596e-10	6.54968334857e-06
1.00326250583e-09	1.84346802712e-06
1.00693746006e-09	-2.08279388403e-06
1.0106124143e-09	-4.32430874753e-06
1.01428736853e-09	-4.69849663887e-06
1.01796232277e-09	-3.7906235093e-06
1.021637277e-09	-2.68791725944e-06
1.02531223123e-09	-2.49913216521e-06
1.02898718547e-09	-3.85062293162e-06
1.0326621397e-09	-6.57468285681e-06
1.03633709393e-09	-9.73879559751e-06
1.04001204817e-09	-1.20215548804e-05
1.0436870024e-09	-1.22806575291e-05
1.04736195664e-09	-1.006333855e-05
1.05103691087e-09	-5.82838669061e-06
1.0547118651e-09	-7.80021807145e-07
1.05838681934e-09	3.61373429314e-06
1.06206177357e-09	6.20814017793e-06
1.0657367278e-09	6.62874487034e-06
1.06941168204e-09	5.39578320513e-06
1.07308663627e-09	3.67875230722e-06
1.07676159051e-09	2.77834104168e-06
1.08043654474e-09	3.54460541985e-06
1.08411149897e-09	5.97293978899e-06
1.08778645321e-09	9.16169801712e-06
1.09146140744e-09	1.16715530112e-05
1.09513636168e-09	1.21499654142e-05
1.09881131591e-09	9.95067262011e-06
1.10248627014e-09	5.46241938082e-06
1.10616122438e-09	-1.61977933288e-08
1.10983617861e-09	-4.80961523408e-06
1.11351113284e-09	-7.56748846698e-06
1.11718608708e-09	-7.82011193223e-06
1.12086104131e-09	-6.14335692717e-06
1.12453599555e-09	-3.86961608001e-06
1.12821094978e-09	-2.47953451549e-06
1.13188590401e-09	-2.93959197961e-06
1.13556085825e-09	-5.26532630829e-06
1.13923581248e-09	-8.49562661642e-06
1.14291076671e-09	-1.10953119474e-05
1.14658572095e-09	-1.16262144729e-05
1.15026067518e-09	-9.40300606089e-06
1.15393562942e-09	-4.8407482609e-06
1.15761058365e-09	6.78193835313e-07
1.16128553788e-09	5.37675418855e-06
1.16496049212e-09	7.84477418847e-06
1.16863544635e-09	7.64073024584e-06
1.17231040059e-09	5.45402974694e-06
1.17598535482e-09	2.75720429954e-06
1.17966030905e-09	1.11638122746e-06
1.18333526329e-09	1.4811087965e-06
1.18701021752e-09	3.76971419769e-06
1.19068517175e-09	6.92111240141e-06
1.19436012599e-09	9.37527283895e-06
1.19803508022e-09	9.76663659458e-06
1.20171003446e-09	7.53360973249e-06
1.20538498869e-09	3.18566074498e-06
1.20905994292e-09	-1.88957331204e-06
1.21273489716e-09	-6.00477284252e-06
1.21640985139e-09	-7.89153375536e-06
1.22008480562e-09	-7.24039438182e-06
1.22375975986e-09	-4.8124304044e-06
1.22743471409e-09	-2.06606628694e-06
1.23110966833e-09	-4.71925890366e-07
1.23478462256e-09	-8.390862547e-07
1.23845957679e-09	-2.96555137425e-06
1.24213453103e-09	-5.76379397899e-06
1.24580948526e-09	-7.78218725372e-06
1.2494844395e-09	-7.86862494806e-06
1.25315939373e-09	-5.67629820125e-06
1.25683434796e-09	-1.80326486543e-06
1.2605093022e-09	2.47347165327e-06
1.26418425643e-09	5.74052830871e-06
1.26785921066e-09	7.03310956851e-06
1.2715341649e-09	6.21877620688e-06
1.27520911913e-09	4.01978493869e-06
1.27888407337e-09	1.66602245599e-06
1.2825590276e-09	3.29972532853e-07
1.28623398183e-09	5.99922820754e-07
1.28990893607e-09	2.23254721732e-06
1.2935838903e-09	4.2974659209e-06
1.29725884453e-09	5.63460878311e-06
1.30093379877e-09	5.39847673053e-06
1.304608753e-09	3.43005112313e-06
1.30828370724e-09	2.99499529177e-07
1.31195866147e-09	-2.97292416462e-06
1.3156336157e-09	-5.36354741598e-06
1.31930856994e-09	-6.2540858039e-06
1.32298352417e-09	-5.6380400224e-06
1.32665847841e-09	-4.06491699323e-06
1.33033343264e-09	-2.36790006625e-06
1.33400838687e-09	-1.29915214586e-06
1.33768334111e-09	-1.2214854479e-06
1.34135829534e-09	-1.97994279461e-06
1.34503324957e-09	-3.00297347167e-06
1.34870820381e-09	-3.58357758046e-06
1.35238315804e-09	-3.20994010394e-06
1.35605811228e-09	-1.78992857514e-06
1.35973306651e-09	3.2855063381e-07
1.36340802074e-09	2.53590764032e-06
1.36708297498e-09	4.2320511966e-06
1.37075792921e-09	5.05517442662e-06
1.37443288344e-09	4.972673878e-06
1.37810783768e-09	4.22676217227e-06
1.38178279191e-09	3.19211611099e-06
1.38545774615e-09	2.22521236992e-06
1.38913270038e-09	1.55725652462e-06
1.39280765461e-09	1.24892596887e-06
1.39648260885e-09	1.19934573206e-06
1.40015756308e-09	1.19944388643e-06
1.40383251732e-09	1.01414502041e-06
1.40750747155e-09	4.71878117025e-07
1.41118242578e-09	-4.69553697258e-07
1.41485738002e-09	-1.70520546305e-06
1.41853233425e-09	-3.01605246023e-06
1.42220728848e-09	-4.13380598729e-06
1.42588224272e-09	-4.809607276e-06
1.42955719695e-09	-4.87305658226e-06
1.43323215119e-09	-4.27867524877e-06
1.43690710542e-09	-3.13952887154e-06
1.44058205965e-09	-1.72772961093e-06
1.44425701389e-09	-4.17360922711e-07
1.44793196812e-09	4.39958100173e-07
1.45160692235e-09	6.67242815666e-07
1.45528187659e-09	3.67542991597e-07
1.45895683082e-09	-9.2108931149e-08
1.46263178506e-09	-2.33652635018e-07
1.46630673929e-09	3.01377070855e-07
1.46998169352e-09	1.55724437434e-06
1.47365664776e-09	3.20613997928e-06
1.47733160199e-09	4.66350718398e-06
1.48100655623e-09	5.32871445103e-06
1.48468151046e-09	4.84658636424e-06
1.48835646469e-09	3.27777027564e-06
1.49203141893e-09	1.1029966771e-06
1.49570637316e-09	-9.48375216581e-07
1.49938132739e-09	-2.18875098312e-06
1.50305628163e-09	-2.26762705324e-06
1.50673123586e-09	-1.34461876655e-06
1.5104061901e-09	-4.43948273698e-08
1.51408114433e-09	8.09095155319e-07
1.51775609856e-09	5.77545421265e-07
1.5214310528e-09	-8.67569788454e-07
1.52510600703e-09	-3.04538272644e-06
1.52878096126e-09	-5.05797186179e-06
1.5324559155e-09	-5.99249528932e-06
1.53613086973e-09	-5.34624786042e-06
1.53980582397e-09	-3.26964413944e-06
1.5434807782e-09	-5.13627014698e-07
1.54715573243e-09	1.89414990359e-06
1.55083068667e-09	3.09483345973e-06
1.5545056409e-09	2.7689404476e-06
1.55818059514e-09	1.27163016828e-06
1.56185554937e-09	-5.25180457345e-07
1.5655305036e-09	-1.61952172562e-06
1.56920545784e-09	-1.33333711005e-06
1.57288041207e-09	3.64715830869e-07
1.5765553663e-09	2.81852175021e-06
1.58023032054e-09	4.96071595535e-06
1.58390527477e-09	5.79189691052e-06
1.58758022901e-09	4.84709812554e-06
1.59125518324e-09	2.42420315999e-06
1.59493013747e-09	-5.39579851022e-07
1.59860509171e-09	-2.89074256443e-06
1.60228004594e-09	-3.77932127549e-06
1.60595500017e-09	-3.0315312074e-06
1.60962995441e-09	-1.20470184584e-06
1.61330490864e-09	6.88037289365e-07
1.61697986288e-09	1.64773820188e-06
1.62065481711e-09	1.13765166532e-06
1.62432977134e-09	-6.83852945826e-07
1.62800472558e-09	-3.03928169387e-06
1.63167967981e-09	-4.87781227321e-06
1.63535463405e-09	-5.34048666623e-06
1.63902958828e-09	-4.14391621462e-06
1.64270454251e-09	-1.71208051825e-06
1.64637949675e-09	1.00718092e-06
1.65005445098e-09	2.96475903383e-06
1.65372940521e-09	3.47919868204e-06
1.65740435945e-09	2.53362509284e-06
1.66107931368e-09	7.59759672064e-07
1.66475426792e-09	-8.77392437815e-07
1.66842922215e-09	-1.53777635603e-06
1.67210417638e-09	-8.85130368999e-07
1.67577913062e-09	7.83316039588e-07
1.67945408485e-09	2.70029039484e-06
1.68312903908e-09	3.98943600999e-06
1.68680399332e-09	4.05246282753e-06
1.69047894755e-09	2.81451644923e-06
1.69415390179e-09	7.3688006097e-07
1.69782885602e-09	-1.39538209964e-06
1.70150381025e-09	-2.81239317701e-06
1.70517876449e-09	-3.08182916342e-06
1.70885371872e-09	-2.27827163712e-06
1.71252867296e-09	-9.27880734025e-07
1.71620362719e-09	2.4643400387e-07
1.71987858142e-09	6.61095945986e-07
1.72355353566e-09	1.31552722493e-07
1.72722848989e-09	-1.06501438069e-06
1.73090344412e-09	-2.34457547776e-06
1.73457839836e-09	-3.10102399226e-06
1.73825335259e-09	-2.97664368532e-06
1.74192830683e-09	-1.99524062339e-06
1.74560326106e-09	-5.16583178012e-07
1.74927821529e-09	9.42715310259e-07
1.75295316953e-09	1.92620201744e-06
1.75662812376e-09	2.20239365945e-06
1.76030307799e-09	1.82435016427e-06
1.76397803223e-09	1.07889250955e-06
1.76765298646e-09	3.54575405481e-07
1.7713279407e-09	-1.88206596974e-08
1.77500289493e-09	1.0051435595e-07
1.77867784916e-09	6.19875052621e-07
1.7823528034e-09	1.26636030018e-06
1.78602775763e-09	1.71624159861e-06
1.78970271187e-09	1.7358504607e-06
1.7933776661e-09	1.26887270824e-06
1.79705262033e-09	4.37099362927e-07
1.80072757457e-09	-5.28684594769e-07
1.8044025288e-09	-1.38114130266e-06
1.80807748303e-09	-1.92936016674e-06
1.81175243727e-09	-2.07738445113e-06
1.8154273915e-09	-1.83682276145e-06
1.81910234574e-09	-1.32373857298e-06
1.82277729997e-09	-7.35569933852e-07
1.8264522542e-09	-2.96934562272e-07
1.83012720844e-09	-1.77740691498e-07
1.83380216267e-09	-4.1355574254e-07
1.8374771169e-09	-8.73053188855e-07
1.84115207114e-09	-1.30069790316e-06
1.84482702537e-09	-1.42328102015e-06
1.84850197961e-09	-1.0723148165e-06
1.85217693384e-09	-2.65958970402e-07
1.85585188807e-09	7.85717062968e-07
1.85952684231e-09	1.75228529997e-06
1.86320179654e-09	2.30401300882e-06
1.86687675078e-09	2.24062648613e-06
1.87055170501e-09	1.58291693708e-06
1.87422665924e-09	5.87238190519e-07
1.87790161348e-09	-3.38036695524e-07
1.88157656771e-09	-7.9802764219e-07
1.88525152194e-09	-5.96421628529e-07
1.88892647618e-09	1.503094893e-07
1.89260143041e-09	1.04105138377e-06
1.89627638465e-09	1.56608025748e-06
1.89995133888e-09	1.35402837032e-06
1.90362629311e-09	3.66406048613e-07
1.90730124735e-09	-1.06362259089e-06
1.91097620158e-09	-2.37223827071e-06
1.91465115581e-09	-3.01943862269e-06
1.91832611005e-09	-2.73560522146e-06
1.92200106428e-09	-1.64759308063e-06
1.92567601852e-09	-2.2891627971e-07
1.92935097275e-09	9.03683144315e-07
1.93302592698e-09	1.26209005202e-06
1.93670088122e-09	7.11678474374e-07
1.94037583545e-09	-4.52242456817e-07
1.94405078969e-09	-1.62247140167e-06
1.94772574392e-09	-2.15386505431e-06
1.95140069815e-09	-1.67543844043e-06
1.95507565239e-09	-2.89586413516e-07
1.95875060662e-09	1.4507343451e-06
1.96242556085e-09	2.79013596582e-06
1.96610051509e-09	3.12994592377e-06
1.96977546932e-09	2.3205258799e-06
1.97345042356e-09	7.39022482321e-07
1.97712537779e-09	-8.87248795323e-07
1.98080033202e-09	-1.82409107197e-06
1.98447528626e-09	-1.67437022469e-06
1.98815024049e-09	-5.6150483374e-07
1.99182519472e-09	9.29335847388e-07
1.99550014896e-09	2.02277132644e-06
1.99917510319e-09	2.11495090241e-06
2.00285005743e-09	1.06301351366e-06
2.00652501166e-09	-7.31634528961e-07
2.01019996589e-09	-2.4935072247e-06
2.01387492013e-09	-3.42843418366e-06
2.01754987436e-09	-3.1034840049e-06
2.0212248286e-09	-1.66641881094e-06
2.02489978283e-09	2.11306346642e-07
2.02857473706e-09	1.65110904504e-06
2.0322496913e-09	1.99208847107e-06
2.03592464553e-09	1.11377543988e-06
2.03959959976e-09	-5.05073689538e-07
2.043274554e-09	-2.02024698126e-06
2.04694950823e-09	-2.63193061301e-06
2.05062446247e-09	-1.97052806072e-06
2.0542994167e-09	-2.75484335788e-07
2.05797437093e-09	1.71359549483e-06
2.06164932517e-09	3.10056680064e-06
2.0653242794e-09	3.25137443724e-06
2.06899923363e-09	2.09574500332e-06
2.07267418787e-09	1.6934348146e-07
2.0763491421e-09	-1.62910042434e-06
2.08002409634e-09	-2.46065863507e-06
2.08369905057e-09	-1.95091962496e-06
2.0873740048e-09	-3.79802749251e-07
2.09104895904e-09	1.44520542733e-06
2.09472391327e-09	2.57773683643e-06
2.09839886751e-09	2.39650066192e-06
2.10207382174e-09	9.14383264217e-07
2.10574877597e-09	-1.22068956898e-06
2.10942373021e-09	-3.03408447166e-06
2.11309868444e-09	-3.68991919686e-06
2.11677363867e-09	-2.88871382281e-06
2.12044859291e-09	-1.0091046363e-06
2.12412354714e-09	1.07043932474e-06
2.12779850138e-09	2.38376691186e-06
2.13147345561e-09	2.33151030216e-06
2.13514840984e-09	9.66279095849e-07
2.13882336408e-09	-1.02574966832e-06
2.14249831831e-09	-2.64485271373e-06
2.14617327254e-09	-3.05318161509e-06
2.14984822678e-09	-1.98316691069e-06
2.15352318101e-09	1.21862992586e-07
2.15719813525e-09	2.30856355188e-06
2.16087308948e-09	3.5658106583e-06
2.16454804371e-09	3.30934992121e-06
2.16822299795e-09	1.66368010923e-06
2.17189795218e-09	-5.97059759855e-07
2.17557290642e-09	-2.41805645373e-06
2.17924786065e-09	-2.9638796093e-06
2.18292281488e-09	-2.01040776915e-06
2.18659776912e-09	-4.62685512126e-08
2.19027272335e-09	1.95972809536e-06
2.19394767758e-09	3.01462569041e-06
2.19762263182e-09	2.56840738189e-06
2.20129758605e-09	7.76601289942e-07
2.20497254029e-09	-1.56613519664e-06
2.20864749452e-09	-3.39285253403e-06
2.21232244875e-09	-3.86478455994e-06
2.21599740299e-09	-2.768386139e-06
2.21967235722e-09	-6.19435787996e-07
2.22334731145e-09	1.58033242315e-06
2.22702226569e-09	2.81725795048e-06
2.23069721992e-09	2.54459763482e-06
2.23437217416e-09	9.3482233865e-07
2.23804712839e-09	-1.21028006106e-06
2.24172208262e-09	-2.84460293187e-06
2.24539703686e-09	-3.16999557981e-06
2.24907199109e-09	-2.00532625172e-06
2.25274694533e-09	1.35809482771e-07
2.25642189956e-09	2.28796577062e-06
2.26009685379e-09	3.48124507354e-06
2.26377180803e-09	3.18705369295e-06
2.26744676226e-09	1.55799281742e-06
2.27112171649e-09	-6.46730470066e-07
2.27479667073e-09	-2.41701275172e-06
2.27847162496e-09	-2.96190319204e-06
2.2821465792e-09	-2.07502633032e-06
2.28582153343e-09	-2.21790461552e-07
2.28949648766e-09	1.688978017e-06
2.2931714419e-09	2.73845935794e-06
2.29684639613e-09	2.42565579356e-06
2.30052135036e-09	8.90383716978e-07
2.3041963046e-09	-1.16753601276e-06
2.30787125883e-09	-2.82291355802e-06
2.31154621307e-09	-3.35175997179e-06
2.3152211673e-09	-2.55143120853e-06
2.31889612153e-09	-8.16149579919e-07
2.32257107577e-09	1.05750173418e-06
2.32624603e-09	2.23908460839e-06
2.32992098424e-09	2.23811952083e-06
2.33359593847e-09	1.11564982319e-06
2.3372708927e-09	-5.58728345368e-07
2.34094584694e-09	-1.98029452747e-06
2.34462080117e-09	-2.48381317647e-06
2.3482957554e-09	-1.84365916311e-06
2.35197070964e-09	-3.62725625536e-07
2.35564566387e-09	1.2851501765e-06
2.35932061811e-09	2.37502987943e-06
2.36299557234e-09	2.45862369752e-06
2.36667052657e-09	1.54848819989e-06
2.37034548081e-09	8.63419415964e-08
2.37402043504e-09	-1.27600459621e-06
2.37769538927e-09	-1.97170740535e-06
2.38137034351e-09	-1.75764537858e-06
2.38504529774e-09	-7.98420323633e-07
2.38872025198e-09	4.28456250035e-07
2.39239520621e-09	1.35562197556e-06
2.39607016044e-09	1.57507727749e-06
2.39974511468e-09	1.00646576584e-06
2.40342006891e-09	-8.48334780201e-08
2.40709502315e-09	-1.22066317942e-06
2.41076997738e-09	-1.92809520172e-06
2.41444493161e-09	-1.94118553054e-06
2.41811988585e-09	-1.29817016159e-06
2.42179484008e-09	-3.00373734774e-07
2.42546979431e-09	6.35864182641e-07
2.42914474855e-09	1.15828854064e-06
2.43281970278e-09	1.11103182121e-06
2.43649465702e-09	5.73661438352e-07
2.44016961125e-09	-1.93334630083e-07
2.44384456548e-09	-8.62856815331e-07
2.44751951972e-09	-1.16646508275e-06
2.45119447395e-09	-9.88131077406e-07
2.45486942818e-09	-3.98502503884e-07
2.45854438242e-09	3.77485864789e-07
2.46221933665e-09	1.04657335953e-06
2.46589429089e-09	1.35588497585e-06
2.46956924512e-09	1.18556656048e-06
2.47324419935e-09	5.91610202605e-07
2.47691915359e-09	-2.15344133636e-07
2.48059410782e-09	-9.46290761306e-07
2.48426906206e-09	-1.33721815132e-06
2.48794401629e-09	-1.24456056483e-06
2.49161897052e-09	-7.02035308109e-07
2.49529392476e-09	8.16615512989e-08
2.49896887899e-09	7.89201308748e-07
2.50264383322e-09	1.11005334702e-06
2.50631878746e-09	8.68720889002e-07
2.50999374169e-09	1.14863787815e-07
2.51366869593e-09	-8.7182434072e-07
2.51734365016e-09	-1.67874162571e-06
2.52101860439e-09	-1.93064839493e-06
2.52469355863e-09	-1.4628626559e-06
2.52836851286e-09	-4.15840531787e-07
2.53204346709e-09	8.02018320201e-07
2.53571842133e-09	1.67755717939e-06
2.53939337556e-09	1.81655664733e-06
2.5430683298e-09	1.12946770514e-06
2.54674328403e-09	-1.0825307406e-07
2.55041823826e-09	-1.356786683e-06
2.5540931925e-09	-2.03950729372e-06
2.55776814673e-09	-1.80336608935e-06
2.56144310097e-09	-6.96217945517e-07
2.5651180552e-09	8.27155908212e-07
2.56879300943e-09	2.08698855886e-06
2.57246796367e-09	2.47910725193e-06
2.5761429179e-09	1.76176928335e-06
2.57981787213e-09	1.91979216524e-07
2.58349282637e-09	-1.56458401079e-06
2.5871677806e-09	-2.72207432772e-06
2.59084273484e-09	-2.73551040664e-06
2.59451768907e-09	-1.5665908677e-06
2.5981926433e-09	2.76838527213e-07
2.60186759754e-09	1.95574656914e-06
2.60554255177e-09	2.67848309932e-06
2.609217506e-09	2.07112665862e-06
2.61289246024e-09	3.66825876341e-07
2.61656741447e-09	-1.68090031138e-06
2.62024236871e-09	-3.12943689096e-06
2.62391732294e-09	-3.2784322741e-06
2.62759227717e-09	-2.00379852799e-06
2.63126723141e-09	1.64123697743e-07
2.63494218564e-09	2.26455006214e-06
2.63861713988e-09	3.33861314061e-06
2.64229209411e-09	2.87550147959e-06
2.64596704834e-09	1.06338409012e-06
2.64964200258e-09	-1.27929078531e-06
2.65331695681e-09	-3.06961518959e-06
2.65699191104e-09	-3.4596000944e-06
2.66066686528e-09	-2.2374244395e-06
2.66434181951e-09	6.01084586549e-08
2.66801677375e-09	2.38333649349e-06
2.67169172798e-09	3.64905665151e-06
2.67536668221e-09	3.24416265585e-06
2.67904163645e-09	1.31781844459e-06
2.68271659068e-09	-1.27582966059e-06
2.68639154491e-09	-3.36343276786e-06
2.69006649915e-09	-3.99041613264e-06
2.69374145338e-09	-2.86451370357e-06
2.69741640762e-09	-4.97360947094e-07
2.70109136185e-09	2.0237155951e-06
2.70476631608e-09	3.53302681333e-06
2.70844127032e-09	3.3245871407e-06
2.71211622455e-09	1.48277214862e-06
2.71579117879e-09	-1.15058941219e-06
2.71946613302e-09	-3.36037825832e-06
2.72314108725e-09	-4.11858604821e-06
2.72681604149e-09	-3.061267563e-06
2.73049099572e-09	-6.59702301675e-07
2.73416594995e-09	1.99540997414e-06
2.73784090419e-09	3.69727644056e-06
2.74151585842e-09	3.67943792412e-06
2.74519081266e-09	1.9673315137e-06
2.74886576689e-09	-6.38127666264e-07
2.75254072112e-09	-2.93383070016e-06
2.75621567536e-09	-3.87023396797e-06
2.75989062959e-09	-3.03090470766e-06
2.76356558382e-09	-8.17313321022e-07
2.76724053806e-09	1.74335457359e-06
2.77091549229e-09	3.47407973322e-06
2.77459044653e-09	3.58768122055e-06
2.77826540076e-09	2.04213910138e-06
2.78194035499e-09	-4.48343698167e-07
2.78561530923e-09	-2.74876356343e-06
2.78929026346e-09	-3.827169337e-06
2.7929652177e-09	-3.22463753832e-06
2.79664017193e-09	-1.25513122384e-06
2.80031512616e-09	1.1529992463e-06
2.8039900804e-09	2.89460544423e-06
2.80766503463e-09	3.19696371776e-06
2.81133998886e-09	1.96338626779e-06
2.8150149431e-09	-2.01908086694e-07
2.81868989733e-09	-2.29012306363e-06
2.82236485157e-09	-3.35801973961e-06
2.8260398058e-09	-2.95230995562e-06
2.82971476003e-09	-1.29643166247e-06
2.83338971427e-09	8.3404096074e-07
2.8370646685e-09	2.48002459102e-06
2.84073962273e-09	2.93517683758e-06
2.84441457697e-09	2.05245926566e-06
2.8480895312e-09	2.87032182911e-07
2.85176448544e-09	-1.53276306492e-06
2.85543943967e-09	-2.59386646917e-06
2.8591143939e-09	-2.4632321356e-06
2.86278934814e-09	-1.26425247515e-06
2.86646430237e-09	4.07983286266e-07
2.87013925661e-09	1.78104104975e-06
2.87381421084e-09	2.26277708748e-06
2.87748916507e-09	1.69458972721e-06
2.88116411931e-09	3.91374427977e-07
2.88483907354e-09	-1.03367528226e-06
2.88851402777e-09	-1.96339196634e-06
2.89218898201e-09	-2.04679325577e-06
2.89586393624e-09	-1.3279786657e-06
2.89953889048e-09	-1.89563237996e-07
2.90321384471e-09	8.45203842914e-07
2.90688879894e-09	1.3520571116e-06
2.91056375318e-09	1.17722461823e-06
2.91423870741e-09	4.74033125641e-07
2.91791366164e-09	-3.98765799048e-07
2.92158861588e-09	-1.05640418013e-06
2.92526357011e-09	-1.25715125421e-06
2.92893852435e-09	-9.84927822856e-07
2.93261347858e-09	-4.19410483232e-07
2.93628843281e-09	1.76288168063e-07
2.93996338705e-09	5.83344139216e-07
2.94363834128e-09	7.06687330876e-07
2.94731329552e-09	5.7829493727e-07
2.95098824975e-09	3.02148563947e-07
2.95466320398e-09	-1.36273328177e-08
2.95833815822e-09	-2.96884767437e-07
2.96201311245e-09	-5.10185628855e-07
2.96568806668e-09	-6.26567121742e-07
2.96936302092e-09	-6.12187285753e-07
2.97303797515e-09	-4.36750568156e-07
2.97671292939e-09	-1.06834201929e-07
2.98038788362e-09	3.01828492866e-07
2.98406283785e-09	6.43821266522e-07
2.98773779209e-09	7.49412606638e-07
2.99141274632e-09	5.05009516871e-07
2.99508770055e-09	-6.88179477848e-08
2.99876265479e-09	-7.87248957579e-07
3.00243760902e-09	-1.35108055588e-06
3.00611256326e-09	-1.46994098316e-06
3.00978751749e-09	-1.01046509116e-06
3.01346247172e-09	-9.39538864486e-08
3.01713742596e-09	9.18717383058e-07
3.02081238019e-09	1.56822412123e-06
3.02448733443e-09	1.5096557604e-06
3.02816228866e-09	6.96539018463e-07
3.03183724289e-09	-5.62102592028e-07
3.03551219713e-09	-1.71448166952e-06
3.03918715136e-09	-2.20812211182e-06
3.04286210559e-09	-1.75355255294e-06
3.04653705983e-09	-4.82962839499e-07
3.05021201406e-09	1.07905695756e-06
3.0538869683e-09	2.23221428541e-06
3.05756192253e-09	2.41506475618e-06
3.06123687676e-09	1.47701696562e-06
3.064911831e-09	-2.23313284309e-07
3.06858678523e-09	-1.95123246272e-06
3.07226173946e-09	-2.91534547614e-06
3.0759366937e-09	-2.63413599555e-06
3.07961164793e-09	-1.17928271948e-06
3.08328660217e-09	8.28698745181e-07
3.0869615564e-09	2.48406635706e-06
3.09063651063e-09	3.00673207221e-06
3.09431146487e-09	2.11075801815e-06
3.0979864191e-09	1.55133387025e-07
3.10166137334e-09	-2.00142508788e-06
3.10533632757e-09	-3.38124698374e-06
3.1090112818e-09	-3.33304180344e-06
3.11268623604e-09	-1.83818568189e-06
3.11636119027e-09	4.65053894061e-07
3.1200361445e-09	2.55616581057e-06
3.12371109874e-09	3.4874297512e-06
3.12738605297e-09	2.81669940705e-06
3.13106100721e-09	8.20159613113e-07
3.13473596144e-09	-1.61831643197e-06
3.13841091567e-09	-3.39840687502e-06
3.14208586991e-09	-3.702289888e-06
3.14576082414e-09	-2.37239567014e-06
3.14943577837e-09	8.37947555787e-09
3.15311073261e-09	2.37576577433e-06
3.15678568684e-09	3.66465218349e-06
3.16046064108e-09	3.29167119162e-06
3.16413559531e-09	1.41825579192e-06
3.16781054954e-09	-1.1231449264e-06
3.17148550378e-09	-3.20414861221e-06
3.17516045801e-09	-3.90504618508e-06
3.17883541225e-09	-2.92316423156e-06
3.18251036648e-09	-7.04018908948e-07
3.18618532071e-09	1.76036486721e-06
3.18986027495e-09	3.37510982718e-06
3.19353522918e-09	3.42988826674e-06
3.19721018341e-09	1.91243293557e-06
3.20088513765e-09	-4.91492041732e-07
3.20456009188e-09	-2.71068392976e-06
3.20823504612e-09	-3.77003959784e-06
3.21191000035e-09	-3.22201475456e-06
3.21558495458e-09	-1.33423847615e-06
3.21925990882e-09	1.04485877017e-06
3.22293486305e-09	2.87383141995e-06
3.22660981728e-09	3.37797914085e-06
3.23028477152e-09	2.37746337461e-06
3.23395972575e-09	3.45390148482e-07
3.23763467999e-09	-1.81687578049e-06
3.24130963422e-09	-3.17983136711e-06
3.24498458845e-09	-3.18356165963e-06
3.24865954269e-09	-1.86496107801e-06
3.25233449692e-09	1.76863114376e-07
3.25600945116e-09	2.05357035554e-06
3.25968440539e-09	2.97547663308e-06
3.26335935962e-09	2.58414715404e-06
3.26703431386e-09	1.08820108835e-06
3.27070926809e-09	-8.48400091513e-07
3.27438422232e-09	-2.406511868e-06
3.27805917656e-09	-2.96130832567e-06
3.28173413079e-09	-2.33051909504e-06
3.28540908503e-09	-8.23904862557e-07
3.28908403926e-09	9.10433612944e-07
3.29275899349e-09	2.1652578539e-06
3.29643394773e-09	2.45745104621e-06
3.30010890196e-09	1.70614860906e-06
3.30378385619e-09	2.44609250188e-07
3.30745881043e-09	-1.32688501253e-06
3.31113376466e-09	-2.38427804788e-06
3.3148087189e-09	-2.52242966781e-06
3.31848367313e-09	-1.70578050529e-06
3.32215862736e-09	-2.71530041118e-07
3.3258335816e-09	1.21092917027e-06
3.32950853583e-09	2.16549085508e-06
3.33318349007e-09	2.22989109488e-06
3.3368584443e-09	1.38803257244e-06
3.34053339853e-09	-3.06173375542e-08
3.34420835277e-09	-1.47851453391e-06
3.347883307e-09	-2.39432495164e-06
3.35155826123e-09	-2.41215599317e-06
3.35523321547e-09	-1.50318602721e-06
3.3589081697e-09	1.19754758887e-09
3.36258312394e-09	1.52069139858e-06
3.36625807817e-09	2.44076679223e-06
3.3699330324e-09	2.35746671251e-06
3.37360798664e-09	1.25576752907e-06
3.37728294087e-09	-4.59004411368e-07
3.3809578951e-09	-2.10399355183e-06
3.38463284934e-09	-2.98896037521e-06
3.38830780357e-09	-2.70683113968e-06
3.39198275781e-09	-1.32151750165e-06
3.39565771204e-09	6.33466648026e-07
3.39933266627e-09	2.35522222169e-06
3.40300762051e-09	3.09778121732e-06
3.40668257474e-09	2.49352231663e-06
3.41035752898e-09	7.34124583346e-07
3.41403248321e-09	-1.47731495304e-06
3.41770743744e-09	-3.19950493122e-06
3.42138239168e-09	-3.65106726008e-06
3.42505734591e-09	-2.5664942882e-06
3.42873230014e-09	-3.46608818091e-07
3.43240725438e-09	2.08146732916e-06
3.43608220861e-09	3.65136051528e-06
3.43975716285e-09	3.63006992643e-06
3.44343211708e-09	1.96344404912e-06
3.44710707131e-09	-6.70096738986e-07
3.45078202555e-09	-3.13470923174e-06
3.45445697978e-09	-4.32893165225e-06
3.45813193401e-09	-3.67935695067e-06
3.46180688825e-09	-1.41547144494e-06
3.46548184248e-09	1.50508971331e-06
3.46915679672e-09	3.79873097245e-06
3.47283175095e-09	4.41915813099e-06
3.47650670518e-09	3.03516515032e-06
3.48018165942e-09	2.05543743803e-07
3.48385661365e-09	-2.84217571789e-06
3.48753156789e-09	-4.74462797229e-06
3.49120652212e-09	-4.61717229427e-06
3.49488147635e-09	-2.46975787377e-06
3.49855643059e-09	7.73812104171e-07
3.50223138482e-09	3.67472131302e-06
3.50590633905e-09	4.9221455356e-06
3.50958129329e-09	3.92997637277e-06
3.51325624752e-09	1.11325945795e-06
3.51693120176e-09	-2.28572469041e-06
3.52060615599e-09	-4.74702386555e-06
3.52428111022e-09	-5.15397857725e-06
3.52795606446e-09	-3.29989146053e-06
3.53163101869e-09	8.04854310976e-09
3.53530597292e-09	3.30010621497e-06
3.53898092716e-09	5.0977621413e-06
3.54265588139e-09	4.5810568281e-06
3.54633083563e-09	1.9662731745e-06
3.55000578986e-09	-1.58147027207e-06
3.55368074409e-09	-4.46899684903e-06
3.55735569833e-09	-5.39518987352e-06
3.56103065256e-09	-3.94302603013e-06
3.5647056068e-09	-7.69773251363e-07
3.56838056103e-09	2.69188029733e-06
3.57205551526e-09	4.88457089887e-06
3.5757304695e-09	4.83009660002e-06
3.57940542373e-09	2.5662043015e-06
3.58308037796e-09	-8.78049647213e-07
3.5867553322e-09	-3.95266980036e-06
3.59043028643e-09	-5.28592778437e-06
3.59410524067e-09	-4.29805766089e-06
3.5977801949e-09	-1.45412259656e-06
3.60145514913e-09	1.95331283237e-06
3.60513010337e-09	4.39279358488e-06
3.6088050576e-09	4.78513823055e-06
3.61248001183e-09	2.9853167689e-06
3.61615496607e-09	-1.64074863918e-07
3.6198299203e-09	-3.22706577549e-06
3.62350487454e-09	-4.83287197994e-06
3.62717982877e-09	-4.29276963132e-06
3.630854783e-09	-1.89608176981e-06
3.63452973724e-09	1.24335429064e-06
3.63820469147e-09	3.70804593786e-06
3.64187964571e-09	4.41962254172e-06
3.64555459994e-09	3.11090295213e-06
3.64922955417e-09	4.21120322613e-07
3.65290450841e-09	-2.41544424284e-06
3.65657946264e-09	-4.13672819377e-06
3.66025441687e-09	-4.01511914561e-06
3.66392937111e-09	-2.16567897837e-06
3.66760432534e-09	5.31435041751e-07
3.67127927958e-09	2.84796715277e-06
3.67495423381e-09	3.76868345597e-06
3.67862918804e-09	2.93816486874e-06
3.68230414228e-09	7.95684456989e-07
3.68597909651e-09	-1.65370161653e-06
3.68965405074e-09	-3.31275319354e-06
3.69332900498e-09	-3.48663064642e-06
3.69700395921e-09	-2.17231726651e-06
3.70067891345e-09	-2.4336244131e-08
3.70435386768e-09	1.97076025188e-06
3.70802882191e-09	2.94831511383e-06
3.71170377615e-09	2.53931187899e-06
3.71537873038e-09	1.00372037082e-06
3.71905368462e-09	-9.2059828205e-07
3.72272863885e-09	-2.36988830693e-06
3.72640359308e-09	-2.74138710665e-06
3.73007854732e-09	-1.94217815874e-06
3.73375350155e-09	-3.98384457867e-07
3.73742845578e-09	1.1665659656e-06
3.74110341002e-09	2.07123605378e-06
3.74477836425e-09	1.97411010561e-06
3.74845331849e-09	9.97903924826e-07
3.75212827272e-09	-3.62338656856e-07
3.75580322695e-09	-1.48927705368e-06
3.75947818119e-09	-1.92418529821e-06
3.76315313542e-09	-1.55080266495e-06
3.76682808965e-09	-6.09924164507e-07
3.77050304389e-09	4.42513936605e-07
3.77417799812e-09	1.15402517054e-06
3.77785295236e-09	1.26697750602e-06
3.78152790659e-09	8.04143716948e-07
3.78520286082e-09	2.5047096619e-08
3.78887781506e-09	-7.12563121397e-07
3.79255276929e-09	-1.11512055412e-06
3.79622772353e-09	-1.06733136818e-06
3.79990267776e-09	-6.54432170677e-07
3.80357763199e-09	-9.56306314137e-08
3.80725258623e-09	3.69759767693e-07
3.81092754046e-09	5.84316907748e-07
3.81460249469e-09	5.19519492315e-07
3.81827744893e-09	2.5666110659e-07
3.82195240316e-09	-7.35410017327e-08
3.8256273574e-09	-3.54164047423e-07
3.82930231163e-09	-5.17416687273e-07
3.83297726586e-09	-5.45863962031e-07
3.8366522201e-09	-4.54079916778e-07
3.84032717433e-09	-2.71655782313e-07
3.84400212856e-09	-3.85944929349e-08
3.8476770828e-09	1.90997120342e-07
3.85135203703e-09	3.49937010924e-07
3.85502699127e-09	3.73664853726e-07
3.8587019455e-09	2.28495990129e-07
3.86237689973e-09	-6.12793318311e-08
3.86605185397e-09	-4.05584756891e-07
3.8697268082e-09	-6.71589376111e-07
3.87340176244e-09	-7.34763467847e-07
3.87707671667e-09	-5.38698657238e-07
3.8807516709e-09	-1.35276934543e-07
3.88442662514e-09	3.20458664049e-07
3.88810157937e-09	6.27657016139e-07
3.8917765336e-09	6.29893136761e-07
3.89545148784e-09	2.97097823676e-07
3.89912644207e-09	-2.44744926547e-07
3.90280139631e-09	-7.58595646744e-07
3.90647635054e-09	-1.00209441456e-06
3.91015130477e-09	-8.45035010855e-07
3.91382625901e-09	-3.40085232864e-07
3.91750121324e-09	2.92469596985e-07
3.92117616747e-09	7.62667873744e-07
3.92485112171e-09	8.46792495679e-07
3.92852607594e-09	4.95943826451e-07
3.93220103018e-09	-1.35732058482e-07
3.93587598441e-09	-7.58880219109e-07
3.93955093864e-09	-1.08245959041e-06
3.94322589288e-09	-9.51228699364e-07
3.94690084711e-09	-4.22031579461e-07
3.95057580135e-09	2.59145494397e-07
3.95425075558e-09	7.7093628903e-07
3.95792570981e-09	8.69443255169e-07
3.96160066405e-09	5.06781738352e-07
3.96527561828e-09	-1.43235835637e-07
3.96895057251e-09	-7.6771011237e-07
3.97262552675e-09	-1.06650159637e-06
3.97630048098e-09	-8.99404810184e-07
3.97997543522e-09	-3.54582951445e-07
3.98365038945e-09	2.96018487944e-07
3.98732534368e-09	7.32489681354e-07
3.99100029792e-09	7.45448254236e-07
