2.8537e-14	-0.000112973
8.5611e-14	-0.000114038
1.42685e-13	-0.000115107
1.99759e-13	-0.00011618
2.56833e-13	-0.000117256
3.13907e-13	-0.000118336
3.70981e-13	-0.000119419
4.28055e-13	-0.000120506
4.85129e-13	-0.000121595
5.42203e-13	-0.000122688
5.99277e-13	-0.000123784
6.56351e-13	-0.000124882
7.13425e-13	-0.000125984
7.70499e-13	-0.000127087
8.27573e-13	-0.000128193
8.84647e-13	-0.000129302
9.41721e-13	-0.000130412
9.98795e-13	-0.000131525
1.05587e-12	-0.000132639
1.11294e-12	-0.000133754
1.17002e-12	-0.000134871
1.22709e-12	-0.00013599
1.28416e-12	-0.000137109
1.34124e-12	-0.00013823
1.39831e-12	-0.000139351
1.45539e-12	-0.000140472
1.51246e-12	-0.000141594
1.56953e-12	-0.000142716
1.62661e-12	-0.000143838
1.68368e-12	-0.00014496
1.74076e-12	-0.000146081
1.79783e-12	-0.000147202
1.8549e-12	-0.000148322
1.91198e-12	-0.00014944
1.96905e-12	-0.000150557
2.02613e-12	-0.000151673
2.0832e-12	-0.000152786
2.14027e-12	-0.000153898
2.19735e-12	-0.000155007
2.25442e-12	-0.000156114
2.3115e-12	-0.000157218
2.36857e-12	-0.000158319
2.42564e-12	-0.000159416
2.48272e-12	-0.00016051
2.53979e-12	-0.0001616
2.59687e-12	-0.000162685
2.65394e-12	-0.000163766
2.71101e-12	-0.000164843
2.76809e-12	-0.000165914
2.82516e-12	-0.000166979
2.88224e-12	-0.00016804
2.93931e-12	-0.000169094
2.99638e-12	-0.000170141
3.05346e-12	-0.000171182
3.11053e-12	-0.000172216
3.16761e-12	-0.000173243
3.22468e-12	-0.000174262
3.28175e-12	-0.000175272
3.33883e-12	-0.000176275
3.3959e-12	-0.000177268
3.45298e-12	-0.000178253
3.51005e-12	-0.000179227
3.56712e-12	-0.000180192
3.6242e-12	-0.000181147
3.68127e-12	-0.00018209
3.73835e-12	-0.000183023
3.79542e-12	-0.000183944
3.85249e-12	-0.000184853
3.90957e-12	-0.00018575
3.96664e-12	-0.000186634
4.02372e-12	-0.000187504
4.08079e-12	-0.000188361
4.13786e-12	-0.000189204
4.19494e-12	-0.000190031
4.25201e-12	-0.000190844
4.30909e-12	-0.000191642
4.36616e-12	-0.000192423
4.42323e-12	-0.000193187
4.48031e-12	-0.000193935
4.53738e-12	-0.000194664
4.59446e-12	-0.000195376
4.65153e-12	-0.000196069
4.7086e-12	-0.000196743
4.76568e-12	-0.000197397
4.82275e-12	-0.000198031
4.87983e-12	-0.000198644
4.9369e-12	-0.000199236
4.99397e-12	-0.000199806
5.05105e-12	-0.000200353
5.10812e-12	-0.000200877
5.1652e-12	-0.000201377
5.22227e-12	-0.000201853
5.27934e-12	-0.000202304
5.33642e-12	-0.000202729
5.39349e-12	-0.000203129
5.45057e-12	-0.000203501
5.50764e-12	-0.000203846
5.56471e-12	-0.000204162
5.62179e-12	-0.00020445
5.67886e-12	-0.000204708
5.73594e-12	-0.000204936
5.79301e-12	-0.000205133
5.85008e-12	-0.000205298
5.90716e-12	-0.000205431
5.96423e-12	-0.000205531
6.0213e-12	-0.000205597
6.07838e-12	-0.000205628
6.13545e-12	-0.000205624
6.19253e-12	-0.000205584
6.2496e-12	-0.000205507
6.30667e-12	-0.000205393
6.36375e-12	-0.000205239
6.42082e-12	-0.000205047
6.4779e-12	-0.000204815
6.53497e-12	-0.000204541
6.59204e-12	-0.000204226
6.64912e-12	-0.000203868
6.70619e-12	-0.000203467
6.76327e-12	-0.000203021
6.82034e-12	-0.00020253
6.87741e-12	-0.000201993
6.93449e-12	-0.000201409
6.99156e-12	-0.000200776
7.04864e-12	-0.000200095
7.10571e-12	-0.000199364
7.16278e-12	-0.000198583
7.21986e-12	-0.000197749
7.27693e-12	-0.000196863
7.33401e-12	-0.000195923
7.39108e-12	-0.000194929
7.44815e-12	-0.000193878
7.50523e-12	-0.000192771
7.5623e-12	-0.000191607
7.61938e-12	-0.000190383
7.67645e-12	-0.000189099
7.73352e-12	-0.000187755
7.7906e-12	-0.000186349
7.84767e-12	-0.000184879
7.90475e-12	-0.000183345
7.96182e-12	-0.000181746
8.01889e-12	-0.000180081
8.07597e-12	-0.000178348
8.13304e-12	-0.000176546
8.19012e-12	-0.000174674
8.24719e-12	-0.000172731
8.30426e-12	-0.000170716
8.36134e-12	-0.000168628
8.41841e-12	-0.000166464
8.47549e-12	-0.000164225
8.53256e-12	-0.000161909
8.58963e-12	-0.000159514
8.64671e-12	-0.00015704
8.70378e-12	-0.000154484
8.76086e-12	-0.000151847
8.81793e-12	-0.000149125
8.875e-12	-0.000146319
8.93208e-12	-0.000143427
8.98915e-12	-0.000140447
9.04623e-12	-0.000137378
9.1033e-12	-0.000134219
9.16037e-12	-0.000130969
9.21745e-12	-0.000127625
9.27452e-12	-0.000124186
9.3316e-12	-0.000120652
9.38867e-12	-0.000117021
9.44574e-12	-0.00011329
9.50282e-12	-0.00010946
9.55989e-12	-0.000105527
9.61697e-12	-0.000101491
9.67404e-12	-9.7351e-05
9.73111e-12	-9.31043e-05
9.78819e-12	-8.87498e-05
9.84526e-12	-8.42859e-05
9.90234e-12	-7.97111e-05
9.95941e-12	-7.50238e-05
1.00165e-11	-7.02224e-05
1.00736e-11	-6.53053e-05
1.01306e-11	-6.02708e-05
1.01877e-11	-5.51175e-05
1.02448e-11	-4.98435e-05
1.03019e-11	-4.44473e-05
1.03589e-11	-3.89272e-05
1.0416e-11	-3.32814e-05
1.04731e-11	-2.75083e-05
1.05301e-11	-2.16062e-05
1.05872e-11	-1.55733e-05
1.06443e-11	-9.40788e-06
1.07014e-11	-3.1082e-06
1.07584e-11	3.32753e-06
1.08155e-11	9.90108e-06
1.08726e-11	1.66143e-05
1.09297e-11	2.34689e-05
1.09867e-11	3.04668e-05
1.10438e-11	3.76099e-05
1.11009e-11	4.48999e-05
1.1158e-11	5.23387e-05
1.1215e-11	5.99283e-05
1.12721e-11	6.76705e-05
1.13292e-11	7.55673e-05
1.13863e-11	8.36205e-05
1.14433e-11	9.18321e-05
1.15004e-11	0.000100204
1.15575e-11	0.000108738
1.16146e-11	0.000117437
1.16716e-11	0.000126302
1.17287e-11	0.000135335
1.17858e-11	0.000144539
1.18429e-11	0.000153915
1.18999e-11	0.000163465
1.1957e-11	0.000173192
1.20141e-11	0.000183098
1.20711e-11	0.000193184
1.21282e-11	0.000203453
1.21853e-11	0.000213907
1.22424e-11	0.000224548
1.22994e-11	0.000235378
1.23565e-11	0.000246399
1.24136e-11	0.000257614
1.24707e-11	0.000269024
1.25277e-11	0.000280632
1.25848e-11	0.000292441
1.26419e-11	0.000304451
1.2699e-11	0.000316667
1.2756e-11	0.000329089
1.28131e-11	0.00034172
1.28702e-11	0.000354562
1.29273e-11	0.000367618
1.29843e-11	0.000380889
1.30414e-11	0.000394379
1.30985e-11	0.00040809
1.31556e-11	0.000422023
1.32126e-11	0.000436182
1.32697e-11	0.000450568
1.33268e-11	0.000465184
1.33838e-11	0.000480032
1.34409e-11	0.000495115
1.3498e-11	0.000510435
1.35551e-11	0.000525994
1.36121e-11	0.000541795
1.36692e-11	0.000557841
1.37263e-11	0.000574133
1.37834e-11	0.000590675
1.38404e-11	0.000607468
1.38975e-11	0.000624516
1.39546e-11	0.00064182
1.40117e-11	0.000659383
1.40687e-11	0.000677208
1.41258e-11	0.000695297
1.41829e-11	0.000713653
1.424e-11	0.000732277
1.4297e-11	0.000751174
1.43541e-11	0.000770345
1.44112e-11	0.000789792
1.44683e-11	0.000809519
1.45253e-11	0.000829528
1.45824e-11	0.000849822
1.46395e-11	0.000870402
1.46966e-11	0.000891273
1.47536e-11	0.000912435
1.48107e-11	0.000933893
1.48678e-11	0.000955648
1.49248e-11	0.000977703
1.49819e-11	0.00100006
1.5039e-11	0.00102272
1.50961e-11	0.0010457
1.51531e-11	0.00106898
1.52102e-11	0.00109257
1.52673e-11	0.00111648
1.53244e-11	0.00114071
1.53814e-11	0.00116527
1.54385e-11	0.00119014
1.54956e-11	0.00121534
1.55527e-11	0.00124087
1.56097e-11	0.00126674
1.56668e-11	0.00129293
1.57239e-11	0.00131947
1.5781e-11	0.00134634
1.5838e-11	0.00137356
1.58951e-11	0.00140112
1.59522e-11	0.00142903
1.60093e-11	0.0014573
1.60663e-11	0.00148591
1.61234e-11	0.00151488
1.61805e-11	0.00154421
1.62375e-11	0.0015739
1.62946e-11	0.00160396
1.63517e-11	0.00163438
1.64088e-11	0.00166517
1.64658e-11	0.00169633
1.65229e-11	0.00172787
1.658e-11	0.00175979
1.66371e-11	0.00179208
1.66941e-11	0.00182476
1.67512e-11	0.00185782
1.68083e-11	0.00189128
1.68654e-11	0.00192512
1.69224e-11	0.00195936
1.69795e-11	0.00199399
1.70366e-11	0.00202902
1.70937e-11	0.00206445
1.71507e-11	0.00210029
1.72078e-11	0.00213653
1.72649e-11	0.00217318
1.7322e-11	0.00221024
1.7379e-11	0.00224772
1.74361e-11	0.00228561
1.74932e-11	0.00232393
1.75502e-11	0.00236266
1.76073e-11	0.00240182
1.76644e-11	0.00244141
1.77215e-11	0.00248143
1.77785e-11	0.00252187
1.78356e-11	0.00256276
1.78927e-11	0.00260408
1.79498e-11	0.00264584
1.80068e-11	0.00268804
1.80639e-11	0.00273068
1.8121e-11	0.00277377
1.81781e-11	0.00281731
1.82351e-11	0.00286131
1.82922e-11	0.00290575
1.83493e-11	0.00295065
1.84064e-11	0.00299601
1.84634e-11	0.00304184
1.85205e-11	0.00308812
1.85776e-11	0.00313487
1.86347e-11	0.00318209
1.86917e-11	0.00322977
1.87488e-11	0.00327793
1.88059e-11	0.00332656
1.8863e-11	0.00337567
1.892e-11	0.00342526
1.89771e-11	0.00347533
1.90342e-11	0.00352588
1.90912e-11	0.00357691
1.91483e-11	0.00362843
1.92054e-11	0.00368044
1.92625e-11	0.00373294
1.93195e-11	0.00378594
1.93766e-11	0.00383942
1.94337e-11	0.00389341
1.94908e-11	0.00394789
1.95478e-11	0.00400287
1.96049e-11	0.00405835
1.9662e-11	0.00411434
1.97191e-11	0.00417083
1.97761e-11	0.00422782
1.98332e-11	0.00428533
1.98903e-11	0.00434334
1.99474e-11	0.00440187
2.00044e-11	0.00446091
2.00615e-11	0.00452047
2.01186e-11	0.00458053
2.01757e-11	0.00464112
2.02327e-11	0.00470223
2.02898e-11	0.00476385
2.03469e-11	0.004826
2.04039e-11	0.00488867
2.0461e-11	0.00495186
2.05181e-11	0.00501558
2.05752e-11	0.00507982
2.06322e-11	0.00514459
2.06893e-11	0.00520989
2.07464e-11	0.00527571
2.08035e-11	0.00534207
2.08605e-11	0.00540896
2.09176e-11	0.00547637
2.09747e-11	0.00554432
2.10318e-11	0.0056128
2.10888e-11	0.00568182
2.11459e-11	0.00575137
2.1203e-11	0.00582145
2.12601e-11	0.00589207
2.13171e-11	0.00596322
2.13742e-11	0.00603491
2.14313e-11	0.00610713
2.14884e-11	0.00617989
2.15454e-11	0.00625319
2.16025e-11	0.00632702
2.16596e-11	0.00640139
2.17166e-11	0.00647629
2.17737e-11	0.00655173
2.18308e-11	0.0066277
2.18879e-11	0.00670422
2.19449e-11	0.00678126
2.2002e-11	0.00685884
2.20591e-11	0.00693696
2.21162e-11	0.00701561
2.21732e-11	0.00709479
2.22303e-11	0.00717451
2.22874e-11	0.00725476
2.23445e-11	0.00733554
2.24015e-11	0.00741685
2.24586e-11	0.00749868
2.25157e-11	0.00758105
2.25728e-11	0.00766394
2.26298e-11	0.00774736
2.26869e-11	0.00783131
2.2744e-11	0.00791577
2.28011e-11	0.00800076
2.28581e-11	0.00808627
2.29152e-11	0.0081723
2.29723e-11	0.00825884
2.30294e-11	0.0083459
2.30864e-11	0.00843347
2.31435e-11	0.00852155
2.32006e-11	0.00861014
2.32576e-11	0.00869924
2.33147e-11	0.00878884
2.33718e-11	0.00887895
2.34289e-11	0.00896955
2.34859e-11	0.00906065
2.3543e-11	0.00915225
2.36001e-11	0.00924433
2.36572e-11	0.00933691
2.37142e-11	0.00942997
2.37713e-11	0.00952351
2.38284e-11	0.00961754
2.38855e-11	0.00971204
2.39425e-11	0.00980701
2.39996e-11	0.00990245
2.40567e-11	0.00999836
2.41138e-11	0.0100947
2.41708e-11	0.0101916
2.42279e-11	0.0102888
2.4285e-11	0.0103866
2.43421e-11	0.0104848
2.43991e-11	0.0105834
2.44562e-11	0.0106824
2.45133e-11	0.0107819
2.45703e-11	0.0108818
2.46274e-11	0.0109822
2.46845e-11	0.011083
2.47416e-11	0.0111841
2.47986e-11	0.0112857
2.48557e-11	0.0113877
2.49128e-11	0.0114901
2.49699e-11	0.0115929
2.50269e-11	0.011696
2.5084e-11	0.0117996
2.51411e-11	0.0119035
2.51982e-11	0.0120078
2.52552e-11	0.0121124
2.53123e-11	0.0122175
2.53694e-11	0.0123228
2.54265e-11	0.0124285
2.54835e-11	0.0125346
2.55406e-11	0.0126409
2.55977e-11	0.0127476
2.56548e-11	0.0128547
2.57118e-11	0.012962
2.57689e-11	0.0130696
2.5826e-11	0.0131775
2.58831e-11	0.0132857
2.59401e-11	0.0133942
2.59972e-11	0.013503
2.60543e-11	0.013612
2.61113e-11	0.0137213
2.61684e-11	0.0138308
2.62255e-11	0.0139406
2.62826e-11	0.0140505
2.63396e-11	0.0141608
2.63967e-11	0.0142712
2.64538e-11	0.0143818
2.65109e-11	0.0144926
2.65679e-11	0.0146036
2.6625e-11	0.0147148
2.66821e-11	0.0148261
2.67392e-11	0.0149376
2.67962e-11	0.0150492
2.68533e-11	0.015161
2.69104e-11	0.0152729
2.69675e-11	0.0153849
2.70245e-11	0.015497
2.70816e-11	0.0156092
2.71387e-11	0.0157215
2.71958e-11	0.0158338
2.72528e-11	0.0159462
2.73099e-11	0.0160586
2.7367e-11	0.0161711
2.7424e-11	0.0162836
2.74811e-11	0.0163961
2.75382e-11	0.0165086
2.75953e-11	0.0166211
2.76523e-11	0.0167336
2.77094e-11	0.016846
2.77665e-11	0.0169584
2.78236e-11	0.0170707
2.78806e-11	0.0171829
2.79377e-11	0.017295
2.79948e-11	0.017407
2.80519e-11	0.0175189
2.81089e-11	0.0176307
2.8166e-11	0.0177423
2.82231e-11	0.0178538
2.82802e-11	0.017965
2.83372e-11	0.0180761
2.83943e-11	0.018187
2.84514e-11	0.0182976
2.85085e-11	0.018408
2.85655e-11	0.0185182
2.86226e-11	0.018628
2.86797e-11	0.0187376
2.87367e-11	0.0188469
2.87938e-11	0.0189559
2.88509e-11	0.0190645
2.8908e-11	0.0191728
2.8965e-11	0.0192807
2.90221e-11	0.0193883
2.90792e-11	0.0194954
2.91363e-11	0.0196021
2.91933e-11	0.0197083
2.92504e-11	0.0198141
2.93075e-11	0.0199195
2.93646e-11	0.0200243
2.94216e-11	0.0201286
2.94787e-11	0.0202324
2.95358e-11	0.0203357
2.95929e-11	0.0204384
2.96499e-11	0.0205404
2.9707e-11	0.0206419
2.97641e-11	0.0207428
2.98212e-11	0.020843
2.98782e-11	0.0209425
2.99353e-11	0.0210414
2.99924e-11	0.0211396
3.00495e-11	0.021237
3.01065e-11	0.0213337
3.01636e-11	0.0214296
3.02207e-11	0.0215247
3.02777e-11	0.021619
3.03348e-11	0.0217124
3.03919e-11	0.021805
3.0449e-11	0.0218968
3.0506e-11	0.0219876
3.05631e-11	0.0220775
3.06202e-11	0.0221665
3.06773e-11	0.0222545
3.07343e-11	0.0223415
3.07914e-11	0.0224274
3.08485e-11	0.0225124
3.09056e-11	0.0225963
3.09626e-11	0.0226791
3.10197e-11	0.0227608
3.10768e-11	0.0228413
3.11339e-11	0.0229207
3.11909e-11	0.0229989
3.1248e-11	0.0230759
3.13051e-11	0.0231517
3.13622e-11	0.0232262
3.14192e-11	0.0232994
3.14763e-11	0.0233713
3.15334e-11	0.0234419
3.15904e-11	0.0235111
3.16475e-11	0.0235789
3.17046e-11	0.0236453
3.17617e-11	0.0237103
3.18187e-11	0.0237738
3.18758e-11	0.0238358
3.19329e-11	0.0238963
3.199e-11	0.0239552
3.2047e-11	0.0240125
3.21041e-11	0.0240683
3.21612e-11	0.0241224
3.22183e-11	0.0241748
3.22753e-11	0.0242256
3.23324e-11	0.0242746
3.23895e-11	0.0243219
3.24466e-11	0.0243673
3.25036e-11	0.024411
3.25607e-11	0.0244529
3.26178e-11	0.0244929
3.26749e-11	0.024531
3.27319e-11	0.0245671
3.2789e-11	0.0246013
3.28461e-11	0.0246335
3.29031e-11	0.0246637
3.29602e-11	0.0246919
3.30173e-11	0.024718
3.30744e-11	0.0247419
3.31314e-11	0.0247637
3.31885e-11	0.0247834
3.32456e-11	0.0248008
3.33027e-11	0.024816
3.33597e-11	0.024829
3.34168e-11	0.0248396
3.34739e-11	0.0248479
3.3531e-11	0.0248538
3.3588e-11	0.0248574
3.36451e-11	0.0248585
3.37022e-11	0.0248571
3.37593e-11	0.0248532
3.38163e-11	0.0248469
3.38734e-11	0.0248379
3.39305e-11	0.0248263
3.39876e-11	0.0248122
3.40446e-11	0.0247953
3.41017e-11	0.0247758
3.41588e-11	0.0247535
3.42159e-11	0.0247284
3.42729e-11	0.0247006
3.433e-11	0.0246699
3.43871e-11	0.0246363
3.44441e-11	0.0245998
3.45012e-11	0.0245604
3.45583e-11	0.024518
3.46154e-11	0.0244726
3.46724e-11	0.0244242
3.47295e-11	0.0243726
3.47866e-11	0.024318
3.48437e-11	0.0242601
3.49007e-11	0.0241991
3.49578e-11	0.0241349
3.50149e-11	0.0240674
3.5072e-11	0.0239966
3.5129e-11	0.0239225
3.51861e-11	0.0238449
3.52432e-11	0.023764
3.53003e-11	0.0236797
3.53573e-11	0.0235918
3.54144e-11	0.0235004
3.54715e-11	0.0234055
3.55286e-11	0.023307
3.55856e-11	0.0232048
3.56427e-11	0.023099
3.56998e-11	0.0229894
3.57568e-11	0.0228761
3.58139e-11	0.0227591
3.5871e-11	0.0226382
3.59281e-11	0.0225134
3.59851e-11	0.0223848
3.60422e-11	0.0222522
3.60993e-11	0.0221157
3.61564e-11	0.0219751
3.62134e-11	0.0218305
3.62705e-11	0.0216818
3.63276e-11	0.021529
3.63847e-11	0.021372
3.64417e-11	0.0212109
3.64988e-11	0.0210455
3.65559e-11	0.0208758
3.6613e-11	0.0207018
3.667e-11	0.0205234
3.67271e-11	0.0203406
3.67842e-11	0.0201535
3.68413e-11	0.0199618
3.68983e-11	0.0197656
3.69554e-11	0.0195649
3.70125e-11	0.0193596
3.70696e-11	0.0191497
3.71266e-11	0.0189352
3.71837e-11	0.0187159
3.72408e-11	0.0184919
3.72978e-11	0.0182631
3.73549e-11	0.0180295
3.7412e-11	0.017791
3.74691e-11	0.0175477
3.75261e-11	0.0172994
3.75832e-11	0.0170461
3.76403e-11	0.0167879
3.76974e-11	0.0165246
3.77544e-11	0.0162562
3.78115e-11	0.0159827
3.78686e-11	0.0157041
3.79257e-11	0.0154202
3.79827e-11	0.0151311
3.80398e-11	0.0148367
3.80969e-11	0.0145371
3.8154e-11	0.014232
3.8211e-11	0.0139216
3.82681e-11	0.0136058
3.83252e-11	0.0132845
3.83823e-11	0.0129577
3.84393e-11	0.0126254
3.84964e-11	0.0122875
3.85535e-11	0.011944
3.86105e-11	0.0115948
3.86676e-11	0.01124
3.87247e-11	0.0108794
3.87818e-11	0.0105131
3.88388e-11	0.010141
3.88959e-11	0.00976306
3.8953e-11	0.00937926
3.90101e-11	0.00898956
3.90671e-11	0.00859393
3.91242e-11	0.00819233
3.91813e-11	0.00778471
3.92384e-11	0.00737106
3.92954e-11	0.00695133
3.93525e-11	0.00652549
3.94096e-11	0.0060935
3.94667e-11	0.00565534
3.95237e-11	0.00521095
3.95808e-11	0.00476032
3.96379e-11	0.00430341
3.9695e-11	0.00384018
3.9752e-11	0.0033706
3.98091e-11	0.00289464
3.98662e-11	0.00241226
3.99232e-11	0.00192344
3.99803e-11	0.00142813
4.00374e-11	0.000926317
4.00945e-11	0.000417957
4.01515e-11	-9.69798e-05
4.02086e-11	-0.000618523
4.02657e-11	-0.0011467
4.03228e-11	-0.00168155
4.03798e-11	-0.0022231
4.04369e-11	-0.00277138
4.0494e-11	-0.00332642
4.05511e-11	-0.00388824
4.06081e-11	-0.00445689
4.06652e-11	-0.00503237
4.07223e-11	-0.00561474
4.07794e-11	-0.00620401
4.08364e-11	-0.0068002
4.08935e-11	-0.00740336
4.09506e-11	-0.0080135
4.10077e-11	-0.00863066
4.10647e-11	-0.00925485
4.11218e-11	-0.00988611
4.11789e-11	-0.0105245
4.1236e-11	-0.0111699
4.1293e-11	-0.0118225
4.13501e-11	-0.0124823
4.14072e-11	-0.0131493
4.14642e-11	-0.0138234
4.15213e-11	-0.0145049
4.15784e-11	-0.0151935
4.16355e-11	-0.0158895
4.16925e-11	-0.0165927
4.17496e-11	-0.0173033
4.18067e-11	-0.0180212
4.18638e-11	-0.0187465
4.19208e-11	-0.0194792
4.19779e-11	-0.0202193
4.2035e-11	-0.0209668
4.20921e-11	-0.0217218
4.21491e-11	-0.0224842
4.22062e-11	-0.0232541
4.22633e-11	-0.0240315
4.23204e-11	-0.0248164
4.23774e-11	-0.0256089
4.24345e-11	-0.0264089
4.24916e-11	-0.0272164
4.25487e-11	-0.0280316
4.26057e-11	-0.0288543
4.26628e-11	-0.0296846
4.27199e-11	-0.0305225
4.27769e-11	-0.0313681
4.2834e-11	-0.0322213
4.28911e-11	-0.0330822
4.29482e-11	-0.0339508
4.30052e-11	-0.034827
4.30623e-11	-0.0357109
4.31194e-11	-0.0366024
4.31765e-11	-0.0375017
4.32335e-11	-0.0384087
4.32906e-11	-0.0393234
4.33477e-11	-0.0402459
4.34048e-11	-0.041176
4.34618e-11	-0.0421139
4.35189e-11	-0.0430596
4.3576e-11	-0.044013
4.36331e-11	-0.0449741
4.36901e-11	-0.045943
4.37472e-11	-0.0469196
4.38043e-11	-0.047904
4.38614e-11	-0.0488961
4.39184e-11	-0.049896
4.39755e-11	-0.0509036
4.40326e-11	-0.051919
4.40897e-11	-0.0529421
4.41467e-11	-0.053973
4.42038e-11	-0.0550116
4.42609e-11	-0.056058
4.43179e-11	-0.0571121
4.4375e-11	-0.0581739
4.44321e-11	-0.0592435
4.44892e-11	-0.0603207
4.45462e-11	-0.0614057
4.46033e-11	-0.0624983
4.46604e-11	-0.0635987
4.47175e-11	-0.0647067
4.47745e-11	-0.0658224
4.48316e-11	-0.0669457
4.48887e-11	-0.0680767
4.49458e-11	-0.0692153
4.50028e-11	-0.0703615
4.50599e-11	-0.0715153
4.5117e-11	-0.0726767
4.51741e-11	-0.0738457
4.52311e-11	-0.0750222
4.52882e-11	-0.0762063
4.53453e-11	-0.0773978
4.54024e-11	-0.0785969
4.54594e-11	-0.0798034
4.55165e-11	-0.0810174
4.55736e-11	-0.0822388
4.56306e-11	-0.0834676
4.56877e-11	-0.0847038
4.57448e-11	-0.0859473
4.58019e-11	-0.0871982
4.58589e-11	-0.0884564
4.5916e-11	-0.0897218
4.59731e-11	-0.0909945
4.60302e-11	-0.0922744
4.60872e-11	-0.0935615
4.61443e-11	-0.0948557
4.62014e-11	-0.0961571
4.62585e-11	-0.0974655
4.63155e-11	-0.098781
4.63726e-11	-0.100104
4.64297e-11	-0.101433
4.64868e-11	-0.102769
4.65438e-11	-0.104113
4.66009e-11	-0.105463
4.6658e-11	-0.10682
4.67151e-11	-0.108184
4.67721e-11	-0.109555
4.68292e-11	-0.110932
4.68863e-11	-0.112316
4.69433e-11	-0.113706
4.70004e-11	-0.115104
4.70575e-11	-0.116507
4.71146e-11	-0.117917
4.71716e-11	-0.119334
4.72287e-11	-0.120757
4.72858e-11	-0.122186
4.73429e-11	-0.123622
4.73999e-11	-0.125064
4.7457e-11	-0.126512
4.75141e-11	-0.127966
4.75712e-11	-0.129426
4.76282e-11	-0.130892
4.76853e-11	-0.132364
4.77424e-11	-0.133842
4.77995e-11	-0.135326
4.78565e-11	-0.136816
4.79136e-11	-0.138311
4.79707e-11	-0.139812
4.80278e-11	-0.141319
4.80848e-11	-0.142831
4.81419e-11	-0.144348
4.8199e-11	-0.145871
4.82561e-11	-0.1474
4.83131e-11	-0.148933
4.83702e-11	-0.150472
4.84273e-11	-0.152016
4.84843e-11	-0.153565
4.85414e-11	-0.155118
4.85985e-11	-0.156677
4.86556e-11	-0.158241
4.87126e-11	-0.159809
4.87697e-11	-0.161382
4.88268e-11	-0.16296
4.88839e-11	-0.164542
4.89409e-11	-0.166128
4.8998e-11	-0.167719
4.90551e-11	-0.169314
4.91122e-11	-0.170914
4.91692e-11	-0.172517
4.92263e-11	-0.174125
4.92834e-11	-0.175736
4.93405e-11	-0.177351
4.93975e-11	-0.17897
4.94546e-11	-0.180593
4.95117e-11	-0.182219
4.95688e-11	-0.183849
4.96258e-11	-0.185482
4.96829e-11	-0.187119
4.974e-11	-0.188758
4.9797e-11	-0.190401
4.98541e-11	-0.192047
4.99112e-11	-0.193695
4.99683e-11	-0.195347
5.00253e-11	-0.197001
5.00824e-11	-0.198658
5.01395e-11	-0.200317
5.01966e-11	-0.201979
5.02536e-11	-0.203643
5.03107e-11	-0.20531
5.03678e-11	-0.206978
5.04249e-11	-0.208648
5.04819e-11	-0.210321
5.0539e-11	-0.211995
5.05961e-11	-0.21367
5.06532e-11	-0.215348
5.07102e-11	-0.217026
5.07673e-11	-0.218707
5.08244e-11	-0.220388
5.08815e-11	-0.22207
5.09385e-11	-0.223754
5.09956e-11	-0.225438
5.10527e-11	-0.227123
5.11097e-11	-0.228808
5.11668e-11	-0.230495
5.12239e-11	-0.232181
5.1281e-11	-0.233868
5.1338e-11	-0.235555
5.13951e-11	-0.237242
5.14522e-11	-0.238929
5.15093e-11	-0.240616
5.15663e-11	-0.242302
5.16234e-11	-0.243988
5.16805e-11	-0.245673
5.17376e-11	-0.247358
5.17946e-11	-0.249041
5.18517e-11	-0.250724
5.19088e-11	-0.252405
5.19659e-11	-0.254086
5.20229e-11	-0.255765
5.208e-11	-0.257442
5.21371e-11	-0.259118
5.21942e-11	-0.260792
5.22512e-11	-0.262464
5.23083e-11	-0.264133
5.23654e-11	-0.265801
5.24225e-11	-0.267466
5.24795e-11	-0.269129
5.25366e-11	-0.270789
5.25937e-11	-0.272447
5.26507e-11	-0.274101
5.27078e-11	-0.275753
5.27649e-11	-0.277401
5.2822e-11	-0.279046
5.2879e-11	-0.280687
5.29361e-11	-0.282325
5.29932e-11	-0.283959
5.30503e-11	-0.285589
5.31073e-11	-0.287215
5.31644e-11	-0.288836
5.32215e-11	-0.290454
5.32786e-11	-0.292066
5.33356e-11	-0.293674
5.33927e-11	-0.295278
5.34498e-11	-0.296876
5.35069e-11	-0.298469
5.35639e-11	-0.300056
5.3621e-11	-0.301639
5.36781e-11	-0.303215
5.37352e-11	-0.304786
5.37922e-11	-0.306351
5.38493e-11	-0.30791
5.39064e-11	-0.309462
5.39634e-11	-0.311008
5.40205e-11	-0.312548
5.40776e-11	-0.31408
5.41347e-11	-0.315606
5.41917e-11	-0.317125
5.42488e-11	-0.318637
5.43059e-11	-0.320141
5.4363e-11	-0.321638
5.442e-11	-0.323127
5.44771e-11	-0.324608
5.45342e-11	-0.326081
5.45913e-11	-0.327545
5.46483e-11	-0.329002
5.47054e-11	-0.33045
5.47625e-11	-0.331889
5.48196e-11	-0.333319
5.48766e-11	-0.334741
5.49337e-11	-0.336153
5.49908e-11	-0.337555
5.50479e-11	-0.338948
5.51049e-11	-0.340332
5.5162e-11	-0.341705
5.52191e-11	-0.343069
5.52762e-11	-0.344422
5.53332e-11	-0.345765
5.53903e-11	-0.347097
5.54474e-11	-0.348419
5.55044e-11	-0.34973
5.55615e-11	-0.351029
5.56186e-11	-0.352317
5.56757e-11	-0.353594
5.57327e-11	-0.35486
5.57898e-11	-0.356113
5.58469e-11	-0.357355
5.5904e-11	-0.358584
5.5961e-11	-0.359801
5.60181e-11	-0.361006
5.60752e-11	-0.362198
5.61323e-11	-0.363378
5.61893e-11	-0.364544
5.62464e-11	-0.365697
5.63035e-11	-0.366837
5.63606e-11	-0.367963
5.64176e-11	-0.369076
5.64747e-11	-0.370175
5.65318e-11	-0.37126
5.65889e-11	-0.37233
5.66459e-11	-0.373386
5.6703e-11	-0.374428
5.67601e-11	-0.375455
5.68171e-11	-0.376467
5.68742e-11	-0.377464
5.69313e-11	-0.378446
5.69884e-11	-0.379413
5.70454e-11	-0.380363
5.71025e-11	-0.381299
5.71596e-11	-0.382218
5.72167e-11	-0.383121
5.72737e-11	-0.384008
5.73308e-11	-0.384878
5.73879e-11	-0.385732
5.7445e-11	-0.386569
5.7502e-11	-0.387389
5.75591e-11	-0.388192
5.76162e-11	-0.388977
5.76733e-11	-0.389746
5.77303e-11	-0.390496
5.77874e-11	-0.391229
5.78445e-11	-0.391944
5.79016e-11	-0.39264
5.79586e-11	-0.393319
5.80157e-11	-0.393979
5.80728e-11	-0.39462
5.81298e-11	-0.395242
5.81869e-11	-0.395846
5.8244e-11	-0.39643
5.83011e-11	-0.396995
5.83581e-11	-0.397541
5.84152e-11	-0.398067
5.84723e-11	-0.398573
5.85294e-11	-0.399059
5.85864e-11	-0.399525
5.86435e-11	-0.399971
5.87006e-11	-0.400396
5.87577e-11	-0.400801
5.88147e-11	-0.401185
5.88718e-11	-0.401548
5.89289e-11	-0.40189
5.8986e-11	-0.402211
5.9043e-11	-0.402511
5.91001e-11	-0.402788
5.91572e-11	-0.403045
5.92143e-11	-0.403279
5.92713e-11	-0.403491
5.93284e-11	-0.403682
5.93855e-11	-0.40385
5.94426e-11	-0.403995
5.94996e-11	-0.404118
5.95567e-11	-0.404218
5.96138e-11	-0.404296
5.96708e-11	-0.40435
5.97279e-11	-0.404381
5.9785e-11	-0.404389
5.98421e-11	-0.404373
5.98991e-11	-0.404333
5.99562e-11	-0.40427
6.00133e-11	-0.404183
6.00704e-11	-0.404072
6.01274e-11	-0.403937
6.01845e-11	-0.403778
6.02416e-11	-0.403594
6.02987e-11	-0.403385
6.03557e-11	-0.403152
6.04128e-11	-0.402894
6.04699e-11	-0.402611
6.0527e-11	-0.402303
6.0584e-11	-0.40197
6.06411e-11	-0.401611
6.06982e-11	-0.401227
6.07553e-11	-0.400817
6.08123e-11	-0.400382
6.08694e-11	-0.39992
6.09265e-11	-0.399433
6.09835e-11	-0.39892
6.10406e-11	-0.39838
6.10977e-11	-0.397814
6.11548e-11	-0.397222
6.12118e-11	-0.396603
6.12689e-11	-0.395958
6.1326e-11	-0.395286
6.13831e-11	-0.394587
6.14401e-11	-0.393861
6.14972e-11	-0.393108
6.15543e-11	-0.392327
6.16114e-11	-0.39152
6.16684e-11	-0.390685
6.17255e-11	-0.389823
6.17826e-11	-0.388933
6.18397e-11	-0.388015
6.18967e-11	-0.38707
6.19538e-11	-0.386097
6.20109e-11	-0.385096
6.2068e-11	-0.384067
6.2125e-11	-0.383009
6.21821e-11	-0.381924
6.22392e-11	-0.38081
6.22963e-11	-0.379668
6.23533e-11	-0.378498
6.24104e-11	-0.377299
6.24675e-11	-0.376071
6.25245e-11	-0.374815
6.25816e-11	-0.37353
6.26387e-11	-0.372217
6.26958e-11	-0.370874
6.27528e-11	-0.369503
6.28099e-11	-0.368102
6.2867e-11	-0.366673
6.29241e-11	-0.365214
6.29811e-11	-0.363726
6.30382e-11	-0.362209
6.30953e-11	-0.360663
6.31524e-11	-0.359087
6.32094e-11	-0.357482
6.32665e-11	-0.355848
6.33236e-11	-0.354184
6.33807e-11	-0.35249
6.34377e-11	-0.350767
6.34948e-11	-0.349015
6.35519e-11	-0.347233
6.3609e-11	-0.345421
6.3666e-11	-0.343579
6.37231e-11	-0.341708
6.37802e-11	-0.339807
6.38372e-11	-0.337876
6.38943e-11	-0.335916
6.39514e-11	-0.333925
6.40085e-11	-0.331905
6.40655e-11	-0.329855
6.41226e-11	-0.327775
6.41797e-11	-0.325665
6.42368e-11	-0.323526
6.42938e-11	-0.321356
6.43509e-11	-0.319157
6.4408e-11	-0.316927
6.44651e-11	-0.314668
6.45221e-11	-0.312379
6.45792e-11	-0.31006
6.46363e-11	-0.307711
6.46934e-11	-0.305332
6.47504e-11	-0.302923
6.48075e-11	-0.300484
6.48646e-11	-0.298016
6.49217e-11	-0.295518
6.49787e-11	-0.29299
6.50358e-11	-0.290432
6.50929e-11	-0.287844
6.51499e-11	-0.285227
6.5207e-11	-0.28258
6.52641e-11	-0.279903
6.53212e-11	-0.277197
6.53782e-11	-0.274461
6.54353e-11	-0.271695
6.54924e-11	-0.268901
6.55495e-11	-0.266076
6.56065e-11	-0.263222
6.56636e-11	-0.260339
6.57207e-11	-0.257427
6.57778e-11	-0.254485
6.58348e-11	-0.251514
6.58919e-11	-0.248514
6.5949e-11	-0.245485
6.60061e-11	-0.242427
6.60631e-11	-0.23934
6.61202e-11	-0.236224
6.61773e-11	-0.233079
6.62344e-11	-0.229906
6.62914e-11	-0.226704
6.63485e-11	-0.223473
6.64056e-11	-0.220214
6.64627e-11	-0.216927
6.65197e-11	-0.213611
6.65768e-11	-0.210267
6.66339e-11	-0.206895
6.66909e-11	-0.203495
6.6748e-11	-0.200067
6.68051e-11	-0.196611
6.68622e-11	-0.193127
6.69192e-11	-0.189616
6.69763e-11	-0.186078
6.70334e-11	-0.182512
6.70905e-11	-0.178918
6.71475e-11	-0.175298
6.72046e-11	-0.17165
6.72617e-11	-0.167976
6.73188e-11	-0.164275
6.73758e-11	-0.160547
6.74329e-11	-0.156793
6.749e-11	-0.153012
6.75471e-11	-0.149205
6.76041e-11	-0.145372
6.76612e-11	-0.141513
6.77183e-11	-0.137628
6.77754e-11	-0.133717
6.78324e-11	-0.129781
6.78895e-11	-0.125819
6.79466e-11	-0.121832
6.80036e-11	-0.117821
6.80607e-11	-0.113784
6.81178e-11	-0.109722
6.81749e-11	-0.105636
6.82319e-11	-0.101525
6.8289e-11	-0.0973899
6.83461e-11	-0.0932308
6.84032e-11	-0.0890478
6.84602e-11	-0.084841
6.85173e-11	-0.0806106
6.85744e-11	-0.0763567
6.86315e-11	-0.0720797
6.86885e-11	-0.0677796
6.87456e-11	-0.0634567
6.88027e-11	-0.0591111
6.88598e-11	-0.0547431
6.89168e-11	-0.0503528
6.89739e-11	-0.0459404
6.9031e-11	-0.0415061
6.90881e-11	-0.0370501
6.91451e-11	-0.0325727
6.92022e-11	-0.028074
6.92593e-11	-0.0235542
6.93163e-11	-0.0190136
6.93734e-11	-0.0144524
6.94305e-11	-0.00987076
6.94876e-11	-0.00526891
6.95446e-11	-0.000647086
6.96017e-11	0.00399449
6.96588e-11	0.00865561
6.97159e-11	0.013336
6.97729e-11	0.0180355
6.983e-11	0.0227538
6.98871e-11	0.0274908
6.99442e-11	0.0322461
7.00012e-11	0.0370195
7.00583e-11	0.0418109
7.01154e-11	0.0466199
7.01725e-11	0.0514463
7.02295e-11	0.0562898
7.02866e-11	0.0611503
7.03437e-11	0.0660274
7.04008e-11	0.070921
7.04578e-11	0.0758307
7.05149e-11	0.0807562
7.0572e-11	0.0856975
7.06291e-11	0.0906541
7.06861e-11	0.0956258
7.07432e-11	0.100612
7.08003e-11	0.105613
7.08573e-11	0.110629
7.09144e-11	0.115658
7.09715e-11	0.120702
7.10286e-11	0.125758
7.10856e-11	0.130828
7.11427e-11	0.135911
7.11998e-11	0.141007
7.12569e-11	0.146115
7.13139e-11	0.151235
7.1371e-11	0.156366
7.14281e-11	0.16151
7.14852e-11	0.166664
7.15422e-11	0.17183
7.15993e-11	0.177006
7.16564e-11	0.182192
7.17135e-11	0.187389
7.17705e-11	0.192595
7.18276e-11	0.197811
7.18847e-11	0.203036
7.19418e-11	0.208269
7.19988e-11	0.213512
7.20559e-11	0.218762
7.2113e-11	0.224021
7.217e-11	0.229287
7.22271e-11	0.23456
7.22842e-11	0.239841
7.23413e-11	0.245128
7.23983e-11	0.250421
7.24554e-11	0.255721
7.25125e-11	0.261026
7.25696e-11	0.266337
7.26266e-11	0.271653
7.26837e-11	0.276973
7.27408e-11	0.282299
7.27979e-11	0.287628
7.28549e-11	0.292961
7.2912e-11	0.298298
7.29691e-11	0.303637
7.30262e-11	0.30898
7.30832e-11	0.314325
7.31403e-11	0.319672
7.31974e-11	0.325022
7.32545e-11	0.330372
7.33115e-11	0.335724
7.33686e-11	0.341077
7.34257e-11	0.34643
7.34828e-11	0.351784
7.35398e-11	0.357137
7.35969e-11	0.36249
7.3654e-11	0.367842
7.3711e-11	0.373193
7.37681e-11	0.378543
7.38252e-11	0.38389
7.38823e-11	0.389236
7.39393e-11	0.394579
7.39964e-11	0.399919
7.40535e-11	0.405256
7.41106e-11	0.410589
7.41676e-11	0.415919
7.42247e-11	0.421244
7.42818e-11	0.426565
7.43389e-11	0.431881
7.43959e-11	0.437191
7.4453e-11	0.442496
7.45101e-11	0.447795
7.45672e-11	0.453088
7.46242e-11	0.458374
7.46813e-11	0.463653
7.47384e-11	0.468925
7.47955e-11	0.474189
7.48525e-11	0.479445
7.49096e-11	0.484693
7.49667e-11	0.489932
7.50237e-11	0.495162
7.50808e-11	0.500382
7.51379e-11	0.505593
7.5195e-11	0.510793
7.5252e-11	0.515984
7.53091e-11	0.521163
7.53662e-11	0.526331
7.54233e-11	0.531488
7.54803e-11	0.536633
7.55374e-11	0.541766
7.55945e-11	0.546886
7.56516e-11	0.551993
7.57086e-11	0.557087
7.57657e-11	0.562168
7.58228e-11	0.567234
7.58799e-11	0.572287
7.59369e-11	0.577324
7.5994e-11	0.582347
7.60511e-11	0.587355
7.61082e-11	0.592347
7.61652e-11	0.597323
7.62223e-11	0.602282
7.62794e-11	0.607225
7.63364e-11	0.612151
7.63935e-11	0.61706
7.64506e-11	0.62195
7.65077e-11	0.626823
7.65647e-11	0.631678
7.66218e-11	0.636514
7.66789e-11	0.641331
7.6736e-11	0.646128
7.6793e-11	0.650906
7.68501e-11	0.655664
7.69072e-11	0.660401
7.69643e-11	0.665118
7.70213e-11	0.669814
7.70784e-11	0.674488
7.71355e-11	0.679141
7.71926e-11	0.683771
7.72496e-11	0.68838
7.73067e-11	0.692965
7.73638e-11	0.697528
7.74209e-11	0.702067
7.74779e-11	0.706583
7.7535e-11	0.711075
7.75921e-11	0.715543
7.76492e-11	0.719986
7.77062e-11	0.724404
7.77633e-11	0.728797
7.78204e-11	0.733164
7.78774e-11	0.737506
7.79345e-11	0.741821
7.79916e-11	0.74611
7.80487e-11	0.750373
7.81057e-11	0.754608
7.81628e-11	0.758816
7.82199e-11	0.762996
7.8277e-11	0.767148
7.8334e-11	0.771272
7.83911e-11	0.775368
7.84482e-11	0.779434
7.85053e-11	0.783472
7.85623e-11	0.78748
7.86194e-11	0.791458
7.86765e-11	0.795406
7.87336e-11	0.799324
7.87906e-11	0.803212
7.88477e-11	0.807068
7.89048e-11	0.810894
7.89619e-11	0.814688
7.90189e-11	0.81845
7.9076e-11	0.82218
7.91331e-11	0.825879
7.91901e-11	0.829544
7.92472e-11	0.833177
7.93043e-11	0.836777
7.93614e-11	0.840343
7.94184e-11	0.843876
7.94755e-11	0.847375
7.95326e-11	0.85084
7.95897e-11	0.854271
7.96467e-11	0.857667
7.97038e-11	0.861028
7.97609e-11	0.864354
7.9818e-11	0.867645
7.9875e-11	0.870901
7.99321e-11	0.87412
7.99892e-11	0.877304
8.00463e-11	0.880451
8.01033e-11	0.883561
8.01604e-11	0.886635
8.02175e-11	0.889672
8.02746e-11	0.892672
8.03316e-11	0.895635
8.03887e-11	0.898559
8.04458e-11	0.901446
8.05028e-11	0.904295
8.05599e-11	0.907106
8.0617e-11	0.909878
8.06741e-11	0.912611
8.07311e-11	0.915306
8.07882e-11	0.917961
8.08453e-11	0.920578
8.09024e-11	0.923154
8.09594e-11	0.925691
8.10165e-11	0.928189
8.10736e-11	0.930646
8.11307e-11	0.933063
8.11877e-11	0.935439
8.12448e-11	0.937775
8.13019e-11	0.94007
8.1359e-11	0.942324
8.1416e-11	0.944538
8.14731e-11	0.94671
8.15302e-11	0.94884
8.15873e-11	0.950929
8.16443e-11	0.952976
8.17014e-11	0.954981
8.17585e-11	0.956945
8.18156e-11	0.958866
8.18726e-11	0.960744
8.19297e-11	0.962581
8.19868e-11	0.964374
8.20438e-11	0.966125
8.21009e-11	0.967833
8.2158e-11	0.969498
8.22151e-11	0.97112
8.22721e-11	0.972699
8.23292e-11	0.974234
8.23863e-11	0.975726
8.24434e-11	0.977174
8.25004e-11	0.978578
8.25575e-11	0.979939
8.26146e-11	0.981256
8.26717e-11	0.982528
8.27287e-11	0.983757
8.27858e-11	0.984941
8.28429e-11	0.986082
8.29e-11	0.987177
8.2957e-11	0.988229
8.30141e-11	0.989235
8.30712e-11	0.990198
8.31283e-11	0.991115
8.31853e-11	0.991988
8.32424e-11	0.992816
8.32995e-11	0.993599
8.33565e-11	0.994337
8.34136e-11	0.99503
8.34707e-11	0.995678
8.35278e-11	0.996281
8.35848e-11	0.996839
8.36419e-11	0.997351
8.3699e-11	0.997819
8.37561e-11	0.998241
8.38131e-11	0.998618
8.38702e-11	0.998949
8.39273e-11	0.999235
8.39844e-11	0.999476
8.40414e-11	0.999672
8.40985e-11	0.999822
8.41556e-11	0.999926
8.42127e-11	0.999985
8.42697e-11	0.999999
8.43268e-11	0.999967
8.43839e-11	0.99989
8.4441e-11	0.999768
8.4498e-11	0.9996
8.45551e-11	0.999387
8.46122e-11	0.999128
8.46693e-11	0.998824
8.47263e-11	0.998475
8.47834e-11	0.99808
8.48405e-11	0.99764
8.48975e-11	0.997155
8.49546e-11	0.996624
8.50117e-11	0.996049
8.50688e-11	0.995428
8.51258e-11	0.994762
8.51829e-11	0.994052
8.524e-11	0.993296
8.52971e-11	0.992495
8.53541e-11	0.99165
8.54112e-11	0.990759
8.54683e-11	0.989824
8.55254e-11	0.988844
8.55824e-11	0.98782
8.56395e-11	0.986751
8.56966e-11	0.985638
8.57537e-11	0.984481
8.58107e-11	0.983279
8.58678e-11	0.982033
8.59249e-11	0.980743
8.5982e-11	0.979409
8.6039e-11	0.978031
8.60961e-11	0.976609
8.61532e-11	0.975144
8.62102e-11	0.973635
8.62673e-11	0.972082
8.63244e-11	0.970487
8.63815e-11	0.968848
8.64385e-11	0.967166
8.64956e-11	0.965441
8.65527e-11	0.963673
8.66098e-11	0.961863
8.66668e-11	0.96001
8.67239e-11	0.958114
8.6781e-11	0.956177
8.68381e-11	0.954197
8.68951e-11	0.952175
8.69522e-11	0.950112
8.70093e-11	0.948006
8.70664e-11	0.94586
8.71234e-11	0.943671
8.71805e-11	0.941442
8.72376e-11	0.939172
8.72947e-11	0.93686
8.73517e-11	0.934508
8.74088e-11	0.932116
8.74659e-11	0.929683
8.75229e-11	0.92721
8.758e-11	0.924697
8.76371e-11	0.922145
8.76942e-11	0.919552
8.77512e-11	0.916921
8.78083e-11	0.91425
8.78654e-11	0.91154
8.79225e-11	0.908791
8.79795e-11	0.906004
8.80366e-11	0.903178
8.80937e-11	0.900314
8.81508e-11	0.897413
8.82078e-11	0.894473
8.82649e-11	0.891496
8.8322e-11	0.888481
8.83791e-11	0.88543
8.84361e-11	0.882341
8.84932e-11	0.879216
8.85503e-11	0.876055
8.86074e-11	0.872857
8.86644e-11	0.869623
8.87215e-11	0.866354
8.87786e-11	0.863049
8.88357e-11	0.859709
8.88927e-11	0.856334
8.89498e-11	0.852924
8.90069e-11	0.84948
8.90639e-11	0.846002
8.9121e-11	0.842489
8.91781e-11	0.838943
8.92352e-11	0.835364
8.92922e-11	0.831751
8.93493e-11	0.828105
8.94064e-11	0.824427
8.94635e-11	0.820716
8.95205e-11	0.816973
8.95776e-11	0.813198
8.96347e-11	0.809392
8.96918e-11	0.805554
8.97488e-11	0.801685
8.98059e-11	0.797786
8.9863e-11	0.793856
8.99201e-11	0.789896
8.99771e-11	0.785906
9.00342e-11	0.781886
9.00913e-11	0.777837
9.01484e-11	0.773759
9.02054e-11	0.769652
9.02625e-11	0.765517
9.03196e-11	0.761354
9.03766e-11	0.757163
9.04337e-11	0.752944
9.04908e-11	0.748698
9.05479e-11	0.744425
9.06049e-11	0.740126
9.0662e-11	0.7358
9.07191e-11	0.731448
9.07762e-11	0.727071
9.08332e-11	0.722668
9.08903e-11	0.71824
9.09474e-11	0.713787
9.10045e-11	0.70931
9.10615e-11	0.704808
9.11186e-11	0.700283
9.11757e-11	0.695735
9.12328e-11	0.691163
9.12898e-11	0.686568
9.13469e-11	0.681951
9.1404e-11	0.677312
9.14611e-11	0.67265
9.15181e-11	0.667968
9.15752e-11	0.663264
9.16323e-11	0.658539
9.16894e-11	0.653793
9.17464e-11	0.649028
9.18035e-11	0.644242
9.18606e-11	0.639437
9.19176e-11	0.634612
9.19747e-11	0.629769
9.20318e-11	0.624907
9.20889e-11	0.620027
9.21459e-11	0.615129
9.2203e-11	0.610214
9.22601e-11	0.605281
9.23172e-11	0.600332
9.23742e-11	0.595366
9.24313e-11	0.590383
9.24884e-11	0.585385
9.25455e-11	0.580372
9.26025e-11	0.575343
9.26596e-11	0.5703
9.27167e-11	0.565242
9.27738e-11	0.560169
9.28308e-11	0.555084
9.28879e-11	0.549984
9.2945e-11	0.544872
9.30021e-11	0.539747
9.30591e-11	0.534609
9.31162e-11	0.529459
9.31733e-11	0.524298
9.32303e-11	0.519125
9.32874e-11	0.513942
9.33445e-11	0.508747
9.34016e-11	0.503543
9.34586e-11	0.498328
9.35157e-11	0.493104
9.35728e-11	0.48787
9.36299e-11	0.482628
9.36869e-11	0.477377
9.3744e-11	0.472118
9.38011e-11	0.46685
9.38582e-11	0.461576
9.39152e-11	0.456294
9.39723e-11	0.451005
9.40294e-11	0.44571
9.40865e-11	0.440409
9.41435e-11	0.435101
9.42006e-11	0.429789
9.42577e-11	0.424471
9.43148e-11	0.419148
9.43718e-11	0.413821
9.44289e-11	0.40849
9.4486e-11	0.403155
9.4543e-11	0.397817
9.46001e-11	0.392476
9.46572e-11	0.387132
9.47143e-11	0.381786
9.47713e-11	0.376437
9.48284e-11	0.371087
9.48855e-11	0.365736
9.49426e-11	0.360383
9.49996e-11	0.35503
9.50567e-11	0.349677
9.51138e-11	0.344323
9.51709e-11	0.33897
9.52279e-11	0.333617
9.5285e-11	0.328266
9.53421e-11	0.322916
9.53992e-11	0.317567
9.54562e-11	0.312221
9.55133e-11	0.306877
9.55704e-11	0.301535
9.56275e-11	0.296196
9.56845e-11	0.290861
9.57416e-11	0.285529
9.57987e-11	0.280202
9.58558e-11	0.274878
9.59128e-11	0.26956
9.59699e-11	0.264246
9.6027e-11	0.258937
9.6084e-11	0.253634
9.61411e-11	0.248337
9.61982e-11	0.243046
9.62553e-11	0.237761
9.63123e-11	0.232483
9.63694e-11	0.227213
9.64265e-11	0.22195
9.64836e-11	0.216694
9.65406e-11	0.211447
9.65977e-11	0.206208
9.66548e-11	0.200978
9.67119e-11	0.195756
9.67689e-11	0.190544
9.6826e-11	0.185342
9.68831e-11	0.180149
9.69402e-11	0.174967
9.69972e-11	0.169795
9.70543e-11	0.164634
9.71114e-11	0.159484
9.71685e-11	0.154345
9.72255e-11	0.149218
9.72826e-11	0.144102
9.73397e-11	0.138999
9.73967e-11	0.133909
9.74538e-11	0.128831
9.75109e-11	0.123766
9.7568e-11	0.118715
9.7625e-11	0.113677
9.76821e-11	0.108653
9.77392e-11	0.103643
9.77963e-11	0.0986476
9.78533e-11	0.0936669
9.79104e-11	0.0887011
9.79675e-11	0.0837505
9.80246e-11	0.0788154
9.80816e-11	0.0738961
9.81387e-11	0.0689927
9.81958e-11	0.0641056
9.82529e-11	0.059235
9.83099e-11	0.0543812
9.8367e-11	0.0495443
9.84241e-11	0.0447248
9.84812e-11	0.0399227
9.85382e-11	0.0351383
9.85953e-11	0.030372
9.86524e-11	0.0256239
9.87094e-11	0.0208943
9.87665e-11	0.0161833
9.88236e-11	0.0114913
9.88807e-11	0.00681847
9.89377e-11	0.00216502
9.89948e-11	-0.00246882
9.90519e-11	-0.0070828
9.9109e-11	-0.0116767
9.9166e-11	-0.0162504
9.92231e-11	-0.0208035
9.92802e-11	-0.0253359
9.93373e-11	-0.0298474
9.93943e-11	-0.0343378
9.94514e-11	-0.0388068
9.95085e-11	-0.0432542
9.95656e-11	-0.0476799
9.96226e-11	-0.0520836
9.96797e-11	-0.0564652
9.97368e-11	-0.0608244
9.97939e-11	-0.0651611
9.98509e-11	-0.0694751
9.9908e-11	-0.0737661
9.99651e-11	-0.078034
1.00022e-10	-0.0822786
1.00079e-10	-0.0864998
1.00136e-10	-0.0906973
1.00193e-10	-0.0948709
1.0025e-10	-0.0990206
1.00308e-10	-0.103146
1.00365e-10	-0.107247
1.00422e-10	-0.111324
1.00479e-10	-0.115376
1.00536e-10	-0.119403
1.00593e-10	-0.123405
1.0065e-10	-0.127382
1.00707e-10	-0.131333
1.00764e-10	-0.13526
1.00821e-10	-0.13916
1.00878e-10	-0.143035
1.00935e-10	-0.146884
1.00992e-10	-0.150707
1.01049e-10	-0.154503
1.01107e-10	-0.158274
1.01164e-10	-0.162018
1.01221e-10	-0.165735
1.01278e-10	-0.169426
1.01335e-10	-0.17309
1.01392e-10	-0.176726
1.01449e-10	-0.180336
1.01506e-10	-0.183919
1.01563e-10	-0.187474
1.0162e-10	-0.191002
1.01677e-10	-0.194502
1.01734e-10	-0.197975
1.01791e-10	-0.201419
1.01849e-10	-0.204837
1.01906e-10	-0.208226
1.01963e-10	-0.211587
1.0202e-10	-0.214919
1.02077e-10	-0.218224
1.02134e-10	-0.2215
1.02191e-10	-0.224748
1.02248e-10	-0.227968
1.02305e-10	-0.231158
1.02362e-10	-0.234321
1.02419e-10	-0.237454
1.02476e-10	-0.240558
1.02533e-10	-0.243634
1.0259e-10	-0.246681
1.02648e-10	-0.249698
1.02705e-10	-0.252687
1.02762e-10	-0.255646
1.02819e-10	-0.258577
1.02876e-10	-0.261478
1.02933e-10	-0.264349
1.0299e-10	-0.267191
1.03047e-10	-0.270004
1.03104e-10	-0.272788
1.03161e-10	-0.275541
1.03218e-10	-0.278266
1.03275e-10	-0.28096
1.03332e-10	-0.283625
1.0339e-10	-0.286261
1.03447e-10	-0.288866
1.03504e-10	-0.291442
1.03561e-10	-0.293988
1.03618e-10	-0.296505
1.03675e-10	-0.298991
1.03732e-10	-0.301448
1.03789e-10	-0.303875
1.03846e-10	-0.306272
1.03903e-10	-0.308639
1.0396e-10	-0.310976
1.04017e-10	-0.313283
1.04074e-10	-0.315561
1.04131e-10	-0.317808
1.04189e-10	-0.320026
1.04246e-10	-0.322214
1.04303e-10	-0.324372
1.0436e-10	-0.3265
1.04417e-10	-0.328598
1.04474e-10	-0.330666
1.04531e-10	-0.332704
1.04588e-10	-0.334713
1.04645e-10	-0.336691
1.04702e-10	-0.33864
1.04759e-10	-0.340559
1.04816e-10	-0.342448
1.04873e-10	-0.344308
1.04931e-10	-0.346138
1.04988e-10	-0.347938
1.05045e-10	-0.349708
1.05102e-10	-0.351449
1.05159e-10	-0.35316
1.05216e-10	-0.354842
1.05273e-10	-0.356495
1.0533e-10	-0.358117
1.05387e-10	-0.359711
1.05444e-10	-0.361275
1.05501e-10	-0.36281
1.05558e-10	-0.364315
1.05615e-10	-0.365792
1.05672e-10	-0.367239
1.0573e-10	-0.368657
1.05787e-10	-0.370046
1.05844e-10	-0.371406
1.05901e-10	-0.372737
1.05958e-10	-0.37404
1.06015e-10	-0.375313
1.06072e-10	-0.376558
1.06129e-10	-0.377774
1.06186e-10	-0.378962
1.06243e-10	-0.380121
1.063e-10	-0.381252
1.06357e-10	-0.382355
1.06414e-10	-0.383429
1.06472e-10	-0.384475
1.06529e-10	-0.385493
1.06586e-10	-0.386483
1.06643e-10	-0.387445
1.067e-10	-0.38838
1.06757e-10	-0.389286
1.06814e-10	-0.390166
1.06871e-10	-0.391017
1.06928e-10	-0.391841
1.06985e-10	-0.392638
1.07042e-10	-0.393407
1.07099e-10	-0.39415
1.07156e-10	-0.394865
1.07213e-10	-0.395554
1.07271e-10	-0.396215
1.07328e-10	-0.39685
1.07385e-10	-0.397458
1.07442e-10	-0.39804
1.07499e-10	-0.398596
1.07556e-10	-0.399125
1.07613e-10	-0.399628
1.0767e-10	-0.400105
1.07727e-10	-0.400556
1.07784e-10	-0.400981
1.07841e-10	-0.401381
1.07898e-10	-0.401755
1.07955e-10	-0.402104
1.08013e-10	-0.402427
1.0807e-10	-0.402725
1.08127e-10	-0.402999
1.08184e-10	-0.403247
1.08241e-10	-0.40347
1.08298e-10	-0.403669
1.08355e-10	-0.403843
1.08412e-10	-0.403993
1.08469e-10	-0.404119
1.08526e-10	-0.40422
1.08583e-10	-0.404298
1.0864e-10	-0.404352
1.08697e-10	-0.404382
1.08754e-10	-0.404388
1.08812e-10	-0.404371
1.08869e-10	-0.404331
1.08926e-10	-0.404268
1.08983e-10	-0.404182
1.0904e-10	-0.404072
1.09097e-10	-0.403941
1.09154e-10	-0.403786
1.09211e-10	-0.40361
1.09268e-10	-0.403411
1.09325e-10	-0.403189
1.09382e-10	-0.402946
1.09439e-10	-0.402682
1.09496e-10	-0.402395
1.09554e-10	-0.402087
1.09611e-10	-0.401758
1.09668e-10	-0.401408
1.09725e-10	-0.401036
1.09782e-10	-0.400644
1.09839e-10	-0.400231
1.09896e-10	-0.399798
1.09953e-10	-0.399344
1.1001e-10	-0.39887
1.10067e-10	-0.398376
1.10124e-10	-0.397862
1.10181e-10	-0.397328
1.10238e-10	-0.396775
1.10295e-10	-0.396202
1.10353e-10	-0.39561
1.1041e-10	-0.394999
1.10467e-10	-0.39437
1.10524e-10	-0.393721
1.10581e-10	-0.393054
1.10638e-10	-0.392368
1.10695e-10	-0.391664
1.10752e-10	-0.390943
1.10809e-10	-0.390203
1.10866e-10	-0.389445
1.10923e-10	-0.38867
1.1098e-10	-0.387878
1.11037e-10	-0.387068
1.11095e-10	-0.386241
1.11152e-10	-0.385398
1.11209e-10	-0.384537
1.11266e-10	-0.38366
1.11323e-10	-0.382767
1.1138e-10	-0.381858
1.11437e-10	-0.380932
1.11494e-10	-0.379991
1.11551e-10	-0.379034
1.11608e-10	-0.378062
1.11665e-10	-0.377074
1.11722e-10	-0.376071
1.11779e-10	-0.375053
1.11836e-10	-0.37402
1.11894e-10	-0.372972
1.11951e-10	-0.37191
1.12008e-10	-0.370834
1.12065e-10	-0.369744
1.12122e-10	-0.36864
1.12179e-10	-0.367522
1.12236e-10	-0.36639
1.12293e-10	-0.365245
1.1235e-10	-0.364086
1.12407e-10	-0.362915
1.12464e-10	-0.361731
1.12521e-10	-0.360533
1.12578e-10	-0.359324
1.12636e-10	-0.358102
1.12693e-10	-0.356867
1.1275e-10	-0.355621
1.12807e-10	-0.354363
1.12864e-10	-0.353093
1.12921e-10	-0.351812
1.12978e-10	-0.350519
1.13035e-10	-0.349215
1.13092e-10	-0.3479
1.13149e-10	-0.346574
1.13206e-10	-0.345238
1.13263e-10	-0.343891
1.1332e-10	-0.342533
1.13377e-10	-0.341166
1.13435e-10	-0.339788
1.13492e-10	-0.338401
1.13549e-10	-0.337004
1.13606e-10	-0.335598
1.13663e-10	-0.334182
1.1372e-10	-0.332757
1.13777e-10	-0.331324
1.13834e-10	-0.329881
1.13891e-10	-0.32843
1.13948e-10	-0.32697
1.14005e-10	-0.325502
1.14062e-10	-0.324026
1.14119e-10	-0.322541
1.14176e-10	-0.321049
1.14234e-10	-0.31955
1.14291e-10	-0.318043
1.14348e-10	-0.316528
1.14405e-10	-0.315007
1.14462e-10	-0.313478
1.14519e-10	-0.311942
1.14576e-10	-0.3104
1.14633e-10	-0.308852
1.1469e-10	-0.307297
1.14747e-10	-0.305736
1.14804e-10	-0.304168
1.14861e-10	-0.302595
1.14918e-10	-0.301016
1.14976e-10	-0.299432
1.15033e-10	-0.297842
1.1509e-10	-0.296247
1.15147e-10	-0.294647
1.15204e-10	-0.293042
1.15261e-10	-0.291432
1.15318e-10	-0.289818
1.15375e-10	-0.288199
1.15432e-10	-0.286575
1.15489e-10	-0.284948
1.15546e-10	-0.283316
1.15603e-10	-0.281681
1.1566e-10	-0.280042
1.15717e-10	-0.278399
1.15775e-10	-0.276753
1.15832e-10	-0.275103
1.15889e-10	-0.27345
1.15946e-10	-0.271795
1.16003e-10	-0.270136
1.1606e-10	-0.268475
1.16117e-10	-0.266811
1.16174e-10	-0.265145
1.16231e-10	-0.263476
1.16288e-10	-0.261806
1.16345e-10	-0.260133
1.16402e-10	-0.258458
1.16459e-10	-0.256782
1.16517e-10	-0.255104
1.16574e-10	-0.253424
1.16631e-10	-0.251744
1.16688e-10	-0.250062
1.16745e-10	-0.248379
1.16802e-10	-0.246695
1.16859e-10	-0.24501
1.16916e-10	-0.243324
1.16973e-10	-0.241638
1.1703e-10	-0.239952
1.17087e-10	-0.238265
1.17144e-10	-0.236578
1.17201e-10	-0.234891
1.17258e-10	-0.233204
1.17316e-10	-0.231517
1.17373e-10	-0.229831
1.1743e-10	-0.228145
1.17487e-10	-0.226459
1.17544e-10	-0.224775
1.17601e-10	-0.223091
1.17658e-10	-0.221408
1.17715e-10	-0.219726
1.17772e-10	-0.218045
1.17829e-10	-0.216365
1.17886e-10	-0.214687
1.17943e-10	-0.213011
1.18e-10	-0.211336
1.18058e-10	-0.209662
1.18115e-10	-0.207991
1.18172e-10	-0.206321
1.18229e-10	-0.204653
1.18286e-10	-0.202988
1.18343e-10	-0.201325
1.184e-10	-0.199664
1.18457e-10	-0.198006
1.18514e-10	-0.19635
1.18571e-10	-0.194697
1.18628e-10	-0.193046
1.18685e-10	-0.191399
1.18742e-10	-0.189754
1.18799e-10	-0.188112
1.18857e-10	-0.186474
1.18914e-10	-0.184839
1.18971e-10	-0.183207
1.19028e-10	-0.181579
1.19085e-10	-0.179954
1.19142e-10	-0.178333
1.19199e-10	-0.176715
1.19256e-10	-0.175101
1.19313e-10	-0.173491
1.1937e-10	-0.171886
1.19427e-10	-0.170284
1.19484e-10	-0.168686
1.19541e-10	-0.167092
1.19599e-10	-0.165503
1.19656e-10	-0.163918
1.19713e-10	-0.162338
1.1977e-10	-0.160762
1.19827e-10	-0.159191
1.19884e-10	-0.157625
1.19941e-10	-0.156063
1.19998e-10	-0.154506
1.20055e-10	-0.152954
1.20112e-10	-0.151407
1.20169e-10	-0.149866
1.20226e-10	-0.148329
1.20283e-10	-0.146797
1.2034e-10	-0.145271
1.20398e-10	-0.14375
1.20455e-10	-0.142235
1.20512e-10	-0.140725
1.20569e-10	-0.139221
1.20626e-10	-0.137722
1.20683e-10	-0.136229
1.2074e-10	-0.134741
1.20797e-10	-0.13326
1.20854e-10	-0.131784
1.20911e-10	-0.130314
1.20968e-10	-0.12885
1.21025e-10	-0.127393
1.21082e-10	-0.125941
1.2114e-10	-0.124495
1.21197e-10	-0.123056
1.21254e-10	-0.121623
1.21311e-10	-0.120196
1.21368e-10	-0.118776
1.21425e-10	-0.117362
1.21482e-10	-0.115954
1.21539e-10	-0.114553
1.21596e-10	-0.113158
1.21653e-10	-0.11177
1.2171e-10	-0.110389
1.21767e-10	-0.109014
1.21824e-10	-0.107646
1.21881e-10	-0.106285
1.21939e-10	-0.104931
1.21996e-10	-0.103583
1.22053e-10	-0.102243
1.2211e-10	-0.100909
1.22167e-10	-0.0995821
1.22224e-10	-0.0982623
1.22281e-10	-0.0969496
1.22338e-10	-0.0956439
1.22395e-10	-0.0943454
1.22452e-10	-0.093054
1.22509e-10	-0.0917697
1.22566e-10	-0.0904926
1.22623e-10	-0.0892228
1.22681e-10	-0.0879602
1.22738e-10	-0.0867049
1.22795e-10	-0.0854569
1.22852e-10	-0.0842163
1.22909e-10	-0.082983
1.22966e-10	-0.0817571
1.23023e-10	-0.0805386
1.2308e-10	-0.0793276
1.23137e-10	-0.078124
1.23194e-10	-0.0769279
1.23251e-10	-0.0757393
1.23308e-10	-0.0745582
1.23365e-10	-0.0733847
1.23422e-10	-0.0722187
1.2348e-10	-0.0710602
1.23537e-10	-0.0699094
1.23594e-10	-0.0687662
1.23651e-10	-0.0676306
1.23708e-10	-0.0665026
1.23765e-10	-0.0653823
1.23822e-10	-0.0642696
1.23879e-10	-0.0631646
1.23936e-10	-0.0620673
1.23993e-10	-0.0609777
1.2405e-10	-0.0598957
1.24107e-10	-0.0588215
1.24164e-10	-0.057755
1.24222e-10	-0.0566962
1.24279e-10	-0.0556452
1.24336e-10	-0.0546019
1.24393e-10	-0.0535663
1.2445e-10	-0.0525385
1.24507e-10	-0.0515184
1.24564e-10	-0.050506
1.24621e-10	-0.0495015
1.24678e-10	-0.0485046
1.24735e-10	-0.0475155
1.24792e-10	-0.0465342
1.24849e-10	-0.0455606
1.24906e-10	-0.0445948
1.24963e-10	-0.0436367
1.25021e-10	-0.0426864
1.25078e-10	-0.0417438
1.25135e-10	-0.040809
1.25192e-10	-0.0398818
1.25249e-10	-0.0389624
1.25306e-10	-0.0380508
1.25363e-10	-0.0371468
1.2542e-10	-0.0362506
1.25477e-10	-0.035362
1.25534e-10	-0.0344811
1.25591e-10	-0.0336079
1.25648e-10	-0.0327424
1.25705e-10	-0.0318846
1.25763e-10	-0.0310344
1.2582e-10	-0.0301918
1.25877e-10	-0.0293568
1.25934e-10	-0.0285295
1.25991e-10	-0.0277098
1.26048e-10	-0.0268976
1.26105e-10	-0.026093
1.26162e-10	-0.025296
1.26219e-10	-0.0245065
1.26276e-10	-0.0237246
1.26333e-10	-0.0229501
1.2639e-10	-0.0221832
1.26447e-10	-0.0214237
1.26504e-10	-0.0206717
1.26562e-10	-0.0199271
1.26619e-10	-0.0191899
1.26676e-10	-0.0184601
1.26733e-10	-0.0177378
1.2679e-10	-0.0170227
1.26847e-10	-0.016315
1.26904e-10	-0.0156146
1.26961e-10	-0.0149216
1.27018e-10	-0.0142358
1.27075e-10	-0.0135572
1.27132e-10	-0.0128859
1.27189e-10	-0.0122217
1.27246e-10	-0.0115648
1.27304e-10	-0.010915
1.27361e-10	-0.0102723
1.27418e-10	-0.00963678
1.27475e-10	-0.0090083
1.27532e-10	-0.00838688
1.27589e-10	-0.00777249
1.27646e-10	-0.0071651
1.27703e-10	-0.00656468
1.2776e-10	-0.00597122
1.27817e-10	-0.00538467
1.27874e-10	-0.00480502
1.27931e-10	-0.00423223
1.27988e-10	-0.00366627
1.28045e-10	-0.00310712
1.28103e-10	-0.00255475
1.2816e-10	-0.00200912
1.28217e-10	-0.00147022
1.28274e-10	-0.000937994
1.28331e-10	-0.00041243
1.28388e-10	0.000106509
1.28445e-10	0.000618853
1.28502e-10	0.00112463
1.28559e-10	0.00162388
1.28616e-10	0.00211663
1.28673e-10	0.00260292
1.2873e-10	0.00308276
1.28787e-10	0.00355621
1.28845e-10	0.00402328
1.28902e-10	0.00448402
1.28959e-10	0.00493846
1.29016e-10	0.00538663
1.29073e-10	0.00582856
1.2913e-10	0.00626429
1.29187e-10	0.00669385
1.29244e-10	0.00711728
1.29301e-10	0.00753462
1.29358e-10	0.00794589
1.29415e-10	0.00835113
1.29472e-10	0.00875038
1.29529e-10	0.00914367
1.29586e-10	0.00953104
1.29644e-10	0.00991253
1.29701e-10	0.0102882
1.29758e-10	0.010658
1.29815e-10	0.011022
1.29872e-10	0.0113803
1.29929e-10	0.0117329
1.29986e-10	0.0120799
1.30043e-10	0.0124211
1.301e-10	0.0127569
1.30157e-10	0.013087
1.30214e-10	0.0134116
1.30271e-10	0.0137308
1.30328e-10	0.0140445
1.30386e-10	0.0143527
1.30443e-10	0.0146557
1.305e-10	0.0149532
1.30557e-10	0.0152455
1.30614e-10	0.0155326
1.30671e-10	0.0158144
1.30728e-10	0.016091
1.30785e-10	0.0163625
1.30842e-10	0.0166288
1.30899e-10	0.0168902
1.30956e-10	0.0171464
1.31013e-10	0.0173977
1.3107e-10	0.0176441
1.31127e-10	0.0178855
1.31185e-10	0.018122
1.31242e-10	0.0183537
1.31299e-10	0.0185806
1.31356e-10	0.0188028
1.31413e-10	0.0190202
1.3147e-10	0.0192329
1.31527e-10	0.019441
1.31584e-10	0.0196445
1.31641e-10	0.0198434
1.31698e-10	0.0200378
1.31755e-10	0.0202277
1.31812e-10	0.0204131
1.31869e-10	0.0205941
1.31927e-10	0.0207708
1.31984e-10	0.0209431
1.32041e-10	0.0211111
1.32098e-10	0.0212748
1.32155e-10	0.0214343
1.32212e-10	0.0215897
1.32269e-10	0.0217409
1.32326e-10	0.0218879
1.32383e-10	0.0220309
1.3244e-10	0.0221699
1.32497e-10	0.0223049
1.32554e-10	0.0224359
1.32611e-10	0.022563
1.32668e-10	0.0226862
1.32726e-10	0.0228056
1.32783e-10	0.0229212
1.3284e-10	0.023033
1.32897e-10	0.0231411
1.32954e-10	0.0232455
1.33011e-10	0.0233462
1.33068e-10	0.0234433
1.33125e-10	0.0235368
1.33182e-10	0.0236268
1.33239e-10	0.0237133
1.33296e-10	0.0237963
1.33353e-10	0.0238759
1.3341e-10	0.023952
1.33468e-10	0.0240249
1.33525e-10	0.0240944
1.33582e-10	0.0241606
1.33639e-10	0.0242235
1.33696e-10	0.0242833
1.33753e-10	0.0243399
1.3381e-10	0.0243933
1.33867e-10	0.0244436
1.33924e-10	0.0244909
1.33981e-10	0.0245351
1.34038e-10	0.0245763
1.34095e-10	0.0246145
1.34152e-10	0.0246499
1.34209e-10	0.0246823
1.34267e-10	0.0247119
1.34324e-10	0.0247386
1.34381e-10	0.0247626
1.34438e-10	0.0247838
1.34495e-10	0.0248023
1.34552e-10	0.0248181
1.34609e-10	0.0248312
1.34666e-10	0.0248417
1.34723e-10	0.0248497
1.3478e-10	0.0248551
1.34837e-10	0.0248579
1.34894e-10	0.0248583
1.34951e-10	0.0248563
1.35009e-10	0.0248518
1.35066e-10	0.0248449
1.35123e-10	0.0248357
1.3518e-10	0.0248241
1.35237e-10	0.0248103
1.35294e-10	0.0247942
1.35351e-10	0.0247759
1.35408e-10	0.0247554
1.35465e-10	0.0247327
1.35522e-10	0.024708
1.35579e-10	0.0246811
1.35636e-10	0.0246521
1.35693e-10	0.0246211
1.3575e-10	0.0245881
1.35808e-10	0.0245531
1.35865e-10	0.0245162
1.35922e-10	0.0244774
1.35979e-10	0.0244366
1.36036e-10	0.0243941
1.36093e-10	0.0243497
1.3615e-10	0.0243035
1.36207e-10	0.0242555
1.36264e-10	0.0242058
1.36321e-10	0.0241544
1.36378e-10	0.0241013
1.36435e-10	0.0240465
1.36492e-10	0.0239901
1.36549e-10	0.0239322
1.36607e-10	0.0238726
1.36664e-10	0.0238116
1.36721e-10	0.023749
1.36778e-10	0.0236849
1.36835e-10	0.0236194
1.36892e-10	0.0235524
1.36949e-10	0.023484
1.37006e-10	0.0234143
1.37063e-10	0.0233432
1.3712e-10	0.0232707
1.37177e-10	0.023197
1.37234e-10	0.023122
1.37291e-10	0.0230458
1.37349e-10	0.0229683
1.37406e-10	0.0228896
1.37463e-10	0.0228097
1.3752e-10	0.0227287
1.37577e-10	0.0226466
1.37634e-10	0.0225634
1.37691e-10	0.0224791
1.37748e-10	0.0223937
1.37805e-10	0.0223073
1.37862e-10	0.0222199
1.37919e-10	0.0221316
1.37976e-10	0.0220422
1.38033e-10	0.021952
1.3809e-10	0.0218608
1.38148e-10	0.0217687
1.38205e-10	0.0216757
1.38262e-10	0.0215819
1.38319e-10	0.0214873
1.38376e-10	0.0213919
1.38433e-10	0.0212957
1.3849e-10	0.0211987
1.38547e-10	0.021101
1.38604e-10	0.0210026
1.38661e-10	0.0209034
1.38718e-10	0.0208036
1.38775e-10	0.0207032
1.38832e-10	0.0206021
1.3889e-10	0.0205003
1.38947e-10	0.020398
1.39004e-10	0.0202951
1.39061e-10	0.0201916
1.39118e-10	0.0200876
1.39175e-10	0.0199831
1.39232e-10	0.0198781
1.39289e-10	0.0197725
1.39346e-10	0.0196666
1.39403e-10	0.0195601
1.3946e-10	0.0194533
1.39517e-10	0.019346
1.39574e-10	0.0192383
1.39631e-10	0.0191302
1.39689e-10	0.0190218
1.39746e-10	0.018913
1.39803e-10	0.0188039
1.3986e-10	0.0186945
1.39917e-10	0.0185848
1.39974e-10	0.0184748
1.40031e-10	0.0183646
1.40088e-10	0.0182541
1.40145e-10	0.0181434
1.40202e-10	0.0180324
1.40259e-10	0.0179213
1.40316e-10	0.0178099
1.40373e-10	0.0176984
1.40431e-10	0.0175867
1.40488e-10	0.0174749
1.40545e-10	0.017363
1.40602e-10	0.0172509
1.40659e-10	0.0171387
1.40716e-10	0.0170265
1.40773e-10	0.0169141
1.4083e-10	0.0168018
1.40887e-10	0.0166893
1.40944e-10	0.0165768
1.41001e-10	0.0164643
1.41058e-10	0.0163518
1.41115e-10	0.0162393
1.41172e-10	0.0161268
1.4123e-10	0.0160144
1.41287e-10	0.0159019
1.41344e-10	0.0157896
1.41401e-10	0.0156773
1.41458e-10	0.015565
1.41515e-10	0.0154528
1.41572e-10	0.0153408
1.41629e-10	0.0152288
1.41686e-10	0.015117
1.41743e-10	0.0150053
1.418e-10	0.0148937
1.41857e-10	0.0147823
1.41914e-10	0.014671
1.41972e-10	0.0145599
1.42029e-10	0.014449
1.42086e-10	0.0143382
1.42143e-10	0.0142277
1.422e-10	0.0141173
1.42257e-10	0.0140072
1.42314e-10	0.0138973
1.42371e-10	0.0137877
1.42428e-10	0.0136782
1.42485e-10	0.0135691
1.42542e-10	0.0134601
1.42599e-10	0.0133515
1.42656e-10	0.0132431
1.42713e-10	0.013135
1.42771e-10	0.0130272
1.42828e-10	0.0129197
1.42885e-10	0.0128125
1.42942e-10	0.0127056
1.42999e-10	0.012599
1.43056e-10	0.0124928
1.43113e-10	0.0123869
1.4317e-10	0.0122813
1.43227e-10	0.0121761
1.43284e-10	0.0120712
1.43341e-10	0.0119667
1.43398e-10	0.0118625
1.43455e-10	0.0117588
1.43513e-10	0.0116554
1.4357e-10	0.0115524
1.43627e-10	0.0114497
1.43684e-10	0.0113475
1.43741e-10	0.0112457
1.43798e-10	0.0111443
1.43855e-10	0.0110432
1.43912e-10	0.0109426
1.43969e-10	0.0108425
1.44026e-10	0.0107427
1.44083e-10	0.0106434
1.4414e-10	0.0105445
1.44197e-10	0.0104461
1.44254e-10	0.010348
1.44312e-10	0.0102505
1.44369e-10	0.0101534
1.44426e-10	0.0100567
1.44483e-10	0.00996055
1.4454e-10	0.00986483
1.44597e-10	0.00976957
1.44654e-10	0.00967478
1.44711e-10	0.00958047
1.44768e-10	0.00948663
1.44825e-10	0.00939328
1.44882e-10	0.00930041
1.44939e-10	0.00920803
1.44996e-10	0.00911613
1.45054e-10	0.00902473
1.45111e-10	0.00893383
1.45168e-10	0.00884342
1.45225e-10	0.00875351
1.45282e-10	0.00866411
1.45339e-10	0.00857521
1.45396e-10	0.00848682
1.45453e-10	0.00839894
1.4551e-10	0.00831157
1.45567e-10	0.00822471
1.45624e-10	0.00813837
1.45681e-10	0.00805255
1.45738e-10	0.00796724
1.45795e-10	0.00788246
1.45853e-10	0.0077982
1.4591e-10	0.00771446
1.45967e-10	0.00763125
1.46024e-10	0.00754856
1.46081e-10	0.00746641
1.46138e-10	0.00738478
1.46195e-10	0.00730368
1.46252e-10	0.00722311
1.46309e-10	0.00714307
1.46366e-10	0.00706356
1.46423e-10	0.00698459
1.4648e-10	0.00690615
1.46537e-10	0.00682824
1.46595e-10	0.00675087
1.46652e-10	0.00667403
1.46709e-10	0.00659773
1.46766e-10	0.00652197
1.46823e-10	0.00644674
1.4688e-10	0.00637205
1.46937e-10	0.00629789
1.46994e-10	0.00622427
1.47051e-10	0.00615118
1.47108e-10	0.00607864
1.47165e-10	0.00600662
1.47222e-10	0.00593515
1.47279e-10	0.0058642
1.47336e-10	0.0057938
1.47394e-10	0.00572392
1.47451e-10	0.00565459
1.47508e-10	0.00558578
1.47565e-10	0.00551751
1.47622e-10	0.00544977
1.47679e-10	0.00538256
1.47736e-10	0.00531589
1.47793e-10	0.00524974
1.4785e-10	0.00518412
1.47907e-10	0.00511903
1.47964e-10	0.00505447
1.48021e-10	0.00499043
1.48078e-10	0.00492692
1.48136e-10	0.00486394
1.48193e-10	0.00480147
1.4825e-10	0.00473953
1.48307e-10	0.00467811
1.48364e-10	0.00461721
1.48421e-10	0.00455683
1.48478e-10	0.00449696
1.48535e-10	0.00443761
1.48592e-10	0.00437877
1.48649e-10	0.00432045
1.48706e-10	0.00426263
1.48763e-10	0.00420533
1.4882e-10	0.00414853
1.48877e-10	0.00409224
1.48935e-10	0.00403645
1.48992e-10	0.00398117
1.49049e-10	0.00392638
1.49106e-10	0.0038721
1.49163e-10	0.00381831
1.4922e-10	0.00376502
1.49277e-10	0.00371222
1.49334e-10	0.00365991
1.49391e-10	0.00360809
1.49448e-10	0.00355676
1.49505e-10	0.00350592
1.49562e-10	0.00345556
1.49619e-10	0.00340568
1.49677e-10	0.00335628
1.49734e-10	0.00330736
1.49791e-10	0.00325892
1.49848e-10	0.00321094
1.49905e-10	0.00316344
1.49962e-10	0.00311641
1.50019e-10	0.00306984
1.50076e-10	0.00302374
1.50133e-10	0.0029781
1.5019e-10	0.00293292
1.50247e-10	0.0028882
1.50304e-10	0.00284393
1.50361e-10	0.00280012
1.50418e-10	0.00275676
1.50476e-10	0.00271384
1.50533e-10	0.00267137
1.5059e-10	0.00262934
1.50647e-10	0.00258776
1.50704e-10	0.00254661
1.50761e-10	0.0025059
1.50818e-10	0.00246562
1.50875e-10	0.00242578
1.50932e-10	0.00238636
1.50989e-10	0.00234736
1.51046e-10	0.0023088
1.51103e-10	0.00227065
1.5116e-10	0.00223292
1.51218e-10	0.0021956
1.51275e-10	0.0021587
1.51332e-10	0.00212221
1.51389e-10	0.00208613
1.51446e-10	0.00205045
1.51503e-10	0.00201518
1.5156e-10	0.00198031
1.51617e-10	0.00194583
1.51674e-10	0.00191175
1.51731e-10	0.00187806
1.51788e-10	0.00184476
1.51845e-10	0.00181185
1.51902e-10	0.00177932
1.51959e-10	0.00174718
1.52017e-10	0.00171541
1.52074e-10	0.00168402
1.52131e-10	0.001653
1.52188e-10	0.00162236
1.52245e-10	0.00159208
1.52302e-10	0.00156217
1.52359e-10	0.00153262
1.52416e-10	0.00150343
1.52473e-10	0.0014746
1.5253e-10	0.00144613
1.52587e-10	0.00141801
1.52644e-10	0.00139023
1.52701e-10	0.00136281
1.52759e-10	0.00133572
1.52816e-10	0.00130898
1.52873e-10	0.00128258
1.5293e-10	0.00125652
1.52987e-10	0.00123078
1.53044e-10	0.00120538
1.53101e-10	0.00118031
1.53158e-10	0.00115556
1.53215e-10	0.00113114
1.53272e-10	0.00110703
1.53329e-10	0.00108325
1.53386e-10	0.00105978
1.53443e-10	0.00103662
1.535e-10	0.00101377
1.53558e-10	0.000991224
1.53615e-10	0.000968985
1.53672e-10	0.000947049
1.53729e-10	0.000925411
1.53786e-10	0.00090407
1.53843e-10	0.000883023
1.539e-10	0.000862267
1.53957e-10	0.000841799
1.54014e-10	0.000821618
1.54071e-10	0.00080172
1.54128e-10	0.000782104
1.54185e-10	0.000762765
1.54242e-10	0.000743703
1.543e-10	0.000724913
1.54357e-10	0.000706395
1.54414e-10	0.000688145
1.54471e-10	0.00067016
1.54528e-10	0.000652438
1.54585e-10	0.000634977
1.54642e-10	0.000617775
1.54699e-10	0.000600827
1.54756e-10	0.000584133
1.54813e-10	0.00056769
1.5487e-10	0.000551495
1.54927e-10	0.000535546
1.54984e-10	0.00051984
1.55041e-10	0.000504375
1.55099e-10	0.000489149
1.55156e-10	0.000474159
1.55213e-10	0.000459403
1.5527e-10	0.000444877
1.55327e-10	0.000430581
1.55384e-10	0.000416512
1.55441e-10	0.000402666
1.55498e-10	0.000389043
1.55555e-10	0.000375639
1.55612e-10	0.000362453
1.55669e-10	0.000349481
1.55726e-10	0.000336722
1.55783e-10	0.000324174
1.55841e-10	0.000311834
1.55898e-10	0.000299699
1.55955e-10	0.000287768
1.56012e-10	0.000276039
1.56069e-10	0.000264509
1.56126e-10	0.000253176
1.56183e-10	0.000242037
1.5624e-10	0.000231092
1.56297e-10	0.000220336
1.56354e-10	0.000209769
1.56411e-10	0.000199389
1.56468e-10	0.000189192
1.56525e-10	0.000179177
1.56582e-10	0.000169342
1.5664e-10	0.000159685
1.56697e-10	0.000150203
1.56754e-10	0.000140896
1.56811e-10	0.000131759
1.56868e-10	0.000122792
1.56925e-10	0.000113993
1.56982e-10	0.000105359
1.57039e-10	9.68893e-05
1.57096e-10	8.85806e-05
1.57153e-10	8.04316e-05
1.5721e-10	7.24402e-05
1.57267e-10	6.46045e-05
1.57324e-10	5.69226e-05
1.57382e-10	4.93926e-05
1.57439e-10	4.20125e-05
1.57496e-10	3.47806e-05
1.57553e-10	2.76949e-05
1.5761e-10	2.07536e-05
1.57667e-10	1.39549e-05
1.57724e-10	7.29687e-06
1.57781e-10	7.77785e-07
1.57838e-10	-5.60417e-06
1.57895e-10	-1.18508e-05
1.57952e-10	-1.79638e-05
1.58009e-10	-2.3945e-05
1.58066e-10	-2.97962e-05
1.58123e-10	-3.55189e-05
1.58181e-10	-4.1115e-05
1.58238e-10	-4.65862e-05
1.58295e-10	-5.19341e-05
1.58352e-10	-5.71604e-05
1.58409e-10	-6.22667e-05
1.58466e-10	-6.72548e-05
1.58523e-10	-7.21261e-05
1.5858e-10	-7.68824e-05
1.58637e-10	-8.15253e-05
1.58694e-10	-8.60562e-05
1.58751e-10	-9.04769e-05
1.58808e-10	-9.47888e-05
1.58865e-10	-9.89935e-05
1.58922e-10	-0.000103092
1.5898e-10	-0.000107087
1.59037e-10	-0.00011098
1.59094e-10	-0.000114771
1.59151e-10	-0.000118462
1.59208e-10	-0.000122055
1.59265e-10	-0.000125551
1.59322e-10	-0.000128952
1.59379e-10	-0.000132259
1.59436e-10	-0.000135474
1.59493e-10	-0.000138597
1.5955e-10	-0.000141631
1.59607e-10	-0.000144576
1.59664e-10	-0.000147434
1.59722e-10	-0.000150207
1.59779e-10	-0.000152895
1.59836e-10	-0.0001555
1.59893e-10	-0.000158023
1.5995e-10	-0.000160466
1.60007e-10	-0.00016283
1.60064e-10	-0.000165116
1.60121e-10	-0.000167325
1.60178e-10	-0.000169459
1.60235e-10	-0.000171518
1.60292e-10	-0.000173505
1.60349e-10	-0.000175419
1.60406e-10	-0.000177263
1.60463e-10	-0.000179038
1.60521e-10	-0.000180744
1.60578e-10	-0.000182384
1.60635e-10	-0.000183957
1.60692e-10	-0.000185465
1.60749e-10	-0.00018691
1.60806e-10	-0.000188292
1.60863e-10	-0.000189612
1.6092e-10	-0.000190872
1.60977e-10	-0.000192072
1.61034e-10	-0.000193214
1.61091e-10	-0.000194299
1.61148e-10	-0.000195327
1.61205e-10	-0.0001963
1.61263e-10	-0.000197218
1.6132e-10	-0.000198084
1.61377e-10	-0.000198897
1.61434e-10	-0.000199658
1.61491e-10	-0.000200369
1.61548e-10	-0.000201031
1.61605e-10	-0.000201644
1.61662e-10	-0.00020221
1.61719e-10	-0.000202729
1.61776e-10	-0.000203202
1.61833e-10	-0.00020363
1.6189e-10	-0.000204014
1.61947e-10	-0.000204355
1.62004e-10	-0.000204654
1.62062e-10	-0.000204911
1.62119e-10	-0.000205128
1.62176e-10	-0.000205304
1.62233e-10	-0.000205442
1.6229e-10	-0.000205542
1.62347e-10	-0.000205604
1.62404e-10	-0.00020563
1.62461e-10	-0.00020562
1.62518e-10	-0.000205575
1.62575e-10	-0.000205495
1.62632e-10	-0.000205383
1.62689e-10	-0.000205237
1.62746e-10	-0.000205059
1.62804e-10	-0.00020485
1.62861e-10	-0.00020461
1.62918e-10	-0.00020434
1.62975e-10	-0.000204041
1.63032e-10	-0.000203713
1.63089e-10	-0.000203358
1.63146e-10	-0.000202975
1.63203e-10	-0.000202565
1.6326e-10	-0.00020213
1.63317e-10	-0.000201669
1.63374e-10	-0.000201183
1.63431e-10	-0.000200673
1.63488e-10	-0.00020014
1.63545e-10	-0.000199584
1.63603e-10	-0.000199006
1.6366e-10	-0.000198405
1.63717e-10	-0.000197784
1.63774e-10	-0.000197142
1.63831e-10	-0.00019648
1.63888e-10	-0.000195799
1.63945e-10	-0.000195098
1.64002e-10	-0.000194379
1.64059e-10	-0.000193642
1.64116e-10	-0.000192888
1.64173e-10	-0.000192117
1.6423e-10	-0.00019133
1.64287e-10	-0.000190526
1.64345e-10	-0.000189707
1.64402e-10	-0.000188874
1.64459e-10	-0.000188025
1.64516e-10	-0.000187163
1.64573e-10	-0.000186287
1.6463e-10	-0.000185398
1.64687e-10	-0.000184497
1.64744e-10	-0.000183583
1.64801e-10	-0.000182657
1.64858e-10	-0.00018172
1.64915e-10	-0.000180772
1.64972e-10	-0.000179814
1.65029e-10	-0.000178845
1.65086e-10	-0.000177866
1.65144e-10	-0.000176878
1.65201e-10	-0.000175881
1.65258e-10	-0.000174875
1.65315e-10	-0.000173861
1.65372e-10	-0.00017284
1.65429e-10	-0.00017181
1.65486e-10	-0.000170773
1.65543e-10	-0.00016973
1.656e-10	-0.000168679
1.65657e-10	-0.000167623
1.65714e-10	-0.000166561
1.65771e-10	-0.000165493
1.65828e-10	-0.000164419
1.65886e-10	-0.000163341
1.65943e-10	-0.000162258
1.66e-10	-0.000161171
1.66057e-10	-0.00016008
1.66114e-10	-0.000158984
1.66171e-10	-0.000157886
1.66228e-10	-0.000156784
1.66285e-10	-0.000155679
1.66342e-10	-0.000154571
1.66399e-10	-0.000153461
1.66456e-10	-0.000152348
1.66513e-10	-0.000151234
1.6657e-10	-0.000150118
1.66627e-10	-0.000149
1.66685e-10	-0.000147881
1.66742e-10	-0.000146761
1.66799e-10	-0.00014564
1.66856e-10	-0.000144519
1.66913e-10	-0.000143397
1.6697e-10	-0.000142275
1.67027e-10	-0.000141153
1.67084e-10	-0.000140031
1.67141e-10	-0.000138909
1.67198e-10	-0.000137789
1.67255e-10	-0.000136669
1.67312e-10	-0.000135549
1.67369e-10	-0.000134432
1.67427e-10	-0.000133315
1.67484e-10	-0.0001322
1.67541e-10	-0.000131086
1.67598e-10	-0.000129975
1.67655e-10	-0.000128865
1.67712e-10	-0.000127758
1.67769e-10	-0.000126653
1.67826e-10	-0.00012555
1.67883e-10	-0.00012445
1.6794e-10	-0.000123352
1.67997e-10	-0.000122258
1.68054e-10	-0.000121166
1.68111e-10	-0.000120077
1.68168e-10	-0.000118992
1.68226e-10	-0.00011791
1.68283e-10	-0.000116832
1.6834e-10	-0.000115757
1.68397e-10	-0.000114686
1.68454e-10	-0.000113619
1.68511e-10	-0.000112555
