% time-domain voltage integration by openEMS v0.0.36-93-g7b9cd51 @Thu Sep 24 15:40:02 2026
% start-coordinates: (0.0583,0,0.00015) m -> [75,3,5]
% stop-coordinates: (0.0583,0,0.0021) m -> [75,3,7]
% t/s	voltage
0	-0
3.65273477481e-12	-0
7.30546954962e-12	-0
1.09582043244e-11	-0
1.46109390992e-11	-0
1.8263673874e-11	-0
2.19164086489e-11	-0
2.55691434237e-11	-8.18005870444e-32
2.92218781985e-11	-6.90446599763e-29
3.28746129733e-11	-1.67882440806e-26
3.65273477481e-11	-1.62866980036e-24
4.01800825229e-11	-7.79107105556e-23
4.38328172977e-11	-2.1253081563e-21
4.74855520725e-11	-3.6839607778e-20
5.11382868473e-11	-4.40007288491e-19
5.47910216221e-11	-3.85460044313e-18
5.84437563969e-11	-2.60151714768e-17
6.20964911718e-11	-1.40703053273e-16
6.57492259466e-11	-6.29556768208e-16
6.94019607214e-11	-2.39054850274e-15
7.30546954962e-11	-7.85487459191e-15
7.6707430271e-11	-2.2621262536e-14
8.03601650458e-11	-5.73556476361e-14
8.40128998206e-11	-1.2703196039e-13
8.76656345954e-11	-2.37965398932e-13
9.13183693702e-11	-3.38533769837e-13
9.4971104145e-11	-1.81928411341e-13
9.86238389198e-11	9.9651310695e-13
1.02276573695e-10	5.15133568397e-12
1.05929308469e-10	1.66938158176e-11
1.09582043244e-10	4.46740656621e-11
1.13234778019e-10	1.06220783905e-10
1.16887512794e-10	2.31473028245e-10
1.20540247569e-10	4.6988948843e-10
1.24192982344e-10	8.97104251996e-10
1.27845717118e-10	1.62027949391e-09
1.31498451893e-10	2.77810280336e-09
1.35151186668e-10	4.52914822313e-09
1.38803921443e-10	7.01943880799e-09
1.42456656218e-10	1.03169440768e-08
1.46109390992e-10	1.42979688089e-08
1.49762125767e-10	1.84688062621e-08
1.53414860542e-10	2.17066731256e-08
1.57067595317e-10	2.19082436637e-08
1.60720330092e-10	1.55436025162e-08
1.64373064866e-10	-2.87072948746e-09
1.68025799641e-10	-4.13433522972e-08
1.71678534416e-10	-1.10958957578e-07
1.75331269191e-10	-2.26312028673e-07
1.78984003966e-10	-4.05694883909e-07
1.8263673874e-10	-6.70890095478e-07
1.86289473515e-10	-1.04640554355e-06
1.8994220829e-10	-1.55800165658e-06
1.93594943065e-10	-2.23038063041e-06
1.9724767784e-10	-3.08398364268e-06
2.00900412615e-10	-4.13088054074e-06
2.04553147389e-10	-5.36987465694e-06
2.08205882164e-10	-6.78103407381e-06
2.11858616939e-10	-8.32003422602e-06
2.15511351714e-10	-9.91279853224e-06
2.19164086489e-10	-1.14511725542e-05
2.22816821263e-10	-1.27903542761e-05
2.26469556038e-10	-1.37489674898e-05
2.30122290813e-10	-1.41125378832e-05
2.33775025588e-10	-1.3640938846e-05
2.37427760363e-10	-1.20801207686e-05
2.41080495137e-10	-9.17785382626e-06
2.44733229912e-10	-4.70303865541e-06
2.48385964687e-10	1.53252986479e-06
2.52038699462e-10	9.65124183949e-06
2.55691434237e-10	1.968704305e-05
2.59344169011e-10	3.15649544973e-05
2.62996903786e-10	4.50845373052e-05
2.66649638561e-10	5.99091399636e-05
2.70302373336e-10	7.55632554501e-05
2.73955108111e-10	9.14397560337e-05
2.77607842885e-10	0.000106818422864
2.8126057766e-10	0.000120896425869
2.84913312435e-10	0.000132830409711
2.8856604721e-10	0.000141787089888
2.92218781985e-10	0.000147000138895
2.9587151676e-10	0.000147826971443
2.99524251534e-10	0.000143802883031
3.03176986309e-10	0.000134686380989
3.06829721084e-10	0.00012049408906
3.10482455859e-10	0.000101521866782
3.14135190634e-10	7.83514751674e-05
3.17787925408e-10	5.18410215591e-05
3.21440660183e-10	2.3097310077e-05
3.25093394958e-10	-6.57088025946e-06
3.28746129733e-10	-3.57196904588e-05
3.32398864508e-10	-6.28550706097e-05
3.36051599282e-10	-8.65307983986e-05
3.39704334057e-10	-0.000105451103082
3.43357068832e-10	-0.000118567493701
3.47009803607e-10	-0.000125157866933
3.50662538382e-10	-0.000124881200463
3.54315273156e-10	-0.000117802429486
3.57968007931e-10	-0.000104389354419
3.61620742706e-10	-8.54853660712e-05
3.65273477481e-10	-6.22643465249e-05
3.68926212256e-10	-3.616987442e-05
3.72578947031e-10	-8.84024814241e-06
3.76231681805e-10	1.79832993581e-05
3.7988441658e-10	4.25662010457e-05
3.83537151355e-10	6.33052077319e-05
3.8718988613e-10	7.88584147813e-05
3.90842620905e-10	8.8263987891e-05
3.94495355679e-10	9.10283979465e-05
3.98148090454e-10	8.71669790286e-05
4.01800825229e-10	7.71892100602e-05
4.05453560004e-10	6.20334267296e-05
4.09106294779e-10	4.29669621553e-05
4.12759029553e-10	2.14729889194e-05
4.16411764328e-10	-8.57155569634e-07
4.20064499103e-10	-2.2416134243e-05
4.23717233878e-10	-4.16600173594e-05
4.27369968653e-10	-5.71872119508e-05
4.31022703427e-10	-6.78266733303e-05
4.34675438202e-10	-7.27407141312e-05
4.38328172977e-10	-7.1529345405e-05
4.41980907752e-10	-6.4311969254e-05
4.45633642527e-10	-5.17554040016e-05
4.49286377302e-10	-3.50267705471e-05
4.52939112076e-10	-1.5666645595e-05
4.56591846851e-10	4.59621071514e-06
4.60244581626e-10	2.40474821567e-05
4.63897316401e-10	4.11618289036e-05
4.67550051176e-10	5.47145723431e-05
4.7120278595e-10	6.38208248347e-05
4.74855520725e-10	6.79209078953e-05
4.785082555e-10	6.6749560574e-05
4.82160990275e-10	6.03251746725e-05
4.8581372505e-10	4.89786798425e-05
4.89466459824e-10	3.34091832883e-05
4.93119194599e-10	1.47287767049e-05
4.96771929374e-10	-5.5534763419e-06
5.00424664149e-10	-2.56421606082e-05
5.04077398924e-10	-4.36637128587e-05
5.07730133698e-10	-5.79314132665e-05
5.11382868473e-10	-6.71988045724e-05
5.15035603248e-10	-7.08256775397e-05
5.18688338023e-10	-6.88093705321e-05
5.22341072798e-10	-6.16789011474e-05
5.25993807573e-10	-5.03019095959e-05
5.29646542347e-10	-3.56825457857e-05
5.33299277122e-10	-1.88286478533e-05
5.36952011897e-10	-7.252370402e-07
5.40604746672e-10	1.75999020939e-05
5.44257481447e-10	3.49848592123e-05
5.47910216221e-10	5.00998053212e-05
5.51562950996e-10	6.15334620306e-05
5.55215685771e-10	6.80077127981e-05
5.58868420546e-10	6.86642788423e-05
5.62521155321e-10	6.33211411696e-05
5.66173890095e-10	5.25923551322e-05
5.6982662487e-10	3.78060008188e-05
5.73479359645e-10	2.07309781217e-05
5.7713209442e-10	3.19775787716e-06
5.80784829195e-10	-1.32551161869e-05
5.84437563969e-10	-2.75869335837e-05
5.88090298744e-10	-3.92521501453e-05
5.91743033519e-10	-4.80180201521e-05
5.95395768294e-10	-5.37094988431e-05
5.99048503069e-10	-5.60205180591e-05
6.02701237844e-10	-5.44983577129e-05
6.06353972618e-10	-4.8724755743e-05
6.10006707393e-10	-3.86209130738e-05
6.13659442168e-10	-2.47330233378e-05
6.17312176943e-10	-8.34891056911e-06
6.20964911718e-10	8.64287312652e-06
6.24617646492e-10	2.4136232696e-05
6.28270381267e-10	3.6310289488e-05
6.31923116042e-10	4.40689586867e-05
6.35575850817e-10	4.72485826322e-05
6.39228585592e-10	4.65132552563e-05
6.42881320366e-10	4.29827878179e-05
6.46534055141e-10	3.77530022888e-05
6.50186789916e-10	3.15127449539e-05
6.53839524691e-10	2.44196814947e-05
6.57492259466e-10	1.62806879871e-05
6.6114499424e-10	6.94187951922e-06
6.64797729015e-10	-3.3059533564e-06
6.6845046379e-10	-1.35143878879e-05
6.72103198565e-10	-2.21856660119e-05
6.7575593334e-10	-2.7687044394e-05
6.79408668115e-10	-2.88185394766e-05
6.83061402889e-10	-2.52983904829e-05
6.86714137664e-10	-1.79537962595e-05
6.90366872439e-10	-8.51396066537e-06
6.94019607214e-10	9.3075702523e-07
6.97672341989e-10	8.60007185111e-06
7.01325076763e-10	1.35555094403e-05
7.04977811538e-10	1.58784037012e-05
7.08630546313e-10	1.64262035014e-05
7.12283281088e-10	1.62828366683e-05
7.15936015863e-10	1.61542795922e-05
7.19588750637e-10	1.59866822287e-05
7.23241485412e-10	1.49846226805e-05
7.26894220187e-10	1.20278964459e-05
7.30546954962e-10	6.30234592336e-06
7.34199689737e-10	-2.14138387378e-06
7.37852424511e-10	-1.21649228504e-05
7.41505159286e-10	-2.17799545226e-05
7.45157894061e-10	-2.87754635337e-05
7.48810628836e-10	-3.14915801027e-05
7.52463363611e-10	-2.94237715934e-05
7.56116098385e-10	-2.34014592024e-05
7.5976883316e-10	-1.52549034738e-05
7.63421567935e-10	-7.10309200258e-06
7.6707430271e-10	-5.57168036153e-07
7.70727037485e-10	3.82141382715e-06
7.7437977226e-10	6.58053414782e-06
7.78032507034e-10	8.93728929441e-06
7.81685241809e-10	1.2045710946e-05
7.85337976584e-10	1.63086901921e-05
7.88990711359e-10	2.10523587612e-05
7.92643446134e-10	2.47186917477e-05
7.96296180908e-10	2.55027300682e-05
7.99948915683e-10	2.21645434522e-05
8.03601650458e-10	1.46631780353e-05
8.07254385233e-10	4.33050473703e-06
8.10907120008e-10	-6.51017478503e-06
8.14559854782e-10	-1.53413525368e-05
8.18212589557e-10	-2.03450788376e-05
8.21865324332e-10	-2.10234516089e-05
8.25518059107e-10	-1.82856560969e-05
8.29170793882e-10	-1.39650387609e-05
8.32823528656e-10	-9.98016298581e-06
8.36476263431e-10	-7.5088697713e-06
8.40128998206e-10	-6.5388337589e-06
8.43781732981e-10	-5.98500673732e-06
8.47434467756e-10	-4.31135117651e-06
8.51087202531e-10	-3.66643419625e-07
8.54739937305e-10	5.94322142433e-06
8.5839267208e-10	1.34509498366e-05
8.62045406855e-10	2.0089151576e-05
8.6569814163e-10	2.36728026266e-05
8.69350876405e-10	2.277874637e-05
8.73003611179e-10	1.73521625584e-05
8.76656345954e-10	8.77988202319e-06
8.80309080729e-10	-6.12189857918e-07
8.83961815504e-10	-8.43390000682e-06
8.87614550279e-10	-1.31134889898e-05
8.91267285053e-10	-1.44126726127e-05
8.94920019828e-10	-1.33617379561e-05
8.98572754603e-10	-1.16569053716e-05
9.02225489378e-10	-1.0804702697e-05
9.05878224153e-10	-1.14028166536e-05
9.09530958927e-10	-1.28765377667e-05
9.13183693702e-10	-1.37746479822e-05
9.16836428477e-10	-1.24803858625e-05
9.20489163252e-10	-8.01473447609e-06
9.24141898027e-10	-5.80872686839e-07
9.27794632802e-10	8.38596781705e-06
9.31447367576e-10	1.66894585618e-05
9.35100102351e-10	2.21740669986e-05
9.38752837126e-10	2.35296990923e-05
9.42405571901e-10	2.07644427519e-05
9.46058306676e-10	1.51471379013e-05
9.4971104145e-10	8.64497815201e-06
9.53363776225e-10	3.10552212568e-06
9.57016511e-10	-4.5747380284e-07
9.60669245775e-10	-2.16311210011e-06
9.6432198055e-10	-3.03570939764e-06
9.67974715324e-10	-4.38033691808e-06
9.71627450099e-10	-7.06727092847e-06
9.75280184874e-10	-1.10537248474e-05
9.78932919649e-10	-1.53465582571e-05
9.82585654424e-10	-1.84050484222e-05
9.86238389198e-10	-1.8796571112e-05
9.89891123973e-10	-1.58224197548e-05
9.93543858748e-10	-9.85359031347e-06
9.97196593523e-10	-2.23973964353e-06
1.0008493283e-09	5.17348314588e-06
1.00450206307e-09	1.07201382207e-05
1.00815479785e-09	1.35011331395e-05
1.01180753262e-09	1.36341212738e-05
1.0154602674e-09	1.2067246189e-05
1.01911300217e-09	1.00559033172e-05
1.02276573695e-09	8.55959501678e-06
1.02641847172e-09	7.84072699389e-06
1.0300712065e-09	7.43848102047e-06
1.03372394127e-09	6.49766514016e-06
1.03737667605e-09	4.26964732014e-06
1.04102941082e-09	5.38827087837e-07
1.0446821456e-09	-4.21050418709e-06
1.04833488037e-09	-8.94291463283e-06
1.05198761515e-09	-1.24552778971e-05
1.05564034992e-09	-1.38290600944e-05
1.05929308469e-09	-1.27695819856e-05
1.06294581947e-09	-9.69865777734e-06
1.06659855424e-09	-5.56574605071e-06
1.07025128902e-09	-1.45822423292e-06
1.07390402379e-09	1.81635050467e-06
1.07755675857e-09	3.98615037511e-06
1.08120949334e-09	5.29510458591e-06
1.08486222812e-09	6.23525971832e-06
1.08851496289e-09	7.18808172451e-06
1.09216769767e-09	8.17379736873e-06
1.09582043244e-09	8.83559903286e-06
1.09947316722e-09	8.64758033003e-06
1.10312590199e-09	7.21621637467e-06
1.10677863677e-09	4.51196405038e-06
1.11043137154e-09	9.2418027009e-07
1.11408410632e-09	-2.86846250219e-06
1.11773684109e-09	-6.13846611941e-06
1.12138957587e-09	-8.35451123748e-06
1.12504231064e-09	-9.33544913551e-06
1.12869504542e-09	-9.25742097024e-06
1.13234778019e-09	-8.51163451898e-06
1.13600051497e-09	-7.47462047457e-06
1.13965324974e-09	-6.30167693316e-06
1.14330598452e-09	-4.86010230816e-06
1.14695871929e-09	-2.85469232608e-06
1.15061145406e-09	-8.87385134263e-08
1.15426418884e-09	3.29076530647e-06
1.15791692361e-09	6.72265156254e-06
1.16156965839e-09	9.40142695072e-06
1.16522239316e-09	1.06116037841e-05
1.16887512794e-09	1.00497509266e-05
1.17252786271e-09	7.96519429969e-06
1.17618059749e-09	5.05113996496e-06
1.17983333226e-09	2.14837331214e-06
1.18348606704e-09	-9.44396383318e-08
1.18713880181e-09	-1.45617021019e-06
1.19079153659e-09	-2.18402652763e-06
1.19444427136e-09	-2.82829731191e-06
1.19809700614e-09	-3.93458276449e-06
1.20174974091e-09	-5.71608973132e-06
1.20540247569e-09	-7.8545915585e-06
1.20905521046e-09	-9.55027201144e-06
1.21270794524e-09	-9.84045016139e-06
1.21636068001e-09	-8.06776267837e-06
1.22001341479e-09	-4.27287466209e-06
1.22366614956e-09	7.06215146806e-07
1.22731888434e-09	5.51153198103e-06
1.23097161911e-09	8.80480035903e-06
1.23462435389e-09	9.81430014235e-06
1.23827708866e-09	8.62836895976e-06
1.24192982344e-09	6.10855977357e-06
1.24558255821e-09	3.47831905856e-06
1.24923529298e-09	1.78271096729e-06
1.25288802776e-09	1.44914680789e-06
1.25654076253e-09	2.12330246541e-06
1.26019349731e-09	2.84202587864e-06
1.26384623208e-09	2.48232058198e-06
1.26749896686e-09	3.15982230603e-07
1.27115170163e-09	-3.56436376592e-06
1.27480443641e-09	-8.15889291061e-06
1.27845717118e-09	-1.18985981317e-05
1.28210990596e-09	-1.32936227146e-05
1.28576264073e-09	-1.1605908071e-05
1.28941537551e-09	-7.21949743365e-06
1.29306811028e-09	-1.51594259989e-06
1.29672084506e-09	3.6956211602e-06
1.30037357983e-09	6.92514959155e-06
1.30402631461e-09	7.5828044146e-06
1.30767904938e-09	6.14906946339e-06
1.31133178416e-09	3.88826924791e-06
1.31498451893e-09	2.25289937816e-06
1.31863725371e-09	2.23499830554e-06
1.32228998848e-09	3.92309556219e-06
1.32594272326e-09	6.44178817311e-06
1.32959545803e-09	8.31154613934e-06
1.33324819281e-09	8.10340316093e-06
1.33690092758e-09	5.12447246592e-06
1.34055366235e-09	-1.77086313613e-07
1.34420639713e-09	-6.30226384146e-06
1.3478591319e-09	-1.12818131583e-05
1.35151186668e-09	-1.3496636484e-05
1.35516460145e-09	-1.23579607134e-05
1.35881733623e-09	-8.52886080338e-06
1.362470071e-09	-3.59790243465e-06
1.36612280578e-09	6.24304313135e-07
1.36977554055e-09	2.85482951767e-06
1.37342827533e-09	2.8157056704e-06
1.3770810101e-09	1.26545127443e-06
1.38073374488e-09	-3.96299640215e-07
1.38438647965e-09	-7.75109498363e-07
1.38803921443e-09	8.79636871787e-07
1.3916919492e-09	4.29998505069e-06
1.39534468398e-09	8.25634765533e-06
1.39899741875e-09	1.10504082613e-05
1.40265015353e-09	1.12548887046e-05
1.4063028883e-09	8.37588277136e-06
1.40995562308e-09	3.12140056735e-06
1.41360835785e-09	-2.86589357756e-06
1.41726109263e-09	-7.69408495671e-06
1.4209138274e-09	-1.00010414599e-05
1.42456656218e-09	-9.46924171785e-06
1.42821929695e-09	-6.8634441277e-06
1.43187203173e-09	-3.61594109677e-06
1.4355247665e-09	-1.17604979266e-06
1.43917750127e-09	-4.11046023885e-07
1.44283023605e-09	-1.28832164137e-06
1.44648297082e-09	-2.9408719513e-06
1.4501357056e-09	-4.07601385177e-06
1.45378844037e-09	-3.56607338858e-06
1.45744117515e-09	-9.85984769386e-07
1.46109390992e-09	3.13661200835e-06
1.4647466447e-09	7.48970620634e-06
1.46839937947e-09	1.05139174593e-05
1.47205211425e-09	1.107312778e-05
1.47570484902e-09	8.94460970358e-06
1.4793575838e-09	4.89616650157e-06
1.48301031857e-09	3.26371104364e-07
1.48666305335e-09	-3.3422955994e-06
1.49031578812e-09	-5.22449278151e-06
1.4939685229e-09	-5.24998961282e-06
1.49762125767e-09	-4.07781573131e-06
1.50127399245e-09	-2.73001819551e-06
1.50492672722e-09	-2.12081286577e-06
1.508579462e-09	-2.6678293068e-06
1.51223219677e-09	-4.12374782854e-06
1.51588493155e-09	-5.68818745705e-06
1.51953766632e-09	-6.36234614149e-06
1.5231904011e-09	-5.40955647921e-06
1.52684313587e-09	-2.72256960443e-06
1.53049587065e-09	1.08204582716e-06
1.53414860542e-09	4.9006870313e-06
1.53780134019e-09	7.60529303534e-06
1.54145407497e-09	8.5054388137e-06
1.54510680974e-09	7.59034094244e-06
1.54875954452e-09	5.45479014136e-06
1.55241227929e-09	2.98005681998e-06
1.55606501407e-09	9.46116081479e-07
1.55971774884e-09	-2.48799118197e-07
1.56337048362e-09	-6.68939257764e-07
1.56702321839e-09	-7.29152588974e-07
1.57067595317e-09	-9.61550071565e-07
1.57432868794e-09	-1.75561496008e-06
1.57798142272e-09	-3.16456595328e-06
1.58163415749e-09	-4.85317298171e-06
1.58528689227e-09	-6.22009025619e-06
1.58893962704e-09	-6.65649497478e-06
1.59259236182e-09	-5.82796684512e-06
1.59624509659e-09	-3.83988611929e-06
1.59989783137e-09	-1.19757302741e-06
1.60355056614e-09	1.41629516293e-06
1.60720330092e-09	3.42529844488e-06
1.61085603569e-09	4.5562517812e-06
1.61450877047e-09	4.86832163915e-06
1.61816150524e-09	4.63361226366e-06
1.62181424002e-09	4.16138425408e-06
1.62546697479e-09	3.65876073261e-06
1.62911970956e-09	3.1743368254e-06
1.63277244434e-09	2.61993699269e-06
1.63642517911e-09	1.84277746484e-06
1.64007791389e-09	7.19882429223e-07
1.64373064866e-09	-7.53566169465e-07
1.64738338344e-09	-2.41667967771e-06
1.65103611821e-09	-3.96897661403e-06
1.65468885299e-09	-5.07348664769e-06
1.65834158776e-09	-5.4932590956e-06
1.66199432254e-09	-5.18699482654e-06
1.66564705731e-09	-4.30693626186e-06
1.66929979209e-09	-3.10313265572e-06
1.67295252686e-09	-1.79814249179e-06
1.67660526164e-09	-5.10785753249e-07
1.68025799641e-09	7.3425449898e-07
1.68391073119e-09	1.93724429209e-06
1.68756346596e-09	3.05507441567e-06
1.69121620074e-09	3.9811153556e-06
1.69486893551e-09	4.57613424487e-06
1.69852167029e-09	4.72081956104e-06
1.70217440506e-09	4.35783925923e-06
1.70582713984e-09	3.51153215661e-06
1.70947987461e-09	2.2885171802e-06
1.71313260939e-09	8.61981860112e-07
1.71678534416e-09	-5.64118515456e-07
1.72043807894e-09	-1.80950614492e-06
1.72409081371e-09	-2.77063497833e-06
1.72774354848e-09	-3.43984387996e-06
1.73139628326e-09	-3.87174054595e-06
1.73504901803e-09	-4.11322866967e-06
1.73870175281e-09	-4.14479643496e-06
1.74235448758e-09	-3.87706279525e-06
1.74600722236e-09	-3.20944050713e-06
1.74965995713e-09	-2.11255053273e-06
1.75331269191e-09	-6.79805800985e-07
1.75696542668e-09	8.8393942832e-07
1.76061816146e-09	2.32696257285e-06
1.76427089623e-09	3.42960387911e-06
1.76792363101e-09	4.06044631518e-06
1.77157636578e-09	4.19342779878e-06
1.77522910056e-09	3.89252431887e-06
1.77888183533e-09	3.2762156934e-06
1.78253457011e-09	2.47379659868e-06
1.78618730488e-09	1.58428512975e-06
1.78984003966e-09	6.53324583766e-07
1.79349277443e-09	-3.18064429905e-07
1.79714550921e-09	-1.33307007388e-06
1.80079824398e-09	-2.34976428715e-06
1.80445097876e-09	-3.25695691572e-06
1.80810371353e-09	-3.89743331652e-06
1.81175644831e-09	-4.12952800843e-06
1.81540918308e-09	-3.89092633668e-06
1.81906191785e-09	-3.22620039128e-06
1.82271465263e-09	-2.2639835322e-06
1.8263673874e-09	-1.16139828776e-06
1.83002012218e-09	-5.01026797828e-08
1.83367285695e-09	9.88787121514e-07
1.83732559173e-09	1.91634507019e-06
1.8409783265e-09	2.70653799817e-06
1.84463106128e-09	3.31737047077e-06
1.84828379605e-09	3.67740832985e-06
1.85193653083e-09	3.6971087809e-06
1.8555892656e-09	3.30330959741e-06
1.85924200038e-09	2.48606448849e-06
1.86289473515e-09	1.33438445005e-06
1.86654746993e-09	3.58502370013e-08
1.8702002047e-09	-1.17242996112e-06
1.87385293948e-09	-2.08693876402e-06
1.87750567425e-09	-2.61517826061e-06
1.88115840903e-09	-2.80431913779e-06
1.8848111438e-09	-2.80096077176e-06
1.88846387858e-09	-2.76071432381e-06
1.89211661335e-09	-2.75449835385e-06
1.89576934813e-09	-2.72157518566e-06
1.8994220829e-09	-2.49434953048e-06
1.90307481768e-09	-1.88567560144e-06
1.90672755245e-09	-7.99569491505e-07
1.91038028723e-09	6.83742513274e-07
1.914033022e-09	2.29167665111e-06
1.91768575677e-09	3.6292470611e-06
1.92133849155e-09	4.31877253959e-06
1.92499122632e-09	4.15571122403e-06
1.9286439611e-09	3.21040010931e-06
1.93229669587e-09	1.81792833587e-06
1.93594943065e-09	4.48241937789e-07
1.93960216542e-09	-4.91898731525e-07
1.9432549002e-09	-8.33545421131e-07
1.94690763497e-09	-7.11291555433e-07
1.95056036975e-09	-4.86974613523e-07
1.95421310452e-09	-5.65712277023e-07
1.9578658393e-09	-1.18952051764e-06
1.96151857407e-09	-2.30061058915e-06
1.96517130885e-09	-3.53681369347e-06
1.96882404362e-09	-4.3648408905e-06
1.9724767784e-09	-4.30337064472e-06
1.97612951317e-09	-3.14707529014e-06
1.97978224795e-09	-1.0947469633e-06
1.98343498272e-09	1.28687381107e-06
1.9870877175e-09	3.26561536212e-06
1.99074045227e-09	4.23776936032e-06
1.99439318705e-09	3.98424134573e-06
1.99804592182e-09	2.76645545227e-06
2.0016986566e-09	1.20905164636e-06
2.00535139137e-09	1.8716554917e-08
2.00900412615e-09	-3.31736050185e-07
2.01265686092e-09	1.90129430422e-07
2.01630959569e-09	1.17028207569e-06
2.01996233047e-09	1.94022408095e-06
2.02361506524e-09	1.88211477337e-06
2.02726780002e-09	7.17384544657e-07
2.03092053479e-09	-1.34009759734e-06
2.03457326957e-09	-3.63549858662e-06
2.03822600434e-09	-5.31828783323e-06
2.04187873912e-09	-5.69194315858e-06
2.04553147389e-09	-4.52334018064e-06
2.04918420867e-09	-2.17050614992e-06
2.05283694344e-09	5.43421585064e-07
2.05648967822e-09	2.66769944801e-06
2.06014241299e-09	3.52559649741e-06
2.06379514777e-09	2.99643394897e-06
2.06744788254e-09	1.54774686223e-06
2.07110061732e-09	7.5044293002e-09
2.07475335209e-09	-8.15107554786e-07
2.07840608687e-09	-4.88303740553e-07
2.08205882164e-09	8.55957360102e-07
2.08571155642e-09	2.57996910591e-06
2.08936429119e-09	3.81267727789e-06
2.09301702597e-09	3.82562274126e-06
2.09666976074e-09	2.36065702097e-06
2.10032249552e-09	-2.27145658727e-07
2.10397523029e-09	-3.08282153583e-06
2.10762796506e-09	-5.18793774518e-06
2.11128069984e-09	-5.78543961183e-06
2.11493343461e-09	-4.70553436571e-06
2.11858616939e-09	-2.43973522629e-06
2.12223890416e-09	7.62592762271e-08
2.12589163894e-09	1.87270376273e-06
2.12954437371e-09	2.35887657141e-06
2.13319710849e-09	1.55496650223e-06
2.13684984326e-09	4.88973039836e-08
2.14050257804e-09	-1.28688159862e-06
2.14415531281e-09	-1.68674320378e-06
2.14780804759e-09	-8.24826464907e-07
2.15146078236e-09	1.0414835856e-06
2.15511351714e-09	3.17130295002e-06
2.15876625191e-09	4.64426261715e-06
2.16241898669e-09	4.7496893103e-06
2.16607172146e-09	3.30127591042e-06
2.16972445624e-09	7.37339632906e-07
2.17337719101e-09	-2.04771592394e-06
2.17702992579e-09	-4.07574134442e-06
2.18068266056e-09	-4.69566128913e-06
2.18433539534e-09	-3.84577424484e-06
2.18798813011e-09	-2.05049929036e-06
2.19164086489e-09	-1.63303901957e-07
2.19529359966e-09	1.01670384822e-06
2.19894633444e-09	1.07863471044e-06
2.20259906921e-09	1.47469002343e-07
2.20625180398e-09	-1.20116570201e-06
2.20990453876e-09	-2.20726411726e-06
2.21355727353e-09	-2.25878335414e-06
2.21721000831e-09	-1.15717887184e-06
2.22086274308e-09	7.88222983772e-07
2.22451547786e-09	2.8775735359e-06
2.22816821263e-09	4.30757739878e-06
2.23182094741e-09	4.51019047887e-06
2.23547368218e-09	3.39565411878e-06
2.23912641696e-09	1.38693161489e-06
2.24277915173e-09	-7.7008335353e-07
2.24643188651e-09	-2.33128403693e-06
2.25008462128e-09	-2.86011416506e-06
2.25373735606e-09	-2.37942487047e-06
2.25739009083e-09	-1.31445381157e-06
2.26104282561e-09	-2.72759820064e-07
2.26469556038e-09	2.29357127068e-07
2.26834829516e-09	-2.3027958207e-08
2.27200102993e-09	-8.7302393581e-07
2.27565376471e-09	-1.87620298675e-06
2.27930649948e-09	-2.49869182767e-06
2.28295923426e-09	-2.34856764791e-06
2.28661196903e-09	-1.34846763444e-06
2.29026470381e-09	2.24348031708e-07
2.29391743858e-09	1.85051214885e-06
2.29757017335e-09	2.9872946925e-06
2.30122290813e-09	3.29326681481e-06
2.3048756429e-09	2.75644461567e-06
2.30852837768e-09	1.66998120221e-06
2.31218111245e-09	4.79132175712e-07
2.31583384723e-09	-4.18732899021e-07
2.319486582e-09	-8.2517549771e-07
2.32313931678e-09	-7.85350081856e-07
2.32679205155e-09	-5.25013795993e-07
2.33044478633e-09	-3.24472587465e-07
2.3340975211e-09	-3.89420268476e-07
2.33775025588e-09	-7.67092068088e-07
2.34140299065e-09	-1.33453826834e-06
2.34505572543e-09	-1.85719811441e-06
2.3487084602e-09	-2.09378239902e-06
2.35236119498e-09	-1.90197140171e-06
2.35601392975e-09	-1.29928007198e-06
2.35966666453e-09	-4.49431993843e-07
2.3633193993e-09	4.15921654451e-07
2.36697213408e-09	1.0983642369e-06
2.37062486885e-09	1.50261716669e-06
2.37427760363e-09	1.64427891036e-06
2.3779303384e-09	1.60223054024e-06
2.38158307318e-09	1.45418793807e-06
2.38523580795e-09	1.23565941124e-06
2.38888854273e-09	9.40720852327e-07
2.3925412775e-09	5.5382125197e-07
2.39619401227e-09	8.54366728475e-08
2.39984674705e-09	-4.11508416676e-07
2.40349948182e-09	-8.53352617014e-07
2.4071522166e-09	-1.15750971474e-06
2.41080495137e-09	-1.27992146304e-06
2.41445768615e-09	-1.23881694947e-06
2.41811042092e-09	-1.1120036163e-06
2.4217631557e-09	-1.00135689252e-06
2.42541589047e-09	-9.77064743779e-07
2.42906862525e-09	-1.02760988341e-06
2.43272136002e-09	-1.0484005486e-06
2.4363740948e-09	-8.85174770815e-07
2.44002682957e-09	-4.19210451241e-07
2.44367956435e-09	3.47671676337e-07
2.44733229912e-09	1.25771461512e-06
2.4509850339e-09	2.0380985859e-06
2.45463776867e-09	2.40715581867e-06
2.45829050345e-09	2.19844397975e-06
2.46194323822e-09	1.44570842053e-06
2.465595973e-09	3.86116557394e-07
2.46924870777e-09	-6.23290006274e-07
2.47290144255e-09	-1.24630339826e-06
2.47655417732e-09	-1.30770074236e-06
2.4802069121e-09	-8.73671908153e-07
2.48385964687e-09	-2.31287778263e-07
2.48751238165e-09	2.32160941138e-07
2.49116511642e-09	2.05651669916e-07
2.49481785119e-09	-3.90873651668e-07
2.49847058597e-09	-1.34753697978e-06
2.50212332074e-09	-2.23769393415e-06
2.50577605552e-09	-2.59849630879e-06
2.50942879029e-09	-2.14169489254e-06
2.51308152507e-09	-9.0008276743e-07
2.51673425984e-09	7.60020178348e-07
2.52038699462e-09	2.27040612799e-06
2.52403972939e-09	3.08661901727e-06
2.52769246417e-09	2.91396429475e-06
2.53134519894e-09	1.83951708266e-06
2.53499793372e-09	3.08589910958e-07
2.53865066849e-09	-1.0513447819e-06
2.54230340327e-09	-1.69318202836e-06
2.54595613804e-09	-1.38874554523e-06
2.54960887282e-09	-3.37067849188e-07
2.55326160759e-09	9.13497167687e-07
2.55691434237e-09	1.70294663349e-06
2.56056707714e-09	1.55637782484e-06
2.56421981192e-09	4.08370823379e-07
2.56787254669e-09	-1.34772319882e-06
2.57152528147e-09	-3.01098006616e-06
2.57517801624e-09	-3.86345061543e-06
2.57883075102e-09	-3.4773910329e-06
2.58248348579e-09	-1.91011389461e-06
2.58613622056e-09	2.99008693361e-07
2.58978895534e-09	2.333589606e-06
2.59344169011e-09	3.43014733062e-06
2.59709442489e-09	3.19780789937e-06
2.60074715966e-09	1.79189706273e-06
2.60439989444e-09	-1.41945646348e-07
2.60805262921e-09	-1.73816171412e-06
2.61170536399e-09	-2.28599415664e-06
2.61535809876e-09	-1.54487614168e-06
2.61901083354e-09	1.41611796067e-07
2.62266356831e-09	1.98787475369e-06
2.62631630309e-09	3.10546366222e-06
2.62996903786e-09	2.89206926141e-06
2.63362177264e-09	1.3034896682e-06
2.63727450741e-09	-1.10898086803e-06
2.64092724219e-09	-3.41276069094e-06
2.64457997696e-09	-4.67482129807e-06
2.64823271174e-09	-4.35316758285e-06
2.65188544651e-09	-2.53695887409e-06
2.65553818129e-09	7.21748580901e-08
2.65919091606e-09	2.43938910671e-06
2.66284365084e-09	3.62784984986e-06
2.66649638561e-09	3.19989925401e-06
2.67014912039e-09	1.41118493957e-06
2.67380185516e-09	-8.94833910081e-07
2.67745458994e-09	-2.65157351009e-06
2.68110732471e-09	-3.03583172467e-06
2.68476005948e-09	-1.83134012843e-06
2.68841279426e-09	4.69857621255e-07
2.69206552903e-09	2.87153079626e-06
2.69571826381e-09	4.29561913506e-06
2.69937099858e-09	4.04374861773e-06
2.70302373336e-09	2.10559232983e-06
2.70667646813e-09	-8.17496577099e-07
2.71032920291e-09	-3.58790356358e-06
2.71398193768e-09	-5.09953315486e-06
2.71763467246e-09	-4.74532640737e-06
2.72128740723e-09	-2.68505635859e-06
2.72494014201e-09	2.0989422822e-07
2.72859287678e-09	2.72084781727e-06
2.73224561156e-09	3.80366185482e-06
2.73589834633e-09	3.04089041947e-06
2.73955108111e-09	8.23687493323e-07
2.74320381588e-09	-1.81833019042e-06
2.74685655066e-09	-3.6651944697e-06
2.75050928543e-09	-3.83708322715e-06
2.75416202021e-09	-2.17884709741e-06
2.75781475498e-09	6.64530254824e-07
2.76146748976e-09	3.51262877984e-06
2.76512022453e-09	5.14431553711e-06
2.76877295931e-09	4.81712982037e-06
2.77242569408e-09	2.59346046505e-06
2.77607842885e-09	-6.68539563264e-07
2.77973116363e-09	-3.66383653727e-06
2.7833838984e-09	-5.18858843179e-06
2.78703663318e-09	-4.65461266685e-06
2.79068936795e-09	-2.34500134866e-06
2.79434210273e-09	7.05984341209e-07
2.7979948375e-09	3.16041013093e-06
2.80164757228e-09	3.95684412524e-06
2.80530030705e-09	2.76915943687e-06
2.80895304183e-09	1.44948691272e-07
2.8126057766e-09	-2.73375070492e-06
2.81625851138e-09	-4.56168294249e-06
2.81991124615e-09	-4.47362720024e-06
2.82356398093e-09	-2.42069162937e-06
2.8272167157e-09	7.98782402001e-07
2.83086945048e-09	3.86905082905e-06
2.83452218525e-09	5.51074310806e-06
2.83817492003e-09	5.02660145685e-06
2.8418276548e-09	2.60479745862e-06
2.84548038958e-09	-7.54291271221e-07
2.84913312435e-09	-3.66220686487e-06
2.85278585913e-09	-4.93636241572e-06
2.8564385939e-09	-4.10590104138e-06
2.86009132868e-09	-1.60811771366e-06
2.86374406345e-09	1.40956707639e-06
2.86739679823e-09	3.59317741072e-06
2.871049533e-09	3.97017129217e-06
2.87470226777e-09	2.3672299676e-06
2.87835500255e-09	-5.18970672658e-07
2.88200773732e-09	-3.42488382898e-06
2.8856604721e-09	-5.06463015881e-06
2.88931320687e-09	-4.68333297476e-06
2.89296594165e-09	-2.38353305804e-06
2.89661867642e-09	9.14492190418e-07
2.9002714112e-09	3.86295249655e-06
2.90392414597e-09	5.26057993966e-06
2.90757688075e-09	4.56392626802e-06
2.91122961552e-09	2.11428471175e-06
2.9148823503e-09	-1.01715700396e-06
2.91853508507e-09	-3.49731604388e-06
2.92218781985e-09	-4.30620633551e-06
2.92584055462e-09	-3.16878964668e-06
2.9294932894e-09	-6.59147389115e-07
2.93314602417e-09	2.0630848212e-06
2.93679875895e-09	3.76381777301e-06
2.94045149372e-09	3.67025091919e-06
2.9441042285e-09	1.80037321229e-06
2.94775696327e-09	-1.05162385466e-06
2.95140969805e-09	-3.66403892826e-06
2.95506243282e-09	-4.91640525979e-06
2.9587151676e-09	-4.26954471777e-06
2.96236790237e-09	-1.9903099826e-06
2.96602063715e-09	9.72301933189e-07
2.96967337192e-09	3.40171956736e-06
2.97332610669e-09	4.33547234024e-06
2.97697884147e-09	3.4673210223e-06
2.98063157624e-09	1.25920983862e-06
2.98428431102e-09	-1.27837122932e-06
2.98793704579e-09	-3.03531203372e-06
2.99158978057e-09	-3.28154783347e-06
2.99524251534e-09	-1.9707110539e-06
2.99889525012e-09	2.58719360602e-07
3.00254798489e-09	2.37843988771e-06
3.00620071967e-09	3.42716097634e-06
3.00985345444e-09	2.92793816925e-06
3.01350618922e-09	1.08506985441e-06
3.01715892399e-09	-1.3193597681e-06
3.02081165877e-09	-3.2769075915e-06
3.02446439354e-09	-3.99119574013e-06
3.02811712832e-09	-3.2106739809e-06
3.03176986309e-09	-1.31526195446e-06
3.03542259787e-09	8.70490808325e-07
3.03907533264e-09	2.44563435103e-06
3.04272806742e-09	2.81742748598e-06
3.04638080219e-09	1.93722041786e-06
3.05003353697e-09	2.93768465554e-07
3.05368627174e-09	-1.32367037509e-06
3.05733900652e-09	-2.18186471557e-06
3.06099174129e-09	-1.92201338223e-06
3.06464447606e-09	-7.01966804684e-07
3.06829721084e-09	8.94645815208e-07
3.07194994561e-09	2.13460390341e-06
3.07560268039e-09	2.46665533155e-06
3.07925541516e-09	1.75724758833e-06
3.08290814994e-09	3.28588427578e-07
3.08656088471e-09	-1.20720878272e-06
3.09021361949e-09	-2.23119511134e-06
3.09386635426e-09	-2.38379504935e-06
3.09751908904e-09	-1.69815807283e-06
3.10117182381e-09	-5.53110098167e-07
3.10482455859e-09	5.18997872234e-07
3.10847729336e-09	1.07506978964e-06
3.11213002814e-09	9.46989175077e-07
3.11578276291e-09	2.93393007667e-07
3.11943549769e-09	-4.96777573744e-07
3.12308823246e-09	-9.99849930849e-07
3.12674096724e-09	-9.58994917255e-07
3.13039370201e-09	-3.98294453419e-07
3.13404643679e-09	4.0328619022e-07
3.13769917156e-09	1.0607531209e-06
3.14135190634e-09	1.27703563635e-06
3.14500464111e-09	9.8267734927e-07
3.14865737589e-09	3.52871524001e-07
3.15231011066e-09	-2.98923030329e-07
3.15596284544e-09	-6.88125126658e-07
3.15961558021e-09	-6.9699835592e-07
3.16326831498e-09	-4.16596748209e-07
3.16692104976e-09	-8.01891388846e-08
3.17057378453e-09	6.97923798754e-08
3.17422651931e-09	-8.8285312394e-08
3.17787925408e-09	-4.90774795026e-07
3.18153198886e-09	-9.188262311e-07
3.18518472363e-09	-1.10868100478e-06
3.18883745841e-09	-8.91273465697e-07
3.19249019318e-09	-2.93521125627e-07
3.19614292796e-09	4.53978596937e-07
3.19979566273e-09	1.01672313235e-06
3.20344839751e-09	1.12208715564e-06
3.20710113228e-09	7.08556918028e-07
3.21075386706e-09	-2.4806463772e-08
3.21440660183e-09	-7.04243284133e-07
3.21805933661e-09	-9.65937715591e-07
3.22171207138e-09	-6.45631921259e-07
3.22536480616e-09	1.25797065209e-07
3.22901754093e-09	9.73467479071e-07
3.23267027571e-09	1.45220047898e-06
3.23632301048e-09	1.26017778257e-06
3.23997574526e-09	3.91625814444e-07
3.24362848003e-09	-8.4160781455e-07
3.24728121481e-09	-1.93168997953e-06
3.25093394958e-09	-2.39144020497e-06
3.25458668435e-09	-1.97565154281e-06
3.25823941913e-09	-8.10379646055e-07
3.2618921539e-09	6.3660088756e-07
3.26554488868e-09	1.745212586e-06
3.26919762345e-09	2.01932317623e-06
3.27285035823e-09	1.32504362682e-06
3.276503093e-09	-2.73050284605e-08
3.28015582778e-09	-1.40910492519e-06
3.28380856255e-09	-2.15682820226e-06
3.28746129733e-09	-1.88192488793e-06
3.2911140321e-09	-6.59314572715e-07
3.29476676688e-09	9.95343995669e-07
3.29841950165e-09	2.34938960375e-06
3.30207223643e-09	2.77566536511e-06
3.3057249712e-09	2.03139757105e-06
3.30937770598e-09	3.73852078184e-07
3.31303044075e-09	-1.53670171699e-06
3.31668317553e-09	-2.90888613108e-06
3.3203359103e-09	-3.15783776728e-06
3.32398864508e-09	-2.16631138983e-06
3.32764137985e-09	-3.52695707306e-07
3.33129411463e-09	1.4971117821e-06
3.3349468494e-09	2.56974814761e-06
3.33859958418e-09	2.39017671788e-06
3.34225231895e-09	1.04274739954e-06
3.34590505373e-09	-8.5939741723e-07
3.3495577885e-09	-2.44753604761e-06
3.35321052327e-09	-2.98729707993e-06
3.35686325805e-09	-2.20652404437e-06
3.36051599282e-09	-4.14727097109e-07
3.3641687276e-09	1.63352808613e-06
3.36782146237e-09	3.06501326008e-06
3.37147419715e-09	3.26127036487e-06
3.37512693192e-09	2.12195979543e-06
3.3787796667e-09	1.10461910729e-07
3.38243240147e-09	-1.93848563868e-06
3.38608513625e-09	-3.17156445817e-06
3.38973787102e-09	-3.08450168518e-06
3.3933906058e-09	-1.74425416333e-06
3.39704334057e-09	2.36882964799e-07
3.40069607535e-09	1.97158121296e-06
3.40434881012e-09	2.69288170784e-06
3.4080015449e-09	2.09551578223e-06
3.41165427967e-09	4.65464978561e-07
3.41530701445e-09	-1.45731168288e-06
3.41895974922e-09	-2.81454353512e-06
3.422612484e-09	-3.00663958797e-06
3.42626521877e-09	-1.94492253058e-06
3.42991795355e-09	-7.73211024097e-08
3.43357068832e-09	1.81321291848e-06
3.4372234231e-09	2.94411765367e-06
3.44087615787e-09	2.86177495923e-06
3.44452889265e-09	1.62757694966e-06
3.44818162742e-09	-2.13910732683e-07
3.45183436219e-09	-1.87316135225e-06
3.45548709697e-09	-2.65918501441e-06
3.45913983174e-09	-2.27919608164e-06
3.46279256652e-09	-9.59004779588e-07
3.46644530129e-09	6.70292791938e-07
3.47009803607e-09	1.86552954062e-06
3.47375077084e-09	2.10551601754e-06
3.47740350562e-09	1.31240400947e-06
3.48105624039e-09	-1.34818529673e-07
3.48470897517e-09	-1.58736841627e-06
3.48836170994e-09	-2.41913198806e-06
3.49201444472e-09	-2.29124793805e-06
3.49566717949e-09	-1.28058584892e-06
3.49931991427e-09	1.7138406605e-07
3.50297264904e-09	1.45792388651e-06
3.50662538382e-09	2.06674880587e-06
3.51027811859e-09	1.79227274089e-06
3.51393085337e-09	8.11614299323e-07
3.51758358814e-09	-4.06520783258e-07
3.52123632292e-09	-1.31965646233e-06
3.52488905769e-09	-1.55569152582e-06
3.52854179247e-09	-1.07065544341e-06
3.53219452724e-09	-1.48284067691e-07
3.53584726202e-09	7.51032324331e-07
3.53949999679e-09	1.21184172031e-06
3.54315273156e-09	1.04694245806e-06
3.54680546634e-09	3.61136038407e-07
3.55045820111e-09	-5.20625569322e-07
3.55411093589e-09	-1.21363720496e-06
3.55776367066e-09	-1.4429782027e-06
3.56141640544e-09	-1.1499382282e-06
3.56506914021e-09	-4.98568681451e-07
3.56872187499e-09	2.11642857906e-07
3.57237460976e-09	6.84618605362e-07
3.57602734454e-09	7.5736006977e-07
3.57968007931e-09	4.63809364248e-07
3.58333281409e-09	4.37336256098e-09
3.58698554886e-09	-3.63074484255e-07
3.59063828364e-09	-4.558976201e-07
3.59429101841e-09	-2.53886987878e-07
3.59794375319e-09	1.02881827502e-07
3.60159648796e-09	4.00643880738e-07
3.60524922274e-09	4.71071857078e-07
3.60890195751e-09	2.76809156929e-07
3.61255469229e-09	-7.93337369132e-08
3.61620742706e-09	-4.18715693229e-07
3.61986016184e-09	-5.83763210216e-07
3.62351289661e-09	-5.15613692187e-07
3.62716563139e-09	-2.76784071218e-07
3.63081836616e-09	-1.37395592681e-08
3.63447110094e-09	1.19417371991e-07
3.63812383571e-09	4.02239472841e-08
3.64177657048e-09	-2.16235489958e-07
3.64542930526e-09	-5.07910790759e-07
3.64908204003e-09	-6.53007653284e-07
3.65273477481e-09	-5.25426898434e-07
3.65638750958e-09	-1.31152262384e-07
3.66004024436e-09	3.78615553132e-07
3.66369297913e-09	7.72493976342e-07
3.66734571391e-09	8.53145081692e-07
3.67099844868e-09	5.62188304798e-07
3.67465118346e-09	1.74678826959e-08
3.67830391823e-09	-5.38592821897e-07
3.68195665301e-09	-8.54381781323e-07
3.68560938778e-09	-7.89007792434e-07
3.68926212256e-09	-3.78860349315e-07
3.69291485733e-09	1.78970161357e-07
3.69656759211e-09	6.15615540767e-07
3.70022032688e-09	7.10996900466e-07
3.70387306166e-09	3.94180979413e-07
3.70752579643e-09	-2.18671599939e-07
3.71117853121e-09	-8.67310880892e-07
3.71483126598e-09	-1.25720987398e-06
3.71848400076e-09	-1.19237490992e-06
3.72213673553e-09	-6.71375019579e-07
3.72578947031e-09	1.01977704503e-07
3.72944220508e-09	8.04713003788e-07
3.73309493985e-09	1.14072767587e-06
3.73674767463e-09	9.76868463454e-07
3.7404004094e-09	4.02813739697e-07
3.74405314418e-09	-3.1430053582e-07
3.74770587895e-09	-8.55156372381e-07
3.75135861373e-09	-9.92178996739e-07
3.7550113485e-09	-6.85019692526e-07
3.75866408328e-09	-8.97458800608e-08
3.76231681805e-09	5.16604231393e-07
3.76596955283e-09	8.58574473739e-07
3.7696222876e-09	7.79725397138e-07
3.77327502238e-09	3.07704272728e-07
3.77692775715e-09	-3.59289227703e-07
3.78058049193e-09	-9.39251705745e-07
3.7842332267e-09	-1.19045552083e-06
3.78788596148e-09	-1.01772914718e-06
3.79153869625e-09	-5.11641246703e-07
3.79519143103e-09	9.9098352635e-08
3.7988441658e-09	5.57926831846e-07
3.80249690058e-09	6.98073677086e-07
3.80614963535e-09	5.09324706854e-07
3.80980237013e-09	1.25526376848e-07
3.8134551049e-09	-2.53836457631e-07
3.81710783968e-09	-4.61784516403e-07
3.82076057445e-09	-4.33604906647e-07
3.82441330923e-09	-2.1963393948e-07
3.828066044e-09	5.45082596837e-08
3.83171877877e-09	2.54914130693e-07
3.83537151355e-09	2.99795679837e-07
3.83902424832e-09	1.89137033146e-07
3.8426769831e-09	-6.29463081658e-09
3.84632971787e-09	-1.88542092161e-07
3.84998245265e-09	-2.86125917626e-07
3.85363518742e-09	-2.90358947552e-07
3.8572879222e-09	-2.52966479763e-07
3.86094065697e-09	-2.45619286687e-07
3.86459339175e-09	-3.04275801e-07
3.86824612652e-09	-3.95334463832e-07
3.8718988613e-09	-4.28815056353e-07
3.87555159607e-09	-3.16027666258e-07
3.87920433085e-09	-3.76947482117e-08
3.88285706562e-09	3.21743510057e-07
3.8865098004e-09	6.01087627672e-07
3.89016253517e-09	6.4131456412e-07
3.89381526995e-09	3.76008127745e-07
3.89746800472e-09	-1.17113199138e-07
3.9011207395e-09	-6.34325495241e-07
3.90477347427e-09	-9.3051817629e-07
3.90842620905e-09	-8.3370984072e-07
3.91207894382e-09	-3.37836553399e-07
3.9157316786e-09	3.71721974091e-07
3.91938441337e-09	9.79756350716e-07
3.92303714815e-09	1.17263239474e-06
3.92668988292e-09	7.88594320511e-07
3.93034261769e-09	-8.26560855316e-08
3.93399535247e-09	-1.10669161302e-06
3.93764808724e-09	-1.83134795861e-06
3.94130082202e-09	-1.88749933727e-06
3.94495355679e-09	-1.17434682068e-06
3.94860629157e-09	6.48453148955e-08
3.95225902634e-09	1.32435752676e-06
3.95591176112e-09	2.04871895448e-06
3.95956449589e-09	1.8842578271e-06
3.96321723067e-09	8.53260324618e-07
3.96686996544e-09	-6.33155408991e-07
3.97052270022e-09	-1.93669376358e-06
3.97417543499e-09	-2.4632234954e-06
3.97782816977e-09	-1.92916610331e-06
3.98148090454e-09	-5.06092000307e-07
3.98513363932e-09	1.22658504154e-06
3.98878637409e-09	2.51220680525e-06
3.99243910887e-09	2.74212922591e-06
3.99609184364e-09	1.73788473035e-06
3.99974457842e-09	-1.4018479888e-07
4.00339731319e-09	-2.11999935118e-06
4.00705004797e-09	-3.33954642429e-06
4.01070278274e-09	-3.22823808574e-06
4.01435551752e-09	-1.77641881294e-06
4.01800825229e-09	4.35894381923e-07
4.02166098706e-09	2.47372534545e-06
4.02531372184e-09	3.44780977457e-06
4.02896645661e-09	2.9068702645e-06
4.03261919139e-09	1.04740195184e-06
4.03627192616e-09	-1.35382823885e-06
4.03992466094e-09	-3.26131180373e-06
4.04357739571e-09	-3.8228109247e-06
4.04723013049e-09	-2.745355971e-06
4.05088286526e-09	-4.41260603168e-07
4.05453560004e-09	2.12692361856e-06
4.05818833481e-09	3.84703150758e-06
4.06184106959e-09	3.93879861349e-06
4.06549380436e-09	2.30707675541e-06
4.06914653914e-09	-3.94445965668e-07
4.07279927391e-09	-3.02875253055e-06
4.07645200869e-09	-4.46176255764e-06
4.08010474346e-09	-4.05852898666e-06
4.08375747824e-09	-1.96873065761e-06
4.08741021301e-09	9.277158739e-07
4.09106294779e-09	3.39389399073e-06
4.09471568256e-09	4.36674207549e-06
4.09836841734e-09	3.41630465073e-06
4.10202115211e-09	9.35729289608e-07
4.10567388689e-09	-2.01955305101e-06
4.10932662166e-09	-4.17762129246e-06
4.11297935644e-09	-4.59339634062e-06
4.11663209121e-09	-3.05953267343e-06
4.12028482598e-09	-2.06449145779e-07
4.12393756076e-09	2.75763741797e-06
4.12759029553e-09	4.56118289094e-06
4.13124303031e-09	4.41927153361e-06
4.13489576508e-09	2.37800895775e-06
4.13854849986e-09	-6.99806321336e-07
4.14220123463e-09	-3.5052870544e-06
4.14585396941e-09	-4.84788500899e-06
4.14950670418e-09	-4.16726220465e-06
4.15315943896e-09	-1.76972707777e-06
4.15681217373e-09	1.30906266804e-06
4.16046490851e-09	3.75182932544e-06
4.16411764328e-09	4.52243710924e-06
4.16777037806e-09	3.30389258352e-06
4.17142311283e-09	6.28199295249e-07
4.17507584761e-09	-2.3543137786e-06
4.17872858238e-09	-4.36719750496e-06
4.18238131716e-09	-4.552540247e-06
4.18603405193e-09	-2.83617998775e-06
4.18968678671e-09	4.3702538477e-08
4.19333952148e-09	2.85751750084e-06
4.19699225626e-09	4.4153955514e-06
4.20064499103e-09	4.07672700931e-06
4.20429772581e-09	2.016407052e-06
4.20795046058e-09	-8.64005777146e-07
4.21160319535e-09	-3.33557210297e-06
4.21525593013e-09	-4.37105774154e-06
4.2189086649e-09	-3.5748351479e-06
4.22256139968e-09	-1.33305925942e-06
4.22621413445e-09	1.36964671071e-06
4.22986686923e-09	3.38007833989e-06
4.233519604e-09	3.86548646247e-06
4.23717233878e-09	2.65621682161e-06
4.24082507355e-09	3.01952102433e-07
4.24447780833e-09	-2.17668906544e-06
4.2481305431e-09	-3.73054277247e-06
4.25178327788e-09	-3.72739543764e-06
4.25543601265e-09	-2.20961393893e-06
4.25908874743e-09	1.4299010509e-07
4.2627414822e-09	2.32193028182e-06
4.26639421698e-09	3.4289166706e-06
4.27004695175e-09	3.05099459297e-06
4.27369968653e-09	1.41344570181e-06
4.2773524213e-09	-7.44463434899e-07
4.28100515608e-09	-2.50372983146e-06
4.28465789085e-09	-3.15760925673e-06
4.28831062563e-09	-2.49456496704e-06
4.2919633604e-09	-8.60479694609e-07
4.29561609518e-09	1.01324476987e-06
4.29926882995e-09	2.33296296415e-06
4.30292156473e-09	2.57616386534e-06
4.3065742995e-09	1.69584895104e-06
4.31022703427e-09	1.15907457854e-07
4.31387976905e-09	-1.47176406529e-06
4.31753250382e-09	-2.41256492473e-06
4.3211852386e-09	-2.36166656009e-06
4.32483797337e-09	-1.40764291245e-06
4.32849070815e-09	-4.17315415557e-09
4.33214344292e-09	1.24760117615e-06
4.3357961777e-09	1.86037729577e-06
4.33944891247e-09	1.65111300987e-06
4.34310164725e-09	7.86876384495e-07
4.34675438202e-09	-3.18257352916e-07
4.3504071168e-09	-1.19694213652e-06
4.35405985157e-09	-1.52379364238e-06
4.35771258635e-09	-1.23203810176e-06
4.36136532112e-09	-5.12004625364e-07
4.3650180559e-09	2.95769801539e-07
4.36867079067e-09	8.57853869718e-07
4.37232352545e-09	9.8403904758e-07
4.37597626022e-09	6.86392660043e-07
4.379628995e-09	1.44160779314e-07
4.38328172977e-09	-3.97918249462e-07
4.38693446455e-09	-7.42810783549e-07
4.39058719932e-09	-8.12497965796e-07
4.3942399341e-09	-6.51644192828e-07
4.39789266887e-09	-3.75903756122e-07
4.40154540365e-09	-1.01625021287e-07
4.40519813842e-09	1.03262241424e-07
4.40885087319e-09	2.27709085365e-07
4.41250360797e-09	2.91468456481e-07
4.41615634274e-09	3.09074920324e-07
4.41980907752e-09	2.69858936974e-07
4.42346181229e-09	1.46598162942e-07
4.42711454707e-09	-7.28909093084e-08
4.43076728184e-09	-3.53278423404e-07
4.43442001662e-09	-6.02148567452e-07
4.43807275139e-09	-6.98241883867e-07
4.44172548617e-09	-5.50322937443e-07
4.44537822094e-09	-1.59507770547e-07
4.44903095572e-09	3.52171259266e-07
4.45268369049e-09	7.72383252468e-07
4.45633642527e-09	8.85478790735e-07
4.45998916004e-09	5.79833191239e-07
4.46364189482e-09	-7.79207329771e-08
4.46729462959e-09	-8.459805656e-07
4.47094736437e-09	-1.39652065911e-06
4.47460009914e-09	-1.4576530134e-06
4.47825283392e-09	-9.44912656564e-07
4.48190556869e-09	-1.9881679636e-08
4.48555830347e-09	9.57697494641e-07
4.48921103824e-09	1.57139243129e-06
4.49286377302e-09	1.52750287441e-06
4.49651650779e-09	7.95974884227e-07
4.50016924256e-09	-3.54161731053e-07
4.50382197734e-09	-1.44943382452e-06
4.50747471211e-09	-2.00674085704e-06
4.51112744689e-09	-1.74768251782e-06
4.51478018166e-09	-7.37198632805e-07
4.51843291644e-09	6.23490009843e-07
4.52208565121e-09	1.75562584559e-06
4.52573838599e-09	2.15024201111e-06
4.52939112076e-09	1.59625740537e-06
4.53304385554e-09	2.86318655895e-07
4.53669659031e-09	-1.250646676e-06
4.54034932509e-09	-2.36579938928e-06
4.54400205986e-09	-2.5657204219e-06
4.54765479464e-09	-1.73017744487e-06
4.55130752941e-09	-1.77355346409e-07
4.55496026419e-09	1.45626495396e-06
4.55861299896e-09	2.47751739835e-06
4.56226573374e-09	2.43289542823e-06
4.56591846851e-09	1.31334184061e-06
4.56957120329e-09	-4.26732231773e-07
4.57322393806e-09	-2.05194518799e-06
4.57687667284e-09	-2.85817927193e-06
4.58052940761e-09	-2.47939948395e-06
4.58418214239e-09	-1.05406820694e-06
4.58783487716e-09	8.25927443771e-07
4.59148761194e-09	2.3633535875e-06
4.59514034671e-09	2.89489571514e-06
4.59879308148e-09	2.17555168547e-06
4.60244581626e-09	4.87508920344e-07
4.60609855103e-09	-1.47270232276e-06
4.60975128581e-09	-2.88301617957e-06
4.61340402058e-09	-3.14106372912e-06
4.61705675536e-09	-2.12287037016e-06
4.62070949013e-09	-2.43693552449e-07
4.62436222491e-09	1.70944882427e-06
4.62801495968e-09	2.90831266625e-06
4.63166769446e-09	2.83806897983e-06
4.63532042923e-09	1.52243275409e-06
4.63897316401e-09	-4.81864987023e-07
4.64262589878e-09	-2.32150256352e-06
4.64627863356e-09	-3.21174181295e-06
4.64993136833e-09	-2.77129822734e-06
4.65358410311e-09	-1.18331119836e-06
4.65723683788e-09	8.84365007892e-07
4.66088957266e-09	2.56186697811e-06
4.66454230743e-09	3.14242205945e-06
4.66819504221e-09	2.37788265167e-06
4.67184777698e-09	5.83268260357e-07
4.67550051176e-09	-1.4928367591e-06
4.67915324653e-09	-2.9803734094e-06
4.68280598131e-09	-3.2539562369e-06
4.68645871608e-09	-2.19977977167e-06
4.69011145085e-09	-2.66540929772e-07
4.69376418563e-09	1.72426486245e-06
4.6974169204e-09	2.92965856374e-06
4.70106965518e-09	2.84531483885e-06
4.70472238995e-09	1.51808819737e-06
4.70837512473e-09	-4.79684814536e-07
4.7120278595e-09	-2.29891736581e-06
4.71568059428e-09	-3.17458440691e-06
4.71933332905e-09	-2.74471858575e-06
4.72298606383e-09	-1.19609393323e-06
4.7266387986e-09	8.18897810007e-07
4.73029153338e-09	2.45649249564e-06
4.73394426815e-09	3.03325026607e-06
4.73759700293e-09	2.31115583915e-06
4.7412497377e-09	5.97665014368e-07
4.74490247248e-09	-1.38314015885e-06
4.74855520725e-09	-2.79712179463e-06
4.75220794203e-09	-3.05490468122e-06
4.7558606768e-09	-2.06198319574e-06
4.75951341158e-09	-2.54652650966e-07
4.76316614635e-09	1.59217542262e-06
4.76681888113e-09	2.69929424235e-06
4.7704716159e-09	2.6122431791e-06
4.77412435068e-09	1.38559104812e-06
4.77777708545e-09	-4.50183726741e-07
4.78142982023e-09	-2.11833727803e-06
4.785082555e-09	-2.92175465688e-06
4.78873528977e-09	-2.53082617974e-06
4.79238802455e-09	-1.11668126124e-06
4.79604075932e-09	7.22472144332e-07
4.7996934941e-09	2.21296915015e-06
4.80334622887e-09	2.73151636065e-06
4.80699896365e-09	2.06894026178e-06
4.81065169842e-09	5.17852370763e-07
4.8143044332e-09	-1.25537695794e-06
4.81795716797e-09	-2.4991136911e-06
4.82160990275e-09	-2.69865284963e-06
4.82526263752e-09	-1.79085773766e-06
4.8289153723e-09	-1.81217462369e-07
4.83256810707e-09	1.43807541519e-06
4.83622084185e-09	2.38514607531e-06
4.83987357662e-09	2.27249879003e-06
4.8435263114e-09	1.16209969292e-06
4.84717904617e-09	-4.67700488116e-07
4.85083178095e-09	-1.92599617321e-06
4.85448451572e-09	-2.59938744307e-06
4.8581372505e-09	-2.20904811954e-06
4.86178998527e-09	-9.27798794237e-07
4.86544272005e-09	6.9415456494e-07
4.86909545482e-09	1.96588683821e-06
4.8727481896e-09	2.35323537368e-06
4.87640092437e-09	1.70708234748e-06
4.88005365915e-09	3.2192732391e-07
4.88370639392e-09	-1.19885046956e-06
4.88735912869e-09	-2.207660458e-06
4.89101186347e-09	-2.28901953392e-06
4.89466459824e-09	-1.42891774146e-06
4.89831733302e-09	-1.06797163335e-08
4.90197006779e-09	1.35482562769e-06
4.90562280257e-09	2.08884770814e-06
4.90927553734e-09	1.88663997847e-06
4.91292827212e-09	8.42916918486e-07
4.91658100689e-09	-5.906131193e-07
4.92023374167e-09	-1.79853293503e-06
4.92388647644e-09	-2.26604433351e-06
4.92753921122e-09	-1.80072274247e-06
4.93119194599e-09	-6.14286619793e-07
4.93484468077e-09	7.73326952697e-07
4.93849741554e-09	1.76423355924e-06
4.94215015032e-09	1.94348228888e-06
4.94580288509e-09	1.25422158703e-06
4.94945561987e-09	1.28127995991e-08
4.95310835464e-09	-1.23669286722e-06
4.95676108942e-09	-1.96000684127e-06
4.96041382419e-09	-1.85853627954e-06
4.96406655897e-09	-9.90344744878e-07
4.96771929374e-09	2.60526647367e-07
4.97137202852e-09	1.35101679177e-06
4.97502476329e-09	1.8118471985e-06
4.97867749806e-09	1.44890492493e-06
4.98233023284e-09	4.26481555849e-07
4.98598296761e-09	-8.05498480361e-07
4.98963570239e-09	-1.7100949492e-06
4.99328843716e-09	-1.90041907899e-06
4.99694117194e-09	-1.3077598453e-06
5.00059390671e-09	-2.06126934188e-07
5.00424664149e-09	9.15888904274e-07
5.00789937626e-09	1.57357010266e-06
5.01155211104e-09	1.49599154042e-06
5.01520484581e-09	7.36090214559e-07
5.01885758059e-09	-3.6130385439e-07
5.02251031536e-09	-1.31413355575e-06
5.02616305014e-09	-1.71168071006e-06
5.02981578491e-09	-1.38906571578e-06
5.03346851969e-09	-4.95520573907e-07
5.03712125446e-09	5.72383505926e-07
5.04077398924e-09	1.34477670599e-06
5.04442672401e-09	1.48560560831e-06
5.04807945879e-09	9.40794151916e-07
5.05173219356e-09	-3.99823139041e-08
5.05538492834e-09	-1.0186147108e-06
5.05903766311e-09	-1.56709786836e-06
5.06269039789e-09	-1.45749514502e-06
5.06634313266e-09	-7.56749287234e-07
5.06999586744e-09	2.12070155214e-07
5.07364860221e-09	1.0194104334e-06
5.07730133698e-09	1.31862968544e-06
5.08095407176e-09	9.92892907448e-07
5.08460680653e-09	1.98908985283e-07
5.08825954131e-09	-7.06300923525e-07
5.09191227608e-09	-1.3228283251e-06
5.09556501086e-09	-1.3823120355e-06
5.09921774563e-09	-8.64717939919e-07
5.10287048041e-09	-6.25676832566e-09
5.10652321518e-09	8.07558670601e-07
5.11017594996e-09	1.21617613047e-06
5.11382868473e-09	1.04661448574e-06
5.11748141951e-09	3.88087368464e-07
5.12113415428e-09	-4.54487171453e-07
5.12478688906e-09	-1.10410343268e-06
5.12843962383e-09	-1.28226194818e-06
5.13209235861e-09	-9.28253648169e-07
5.13574509338e-09	-2.16735708491e-07
5.13939782816e-09	5.277723929e-07
5.14305056293e-09	9.77032314609e-07
5.14670329771e-09	9.40937304961e-07
5.15035603248e-09	4.46346884786e-07
5.15400876726e-09	-2.78523415886e-07
5.15766150203e-09	-9.06698986114e-07
5.16131423681e-09	-1.15834049552e-06
5.16496697158e-09	-9.26165157011e-07
5.16861970635e-09	-3.22816781306e-07
5.17227244113e-09	3.72618796263e-07
5.1759251759e-09	8.45626047408e-07
5.17957791068e-09	8.9128663916e-07
5.18323064545e-09	5.05197945699e-07
5.18688338023e-09	-1.22481154108e-07
5.190536115e-09	-7.014760115e-07
5.19418884978e-09	-9.76731129754e-07
5.19784158455e-09	-8.39644030748e-07
5.20149431933e-09	-3.68567736331e-07
5.2051470541e-09	2.14111876673e-07
5.20879978888e-09	6.44458808097e-07
5.21245252365e-09	7.33424535326e-07
5.21610525843e-09	4.48175434542e-07
5.2197579932e-09	-7.55183053869e-08
5.22341072798e-09	-5.95585213148e-07
5.22706346275e-09	-8.74646978843e-07
5.23071619753e-09	-7.89689138969e-07
5.2343689323e-09	-3.88584062705e-07
5.23802166708e-09	1.3505063734e-07
5.24167440185e-09	5.36392484207e-07
5.24532713663e-09	6.3662349703e-07
5.2489798714e-09	4.04100564566e-07
5.25263260618e-09	-3.78127036349e-08
5.25628534095e-09	-4.76258108506e-07
5.25993807573e-09	-7.10896784994e-07
5.2635908105e-09	-6.43760941443e-07
5.26724354527e-09	-3.17323781474e-07
5.27089628005e-09	1.10706341871e-07
5.27454901482e-09	4.41430557885e-07
5.2782017496e-09	5.2421400909e-07
5.28185448437e-09	3.2372506098e-07
5.28550721915e-09	-6.42671089679e-08
5.28915995392e-09	-4.56922240488e-07
5.2928126887e-09	-6.69937712416e-07
5.29646542347e-09	-6.05788137875e-07
5.30011815825e-09	-3.00728103753e-07
5.30377089302e-09	9.38066104794e-08
5.3074236278e-09	3.87084597264e-07
5.31107636257e-09	4.42977245996e-07
5.31472909735e-09	2.44028605323e-07
5.31838183212e-09	-1.05249175597e-07
5.3220345669e-09	-4.33627239005e-07
5.32568730167e-09	-5.86629376187e-07
5.32934003645e-09	-4.96768173264e-07
5.33299277122e-09	-2.10588916971e-07
5.336645506e-09	1.3643958674e-07
5.34029824077e-09	3.82682632249e-07
5.34395097555e-09	4.13749184247e-07
5.34760371032e-09	2.14570368584e-07
5.3512564451e-09	-1.22348286169e-07
5.35490917987e-09	-4.38500858735e-07
5.35856191465e-09	-5.8389478852e-07
5.36221464942e-09	-4.89939523618e-07
5.36586738419e-09	-2.0415666846e-07
5.36952011897e-09	1.32725830326e-07
5.37317285374e-09	3.56618969022e-07
5.37682558852e-09	3.61250112491e-07
5.38047832329e-09	1.48769233377e-07
5.38413105807e-09	-1.74632399208e-07
5.38778379284e-09	-4.53113401022e-07
5.39143652762e-09	-5.56335287172e-07
5.39508926239e-09	-4.3870948474e-07
5.39874199717e-09	-1.57132804546e-07
5.40239473194e-09	1.57519924215e-07
5.40604746672e-09	3.60805231026e-07
5.40970020149e-09	3.59920154125e-07
5.41335293627e-09	1.56360878023e-07
5.41700567104e-09	-1.54021357446e-07
5.42065840582e-09	-4.24397164522e-07
5.42431114059e-09	-5.26555638203e-07
5.42796387537e-09	-4.13204794825e-07
5.43161661014e-09	-1.42033355743e-07
5.43526934492e-09	1.5261225883e-07
5.43892207969e-09	3.2660663507e-07
5.44257481447e-09	2.97346282707e-07
5.44622754924e-09	8.28946280507e-08
5.44988028402e-09	-2.09841854115e-07
5.45353301879e-09	-4.3960028151e-07
5.45718575356e-09	-4.9914294209e-07
5.46083848834e-09	-3.64340028369e-07
5.46449122311e-09	-1.02602632168e-07
5.46814395789e-09	1.60884956912e-07
5.47179669266e-09	3.02120870543e-07
5.47544942744e-09	2.56146069688e-07
5.47910216221e-09	4.75906891673e-08
5.48275489699e-09	-2.20169511067e-07
5.48640763176e-09	-4.14342693489e-07
5.49006036654e-09	-4.3755444068e-07
5.49371310131e-09	-2.77613068533e-07
5.49736583609e-09	-1.48858489979e-08
5.50101857086e-09	2.1706873099e-07
5.50467130564e-09	2.99320923602e-07
5.50832404041e-09	1.88148311153e-07
5.51197677519e-09	-6.25458094206e-08
5.51562950996e-09	-3.28503610092e-07
5.51928224474e-09	-4.77256392628e-07
5.52293497951e-09	-4.33465690008e-07
5.52658771429e-09	-2.16072027825e-07
5.53024044906e-09	7.03825140391e-08
5.53389318384e-09	2.85120520971e-07
5.53754591861e-09	3.18685582812e-07
5.54119865339e-09	1.47236111303e-07
5.54485138816e-09	-1.52039712376e-07
5.54850412294e-09	-4.34255142068e-07
5.55215685771e-09	-5.55157996018e-07
5.55580959248e-09	-4.43498525016e-07
5.55946232726e-09	-1.40823010142e-07
5.56311506203e-09	2.13038292785e-07
5.56676779681e-09	4.45247621883e-07
5.57042053158e-09	4.34332687149e-07
5.57407326636e-09	1.72662391051e-07
5.57772600113e-09	-2.25597412751e-07
5.58137873591e-09	-5.75400413538e-07
5.58503147068e-09	-7.07321589744e-07
5.58868420546e-09	-5.48665440192e-07
5.59233694023e-09	-1.61228816964e-07
5.59598967501e-09	2.82257499151e-07
5.59964240978e-09	5.74451718194e-07
5.60329514456e-09	5.68782404287e-07
5.60694787933e-09	2.51646813609e-07
5.61060061411e-09	-2.44192804644e-07
5.61425334888e-09	-6.94277083824e-07
5.61790608366e-09	-8.84100906262e-07
5.62155881843e-09	-7.11212791771e-07
5.62521155321e-09	-2.38995792046e-07
5.62886428798e-09	3.26572347831e-07
5.63251702276e-09	7.28357093749e-07
5.63616975753e-09	7.76415433279e-07
5.63982249231e-09	4.37384763075e-07
5.64347522708e-09	-1.46424364189e-07
5.64712796185e-09	-7.1801240864e-07
5.65078069663e-09	-1.01913438755e-06
5.6544334314e-09	-9.06467420236e-07
5.65808616618e-09	-4.18828399518e-07
5.66173890095e-09	2.35028254636e-07
5.66539163573e-09	7.64967381883e-07
5.6690443705e-09	9.27885444924e-07
5.67269710528e-09	6.39248575851e-07
5.67634984005e-09	1.67868636769e-08
5.68000257483e-09	-6.67599479698e-07
5.6836553096e-09	-1.10782464446e-06
5.68730804438e-09	-1.10256695507e-06
5.69096077915e-09	-6.47862982817e-07
5.69461351393e-09	5.93964823992e-08
5.6982662487e-09	7.09162073065e-07
5.70191898348e-09	1.0160959647e-06
5.70557171825e-09	8.45322134069e-07
