% time-domain current integration by openEMS v0.0.36-93-g7b9cd51 @Thu Sep 24 15:40:02 2026
% start-coordinates: (0.00695,-0.0023,0.0004) m -> [9,1,6]
% stop-coordinates: (0.007,0.0006,0.0004) m -> [10,4,6]
% t/s	current
2.85369904282e-14	0
3.68127176524e-12	-1.85434889666e-09
7.33400654005e-12	-3.32095040356e-09
1.09867413149e-11	-1.05918163129e-09
1.46394760897e-11	9.2159124776e-09
1.82922108645e-11	3.70771289226e-08
2.19449456393e-11	9.39432780456e-08
2.55976804141e-11	1.88695096881e-07
2.92504151889e-11	3.1570215242e-07
3.29031499637e-11	4.35908020791e-07
3.65558847385e-11	4.60244365286e-07
4.02086195133e-11	2.44598453492e-07
4.38613542881e-11	-3.86289684684e-07
4.75140890629e-11	-1.5728157905e-06
5.11668238378e-11	-3.3197409266e-06
5.48195586126e-11	-5.393907486e-06
5.84722933874e-11	-7.27672204448e-06
6.21250281622e-11	-8.22903439257e-06
6.5777762937e-11	-7.48994216337e-06
6.94304977118e-11	-4.56666839455e-06
7.30832324866e-11	4.91201262776e-07
7.67359672614e-11	6.96537244949e-06
8.03887020362e-11	1.35809559652e-05
8.4041436811e-11	1.88471021829e-05
8.76941715858e-11	2.15080381167e-05
9.13469063607e-11	2.0926923753e-05
9.49996411355e-11	1.72513246071e-05
9.86523759103e-11	1.13134829007e-05
1.02305110685e-10	4.3348836698e-06
1.0595784546e-10	-2.42463147515e-06
1.09610580235e-10	-7.93856088421e-06
1.1326331501e-10	-1.15451375677e-05
1.16916049784e-10	-1.29604004542e-05
1.20568784559e-10	-1.22361534522e-05
1.24221519334e-10	-9.71507870418e-06
1.27874254109e-10	-5.99021996095e-06
1.31526988884e-10	-1.83579959412e-06
1.35179723658e-10	1.92513675756e-06
1.38832458433e-10	4.60795081381e-06
1.42485193208e-10	5.84736335441e-06
1.46137927983e-10	5.68985615246e-06
1.49790662758e-10	4.5407723519e-06
1.53443397532e-10	2.97821452477e-06
1.57096132307e-10	1.51606548116e-06
1.60748867082e-10	4.24863117132e-07
1.64401601857e-10	-3.09061363168e-07
1.68054336632e-10	-8.80439699813e-07
1.71707071406e-10	-1.48878962136e-06
1.75359806181e-10	-2.18573450184e-06
1.79012540956e-10	-2.83073313767e-06
1.82665275731e-10	-3.16483510687e-06
1.86318010506e-10	-2.95229619951e-06
1.89970745281e-10	-2.11198107536e-06
1.93623480055e-10	-7.74569116402e-07
1.9727621483e-10	7.56263432322e-07
2.00928949605e-10	2.1107507564e-06
2.0458168438e-10	2.97874112221e-06
2.08234419155e-10	3.20282538269e-06
2.11887153929e-10	2.80520976048e-06
2.15539888704e-10	1.9489866645e-06
2.19192623479e-10	8.59357385252e-07
2.22845358254e-10	-2.569227604e-07
2.26498093029e-10	-1.25797612327e-06
2.30150827803e-10	-2.06540016734e-06
2.33803562578e-10	-2.62896651293e-06
2.37456297353e-10	-2.88952378469e-06
2.41109032128e-10	-2.7722953746e-06
2.44761766903e-10	-2.2211461328e-06
2.48414501677e-10	-1.25533290429e-06
2.52067236452e-10	-1.17751710604e-08
2.55719971227e-10	1.26165343772e-06
2.59372706002e-10	2.27332066061e-06
2.63025440777e-10	2.79106279777e-06
2.66678175551e-10	2.73372393167e-06
2.70330910326e-10	2.20527476813e-06
2.73983645101e-10	1.44871978591e-06
2.77636379876e-10	7.37933817163e-07
2.81289114651e-10	2.60097465343e-07
2.84941849426e-10	4.57284556887e-08
2.885945842e-10	-1.92918605535e-08
2.92247318975e-10	-1.08057122361e-07
2.9590005375e-10	-3.42840507983e-07
2.99552788525e-10	-7.23319715235e-07
3.032055233e-10	-1.13242867883e-06
3.06858258074e-10	-1.41268549214e-06
3.10510992849e-10	-1.46462730299e-06
3.14163727624e-10	-1.30679848098e-06
3.17816462399e-10	-1.06058041638e-06
3.21469197174e-10	-8.70423264132e-07
3.25121931948e-10	-8.08644017525e-07
3.28774666723e-10	-8.23508855774e-07
3.32427401498e-10	-7.65452114138e-07
3.36080136273e-10	-4.78021433992e-07
3.39732871048e-10	9.80488152891e-08
3.43385605822e-10	8.68053859904e-07
3.47038340597e-10	1.61043010394e-06
3.50691075372e-10	2.07529205909e-06
3.54343810147e-10	2.10242706089e-06
3.57996544922e-10	1.69694578744e-06
3.61649279697e-10	1.02148101178e-06
3.65302014471e-10	3.12152678816e-07
3.68954749246e-10	-2.32433421843e-07
3.72607484021e-10	-5.30637692009e-07
3.76260218796e-10	-6.26094390554e-07
3.79912953571e-10	-6.28523821433e-07
3.83565688345e-10	-6.31055058875e-07
3.8721842312e-10	-6.54942027722e-07
3.90871157895e-10	-6.50623917409e-07
3.9452389267e-10	-5.48917114429e-07
3.98176627445e-10	-3.24363554682e-07
4.01829362219e-10	-2.79076779464e-08
4.05482096994e-10	2.31299722486e-07
4.09134831769e-10	3.43563300476e-07
4.12787566544e-10	2.60955971498e-07
4.16440301319e-10	2.71041287192e-08
4.20093036093e-10	-2.42359988079e-07
4.23745770868e-10	-4.17601142999e-07
4.27398505643e-10	-4.18985962369e-07
4.31051240418e-10	-2.52799821965e-07
4.34703975193e-10	-6.81268375047e-10
4.38356709968e-10	2.28822059967e-07
4.42009444742e-10	3.58188344762e-07
4.45662179517e-10	3.75516805207e-07
4.49314914292e-10	3.29236115704e-07
4.52967649067e-10	2.91095972216e-07
4.56620383842e-10	3.1202554851e-07
4.60273118616e-10	3.97876505076e-07
4.63925853391e-10	5.16548595897e-07
4.67578588166e-10	6.27012298082e-07
4.71231322941e-10	7.08824586582e-07
4.74884057716e-10	7.72657699599e-07
4.7853679249e-10	8.46915895636e-07
4.82189527265e-10	9.51224251367e-07
4.8584226204e-10	1.07467008092e-06
4.89494996815e-10	1.17313879855e-06
4.9314773159e-10	1.18672687677e-06
4.96800466364e-10	1.06754134777e-06
5.00453201139e-10	8.04279466138e-07
5.04105935914e-10	4.30292288911e-07
5.07758670689e-10	1.16392300242e-08
5.11411405464e-10	-3.77684017394e-07
5.15064140239e-10	-6.81694018567e-07
5.18716875013e-10	-8.77068202954e-07
5.22369609788e-10	-9.70715518633e-07
5.26022344563e-10	-9.85045062407e-07
5.29675079338e-10	-9.40808490668e-07
5.33327814113e-10	-8.48149397825e-07
5.36980548887e-10	-7.09806158739e-07
5.40633283662e-10	-5.3124074384e-07
5.44286018437e-10	-3.29157757051e-07
5.47938753212e-10	-1.31535188075e-07
5.51591487987e-10	3.17535082672e-08
5.55244222761e-10	1.41240377616e-07
5.58896957536e-10	1.95990565999e-07
5.62549692311e-10	2.13523691173e-07
5.66202427086e-10	2.20990486355e-07
5.69855161861e-10	2.4199340487e-07
5.73507896635e-10	2.85128976429e-07
5.7716063141e-10	3.38677551781e-07
5.80813366185e-10	3.74638887024e-07
5.8446610096e-10	3.61447689556e-07
5.88118835735e-10	2.79523533209e-07
5.9177157051e-10	1.32995197077e-07
5.95424305284e-10	-4.85131792516e-08
5.99077040059e-10	-2.2021528423e-07
6.02729774834e-10	-3.39664183002e-07
6.06382509609e-10	-3.82934587151e-07
6.10035244384e-10	-3.51957822886e-07
6.13687979158e-10	-2.697580328e-07
6.17340713933e-10	-1.67573887211e-07
6.20993448708e-10	-7.05998814965e-08
6.24646183483e-10	1.11617168841e-08
6.28298918258e-10	8.25565535933e-08
6.31951653032e-10	1.54829692178e-07
6.35604387807e-10	2.33968250996e-07
6.39257122582e-10	3.11762505589e-07
6.42909857357e-10	3.65576283912e-07
6.46562592132e-10	3.67935570011e-07
6.50215326906e-10	3.01431981597e-07
6.53868061681e-10	1.71317452669e-07
6.57520796456e-10	7.71311992054e-09
6.61173531231e-10	-1.44826174164e-07
6.64826266006e-10	-2.4576260671e-07
6.68479000781e-10	-2.75858383247e-07
6.72131735555e-10	-2.43870630356e-07
6.7578447033e-10	-1.79765009989e-07
6.79437205105e-10	-1.1905730446e-07
6.8308993988e-10	-8.62863487328e-08
6.86742674655e-10	-8.59991757807e-08
6.90395409429e-10	-1.04396100653e-07
6.94048144204e-10	-1.18940768346e-07
6.97700878979e-10	-1.10754967864e-07
7.01353613754e-10	-7.35451806122e-08
7.05006348529e-10	-1.50914090113e-08
7.08659083303e-10	4.78615831412e-08
7.12311818078e-10	9.81034204983e-08
7.15964552853e-10	1.25401044215e-07
7.19617287628e-10	1.2891993606e-07
7.23270022403e-10	1.14481849778e-07
7.26922757177e-10	8.9184055696e-08
7.30575491952e-10	5.71861775711e-08
7.34228226727e-10	1.96414990938e-08
7.37880961502e-10	-2.20896776426e-08
7.41533696277e-10	-6.32346726093e-08
7.45186431051e-10	-9.50252925236e-08
7.48839165826e-10	-1.08109347252e-07
7.52491900601e-10	-9.75118368274e-08
7.56144635376e-10	-6.5218998202e-08
7.59797370151e-10	-1.90659719124e-08
7.63450104926e-10	3.13644008543e-08
7.671028397e-10	7.92911833969e-08
7.70755574475e-10	1.22180679796e-07
7.7440830925e-10	1.59674115707e-07
7.78061044025e-10	1.89870206668e-07
7.817137788e-10	2.06555000659e-07
7.85366513574e-10	2.00103727366e-07
7.89019248349e-10	1.6176626616e-07
7.92671983124e-10	8.9038124429e-08
7.96324717899e-10	-1.04159898484e-08
7.99977452674e-10	-1.19069156312e-07
8.03630187448e-10	-2.14554447098e-07
8.07282922223e-10	-2.77249796454e-07
8.10935656998e-10	-2.97551991935e-07
8.14588391773e-10	-2.7888776799e-07
8.18241126548e-10	-2.34866746496e-07
8.21893861322e-10	-1.82189978659e-07
8.25546596097e-10	-1.32501284611e-07
8.29199330872e-10	-8.75443504356e-08
8.32852065647e-10	-4.03036786167e-08
8.36504800422e-10	1.91505833413e-08
8.40157535197e-10	9.62721671272e-08
8.43810269971e-10	1.87242875427e-07
8.47463004746e-10	2.79314633644e-07
8.51115739521e-10	3.55450112011e-07
8.54768474296e-10	4.00677691914e-07
8.58421209071e-10	4.0696971837e-07
8.62073943845e-10	3.74644372414e-07
8.6572667862e-10	3.10698538897e-07
8.69379413395e-10	2.25341324267e-07
8.7303214817e-10	1.28324643356e-07
8.76684882945e-10	2.70186966134e-08
8.80337617719e-10	-7.36199865514e-08
8.83990352494e-10	-1.69742094158e-07
8.87643087269e-10	-2.56637605389e-07
8.91295822044e-10	-3.27578135284e-07
8.94948556819e-10	-3.74374366174e-07
8.98601291593e-10	-3.89265494505e-07
9.02254026368e-10	-3.67674942936e-07
9.05906761143e-10	-3.10229637535e-07
9.09559495918e-10	-2.23008669309e-07
9.13212230693e-10	-1.16360922675e-07
9.16864965468e-10	-2.73322342537e-09
9.20517700242e-10	1.05512143023e-07
9.24170435017e-10	1.97560083848e-07
9.27823169792e-10	2.65265754251e-07
9.31475904567e-10	3.03796952039e-07
9.35128639342e-10	3.11785214535e-07
9.38781374116e-10	2.91264314001e-07
9.42434108891e-10	2.4683151878e-07
9.46086843666e-10	1.84455473118e-07
9.49739578441e-10	1.10492187844e-07
9.53392313216e-10	3.07912664255e-08
9.5704504799e-10	-4.96667986738e-08
9.60697782765e-10	-1.26496871644e-07
9.6435051754e-10	-1.9566653009e-07
9.68003252315e-10	-2.52960035141e-07
9.7165598709e-10	-2.9348842645e-07
9.75308721864e-10	-3.11825601784e-07
9.78961456639e-10	-3.02858182977e-07
9.82614191414e-10	-2.63529557287e-07
9.86266926189e-10	-1.94831983436e-07
9.89919660964e-10	-1.02836963833e-07
9.93572395739e-10	1.62400581871e-09
9.97225130513e-10	1.04994832384e-07
1.00087786529e-09	1.94217577132e-07
1.00453060006e-09	2.59641041112e-07
1.00818333484e-09	2.96816978107e-07
1.01183606961e-09	3.06468905364e-07
1.01548880439e-09	2.92620455866e-07
1.01914153916e-09	2.60019021425e-07
1.02279427394e-09	2.11982168707e-07
1.02644700871e-09	1.49635681623e-07
1.03009974349e-09	7.32474632059e-08
1.03375247826e-09	-1.52911052709e-08
1.03740521304e-09	-1.10161970213e-07
1.04105794781e-09	-2.00901823177e-07
1.04471068259e-09	-2.7423735105e-07
1.04836341736e-09	-3.17822497209e-07
1.05201615214e-09	-3.2419458762e-07
1.05566888691e-09	-2.93448863431e-07
1.05932162169e-09	-2.33211039813e-07
1.06297435646e-09	-1.56005185659e-07
1.06662709123e-09	-7.52285345129e-08
1.07027982601e-09	-1.07664099858e-09
1.07393256078e-09	6.17017335003e-08
1.07758529556e-09	1.13424974302e-07
1.08123803033e-09	1.57089772301e-07
1.08489076511e-09	1.94933889475e-07
1.08854349988e-09	2.25683592703e-07
1.09219623466e-09	2.44039654262e-07
1.09584896943e-09	2.42371839931e-07
1.09950170421e-09	2.14123971887e-07
1.10315443898e-09	1.57343947649e-07
1.10680717376e-09	7.66725349877e-08
1.11045990853e-09	-1.68274123524e-08
1.11411264331e-09	-1.08123508369e-07
1.11776537808e-09	-1.82287124062e-07
1.12141811286e-09	-2.28474448249e-07
1.12507084763e-09	-2.42717760557e-07
1.12872358241e-09	-2.28444974937e-07
1.13237631718e-09	-1.94308924506e-07
1.13602905196e-09	-1.50478939531e-07
1.13968178673e-09	-1.04804058765e-07
1.14333452151e-09	-6.03686345357e-08
1.14698725628e-09	-1.56561306142e-08
1.15063999106e-09	3.30076161958e-08
1.15429272583e-09	8.7854623132e-08
1.1579454606e-09	1.46416908819e-07
1.16159819538e-09	2.00493985858e-07
1.16525093015e-09	2.37865094732e-07
1.16890366493e-09	2.46345052801e-07
1.1725563997e-09	2.18827295839e-07
1.17620913448e-09	1.57030370929e-07
1.17986186925e-09	7.21091168998e-08
1.18351460403e-09	-1.83644779383e-08
1.1871673388e-09	-9.62853476949e-08
1.19082007358e-09	-1.49103854596e-07
1.19447280835e-09	-1.73523218905e-07
1.19812554313e-09	-1.75401112301e-07
1.2017782779e-09	-1.65815720266e-07
1.20543101268e-09	-1.55189965767e-07
1.20908374745e-09	-1.48273144873e-07
1.21273648223e-09	-1.41967717582e-07
1.216389217e-09	-1.2706043151e-07
1.22004195178e-09	-9.32103176865e-08
1.22369468655e-09	-3.48618272028e-08
1.22734742133e-09	4.43668355388e-08
1.2310001561e-09	1.31090587274e-07
1.23465289088e-09	2.05986339097e-07
1.23830562565e-09	2.50517700806e-07
1.24195836043e-09	2.53888259749e-07
1.2456110952e-09	2.17177372974e-07
1.24926382998e-09	1.52615029947e-07
1.25291656475e-09	7.86553613352e-08
1.25656929952e-09	1.28542776423e-08
1.2602220343e-09	-3.44186616985e-08
1.26387476907e-09	-6.27300948963e-08
1.26752750385e-09	-8.00121924271e-08
1.27118023862e-09	-9.74907621298e-08
1.2748329734e-09	-1.23216551629e-07
1.27848570817e-09	-1.57272779688e-07
1.28213844295e-09	-1.9068309598e-07
1.28579117772e-09	-2.08618232023e-07
1.2894439125e-09	-1.96895356908e-07
1.29309664727e-09	-1.48818699586e-07
1.29674938205e-09	-6.93265462814e-08
1.30040211682e-09	2.55080507827e-08
1.3040548516e-09	1.13742459007e-07
1.30770758637e-09	1.75355893361e-07
1.31136032115e-09	1.9924803496e-07
1.31501305592e-09	1.86748749798e-07
1.3186657907e-09	1.50039880964e-07
1.32231852547e-09	1.06438378111e-07
1.32597126025e-09	7.10438641249e-08
1.32962399502e-09	5.06607094053e-08
1.3332767298e-09	4.16297254446e-08
1.33692946457e-09	3.24945403918e-08
1.34058219935e-09	1.01438963895e-08
1.34423493412e-09	-3.30257741155e-08
1.3478876689e-09	-9.42153874917e-08
1.35154040367e-09	-1.59957508572e-07
1.35519313844e-09	-2.10645083598e-07
1.35884587322e-09	-2.28210979003e-07
1.36249860799e-09	-2.03667227083e-07
1.36615134277e-09	-1.41129362419e-07
1.36980407754e-09	-5.67066180679e-08
1.37345681232e-09	2.73523994565e-08
1.37710954709e-09	9.09308326413e-08
1.38076228187e-09	1.23130931229e-07
1.38441501664e-09	1.25479061808e-07
1.38806775142e-09	1.09967260187e-07
1.39172048619e-09	9.28255516897e-08
1.39537322097e-09	8.68383978059e-08
1.39902595574e-09	9.54416847776e-08
1.40267869052e-09	1.11080254328e-07
1.40633142529e-09	1.18792677029e-07
1.40998416007e-09	1.03331473156e-07
1.41363689484e-09	5.68173490478e-08
1.41728962962e-09	-1.64045026452e-08
1.42094236439e-09	-1.00165848949e-07
1.42459509917e-09	-1.72026958012e-07
1.42824783394e-09	-2.11697326336e-07
1.43190056872e-09	-2.08920056366e-07
1.43555330349e-09	-1.67323918276e-07
1.43920603827e-09	-1.02701449123e-07
1.44285877304e-09	-3.65836143601e-08
1.44651150781e-09	1.23813119757e-08
1.45016424259e-09	3.5462999648e-08
1.45381697736e-09	3.64471368641e-08
1.45746971214e-09	2.88685733096e-08
1.46112244691e-09	2.90281541027e-08
1.46477518169e-09	4.78409951654e-08
1.46842791646e-09	8.52029700127e-08
1.47208065124e-09	1.29261309212e-07
1.47573338601e-09	1.61178576263e-07
1.47938612079e-09	1.63313657708e-07
1.48303885556e-09	1.27193729327e-07
1.48669159034e-09	5.78998751166e-08
1.49034432511e-09	-2.71537334839e-08
1.49399705989e-09	-1.04618401053e-07
1.49764979466e-09	-1.53952768756e-07
1.50130252944e-09	-1.65024729881e-07
1.50495526421e-09	-1.41466259151e-07
1.50860799899e-09	-9.83414594202e-08
1.51226073376e-09	-5.5369440588e-08
1.51591346854e-09	-2.84602137413e-08
1.51956620331e-09	-2.31478018975e-08
1.52321893809e-09	-3.2823290752e-08
1.52687167286e-09	-4.24148822731e-08
1.53052440764e-09	-3.58551446311e-08
1.53417714241e-09	-4.15709244805e-09
1.53782987719e-09	4.97086993789e-08
1.54148261196e-09	1.11192264285e-07
1.54513534673e-09	1.59679899525e-07
1.54878808151e-09	1.76860112333e-07
1.55244081628e-09	1.54321355694e-07
1.55609355106e-09	9.72166773749e-08
1.55974628583e-09	2.25321663549e-08
1.56339902061e-09	-4.74856030053e-08
1.56705175538e-09	-9.39107067666e-08
1.57070449016e-09	-1.08182405256e-07
1.57435722493e-09	-9.47957019548e-08
1.57800995971e-09	-6.83797196643e-08
1.58166269448e-09	-4.65715999098e-08
1.58531542926e-09	-4.18934362756e-08
1.58896816403e-09	-5.61205375504e-08
1.59262089881e-09	-7.96616248522e-08
1.59627363358e-09	-9.61829869084e-08
1.59992636836e-09	-9.02110386392e-08
1.60357910313e-09	-5.45393703533e-08
1.60723183791e-09	5.88533133339e-09
1.61088457268e-09	7.52620792355e-08
1.61453730746e-09	1.32818058773e-07
1.61819004223e-09	1.6090169197e-07
1.62184277701e-09	1.51944931304e-07
1.62549551178e-09	1.11246848178e-07
1.62914824656e-09	5.45475238312e-08
1.63280098133e-09	1.35857947114e-09
1.6364537161e-09	-3.30456515485e-08
1.64010645088e-09	-4.34188471843e-08
1.64375918565e-09	-3.57861971167e-08
1.64741192043e-09	-2.37062671715e-08
1.6510646552e-09	-2.13349959921e-08
1.65471738998e-09	-3.65789354362e-08
1.65837012475e-09	-6.72656454981e-08
1.66202285953e-09	-1.01871421521e-07
1.6656755943e-09	-1.2455333831e-07
1.66932832908e-09	-1.22091378785e-07
1.67298106385e-09	-8.98456278264e-08
1.67663379863e-09	-3.4196474985e-08
1.6802865334e-09	2.96688202894e-08
1.68393926818e-09	8.36431226503e-08
1.68759200295e-09	1.13679632818e-07
1.69124473773e-09	1.15017613211e-07
1.6948974725e-09	9.33087562771e-08
1.69855020728e-09	6.13655402049e-08
1.70220294205e-09	3.31628875472e-08
1.70585567683e-09	1.77674284174e-08
1.7095084116e-09	1.59100288499e-08
1.71316114638e-09	2.05614512083e-08
1.71681388115e-09	2.09539727791e-08
1.72046661593e-09	8.17333578595e-09
1.7241193507e-09	-2.02688585915e-08
1.72777208548e-09	-5.89093431813e-08
1.73142482025e-09	-9.63213366845e-08
1.73507755502e-09	-1.19827518574e-07
1.7387302898e-09	-1.20785941249e-07
1.74238302457e-09	-9.81013670298e-08
1.74603575935e-09	-5.85609427617e-08
1.74968849412e-09	-1.39027669377e-08
1.7533412289e-09	2.40742270563e-08
1.75699396367e-09	4.79731170344e-08
1.76064669845e-09	5.70361571306e-08
1.76429943322e-09	5.62539490545e-08
1.767952168e-09	5.29682964157e-08
1.77160490277e-09	5.2837609843e-08
1.77525763755e-09	5.70675879885e-08
1.77891037232e-09	6.20819236019e-08
1.7825631071e-09	6.17037017037e-08
1.78621584187e-09	5.05557693486e-08
1.78986857665e-09	2.70282640713e-08
1.79352131142e-09	-5.51348744438e-09
1.7971740462e-09	-3.98904411725e-08
1.80082678097e-09	-6.79606770859e-08
1.80447951575e-09	-8.38492084654e-08
1.80813225052e-09	-8.60977351635e-08
1.8117849853e-09	-7.7707667856e-08
1.81543772007e-09	-6.41171595817e-08
1.81909045485e-09	-5.0272610963e-08
1.82274318962e-09	-3.81821507744e-08
1.8263959244e-09	-2.63564547964e-08
1.83004865917e-09	-1.13869980112e-08
1.83370139394e-09	9.28780341525e-09
1.83735412872e-09	3.49491422469e-08
1.84100686349e-09	6.09127894791e-08
1.84465959827e-09	8.01379371751e-08
1.84831233304e-09	8.6268229893e-08
1.85196506782e-09	7.66967929167e-08
1.85561780259e-09	5.41047420199e-08
1.85927053737e-09	2.55796059889e-08
1.86292327214e-09	-2.68819189131e-10
1.86657600692e-09	-1.7019855747e-08
1.87022874169e-09	-2.32770691611e-08
1.87388147647e-09	-2.31608332513e-08
1.87753421124e-09	-2.40925750461e-08
1.88118694602e-09	-3.27382423393e-08
1.88483968079e-09	-5.09214430622e-08
1.88849241557e-09	-7.37694705322e-08
1.89214515034e-09	-9.11910547075e-08
1.89579788512e-09	-9.23271272768e-08
1.89945061989e-09	-7.10148952976e-08
1.90310335467e-09	-2.95525985905e-08
1.90675608944e-09	2.12429487334e-08
1.91040882422e-09	6.58708358969e-08
1.91406155899e-09	9.04157317905e-08
1.91771429377e-09	8.84349304897e-08
1.92136702854e-09	6.37994688191e-08
1.92501976331e-09	2.9189877182e-08
1.92867249809e-09	6.58973320355e-10
1.93232523286e-09	-9.50628376017e-09
1.93597796764e-09	1.51569867768e-09
1.93963070241e-09	2.54139607136e-08
1.94328343719e-09	4.62024374315e-08
1.94693617196e-09	4.76112944625e-08
1.95058890674e-09	2.111530506e-08
1.95424164151e-09	-2.90434574168e-08
1.95789437629e-09	-8.65382787651e-08
1.96154711106e-09	-1.29354788214e-07
1.96519984584e-09	-1.39213270245e-07
1.96885258061e-09	-1.09852365426e-07
1.97250531539e-09	-5.03765100746e-08
1.97615805016e-09	1.80541412931e-08
1.97981078494e-09	7.07683369683e-08
1.98346351971e-09	8.98624676893e-08
1.98711625449e-09	7.17942540973e-08
1.99076898926e-09	2.89074506554e-08
1.99442172404e-09	-1.58915582915e-08
1.99807445881e-09	-3.92155001805e-08
2.00172719359e-09	-2.78595333469e-08
2.00537992836e-09	1.47471572731e-08
2.00903266314e-09	6.93972310728e-08
2.01268539791e-09	1.09183211805e-07
2.01633813269e-09	1.11555891635e-07
2.01999086746e-09	6.8934355113e-08
2.02364360223e-09	-6.99549795868e-09
2.02729633701e-09	-8.94379539318e-08
2.03094907178e-09	-1.474821687e-07
2.03460180656e-09	-1.59177830028e-07
2.03825454133e-09	-1.20925008673e-07
2.04190727611e-09	-4.91753908705e-08
2.04556001088e-09	2.64566342167e-08
2.04921274566e-09	7.56881775033e-08
2.05286548043e-09	8.04075028782e-08
2.05651821521e-09	4.24392894161e-08
2.06017094998e-09	-1.72399126086e-08
2.06382368476e-09	-6.76972433666e-08
2.06747641953e-09	-8.17832486177e-08
2.07112915431e-09	-4.85809756867e-08
2.07478188908e-09	2.10679971246e-08
2.07843462386e-09	9.86968302641e-08
2.08208735863e-09	1.5033809575e-07
2.08574009341e-09	1.51432857365e-07
2.08939282818e-09	9.78760041903e-08
2.09304556296e-09	8.23092261015e-09
2.09669829773e-09	-8.38793710045e-08
2.10035103251e-09	-1.43843010392e-07
2.10400376728e-09	-1.5054258995e-07
2.10765650206e-09	-1.04983776339e-07
2.11130923683e-09	-2.95653137528e-08
2.1149619716e-09	4.16916741131e-08
2.11861470638e-09	7.78115492039e-08
2.12226744115e-09	6.42074198254e-08
2.12592017593e-09	9.00157726136e-09
2.1295729107e-09	-6.04826766448e-08
2.13322564548e-09	-1.09794299874e-07
2.13687838025e-09	-1.12727107648e-07
2.14053111503e-09	-6.32490042562e-08
2.1441838498e-09	2.13641300206e-08
2.14783658458e-09	1.0775916337e-07
2.15148931935e-09	1.60839789487e-07
2.15514205413e-09	1.58814160045e-07
2.1587947889e-09	1.02403632241e-07
2.16244752368e-09	1.43030511879e-08
2.16610025845e-09	-7.06650098437e-08
2.16975299323e-09	-1.20226403055e-07
2.173405728e-09	-1.1799188826e-07
2.17705846278e-09	-6.98489444062e-08
2.18071119755e-09	-8.86143158851e-10
2.18436393233e-09	5.57737820372e-08
2.1880166671e-09	7.34963236937e-08
2.19166940188e-09	4.3811233752e-08
2.19532213665e-09	-1.9912857141e-08
2.19897487143e-09	-8.84043913629e-08
2.2026276062e-09	-1.29524181602e-07
2.20628034098e-09	-1.22559185911e-07
2.20993307575e-09	-6.73608155921e-08
2.21358581052e-09	1.5640249984e-08
2.2172385453e-09	9.43884899129e-08
2.22089128007e-09	1.38954277418e-07
2.22454401485e-09	1.33927770207e-07
2.22819674962e-09	8.42809555479e-08
2.2318494844e-09	1.25363310843e-08
2.23550221917e-09	-5.12808142616e-08
2.23915495395e-09	-8.23742993816e-08
2.24280768872e-09	-7.13255019491e-08
2.2464604235e-09	-2.74992899563e-08
2.25011315827e-09	2.56355292549e-08
2.25376589305e-09	6.11877197798e-08
2.25741862782e-09	6.08394401524e-08
2.2610713626e-09	2.29583481115e-08
2.26472409737e-09	-3.68570809428e-08
2.26837683215e-09	-9.29067525135e-08
2.27202956692e-09	-1.20869913189e-07
2.2756823017e-09	-1.08381534858e-07
2.27933503647e-09	-6.00003886575e-08
2.28298777125e-09	5.34716892986e-09
2.28664050602e-09	6.28828047411e-08
2.2902932408e-09	9.24632033161e-08
2.29394597557e-09	8.64650573362e-08
2.29759871035e-09	5.19957410461e-08
2.30125144512e-09	6.96059121452e-09
2.3049041799e-09	-2.81165188909e-08
2.30855691467e-09	-3.89106844523e-08
2.31220964944e-09	-2.31026895392e-08
2.31586238422e-09	9.17602971384e-09
2.31951511899e-09	4.03555979744e-08
2.32316785377e-09	5.36683977259e-08
2.32682058854e-09	4.07792555279e-08
2.33047332332e-09	5.40447242514e-09
2.33412605809e-09	-3.86923701967e-08
2.33777879287e-09	-7.41705505902e-08
2.34143152764e-09	-8.78162538243e-08
2.34508426242e-09	-7.58734941542e-08
2.34873699719e-09	-4.4834457924e-08
2.35238973197e-09	-7.75991360058e-09
2.35604246674e-09	2.17188897977e-08
2.35969520152e-09	3.49518778364e-08
2.36334793629e-09	3.1159707703e-08
2.36700067107e-09	1.67549885077e-08
2.37065340584e-09	1.79921766374e-09
2.37430614062e-09	-4.80289941152e-09
2.37795887539e-09	6.83813450308e-10
2.38161161017e-09	1.53436250372e-08
2.38526434494e-09	3.12856656137e-08
2.38891707972e-09	3.96357364707e-08
2.39256981449e-09	3.49791733356e-08
2.39622254927e-09	1.79233357045e-08
2.39987528404e-09	-5.44001954594e-09
2.40352801881e-09	-2.67615174465e-08
2.40718075359e-09	-3.94958910022e-08
2.41083348836e-09	-4.16408916237e-08
2.41448622314e-09	-3.58569707259e-08
2.41813895791e-09	-2.73191602673e-08
2.42179169269e-09	-2.07025614429e-08
2.42544442746e-09	-1.79534893618e-08
2.42909716224e-09	-1.77829662107e-08
2.43274989701e-09	-1.6810076886e-08
2.43640263179e-09	-1.16459775157e-08
2.44005536656e-09	-9.10411745991e-10
2.44370810134e-09	1.37115705456e-08
2.44736083611e-09	2.78605565285e-08
2.45101357089e-09	3.6319260488e-08
2.45466630566e-09	3.55934020035e-08
2.45831904044e-09	2.58937138398e-08
2.46197177521e-09	1.14057225886e-08
2.46562450999e-09	-1.6097785327e-09
2.46927724476e-09	-8.04406319332e-09
2.47292997954e-09	-6.71467637048e-09
2.47658271431e-09	-1.02842756533e-09
2.48023544909e-09	2.88732326936e-09
2.48388818386e-09	-3.55312695932e-10
2.48754091864e-09	-1.23257395401e-08
2.49119365341e-09	-2.96841839997e-08
2.49484638819e-09	-4.556869726e-08
2.49849912296e-09	-5.26770911335e-08
2.50215185773e-09	-4.65614817813e-08
2.50580459251e-09	-2.7723235263e-08
2.50945732728e-09	-1.71529812576e-09
2.51311006206e-09	2.28199947827e-08
2.51676279683e-09	3.75271511643e-08
2.52041553161e-09	3.78423123948e-08
2.52406826638e-09	2.51794549655e-08
2.52772100116e-09	6.54966303415e-09
2.53137373593e-09	-8.50858938861e-09
2.53502647071e-09	-1.2447362252e-08
2.53867920548e-09	-3.48934658945e-09
2.54233194026e-09	1.33271154112e-08
2.54598467503e-09	2.85556716051e-08
2.54963740981e-09	3.29316804937e-08
2.55329014458e-09	2.18900737536e-08
2.55694287936e-09	-2.2165997926e-09
2.56059561413e-09	-3.11288737009e-08
2.56424834891e-09	-5.42253992819e-08
2.56790108368e-09	-6.29079863756e-08
2.57155381846e-09	-5.40408606753e-08
2.57520655323e-09	-3.11495789163e-08
2.57885928801e-09	-3.0214684088e-09
2.58251202278e-09	1.97907148447e-08
2.58616475756e-09	2.93120621109e-08
2.58981749233e-09	2.35473720522e-08
2.5934702271e-09	7.384582279e-09
2.59712296188e-09	-9.6701819885e-09
2.60077569665e-09	-1.80229307034e-08
2.60442843143e-09	-1.26485604213e-08
2.6080811662e-09	4.49990400497e-09
2.61173390098e-09	2.55019472206e-08
2.61538663575e-09	4.036292367e-08
2.61903937053e-09	4.16727203856e-08
2.6226921053e-09	2.77932947768e-08
2.62634484008e-09	3.29260796406e-09
2.62999757485e-09	-2.3242810343e-08
2.63365030963e-09	-4.28132445052e-08
2.6373030444e-09	-4.94336234169e-08
2.64095577918e-09	-4.22448138693e-08
2.64460851395e-09	-2.5611022636e-08
2.64826124873e-09	-7.16510939469e-09
2.6519139835e-09	5.46529133061e-09
2.65556671828e-09	7.99486965519e-09
2.65921945305e-09	1.32966659905e-09
2.66287218783e-09	-9.0693772492e-09
2.6665249226e-09	-1.6093594013e-08
2.67017765738e-09	-1.46664085321e-08
2.67383039215e-09	-4.25134860649e-09
2.67748312693e-09	1.11288658289e-08
2.6811358617e-09	2.51293332809e-08
2.68478859648e-09	3.22365210081e-08
2.68844133125e-09	3.00905753647e-08
2.69209406602e-09	2.00339052014e-08
2.6957468008e-09	6.00639094017e-09
2.69939953557e-09	-7.34832728e-09
2.70305227035e-09	-1.65003068986e-08
2.70670500512e-09	-2.012148137e-08
2.7103577399e-09	-1.92543225808e-08
2.71401047467e-09	-1.65674141073e-08
2.71766320945e-09	-1.48959822255e-08
2.72131594422e-09	-1.56794737194e-08
2.724968679e-09	-1.81228863028e-08
2.72862141377e-09	-1.96541858344e-08
2.73227414855e-09	-1.75726402318e-08
2.73592688332e-09	-1.09430677853e-08
2.7395796181e-09	-1.4349954558e-09
2.74323235287e-09	7.47604023132e-09
2.74688508765e-09	1.25404389095e-08
2.75053782242e-09	1.26345423013e-08
2.7541905572e-09	9.33601818076e-09
2.75784329197e-09	5.84509152191e-09
2.76149602675e-09	5.01296870681e-09
2.76514876152e-09	7.66693641907e-09
2.7688014963e-09	1.21645280515e-08
2.77245423107e-09	1.52040655621e-08
2.77610696585e-09	1.34311264333e-08
2.77975970062e-09	5.10649922347e-09
2.7834124354e-09	-8.79243877705e-09
2.78706517017e-09	-2.44694291496e-08
2.79071790494e-09	-3.64225591909e-08
2.79437063972e-09	-3.96332566766e-08
2.79802337449e-09	-3.20373203522e-08
2.80167610927e-09	-1.60236481861e-08
2.80532884404e-09	2.0737094264e-09
2.80898157882e-09	1.46633922782e-08
2.81263431359e-09	1.65589408851e-08
2.81628704837e-09	7.70452679433e-09
2.81993978314e-09	-6.61585897177e-09
2.82359251792e-09	-1.82774417823e-08
2.82724525269e-09	-2.02783976277e-08
2.83089798747e-09	-1.01229380434e-08
2.83455072224e-09	8.89884965716e-09
2.83820345702e-09	2.90580199902e-08
2.84185619179e-09	4.14094181167e-08
2.84550892657e-09	3.95518746643e-08
2.84916166134e-09	2.24820073669e-08
2.85281439612e-09	-4.57885107608e-09
2.85646713089e-09	-3.18908703889e-08
2.86011986567e-09	-4.8985043577e-08
2.86377260044e-09	-4.91778209266e-08
2.86742533522e-09	-3.27957110358e-08
2.87107806999e-09	-7.3703008141e-09
2.87473080477e-09	1.55578074867e-08
2.87838353954e-09	2.57084451505e-08
2.88203627431e-09	1.8858679951e-08
2.88568900909e-09	-1.20505971868e-09
2.88934174386e-09	-2.45146942746e-08
2.89299447864e-09	-3.95192572e-08
2.89664721341e-09	-3.82826641498e-08
2.90029994819e-09	-1.99212681906e-08
2.90395268296e-09	9.0066789582e-09
2.90760541774e-09	3.71904214092e-08
2.91125815251e-09	5.31626120903e-08
2.91491088729e-09	5.00364478739e-08
2.91856362206e-09	2.85131136479e-08
2.92221635684e-09	-3.14045478511e-09
2.92586909161e-09	-3.23888151854e-08
2.92952182639e-09	-4.77502339891e-08
2.93317456116e-09	-4.38540865844e-08
2.93682729594e-09	-2.3839984209e-08
2.94048003071e-09	2.17142259729e-09
2.94413276549e-09	2.18173390465e-08
2.94778550026e-09	2.61482959729e-08
2.95143823504e-09	1.35225013409e-08
2.95509096981e-09	-9.95862059483e-09
2.95874370459e-09	-3.3455833659e-08
2.96239643936e-09	-4.62103031396e-08
2.96604917414e-09	-4.20858299321e-08
2.96970190891e-09	-2.20063114398e-08
2.97335464369e-09	6.51927045681e-09
2.97700737846e-09	3.25136717549e-08
2.98066011323e-09	4.60316798012e-08
2.98431284801e-09	4.22884625095e-08
2.98796558278e-09	2.36346302529e-08
2.99161831756e-09	-1.54140744613e-09
2.99527105233e-09	-2.26176979368e-08
2.99892378711e-09	-3.14922807831e-08
3.00257652188e-09	-2.60387604811e-08
3.00622925666e-09	-1.06623732066e-08
3.00988199143e-09	6.19295725812e-09
3.01353472621e-09	1.61761999351e-08
3.01718746098e-09	1.4725298314e-08
3.02084019576e-09	2.72143818592e-09
3.02449293053e-09	-1.43481049264e-08
3.02814566531e-09	-2.9085313713e-08
3.03179840008e-09	-3.53574378664e-08
3.03545113486e-09	-3.07001606359e-08
3.03910386963e-09	-1.70957843437e-08
3.04275660441e-09	6.85159706748e-11
3.04640933918e-09	1.44209195696e-08
3.05006207396e-09	2.1317383414e-08
3.05371480873e-09	1.96960758814e-08
3.05736754351e-09	1.2167562069e-08
3.06102027828e-09	3.35459127143e-09
3.06467301306e-09	-2.60322741141e-09
3.06832574783e-09	-4.00461308558e-09
3.0719784826e-09	-2.00359462355e-09
3.07563121738e-09	5.66267144286e-10
3.07928395215e-09	1.09234998824e-09
3.08293668693e-09	-1.34579114519e-09
3.0865894217e-09	-5.70605429573e-09
3.09024215648e-09	-9.87266002284e-09
3.09389489125e-09	-1.19986038882e-08
3.09754762603e-09	-1.15608331797e-08
3.1012003608e-09	-9.57144585811e-09
3.10485309558e-09	-7.92706433828e-09
3.10850583035e-09	-8.23362356073e-09
3.11215856513e-09	-1.07101119085e-08
3.1158112999e-09	-1.37202063044e-08
3.11946403468e-09	-1.43721203827e-08
3.12311676945e-09	-1.00415693538e-08
3.12676950423e-09	-1.58013824247e-10
3.130422239e-09	1.27856711885e-08
3.13407497378e-09	2.37879493881e-08
3.13772770855e-09	2.74994214067e-08
3.14138044333e-09	2.09931059203e-08
3.1450331781e-09	5.69283820084e-09
3.14868591288e-09	-1.27286625684e-08
3.15233864765e-09	-2.66277595529e-08
3.15599138243e-09	-2.98376470198e-08
3.1596441172e-09	-2.06862971197e-08
3.16329685198e-09	-3.08876013655e-09
3.16694958675e-09	1.48489336382e-08
3.17060232152e-09	2.42294699859e-08
3.1742550563e-09	1.93885139055e-08
3.17790779107e-09	8.22209633711e-10
3.18156052585e-09	-2.44240681013e-08
3.18521326062e-09	-4.53026096636e-08
3.1888659954e-09	-5.14687492625e-08
3.19251873017e-09	-3.81492455404e-08
3.19617146495e-09	-8.90770834872e-09
3.19982419972e-09	2.52476262119e-08
3.2034769345e-09	5.02800361346e-08
3.20712966927e-09	5.52641026275e-08
3.21078240405e-09	3.74410404902e-08
3.21443513882e-09	3.82085119099e-09
3.2180878736e-09	-3.15184216504e-08
3.22174060837e-09	-5.33493356158e-08
3.22539334315e-09	-5.19105896046e-08
3.22904607792e-09	-2.73674238827e-08
3.2326988127e-09	9.87110215789e-09
3.23635154747e-09	4.32740314693e-08
3.24000428225e-09	5.71950096173e-08
3.24365701702e-09	4.38555574078e-08
3.2473097518e-09	7.25636128962e-09
3.25096248657e-09	-3.79763562819e-08
3.25461522135e-09	-7.25423134895e-08
3.25826795612e-09	-8.0830076854e-08
3.2619206909e-09	-5.79894638975e-08
3.26557342567e-09	-1.2457785914e-08
3.26922616044e-09	3.73427475608e-08
3.27287889522e-09	7.07469283157e-08
3.27653162999e-09	7.37291685482e-08
3.28018436477e-09	4.50238601957e-08
3.28383709954e-09	-3.14229597898e-09
3.28748983432e-09	-5.00680279458e-08
3.29114256909e-09	-7.52971658358e-08
3.29479530387e-09	-6.74307827353e-08
3.29844803864e-09	-2.92811126457e-08
3.30210077342e-09	2.29696226484e-08
3.30575350819e-09	6.64464891997e-08
3.30940624297e-09	8.14253553472e-08
3.31305897774e-09	6.00881335799e-08
3.31671171252e-09	1.02760360221e-08
3.32036444729e-09	-4.75988599646e-08
3.32401718207e-09	-8.92123352969e-08
3.32766991684e-09	-9.68060120954e-08
3.33132265162e-09	-6.68718058705e-08
3.33497538639e-09	-1.17322613846e-08
3.33862812117e-09	4.56660735892e-08
3.34228085594e-09	8.14223284351e-08
3.34593359072e-09	8.07725228924e-08
3.34958632549e-09	4.43648708881e-08
3.35323906027e-09	-1.19244116803e-08
3.35689179504e-09	-6.3625904545e-08
3.36054452981e-09	-8.80641621848e-08
3.36419726459e-09	-7.41722772091e-08
3.36784999936e-09	-2.74541083201e-08
3.37150273414e-09	3.21958317784e-08
3.37515546891e-09	7.89921301703e-08
3.37880820369e-09	9.24269016878e-08
3.38246093846e-09	6.6175765312e-08
3.38611367324e-09	1.08412612221e-08
3.38976640801e-09	-5.06442674464e-08
3.39341914279e-09	-9.28245000864e-08
3.39707187756e-09	-9.84722987596e-08
3.40072461234e-09	-6.57258070191e-08
3.40437734711e-09	-8.73722960648e-09
3.40803008189e-09	4.83720796751e-08
3.41168281666e-09	8.16534040382e-08
3.41533555144e-09	7.74014949911e-08
3.41898828621e-09	3.79556901464e-08
3.42264102099e-09	-1.92667393151e-08
3.42629375576e-09	-6.92283208537e-08
3.42994649054e-09	-9.0052985513e-08
3.43359922531e-09	-7.2498295367e-08
3.43725196009e-09	-2.39340529617e-08
3.44090469486e-09	3.49477815575e-08
3.44455742964e-09	7.91504106701e-08
3.44821016441e-09	9.00954759686e-08
3.45186289919e-09	6.33764543068e-08
3.45551563396e-09	1.03496615722e-08
3.45916836873e-09	-4.69116514523e-08
3.46282110351e-09	-8.49606820452e-08
3.46647383828e-09	-8.86963249513e-08
3.47012657306e-09	-5.74758018956e-08
3.47377930783e-09	-5.21740473047e-09
3.47743204261e-09	4.55685160716e-08
3.48108477738e-09	7.33250331564e-08
3.48473751216e-09	6.66069155386e-08
3.48839024693e-09	2.89037203061e-08
3.49204298171e-09	-2.29880630087e-08
3.49569571648e-09	-6.63770336473e-08
3.49934845126e-09	-8.2541966151e-08
3.50300118603e-09	-6.46922373448e-08
3.50665392081e-09	-2.05955359434e-08
3.51030665558e-09	3.1090259256e-08
3.51395939036e-09	6.8936948594e-08
3.51761212513e-09	7.7710794244e-08
3.52126485991e-09	5.44646177048e-08
3.52491759468e-09	9.42189615216e-09
3.52857032946e-09	-3.8529385904e-08
3.53222306423e-09	-6.97526587601e-08
3.53587579901e-09	-7.19920905112e-08
3.53952853378e-09	-4.53595809802e-08
3.54318126856e-09	-2.11881889811e-09
3.54683400333e-09	3.87099667876e-08
3.5504867381e-09	5.95921818558e-08
3.55413947288e-09	5.19955953848e-08
3.55779220765e-09	1.9838878984e-08
3.56144494243e-09	-2.25381029395e-08
3.5650976772e-09	-5.68421718583e-08
3.56875041198e-09	-6.87055461412e-08
3.57240314675e-09	-5.35488879905e-08
3.57605588153e-09	-1.80902759439e-08
3.5797086163e-09	2.28448158168e-08
3.58336135108e-09	5.26503107778e-08
3.58701408585e-09	5.97231064603e-08
3.59066682063e-09	4.20266559331e-08
3.5943195554e-09	7.6944237648e-09
3.59797229018e-09	-2.8550195097e-08
3.60162502495e-09	-5.16519733651e-08
3.60527775973e-09	-5.257727409e-08
3.6089304945e-09	-3.20087707451e-08
3.61258322928e-09	2.15063522546e-10
3.61623596405e-09	2.9649010358e-08
3.61988869883e-09	4.36242402202e-08
3.6235414336e-09	3.66020778131e-08
3.62719416838e-09	1.21733956249e-08
3.63084690315e-09	-1.89108071424e-08
3.63449963793e-09	-4.35794333953e-08
3.6381523727e-09	-5.19021376988e-08
3.64180510748e-09	-4.09565217296e-08
3.64545784225e-09	-1.56942476792e-08
3.64911057702e-09	1.33460789087e-08
3.6527633118e-09	3.44814061748e-08
3.65641604657e-09	3.96730150953e-08
3.66006878135e-09	2.77356839717e-08
3.66372151612e-09	4.64651561671e-09
3.6673742509e-09	-1.92283007294e-08
3.67102698567e-09	-3.37430599018e-08
3.67467972045e-09	-3.33363381344e-08
3.67833245522e-09	-1.91884623746e-08
3.68198519e-09	1.68521152588e-09
3.68563792477e-09	1.98442720034e-08
3.68929065955e-09	2.75831713026e-08
3.69294339432e-09	2.20211262558e-08
3.6965961291e-09	5.92530868815e-09
3.70024886387e-09	-1.37953666268e-08
3.70390159865e-09	-2.9125132528e-08
3.70755433342e-09	-3.41881829513e-08
3.7112070682e-09	-2.74872942185e-08
3.71485980297e-09	-1.23182726242e-08
3.71851253775e-09	4.76640904523e-09
3.72216527252e-09	1.68304339354e-08
3.7258180073e-09	1.95128659897e-08
3.72947074207e-09	1.27578472231e-08
3.73312347685e-09	5.52626000516e-10
3.73677621162e-09	-1.11547961978e-08
3.7404289464e-09	-1.72665615139e-08
3.74408168117e-09	-1.56924571115e-08
3.74773441594e-09	-7.91045451365e-09
3.75138715072e-09	2.08336436991e-09
3.75503988549e-09	9.77895897591e-09
3.75869262027e-09	1.20698091521e-08
3.76234535504e-09	8.34256397297e-09
3.76599808982e-09	4.47707565465e-10
3.76965082459e-09	-8.26562551737e-09
3.77330355937e-09	-1.44305145611e-08
3.77695629414e-09	-1.60378235137e-08
3.78060902892e-09	-1.31807018633e-08
3.78426176369e-09	-7.81888687129e-09
3.78791449847e-09	-2.68845923301e-09
3.79156723324e-09	1.10721626312e-10
3.79521996802e-09	8.357234349e-11
3.79887270279e-09	-1.65928160101e-09
3.80252543757e-09	-3.28743210432e-09
3.80617817234e-09	-3.44266104513e-09
3.80983090712e-09	-1.99380534305e-09
3.81348364189e-09	4.0471459517e-11
3.81713637667e-09	1.26603416639e-09
3.82078911144e-09	8.09904643351e-10
3.82444184622e-09	-1.16119658333e-09
3.82809458099e-09	-3.55517215667e-09
3.83174731577e-09	-4.95882401808e-09
3.83540005054e-09	-4.42451675298e-09
3.83905278531e-09	-2.03667016585e-09
3.84270552009e-09	9.56987933343e-10
3.84635825486e-09	2.6171573797e-09
3.85001098964e-09	1.25138699403e-09
3.85366372441e-09	-3.54832230265e-09
3.85731645919e-09	-1.03393640316e-08
3.86096919396e-09	-1.61825965961e-08
3.86462192874e-09	-1.79326562488e-08
3.86827466351e-09	-1.38991271825e-08
3.87192739829e-09	-4.9815911396e-09
3.87558013306e-09	5.43481615267e-09
3.87923286784e-09	1.28891395335e-08
3.88288560261e-09	1.39083500272e-08
3.88653833739e-09	7.73107533547e-09
3.89019107216e-09	-3.18658432974e-09
3.89384380694e-09	-1.40998874798e-08
3.89749654171e-09	-1.99781116095e-08
3.90114927649e-09	-1.77250676359e-08
3.90480201126e-09	-7.71578001491e-09
3.90845474604e-09	6.08499339805e-09
3.91210748081e-09	1.75639183198e-08
3.91576021559e-09	2.10426627234e-08
3.91941295036e-09	1.39498217422e-08
3.92306568514e-09	-1.66008762292e-09
3.92671841991e-09	-1.96251903617e-08
3.93037115469e-09	-3.21806190584e-08
3.93402388946e-09	-3.3442383085e-08
3.93767662423e-09	-2.22317488863e-08
3.94132935901e-09	-2.85564105695e-09
3.94498209378e-09	1.65955675868e-08
3.94863482856e-09	2.77139093896e-08
3.95228756333e-09	2.5468118281e-08
3.95594029811e-09	1.0520167848e-08
3.95959303288e-09	-1.08789324216e-08
3.96324576766e-09	-2.93873085866e-08
3.96689850243e-09	-3.65167061034e-08
3.97055123721e-09	-2.84053953692e-08
3.97420397198e-09	-7.79801556661e-09
3.97785670676e-09	1.67954503638e-08
3.98150944153e-09	3.45608839325e-08
3.98516217631e-09	3.71273465305e-08
3.98881491108e-09	2.24788561098e-08
3.99246764586e-09	-3.82065490356e-09
3.99612038063e-09	-3.08225232004e-08
3.99977311541e-09	-4.68877594528e-08
4.00342585018e-09	-4.48354455784e-08
4.00707858496e-09	-2.52132590361e-08
4.01073131973e-09	3.79319420318e-09
4.01438405451e-09	2.97763591561e-08
4.01803678928e-09	4.1396894801e-08
4.02168952406e-09	3.33139027475e-08
4.02534225883e-09	8.65624727453e-09
4.0289949936e-09	-2.20895781666e-08
4.03264772838e-09	-4.54126052318e-08
4.03630046315e-09	-5.06109891774e-08
4.03995319793e-09	-3.46265842666e-08
4.0436059327e-09	-3.70421582296e-09
4.04725866748e-09	2.90702857342e-08
4.05091140225e-09	4.93709002569e-08
4.05456413703e-09	4.79713619939e-08
4.0582168718e-09	2.49478411263e-08
4.06186960658e-09	-1.01793142804e-08
4.06552234135e-09	-4.24964952117e-08
4.06917507613e-09	-5.81328762905e-08
4.0728278109e-09	-5.02839334615e-08
4.07648054568e-09	-2.22166018915e-08
4.08013328045e-09	1.40352103273e-08
4.08378601523e-09	4.27586641649e-08
4.08743875e-09	5.12952595955e-08
4.09109148478e-09	3.55865417134e-08
4.09474421955e-09	2.12645012709e-09
4.09839695433e-09	-3.46568711507e-08
4.1020496891e-09	-5.85680695053e-08
4.10570242388e-09	-5.87569424226e-08
4.10935515865e-09	-3.46074173763e-08
4.11300789343e-09	3.81528453275e-09
4.1166606282e-09	4.00704962544e-08
4.12031336298e-09	5.85007455811e-08
4.12396609775e-09	5.10804198939e-08
4.12761883252e-09	2.09167687615e-08
4.1312715673e-09	-1.90767917019e-08
4.13492430207e-09	-5.17634468622e-08
4.13857703685e-09	-6.31531449358e-08
4.14222977162e-09	-4.84217679286e-08
4.1458825064e-09	-1.40149571948e-08
4.14953524117e-09	2.50753764419e-08
4.15318797595e-09	5.1753051622e-08
4.15684071072e-09	5.42375602208e-08
4.1604934455e-09	3.12506927003e-08
4.16414618027e-09	-7.33189375879e-09
4.16779891505e-09	-4.4740268379e-08
4.17145164982e-09	-6.46383355729e-08
4.1751043846e-09	-5.82874619681e-08
4.17875711937e-09	-2.83547709756e-08
4.18240985415e-09	1.22852927831e-08
4.18606258892e-09	4.62117704103e-08
4.1897153237e-09	5.9016802112e-08
4.19336805847e-09	4.54885871193e-08
4.19702079325e-09	1.17493366147e-08
4.20067352802e-09	-2.74738383155e-08
4.2043262628e-09	-5.52532952725e-08
4.20797899757e-09	-5.97564735472e-08
4.21163173235e-09	-3.93195342951e-08
4.21528446712e-09	-3.10987324781e-09
4.2189372019e-09	3.29060831916e-08
4.22258993667e-09	5.29616102085e-08
4.22624267144e-09	4.83706301679e-08
4.22989540622e-09	2.1263495853e-08
4.23354814099e-09	-1.64470925768e-08
4.23720087577e-09	-4.83837041543e-08
4.24085361054e-09	-6.08864922924e-08
4.24450634532e-09	-4.88834075441e-08
4.24815908009e-09	-1.79086221408e-08
4.25181181487e-09	1.84854052065e-08
4.25546454964e-09	4.47197052722e-08
4.25911728442e-09	4.99045462732e-08
4.26277001919e-09	3.24150839504e-08
4.26642275397e-09	3.93626520268e-10
4.27007548874e-09	-3.19410560223e-08
4.27372822352e-09	-5.05656352345e-08
4.27738095829e-09	-4.77240504893e-08
4.28103369307e-09	-2.51753977665e-08
4.28468642784e-09	6.7779089008e-09
4.28833916262e-09	3.39763914781e-08
4.29199189739e-09	4.46804655496e-08
4.29564463217e-09	3.46153505859e-08
4.29929736694e-09	8.60503490685e-09
4.30295010172e-09	-2.17951363624e-08
4.30660283649e-09	-4.35036611179e-08
4.31025557127e-09	-4.7593246677e-08
4.31390830604e-09	-3.29782743336e-08
4.31756104081e-09	-6.60100596406e-09
4.32121377559e-09	1.98152605435e-08
4.32486651036e-09	3.49843851666e-08
4.32851924514e-09	3.29117284537e-08
4.33217197991e-09	1.53125885305e-08
4.33582471469e-09	-9.41676070454e-09
4.33947744946e-09	-3.01082323517e-08
4.34313018424e-09	-3.78380136112e-08
4.34678291901e-09	-2.9752319719e-08
4.35043565379e-09	-1.00575023865e-08
4.35408838856e-09	1.21560637112e-08
4.35774112334e-09	2.71163127508e-08
4.36139385811e-09	2.86703780716e-08
4.36504659289e-09	1.67657407957e-08
4.36869932766e-09	-2.85215828733e-09
4.37235206244e-09	-2.14194422199e-08
4.37600479721e-09	-3.10922096958e-08
4.37965753199e-09	-2.82963998899e-08
4.38331026676e-09	-1.50677390565e-08
4.38696300154e-09	2.12598338933e-09
4.39061573631e-09	1.54506079042e-08
4.39426847109e-09	1.92662437115e-08
4.39792120586e-09	1.25415020591e-08
4.40157394064e-09	-9.34182620149e-10
4.40522667541e-09	-1.45631151582e-08
4.40887941019e-09	-2.21034959225e-08
4.41253214496e-09	-2.0495022568e-08
4.41618487973e-09	-1.10212416971e-08
4.41983761451e-09	1.58159674246e-09
4.42349034928e-09	1.15118092836e-08
4.42714308406e-09	1.45651952721e-08
4.43079581883e-09	9.89261295103e-09
4.43444855361e-09	1.41891581817e-10
4.43810128838e-09	-9.95405446957e-09
4.44175402316e-09	-1.5832346989e-08
4.44540675793e-09	-1.51624739431e-08
4.44905949271e-09	-8.81706530009e-09
4.45271222748e-09	-3.19132636983e-10
4.45636496226e-09	5.96718718882e-09
4.46001769703e-09	6.99301905271e-09
4.46367043181e-09	2.48380049861e-09
4.46732316658e-09	-5.0399351359e-09
4.47097590136e-09	-1.16413367834e-08
4.47462863613e-09	-1.4013425087e-08
4.47828137091e-09	-1.10850324475e-08
4.48193410568e-09	-4.43216796597e-09
4.48558684046e-09	2.63943933376e-09
4.48923957523e-09	6.77459910392e-09
4.49289231001e-09	6.16447559665e-09
4.49654504478e-09	1.30950539301e-09
4.50019777956e-09	-5.29615284961e-09
4.50385051433e-09	-1.03787680672e-08
4.5075032491e-09	-1.14264224749e-08
4.51115598388e-09	-7.89068010931e-09
4.51480871865e-09	-1.48989598436e-09
4.51846145343e-09	4.56904425405e-09
4.5221141882e-09	7.13565961874e-09
4.52576692298e-09	4.7145074511e-09
4.52941965775e-09	-1.72584146974e-09
4.53307239253e-09	-9.18773768177e-09
4.5367251273e-09	-1.41323575065e-08
4.54037786208e-09	-1.42377825085e-08
4.54403059685e-09	-9.52007095378e-09
4.54768333163e-09	-2.24024732098e-09
4.5513360664e-09	4.25052038011e-09
4.55498880118e-09	7.11042202894e-09
4.55864153595e-09	5.24578780414e-09
4.56229427073e-09	-2.98367858198e-10
4.5659470055e-09	-6.89586521219e-09
4.56959974028e-09	-1.15180229798e-08
4.57325247505e-09	-1.20531860048e-08
4.57690520983e-09	-8.23617707368e-09
4.5805579446e-09	-1.79225834174e-09
4.58421067938e-09	4.3213148615e-09
4.58786341415e-09	7.27981364079e-09
4.59151614893e-09	5.744829501e-09
4.5951688837e-09	5.09673636628e-10
4.59882161848e-09	-5.93619020606e-09
4.60247435325e-09	-1.0687026375e-08
4.60612708802e-09	-1.18567706764e-08
4.6097798228e-09	-9.3791943101e-09
4.61343255757e-09	-4.83405493412e-09
4.61708529235e-09	-4.79871364867e-10
4.62073802712e-09	1.87201032453e-09
4.6243907619e-09	1.58563551178e-09
4.62804349667e-09	-7.33063498792e-10
4.63169623145e-09	-3.69983355064e-09
4.63534896622e-09	-5.86823656334e-09
4.639001701e-09	-6.35317043418e-09
4.64265443577e-09	-5.16967357811e-09
4.64630717055e-09	-3.15239567783e-09
4.64995990532e-09	-1.47970125042e-09
4.6536126401e-09	-9.93252813331e-10
4.65726537487e-09	-1.69147817974e-09
4.66091810965e-09	-2.73975930831e-09
4.66457084442e-09	-3.04932035178e-09
4.6682235792e-09	-2.10456585492e-09
4.67187631397e-09	-4.58023063921e-10
4.67552904875e-09	5.11214071075e-10
4.67918178352e-09	-5.01205854597e-10
4.6828345183e-09	-3.75350506232e-09
4.68648725307e-09	-8.04699507029e-09
4.69013998785e-09	-1.12189821877e-08
4.69379272262e-09	-1.12729612312e-08
4.6974454574e-09	-7.52942419524e-09
4.70109819217e-09	-1.13938036783e-09
4.70475092694e-09	5.26458032724e-09
4.70840366172e-09	8.66377902753e-09
4.71205639649e-09	7.02368296857e-09
4.71570913127e-09	3.79781650572e-10
4.71936186604e-09	-8.86560869162e-09
4.72301460082e-09	-1.66748463926e-08
4.72666733559e-09	-1.90400104572e-08
4.73032007037e-09	-1.3957576428e-08
4.73397280514e-09	-2.75989653353e-09
4.73762553992e-09	1.00225934219e-08
4.74127827469e-09	1.84663431213e-08
4.74493100947e-09	1.80231989333e-08
4.74858374424e-09	7.92171661601e-09
4.75223647902e-09	-8.11418221502e-09
4.75588921379e-09	-2.3281275574e-08
4.75954194857e-09	-3.0673568574e-08
4.76319468334e-09	-2.64453472454e-08
4.76684741812e-09	-1.17210419148e-08
4.77050015289e-09	7.65228769239e-09
4.77415288767e-09	2.34021229062e-08
4.77780562244e-09	2.83107155497e-08
4.78145835722e-09	1.94576124102e-08
4.78511109199e-09	-1.55561119541e-10
4.78876382677e-09	-2.24764953316e-08
4.79241656154e-09	-3.76113220568e-08
4.79606929631e-09	-3.8184587936e-08
4.79972203109e-09	-2.29311982736e-08
4.80337476586e-09	2.28265095714e-09
4.80702750064e-09	2.67072000071e-08
4.81068023541e-09	3.9371688132e-08
4.81433297019e-09	3.40813102184e-08
4.81798570496e-09	1.24060113293e-08
4.82163843974e-09	-1.67776015303e-08
4.82529117451e-09	-4.10052827249e-08
4.82894390929e-09	-4.95949379342e-08
4.83259664406e-09	-3.83242237945e-08
4.83624937884e-09	-1.14471934154e-08
4.83990211361e-09	1.987580589e-08
4.84355484839e-09	4.21418775431e-08
4.84720758316e-09	4.52769803871e-08
4.85086031794e-09	2.71937086183e-08
4.85451305271e-09	-4.92191087886e-09
4.85816578749e-09	-3.73951785093e-08
4.86181852226e-09	-5.58904602599e-08
4.86547125704e-09	-5.18072482691e-08
4.86912399181e-09	-2.63058073102e-08
4.87277672659e-09	9.96525439945e-09
4.87642946136e-09	4.1421809982e-08
4.88008219614e-09	5.43509450779e-08
4.88373493091e-09	4.29196411744e-08
4.88738766569e-09	1.17569607383e-08
4.89104040046e-09	-2.59929979762e-08
4.89469313523e-09	-5.42434861472e-08
4.89834587001e-09	-6.08051706763e-08
4.90199860478e-09	-4.26267199316e-08
4.90565133956e-09	-7.23848270212e-09
4.90930407433e-09	3.03000504687e-08
4.91295680911e-09	5.37561319902e-08
4.91660954388e-09	5.27706660591e-08
4.92026227866e-09	2.74960907376e-08
4.92391501343e-09	-1.12974305466e-08
4.92756774821e-09	-4.68511984764e-08
4.93122048298e-09	-6.37518695612e-08
4.93487321776e-09	-5.4695778573e-08
4.93852595253e-09	-2.36414336996e-08
4.94217868731e-09	1.60163864393e-08
4.94583142208e-09	4.73374939247e-08
4.94948415686e-09	5.71253480075e-08
4.95313689163e-09	4.14719529829e-08
4.95678962641e-09	7.27751592322e-09
4.96044236118e-09	-3.07946876887e-08
4.96409509596e-09	-5.65728051072e-08
4.96774783073e-09	-5.92333009308e-08
4.97140056551e-09	-3.78816586988e-08
4.97505330028e-09	-1.91692905993e-09
4.97870603506e-09	3.3063326299e-08
4.98235876983e-09	5.20488683264e-08
4.9860115046e-09	4.71426560011e-08
4.98966423938e-09	2.08996677742e-08
4.99331697415e-09	-1.49882399825e-08
4.99696970893e-09	-4.50053043721e-08
5.0006224437e-09	-5.66169937599e-08
5.00427517848e-09	-4.55280009248e-08
5.00792791325e-09	-1.71737859489e-08
5.01158064803e-09	1.59775890296e-08
5.0152333828e-09	3.99513560012e-08
5.01888611758e-09	4.51466064533e-08
5.02253885235e-09	3.0150900443e-08
5.02619158713e-09	2.03663463871e-09
5.0298443219e-09	-2.68948454618e-08
5.03349705668e-09	-4.44609824513e-08
5.03714979145e-09	-4.37620819582e-08
5.04080252623e-09	-2.59486370169e-08
5.044455261e-09	5.75830660932e-10
5.04810799578e-09	2.41157067649e-08
5.05176073055e-09	3.49143789435e-08
5.05541346533e-09	2.92629582788e-08
5.0590662001e-09	1.06787760856e-08
5.06271893488e-09	-1.21475114412e-08
5.06637166965e-09	-2.9488628428e-08
5.07002440443e-09	-3.47565070058e-08
5.0736771392e-09	-2.69376148054e-08
5.07732987398e-09	-1.04547721591e-08
5.08098260875e-09	7.18875048378e-09
5.08463534352e-09	1.87886772807e-08
5.0882880783e-09	2.03603427451e-08
5.09194081307e-09	1.24608652285e-08
5.09559354785e-09	-4.98670105209e-10
5.09924628262e-09	-1.25281172103e-08
5.1028990174e-09	-1.88282971436e-08
5.10655175217e-09	-1.77608967533e-08
5.11020448695e-09	-1.11382156831e-08
5.11385722172e-09	-2.86213408529e-09
5.1175099565e-09	3.27857740956e-09
5.12116269127e-09	5.39389422016e-09
5.12481542605e-09	3.98469701679e-09
5.12846816082e-09	1.06078057449e-09
5.1321208956e-09	-1.37913858111e-09
5.13577363037e-09	-2.54740850636e-09
5.13942636515e-09	-3.06549963192e-09
5.14307909992e-09	-4.19607371072e-09
5.1467318347e-09	-6.68186572739e-09
5.15038456947e-09	-9.96581306367e-09
5.15403730425e-09	-1.22484644649e-08
5.15769003902e-09	-1.14124345529e-08
5.1613427738e-09	-6.36011376898e-09
5.16499550857e-09	1.95285920768e-09
5.16864824335e-09	1.04170494453e-08
5.17230097812e-09	1.48727297145e-08
5.1759537129e-09	1.20896546107e-08
5.17960644767e-09	1.73837055861e-09
5.18325918244e-09	-1.27659625093e-08
5.18691191722e-09	-2.52445495619e-08
5.19056465199e-09	-2.93944477647e-08
5.19421738677e-09	-2.19440590143e-08
5.19787012154e-09	-4.74751349344e-09
5.20152285632e-09	1.54500021665e-08
5.20517559109e-09	2.96710656045e-08
5.20882832587e-09	3.07308560821e-08
5.21248106064e-09	1.6770675515e-08
5.21613379542e-09	-7.40125649656e-09
5.21978653019e-09	-3.1932970046e-08
5.22343926497e-09	-4.59506708239e-08
5.22709199974e-09	-4.23545820638e-08
5.23074473452e-09	-2.12995665549e-08
5.23439746929e-09	9.28394783273e-09
5.23805020407e-09	3.66080890046e-08
5.24170293884e-09	4.83652300431e-08
5.24535567362e-09	3.82891478523e-08
5.24900840839e-09	9.42607414345e-09
5.25266114317e-09	-2.65980304448e-08
5.25631387794e-09	-5.42500231404e-08
5.25996661272e-09	-6.0841145455e-08
5.26361934749e-09	-4.23672616989e-08
5.26727208227e-09	-5.72956793121e-09
5.27092481704e-09	3.38435199865e-08
5.27457755181e-09	5.91693520846e-08
5.27823028659e-09	5.85947752541e-08
5.28188302136e-09	3.13024912657e-08
5.28553575614e-09	-1.19252270281e-08
5.28918849091e-09	-5.29790824544e-08
5.29284122569e-09	-7.40152970025e-08
5.29649396046e-09	-6.52228564491e-08
5.30014669524e-09	-2.93906978754e-08
5.30379943001e-09	1.88521482869e-08
5.30745216479e-09	5.8997507324e-08
5.31110489956e-09	7.34155491955e-08
5.31475763434e-09	5.51539187654e-08
5.31841036911e-09	1.12915516937e-08
5.32206310389e-09	-3.9785920336e-08
5.32571583866e-09	-7.61356204748e-08
5.32936857344e-09	-8.17357914684e-08
5.33302130821e-09	-5.35550945813e-08
5.33667404299e-09	-3.09978354096e-09
5.34032677776e-09	4.83352238234e-08
5.34397951254e-09	7.86870018032e-08
5.34763224731e-09	7.46071364688e-08
5.35128498209e-09	3.73220068184e-08
5.35493771686e-09	-1.76831349563e-08
5.35859045164e-09	-6.71178810308e-08
5.36224318641e-09	-8.97774583564e-08
5.36589592119e-09	-7.56850653261e-08
5.36954865596e-09	-3.05214129526e-08
5.37320139073e-09	2.66452708786e-08
5.37685412551e-09	7.14416543701e-08
5.38050686028e-09	8.46325534098e-08
5.38415959506e-09	6.04256413794e-08
5.38781232983e-09	9.03054964141e-09
5.39146506461e-09	-4.76799186799e-08
5.39511779938e-09	-8.55194812743e-08
5.39877053416e-09	-8.83357316184e-08
5.40242326893e-09	-5.49061311972e-08
5.40607600371e-09	5.48894152352e-10
5.40972873848e-09	5.44565352811e-08
5.41338147326e-09	8.39460412294e-08
5.41703420803e-09	7.65821823734e-08
5.42068694281e-09	3.56208360586e-08
5.42433967758e-09	-2.14224371575e-08
5.42799241236e-09	-7.0300032462e-08
5.43164514713e-09	-9.03789185713e-08
5.43529788191e-09	-7.33957321586e-08
5.43895061668e-09	-2.68822795135e-08
5.44260335146e-09	2.91742985326e-08
5.44625608623e-09	7.0951323039e-08
5.44990882101e-09	8.09477285202e-08
5.45356155578e-09	5.53317853758e-08
5.45721429056e-09	5.39221955975e-09
5.46086702533e-09	-4.7453593055e-08
5.4645197601e-09	-8.08739812896e-08
5.46817249488e-09	-8.10819429375e-08
5.47182522965e-09	-4.85187747756e-08
5.47547796443e-09	2.56391774478e-09
5.4791306992e-09	5.03740089641e-08
5.48278343398e-09	7.49080300011e-08
5.48643616875e-09	6.63544241775e-08
5.49008890353e-09	2.90111330514e-08
5.4937416383e-09	-2.08237889154e-08
5.49739437308e-09	-6.19892119857e-08
5.50104710785e-09	-7.74727553221e-08
5.50469984263e-09	-6.14579036551e-08
5.5083525774e-09	-2.14775379703e-08
5.51200531218e-09	2.50930014545e-08
5.51565804695e-09	5.85974468947e-08
5.51931078173e-09	6.54042437986e-08
5.5229635165e-09	4.34463629517e-08
5.52661625128e-09	2.75029998775e-09
5.53026898605e-09	-3.91352799056e-08
5.53392172083e-09	-6.47252704766e-08
5.5375744556e-09	-6.39165591565e-08
5.54122719038e-09	-3.7954528409e-08
5.54487992515e-09	1.48848067205e-09
5.54853265993e-09	3.75736917135e-08
5.5521853947e-09	5.55063728314e-08
5.55583812948e-09	4.86104099195e-08
5.55949086425e-09	2.07595505231e-08
5.56314359902e-09	-1.56640123095e-08
5.5667963338e-09	-4.52703474707e-08
5.57044906857e-09	-5.6158263817e-08
5.57410180335e-09	-4.46873187343e-08
5.57775453812e-09	-1.66114677569e-08
5.5814072729e-09	1.57246855537e-08
5.58506000767e-09	3.88039822496e-08
5.58871274245e-09	4.35854907721e-08
5.59236547722e-09	2.90234432043e-08
5.596018212e-09	2.09142037022e-09
5.59967094677e-09	-2.55247023517e-08
5.60332368155e-09	-4.25130224357e-08
5.60697641632e-09	-4.2569190839e-08
5.6106291511e-09	-2.66772381963e-08
5.61428188587e-09	-2.25713092661e-09
5.61793462065e-09	2.02843235542e-08
5.62158735542e-09	3.19814930094e-08
5.6252400902e-09	2.88521473379e-08
5.62889282497e-09	1.31657520441e-08
5.63254555975e-09	-7.89800758128e-09
5.63619829452e-09	-2.54992915671e-08
5.6398510293e-09	-3.28240545855e-08
5.64350376407e-09	-2.76953500133e-08
5.64715649885e-09	-1.31098412126e-08
5.65080923362e-09	4.36109681701e-09
5.6544619684e-09	1.75190617568e-08
5.65811470317e-09	2.1496049385e-08
5.66176743794e-09	1.5509288076e-08
5.66542017272e-09	2.80448197998e-09
5.66907290749e-09	-1.10293241207e-08
5.67272564227e-09	-2.05179837565e-08
5.67637837704e-09	-2.24445226849e-08
5.68003111182e-09	-1.68538605294e-08
5.68368384659e-09	-6.67295196877e-09
5.68733658137e-09	3.75215680748e-09
5.69098931614e-09	1.04850759186e-08
5.69464205092e-09	1.14472875623e-08
5.69829478569e-09	6.97045177134e-09
5.70194752047e-09	-6.21052376193e-10
5.70560025524e-09	-8.1516029482e-09
