2.90906e-14	-0.000112984
8.72717e-14	-0.000114069
1.45453e-13	-0.000115159
2.03634e-13	-0.000116253
2.61815e-13	-0.00011735
3.19996e-13	-0.000118451
3.78178e-13	-0.000119556
4.36359e-13	-0.000120664
4.9454e-13	-0.000121775
5.52721e-13	-0.00012289
6.10902e-13	-0.000124007
6.69083e-13	-0.000125128
7.27264e-13	-0.000126251
7.85446e-13	-0.000127377
8.43627e-13	-0.000128505
9.01808e-13	-0.000129635
9.59989e-13	-0.000130768
1.01817e-12	-0.000131903
1.07635e-12	-0.000133039
1.13453e-12	-0.000134177
1.19271e-12	-0.000135316
1.25089e-12	-0.000136457
1.30908e-12	-0.000137598
1.36726e-12	-0.000138741
1.42544e-12	-0.000139884
1.48362e-12	-0.000141027
1.5418e-12	-0.000142171
1.59998e-12	-0.000143315
1.65816e-12	-0.000144459
1.71634e-12	-0.000145602
1.77453e-12	-0.000146744
1.83271e-12	-0.000147886
1.89089e-12	-0.000149027
1.94907e-12	-0.000150166
2.00725e-12	-0.000151304
2.06543e-12	-0.00015244
2.12361e-12	-0.000153574
2.18179e-12	-0.000154705
2.23997e-12	-0.000155834
2.29816e-12	-0.00015696
2.35634e-12	-0.000158083
2.41452e-12	-0.000159202
2.4727e-12	-0.000160318
2.53088e-12	-0.00016143
2.58906e-12	-0.000162537
2.64724e-12	-0.00016364
2.70542e-12	-0.000164737
2.7636e-12	-0.00016583
2.82179e-12	-0.000166917
2.87997e-12	-0.000167998
2.93815e-12	-0.000169072
2.99633e-12	-0.00017014
3.05451e-12	-0.000171201
3.11269e-12	-0.000172255
3.17087e-12	-0.000173301
3.22905e-12	-0.000174339
3.28724e-12	-0.000175369
3.34542e-12	-0.00017639
3.4036e-12	-0.000177401
3.46178e-12	-0.000178404
3.51996e-12	-0.000179396
3.57814e-12	-0.000180377
3.63632e-12	-0.000181348
3.6945e-12	-0.000182308
3.75268e-12	-0.000183256
3.81087e-12	-0.000184191
3.86905e-12	-0.000185115
3.92723e-12	-0.000186025
3.98541e-12	-0.000186921
4.04359e-12	-0.000187804
4.10177e-12	-0.000188672
4.15995e-12	-0.000189526
4.21813e-12	-0.000190364
4.27632e-12	-0.000191186
4.3345e-12	-0.000191991
4.39268e-12	-0.00019278
4.45086e-12	-0.000193551
4.50904e-12	-0.000194304
4.56722e-12	-0.000195039
4.6254e-12	-0.000195754
4.68358e-12	-0.00019645
4.74176e-12	-0.000197126
4.79995e-12	-0.00019778
4.85813e-12	-0.000198414
4.91631e-12	-0.000199025
4.97449e-12	-0.000199614
5.03267e-12	-0.000200179
5.09085e-12	-0.000200721
5.14903e-12	-0.000201238
5.20721e-12	-0.00020173
5.26539e-12	-0.000202196
5.32358e-12	-0.000202636
5.38176e-12	-0.000203049
5.43994e-12	-0.000203434
5.49812e-12	-0.00020379
5.5563e-12	-0.000204117
5.61448e-12	-0.000204415
5.67266e-12	-0.000204681
5.73084e-12	-0.000204917
5.78903e-12	-0.00020512
5.84721e-12	-0.00020529
5.90539e-12	-0.000205427
5.96357e-12	-0.00020553
6.02175e-12	-0.000205597
6.07993e-12	-0.000205629
6.13811e-12	-0.000205623
6.19629e-12	-0.00020558
6.25447e-12	-0.000205499
6.31266e-12	-0.000205378
6.37084e-12	-0.000205218
6.42902e-12	-0.000205016
6.4872e-12	-0.000204773
6.54538e-12	-0.000204487
6.60356e-12	-0.000204157
6.66174e-12	-0.000203783
6.71992e-12	-0.000203364
6.7781e-12	-0.000202898
6.83629e-12	-0.000202385
6.89447e-12	-0.000201823
6.95265e-12	-0.000201213
7.01083e-12	-0.000200552
7.06901e-12	-0.00019984
7.12719e-12	-0.000199076
7.18537e-12	-0.000198259
7.24355e-12	-0.000197388
7.30174e-12	-0.000196461
7.35992e-12	-0.000195479
7.4181e-12	-0.000194439
7.47628e-12	-0.00019334
7.53446e-12	-0.000192182
7.59264e-12	-0.000190963
7.65082e-12	-0.000189683
7.709e-12	-0.00018834
7.76718e-12	-0.000186933
7.82537e-12	-0.000185461
7.88355e-12	-0.000183923
7.94173e-12	-0.000182317
7.99991e-12	-0.000180642
8.05809e-12	-0.000178898
8.11627e-12	-0.000177083
8.17445e-12	-0.000175195
8.23263e-12	-0.000173234
8.29081e-12	-0.000171198
8.349e-12	-0.000169086
8.40718e-12	-0.000166896
8.46536e-12	-0.000164628
8.52354e-12	-0.00016228
8.58172e-12	-0.000159851
8.6399e-12	-0.000157339
8.69808e-12	-0.000154743
8.75626e-12	-0.000152062
8.81445e-12	-0.000149294
8.87263e-12	-0.000146438
8.93081e-12	-0.000143492
8.98899e-12	-0.000140456
9.04717e-12	-0.000137327
9.10535e-12	-0.000134104
9.16353e-12	-0.000130786
9.22171e-12	-0.000127371
9.27989e-12	-0.000123858
9.33808e-12	-0.000120245
9.39626e-12	-0.00011653
9.45444e-12	-0.000112713
9.51262e-12	-0.000108791
9.5708e-12	-0.000104764
9.62898e-12	-0.000100629
9.68716e-12	-9.6384e-05
9.74534e-12	-9.20287e-05
9.80352e-12	-8.7561e-05
9.86171e-12	-8.29792e-05
9.91989e-12	-7.82817e-05
9.97807e-12	-7.34667e-05
1.00362e-11	-6.85326e-05
1.00944e-11	-6.34778e-05
1.01526e-11	-5.83004e-05
1.02108e-11	-5.29987e-05
1.0269e-11	-4.7571e-05
1.03272e-11	-4.20155e-05
1.03853e-11	-3.63305e-05
1.04435e-11	-3.05141e-05
1.05017e-11	-2.45645e-05
1.05599e-11	-1.848e-05
1.06181e-11	-1.22586e-05
1.06762e-11	-5.89854e-06
1.07344e-11	6.02097e-07
1.07926e-11	7.24518e-06
1.08508e-11	1.40326e-05
1.0909e-11	2.09663e-05
1.09671e-11	2.80482e-05
1.10253e-11	3.52802e-05
1.10835e-11	4.26644e-05
1.11417e-11	5.02026e-05
1.11999e-11	5.78969e-05
1.12581e-11	6.57493e-05
1.13162e-11	7.37618e-05
1.13744e-11	8.19365e-05
1.14326e-11	9.02753e-05
1.14908e-11	9.87804e-05
1.1549e-11	0.000107454
1.16071e-11	0.000116298
1.16653e-11	0.000125314
1.17235e-11	0.000134505
1.17817e-11	0.000143873
1.18399e-11	0.00015342
1.1898e-11	0.000163148
1.19562e-11	0.00017306
1.20144e-11	0.000183157
1.20726e-11	0.000193441
1.21308e-11	0.000203916
1.2189e-11	0.000214583
1.22471e-11	0.000225444
1.23053e-11	0.000236503
1.23635e-11	0.00024776
1.24217e-11	0.000259218
1.24799e-11	0.00027088
1.2538e-11	0.000282749
1.25962e-11	0.000294825
1.26544e-11	0.000307112
1.27126e-11	0.000319613
1.27708e-11	0.000332328
1.28289e-11	0.000345262
1.28871e-11	0.000358415
1.29453e-11	0.000371792
1.30035e-11	0.000385393
1.30617e-11	0.000399222
1.31199e-11	0.000413281
1.3178e-11	0.000427573
1.32362e-11	0.000442099
1.32944e-11	0.000456863
1.33526e-11	0.000471867
1.34108e-11	0.000487113
1.34689e-11	0.000502605
1.35271e-11	0.000518344
1.35853e-11	0.000534333
1.36435e-11	0.000550575
1.37017e-11	0.000567072
1.37598e-11	0.000583827
1.3818e-11	0.000600843
1.38762e-11	0.000618121
1.39344e-11	0.000635666
1.39926e-11	0.000653478
1.40507e-11	0.000671562
1.41089e-11	0.000689919
1.41671e-11	0.000708553
1.42253e-11	0.000727466
1.42835e-11	0.00074666
1.43417e-11	0.000766139
1.43998e-11	0.000785905
1.4458e-11	0.000805961
1.45162e-11	0.000826309
1.45744e-11	0.000846952
1.46326e-11	0.000867894
1.46907e-11	0.000889136
1.47489e-11	0.000910681
1.48071e-11	0.000932533
1.48653e-11	0.000954694
1.49235e-11	0.000977167
1.49816e-11	0.000999954
1.50398e-11	0.00102306
1.5098e-11	0.00104648
1.51562e-11	0.00107023
1.52144e-11	0.0010943
1.52726e-11	0.00111871
1.53307e-11	0.00114344
1.53889e-11	0.00116851
1.54471e-11	0.00119391
1.55053e-11	0.00121965
1.55635e-11	0.00124574
1.56216e-11	0.00127217
1.56798e-11	0.00129895
1.5738e-11	0.00132609
1.57962e-11	0.00135357
1.58544e-11	0.00138141
1.59125e-11	0.00140962
1.59707e-11	0.00143818
1.60289e-11	0.00146711
1.60871e-11	0.00149641
1.61453e-11	0.00152608
1.62035e-11	0.00155612
1.62616e-11	0.00158654
1.63198e-11	0.00161734
1.6378e-11	0.00164852
1.64362e-11	0.00168009
1.64944e-11	0.00171204
1.65525e-11	0.00174439
1.66107e-11	0.00177713
1.66689e-11	0.00181026
1.67271e-11	0.0018438
1.67853e-11	0.00187774
1.68434e-11	0.00191208
1.69016e-11	0.00194683
1.69598e-11	0.00198199
1.7018e-11	0.00201756
1.70762e-11	0.00205355
1.71344e-11	0.00208996
1.71925e-11	0.00212679
1.72507e-11	0.00216404
1.73089e-11	0.00220173
1.73671e-11	0.00223984
1.74253e-11	0.00227838
1.74834e-11	0.00231736
1.75416e-11	0.00235678
1.75998e-11	0.00239664
1.7658e-11	0.00243694
1.77162e-11	0.00247769
1.77743e-11	0.00251888
1.78325e-11	0.00256053
1.78907e-11	0.00260263
1.79489e-11	0.00264519
1.80071e-11	0.0026882
1.80652e-11	0.00273168
1.81234e-11	0.00277563
1.81816e-11	0.00282004
1.82398e-11	0.00286491
1.8298e-11	0.00291026
1.83562e-11	0.00295609
1.84143e-11	0.00300239
1.84725e-11	0.00304917
1.85307e-11	0.00309643
1.85889e-11	0.00314418
1.86471e-11	0.00319241
1.87052e-11	0.00324113
1.87634e-11	0.00329034
1.88216e-11	0.00334005
1.88798e-11	0.00339025
1.8938e-11	0.00344095
1.89961e-11	0.00349215
1.90543e-11	0.00354385
1.91125e-11	0.00359605
1.91707e-11	0.00364876
1.92289e-11	0.00370198
1.92871e-11	0.00375571
1.93452e-11	0.00380995
1.94034e-11	0.00386471
1.94616e-11	0.00391998
1.95198e-11	0.00397577
1.9578e-11	0.00403209
1.96361e-11	0.00408892
1.96943e-11	0.00414628
1.97525e-11	0.00420416
1.98107e-11	0.00426257
1.98689e-11	0.00432151
1.9927e-11	0.00438099
1.99852e-11	0.00444099
2.00434e-11	0.00450153
2.01016e-11	0.0045626
2.01598e-11	0.00462421
2.0218e-11	0.00468636
2.02761e-11	0.00474905
2.03343e-11	0.00481228
2.03925e-11	0.00487605
2.04507e-11	0.00494037
2.05089e-11	0.00500523
2.0567e-11	0.00507064
2.06252e-11	0.00513659
2.06834e-11	0.00520309
2.07416e-11	0.00527015
2.07998e-11	0.00533775
2.08579e-11	0.0054059
2.09161e-11	0.00547461
2.09743e-11	0.00554387
2.10325e-11	0.00561368
2.10907e-11	0.00568404
2.11489e-11	0.00575496
2.1207e-11	0.00582644
2.12652e-11	0.00589847
2.13234e-11	0.00597106
2.13816e-11	0.0060442
2.14398e-11	0.0061179
2.14979e-11	0.00619216
2.15561e-11	0.00626697
2.16143e-11	0.00634235
2.16725e-11	0.00641828
2.17307e-11	0.00649476
2.17888e-11	0.0065718
2.1847e-11	0.0066494
2.19052e-11	0.00672756
2.19634e-11	0.00680627
2.20216e-11	0.00688554
2.20797e-11	0.00696536
2.21379e-11	0.00704574
2.21961e-11	0.00712667
2.22543e-11	0.00720816
2.23125e-11	0.00729019
2.23707e-11	0.00737278
2.24288e-11	0.00745592
2.2487e-11	0.00753961
2.25452e-11	0.00762385
2.26034e-11	0.00770863
2.26616e-11	0.00779396
2.27197e-11	0.00787984
2.27779e-11	0.00796625
2.28361e-11	0.00805321
2.28943e-11	0.00814071
2.29525e-11	0.00822874
2.30106e-11	0.00831731
2.30688e-11	0.00840642
2.3127e-11	0.00849605
2.31852e-11	0.00858622
2.32434e-11	0.00867691
2.33016e-11	0.00876813
2.33597e-11	0.00885986
2.34179e-11	0.00895212
2.34761e-11	0.0090449
2.35343e-11	0.00913819
2.35925e-11	0.00923199
2.36506e-11	0.0093263
2.37088e-11	0.00942112
2.3767e-11	0.00951643
2.38252e-11	0.00961225
2.38834e-11	0.00970856
2.39415e-11	0.00980536
2.39997e-11	0.00990265
2.40579e-11	0.0100004
2.41161e-11	0.0100987
2.41743e-11	0.0101974
2.42325e-11	0.0102966
2.42906e-11	0.0103963
2.43488e-11	0.0104964
2.4407e-11	0.010597
2.44652e-11	0.0106981
2.45234e-11	0.0107995
2.45815e-11	0.0109015
2.46397e-11	0.0110039
2.46979e-11	0.0111067
2.47561e-11	0.0112099
2.48143e-11	0.0113136
2.48724e-11	0.0114177
2.49306e-11	0.0115222
2.49888e-11	0.0116271
2.5047e-11	0.0117324
2.51052e-11	0.0118381
2.51634e-11	0.0119441
2.52215e-11	0.0120506
2.52797e-11	0.0121574
2.53379e-11	0.0122646
2.53961e-11	0.0123722
2.54543e-11	0.0124801
2.55124e-11	0.0125884
2.55706e-11	0.012697
2.56288e-11	0.012806
2.5687e-11	0.0129152
2.57452e-11	0.0130248
2.58033e-11	0.0131347
2.58615e-11	0.0132449
2.59197e-11	0.0133554
2.59779e-11	0.0134662
2.60361e-11	0.0135772
2.60942e-11	0.0136885
2.61524e-11	0.0138001
2.62106e-11	0.0139119
2.62688e-11	0.014024
2.6327e-11	0.0141363
2.63852e-11	0.0142488
2.64433e-11	0.0143615
2.65015e-11	0.0144744
2.65597e-11	0.0145876
2.66179e-11	0.0147009
2.66761e-11	0.0148143
2.67342e-11	0.014928
2.67924e-11	0.0150418
2.68506e-11	0.0151557
2.69088e-11	0.0152698
2.6967e-11	0.0153839
2.70251e-11	0.0154982
2.70833e-11	0.0156126
2.71415e-11	0.015727
2.71997e-11	0.0158416
2.72579e-11	0.0159561
2.73161e-11	0.0160708
2.73742e-11	0.0161854
2.74324e-11	0.0163001
2.74906e-11	0.0164148
2.75488e-11	0.0165295
2.7607e-11	0.0166442
2.76651e-11	0.0167588
2.77233e-11	0.0168734
2.77815e-11	0.0169879
2.78397e-11	0.0171024
2.78979e-11	0.0172167
2.7956e-11	0.017331
2.80142e-11	0.0174452
2.80724e-11	0.0175592
2.81306e-11	0.0176731
2.81888e-11	0.0177868
2.8247e-11	0.0179003
2.83051e-11	0.0180137
2.83633e-11	0.0181268
2.84215e-11	0.0182397
2.84797e-11	0.0183524
2.85379e-11	0.0184648
2.8596e-11	0.0185769
2.86542e-11	0.0186888
2.87124e-11	0.0188003
2.87706e-11	0.0189116
2.88288e-11	0.0190224
2.88869e-11	0.019133
2.89451e-11	0.0192431
2.90033e-11	0.0193529
2.90615e-11	0.0194622
2.91197e-11	0.0195711
2.91779e-11	0.0196795
2.9236e-11	0.0197875
2.92942e-11	0.019895
2.93524e-11	0.020002
2.94106e-11	0.0201085
2.94688e-11	0.0202144
2.95269e-11	0.0203197
2.95851e-11	0.0204245
2.96433e-11	0.0205286
2.97015e-11	0.0206321
2.97597e-11	0.020735
2.98178e-11	0.0208372
2.9876e-11	0.0209387
2.99342e-11	0.0210395
2.99924e-11	0.0211396
3.00506e-11	0.0212389
3.01087e-11	0.0213374
3.01669e-11	0.0214351
3.02251e-11	0.021532
3.02833e-11	0.0216281
3.03415e-11	0.0217233
3.03997e-11	0.0218176
3.04578e-11	0.0219109
3.0516e-11	0.0220034
3.05742e-11	0.0220949
3.06324e-11	0.0221853
3.06906e-11	0.0222748
3.07487e-11	0.0223633
3.08069e-11	0.0224506
3.08651e-11	0.0225369
3.09233e-11	0.0226221
3.09815e-11	0.0227062
3.10396e-11	0.022789
3.10978e-11	0.0228707
3.1156e-11	0.0229512
3.12142e-11	0.0230304
3.12724e-11	0.0231084
3.13306e-11	0.0231851
3.13887e-11	0.0232605
3.14469e-11	0.0233345
3.15051e-11	0.0234071
3.15633e-11	0.0234783
3.16215e-11	0.0235481
3.16796e-11	0.0236165
3.17378e-11	0.0236833
3.1796e-11	0.0237487
3.18542e-11	0.0238125
3.19124e-11	0.0238747
3.19705e-11	0.0239353
3.20287e-11	0.0239943
3.20869e-11	0.0240516
3.21451e-11	0.0241073
3.22033e-11	0.0241612
3.22615e-11	0.0242134
3.23196e-11	0.0242638
3.23778e-11	0.0243123
3.2436e-11	0.0243591
3.24942e-11	0.0244039
3.25524e-11	0.0244469
3.26105e-11	0.0244879
3.26687e-11	0.024527
3.27269e-11	0.024564
3.27851e-11	0.024599
3.28433e-11	0.024632
3.29014e-11	0.0246629
3.29596e-11	0.0246916
3.30178e-11	0.0247182
3.3076e-11	0.0247426
3.31342e-11	0.0247647
3.31924e-11	0.0247846
3.32505e-11	0.0248022
3.33087e-11	0.0248175
3.33669e-11	0.0248304
3.34251e-11	0.0248409
3.34833e-11	0.024849
3.35414e-11	0.0248547
3.35996e-11	0.0248578
3.36578e-11	0.0248584
3.3716e-11	0.0248564
3.37742e-11	0.0248518
3.38323e-11	0.0248446
3.38905e-11	0.0248347
3.39487e-11	0.0248221
3.40069e-11	0.0248068
3.40651e-11	0.0247886
3.41232e-11	0.0247677
3.41814e-11	0.0247439
3.42396e-11	0.0247172
3.42978e-11	0.0246875
3.4356e-11	0.024655
3.44142e-11	0.0246194
3.44723e-11	0.0245807
3.45305e-11	0.024539
3.45887e-11	0.0244942
3.46469e-11	0.0244462
3.47051e-11	0.0243951
3.47632e-11	0.0243407
3.48214e-11	0.0242831
3.48796e-11	0.0242221
3.49378e-11	0.0241578
3.4996e-11	0.0240901
3.50541e-11	0.0240191
3.51123e-11	0.0239445
3.51705e-11	0.0238665
3.52287e-11	0.0237849
3.52869e-11	0.0236998
3.53451e-11	0.023611
3.54032e-11	0.0235186
3.54614e-11	0.0234225
3.55196e-11	0.0233227
3.55778e-11	0.0232191
3.5636e-11	0.0231117
3.56941e-11	0.0230004
3.57523e-11	0.0228853
3.58105e-11	0.0227662
3.58687e-11	0.0226432
3.59269e-11	0.0225161
3.5985e-11	0.022385
3.60432e-11	0.0222499
3.61014e-11	0.0221105
3.61596e-11	0.0219671
3.62178e-11	0.0218194
3.6276e-11	0.0216675
3.63341e-11	0.0215112
3.63923e-11	0.0213507
3.64505e-11	0.0211858
3.65087e-11	0.0210164
3.65669e-11	0.0208426
3.6625e-11	0.0206644
3.66832e-11	0.0204816
3.67414e-11	0.0202942
3.67996e-11	0.0201022
3.68578e-11	0.0199055
3.69159e-11	0.0197042
3.69741e-11	0.0194981
3.70323e-11	0.0192872
3.70905e-11	0.0190716
3.71487e-11	0.018851
3.72068e-11	0.0186256
3.7265e-11	0.0183952
3.73232e-11	0.0181599
3.73814e-11	0.0179195
3.74396e-11	0.017674
3.74978e-11	0.0174235
3.75559e-11	0.0171678
3.76141e-11	0.0169069
3.76723e-11	0.0166409
3.77305e-11	0.0163695
3.77887e-11	0.0160928
3.78468e-11	0.0158108
3.7905e-11	0.0155234
3.79632e-11	0.0152306
3.80214e-11	0.0149323
3.80796e-11	0.0146285
3.81377e-11	0.0143192
3.81959e-11	0.0140043
3.82541e-11	0.0136837
3.83123e-11	0.0133575
3.83705e-11	0.0130256
3.84287e-11	0.0126879
3.84868e-11	0.0123445
3.8545e-11	0.0119952
3.86032e-11	0.0116401
3.86614e-11	0.0112791
3.87196e-11	0.0109121
3.87777e-11	0.0105391
3.88359e-11	0.0101602
3.88941e-11	0.00977516
3.89523e-11	0.00938405
3.90105e-11	0.00898681
3.90686e-11	0.0085834
3.91268e-11	0.00817379
3.9185e-11	0.00775793
3.92432e-11	0.00733579
3.93014e-11	0.00690733
3.93596e-11	0.00647252
3.94177e-11	0.00603131
3.94759e-11	0.00558368
3.95341e-11	0.00512959
3.95923e-11	0.00466899
3.96505e-11	0.00420186
3.97086e-11	0.00372816
3.97668e-11	0.00324785
3.9825e-11	0.0027609
3.98832e-11	0.00226727
3.99414e-11	0.00176694
3.99995e-11	0.00125986
4.00577e-11	0.000745997
4.01159e-11	0.000225326
4.01741e-11	-0.000302191
4.02323e-11	-0.000836586
4.02905e-11	-0.00137789
4.03486e-11	-0.00192614
4.04068e-11	-0.00248137
4.0465e-11	-0.0030436
4.05232e-11	-0.00361287
4.05814e-11	-0.00418922
4.06395e-11	-0.00477266
4.06977e-11	-0.00536323
4.07559e-11	-0.00596097
4.08141e-11	-0.00656589
4.08723e-11	-0.00717804
4.09304e-11	-0.00779743
4.09886e-11	-0.0084241
4.10468e-11	-0.00905808
4.1105e-11	-0.00969939
4.11632e-11	-0.0103481
4.12213e-11	-0.0110041
4.12795e-11	-0.0116676
4.13377e-11	-0.0123385
4.13959e-11	-0.0130169
4.14541e-11	-0.0137028
4.15123e-11	-0.0143961
4.15704e-11	-0.0150971
4.16286e-11	-0.0158055
4.16868e-11	-0.0165216
4.1745e-11	-0.0172453
4.18032e-11	-0.0179766
4.18613e-11	-0.0187156
4.19195e-11	-0.0194622
4.19777e-11	-0.0202166
4.20359e-11	-0.0209787
4.20941e-11	-0.0217484
4.21522e-11	-0.022526
4.22104e-11	-0.0233113
4.22686e-11	-0.0241045
4.23268e-11	-0.0249054
4.2385e-11	-0.0257141
4.24432e-11	-0.0265308
4.25013e-11	-0.0273552
4.25595e-11	-0.0281876
4.26177e-11	-0.0290278
4.26759e-11	-0.0298759
4.27341e-11	-0.030732
4.27922e-11	-0.031596
4.28504e-11	-0.0324679
4.29086e-11	-0.0333478
4.29668e-11	-0.0342357
4.3025e-11	-0.0351315
4.30831e-11	-0.0360353
4.31413e-11	-0.0369472
4.31995e-11	-0.037867
4.32577e-11	-0.0387948
4.33159e-11	-0.0397307
4.33741e-11	-0.0406746
4.34322e-11	-0.0416265
4.34904e-11	-0.0425865
4.35486e-11	-0.0435545
4.36068e-11	-0.0445306
4.3665e-11	-0.0455147
4.37231e-11	-0.0465068
4.37813e-11	-0.047507
4.38395e-11	-0.0485153
4.38977e-11	-0.0495316
4.39559e-11	-0.050556
4.4014e-11	-0.0515885
4.40722e-11	-0.052629
4.41304e-11	-0.0536775
4.41886e-11	-0.0547341
4.42468e-11	-0.0557987
4.4305e-11	-0.0568714
4.43631e-11	-0.0579521
4.44213e-11	-0.0590408
4.44795e-11	-0.0601376
4.45377e-11	-0.0612423
4.45959e-11	-0.0623551
4.4654e-11	-0.0634758
4.47122e-11	-0.0646045
4.47704e-11	-0.0657412
4.48286e-11	-0.0668859
4.48868e-11	-0.0680384
4.49449e-11	-0.069199
4.50031e-11	-0.0703674
4.50613e-11	-0.0715437
4.51195e-11	-0.0727279
4.51777e-11	-0.07392
4.52358e-11	-0.0751199
4.5294e-11	-0.0763276
4.53522e-11	-0.0775431
4.54104e-11	-0.0787664
4.54686e-11	-0.0799975
4.55268e-11	-0.0812363
4.55849e-11	-0.0824829
4.56431e-11	-0.0837371
4.57013e-11	-0.0849989
4.57595e-11	-0.0862685
4.58177e-11	-0.0875456
4.58758e-11	-0.0888303
4.5934e-11	-0.0901225
4.59922e-11	-0.0914223
4.60504e-11	-0.0927295
4.61086e-11	-0.0940443
4.61667e-11	-0.0953664
4.62249e-11	-0.0966959
4.62831e-11	-0.0980328
4.63413e-11	-0.099377
4.63995e-11	-0.100728
4.64577e-11	-0.102087
4.65158e-11	-0.103453
4.6574e-11	-0.104826
4.66322e-11	-0.106206
4.66904e-11	-0.107594
4.67486e-11	-0.108988
4.68067e-11	-0.110389
4.68649e-11	-0.111797
4.69231e-11	-0.113212
4.69813e-11	-0.114634
4.70395e-11	-0.116063
4.70976e-11	-0.117499
4.71558e-11	-0.118941
4.7214e-11	-0.12039
4.72722e-11	-0.121845
4.73304e-11	-0.123307
4.73886e-11	-0.124776
4.74467e-11	-0.12625
4.75049e-11	-0.127732
4.75631e-11	-0.129219
4.76213e-11	-0.130713
4.76795e-11	-0.132213
4.77376e-11	-0.133719
4.77958e-11	-0.135231
4.7854e-11	-0.13675
4.79122e-11	-0.138274
4.79704e-11	-0.139804
4.80285e-11	-0.14134
4.80867e-11	-0.142881
4.81449e-11	-0.144428
4.82031e-11	-0.145981
4.82613e-11	-0.14754
4.83195e-11	-0.149104
4.83776e-11	-0.150673
4.84358e-11	-0.152247
4.8494e-11	-0.153827
4.85522e-11	-0.155412
4.86104e-11	-0.157002
4.86685e-11	-0.158597
4.87267e-11	-0.160197
4.87849e-11	-0.161801
4.88431e-11	-0.163411
4.89013e-11	-0.165025
4.89594e-11	-0.166644
4.90176e-11	-0.168267
4.90758e-11	-0.169895
4.9134e-11	-0.171526
4.91922e-11	-0.173163
4.92503e-11	-0.174803
4.93085e-11	-0.176447
4.93667e-11	-0.178096
4.94249e-11	-0.179748
4.94831e-11	-0.181404
4.95413e-11	-0.183063
4.95994e-11	-0.184727
4.96576e-11	-0.186393
4.97158e-11	-0.188063
4.9774e-11	-0.189737
4.98322e-11	-0.191413
4.98903e-11	-0.193093
4.99485e-11	-0.194775
5.00067e-11	-0.196461
5.00649e-11	-0.198149
5.01231e-11	-0.19984
5.01812e-11	-0.201533
5.02394e-11	-0.203229
5.02976e-11	-0.204927
5.03558e-11	-0.206627
5.0414e-11	-0.20833
5.04722e-11	-0.210034
5.05303e-11	-0.21174
5.05885e-11	-0.213448
5.06467e-11	-0.215158
5.07049e-11	-0.216869
5.07631e-11	-0.218581
5.08212e-11	-0.220295
5.08794e-11	-0.22201
5.09376e-11	-0.223726
5.09958e-11	-0.225443
5.1054e-11	-0.227161
5.11121e-11	-0.228879
5.11703e-11	-0.230598
5.12285e-11	-0.232317
5.12867e-11	-0.234037
5.13449e-11	-0.235757
5.14031e-11	-0.237476
5.14612e-11	-0.239196
5.15194e-11	-0.240915
5.15776e-11	-0.242634
5.16358e-11	-0.244353
5.1694e-11	-0.246071
5.17521e-11	-0.247788
5.18103e-11	-0.249504
5.18685e-11	-0.251219
5.19267e-11	-0.252932
5.19849e-11	-0.254645
5.2043e-11	-0.256356
5.21012e-11	-0.258065
5.21594e-11	-0.259773
5.22176e-11	-0.261478
5.22758e-11	-0.263182
5.2334e-11	-0.264883
5.23921e-11	-0.266582
5.24503e-11	-0.268278
5.25085e-11	-0.269972
5.25667e-11	-0.271663
5.26249e-11	-0.273351
5.2683e-11	-0.275036
5.27412e-11	-0.276718
5.27994e-11	-0.278396
5.28576e-11	-0.28007
5.29158e-11	-0.281741
5.29739e-11	-0.283408
5.30321e-11	-0.285071
5.30903e-11	-0.28673
5.31485e-11	-0.288384
5.32067e-11	-0.290034
5.32648e-11	-0.291679
5.3323e-11	-0.29332
5.33812e-11	-0.294955
5.34394e-11	-0.296585
5.34976e-11	-0.29821
5.35558e-11	-0.299829
5.36139e-11	-0.301443
5.36721e-11	-0.303051
5.37303e-11	-0.304653
5.37885e-11	-0.306248
5.38467e-11	-0.307838
5.39048e-11	-0.30942
5.3963e-11	-0.310997
5.40212e-11	-0.312566
5.40794e-11	-0.314128
5.41376e-11	-0.315684
5.41957e-11	-0.317231
5.42539e-11	-0.318772
5.43121e-11	-0.320304
5.43703e-11	-0.321829
5.44285e-11	-0.323346
5.44867e-11	-0.324854
5.45448e-11	-0.326355
5.4603e-11	-0.327846
5.46612e-11	-0.329329
5.47194e-11	-0.330803
5.47776e-11	-0.332268
5.48357e-11	-0.333723
5.48939e-11	-0.335169
5.49521e-11	-0.336606
5.50103e-11	-0.338032
5.50685e-11	-0.339449
5.51266e-11	-0.340856
5.51848e-11	-0.342252
5.5243e-11	-0.343638
5.53012e-11	-0.345013
5.53594e-11	-0.346377
5.54176e-11	-0.34773
5.54757e-11	-0.349072
5.55339e-11	-0.350402
5.55921e-11	-0.351721
5.56503e-11	-0.353028
5.57085e-11	-0.354323
5.57666e-11	-0.355606
5.58248e-11	-0.356876
5.5883e-11	-0.358134
5.59412e-11	-0.359379
5.59994e-11	-0.360612
5.60575e-11	-0.361831
5.61157e-11	-0.363037
5.61739e-11	-0.36423
5.62321e-11	-0.365409
5.62903e-11	-0.366574
5.63485e-11	-0.367726
5.64066e-11	-0.368863
5.64648e-11	-0.369985
5.6523e-11	-0.371094
5.65812e-11	-0.372187
5.66394e-11	-0.373266
5.66975e-11	-0.374329
5.67557e-11	-0.375377
5.68139e-11	-0.37641
5.68721e-11	-0.377427
5.69303e-11	-0.378429
5.69884e-11	-0.379414
5.70466e-11	-0.380383
5.71048e-11	-0.381336
5.7163e-11	-0.382272
5.72212e-11	-0.383191
5.72793e-11	-0.384094
5.73375e-11	-0.384979
5.73957e-11	-0.385848
5.74539e-11	-0.386698
5.75121e-11	-0.387531
5.75703e-11	-0.388347
5.76284e-11	-0.389144
5.76866e-11	-0.389923
5.77448e-11	-0.390684
5.7803e-11	-0.391426
5.78612e-11	-0.392149
5.79193e-11	-0.392854
5.79775e-11	-0.393539
5.80357e-11	-0.394205
5.80939e-11	-0.394852
5.81521e-11	-0.395479
5.82102e-11	-0.396087
5.82684e-11	-0.396674
5.83266e-11	-0.397242
5.83848e-11	-0.397789
5.8443e-11	-0.398315
5.85012e-11	-0.398821
5.85593e-11	-0.399306
5.86175e-11	-0.39977
5.86757e-11	-0.400213
5.87339e-11	-0.400635
5.87921e-11	-0.401035
5.88502e-11	-0.401413
5.89084e-11	-0.40177
5.89666e-11	-0.402105
5.90248e-11	-0.402417
5.9083e-11	-0.402707
5.91411e-11	-0.402975
5.91993e-11	-0.40322
5.92575e-11	-0.403442
5.93157e-11	-0.403641
5.93739e-11	-0.403817
5.94321e-11	-0.40397
5.94902e-11	-0.404099
5.95484e-11	-0.404205
5.96066e-11	-0.404287
5.96648e-11	-0.404345
5.9723e-11	-0.404379
5.97811e-11	-0.404389
5.98393e-11	-0.404374
5.98975e-11	-0.404335
5.99557e-11	-0.404271
6.00139e-11	-0.404182
6.0072e-11	-0.404069
6.01302e-11	-0.40393
6.01884e-11	-0.403766
6.02466e-11	-0.403576
6.03048e-11	-0.403361
6.0363e-11	-0.403121
6.04211e-11	-0.402854
6.04793e-11	-0.402562
6.05375e-11	-0.402243
6.05957e-11	-0.401898
6.06539e-11	-0.401527
6.0712e-11	-0.40113
6.07702e-11	-0.400705
6.08284e-11	-0.400254
6.08866e-11	-0.399776
6.09448e-11	-0.399271
6.10029e-11	-0.398739
6.10611e-11	-0.39818
6.11193e-11	-0.397593
6.11775e-11	-0.396979
6.12357e-11	-0.396337
6.12938e-11	-0.395668
6.1352e-11	-0.39497
6.14102e-11	-0.394245
6.14684e-11	-0.393491
6.15266e-11	-0.39271
6.15848e-11	-0.3919
6.16429e-11	-0.391062
6.17011e-11	-0.390195
6.17593e-11	-0.389299
6.18175e-11	-0.388375
6.18757e-11	-0.387422
6.19338e-11	-0.38644
6.1992e-11	-0.38543
6.20502e-11	-0.38439
6.21084e-11	-0.383321
6.21666e-11	-0.382222
6.22247e-11	-0.381095
6.22829e-11	-0.379937
6.23411e-11	-0.378751
6.23993e-11	-0.377535
6.24575e-11	-0.376289
6.25157e-11	-0.375013
6.25738e-11	-0.373707
6.2632e-11	-0.372372
6.26902e-11	-0.371006
6.27484e-11	-0.369611
6.28066e-11	-0.368185
6.28647e-11	-0.366729
6.29229e-11	-0.365243
6.29811e-11	-0.363727
6.30393e-11	-0.36218
6.30975e-11	-0.360603
6.31556e-11	-0.358995
6.32138e-11	-0.357357
6.3272e-11	-0.355689
6.33302e-11	-0.353989
6.33884e-11	-0.352259
6.34466e-11	-0.350498
6.35047e-11	-0.348707
6.35629e-11	-0.346885
6.36211e-11	-0.345032
6.36793e-11	-0.343148
6.37375e-11	-0.341233
6.37956e-11	-0.339287
6.38538e-11	-0.33731
6.3912e-11	-0.335302
6.39702e-11	-0.333264
6.40284e-11	-0.331194
6.40865e-11	-0.329093
6.41447e-11	-0.326962
6.42029e-11	-0.324799
6.42611e-11	-0.322605
6.43193e-11	-0.32038
6.43775e-11	-0.318124
6.44356e-11	-0.315837
6.44938e-11	-0.313518
6.4552e-11	-0.311169
6.46102e-11	-0.308789
6.46684e-11	-0.306378
6.47265e-11	-0.303935
6.47847e-11	-0.301462
6.48429e-11	-0.298957
6.49011e-11	-0.296422
6.49593e-11	-0.293855
6.50174e-11	-0.291258
6.50756e-11	-0.288629
6.51338e-11	-0.28597
6.5192e-11	-0.28328
6.52502e-11	-0.280559
6.53083e-11	-0.277807
6.53665e-11	-0.275025
6.54247e-11	-0.272212
6.54829e-11	-0.269368
6.55411e-11	-0.266493
6.55993e-11	-0.263588
6.56574e-11	-0.260653
6.57156e-11	-0.257687
6.57738e-11	-0.25469
6.5832e-11	-0.251664
6.58902e-11	-0.248606
6.59483e-11	-0.245519
6.60065e-11	-0.242402
6.60647e-11	-0.239254
6.61229e-11	-0.236077
6.61811e-11	-0.23287
6.62392e-11	-0.229632
6.62974e-11	-0.226365
6.63556e-11	-0.223069
6.64138e-11	-0.219743
6.6472e-11	-0.216387
6.65302e-11	-0.213002
6.65883e-11	-0.209588
6.66465e-11	-0.206144
6.67047e-11	-0.202671
6.67629e-11	-0.19917
6.68211e-11	-0.195639
6.68792e-11	-0.19208
6.69374e-11	-0.188492
6.69956e-11	-0.184876
6.70538e-11	-0.181231
6.7112e-11	-0.177558
6.71701e-11	-0.173856
6.72283e-11	-0.170127
6.72865e-11	-0.16637
6.73447e-11	-0.162585
6.74029e-11	-0.158772
6.74611e-11	-0.154932
6.75192e-11	-0.151064
6.75774e-11	-0.147169
6.76356e-11	-0.143248
6.76938e-11	-0.139299
6.7752e-11	-0.135323
6.78101e-11	-0.131321
6.78683e-11	-0.127292
6.79265e-11	-0.123238
6.79847e-11	-0.119156
6.80429e-11	-0.115049
6.8101e-11	-0.110917
6.81592e-11	-0.106758
6.82174e-11	-0.102574
6.82756e-11	-0.0983651
6.83338e-11	-0.0941309
6.8392e-11	-0.0898717
6.84501e-11	-0.0855878
6.85083e-11	-0.0812793
6.85665e-11	-0.0769465
6.86247e-11	-0.0725895
6.86829e-11	-0.0682086
6.8741e-11	-0.0638039
6.87992e-11	-0.0593757
6.88574e-11	-0.054924
6.89156e-11	-0.0504493
6.89738e-11	-0.0459515
6.90319e-11	-0.0414311
6.90901e-11	-0.0368881
6.91483e-11	-0.0323228
6.92065e-11	-0.0277354
6.92647e-11	-0.0231262
6.93228e-11	-0.0184953
6.9381e-11	-0.013843
6.94392e-11	-0.00916951
6.94974e-11	-0.00447507
6.95556e-11	0.000240089
6.96138e-11	0.00497574
6.96719e-11	0.00973163
6.97301e-11	0.0145075
6.97883e-11	0.0193032
6.98465e-11	0.0241184
6.99047e-11	0.0289528
6.99628e-11	0.0338063
7.0021e-11	0.0386785
7.00792e-11	0.0435692
7.01374e-11	0.0484782
7.01956e-11	0.0534052
7.02537e-11	0.0583499
7.03119e-11	0.063312
7.03701e-11	0.0682914
7.04283e-11	0.0732876
7.04865e-11	0.0783006
7.05447e-11	0.0833299
7.06028e-11	0.0883753
7.0661e-11	0.0934366
7.07192e-11	0.0985134
7.07774e-11	0.103605
7.08356e-11	0.108713
7.08937e-11	0.113834
7.09519e-11	0.11897
7.10101e-11	0.124121
7.10683e-11	0.129285
7.11265e-11	0.134462
7.11846e-11	0.139653
7.12428e-11	0.144857
7.1301e-11	0.150073
7.13592e-11	0.155302
7.14174e-11	0.160543
7.14756e-11	0.165796
7.15337e-11	0.171059
7.15919e-11	0.176335
7.16501e-11	0.18162
7.17083e-11	0.186917
7.17665e-11	0.192223
7.18246e-11	0.197539
7.18828e-11	0.202865
7.1941e-11	0.2082
7.19992e-11	0.213544
7.20574e-11	0.218897
7.21155e-11	0.224258
7.21737e-11	0.229626
7.22319e-11	0.235002
7.22901e-11	0.240386
7.23483e-11	0.245776
7.24065e-11	0.251173
7.24646e-11	0.256577
7.25228e-11	0.261986
7.2581e-11	0.267401
7.26392e-11	0.272821
7.26974e-11	0.278246
7.27555e-11	0.283675
7.28137e-11	0.289109
7.28719e-11	0.294547
7.29301e-11	0.299988
7.29883e-11	0.305432
7.30464e-11	0.310879
7.31046e-11	0.316329
7.31628e-11	0.321781
7.3221e-11	0.327235
7.32792e-11	0.33269
7.33373e-11	0.338146
7.33955e-11	0.343603
7.34537e-11	0.34906
7.35119e-11	0.354517
7.35701e-11	0.359975
7.36283e-11	0.365431
7.36864e-11	0.370886
7.37446e-11	0.37634
7.38028e-11	0.381792
7.3861e-11	0.387242
7.39192e-11	0.39269
7.39773e-11	0.398135
7.40355e-11	0.403576
7.40937e-11	0.409014
7.41519e-11	0.414448
7.42101e-11	0.419878
7.42682e-11	0.425303
7.43264e-11	0.430723
7.43846e-11	0.436138
7.44428e-11	0.441547
7.4501e-11	0.44695
7.45592e-11	0.452346
7.46173e-11	0.457736
7.46755e-11	0.463118
7.47337e-11	0.468493
7.47919e-11	0.473859
7.48501e-11	0.479218
7.49082e-11	0.484568
7.49664e-11	0.489908
7.50246e-11	0.49524
7.50828e-11	0.500561
7.5141e-11	0.505873
7.51991e-11	0.511174
7.52573e-11	0.516464
7.53155e-11	0.521742
7.53737e-11	0.527009
7.54319e-11	0.532264
7.54901e-11	0.537507
7.55482e-11	0.542737
7.56064e-11	0.547954
7.56646e-11	0.553158
7.57228e-11	0.558347
7.5781e-11	0.563523
7.58391e-11	0.568684
7.58973e-11	0.57383
7.59555e-11	0.57896
7.60137e-11	0.584075
7.60719e-11	0.589174
7.613e-11	0.594257
7.61882e-11	0.599323
7.62464e-11	0.604372
7.63046e-11	0.609403
7.63628e-11	0.614417
7.64209e-11	0.619412
7.64791e-11	0.624389
7.65373e-11	0.629347
7.65955e-11	0.634286
7.66537e-11	0.639205
7.67119e-11	0.644104
7.677e-11	0.648983
7.68282e-11	0.653841
7.68864e-11	0.658678
7.69446e-11	0.663494
7.70028e-11	0.668288
7.70609e-11	0.673059
7.71191e-11	0.677809
7.71773e-11	0.682536
7.72355e-11	0.687239
7.72937e-11	0.69192
7.73518e-11	0.696576
7.741e-11	0.701208
7.74682e-11	0.705816
7.75264e-11	0.710399
7.75846e-11	0.714957
7.76428e-11	0.719489
7.77009e-11	0.723996
7.77591e-11	0.728476
7.78173e-11	0.73293
7.78755e-11	0.737357
7.79337e-11	0.741757
7.79918e-11	0.746129
7.805e-11	0.750473
7.81082e-11	0.75479
7.81664e-11	0.759078
7.82246e-11	0.763337
7.82827e-11	0.767567
7.83409e-11	0.771768
7.83991e-11	0.775939
7.84573e-11	0.78008
7.85155e-11	0.784191
7.85737e-11	0.788271
7.86318e-11	0.79232
7.869e-11	0.796338
7.87482e-11	0.800324
7.88064e-11	0.804279
7.88646e-11	0.808201
7.89227e-11	0.812091
7.89809e-11	0.815948
7.90391e-11	0.819772
7.90973e-11	0.823563
7.91555e-11	0.82732
7.92136e-11	0.831044
7.92718e-11	0.834733
7.933e-11	0.838387
7.93882e-11	0.842007
7.94464e-11	0.845592
7.95046e-11	0.849142
7.95627e-11	0.852656
7.96209e-11	0.856134
7.96791e-11	0.859577
7.97373e-11	0.862983
7.97955e-11	0.866352
7.98536e-11	0.869684
7.99118e-11	0.87298
7.997e-11	0.876238
8.00282e-11	0.879458
8.00864e-11	0.88264
8.01445e-11	0.885785
8.02027e-11	0.888891
8.02609e-11	0.891958
8.03191e-11	0.894987
8.03773e-11	0.897976
8.04354e-11	0.900927
8.04936e-11	0.903838
8.05518e-11	0.906709
8.061e-11	0.90954
8.06682e-11	0.912331
8.07264e-11	0.915081
8.07845e-11	0.917791
8.08427e-11	0.92046
8.09009e-11	0.923088
8.09591e-11	0.925675
8.10173e-11	0.928221
8.10754e-11	0.930725
8.11336e-11	0.933187
8.11918e-11	0.935607
8.125e-11	0.937985
8.13082e-11	0.94032
8.13663e-11	0.942613
8.14245e-11	0.944864
8.14827e-11	0.947071
8.15409e-11	0.949235
8.15991e-11	0.951356
8.16573e-11	0.953434
8.17154e-11	0.955468
8.17736e-11	0.957458
8.18318e-11	0.959405
8.189e-11	0.961307
8.19482e-11	0.963165
8.20063e-11	0.964979
8.20645e-11	0.966749
8.21227e-11	0.968474
8.21809e-11	0.970154
8.22391e-11	0.971789
8.22972e-11	0.973379
8.23554e-11	0.974924
8.24136e-11	0.976424
8.24718e-11	0.977879
8.253e-11	0.979288
8.25882e-11	0.980651
8.26463e-11	0.981969
8.27045e-11	0.983241
8.27627e-11	0.984467
8.28209e-11	0.985647
8.28791e-11	0.986781
8.29372e-11	0.987869
8.29954e-11	0.988911
8.30536e-11	0.989906
8.31118e-11	0.990855
8.317e-11	0.991757
8.32281e-11	0.992613
8.32863e-11	0.993422
8.33445e-11	0.994185
8.34027e-11	0.994901
8.34609e-11	0.99557
8.35191e-11	0.996192
8.35772e-11	0.996767
8.36354e-11	0.997295
8.36936e-11	0.997776
8.37518e-11	0.998211
8.381e-11	0.998598
8.38681e-11	0.998938
8.39263e-11	0.999231
8.39845e-11	0.999477
8.40427e-11	0.999675
8.41009e-11	0.999827
8.4159e-11	0.999931
8.42172e-11	0.999988
8.42754e-11	0.999998
8.43336e-11	0.999961
8.43918e-11	0.999876
8.44499e-11	0.999744
8.45081e-11	0.999566
8.45663e-11	0.99934
8.46245e-11	0.999066
8.46827e-11	0.998746
8.47409e-11	0.998379
8.4799e-11	0.997964
8.48572e-11	0.997502
8.49154e-11	0.996994
8.49736e-11	0.996438
8.50318e-11	0.995836
8.50899e-11	0.995186
8.51481e-11	0.99449
8.52063e-11	0.993747
8.52645e-11	0.992958
8.53227e-11	0.992121
8.53808e-11	0.991239
8.5439e-11	0.990309
8.54972e-11	0.989333
8.55554e-11	0.988311
8.56136e-11	0.987243
8.56718e-11	0.986128
8.57299e-11	0.984967
8.57881e-11	0.98376
8.58463e-11	0.982507
8.59045e-11	0.981209
8.59627e-11	0.979864
8.60208e-11	0.978474
8.6079e-11	0.977039
8.61372e-11	0.975558
8.61954e-11	0.974032
8.62536e-11	0.972461
8.63117e-11	0.970844
8.63699e-11	0.969183
8.64281e-11	0.967477
8.64863e-11	0.965726
8.65445e-11	0.96393
8.66027e-11	0.962091
8.66608e-11	0.960207
8.6719e-11	0.958279
8.67772e-11	0.956307
8.68354e-11	0.954291
8.68936e-11	0.952232
8.69517e-11	0.950129
8.70099e-11	0.947983
8.70681e-11	0.945793
8.71263e-11	0.943561
8.71845e-11	0.941286
8.72426e-11	0.938968
8.73008e-11	0.936608
8.7359e-11	0.934206
8.74172e-11	0.931761
8.74754e-11	0.929275
8.75336e-11	0.926746
8.75917e-11	0.924177
8.76499e-11	0.921566
8.77081e-11	0.918914
8.77663e-11	0.916221
8.78245e-11	0.913488
8.78826e-11	0.910714
8.79408e-11	0.907899
8.7999e-11	0.905045
8.80572e-11	0.902151
8.81154e-11	0.899217
8.81735e-11	0.896244
8.82317e-11	0.893231
8.82899e-11	0.89018
8.83481e-11	0.88709
8.84063e-11	0.883962
8.84644e-11	0.880795
8.85226e-11	0.877591
8.85808e-11	0.874349
8.8639e-11	0.871069
8.86972e-11	0.867752
8.87554e-11	0.864398
8.88135e-11	0.861008
8.88717e-11	0.857581
8.89299e-11	0.854117
8.89881e-11	0.850618
8.90463e-11	0.847083
8.91044e-11	0.843513
8.91626e-11	0.839908
8.92208e-11	0.836268
8.9279e-11	0.832593
8.93372e-11	0.828884
8.93953e-11	0.825141
8.94535e-11	0.821364
8.95117e-11	0.817554
8.95699e-11	0.813711
8.96281e-11	0.809834
8.96863e-11	0.805926
8.97444e-11	0.801985
8.98026e-11	0.798012
8.98608e-11	0.794007
8.9919e-11	0.789971
8.99772e-11	0.785904
9.00353e-11	0.781806
9.00935e-11	0.777677
9.01517e-11	0.773519
9.02099e-11	0.76933
9.02681e-11	0.765113
9.03262e-11	0.760865
9.03844e-11	0.756589
9.04426e-11	0.752285
9.05008e-11	0.747952
9.0559e-11	0.743591
9.06172e-11	0.739203
9.06753e-11	0.734787
9.07335e-11	0.730344
9.07917e-11	0.725875
9.08499e-11	0.72138
9.09081e-11	0.716858
9.09662e-11	0.712311
9.10244e-11	0.707739
9.10826e-11	0.703141
9.11408e-11	0.698519
9.1199e-11	0.693873
9.12571e-11	0.689202
9.13153e-11	0.684509
9.13735e-11	0.679791
9.14317e-11	0.675051
9.14899e-11	0.670289
9.15481e-11	0.665504
9.16062e-11	0.660697
9.16644e-11	0.655869
9.17226e-11	0.65102
9.17808e-11	0.64615
9.1839e-11	0.641259
9.18971e-11	0.636348
9.19553e-11	0.631418
9.20135e-11	0.626468
9.20717e-11	0.621499
9.21299e-11	0.616511
9.2188e-11	0.611505
9.22462e-11	0.606481
9.23044e-11	0.60144
9.23626e-11	0.596381
9.24208e-11	0.591305
9.24789e-11	0.586213
9.25371e-11	0.581105
9.25953e-11	0.57598
9.26535e-11	0.570841
9.27117e-11	0.565686
9.27699e-11	0.560517
9.2828e-11	0.555333
9.28862e-11	0.550135
9.29444e-11	0.544924
9.30026e-11	0.539699
9.30608e-11	0.534462
9.31189e-11	0.529212
9.31771e-11	0.52395
9.32353e-11	0.518676
9.32935e-11	0.51339
9.33517e-11	0.508094
9.34098e-11	0.502787
9.3468e-11	0.49747
9.35262e-11	0.492142
9.35844e-11	0.486806
9.36426e-11	0.48146
9.37008e-11	0.476105
9.37589e-11	0.470741
9.38171e-11	0.46537
9.38753e-11	0.459991
9.39335e-11	0.454604
9.39917e-11	0.449211
9.40498e-11	0.44381
9.4108e-11	0.438404
9.41662e-11	0.432992
9.42244e-11	0.427574
9.42826e-11	0.422151
9.43407e-11	0.416723
9.43989e-11	0.411291
9.44571e-11	0.405854
9.45153e-11	0.400414
9.45735e-11	0.394971
9.46317e-11	0.389524
9.46898e-11	0.384075
9.4748e-11	0.378624
9.48062e-11	0.373171
9.48644e-11	0.367716
9.49226e-11	0.36226
9.49807e-11	0.356803
9.50389e-11	0.351346
9.50971e-11	0.345888
9.51553e-11	0.340431
9.52135e-11	0.334975
9.52716e-11	0.329519
9.53298e-11	0.324065
9.5388e-11	0.318612
9.54462e-11	0.313162
9.55044e-11	0.307713
9.55626e-11	0.302268
9.56207e-11	0.296825
9.56789e-11	0.291386
9.57371e-11	0.285951
9.57953e-11	0.280519
9.58535e-11	0.275092
9.59116e-11	0.26967
9.59698e-11	0.264253
9.6028e-11	0.258842
9.60862e-11	0.253436
9.61444e-11	0.248036
9.62025e-11	0.242643
9.62607e-11	0.237256
9.63189e-11	0.231877
9.63771e-11	0.226505
9.64353e-11	0.221141
9.64934e-11	0.215785
9.65516e-11	0.210437
9.66098e-11	0.205099
9.6668e-11	0.199769
9.67262e-11	0.194449
9.67844e-11	0.189138
9.68425e-11	0.183837
9.69007e-11	0.178547
9.69589e-11	0.173267
9.70171e-11	0.167999
9.70753e-11	0.162741
9.71334e-11	0.157496
9.71916e-11	0.152262
9.72498e-11	0.14704
9.7308e-11	0.141831
9.73662e-11	0.136635
9.74243e-11	0.131452
9.74825e-11	0.126282
9.75407e-11	0.121126
9.75989e-11	0.115984
9.76571e-11	0.110856
9.77153e-11	0.105743
9.77734e-11	0.100644
9.78316e-11	0.095561
9.78898e-11	0.0904932
9.7948e-11	0.0854411
9.80062e-11	0.080405
9.80643e-11	0.0753852
9.81225e-11	0.0703819
9.81807e-11	0.0653954
9.82389e-11	0.060426
9.82971e-11	0.055474
9.83552e-11	0.0505395
9.84134e-11	0.045623
9.84716e-11	0.0407246
9.85298e-11	0.0358446
9.8588e-11	0.0309832
9.86462e-11	0.0261408
9.87043e-11	0.0213175
9.87625e-11	0.0165137
9.88207e-11	0.0117295
9.88789e-11	0.00696516
9.89371e-11	0.00222101
9.89952e-11	-0.00250276
9.90534e-11	-0.00720591
9.91116e-11	-0.0118882
9.91698e-11	-0.0165494
9.9228e-11	-0.0211893
9.92861e-11	-0.0258076
9.93443e-11	-0.0304042
9.94025e-11	-0.0349787
9.94607e-11	-0.0395311
9.95189e-11	-0.044061
9.95771e-11	-0.0485683
9.96352e-11	-0.0530527
9.96934e-11	-0.057514
9.97516e-11	-0.0619521
9.98098e-11	-0.0663667
9.9868e-11	-0.0707576
9.99261e-11	-0.0751246
9.99843e-11	-0.0794676
1.00042e-10	-0.0837863
1.00101e-10	-0.0880805
1.00159e-10	-0.0923501
1.00217e-10	-0.0965948
1.00275e-10	-0.100814
1.00333e-10	-0.105009
1.00392e-10	-0.109178
1.0045e-10	-0.113322
1.00508e-10	-0.11744
1.00566e-10	-0.121531
1.00624e-10	-0.125597
1.00682e-10	-0.129637
1.00741e-10	-0.13365
1.00799e-10	-0.137637
1.00857e-10	-0.141597
1.00915e-10	-0.14553
1.00973e-10	-0.149436
1.01032e-10	-0.153315
1.0109e-10	-0.157167
1.01148e-10	-0.160991
1.01206e-10	-0.164788
1.01264e-10	-0.168557
1.01322e-10	-0.172298
1.01381e-10	-0.176011
1.01439e-10	-0.179696
1.01497e-10	-0.183353
1.01555e-10	-0.186981
1.01613e-10	-0.190581
1.01672e-10	-0.194152
1.0173e-10	-0.197695
1.01788e-10	-0.201208
1.01846e-10	-0.204693
1.01904e-10	-0.208149
1.01962e-10	-0.211575
1.02021e-10	-0.214973
1.02079e-10	-0.218341
1.02137e-10	-0.221679
1.02195e-10	-0.224988
1.02253e-10	-0.228268
1.02312e-10	-0.231517
1.0237e-10	-0.234737
1.02428e-10	-0.237927
1.02486e-10	-0.241087
1.02544e-10	-0.244217
1.02602e-10	-0.247317
1.02661e-10	-0.250387
1.02719e-10	-0.253426
1.02777e-10	-0.256435
1.02835e-10	-0.259414
1.02893e-10	-0.262363
1.02952e-10	-0.26528
1.0301e-10	-0.268168
1.03068e-10	-0.271024
1.03126e-10	-0.27385
1.03184e-10	-0.276646
1.03242e-10	-0.27941
1.03301e-10	-0.282144
1.03359e-10	-0.284847
1.03417e-10	-0.287519
1.03475e-10	-0.290161
1.03533e-10	-0.292771
1.03592e-10	-0.29535
1.0365e-10	-0.297899
1.03708e-10	-0.300416
1.03766e-10	-0.302903
1.03824e-10	-0.305358
1.03882e-10	-0.307783
1.03941e-10	-0.310176
1.03999e-10	-0.312538
1.04057e-10	-0.31487
1.04115e-10	-0.31717
1.04173e-10	-0.319439
1.04232e-10	-0.321677
1.0429e-10	-0.323884
1.04348e-10	-0.326059
1.04406e-10	-0.328204
1.04464e-10	-0.330318
1.04522e-10	-0.332401
1.04581e-10	-0.334452
1.04639e-10	-0.336473
1.04697e-10	-0.338463
1.04755e-10	-0.340421
1.04813e-10	-0.342349
1.04872e-10	-0.344246
1.0493e-10	-0.346112
1.04988e-10	-0.347947
1.05046e-10	-0.349752
1.05104e-10	-0.351525
1.05162e-10	-0.353268
1.05221e-10	-0.354981
1.05279e-10	-0.356662
1.05337e-10	-0.358313
1.05395e-10	-0.359933
1.05453e-10	-0.361523
1.05512e-10	-0.363083
1.0557e-10	-0.364612
1.05628e-10	-0.366111
1.05686e-10	-0.367579
1.05744e-10	-0.369017
1.05802e-10	-0.370426
1.05861e-10	-0.371804
1.05919e-10	-0.373152
1.05977e-10	-0.37447
1.06035e-10	-0.375758
1.06093e-10	-0.377016
1.06152e-10	-0.378245
1.0621e-10	-0.379444
1.06268e-10	-0.380614
1.06326e-10	-0.381754
1.06384e-10	-0.382864
1.06442e-10	-0.383946
1.06501e-10	-0.384998
1.06559e-10	-0.386021
1.06617e-10	-0.387015
1.06675e-10	-0.38798
1.06733e-10	-0.388916
1.06792e-10	-0.389823
1.0685e-10	-0.390702
1.06908e-10	-0.391552
1.06966e-10	-0.392374
1.07024e-10	-0.393167
1.07082e-10	-0.393933
1.07141e-10	-0.39467
1.07199e-10	-0.395379
1.07257e-10	-0.39606
1.07315e-10	-0.396714
1.07373e-10	-0.397339
1.07432e-10	-0.397938
1.0749e-10	-0.398508
1.07548e-10	-0.399052
1.07606e-10	-0.399568
1.07664e-10	-0.400057
1.07722e-10	-0.40052
1.07781e-10	-0.400955
1.07839e-10	-0.401364
1.07897e-10	-0.401746
1.07955e-10	-0.402102
1.08013e-10	-0.402432
1.08071e-10	-0.402735
1.0813e-10	-0.403012
1.08188e-10	-0.403264
1.08246e-10	-0.403489
1.08304e-10	-0.40369
1.08362e-10	-0.403864
1.08421e-10	-0.404014
1.08479e-10	-0.404138
1.08537e-10	-0.404237
1.08595e-10	-0.404311
1.08653e-10	-0.404361
1.08711e-10	-0.404386
1.0877e-10	-0.404386
1.08828e-10	-0.404362
1.08886e-10	-0.404314
1.08944e-10	-0.404242
1.09002e-10	-0.404147
1.09061e-10	-0.404027
1.09119e-10	-0.403884
1.09177e-10	-0.403718
1.09235e-10	-0.403528
1.09293e-10	-0.403316
1.09351e-10	-0.40308
1.0941e-10	-0.402822
1.09468e-10	-0.402541
1.09526e-10	-0.402238
1.09584e-10	-0.401913
1.09642e-10	-0.401565
1.09701e-10	-0.401196
1.09759e-10	-0.400805
1.09817e-10	-0.400392
1.09875e-10	-0.399958
1.09933e-10	-0.399503
1.09991e-10	-0.399027
1.1005e-10	-0.39853
1.10108e-10	-0.398012
1.10166e-10	-0.397473
1.10224e-10	-0.396914
1.10282e-10	-0.396335
1.10341e-10	-0.395736
1.10399e-10	-0.395117
1.10457e-10	-0.394479
1.10515e-10	-0.393821
1.10573e-10	-0.393143
1.10631e-10	-0.392447
1.1069e-10	-0.391731
1.10748e-10	-0.390997
1.10806e-10	-0.390244
1.10864e-10	-0.389472
1.10922e-10	-0.388683
1.10981e-10	-0.387875
1.11039e-10	-0.387049
1.11097e-10	-0.386206
1.11155e-10	-0.385345
1.11213e-10	-0.384467
1.11271e-10	-0.383571
1.1133e-10	-0.382659
1.11388e-10	-0.38173
1.11446e-10	-0.380784
1.11504e-10	-0.379822
1.11562e-10	-0.378843
1.11621e-10	-0.377849
1.11679e-10	-0.376838
1.11737e-10	-0.375812
1.11795e-10	-0.37477
1.11853e-10	-0.373713
1.11911e-10	-0.372641
1.1197e-10	-0.371553
1.12028e-10	-0.370451
1.12086e-10	-0.369335
1.12144e-10	-0.368204
1.12202e-10	-0.367058
1.12261e-10	-0.365899
1.12319e-10	-0.364725
1.12377e-10	-0.363538
1.12435e-10	-0.362338
1.12493e-10	-0.361124
1.12551e-10	-0.359897
1.1261e-10	-0.358657
1.12668e-10	-0.357405
1.12726e-10	-0.356139
1.12784e-10	-0.354861
1.12842e-10	-0.353572
1.12901e-10	-0.35227
1.12959e-10	-0.350956
1.13017e-10	-0.34963
1.13075e-10	-0.348293
1.13133e-10	-0.346945
1.13191e-10	-0.345585
1.1325e-10	-0.344215
1.13308e-10	-0.342834
1.13366e-10	-0.341442
1.13424e-10	-0.34004
1.13482e-10	-0.338627
1.13541e-10	-0.337205
1.13599e-10	-0.335772
1.13657e-10	-0.33433
1.13715e-10	-0.332878
1.13773e-10	-0.331417
1.13831e-10	-0.329947
1.1389e-10	-0.328468
1.13948e-10	-0.32698
1.14006e-10	-0.325484
1.14064e-10	-0.323979
1.14122e-10	-0.322465
1.14181e-10	-0.320944
1.14239e-10	-0.319415
1.14297e-10	-0.317877
1.14355e-10	-0.316333
1.14413e-10	-0.314781
1.14471e-10	-0.313221
1.1453e-10	-0.311655
1.14588e-10	-0.310081
1.14646e-10	-0.308501
1.14704e-10	-0.306915
1.14762e-10	-0.305322
1.14821e-10	-0.303722
1.14879e-10	-0.302117
1.14937e-10	-0.300506
1.14995e-10	-0.298889
1.15053e-10	-0.297266
1.15111e-10	-0.295638
1.1517e-10	-0.294005
1.15228e-10	-0.292367
1.15286e-10	-0.290724
1.15344e-10	-0.289076
1.15402e-10	-0.287423
1.15461e-10	-0.285766
1.15519e-10	-0.284105
1.15577e-10	-0.28244
1.15635e-10	-0.280771
1.15693e-10	-0.279098
1.15751e-10	-0.277421
1.1581e-10	-0.275741
1.15868e-10	-0.274057
1.15926e-10	-0.272371
1.15984e-10	-0.270681
1.16042e-10	-0.268988
1.161e-10	-0.267293
1.16159e-10	-0.265595
1.16217e-10	-0.263895
1.16275e-10	-0.262192
1.16333e-10	-0.260487
1.16391e-10	-0.258781
1.1645e-10	-0.257072
1.16508e-10	-0.255362
1.16566e-10	-0.25365
1.16624e-10	-0.251937
1.16682e-10	-0.250222
1.1674e-10	-0.248506
1.16799e-10	-0.24679
1.16857e-10	-0.245072
1.16915e-10	-0.243354
1.16973e-10	-0.241635
1.17031e-10	-0.239916
1.1709e-10	-0.238197
1.17148e-10	-0.236477
1.17206e-10	-0.234757
1.17264e-10	-0.233038
1.17322e-10	-0.231318
1.1738e-10	-0.229599
1.17439e-10	-0.227881
1.17497e-10	-0.226163
1.17555e-10	-0.224445
1.17613e-10	-0.222729
1.17671e-10	-0.221013
1.1773e-10	-0.219299
1.17788e-10	-0.217586
1.17846e-10	-0.215874
1.17904e-10	-0.214164
1.17962e-10	-0.212455
1.1802e-10	-0.210748
1.18079e-10	-0.209043
1.18137e-10	-0.20734
1.18195e-10	-0.205639
1.18253e-10	-0.20394
1.18311e-10	-0.202243
1.1837e-10	-0.200548
1.18428e-10	-0.198857
1.18486e-10	-0.197167
1.18544e-10	-0.195481
1.18602e-10	-0.193797
1.1866e-10	-0.192116
1.18719e-10	-0.190438
1.18777e-10	-0.188764
1.18835e-10	-0.187092
1.18893e-10	-0.185424
1.18951e-10	-0.18376
1.1901e-10	-0.182098
1.19068e-10	-0.180441
1.19126e-10	-0.178787
1.19184e-10	-0.177137
1.19242e-10	-0.175491
1.193e-10	-0.173849
1.19359e-10	-0.172211
1.19417e-10	-0.170577
1.19475e-10	-0.168948
1.19533e-10	-0.167323
1.19591e-10	-0.165702
1.1965e-10	-0.164086
1.19708e-10	-0.162475
1.19766e-10	-0.160868
1.19824e-10	-0.159266
1.19882e-10	-0.157669
1.1994e-10	-0.156077
1.19999e-10	-0.15449
1.20057e-10	-0.152908
1.20115e-10	-0.151332
1.20173e-10	-0.14976
1.20231e-10	-0.148194
1.2029e-10	-0.146633
1.20348e-10	-0.145078
1.20406e-10	-0.143529
1.20464e-10	-0.141985
1.20522e-10	-0.140446
1.2058e-10	-0.138914
1.20639e-10	-0.137387
1.20697e-10	-0.135867
1.20755e-10	-0.134352
1.20813e-10	-0.132843
1.20871e-10	-0.131341
1.2093e-10	-0.129844
1.20988e-10	-0.128354
1.21046e-10	-0.12687
1.21104e-10	-0.125392
1.21162e-10	-0.123921
1.2122e-10	-0.122457
1.21279e-10	-0.120998
1.21337e-10	-0.119547
1.21395e-10	-0.118102
1.21453e-10	-0.116664
1.21511e-10	-0.115232
1.2157e-10	-0.113807
1.21628e-10	-0.112389
1.21686e-10	-0.110978
1.21744e-10	-0.109574
1.21802e-10	-0.108177
1.2186e-10	-0.106786
1.21919e-10	-0.105403
1.21977e-10	-0.104027
1.22035e-10	-0.102658
1.22093e-10	-0.101297
1.22151e-10	-0.0999421
1.2221e-10	-0.0985949
1.22268e-10	-0.0972549
1.22326e-10	-0.0959223
1.22384e-10	-0.0945971
1.22442e-10	-0.0932793
1.225e-10	-0.0919689
1.22559e-10	-0.090666
1.22617e-10	-0.0893706
1.22675e-10	-0.0880827
1.22733e-10	-0.0868024
1.22791e-10	-0.0855297
1.2285e-10	-0.0842646
1.22908e-10	-0.0830072
1.22966e-10	-0.0817575
1.23024e-10	-0.0805154
1.23082e-10	-0.0792811
1.2314e-10	-0.0780545
1.23199e-10	-0.0768357
1.23257e-10	-0.0756247
1.23315e-10	-0.0744216
1.23373e-10	-0.0732262
1.23431e-10	-0.0720387
1.2349e-10	-0.0708591
1.23548e-10	-0.0696874
1.23606e-10	-0.0685235
1.23664e-10	-0.0673676
1.23722e-10	-0.0662197
1.2378e-10	-0.0650796
1.23839e-10	-0.0639476
1.23897e-10	-0.0628235
1.23955e-10	-0.0617074
1.24013e-10	-0.0605993
1.24071e-10	-0.0594992
1.24129e-10	-0.0584071
1.24188e-10	-0.0573231
1.24246e-10	-0.056247
1.24304e-10	-0.055179
1.24362e-10	-0.0541191
1.2442e-10	-0.0530671
1.24479e-10	-0.0520233
1.24537e-10	-0.0509875
1.24595e-10	-0.0499597
1.24653e-10	-0.04894
1.24711e-10	-0.0479284
1.24769e-10	-0.0469248
1.24828e-10	-0.0459292
1.24886e-10	-0.0449417
1.24944e-10	-0.0439623
1.25002e-10	-0.0429909
1.2506e-10	-0.0420276
1.25119e-10	-0.0410723
1.25177e-10	-0.040125
1.25235e-10	-0.0391858
1.25293e-10	-0.0382546
1.25351e-10	-0.0373314
1.25409e-10	-0.0364163
1.25468e-10	-0.0355091
1.25526e-10	-0.0346099
1.25584e-10	-0.0337187
1.25642e-10	-0.0328355
1.257e-10	-0.0319602
1.25759e-10	-0.0310929
1.25817e-10	-0.0302335
1.25875e-10	-0.0293821
1.25933e-10	-0.0285385
1.25991e-10	-0.0277029
1.26049e-10	-0.0268751
1.26108e-10	-0.0260552
1.26166e-10	-0.0252432
1.26224e-10	-0.024439
1.26282e-10	-0.0236426
1.2634e-10	-0.022854
1.26399e-10	-0.0220732
1.26457e-10	-0.0213001
1.26515e-10	-0.0205348
1.26573e-10	-0.0197772
1.26631e-10	-0.0190274
1.26689e-10	-0.0182852
1.26748e-10	-0.0175507
1.26806e-10	-0.0168238
1.26864e-10	-0.0161045
1.26922e-10	-0.0153929
1.2698e-10	-0.0146888
1.27039e-10	-0.0139922
1.27097e-10	-0.0133032
1.27155e-10	-0.0126217
1.27213e-10	-0.0119477
1.27271e-10	-0.0112811
1.27329e-10	-0.0106219
1.27388e-10	-0.00997017
1.27446e-10	-0.00932578
1.27504e-10	-0.00868873
1.27562e-10	-0.00805901
1.2762e-10	-0.00743657
1.27679e-10	-0.00682139
1.27737e-10	-0.00621345
1.27795e-10	-0.0056127
1.27853e-10	-0.00501913
1.27911e-10	-0.00443271
1.27969e-10	-0.0038534
1.28028e-10	-0.00328117
1.28086e-10	-0.00271599
1.28144e-10	-0.00215783
1.28202e-10	-0.00160667
1.2826e-10	-0.00106246
1.28319e-10	-0.000525169
1.28377e-10	5.22445e-06
1.28435e-10	0.000528759
1.28493e-10	0.00104547
1.28551e-10	0.00155538
1.28609e-10	0.00205854
1.28668e-10	0.00255497
1.28726e-10	0.00304471
1.28784e-10	0.0035278
1.28842e-10	0.00400426
1.289e-10	0.00447414
1.28959e-10	0.00493747
1.29017e-10	0.00539428
1.29075e-10	0.00584462
1.29133e-10	0.00628851
1.29191e-10	0.006726
1.29249e-10	0.00715711
1.29308e-10	0.00758189
1.29366e-10	0.00800038
1.29424e-10	0.0084126
1.29482e-10	0.00881861
1.2954e-10	0.00921843
1.29599e-10	0.0096121
1.29657e-10	0.00999967
1.29715e-10	0.0103812
1.29773e-10	0.0107566
1.29831e-10	0.0111261
1.29889e-10	0.0114896
1.29948e-10	0.0118472
1.30006e-10	0.0121989
1.30064e-10	0.0125448
1.30122e-10	0.0128849
1.3018e-10	0.0132192
1.30239e-10	0.0135478
1.30297e-10	0.0138707
1.30355e-10	0.014188
1.30413e-10	0.0144997
1.30471e-10	0.0148058
1.30529e-10	0.0151063
1.30588e-10	0.0154015
1.30646e-10	0.0156911
1.30704e-10	0.0159754
1.30762e-10	0.0162543
1.3082e-10	0.0165278
1.30879e-10	0.0167961
1.30937e-10	0.0170592
1.30995e-10	0.017317
1.31053e-10	0.0175697
1.31111e-10	0.0178173
1.31169e-10	0.0180598
1.31228e-10	0.0182973
1.31286e-10	0.0185297
1.31344e-10	0.0187572
1.31402e-10	0.0189798
1.3146e-10	0.0191975
1.31519e-10	0.0194104
1.31577e-10	0.0196184
1.31635e-10	0.0198218
1.31693e-10	0.0200204
1.31751e-10	0.0202143
1.31809e-10	0.0204036
1.31868e-10	0.0205884
1.31926e-10	0.0207685
1.31984e-10	0.0209442
1.32042e-10	0.0211154
1.321e-10	0.0212821
1.32158e-10	0.0214445
1.32217e-10	0.0216025
1.32275e-10	0.0217563
1.32333e-10	0.0219057
1.32391e-10	0.022051
1.32449e-10	0.022192
1.32508e-10	0.0223289
1.32566e-10	0.0224617
1.32624e-10	0.0225904
1.32682e-10	0.0227152
1.3274e-10	0.0228359
1.32798e-10	0.0229527
1.32857e-10	0.0230655
1.32915e-10	0.0231745
1.32973e-10	0.0232797
1.33031e-10	0.0233811
1.33089e-10	0.0234788
1.33148e-10	0.0235727
1.33206e-10	0.023663
1.33264e-10	0.0237497
1.33322e-10	0.0238327
1.3338e-10	0.0239123
1.33438e-10	0.0239883
1.33497e-10	0.0240608
1.33555e-10	0.0241299
1.33613e-10	0.0241956
1.33671e-10	0.0242579
1.33729e-10	0.024317
1.33788e-10	0.0243727
1.33846e-10	0.0244252
1.33904e-10	0.0244745
1.33962e-10	0.0245206
1.3402e-10	0.0245636
1.34078e-10	0.0246036
1.34137e-10	0.0246404
1.34195e-10	0.0246743
1.34253e-10	0.0247051
1.34311e-10	0.024733
1.34369e-10	0.0247581
1.34428e-10	0.0247802
1.34486e-10	0.0247995
1.34544e-10	0.024816
1.34602e-10	0.0248298
1.3466e-10	0.0248408
1.34718e-10	0.0248491
1.34777e-10	0.0248548
1.34835e-10	0.0248579
1.34893e-10	0.0248583
1.34951e-10	0.0248563
1.35009e-10	0.0248517
1.35068e-10	0.0248446
1.35126e-10	0.0248351
1.35184e-10	0.0248232
1.35242e-10	0.0248089
1.353e-10	0.0247923
1.35358e-10	0.0247733
1.35417e-10	0.0247521
1.35475e-10	0.0247287
1.35533e-10	0.024703
1.35591e-10	0.0246752
1.35649e-10	0.0246452
1.35708e-10	0.0246131
1.35766e-10	0.0245789
1.35824e-10	0.0245427
1.35882e-10	0.0245045
1.3594e-10	0.0244643
1.35998e-10	0.0244222
1.36057e-10	0.0243781
1.36115e-10	0.0243321
1.36173e-10	0.0242843
1.36231e-10	0.0242347
1.36289e-10	0.0241833
1.36348e-10	0.0241301
1.36406e-10	0.0240751
1.36464e-10	0.0240185
1.36522e-10	0.0239602
1.3658e-10	0.0239003
1.36638e-10	0.0238387
1.36697e-10	0.0237756
1.36755e-10	0.0237109
1.36813e-10	0.0236447
1.36871e-10	0.0235769
1.36929e-10	0.0235077
1.36988e-10	0.0234371
1.37046e-10	0.0233651
1.37104e-10	0.0232916
1.37162e-10	0.0232168
1.3722e-10	0.0231407
1.37278e-10	0.0230633
1.37337e-10	0.0229845
1.37395e-10	0.0229046
1.37453e-10	0.0228234
1.37511e-10	0.022741
1.37569e-10	0.0226575
1.37628e-10	0.0225727
1.37686e-10	0.0224869
1.37744e-10	0.0224
1.37802e-10	0.022312
1.3786e-10	0.0222229
1.37918e-10	0.0221329
1.37977e-10	0.0220418
1.38035e-10	0.0219498
1.38093e-10	0.0218568
1.38151e-10	0.0217629
1.38209e-10	0.0216681
1.38268e-10	0.0215724
1.38326e-10	0.0214758
1.38384e-10	0.0213784
1.38442e-10	0.0212802
1.385e-10	0.0211813
1.38558e-10	0.0210815
1.38617e-10	0.020981
1.38675e-10	0.0208798
1.38733e-10	0.0207779
1.38791e-10	0.0206753
1.38849e-10	0.020572
1.38908e-10	0.0204682
1.38966e-10	0.0203637
1.39024e-10	0.0202586
1.39082e-10	0.0201529
1.3914e-10	0.0200467
1.39198e-10	0.0199399
1.39257e-10	0.0198326
1.39315e-10	0.0197248
1.39373e-10	0.0196166
1.39431e-10	0.0195079
1.39489e-10	0.0193987
1.39548e-10	0.0192891
1.39606e-10	0.0191791
1.39664e-10	0.0190688
1.39722e-10	0.018958
1.3978e-10	0.018847
1.39838e-10	0.0187356
1.39897e-10	0.0186238
1.39955e-10	0.0185118
1.40013e-10	0.0183995
1.40071e-10	0.0182869
1.40129e-10	0.0181741
1.40187e-10	0.0180611
1.40246e-10	0.0179478
1.40304e-10	0.0178344
1.40362e-10	0.0177207
1.4042e-10	0.0176069
1.40478e-10	0.0174929
1.40537e-10	0.0173788
1.40595e-10	0.0172646
1.40653e-10	0.0171503
1.40711e-10	0.0170359
1.40769e-10	0.0169214
1.40827e-10	0.0168068
1.40886e-10	0.0166922
1.40944e-10	0.0165775
1.41002e-10	0.0164628
1.4106e-10	0.0163481
1.41118e-10	0.0162335
1.41177e-10	0.0161188
1.41235e-10	0.0160041
1.41293e-10	0.0158895
1.41351e-10	0.015775
1.41409e-10	0.0156605
1.41467e-10	0.0155461
1.41526e-10	0.0154318
1.41584e-10	0.0153176
1.41642e-10	0.0152035
1.417e-10	0.0150895
1.41758e-10	0.0149756
1.41817e-10	0.0148619
1.41875e-10	0.0147484
1.41933e-10	0.014635
1.41991e-10	0.0145218
1.42049e-10	0.0144088
1.42107e-10	0.014296
1.42166e-10	0.0141834
1.42224e-10	0.014071
1.42282e-10	0.0139588
1.4234e-10	0.0138469
1.42398e-10	0.0137352
1.42457e-10	0.0136238
1.42515e-10	0.0135126
1.42573e-10	0.0134017
1.42631e-10	0.0132911
1.42689e-10	0.0131808
1.42747e-10	0.0130708
1.42806e-10	0.0129611
1.42864e-10	0.0128517
1.42922e-10	0.0127426
1.4298e-10	0.0126339
1.43038e-10	0.0125254
1.43097e-10	0.0124174
1.43155e-10	0.0123097
1.43213e-10	0.0122023
1.43271e-10	0.0120953
1.43329e-10	0.0119887
1.43387e-10	0.0118824
1.43446e-10	0.0117766
1.43504e-10	0.0116711
1.43562e-10	0.011566
1.4362e-10	0.0114614
1.43678e-10	0.0113571
1.43737e-10	0.0112533
1.43795e-10	0.0111499
1.43853e-10	0.0110469
1.43911e-10	0.0109443
1.43969e-10	0.0108422
1.44027e-10	0.0107405
1.44086e-10	0.0106393
1.44144e-10	0.0105385
1.44202e-10	0.0104382
1.4426e-10	0.0103383
1.44318e-10	0.0102389
1.44377e-10	0.01014
1.44435e-10	0.0100415
1.44493e-10	0.00994354
1.44551e-10	0.00984605
1.44609e-10	0.00974904
1.44667e-10	0.00965253
1.44726e-10	0.0095565
1.44784e-10	0.00946098
1.44842e-10	0.00936595
1.449e-10	0.00927143
1.44958e-10	0.00917741
1.45017e-10	0.00908391
1.45075e-10	0.00899092
1.45133e-10	0.00889844
1.45191e-10	0.00880648
1.45249e-10	0.00871505
1.45307e-10	0.00862414
1.45366e-10	0.00853375
1.45424e-10	0.00844389
1.45482e-10	0.00835457
1.4554e-10	0.00826577
1.45598e-10	0.00817751
1.45657e-10	0.00808979
1.45715e-10	0.00800261
1.45773e-10	0.00791596
1.45831e-10	0.00782986
1.45889e-10	0.0077443
1.45947e-10	0.00765929
1.46006e-10	0.00757483
1.46064e-10	0.00749091
1.46122e-10	0.00740754
1.4618e-10	0.00732472
1.46238e-10	0.00724245
1.46297e-10	0.00716073
1.46355e-10	0.00707957
1.46413e-10	0.00699896
1.46471e-10	0.0069189
1.46529e-10	0.0068394
1.46587e-10	0.00676046
1.46646e-10	0.00668207
1.46704e-10	0.00660424
1.46762e-10	0.00652696
1.4682e-10	0.00645024
1.46878e-10	0.00637408
1.46937e-10	0.00629847
1.46995e-10	0.00622343
1.47053e-10	0.00614894
1.47111e-10	0.006075
1.47169e-10	0.00600162
1.47227e-10	0.0059288
1.47286e-10	0.00585654
1.47344e-10	0.00578483
1.47402e-10	0.00571368
1.4746e-10	0.00564308
1.47518e-10	0.00557304
1.47577e-10	0.00550355
1.47635e-10	0.00543461
1.47693e-10	0.00536623
1.47751e-10	0.00529839
1.47809e-10	0.00523111
1.47867e-10	0.00516438
1.47926e-10	0.00509819
1.47984e-10	0.00503256
1.48042e-10	0.00496747
1.481e-10	0.00490292
1.48158e-10	0.00483892
1.48216e-10	0.00477547
1.48275e-10	0.00471255
1.48333e-10	0.00465018
1.48391e-10	0.00458834
1.48449e-10	0.00452704
1.48507e-10	0.00446628
1.48566e-10	0.00440605
1.48624e-10	0.00434636
1.48682e-10	0.00428719
1.4874e-10	0.00422856
1.48798e-10	0.00417046
1.48856e-10	0.00411288
1.48915e-10	0.00405583
1.48973e-10	0.0039993
1.49031e-10	0.00394329
1.49089e-10	0.0038878
1.49147e-10	0.00383282
1.49206e-10	0.00377837
1.49264e-10	0.00372442
1.49322e-10	0.00367099
1.4938e-10	0.00361806
1.49438e-10	0.00356565
1.49496e-10	0.00351374
1.49555e-10	0.00346233
1.49613e-10	0.00341142
1.49671e-10	0.00336101
1.49729e-10	0.0033111
1.49787e-10	0.00326168
1.49846e-10	0.00321276
1.49904e-10	0.00316432
1.49962e-10	0.00311637
1.5002e-10	0.00306891
1.50078e-10	0.00302192
1.50136e-10	0.00297542
1.50195e-10	0.0029294
1.50253e-10	0.00288385
1.50311e-10	0.00283877
1.50369e-10	0.00279417
1.50427e-10	0.00275003
1.50486e-10	0.00270636
1.50544e-10	0.00266315
1.50602e-10	0.0026204
1.5066e-10	0.00257811
1.50718e-10	0.00253627
1.50776e-10	0.00249488
1.50835e-10	0.00245395
1.50893e-10	0.00241346
1.50951e-10	0.00237342
1.51009e-10	0.00233382
1.51067e-10	0.00229465
1.51126e-10	0.00225593
1.51184e-10	0.00221764
1.51242e-10	0.00217977
1.513e-10	0.00214234
1.51358e-10	0.00210533
1.51416e-10	0.00206875
1.51475e-10	0.00203258
1.51533e-10	0.00199684
1.51591e-10	0.0019615
1.51649e-10	0.00192658
1.51707e-10	0.00189207
1.51766e-10	0.00185796
1.51824e-10	0.00182426
1.51882e-10	0.00179096
1.5194e-10	0.00175805
1.51998e-10	0.00172554
1.52056e-10	0.00169342
1.52115e-10	0.00166169
1.52173e-10	0.00163035
1.52231e-10	0.00159939
1.52289e-10	0.00156882
1.52347e-10	0.00153861
1.52406e-10	0.00150879
1.52464e-10	0.00147934
1.52522e-10	0.00145025
1.5258e-10	0.00142154
1.52638e-10	0.00139318
1.52696e-10	0.00136519
1.52755e-10	0.00133755
1.52813e-10	0.00131027
1.52871e-10	0.00128335
1.52929e-10	0.00125677
1.52987e-10	0.00123054
1.53046e-10	0.00120465
1.53104e-10	0.00117911
1.53162e-10	0.0011539
1.5322e-10	0.00112902
1.53278e-10	0.00110448
1.53336e-10	0.00108027
1.53395e-10	0.00105639
1.53453e-10	0.00103283
1.53511e-10	0.00100959
1.53569e-10	0.000986672
1.53627e-10	0.000964068
1.53686e-10	0.000941777
1.53744e-10	0.000919796
1.53802e-10	0.000898122
1.5386e-10	0.000876754
1.53918e-10	0.000855686
1.53976e-10	0.000834919
1.54035e-10	0.000814447
1.54093e-10	0.000794269
1.54151e-10	0.000774382
1.54209e-10	0.000754784
1.54267e-10	0.00073547
1.54326e-10	0.00071644
1.54384e-10	0.00069769
1.54442e-10	0.000679217
1.545e-10	0.000661019
1.54558e-10	0.000643093
1.54616e-10	0.000625437
1.54675e-10	0.000608047
1.54733e-10	0.000590922
1.54791e-10	0.000574058
1.54849e-10	0.000557453
1.54907e-10	0.000541105
1.54966e-10	0.00052501
1.55024e-10	0.000509166
1.55082e-10	0.000493572
1.5514e-10	0.000478223
1.55198e-10	0.000463118
1.55256e-10	0.000448254
1.55315e-10	0.000433628
1.55373e-10	0.000419238
1.55431e-10	0.000405082
1.55489e-10	0.000391157
1.55547e-10	0.000377461
1.55606e-10	0.00036399
1.55664e-10	0.000350744
1.55722e-10	0.000337718
1.5578e-10	0.000324912
1.55838e-10	0.000312322
1.55896e-10	0.000299946
1.55955e-10	0.000287781
1.56013e-10	0.000275826
1.56071e-10	0.000264078
1.56129e-10	0.000252534
1.56187e-10	0.000241193
1.56245e-10	0.000230052
1.56304e-10	0.000219108
1.56362e-10	0.00020836
1.5642e-10	0.000197805
1.56478e-10	0.000187441
1.56536e-10	0.000177266
1.56595e-10	0.000167277
1.56653e-10	0.000157472
1.56711e-10	0.00014785
1.56769e-10	0.000138407
1.56827e-10	0.000129142
1.56885e-10	0.000120053
1.56944e-10	0.000111137
1.57002e-10	0.000102392
1.5706e-10	9.38171e-05
1.57118e-10	8.54089e-05
1.57176e-10	7.71657e-05
1.57235e-10	6.90856e-05
1.57293e-10	6.11663e-05
1.57351e-10	5.34061e-05
1.57409e-10	4.58027e-05
1.57467e-10	3.83543e-05
1.57525e-10	3.10588e-05
1.57584e-10	2.39142e-05
1.57642e-10	1.69187e-05
1.577e-10	1.00702e-05
1.57758e-10	3.36693e-06
1.57816e-10	-3.19314e-06
1.57875e-10	-9.61185e-06
1.57933e-10	-1.58911e-05
1.57991e-10	-2.20327e-05
1.58049e-10	-2.80386e-05
1.58107e-10	-3.39105e-05
1.58165e-10	-3.96504e-05
1.58224e-10	-4.52599e-05
1.58282e-10	-5.07409e-05
1.5834e-10	-5.60951e-05
1.58398e-10	-6.13244e-05
1.58456e-10	-6.64303e-05
1.58515e-10	-7.14148e-05
1.58573e-10	-7.62794e-05
1.58631e-10	-8.1026e-05
1.58689e-10	-8.5656e-05
1.58747e-10	-9.01713e-05
1.58805e-10	-9.45735e-05
1.58864e-10	-9.88642e-05
1.58922e-10	-0.000103045
1.5898e-10	-0.000107118
1.59038e-10	-0.000111083
1.59096e-10	-0.000114944
1.59155e-10	-0.000118702
1.59213e-10	-0.000122357
1.59271e-10	-0.000125912
1.59329e-10	-0.000129368
1.59387e-10	-0.000132726
1.59445e-10	-0.000135989
1.59504e-10	-0.000139157
1.59562e-10	-0.000142232
1.5962e-10	-0.000145215
1.59678e-10	-0.000148109
1.59736e-10	-0.000150913
1.59795e-10	-0.000153631
1.59853e-10	-0.000156262
1.59911e-10	-0.000158809
1.59969e-10	-0.000161273
1.60027e-10	-0.000163655
1.60085e-10	-0.000165956
1.60144e-10	-0.000168178
1.60202e-10	-0.000170322
1.6026e-10	-0.00017239
1.60318e-10	-0.000174383
1.60376e-10	-0.000176301
1.60435e-10	-0.000178146
1.60493e-10	-0.00017992
1.60551e-10	-0.000181624
1.60609e-10	-0.000183258
1.60667e-10	-0.000184825
1.60725e-10	-0.000186325
1.60784e-10	-0.000187759
1.60842e-10	-0.000189128
1.609e-10	-0.000190435
1.60958e-10	-0.000191679
1.61016e-10	-0.000192862
1.61075e-10	-0.000193986
1.61133e-10	-0.00019505
1.61191e-10	-0.000196057
1.61249e-10	-0.000197007
1.61307e-10	-0.000197901
1.61365e-10	-0.000198741
1.61424e-10	-0.000199527
1.61482e-10	-0.00020026
1.6154e-10	-0.000200942
1.61598e-10	-0.000201574
1.61656e-10	-0.000202155
1.61715e-10	-0.000202689
1.61773e-10	-0.000203174
1.61831e-10	-0.000203613
1.61889e-10	-0.000204006
1.61947e-10	-0.000204354
1.62005e-10	-0.000204658
1.62064e-10	-0.000204919
1.62122e-10	-0.000205138
1.6218e-10	-0.000205316
1.62238e-10	-0.000205453
1.62296e-10	-0.000205551
1.62355e-10	-0.00020561
1.62413e-10	-0.000205631
1.62471e-10	-0.000205615
1.62529e-10	-0.000205562
1.62587e-10	-0.000205474
1.62645e-10	-0.000205352
1.62704e-10	-0.000205195
1.62762e-10	-0.000205006
1.6282e-10	-0.000204784
1.62878e-10	-0.00020453
1.62936e-10	-0.000204245
1.62995e-10	-0.000203931
1.63053e-10	-0.000203586
1.63111e-10	-0.000203213
1.63169e-10	-0.000202812
1.63227e-10	-0.000202384
1.63285e-10	-0.000201928
1.63344e-10	-0.000201447
1.63402e-10	-0.00020094
1.6346e-10	-0.000200409
1.63518e-10	-0.000199853
1.63576e-10	-0.000199274
1.63635e-10	-0.000198672
1.63693e-10	-0.000198048
1.63751e-10	-0.000197402
1.63809e-10	-0.000196735
1.63867e-10	-0.000196048
1.63925e-10	-0.000195341
1.63984e-10	-0.000194614
1.64042e-10	-0.000193869
1.641e-10	-0.000193105
1.64158e-10	-0.000192324
1.64216e-10	-0.000191525
1.64274e-10	-0.00019071
1.64333e-10	-0.000189879
1.64391e-10	-0.000189032
1.64449e-10	-0.00018817
1.64507e-10	-0.000187293
1.64565e-10	-0.000186402
1.64624e-10	-0.000185497
1.64682e-10	-0.00018458
1.6474e-10	-0.000183649
1.64798e-10	-0.000182706
1.64856e-10	-0.000181751
1.64914e-10	-0.000180785
1.64973e-10	-0.000179808
1.65031e-10	-0.00017882
1.65089e-10	-0.000177822
1.65147e-10	-0.000176815
1.65205e-10	-0.000175798
1.65264e-10	-0.000174772
1.65322e-10	-0.000173737
1.6538e-10	-0.000172694
1.65438e-10	-0.000171644
1.65496e-10	-0.000170586
1.65554e-10	-0.00016952
1.65613e-10	-0.000168448
1.65671e-10	-0.00016737
1.65729e-10	-0.000166286
1.65787e-10	-0.000165196
1.65845e-10	-0.0001641
1.65904e-10	-0.000162999
1.65962e-10	-0.000161894
1.6602e-10	-0.000160784
1.66078e-10	-0.00015967
1.66136e-10	-0.000158552
1.66194e-10	-0.000157431
1.66253e-10	-0.000156306
1.66311e-10	-0.000155178
1.66369e-10	-0.000154048
1.66427e-10	-0.000152915
1.66485e-10	-0.00015178
1.66544e-10	-0.000150643
1.66602e-10	-0.000149504
1.6666e-10	-0.000148364
1.66718e-10	-0.000147223
1.66776e-10	-0.00014608
1.66834e-10	-0.000144937
1.66893e-10	-0.000143794
1.66951e-10	-0.00014265
1.67009e-10	-0.000141506
1.67067e-10	-0.000140363
1.67125e-10	-0.000139219
1.67184e-10	-0.000138077
1.67242e-10	-0.000136935
1.673e-10	-0.000135794
1.67358e-10	-0.000134654
1.67416e-10	-0.000133515
1.67474e-10	-0.000132378
1.67533e-10	-0.000131243
1.67591e-10	-0.00013011
1.67649e-10	-0.000128978
1.67707e-10	-0.000127849
1.67765e-10	-0.000126722
1.67824e-10	-0.000125598
1.67882e-10	-0.000124476
1.6794e-10	-0.000123358
1.67998e-10	-0.000122242
1.68056e-10	-0.000121129
1.68114e-10	-0.000120019
1.68173e-10	-0.000118913
1.68231e-10	-0.000117811
1.68289e-10	-0.000116712
1.68347e-10	-0.000115617
1.68405e-10	-0.000114525
1.68464e-10	-0.000113438
1.68522e-10	-0.000112355
