% time-domain current integration by openEMS v0.0.36-93-g7b9cd51 @Thu Sep 24 16:38:46 2026
% start-coordinates: (0.05825,-0.0023,0.000528899) m -> [74,1,6]
% stop-coordinates: (0.0583,0.0006,0.000528899) m -> [75,4,6]
% t/s	current
2.90905785483e-14	0
3.69450347563e-12	0
7.35991637271e-12	0
1.10253292698e-11	0
1.46907421669e-11	0
1.8356155064e-11	0
2.2021567961e-11	6.96286194105e-37
2.56869808581e-11	4.10184749692e-33
2.93523937552e-11	3.1958253313e-30
3.30178066523e-11	7.19390301011e-28
3.66832195494e-11	6.4927763798e-26
4.03486324464e-11	2.89112985813e-24
4.40140453435e-11	7.3585898183e-23
4.76794582406e-11	1.1938615386e-21
5.13448711377e-11	1.34049319623e-20
5.50102840348e-11	1.11000077257e-19
5.86756969319e-11	7.12479095925e-19
6.23411098289e-11	3.6875566951e-18
6.6006522726e-11	1.5878899837e-17
6.96719356231e-11	5.83015358399e-17
7.33373485202e-11	1.85878349485e-16
7.70027614173e-11	5.20431971749e-16
8.06681743143e-11	1.28269036763e-15
8.43335872114e-11	2.75095252499e-15
8.79990001085e-11	4.92428956633e-15
9.16644130056e-11	6.34630584236e-15
9.53298259027e-11	9.45251287928e-16
9.89952387998e-11	-2.92385812285e-14
1.02660651697e-10	-1.28976202548e-13
1.06326064594e-10	-3.97648114523e-13
1.09991477491e-10	-1.03659875822e-12
1.13656890388e-10	-2.42290714401e-12
1.17322303285e-10	-5.21358824168e-12
1.20987716182e-10	-1.04759994082e-11
1.24653129079e-10	-1.98237537496e-11
1.28318541976e-10	-3.55100775173e-11
1.31983954873e-10	-6.03908381636e-11
1.35649367771e-10	-9.76174557854e-11
1.39314780668e-10	-1.49859402665e-10
1.42980193565e-10	-2.17795032009e-10
1.46645606462e-10	-2.97559449303e-10
1.50311019359e-10	-3.76819742076e-10
1.53976432256e-10	-4.29178359518e-10
1.57641845153e-10	-4.0672701318e-10
1.6130725805e-10	-2.307885133e-10
1.64972670947e-10	2.18740942026e-10
1.68638083844e-10	1.114555781e-09
1.72303496741e-10	2.6920836671e-09
1.75968909638e-10	5.25641929983e-09
1.79634322536e-10	9.18325682164e-09
1.83299735433e-10	1.49105776615e-08
1.8696514833e-10	2.29178631628e-08
1.90630561227e-10	3.36899361741e-08
1.94295974124e-10	4.76635406699e-08
1.97961387021e-10	6.5156399387e-08
2.01626799918e-10	8.62800391133e-08
2.05292212815e-10	1.10840673528e-07
2.08957625712e-10	1.38234099722e-07
2.12623038609e-10	1.67343813473e-07
2.16288451506e-10	1.96454067236e-07
2.19953864403e-10	2.23190710358e-07
2.23619277301e-10	2.44505827141e-07
2.27284690198e-10	2.56720767311e-07
2.30950103095e-10	2.55639747593e-07
2.34615515992e-10	2.36743261439e-07
2.38280928889e-10	1.95460884811e-07
2.41946341786e-10	1.27513914094e-07
2.45611754683e-10	2.93086070968e-08
2.4927716758e-10	-1.01649106909e-07
2.52942580477e-10	-2.66353453071e-07
2.56607993374e-10	-4.63948168772e-07
2.60273406271e-10	-6.91463185376e-07
2.63938819168e-10	-9.43665327213e-07
2.67604232066e-10	-1.21304685763e-06
2.71269644963e-10	-1.48996969074e-06
2.7493505786e-10	-1.76297407961e-06
2.78600470757e-10	-2.01925877263e-06
2.82265883654e-10	-2.2453236852e-06
2.85931296551e-10	-2.42774831349e-06
2.89596709448e-10	-2.55407485383e-06
2.93262122345e-10	-2.6137149689e-06
2.96927535242e-10	-2.59879629994e-06
3.00592948139e-10	-2.50487482845e-06
3.04258361036e-10	-2.33140849559e-06
3.07923773933e-10	-2.08195956475e-06
3.11589186831e-10	-1.76411538177e-06
3.15254599728e-10	-1.38914367653e-06
3.18920012625e-10	-9.71446183939e-07
3.22585425522e-10	-5.27867484834e-07
3.26250838419e-10	-7.68952119756e-08
3.29916251316e-10	3.62226444395e-07
3.33581664213e-10	7.70459109845e-07
3.3724707711e-10	1.130017381e-06
3.40912490007e-10	1.42544149639e-06
3.44577902904e-10	1.64462358043e-06
3.48243315801e-10	1.77965489456e-06
3.51908728698e-10	1.82735379894e-06
3.55574141595e-10	1.78937739292e-06
3.59239554493e-10	1.67188557043e-06
3.6290496739e-10	1.48482922668e-06
3.66570380287e-10	1.24101973142e-06
3.70235793184e-10	9.55169639383e-07
3.73901206081e-10	6.43048963411e-07
3.77566618978e-10	3.20827780342e-07
3.81232031875e-10	4.55053594806e-09
3.84897444772e-10	-2.9039341598e-07
3.88562857669e-10	-5.49922788196e-07
3.92228270566e-10	-7.62111085351e-07
3.95893683463e-10	-9.18141836337e-07
3.9955909636e-10	-1.01316891232e-06
4.03224509258e-10	-1.04679793367e-06
4.06889922155e-10	-1.02299645732e-06
4.10555335052e-10	-9.49336310896e-07
4.14220747949e-10	-8.35731157167e-07
4.17886160846e-10	-6.92986304784e-07
4.21551573743e-10	-5.31546447746e-07
4.2521698664e-10	-3.60752153483e-07
4.28882399537e-10	-1.88721102745e-07
4.32547812434e-10	-2.26856009533e-08
4.36213225331e-10	1.30541820909e-07
4.39878638228e-10	2.64364729219e-07
4.43544051125e-10	3.72722979591e-07
4.47209464023e-10	4.50901751492e-07
4.5087487692e-10	4.96549773743e-07
4.54540289817e-10	5.10445602231e-07
4.58205702714e-10	4.9657683121e-07
4.61871115611e-10	4.61346445491e-07
4.65536528508e-10	4.12062377109e-07
4.69201941405e-10	3.55173085609e-07
4.72867354302e-10	2.94873160556e-07
4.76532767199e-10	2.32590409155e-07
4.80198180096e-10	1.67560187947e-07
4.83863592993e-10	9.82609620337e-08
4.8752900589e-10	2.41348416807e-08
4.91194418788e-10	-5.31223243172e-08
4.94859831685e-10	-1.29251674252e-07
4.98525244582e-10	-1.98266519646e-07
5.02190657479e-10	-2.54115832377e-07
5.05856070376e-10	-2.92498327781e-07
5.09521483273e-10	-3.12073893838e-07
5.1318689617e-10	-3.14557439651e-07
5.16852309067e-10	-3.03636454646e-07
5.20517721964e-10	-2.83161966763e-07
5.24183134861e-10	-2.55371304547e-07
5.27848547758e-10	-2.19915477828e-07
5.31513960655e-10	-1.74168008016e-07
5.35179373552e-10	-1.14761590453e-07
5.3884478645e-10	-3.97870394409e-08
5.42510199347e-10	4.92204144109e-08
5.46175612244e-10	1.46377814758e-07
5.49841025141e-10	2.42106636961e-07
5.53506438038e-10	3.25213477481e-07
5.57171850935e-10	3.8571550931e-07
5.60837263832e-10	4.1737919787e-07
5.64502676729e-10	4.19054259737e-07
5.68168089626e-10	3.94331948428e-07
5.71833502523e-10	3.49699462276e-07
5.7549891542e-10	2.91954904696e-07
5.79164328317e-10	2.2592114135e-07
5.82829741215e-10	1.5334381942e-07
5.86495154112e-10	7.34251486278e-08
5.90160567009e-10	-1.52380525975e-08
5.93825979906e-10	-1.12124482143e-07
5.97491392803e-10	-2.12763865193e-07
6.011568057e-10	-3.08195836851e-07
6.04822218597e-10	-3.863491429e-07
6.08487631494e-10	-4.35010292676e-07
6.12153044391e-10	-4.45387655645e-07
6.15818457288e-10	-4.14957526118e-07
6.19483870185e-10	-3.48501885128e-07
6.23149283082e-10	-2.56907355833e-07
6.2681469598e-10	-1.54133672936e-07
6.30480108877e-10	-5.34377981865e-08
6.34145521774e-10	3.5792261599e-08
6.37810934671e-10	1.09493157652e-07
6.41476347568e-10	1.68230670283e-07
6.45141760465e-10	2.14722035707e-07
6.48807173362e-10	2.50665436852e-07
6.52472586259e-10	2.74281262591e-07
6.56137999156e-10	2.79716658724e-07
6.59803412053e-10	2.58759371263e-07
6.6346882495e-10	2.04312641472e-07
6.67134237847e-10	1.14251420769e-07
6.70799650745e-10	-5.96150684373e-09
6.74465063642e-10	-1.43126811736e-07
6.78130476539e-10	-2.78908089513e-07
6.81795889436e-10	-3.94349655153e-07
6.85461302333e-10	-4.74754301649e-07
6.8912671523e-10	-5.1321205774e-07
6.92792128127e-10	-5.11552968874e-07
6.96457541024e-10	-4.7846151574e-07
7.00122953921e-10	-4.2549638124e-07
7.03788366818e-10	-3.62546131782e-07
7.07453779715e-10	-2.94495634989e-07
7.11119192612e-10	-2.20420872665e-07
7.14784605509e-10	-1.35628823728e-07
7.18450018407e-10	-3.5669483367e-08
7.22115431304e-10	7.94559298356e-08
7.25780844201e-10	2.02805225058e-07
7.29446257098e-10	3.20922026731e-07
7.33111669995e-10	4.17162596023e-07
7.36777082892e-10	4.76689081097e-07
7.40442495789e-10	4.91219225296e-07
7.44107908686e-10	4.61753984382e-07
7.47773321583e-10	3.98276853275e-07
7.5143873448e-10	3.16509158438e-07
7.55104147377e-10	2.32874839412e-07
7.58769560274e-10	1.59455012749e-07
7.62434973172e-10	1.0075735446e-07
7.66100386069e-10	5.35163380277e-08
7.69765798966e-10	9.56808143826e-09
7.73431211863e-10	-3.93936971932e-08
7.7709662476e-10	-9.71845679487e-08
7.80762037657e-10	-1.6060839414e-07
7.84427450554e-10	-2.20094889869e-07
7.88092863451e-10	-2.63194465333e-07
7.91758276348e-10	-2.79460550701e-07
7.95423689245e-10	-2.64727049171e-07
7.99089102142e-10	-2.23157456958e-07
8.02754515039e-10	-1.66320788253e-07
8.06419927937e-10	-1.09601046461e-07
8.10085340834e-10	-6.71706530397e-08
8.13750753731e-10	-4.72566874521e-08
8.17416166628e-10	-4.9402043345e-08
8.21081579525e-10	-6.48291234029e-08
8.24746992422e-10	-7.98879824515e-08
8.28412405319e-10	-8.13315281789e-08
8.32077818216e-10	-6.135398678e-08
8.35743231113e-10	-2.03842898117e-08
8.3940864401e-10	3.34110090705e-08
8.43074056907e-10	8.75583126003e-08
8.46739469804e-10	1.30124959696e-07
8.50404882702e-10	1.54050198375e-07
8.54070295599e-10	1.59396449817e-07
8.57735708496e-10	1.52828206978e-07
8.61401121393e-10	1.44594636708e-07
8.6506653429e-10	1.4408689708e-07
8.68731947187e-10	1.55565373916e-07
8.72397360084e-10	1.75714518491e-07
8.76062772981e-10	1.94172613988e-07
8.79728185878e-10	1.97115795686e-07
8.83393598775e-10	1.72655518327e-07
8.87059011672e-10	1.15890259167e-07
8.90724424569e-10	3.14981107863e-08
8.94389837467e-10	-6.722594037e-08
8.98055250364e-10	-1.6245526524e-07
9.01720663261e-10	-2.37366151623e-07
9.05386076158e-10	-2.81047334738e-07
9.09051489055e-10	-2.91154975685e-07
9.12716901952e-10	-2.73609884971e-07
9.16382314849e-10	-2.3960484441e-07
9.20047727746e-10	-2.01000830202e-07
9.23713140643e-10	-1.65715732692e-07
9.2737855354e-10	-1.34833101129e-07
9.31043966437e-10	-1.02695793203e-07
9.34709379334e-10	-6.01338783213e-08
9.38374792231e-10	4.30192770295e-10
9.42040205129e-10	8.02265134325e-08
9.45705618026e-10	1.71925293557e-07
9.49371030923e-10	2.61005055791e-07
9.5303644382e-10	3.30109031665e-07
9.56701856717e-10	3.64575356571e-07
9.60367269614e-10	3.57008815399e-07
9.64032682511e-10	3.09397478304e-07
9.67698095408e-10	2.32278338785e-07
9.71363508305e-10	1.41363301509e-07
9.75028921202e-10	5.27345278556e-08
9.78694334099e-10	-2.18784652617e-08
9.82359746996e-10	-7.81331905841e-08
9.86025159894e-10	-1.19198602988e-07
9.89690572791e-10	-1.52810500254e-07
9.93355985688e-10	-1.86459260476e-07
9.97021398585e-10	-2.22866461286e-07
1.00068681148e-09	-2.57867014852e-07
1.00435222438e-09	-2.81643849576e-07
1.00801763728e-09	-2.82653019212e-07
1.01168305017e-09	-2.524376157e-07
1.01534846307e-09	-1.89368066117e-07
1.01901387597e-09	-1.00044573514e-07
1.02267928886e-09	1.92029769863e-09
1.02634470176e-09	9.92696271851e-08
1.03001011466e-09	1.75671829084e-07
1.03367552756e-09	2.20205322421e-07
1.03734094045e-09	2.30324161521e-07
1.04100635335e-09	2.12096665564e-07
1.04467176625e-09	1.77388898237e-07
1.04833717914e-09	1.39002935384e-07
1.05200259204e-09	1.05823481533e-07
1.05566800494e-09	8.0078180531e-08
1.05933341784e-09	5.77945193925e-08
1.06299883073e-09	3.19412620797e-08
1.06666424363e-09	-3.4098661672e-09
1.07032965653e-09	-4.97120069554e-08
1.07399506942e-09	-1.0254144911e-07
1.07766048232e-09	-1.524433344e-07
1.08132589522e-09	-1.8762833065e-07
1.08499130811e-09	-1.97774042476e-07
1.08865672101e-09	-1.77848590965e-07
1.09232213391e-09	-1.30604547621e-07
1.09598754681e-09	-6.65381918452e-08
1.0996529597e-09	-8.69032845685e-10
1.1033183726e-09	5.1541132251e-08
1.1069837855e-09	8.12482880974e-08
1.11064919839e-09	8.70551488674e-08
1.11431461129e-09	7.54372067036e-08
1.11798002419e-09	5.70574059111e-08
1.12164543709e-09	4.2147711099e-08
1.12531084998e-09	3.67173527138e-08
1.12897626288e-09	4.08362801352e-08
1.13264167578e-09	4.92537672869e-08
1.13630708867e-09	5.38670903438e-08
1.13997250157e-09	4.72119232597e-08
1.14363791447e-09	2.59201407005e-08
1.14730332737e-09	-7.10588610175e-09
1.15096874026e-09	-4.29106918887e-08
1.15463415316e-09	-6.94273865065e-08
1.15829956606e-09	-7.6211556177e-08
1.16196497895e-09	-5.89173794197e-08
1.16563039185e-09	-2.13637143531e-08
1.16929580475e-09	2.58079921878e-08
1.17296121764e-09	6.91852051204e-08
1.17662663054e-09	9.73873284238e-08
1.18029204344e-09	1.04568329107e-07
1.18395745634e-09	9.15218194564e-08
1.18762286923e-09	6.4463193894e-08
1.19128828213e-09	3.22909379236e-08
1.19495369503e-09	3.33671668074e-09
1.19861910792e-09	-1.74844636547e-08
1.20228452082e-09	-3.02546538933e-08
1.20594993372e-09	-3.96330932517e-08
1.20961534662e-09	-5.23240721861e-08
1.21328075951e-09	-7.3299389669e-08
1.21694617241e-09	-1.02511457101e-07
1.22061158531e-09	-1.33877080088e-07
1.2242769982e-09	-1.57219261609e-07
1.2279424111e-09	-1.6227154731e-07
1.231607824e-09	-1.42798796787e-07
1.2352732369e-09	-9.89638451188e-08
1.23893864979e-09	-3.7182022794e-08
1.24260406269e-09	3.20388657826e-08
1.24626947559e-09	9.71537730265e-08
1.24993488848e-09	1.48494450514e-07
1.25360030138e-09	1.80401571015e-07
1.25726571428e-09	1.92184344883e-07
1.26093112717e-09	1.87591354006e-07
1.26459654007e-09	1.72749253124e-07
1.26826195297e-09	1.53195088615e-07
1.27192736587e-09	1.31302130058e-07
1.27559277876e-09	1.05487593771e-07
1.27925819166e-09	7.17607377965e-08
1.28292360456e-09	2.68123798719e-08
1.28658901745e-09	-2.90842212536e-08
1.29025443035e-09	-9.09283528472e-08
1.29391984325e-09	-1.50090301076e-07
1.29758525615e-09	-1.969007144e-07
1.30125066904e-09	-2.23425274726e-07
1.30491608194e-09	-2.25445916158e-07
1.30858149484e-09	-2.03300785984e-07
1.31224690773e-09	-1.61653431974e-07
1.31591232063e-09	-1.08293590984e-07
1.31957773353e-09	-5.20533731674e-08
1.32324314643e-09	-2.66759059286e-10
1.32690855932e-09	4.32816307239e-08
1.33057397222e-09	7.8845530993e-08
1.33423938512e-09	1.09196570008e-07
1.33790479801e-09	1.36821540764e-07
1.34157021091e-09	1.61455758985e-07
1.34523562381e-09	1.79410932333e-07
1.3489010367e-09	1.85054290114e-07
1.3525664496e-09	1.73496474076e-07
1.3562318625e-09	1.42977398809e-07
1.3598972754e-09	9.5882342066e-08
1.36356268829e-09	3.82600262583e-08
1.36722810119e-09	-2.16308979617e-08
1.37089351409e-09	-7.51619353423e-08
1.37455892698e-09	-1.15225830655e-07
1.37822433988e-09	-1.37910589615e-07
1.38188975278e-09	-1.4344294641e-07
1.38555516568e-09	-1.35765489517e-07
1.38922057857e-09	-1.20568529383e-07
1.39288599147e-09	-1.02524317924e-07
1.39655140437e-09	-8.32015629726e-08
1.40021681726e-09	-6.09515637962e-08
1.40388223016e-09	-3.28718101628e-08
1.40754764306e-09	2.36593811209e-09
1.41121305596e-09	4.2564934688e-08
1.41487846885e-09	8.2036905269e-08
1.41854388175e-09	1.13419190484e-07
1.42220929465e-09	1.30153551936e-07
1.42587470754e-09	1.28490086126e-07
1.42954012044e-09	1.08478019456e-07
1.43320553334e-09	7.39963397223e-08
1.43687094623e-09	3.19774109414e-08
1.44053635913e-09	-9.1952063741e-09
1.44420177203e-09	-4.19951788899e-08
1.44786718493e-09	-6.2120498967e-08
1.45153259782e-09	-6.97812154726e-08
1.45519801072e-09	-6.89743728799e-08
1.45886342362e-09	-6.48989910701e-08
1.46252883651e-09	-6.08996941764e-08
1.46619424941e-09	-5.67333984236e-08
1.46985966231e-09	-4.91435230288e-08
1.47352507521e-09	-3.42393917663e-08
1.4771904881e-09	-1.0120581706e-08
1.480855901e-09	2.16921964835e-08
1.4845213139e-09	5.64757840493e-08
1.48818672679e-09	8.7657433312e-08
1.49185213969e-09	1.08511542862e-07
1.49551755259e-09	1.13784224709e-07
1.49918296548e-09	1.01171373501e-07
1.50284837838e-09	7.24051858469e-08
1.50651379128e-09	3.33320357981e-08
1.51017920418e-09	-7.59174767495e-09
1.51384461707e-09	-4.21907770942e-08
1.51751002997e-09	-6.55644498693e-08
1.52117544287e-09	-7.75277158027e-08
1.52484085576e-09	-8.16531198211e-08
1.52850626866e-09	-8.25356849532e-08
1.53217168156e-09	-8.29910860034e-08
1.53583709446e-09	-8.27511357215e-08
1.53950250735e-09	-7.9023998012e-08
1.54316792025e-09	-6.81551597381e-08
1.54683333315e-09	-4.73006771529e-08
1.55049874604e-09	-1.55516666211e-08
1.55416415894e-09	2.53895819924e-08
1.55782957184e-09	7.08639831259e-08
1.56149498474e-09	1.13561803516e-07
1.56516039763e-09	1.44990423223e-07
1.56882581053e-09	1.58088298008e-07
1.57249122343e-09	1.49952512629e-07
1.57615663632e-09	1.2311299713e-07
1.57982204922e-09	8.44346317308e-08
1.58348746212e-09	4.21605648171e-08
1.58715287501e-09	2.77823453132e-09
1.59081828791e-09	-3.06303569175e-08
1.59448370081e-09	-5.80526418048e-08
1.59814911371e-09	-8.1002127672e-08
1.6018145266e-09	-1.00951609738e-07
1.6054799395e-09	-1.1838261571e-07
1.6091453524e-09	-1.32343473069e-07
1.61281076529e-09	-1.40228081591e-07
1.61647617819e-09	-1.37956504886e-07
1.62014159109e-09	-1.21081825455e-07
1.62380700399e-09	-8.69311662655e-08
1.62747241688e-09	-3.69170294334e-08
1.63113782978e-09	2.24905143398e-08
1.63480324268e-09	8.11524145661e-08
1.63846865557e-09	1.28573475422e-07
1.64213406847e-09	1.5742460846e-07
1.64579948137e-09	1.65459752566e-07
1.64946489427e-09	1.55132923396e-07
1.65313030716e-09	1.31674340764e-07
1.65679572006e-09	1.00973608141e-07
1.66046113296e-09	6.81227589894e-08
1.66412654585e-09	3.66328372081e-08
1.66779195875e-09	7.98531729629e-09
1.67145737165e-09	-1.84615505106e-08
1.67512278454e-09	-4.4748183825e-08
1.67878819744e-09	-7.25720923356e-08
1.68245361034e-09	-1.01217814574e-07
1.68611902324e-09	-1.26523886479e-07
1.68978443613e-09	-1.41921645991e-07
1.69344984903e-09	-1.41253593711e-07
1.69711526193e-09	-1.2178887232e-07
1.70078067482e-09	-8.56701305452e-08
1.70444608772e-09	-3.91168306635e-08
1.70811150062e-09	9.85290959932e-09
1.71177691352e-09	5.37458433314e-08
1.71544232641e-09	8.70143352927e-08
1.71910773931e-09	1.06604503003e-07
1.72277315221e-09	1.12128809349e-07
1.7264385651e-09	1.05840626929e-07
1.730103978e-09	9.20352647427e-08
1.7337693909e-09	7.55151745579e-08
1.7374348038e-09	5.95301443695e-08
1.74110021669e-09	4.43699512687e-08
1.74476562959e-09	2.76731135784e-08
1.74843104249e-09	6.45233377838e-09
1.75209645538e-09	-2.04153884908e-08
1.75576186828e-09	-5.0830493592e-08
1.75942728118e-09	-7.99708814725e-08
1.76309269407e-09	-1.02088350218e-07
1.76675810697e-09	-1.12374053174e-07
1.77042351987e-09	-1.08038328506e-07
1.77408893277e-09	-8.86594833105e-08
1.77775434566e-09	-5.63175781565e-08
1.78141975856e-09	-1.56723469757e-08
1.78508517146e-09	2.6462952718e-08
1.78875058435e-09	6.25804830179e-08
1.79241599725e-09	8.67694396334e-08
1.79608141015e-09	9.67188213963e-08
1.79974682305e-09	9.41711846281e-08
1.80341223594e-09	8.34666025185e-08
1.80707764884e-09	6.90754902166e-08
1.81074306174e-09	5.36408926166e-08
1.81440847463e-09	3.752400346e-08
1.81807388753e-09	1.96811491548e-08
1.82173930043e-09	-1.04601483031e-09
1.82540471333e-09	-2.50171474647e-08
1.82907012622e-09	-5.1381576327e-08
1.83273553912e-09	-7.78300019988e-08
1.83640095202e-09	-1.0042150933e-07
1.84006636491e-09	-1.13934213175e-07
1.84373177781e-09	-1.13211910957e-07
1.84739719071e-09	-9.53315151264e-08
1.8510626036e-09	-6.15196569242e-08
1.8547280165e-09	-1.74947114573e-08
1.8583934294e-09	2.82375314242e-08
1.8620588423e-09	6.73365079251e-08
1.86572425519e-09	9.42621269928e-08
1.86938966809e-09	1.07337633892e-07
1.87305508099e-09	1.08123067832e-07
1.87672049388e-09	9.99172371507e-08
1.88038590678e-09	8.63126814465e-08
1.88405131968e-09	7.02298450506e-08
1.88771673258e-09	5.33108952538e-08
1.89138214547e-09	3.55575160427e-08
1.89504755837e-09	1.54781734096e-08
1.89871297127e-09	-8.91500118172e-09
1.90237838416e-09	-3.83978502327e-08
1.90604379706e-09	-7.09679923716e-08
1.90970920996e-09	-1.01544614495e-07
1.91337462286e-09	-1.2342340483e-07
1.91704003575e-09	-1.30829207023e-07
1.92070544865e-09	-1.21187227364e-07
1.92437086155e-09	-9.5936677269e-08
1.92803627444e-09	-5.96913807271e-08
1.93170168734e-09	-1.85246200601e-08
1.93536710024e-09	2.16433768685e-08
1.93903251313e-09	5.60691546525e-08
1.94269792603e-09	8.17083076754e-08
1.94636333893e-09	9.74980167712e-08
1.95002875183e-09	1.04350668551e-07
1.95369416472e-09	1.04541435064e-07
1.95735957762e-09	1.00443848794e-07
1.96102499052e-09	9.31311561203e-08
1.96469040341e-09	8.17159886424e-08
1.96835581631e-09	6.40115160877e-08
1.97202122921e-09	3.82098903629e-08
1.97568664211e-09	4.55517401576e-09
1.979352055e-09	-3.39774430813e-08
1.9830174679e-09	-7.23142719039e-08
1.9866828808e-09	-1.04706025184e-07
1.99034829369e-09	-1.26116205479e-07
1.99401370659e-09	-1.33131820235e-07
1.99767911949e-09	-1.24446899008e-07
2.00134453239e-09	-1.01149964848e-07
2.00500994528e-09	-6.68000481596e-08
2.00867535818e-09	-2.69361510874e-08
2.01234077108e-09	1.22066774466e-08
2.01600618397e-09	4.5438660834e-08
2.01967159687e-09	7.00020592603e-08
2.02333700977e-09	8.58241335777e-08
2.02700242266e-09	9.45188034507e-08
2.03066783556e-09	9.78395178208e-08
2.03433324846e-09	9.65348050386e-08
2.03799866136e-09	9.01536481024e-08
2.04166407425e-09	7.76665700641e-08
2.04532948715e-09	5.83050621117e-08
2.04899490005e-09	3.21598889741e-08
2.05266031294e-09	5.00191887909e-10
2.05632572584e-09	-3.40483374828e-08
2.05999113874e-09	-6.74633398035e-08
2.06365655164e-09	-9.47023579556e-08
2.06732196453e-09	-1.107815919e-07
2.07098737743e-09	-1.1235029973e-07
2.07465279033e-09	-9.90401289869e-08
2.07831820322e-09	-7.37929326533e-08
2.08198361612e-09	-4.18600762941e-08
2.08564902902e-09	-8.98177621167e-09
2.08931444192e-09	2.02951486727e-08
2.09297985481e-09	4.34463949261e-08
2.09664526771e-09	5.98403033791e-08
2.10031068061e-09	7.00896833905e-08
2.1039760935e-09	7.53857847258e-08
2.1076415064e-09	7.69611787632e-08
2.1113069193e-09	7.55911102601e-08
2.11497233219e-09	7.11266139319e-08
2.11863774509e-09	6.23172340397e-08
2.12230315799e-09	4.72993093581e-08
2.12596857089e-09	2.47765825634e-08
2.12963398378e-09	-4.65115546078e-09
2.13329939668e-09	-3.78149422886e-08
2.13696480958e-09	-6.94777071431e-08
2.14063022247e-09	-9.38354389746e-08
2.14429563537e-09	-1.06261971666e-07
2.14796104827e-09	-1.04517646093e-07
2.15162646117e-09	-8.91020945915e-08
2.15529187406e-09	-6.29099474736e-08
2.15895728696e-09	-3.05151566238e-08
2.16262269986e-09	2.75090750179e-09
2.16628811275e-09	3.19466444409e-08
2.16995352565e-09	5.3760651042e-08
2.17361893855e-09	6.73858409073e-08
2.17728435145e-09	7.44667687513e-08
2.18094976434e-09	7.79020723485e-08
2.18461517724e-09	7.99838133503e-08
2.18828059014e-09	8.0880937503e-08
2.19194600303e-09	7.83349847211e-08
2.19561141593e-09	6.87592205395e-08
2.19927682883e-09	4.9149637249e-08
2.20294224172e-09	1.88393709522e-08
2.20660765462e-09	-1.96240179662e-08
2.21027306752e-09	-6.06990653296e-08
2.21393848042e-09	-9.7008864941e-08
2.21760389331e-09	-1.21119853702e-07
2.22126930621e-09	-1.2758616208e-07
2.22493471911e-09	-1.14761093073e-07
2.228600132e-09	-8.56730864029e-08
2.2322655449e-09	-4.736081749e-08
2.2359309578e-09	-8.62272031554e-09
2.2395963707e-09	2.30493597542e-08
2.24326178359e-09	4.39960992082e-08
2.24692719649e-09	5.51796688342e-08
2.25059260939e-09	6.09127184248e-08
2.25425802228e-09	6.62320687184e-08
2.25792343518e-09	7.42154924183e-08
2.26158884808e-09	8.44173086989e-08
2.26525426098e-09	9.29312591325e-08
2.26891967387e-09	9.3904162668e-08
2.27258508677e-09	8.19007297537e-08
2.27625049967e-09	5.43332774328e-08
2.27991591256e-09	1.31517765567e-08
2.28358132546e-09	-3.49066482386e-08
2.28724673836e-09	-7.98901282906e-08
2.29091215125e-09	-1.11704821393e-07
2.29457756415e-09	-1.23596308299e-07
2.29824297705e-09	-1.14579371768e-07
2.30190838995e-09	-8.96528149497e-08
2.30557380284e-09	-5.76556331566e-08
2.30923921574e-09	-2.77405032278e-08
2.31290462864e-09	-6.01026206581e-09
2.31657004153e-09	6.3162559627e-09
2.32023545443e-09	1.263464533e-08
2.32390086733e-09	1.89121998062e-08
2.32756628023e-09	3.07603329475e-08
2.33123169312e-09	5.06984925153e-08
2.33489710602e-09	7.65780114875e-08
2.33856251892e-09	1.01782063666e-07
2.34222793181e-09	1.17301489411e-07
2.34589334471e-09	1.1509498421e-07
2.34955875761e-09	9.14881326253e-08
2.35322417051e-09	4.91718452622e-08
2.3568895834e-09	-3.17034754005e-09
2.3605549963e-09	-5.35951159009e-08
2.3642204092e-09	-9.09046988795e-08
2.36788582209e-09	-1.08296902113e-07
2.37155123499e-09	-1.0526835581e-07
2.37521664789e-09	-8.71602310326e-08
2.37888206078e-09	-6.26894518518e-08
2.38254747368e-09	-4.0498495224e-08
2.38621288658e-09	-2.59769805666e-08
2.38987829948e-09	-1.94685902954e-08
2.39354371237e-09	-1.65192286516e-08
2.39720912527e-09	-1.01084118853e-08
2.40087453817e-09	5.91708637643e-09
2.40453995106e-09	3.35598038248e-08
2.40820536396e-09	6.89849670721e-08
2.41187077686e-09	1.032696062e-07
2.41553618976e-09	1.25426652176e-07
2.41920160265e-09	1.26551753965e-07
2.42286701555e-09	1.03394683038e-07
2.42653242845e-09	5.99225487008e-08
2.43019784134e-09	6.27201668379e-09
2.43386325424e-09	-4.45340191391e-08
2.43752866714e-09	-8.08722404599e-08
2.44119408004e-09	-9.62525561476e-08
2.44485949293e-09	-9.11832529482e-08
2.44852490583e-09	-7.24707263089e-08
2.45219031873e-09	-5.02133836733e-08
2.45585573162e-09	-3.36497620879e-08
2.45952114452e-09	-2.74698006564e-08
2.46318655742e-09	-3.00949380971e-08
2.46685197031e-09	-3.46515740546e-08
2.47051738321e-09	-3.22121458396e-08
2.47418279611e-09	-1.5978780965e-08
2.47784820901e-09	1.53275738768e-08
2.4815136219e-09	5.62935014159e-08
2.4851790348e-09	9.63350217376e-08
2.4888444477e-09	1.23367527749e-07
2.49250986059e-09	1.28241794073e-07
2.49617527349e-09	1.08217584227e-07
2.49984068639e-09	6.81325360574e-08
2.50350609929e-09	1.8781520339e-08
2.50717151218e-09	-2.69133977326e-08
2.51083692508e-09	-5.84372514822e-08
2.51450233798e-09	-7.11594907443e-08
2.51816775087e-09	-6.74417535151e-08
2.52183316377e-09	-5.500780631e-08
2.52549857667e-09	-4.33350493267e-08
2.52916398956e-09	-3.95639219164e-08
2.53282940246e-09	-4.55193287507e-08
2.53649481536e-09	-5.69937768091e-08
2.54016022826e-09	-6.55432259578e-08
2.54382564115e-09	-6.20827620423e-08
2.54749105405e-09	-4.0904986065e-08
2.55115646695e-09	-2.52154164215e-09
2.55482187984e-09	4.58671038928e-08
2.55848729274e-09	9.25239902472e-08
2.56215270564e-09	1.25158408082e-07
2.56581811854e-09	1.3518909725e-07
2.56948353143e-09	1.20616007848e-07
2.57314894433e-09	8.64622222707e-08
2.57681435723e-09	4.27493169752e-08
2.58047977012e-09	8.78967121309e-10
2.58414518302e-09	-3.01796276858e-08
2.58781059592e-09	-4.65580427544e-08
2.59147600882e-09	-5.01719839008e-08
2.59514142171e-09	-4.72529606554e-08
2.59880683461e-09	-4.53100454934e-08
2.60247224751e-09	-4.96865553146e-08
2.6061376604e-09	-6.10532637779e-08
2.6098030733e-09	-7.49102326836e-08
2.6134684862e-09	-8.33796747202e-08
2.61713389909e-09	-7.85639073797e-08
2.62079931199e-09	-5.60768746993e-08
2.62446472489e-09	-1.72688263689e-08
2.62813013779e-09	3.07561087709e-08
2.63179555068e-09	7.72627188894e-08
2.63546096358e-09	1.11294205851e-07
2.63912637648e-09	1.25140218188e-07
2.64279178937e-09	1.16696796226e-07
2.64645720227e-09	8.99910546082e-08
2.65012261517e-09	5.3701104008e-08
2.65378802807e-09	1.81127735033e-08
2.65745344096e-09	-8.45211367562e-09
2.66111885386e-09	-2.24124523385e-08
2.66478426676e-09	-2.57972381235e-08
2.66844967965e-09	-2.47986129409e-08
2.67211509255e-09	-2.66246455993e-08
2.67578050545e-09	-3.60455416626e-08
2.67944591835e-09	-5.31119752623e-08
2.68311133124e-09	-7.296770832e-08
2.68677674414e-09	-8.77339729755e-08
2.69044215704e-09	-8.9597023134e-08
2.69410756993e-09	-7.39064560662e-08
2.69777298283e-09	-4.11954843571e-08
2.70143839573e-09	2.5758237765e-09
2.70510380862e-09	4.7657174207e-08
2.70876922152e-09	8.35547666611e-08
2.71243463442e-09	1.02496606758e-07
2.71610004732e-09	1.02003532731e-07
2.71976546021e-09	8.55062651794e-08
2.72343087311e-09	6.06987526908e-08
2.72709628601e-09	3.6281701199e-08
2.7307616989e-09	1.8531961743e-08
2.7344271118e-09	9.16197073764e-09
2.7380925247e-09	5.26049959149e-09
2.7417579376e-09	1.17872289707e-09
2.74542335049e-09	-8.59056115132e-09
2.74908876339e-09	-2.67542326071e-08
2.75275417629e-09	-5.17291098845e-08
2.75641958918e-09	-7.78209852115e-08
2.76008500208e-09	-9.70088862573e-08
2.76375041498e-09	-1.0175037346e-07
2.76741582788e-09	-8.78744046418e-08
2.77108124077e-09	-5.64594699881e-08
2.77474665367e-09	-1.38501698999e-08
2.77841206657e-09	3.03066016727e-08
2.78207747946e-09	6.62876331603e-08
2.78574289236e-09	8.74724292999e-08
2.78940830526e-09	9.21757106198e-08
2.79307371815e-09	8.35119635667e-08
2.79673913105e-09	6.7551852112e-08
2.80040454395e-09	5.06725363891e-08
2.80406995685e-09	3.71945354516e-08
2.80773536974e-09	2.81020859916e-08
2.81140078264e-09	2.11555430951e-08
2.81506619554e-09	1.22701964145e-08
2.81873160843e-09	-2.35626451683e-09
2.82239702133e-09	-2.4143126609e-08
2.82606243423e-09	-5.08803594812e-08
2.82972784713e-09	-7.69584289628e-08
2.83339326002e-09	-9.51357250756e-08
2.83705867292e-09	-9.91950486195e-08
2.84072408582e-09	-8.64012861257e-08
2.84438949871e-09	-5.87016195652e-08
2.84805491161e-09	-2.21578861925e-08
2.85172032451e-09	1.50919881037e-08
2.85538573741e-09	4.54843629427e-08
2.8590511503e-09	6.42878248414e-08
2.8627165632e-09	7.07064558014e-08
2.8663819761e-09	6.75739286748e-08
2.87004738899e-09	5.9839237565e-08
2.87371280189e-09	5.23967713661e-08
2.87737821479e-09	4.80495430111e-08
2.88104362768e-09	4.63802933837e-08
2.88470904058e-09	4.40269687374e-08
2.88837445348e-09	3.63461545305e-08
2.89203986638e-09	1.98047480637e-08
2.89570527927e-09	-5.95389959557e-09
2.89937069217e-09	-3.73234172457e-08
2.90303610507e-09	-6.7645075319e-08
2.90670151796e-09	-8.94633487292e-08
2.91036693086e-09	-9.71664277927e-08
2.91403234376e-09	-8.89492284273e-08
2.91769775666e-09	-6.73593234524e-08
2.92136316955e-09	-3.82691709433e-08
2.92502858245e-09	-8.74065442247e-09
2.92869399535e-09	1.54022323784e-08
2.93235940824e-09	3.1402720424e-08
2.93602482114e-09	4.01102262515e-08
2.93969023404e-09	4.50338788482e-08
2.94335564694e-09	5.0292612741e-08
2.94702105983e-09	5.83093253681e-08
2.95068647273e-09	6.82949305997e-08
2.95435188563e-09	7.62649818853e-08
2.95801729852e-09	7.66503802652e-08
2.96168271142e-09	6.48548379445e-08
2.96534812432e-09	3.9622914727e-08
2.96901353721e-09	4.13928002985e-09
2.97267895011e-09	-3.46418076447e-08
2.97634436301e-09	-6.81987728512e-08
2.98000977591e-09	-8.92909355343e-08
2.9836751888e-09	-9.43177838053e-08
2.9873406017e-09	-8.43141947371e-08
2.9910060146e-09	-6.42432382847e-08
2.99467142749e-09	-4.09026377213e-08
2.99833684039e-09	-2.0296981873e-08
3.00200225329e-09	-5.49973622199e-09
3.00566766619e-09	4.15260981157e-09
3.00933307908e-09	1.22022871807e-08
3.01299849198e-09	2.29244658811e-08
3.01666390488e-09	3.8825245241e-08
3.02032931777e-09	5.89024935493e-08
3.02399473067e-09	7.85147165061e-08
3.02766014357e-09	9.09869299903e-08
3.03132555647e-09	9.03008725572e-08
3.03499096936e-09	7.37312504384e-08
3.03865638226e-09	4.32868141331e-08
3.04232179516e-09	5.33198107888e-09
3.04598720805e-09	-3.14546930724e-08
3.04965262095e-09	-5.89849200594e-08
3.05331803385e-09	-7.24106712369e-08
3.05698344674e-09	-7.15317440836e-08
3.06064885964e-09	-6.04803673809e-08
3.06431427254e-09	-4.58250255519e-08
3.06797968544e-09	-3.38151693313e-08
3.07164509833e-09	-2.78445035917e-08
3.07531051123e-09	-2.71468802993e-08
3.07897592413e-09	-2.72897704434e-08
3.08264133702e-09	-2.23258815879e-08
3.08630674992e-09	-7.71843211567e-09
3.08997216282e-09	1.72137433196e-08
3.09363757572e-09	4.84086939423e-08
3.09730298861e-09	7.8167339268e-08
3.10096840151e-09	9.78265575213e-08
3.10463381441e-09	1.00922058266e-07
3.1082992273e-09	8.56114397152e-08
3.1119646402e-09	5.54408821074e-08
3.1156300531e-09	1.8189030726e-08
3.119295466e-09	-1.67690732411e-08
3.12296087889e-09	-4.16422381022e-08
3.12662629179e-09	-5.2797158645e-08
3.13029170469e-09	-5.1751264607e-08
3.13395711758e-09	-4.41715357624e-08
3.13762253048e-09	-3.72162141105e-08
3.14128794338e-09	-3.62639660523e-08
3.14495335627e-09	-4.24160724322e-08
3.14861876917e-09	-5.18756735346e-08
3.15228418207e-09	-5.75178056295e-08
3.15594959497e-09	-5.20246388191e-08
3.15961500786e-09	-3.1264605127e-08
3.16328042076e-09	3.49265150135e-09
3.16694583366e-09	4.54222757185e-08
3.17061124655e-09	8.41476861524e-08
3.17427665945e-09	1.09175992691e-07
3.17794207235e-09	1.13520357559e-07
3.18160748525e-09	9.62045589858e-08
3.18527289814e-09	6.26853591257e-08
3.18893831104e-09	2.29530598972e-08
3.19260372394e-09	-1.20419292315e-08
3.19626913683e-09	-3.43079662457e-08
3.19993454973e-09	-4.15194882919e-08
3.20359996263e-09	-3.73961270839e-08
3.20726537553e-09	-2.96214039963e-08
3.21093078842e-09	-2.62057859857e-08
3.21459620132e-09	-3.1846770554e-08
3.21826161422e-09	-4.58109354895e-08
3.22192702711e-09	-6.21593443384e-08
3.22559244001e-09	-7.21688309113e-08
3.22925785291e-09	-6.79646490198e-08
3.2329232658e-09	-4.59352378357e-08
3.2365886787e-09	-8.61477289504e-09
3.2402540916e-09	3.57214062774e-08
3.2439195045e-09	7.56864722007e-08
3.24758491739e-09	1.00703957173e-07
3.25125033029e-09	1.04743449469e-07
3.25491574319e-09	8.84128255052e-08
3.25858115608e-09	5.85471795489e-08
3.26224656898e-09	2.54611496331e-08
3.26591198188e-09	-9.95003190951e-10
3.26957739478e-09	-1.49929899607e-08
3.27324280767e-09	-1.652250603e-08
3.27690822057e-09	-1.08158211276e-08
3.28057363347e-09	-5.76710146305e-09
3.28423904636e-09	-8.42891179076e-09
3.28790445926e-09	-2.19384013178e-08
3.29156987216e-09	-4.40375806932e-08
3.29523528506e-09	-6.77248337411e-08
3.29890069795e-09	-8.38016376292e-08
3.30256611085e-09	-8.4387515642e-08
3.30623152375e-09	-6.6056337289e-08
3.30989693664e-09	-3.13767465343e-08
3.31356234954e-09	1.17489911133e-08
3.31722776244e-09	5.27081809309e-08
3.32089317533e-09	8.17365304329e-08
3.32455858823e-09	9.30602368499e-08
3.32822400113e-09	8.65098854774e-08
3.33188941403e-09	6.7099662715e-08
3.33555482692e-09	4.28428847954e-08
3.33922023982e-09	2.16858602187e-08
3.34288565272e-09	8.67467964127e-09
3.34655106561e-09	4.36475655619e-09
3.35021647851e-09	5.02917396616e-09
3.35388189141e-09	4.54494841762e-09
3.35754730431e-09	-2.7715001405e-09
3.3612127172e-09	-1.94885423355e-08
3.3648781301e-09	-4.36222897804e-08
3.368543543e-09	-6.90120742775e-08
3.37220895589e-09	-8.73864678397e-08
3.37587436879e-09	-9.13494702104e-08
3.37953978169e-09	-7.71642874042e-08
3.38320519459e-09	-4.63216949242e-08
3.38687060748e-09	-5.32724708791e-09
3.39053602038e-09	3.62447707403e-08
3.39420143328e-09	6.8762204819e-08
3.39786684617e-09	8.55653752296e-08
3.40153225907e-09	8.49562411531e-08
3.40519767197e-09	7.04214926373e-08
3.40886308486e-09	4.9024389881e-08
3.41252849776e-09	2.86108061687e-08
3.41619391066e-09	1.49013992257e-08
3.41985932356e-09	9.57559365133e-09
3.42352473645e-09	1.00385104673e-08
3.42719014935e-09	1.08633120277e-08
3.43085556225e-09	6.30674001911e-09
3.43452097514e-09	-7.07959824098e-09
3.43818638804e-09	-2.87438979285e-08
3.44185180094e-09	-5.39734799077e-08
3.44551721384e-09	-7.53791837838e-08
3.44918262673e-09	-8.55228208252e-08
3.45284803963e-09	-7.96998023134e-08
3.45651345253e-09	-5.7808410503e-08
3.46017886542e-09	-2.45671607502e-08
3.46384427832e-09	1.20272343196e-08
3.46750969122e-09	4.33788116538e-08
3.47117510412e-09	6.30684127145e-08
3.47484051701e-09	6.87252068587e-08
3.47850592991e-09	6.23796694299e-08
3.48217134281e-09	4.92889178361e-08
3.4858367557e-09	3.57508227466e-08
3.4895021686e-09	2.66966058149e-08
3.4931675815e-09	2.39105411026e-08
3.49683299439e-09	2.55106336056e-08
3.50049840729e-09	2.68804090098e-08
3.50416382019e-09	2.27335803515e-08
3.50782923309e-09	9.51792245019e-09
3.51149464598e-09	-1.28229240559e-08
3.51516005888e-09	-4.04437621171e-08
3.51882547178e-09	-6.67120332309e-08
3.52249088467e-09	-8.43934913064e-08
3.52615629757e-09	-8.8049667113e-08
3.52982171047e-09	-7.5809147404e-08
3.53348712337e-09	-4.99790857589e-08
3.53715253626e-09	-1.63528390829e-08
3.54081794916e-09	1.75213550335e-08
3.54448336206e-09	4.45809789085e-08
3.54814877495e-09	6.03214900252e-08
3.55181418785e-09	6.3987762644e-08
3.55547960075e-09	5.84351838029e-08
3.55914501364e-09	4.86881006623e-08
3.56281042654e-09	3.97455330869e-08
3.56647583944e-09	3.4550243555e-08
3.57014125234e-09	3.29543610178e-08
3.57380666523e-09	3.20415125543e-08
3.57747207813e-09	2.76010503342e-08
3.58113749103e-09	1.61015396571e-08
3.58480290392e-09	-3.60053498127e-09
3.58846831682e-09	-2.93923321237e-08
3.59213372972e-09	-5.61827988577e-08
3.59579914262e-09	-7.7294352252e-08
3.59946455551e-09	-8.65802434191e-08
3.60312996841e-09	-8.05983830787e-08
3.60679538131e-09	-6.00205609658e-08
3.6104607942e-09	-2.96265358912e-08
3.6141262071e-09	3.21426907313e-09
3.61779162e-09	3.10217949107e-08
3.6214570329e-09	4.86500155716e-08
3.62512244579e-09	5.47177165799e-08
3.62878785869e-09	5.15523659317e-08
3.63245327159e-09	4.38197353958e-08
3.63611868448e-09	3.64774521699e-08
3.63978409738e-09	3.28485612044e-08
3.64344951028e-09	3.34479004493e-08
3.64711492317e-09	3.59044385334e-08
3.65078033607e-09	3.60084762008e-08
3.65444574897e-09	2.95481665802e-08
3.65811116187e-09	1.42773348699e-08
3.66177657476e-09	-8.77892247786e-09
3.66544198766e-09	-3.53022286959e-08
3.66910740056e-09	-5.90370703435e-08
3.67277281345e-09	-7.39676693229e-08
3.67643822635e-09	-7.63910605883e-08
3.68010363925e-09	-6.60486136894e-08
3.68376905215e-09	-4.59625404403e-08
3.68743446504e-09	-2.12149711132e-08
3.69109987794e-09	2.7508164635e-09
3.69476529084e-09	2.17050377671e-08
3.69843070373e-09	3.36506573717e-08
3.70209611663e-09	3.90627157287e-08
3.70576152953e-09	4.03151858563e-08
3.70942694243e-09	4.04610247529e-08
3.71309235532e-09	4.17816252707e-08
3.71675776822e-09	4.46939694143e-08
3.72042318112e-09	4.75134065425e-08
3.72408859401e-09	4.72034855648e-08
3.72775400691e-09	4.07697910987e-08
3.73141941981e-09	2.66430770779e-08
3.7350848327e-09	5.47988499022e-09
3.7387502456e-09	-1.98472172031e-08
3.7424156585e-09	-4.49502124411e-08
3.7460810714e-09	-6.50007407899e-08
3.74974648429e-09	-7.58974252335e-08
3.75341189719e-09	-7.53119451247e-08
3.75707731009e-09	-6.33709973386e-08
3.76074272298e-09	-4.27227142552e-08
3.76440813588e-09	-1.78421757369e-08
3.76807354878e-09	6.29414609321e-09
3.77173896168e-09	2.56872194626e-08
3.77540437457e-09	3.83498921508e-08
3.77906978747e-09	4.45163017559e-08
3.78273520037e-09	4.60319142803e-08
3.78640061326e-09	4.52935644546e-08
3.79006602616e-09	4.42067076278e-08
3.79373143906e-09	4.34731930454e-08
3.79739685196e-09	4.23598542909e-08
3.80106226485e-09	3.89847940596e-08
3.80472767775e-09	3.10792849234e-08
3.80839309065e-09	1.70795448895e-08
3.81205850354e-09	-2.81115131173e-09
3.81572391644e-09	-2.61014356795e-08
3.81938932934e-09	-4.84016879909e-08
3.82305474223e-09	-6.4704593683e-08
3.82672015513e-09	-7.10726340003e-08
3.83038556803e-09	-6.59980443629e-08
3.83405098093e-09	-5.08761601736e-08
3.83771639382e-09	-2.9476307617e-08
3.84138180672e-09	-6.69401156728e-09
3.84504721962e-09	1.29165176332e-08
3.84871263251e-09	2.63775739029e-08
3.85237804541e-09	3.29962901446e-08
3.85604345831e-09	3.43461650232e-08
3.85970887121e-09	3.3480240802e-08
3.8633742841e-09	3.35699219534e-08
3.867039697e-09	3.64217669357e-08
3.8707051099e-09	4.15217051852e-08
3.87437052279e-09	4.61074769476e-08
3.87803593569e-09	4.62952698399e-08
3.88170134859e-09	3.87924075085e-08
3.88536676149e-09	2.24318839059e-08
3.88903217438e-09	-1.11924203239e-09
3.89269758728e-09	-2.76818159506e-08
3.89636300018e-09	-5.17268006206e-08
3.90002841307e-09	-6.79521789948e-08
3.90369382597e-09	-7.27979312387e-08
3.90735923887e-09	-6.55052971865e-08
3.91102465176e-09	-4.83958118025e-08
3.91469006466e-09	-2.61729482531e-08
3.91835547756e-09	-4.37774483331e-09
3.92202089046e-09	1.25077015412e-08
3.92568630335e-09	2.25598455472e-08
3.92935171625e-09	2.68323816499e-08
3.93301712915e-09	2.850379488e-08
3.93668254204e-09	3.11570040878e-08
3.94034795494e-09	3.69679646894e-08
3.94401336784e-09	4.5589903408e-08
3.94767878074e-09	5.41404077126e-08
3.95134419363e-09	5.82280712536e-08
3.95500960653e-09	5.36359330283e-08
3.95867501943e-09	3.80937272837e-08
3.96234043232e-09	1.25412356056e-08
3.96600584522e-09	-1.86065260976e-08
3.96967125812e-09	-4.84640985121e-08
3.97333667102e-09	-6.97723407939e-08
3.97700208391e-09	-7.73813439991e-08
3.98066749681e-09	-7.01373608081e-08
3.98433290971e-09	-5.13116162892e-08
3.9879983226e-09	-2.73086122604e-08
3.9916637355e-09	-5.1977595561e-09
3.9953291484e-09	9.88764448095e-09
3.99899456129e-09	1.64249183143e-08
4.00265997419e-09	1.66387952305e-08
4.00632538709e-09	1.51756793798e-08
4.00999079999e-09	1.69122991167e-08
4.01365621288e-09	2.47321789715e-08
4.01732162578e-09	3.80987472681e-08
4.02098703868e-09	5.29750394662e-08
4.02465245157e-09	6.32056540439e-08
4.02831786447e-09	6.29546903497e-08
4.03198327737e-09	4.92744085534e-08
4.03564869027e-09	2.36959714073e-08
4.03931410316e-09	-7.93904053609e-09
4.04297951606e-09	-3.74634687716e-08
4.04664492896e-09	-5.73861882458e-08
4.05031034185e-09	-6.36079562355e-08
4.05397575475e-09	-5.67222784298e-08
4.05764116765e-09	-4.142614074e-08
4.06130658055e-09	-2.43991706839e-08
4.06497199344e-09	-1.16079252876e-08
4.06863740634e-09	-6.08542105596e-09
4.07230281924e-09	-6.96227786534e-09
4.07596823213e-09	-1.00521857505e-08
4.07963364503e-09	-9.75063230158e-09
4.08329905793e-09	-1.56844115473e-09
4.08696447082e-09	1.56560417963e-08
4.09062988372e-09	3.88122955997e-08
4.09429529662e-09	6.1350363012e-08
4.09796070952e-09	7.56687654757e-08
4.10162612241e-09	7.61104388403e-08
4.10529153531e-09	6.12642239162e-08
4.10895694821e-09	3.45709771921e-08
4.1126223611e-09	3.02408009745e-09
4.116287774e-09	-2.54137795253e-08
4.1199531869e-09	-4.45528200999e-08
4.1236185998e-09	-5.18260492299e-08
4.12728401269e-09	-4.86942255407e-08
4.13094942559e-09	-3.96193158281e-08
4.13461483849e-09	-3.00711988643e-08
4.13828025138e-09	-2.42936692985e-08
4.14194566428e-09	-2.36010571086e-08
4.14561107718e-09	-2.5863050368e-08
4.14927649008e-09	-2.64802295646e-08
4.15294190297e-09	-2.05516954566e-08
4.15660731587e-09	-5.35982191963e-09
4.16027272877e-09	1.79572197112e-08
4.16393814166e-09	4.43912213655e-08
4.16760355456e-09	6.67685213784e-08
4.17126896746e-09	7.84168037171e-08
4.17493438035e-09	7.56365778898e-08
4.17859979325e-09	5.89807740425e-08
4.18226520615e-09	3.29607772187e-08
4.18593061905e-09	4.44707115577e-09
4.18959603194e-09	-1.95988647533e-08
4.19326144484e-09	-3.43134161085e-08
4.19692685774e-09	-3.83763705258e-08
4.20059227063e-09	-3.42391679453e-08
4.20425768353e-09	-2.69594124802e-08
4.20792309643e-09	-2.19613944807e-08
4.21158850933e-09	-2.25743530535e-08
4.21525392222e-09	-2.84501133763e-08
4.21891933512e-09	-3.56746241437e-08
4.22258474802e-09	-3.85921303803e-08
4.22625016091e-09	-3.24932116769e-08
4.22991557381e-09	-1.5884641158e-08
4.23358098671e-09	8.67354721379e-09
4.23724639961e-09	3.54184450657e-08
4.2409118125e-09	5.74290623945e-08
4.2445772254e-09	6.89873829174e-08
4.2482426383e-09	6.74387479194e-08
4.25190805119e-09	5.40206102073e-08
4.25557346409e-09	3.34202567842e-08
4.25923887699e-09	1.21346444004e-08
4.26290428988e-09	-3.91297128033e-09
4.26656970278e-09	-1.16547065332e-08
4.27023511568e-09	-1.20346248522e-08
4.27390052858e-09	-9.37956645686e-09
4.27756594147e-09	-9.16384390592e-09
4.28123135437e-09	-1.51983741148e-08
4.28489676727e-09	-2.76486886719e-08
4.28856218016e-09	-4.28354240967e-08
4.29222759306e-09	-5.48033156633e-08
4.29589300596e-09	-5.78165888498e-08
4.29955841886e-09	-4.86371334318e-08
4.30322383175e-09	-2.77540834759e-08
4.30688924465e-09	6.86363854641e-10
4.31055465755e-09	3.01022282656e-08
4.31422007044e-09	5.34724833301e-08
4.31788548334e-09	6.5566190699e-08
4.32155089624e-09	6.47104769769e-08
4.32521630914e-09	5.33418713644e-08
4.32888172203e-09	3.69195127803e-08
4.33254713493e-09	2.15343813892e-08
4.33621254783e-09	1.12837010846e-08
4.33987796072e-09	6.70715660789e-09
4.34354337362e-09	5.04895902864e-09
4.34720878652e-09	2.08166461846e-09
4.35087419941e-09	-5.56783463779e-09
4.35453961231e-09	-1.87374844529e-08
4.35820502521e-09	-3.53217259885e-08
4.36187043811e-09	-5.10392652586e-08
4.365535851e-09	-6.08755357234e-08
4.3692012639e-09	-6.07243819672e-08
4.3728666768e-09	-4.88512093e-08
4.37653208969e-09	-2.67964743728e-08
4.38019750259e-09	6.98244129183e-10
4.38386291549e-09	2.70084488108e-08
4.38752832839e-09	4.5905206747e-08
4.39119374128e-09	5.38543254436e-08
4.39485915418e-09	5.12164426425e-08
4.39852456708e-09	4.17185397339e-08
4.40218997997e-09	3.05009670853e-08
4.40585539287e-09	2.18251727802e-08
4.40952080577e-09	1.75437815386e-08
4.41318621867e-09	1.68296967473e-08
4.41685163156e-09	1.69626446223e-08
4.42051704446e-09	1.45955887376e-08
4.42418245736e-09	7.05038738502e-09
4.42784787025e-09	-6.56561249812e-09
4.43151328315e-09	-2.46483597977e-08
4.43517869605e-09	-4.31383355703e-08
4.43884410894e-09	-5.66119382484e-08
4.44250952184e-09	-6.02880376732e-08
4.44617493474e-09	-5.21303782364e-08
4.44984034764e-09	-3.39325936238e-08
4.45350576053e-09	-1.07173940833e-08
4.45717117343e-09	1.13083284958e-08
4.46083658633e-09	2.71766040782e-08
4.46450199922e-09	3.47726611949e-08
4.46816741212e-09	3.50754589817e-08
4.47183282502e-09	3.12295043159e-08
4.47549823792e-09	2.70697881888e-08
4.47916365081e-09	2.56705803281e-08
4.48282906371e-09	2.82072996072e-08
4.48649447661e-09	3.33443530565e-08
4.4901598895e-09	3.74625486188e-08
4.4938253024e-09	3.59373366621e-08
4.4974907153e-09	2.52411727075e-08
4.50115612819e-09	5.00629271372e-09
4.50482154109e-09	-2.11160475772e-08
4.50848695399e-09	-4.64660843136e-08
4.51215236689e-09	-6.38996908719e-08
4.51581777978e-09	-6.86026879748e-08
4.51948319268e-09	-5.98184257683e-08
4.52314860558e-09	-4.08106295424e-08
4.52681401847e-09	-1.73545124937e-08
4.53047943137e-09	4.39249259188e-09
4.53414484427e-09	1.98064498136e-08
4.53781025717e-09	2.70187854312e-08
4.54147567006e-09	2.72685660718e-08
4.54514108296e-09	2.42770781256e-08
4.54880649586e-09	2.2657513199e-08
4.55247190875e-09	2.57627128519e-08
4.55613732165e-09	3.38406564993e-08
4.55980273455e-09	4.35250875341e-08
4.56346814745e-09	4.9172008687e-08
4.56713356034e-09	4.55243345243e-08
4.57079897324e-09	3.0376146043e-08
4.57446438614e-09	5.86443338335e-09
4.57812979903e-09	-2.2215932205e-08
4.58179521193e-09	-4.65963410079e-08
4.58546062483e-09	-6.11048989185e-08
4.58912603772e-09	-6.26051459562e-08
4.59279145062e-09	-5.17830827107e-08
4.59645686352e-09	-3.27599884997e-08
4.60012227642e-09	-1.17404539424e-08
4.60378768931e-09	5.02263741708e-09
4.60745310221e-09	1.3442923219e-08
4.61111851511e-09	1.31947119897e-08
4.614783928e-09	7.86861331648e-09
4.6184493409e-09	3.3546747602e-09
4.6221147538e-09	5.03099073512e-09
4.6257801667e-09	1.50931178666e-08
4.62944557959e-09	3.1361835795e-08
4.63311099249e-09	4.81416435605e-08
4.63677640539e-09	5.86264299329e-08
4.64044181828e-09	5.76515049033e-08
4.64410723118e-09	4.36438156726e-08
4.64777264408e-09	1.91844229391e-08
4.65143805698e-09	-9.79884617891e-09
4.65510346987e-09	-3.58432927783e-08
4.65876888277e-09	-5.22786258728e-08
4.66243429567e-09	-5.54681065523e-08
4.66609970856e-09	-4.61981244371e-08
4.66976512146e-09	-2.9500490939e-08
4.67343053436e-09	-1.27001076322e-08
4.67709594725e-09	-2.32551111701e-09
4.68076136015e-09	-1.24302745874e-09
4.68442677305e-09	-7.42695593914e-09
4.68809218595e-09	-1.4994276043e-08
4.69175759884e-09	-1.69932121707e-08
4.69542301174e-09	-8.61099813676e-09
4.69908842464e-09	1.06154338653e-08
4.70275383753e-09	3.63940202419e-08
4.70641925043e-09	6.10715957805e-08
4.71008466333e-09	7.62408944865e-08
4.71375007623e-09	7.56965476967e-08
4.71741548912e-09	5.78251508898e-08
4.72108090202e-09	2.65978314928e-08
4.72474631492e-09	-9.39689748236e-09
4.72841172781e-09	-3.98056059225e-08
4.73207714071e-09	-5.63161748346e-08
4.73574255361e-09	-5.58675843365e-08
4.73940796651e-09	-4.17632470828e-08
4.7430733794e-09	-2.20808207274e-08
4.7467387923e-09	-6.07368422223e-09
4.7504042052e-09	-2.07774020211e-10
4.75406961809e-09	-5.58456481059e-09
4.75773503099e-09	-1.77551982006e-08
4.76140044389e-09	-2.88111987601e-08
4.76506585678e-09	-3.07661629506e-08
4.76873126968e-09	-1.8911178401e-08
4.77239668258e-09	6.04518923808e-09
4.77606209548e-09	3.78040283522e-08
4.77972750837e-09	6.64281287754e-08
4.78339292127e-09	8.18924164037e-08
4.78705833417e-09	7.80098474706e-08
4.79072374706e-09	5.51394485626e-08
4.79438915996e-09	2.03940189181e-08
4.79805457286e-09	-1.49516239389e-08
4.80171998576e-09	-3.98552728598e-08
4.80538539865e-09	-4.77984727354e-08
4.80905081155e-09	-3.91161449897e-08
4.81271622445e-09	-2.04447374585e-08
4.81638163734e-09	-1.68138569734e-09
4.82004705024e-09	8.13660872012e-09
4.82371246314e-09	4.37108216289e-09
4.82737787604e-09	-1.15005462931e-08
4.83104328893e-09	-3.24970628185e-08
4.83470870183e-09	-4.87918043746e-08
4.83837411473e-09	-5.15109732646e-08
4.84203952762e-09	-3.63702774564e-08
4.84570494052e-09	-5.74644909435e-09
4.84937035342e-09	3.17849213616e-08
4.85303576631e-09	6.44599111865e-08
4.85670117921e-09	8.1793245954e-08
4.86036659211e-09	7.86394878105e-08
4.86403200501e-09	5.70898492924e-08
4.8676974179e-09	2.54344243444e-08
4.8713628308e-09	-5.26654986288e-09
4.8750282437e-09	-2.54647396503e-08
4.87869365659e-09	-3.05145881896e-08
4.88235906949e-09	-2.20027942532e-08
4.88602448239e-09	-6.7261498593e-09
4.88968989529e-09	6.17014794813e-09
4.89335530818e-09	8.84733886153e-09
4.89702072108e-09	-2.01740024686e-09
4.90068613398e-09	-2.3628617285e-08
4.90435154687e-09	-4.78255692826e-08
4.90801695977e-09	-6.41002273483e-08
4.91168237267e-09	-6.38263273345e-08
4.91534778557e-09	-4.39885923242e-08
4.91901319846e-09	-8.7457729947e-09
4.92267861136e-09	3.1911330467e-08
4.92634402426e-09	6.58375043372e-08
4.93000943715e-09	8.31861655115e-08
4.93367485005e-09	7.98272168367e-08
4.93734026295e-09	5.85117092555e-08
4.94100567584e-09	2.75619189694e-08
4.94467108874e-09	-2.27968310895e-09
4.94833650164e-09	-2.16888462745e-08
4.95200191454e-09	-2.59992809504e-08
4.95566732743e-09	-1.6764278854e-08
4.95933274033e-09	-1.00924579804e-09
4.96299815323e-09	1.16940697126e-08
4.96666356612e-09	1.32876580849e-08
4.97032897902e-09	7.84839970791e-10
4.97399439192e-09	-2.22588862897e-08
4.97765980482e-09	-4.70955399123e-08
4.98132521771e-09	-6.33735908195e-08
4.98499063061e-09	-6.33811438888e-08
4.98865604351e-09	-4.51406734214e-08
4.9923214564e-09	-1.31608972609e-08
4.9959868693e-09	2.32646559795e-08
4.9996522822e-09	5.33971871164e-08
5.0033176951e-09	6.87720884684e-08
5.00698310799e-09	6.60380692352e-08
5.01064852089e-09	4.79992330327e-08
5.01431393379e-09	2.24929550541e-08
5.01797934668e-09	-5.98229410453e-10
5.02164475958e-09	-1.31676234361e-08
5.02531017248e-09	-1.20420793337e-08
5.02897558537e-09	-1.3272360988e-10
5.03264099827e-09	1.49757468648e-08
5.03630641117e-09	2.43914310971e-08
5.03997182407e-09	2.17224389587e-08
5.04363723696e-09	5.69563418651e-09
5.04730264986e-09	-1.94035081336e-08
5.05096806276e-09	-4.54597923749e-08
5.05463347565e-09	-6.35512975578e-08
5.05829888855e-09	-6.70932251978e-08
5.06196430145e-09	-5.40759614864e-08
5.06562971435e-09	-2.77325362674e-08
5.06929512724e-09	4.53628423713e-09
5.07296054014e-09	3.36559367042e-08
5.07662595304e-09	5.20024343587e-08
5.08029136593e-09	5.60114159498e-08
5.08395677883e-09	4.72231818094e-08
5.08762219173e-09	3.13295664967e-08
5.09128760463e-09	1.56298636256e-08
5.09495301752e-09	6.03610006422e-09
5.09861843042e-09	4.90433826883e-09
5.10228384332e-09	1.04712229998e-08
5.10594925621e-09	1.79295138736e-08
5.10961466911e-09	2.15388133995e-08
5.11328008201e-09	1.69127893912e-08
5.1169454949e-09	2.74751776885e-09
5.1206109078e-09	-1.85058617319e-08
5.1242763207e-09	-4.12454674859e-08
5.1279417336e-09	-5.84679611393e-08
5.13160714649e-09	-6.4173129033e-08
5.13527255939e-09	-5.55972832217e-08
5.13893797229e-09	-3.43690622628e-08
5.14260338518e-09	-6.06149352933e-09
5.14626879808e-09	2.17220090803e-08
5.14993421098e-09	4.1968561959e-08
5.15359962388e-09	5.0529671114e-08
5.15726503677e-09	4.72305003996e-08
5.16093044967e-09	3.55437919097e-08
5.16459586257e-09	2.10784687482e-08
5.16826127546e-09	9.4868033429e-09
5.17192668836e-09	4.49294024207e-09
5.17559210126e-09	6.64160992869e-09
5.17925751416e-09	1.31940174342e-08
5.18292292705e-09	1.92601490312e-08
5.18658833995e-09	1.98088123682e-08
5.19025375285e-09	1.18276286543e-08
5.19391916574e-09	-4.25420187966e-09
5.19758457864e-09	-2.45185560743e-08
5.20124999154e-09	-4.29254320977e-08
5.20491540443e-09	-5.35378070765e-08
5.20858081733e-09	-5.2702137765e-08
5.21224623023e-09	-4.03326012588e-08
5.21591164313e-09	-1.9878852342e-08
5.21957705602e-09	2.92798585377e-09
5.22324246892e-09	2.20583800115e-08
5.22690788182e-09	3.31805019016e-08
5.23057329471e-09	3.49891067231e-08
5.23423870761e-09	2.94341049312e-08
5.23790412051e-09	2.07631156712e-08
5.24156953341e-09	1.37360762764e-08
5.2452349463e-09	1.17010028333e-08
5.2489003592e-09	1.52737253956e-08
5.2525657721e-09	2.21456666338e-08
5.25623118499e-09	2.80821268461e-08
5.25989659789e-09	2.86793433446e-08
5.26356201079e-09	2.11821049589e-08
5.26722742369e-09	5.66922508938e-09
5.27089283658e-09	-1.48243799458e-08
5.27455824948e-09	-3.52488136457e-08
5.27822366238e-09	-5.01829049426e-08
5.28188907527e-09	-5.5597155324e-08
5.28555448817e-09	-5.01133570197e-08
5.28921990107e-09	-3.53590010604e-08
5.29288531396e-09	-1.53412269555e-08
5.29655072686e-09	4.9153778825e-09
5.30021613976e-09	2.09577137866e-08
5.30388155266e-09	3.01837523864e-08
5.30754696555e-09	3.24250102324e-08
5.31121237845e-09	2.96689535162e-08
5.31487779135e-09	2.50660612267e-08
5.31854320424e-09	2.15975255458e-08
5.32220861714e-09	2.08793444756e-08
5.32587403004e-09	2.25584084745e-08
5.32953944294e-09	2.45353071193e-08
5.33320485583e-09	2.39156445758e-08
5.33687026873e-09	1.83122654818e-08
5.34053568163e-09	6.96453694715e-09
5.34420109452e-09	-8.77004069366e-09
5.34786650742e-09	-2.57100687406e-08
5.35153192032e-09	-3.98018364933e-08
5.35519733322e-09	-4.73846313298e-08
5.35886274611e-09	-4.63469369549e-08
5.36252815901e-09	-3.68292241149e-08
5.36619357191e-09	-2.12426112256e-08
5.3698589848e-09	-3.54718454609e-09
5.3735243977e-09	1.20098064826e-08
5.3771898106e-09	2.22800764504e-08
5.38085522349e-09	2.61973713833e-08
5.38452063639e-09	2.49363765192e-08
5.38818604929e-09	2.11892476898e-08
5.39185146219e-09	1.79025629876e-08
5.39551687508e-09	1.70386567078e-08
5.39918228798e-09	1.88778930266e-08
5.40284770088e-09	2.20643823212e-08
5.40651311377e-09	2.42591831068e-08
5.41017852667e-09	2.30910046639e-08
5.41384393957e-09	1.70657195042e-08
5.41750935247e-09	6.17952622406e-09
5.42117476536e-09	-7.92557131035e-09
5.42484017826e-09	-2.23516352094e-08
5.42850559116e-09	-3.38124621635e-08
5.43217100405e-09	-3.96983281803e-08
5.43583641695e-09	-3.89240817356e-08
5.43950182985e-09	-3.21850315288e-08
5.44316724275e-09	-2.15229523093e-08
5.44683265564e-09	-9.46572509264e-09
5.45049806854e-09	1.81791159903e-09
5.45416348144e-09	1.09994591213e-08
5.45782889433e-09	1.76335355206e-08
5.46149430723e-09	2.19322000561e-08
5.46515972013e-09	2.44849722719e-08
5.46882513302e-09	2.60011354669e-08
5.47249054592e-09	2.70425264404e-08
5.47615595882e-09	2.77443845675e-08
5.47982137172e-09	2.76315237357e-08
5.48348678461e-09	2.57049723729e-08
5.48715219751e-09	2.08593231577e-08
5.49081761041e-09	1.2462898269e-08
5.4944830233e-09	8.13138223421e-10
5.4981484362e-09	-1.27595605193e-08
5.5018138491e-09	-2.61562682624e-08
5.505479262e-09	-3.69717056969e-08
5.50914467489e-09	-4.29917932365e-08
5.51281008779e-09	-4.26687876143e-08
5.51647550069e-09	-3.55624152348e-08
5.52014091358e-09	-2.26749516941e-08
5.52380632648e-09	-6.46809494853e-09
5.52747173938e-09	9.6529699789e-09
5.53113715227e-09	2.23426006585e-08
5.53480256517e-09	2.94439388426e-08
5.53846797807e-09	3.07111349684e-08
5.54213339097e-09	2.77357568024e-08
5.54579880386e-09	2.31201973122e-08
5.54946421676e-09	1.931343796e-08
5.55312962966e-09	1.76328889268e-08
5.55679504255e-09	1.78479524493e-08
5.56046045545e-09	1.83863750891e-08
5.56412586835e-09	1.70156635448e-08
5.56779128125e-09	1.17808216515e-08
5.57145669414e-09	1.92523597065e-09
5.57512210704e-09	-1.15072520401e-08
5.57878751994e-09	-2.56858321279e-08
5.58245293283e-09	-3.67851171745e-08
5.58611834573e-09	-4.13623659767e-08
5.58978375863e-09	-3.77606497182e-08
5.59344917153e-09	-2.68809934312e-08
5.59711458442e-09	-1.19013288113e-08
5.60077999732e-09	2.95555202534e-09
5.60444541022e-09	1.40159741591e-08
5.60811082311e-09	1.94141414056e-08
5.61177623601e-09	1.95414671111e-08
5.61544164891e-09	1.66140683433e-08
5.6191070618e-09	1.36433149223e-08
5.6227724747e-09	1.32097195404e-08
5.6264378876e-09	1.64256270807e-08
5.6301033005e-09	2.2417228962e-08
5.63376871339e-09	2.85264185607e-08
5.63743412629e-09	3.12543484426e-08
5.64109953919e-09	2.7684286863e-08
5.64476495208e-09	1.68219376206e-08
5.64843036498e-09	2.48717935136e-10
5.65209577788e-09	-1.82580439656e-08
5.65576119078e-09	-3.40226229412e-08
5.65942660367e-09	-4.31150013469e-08
5.66309201657e-09	-4.36424336669e-08
5.66675742947e-09	-3.6223184452e-08
5.67042284236e-09	-2.35538220039e-08
5.67408825526e-09	-9.34623312077e-09
5.67775366816e-09	2.92712254435e-09
5.68141908106e-09	1.10948281673e-08
5.68508449395e-09	1.48480570061e-08
5.68874990685e-09	1.56309951649e-08
5.69241531975e-09	1.58814472684e-08
5.69608073264e-09	1.78462826739e-08
5.69974614554e-09	2.24286029749e-08
5.70341155844e-09	2.86046706321e-08
5.70707697133e-09	3.37224257407e-08
5.71074238423e-09	3.46098758541e-08
5.71440779713e-09	2.90193664654e-08
5.71807321003e-09	1.67339173629e-08
5.72173862292e-09	-1.4493650724e-10
5.72540403582e-09	-1.7825634302e-08
5.72906944872e-09	-3.20928705833e-08
5.73273486161e-09	-3.96874888509e-08
5.73640027451e-09	-3.9311867539e-08
5.74006568741e-09	-3.19606492383e-08
5.74373110031e-09	-2.04809680326e-08
5.7473965132e-09	-8.52172998833e-09
5.7510619261e-09	7.75506436845e-10
5.754727339e-09	5.88484194708e-09
5.75839275189e-09	7.3429644587e-09
5.76205816479e-09	7.31294846901e-09
5.76572357769e-09	8.42864089634e-09
5.76938899059e-09	1.24249153188e-08
5.77305440348e-09	1.920677839e-08
5.77671981638e-09	2.68123070413e-08
5.78038522928e-09	3.22723039403e-08
5.78405064217e-09	3.29391696141e-08
5.78771605507e-09	2.76563589807e-08
5.79138146797e-09	1.72556759992e-08
5.79504688086e-09	4.22399359934e-09
5.79871229376e-09	-8.2508364585e-09
5.80237770666e-09	-1.74369638728e-08
5.80604311956e-09	-2.19698215176e-08
5.80970853245e-09	-2.21973657233e-08
5.81337394535e-09	-1.98519352068e-08
5.81703935825e-09	-1.71673786298e-08
