% time-domain current integration by openEMS v0.0.36-93-g7b9cd51 @Thu Sep 24 16:38:46 2026
% start-coordinates: (0.00695,-0.0023,0.000528899) m -> [9,1,6]
% stop-coordinates: (0.007,0.0006,0.000528899) m -> [10,4,6]
% t/s	current
2.90905785483e-14	0
3.69450347563e-12	-1.86393189772e-09
7.35991637271e-12	-3.3000473465e-09
1.10253292698e-11	-9.86621451204e-10
1.46907421669e-11	9.42575351104e-09
1.8356155064e-11	3.75357096516e-08
2.2021567961e-11	9.47915808069e-08
2.56869808581e-11	1.89877184198e-07
2.93523937552e-11	3.16499239261e-07
3.30178066523e-11	4.34330218013e-07
3.66832195494e-11	4.52396250239e-07
4.03486324464e-11	2.24841102181e-07
4.40140453435e-11	-4.23427536589e-07
4.76794582406e-11	-1.62850915331e-06
5.13448711377e-11	-3.38548761647e-06
5.50102840348e-11	-5.4468118833e-06
5.86756969319e-11	-7.27968472347e-06
6.23411098289e-11	-8.13937913335e-06
6.6006522726e-11	-7.2767184065e-06
6.96719356231e-11	-4.23157825935e-06
7.33373485202e-11	8.98880557543e-07
7.70027614173e-11	7.35067987989e-06
8.06681743143e-11	1.38266004797e-05
8.43335872114e-11	1.88530066225e-05
8.79990001085e-11	2.12331287912e-05
9.16644130056e-11	2.04146126634e-05
9.53298259027e-11	1.66262907442e-05
9.89952387998e-11	1.07490368464e-05
1.02660651697e-10	4.00153976443e-06
1.06326064594e-10	-2.41215116148e-06
1.09991477491e-10	-7.56013560022e-06
1.13656890388e-10	-1.08910835479e-05
1.17322303285e-10	-1.22212104543e-05
1.20987716182e-10	-1.16680976134e-05
1.24653129079e-10	-9.58559758146e-06
1.28318541976e-10	-6.51058871881e-06
1.31983954873e-10	-3.09493952955e-06
1.35649367771e-10	6.68978827889e-09
1.39314780668e-10	2.28568433158e-06
1.42980193565e-10	3.51427183887e-06
1.46645606462e-10	3.79969401365e-06
1.50311019359e-10	3.51538255927e-06
1.53976432256e-10	3.12569022753e-06
1.57641845153e-10	2.9776692827e-06
1.6130725805e-10	3.15367174153e-06
1.64972670947e-10	3.45357238984e-06
1.68638083844e-10	3.51052062797e-06
1.72303496741e-10	2.97920223602e-06
1.75968909638e-10	1.71047190634e-06
1.79634322536e-10	-1.69907536929e-07
1.83299735433e-10	-2.29965871767e-06
1.8696514833e-10	-4.20560172643e-06
1.90630561227e-10	-5.45880902791e-06
1.94295974124e-10	-5.79921879762e-06
1.97961387021e-10	-5.19409331901e-06
2.01626799918e-10	-3.82585631087e-06
2.05292212815e-10	-2.02124601856e-06
2.08957625712e-10	-1.49004563355e-07
2.12623038609e-10	1.47966761688e-06
2.16288451506e-10	2.67777522822e-06
2.19953864403e-10	3.39534972227e-06
2.23619277301e-10	3.67852771888e-06
2.27284690198e-10	3.60090393769e-06
2.30950103095e-10	3.20768367601e-06
2.34615515992e-10	2.50587163464e-06
2.38280928889e-10	1.50634582496e-06
2.41946341786e-10	2.88592389097e-07
2.45611754683e-10	-9.60104671321e-07
2.4927716758e-10	-1.96879227587e-06
2.52942580477e-10	-2.47409889198e-06
2.56607993374e-10	-2.33913169723e-06
2.60273406271e-10	-1.63505410455e-06
2.63938819168e-10	-6.35192350273e-07
2.67604232066e-10	2.87177414293e-07
2.71269644963e-10	8.15052544567e-07
2.7493505786e-10	8.19968136057e-07
2.78600470757e-10	4.04391840902e-07
2.82265883654e-10	-1.66108350186e-07
2.85931296551e-10	-6.04857348208e-07
2.89596709448e-10	-7.43615942156e-07
2.93262122345e-10	-5.97059454321e-07
2.96927535242e-10	-3.23403583025e-07
3.00592948139e-10	-1.10343684412e-07
3.04258361036e-10	-5.61947643973e-08
3.07923773933e-10	-1.14652351613e-07
3.11589186831e-10	-1.33353807996e-07
3.15254599728e-10	3.94251031821e-08
3.18920012625e-10	4.45408232963e-07
3.22585425522e-10	9.68624476627e-07
3.26250838419e-10	1.38067787248e-06
3.29916251316e-10	1.4568458937e-06
3.33581664213e-10	1.09873542442e-06
3.3724707711e-10	3.96435581251e-07
3.40912490007e-10	-4.05738660447e-07
3.44577902904e-10	-1.02358592358e-06
3.48243315801e-10	-1.26606846607e-06
3.51908728698e-10	-1.11780173029e-06
3.55574141595e-10	-7.29542591671e-07
3.59239554493e-10	-3.25974383486e-07
3.6290496739e-10	-8.59912816509e-08
3.66570380287e-10	-6.0730663165e-08
3.70235793184e-10	-1.69520006921e-07
3.73901206081e-10	-2.68132140491e-07
3.77566618978e-10	-2.43525249743e-07
3.81232031875e-10	-7.91327323668e-08
3.84897444772e-10	1.42343395737e-07
3.88562857669e-10	2.94051460514e-07
3.92228270566e-10	2.83044840899e-07
3.95893683463e-10	1.06164876001e-07
3.9955909636e-10	-1.45403134866e-07
4.03224509258e-10	-3.32305944539e-07
4.06889922155e-10	-3.38825941526e-07
4.10555335052e-10	-1.33209297815e-07
4.14220747949e-10	2.1409809392e-07
4.17886160846e-10	5.62223021916e-07
4.21551573743e-10	7.6641947544e-07
4.2521698664e-10	7.45822660519e-07
4.28882399537e-10	5.18261799698e-07
4.32547812434e-10	1.86165323157e-07
4.36213225331e-10	-1.18091996626e-07
4.39878638228e-10	-2.96447296932e-07
4.43544051125e-10	-3.2483853829e-07
4.47209464023e-10	-2.51027103104e-07
4.5087487692e-10	-1.55568557147e-07
4.54540289817e-10	-1.01132236807e-07
4.58205702714e-10	-9.90480231167e-08
4.61871115611e-10	-1.07750267375e-07
4.65536528508e-10	-6.09040142763e-08
4.69201941405e-10	9.23856902091e-08
4.72867354302e-10	3.56434981086e-07
4.76532767199e-10	6.80998368807e-07
4.80198180096e-10	9.80268737294e-07
4.83863592993e-10	1.16944829642e-06
4.8752900589e-10	1.2024145235e-06
4.91194418788e-10	1.09318477826e-06
4.94859831685e-10	9.08891138351e-07
4.98525244582e-10	7.36488232178e-07
5.02190657479e-10	6.39502957256e-07
5.05856070376e-10	6.26573466889e-07
5.09521483273e-10	6.49271441944e-07
5.1318689617e-10	6.30384022315e-07
5.16852309067e-10	5.07043012021e-07
5.20517721964e-10	2.65307733116e-07
5.24183134861e-10	-5.22938137237e-08
5.27848547758e-10	-3.68787084426e-07
5.31513960655e-10	-6.11229779679e-07
5.35179373552e-10	-7.4458483823e-07
5.3884478645e-10	-7.83870859777e-07
5.42510199347e-10	-7.79636764037e-07
5.46175612244e-10	-7.85825932326e-07
5.49841025141e-10	-8.27654844215e-07
5.53506438038e-10	-8.8618872951e-07
5.57171850935e-10	-9.08120114218e-07
5.60837263832e-10	-8.36146341499e-07
5.64502676729e-10	-6.43086423224e-07
5.68168089626e-10	-3.51702738044e-07
5.71833502523e-10	-2.88947532567e-08
5.7549891542e-10	2.44176931119e-07
5.79164328317e-10	4.09343613228e-07
5.82829741215e-10	4.56858543885e-07
5.86495154112e-10	4.26073370363e-07
5.90160567009e-10	3.81001768801e-07
5.93825979906e-10	3.75162159116e-07
5.97491392803e-10	4.2438406922e-07
6.011568057e-10	5.01177339629e-07
6.04822218597e-10	5.53139670956e-07
6.08487631494e-10	5.33856962193e-07
6.12153044391e-10	4.29735194984e-07
6.15818457288e-10	2.68724392072e-07
6.19483870185e-10	1.05734606848e-07
6.23149283082e-10	-6.26979979046e-09
6.2681469598e-10	-4.37628635552e-08
6.30480108877e-10	-2.38507453787e-08
6.34145521774e-10	7.16286674418e-09
6.37810934671e-10	6.39055031115e-10
6.41476347568e-10	-6.73810163221e-08
6.45141760465e-10	-1.83702695722e-07
6.48807173362e-10	-3.06285841134e-07
6.52472586259e-10	-3.87318266348e-07
6.56137999156e-10	-3.97955602693e-07
6.59803412053e-10	-3.41794702763e-07
6.6346882495e-10	-2.50863166684e-07
6.67134237847e-10	-1.6790507118e-07
6.70799650745e-10	-1.24657063338e-07
6.74465063642e-10	-1.26995530536e-07
6.78130476539e-10	-1.53680517201e-07
6.81795889436e-10	-1.68851855165e-07
6.85461302333e-10	-1.41727497294e-07
6.8912671523e-10	-6.33696330965e-08
6.92792128127e-10	4.80318220752e-08
6.96457541024e-10	1.56675653784e-07
7.00122953921e-10	2.2845583203e-07
7.03788366818e-10	2.49006461672e-07
7.07453779715e-10	2.30522473998e-07
7.11119192612e-10	2.03311344649e-07
7.14784605509e-10	1.96960186827e-07
7.18450018407e-10	2.22734470867e-07
7.22115431304e-10	2.66793847459e-07
7.25780844201e-10	2.97947565286e-07
7.29446257098e-10	2.84864711375e-07
7.33111669995e-10	2.12377784692e-07
7.36777082892e-10	8.9203375353e-08
7.40442495789e-10	-5.62288668959e-08
7.44107908686e-10	-1.88818518154e-07
7.47773321583e-10	-2.8135079333e-07
7.5143873448e-10	-3.2464532751e-07
7.55104147377e-10	-3.2916074133e-07
7.58769560274e-10	-3.17347200962e-07
7.62434973172e-10	-3.10873076614e-07
7.66100386069e-10	-3.18246748066e-07
7.69765798966e-10	-3.29454820758e-07
7.73431211863e-10	-3.21096308653e-07
7.7709662476e-10	-2.69575281209e-07
7.80762037657e-10	-1.65877779068e-07
7.84427450554e-10	-2.32001298173e-08
7.88092863451e-10	1.27476525336e-07
7.91758276348e-10	2.51350684266e-07
7.95423689245e-10	3.25597142137e-07
7.99089102142e-10	3.48152383367e-07
8.02754515039e-10	3.35045911015e-07
8.06419927937e-10	3.09082821559e-07
8.10085340834e-10	2.86844255015e-07
8.13750753731e-10	2.71170023325e-07
8.17416166628e-10	2.51998301337e-07
8.21081579525e-10	2.13951906858e-07
8.24746992422e-10	1.46103047882e-07
8.28412405319e-10	4.88692535328e-08
8.32077818216e-10	-6.44479882794e-08
8.35743231113e-10	-1.72061405124e-07
8.3940864401e-10	-2.52122362099e-07
8.43074056907e-10	-2.91411311082e-07
8.46739469804e-10	-2.90336174658e-07
8.50404882702e-10	-2.61353619635e-07
8.54070295599e-10	-2.21353872121e-07
8.57735708496e-10	-1.82193758747e-07
8.61401121393e-10	-1.446530149e-07
8.6506653429e-10	-9.99759350861e-08
8.68731947187e-10	-3.78458722139e-08
8.72397360084e-10	4.45498073987e-08
8.76062772981e-10	1.37768907393e-07
8.79728185878e-10	2.2317030357e-07
8.83393598775e-10	2.816043434e-07
8.87059011672e-10	3.0232635595e-07
8.90724424569e-10	2.87303237201e-07
8.94389837467e-10	2.48655680934e-07
8.98055250364e-10	2.01564205327e-07
9.01720663261e-10	1.56926276418e-07
9.05386076158e-10	1.17108953646e-07
9.09051489055e-10	7.69298580394e-08
9.12716901952e-10	2.85219989848e-08
9.16382314849e-10	-3.26912150683e-08
9.20047727746e-10	-1.03385332295e-07
9.23713140643e-10	-1.71993974618e-07
9.2737855354e-10	-2.22829086738e-07
9.31043966437e-10	-2.42885448642e-07
9.34709379334e-10	-2.28294112503e-07
9.38374792231e-10	-1.8674946034e-07
9.42040205129e-10	-1.34402853291e-07
9.45705618026e-10	-8.85141346885e-08
9.49371030923e-10	-5.95073643694e-08
9.5303644382e-10	-4.69050434049e-08
9.56701856717e-10	-4.10739176004e-08
9.60367269614e-10	-2.98216562555e-08
9.64032682511e-10	-6.16031492484e-09
9.67698095408e-10	2.74560463254e-08
9.71363508305e-10	6.03889631634e-08
9.75028921202e-10	7.97665222763e-08
9.78694334099e-10	7.76467175001e-08
9.82359746996e-10	5.54692860533e-08
9.86025159894e-10	2.35524879599e-08
9.89690572791e-10	-3.92689702977e-09
9.93355985688e-10	-1.53965231675e-08
9.97021398585e-10	-6.67080835015e-09
1.00068681148e-09	1.78957577646e-08
1.00435222438e-09	4.82937814184e-08
1.00801763728e-09	7.37685681429e-08
1.01168305017e-09	8.74366605785e-08
1.01534846307e-09	8.88856490633e-08
1.01901387597e-09	8.33288353874e-08
1.02267928886e-09	7.81310944831e-08
1.02634470176e-09	7.81608164857e-08
1.03001011466e-09	8.23360366553e-08
1.03367552756e-09	8.36427958006e-08
1.03734094045e-09	7.25310940197e-08
1.04100635335e-09	4.23564188168e-08
1.04467176625e-09	-6.18639717231e-09
1.04833717914e-09	-6.46815507821e-08
1.05200259204e-09	-1.20582214436e-07
1.05566800494e-09	-1.62881320875e-07
1.05933341784e-09	-1.86716789585e-07
1.06299883073e-09	-1.93982529595e-07
1.06666424363e-09	-1.90457768667e-07
1.07032965653e-09	-1.81421199841e-07
1.07399506942e-09	-1.68436386616e-07
1.07766048232e-09	-1.48990537241e-07
1.08132589522e-09	-1.18443196584e-07
1.08499130811e-09	-7.31777589635e-08
1.08865672101e-09	-1.32152084831e-08
1.09232213391e-09	5.67420634923e-08
1.09598754681e-09	1.27864097976e-07
1.0996529597e-09	1.89451355936e-07
1.1033183726e-09	2.32202424399e-07
1.1069837855e-09	2.51110265026e-07
1.11064919839e-09	2.46821116434e-07
1.11431461129e-09	2.24417533445e-07
1.11798002419e-09	1.90304803027e-07
1.12164543709e-09	1.48885121121e-07
1.12531084998e-09	1.01088772908e-07
1.12897626288e-09	4.57849367308e-08
1.13264167578e-09	-1.73280980675e-08
1.13630708867e-09	-8.5161957486e-08
1.13997250157e-09	-1.5082856919e-07
1.14363791447e-09	-2.0576942461e-07
1.14730332737e-09	-2.42739218947e-07
1.15096874026e-09	-2.579881766e-07
1.15463415316e-09	-2.51650220662e-07
1.15829956606e-09	-2.26450424634e-07
1.16196497895e-09	-1.86142969483e-07
1.16563039185e-09	-1.34400181651e-07
1.16929580475e-09	-7.46710213662e-08
1.17296121764e-09	-1.07057243071e-08
1.17662663054e-09	5.31388657521e-08
1.18029204344e-09	1.11701666583e-07
1.18395745634e-09	1.59413019674e-07
1.18762286923e-09	1.91320438603e-07
1.19128828213e-09	2.04256764391e-07
1.19495369503e-09	1.97999881379e-07
1.19861910792e-09	1.75667850044e-07
1.20228452082e-09	1.42768470823e-07
1.20594993372e-09	1.05206360956e-07
1.20961534662e-09	6.69296085221e-08
1.21328075951e-09	2.87896018136e-08
1.21694617241e-09	-1.06608784023e-08
1.22061158531e-09	-5.28063459626e-08
1.2242769982e-09	-9.61215533835e-08
1.2279424111e-09	-1.3507420249e-07
1.231607824e-09	-1.61514464025e-07
1.2352732369e-09	-1.67960195085e-07
1.23893864979e-09	-1.51294685224e-07
1.24260406269e-09	-1.14695893672e-07
1.24626947559e-09	-6.68211654897e-08
1.24993488848e-09	-1.87159585607e-08
1.25360030138e-09	2.0219090402e-08
1.25726571428e-09	4.52241515347e-08
1.26093112717e-09	5.71168037311e-08
1.26459654007e-09	6.09405717e-08
1.26826195297e-09	6.29120435747e-08
1.27192736587e-09	6.72492461717e-08
1.27559277876e-09	7.3930927158e-08
1.27925819166e-09	7.85184681718e-08
1.28292360456e-09	7.4274694839e-08
1.28658901745e-09	5.56561339238e-08
1.29025443035e-09	2.17342357445e-08
1.29391984325e-09	-2.22639577885e-08
1.29758525615e-09	-6.61864021367e-08
1.30125066904e-09	-9.85292416544e-08
1.30491608194e-09	-1.10889487814e-07
1.30858149484e-09	-1.01023147181e-07
1.31224690773e-09	-7.32556628691e-08
1.31591232063e-09	-3.63672008064e-08
1.31957773353e-09	1.07456266107e-10
1.32324314643e-09	2.9100775123e-08
1.32690855932e-09	4.7673776038e-08
1.33057397222e-09	5.6823029837e-08
1.33423938512e-09	5.98467408963e-08
1.33790479801e-09	6.03668794952e-08
1.34157021091e-09	6.05490626526e-08
1.34523562381e-09	6.01460428129e-08
1.3489010367e-09	5.6654204883e-08
1.3525664496e-09	4.62803946277e-08
1.3562318625e-09	2.57569396922e-08
1.3598972754e-09	-5.70841596215e-09
1.36356268829e-09	-4.54045867571e-08
1.36722810119e-09	-8.71852279261e-08
1.37089351409e-09	-1.23039328059e-07
1.37455892698e-09	-1.45438406207e-07
1.37822433988e-09	-1.49352629819e-07
1.38188975278e-09	-1.33475197117e-07
1.38555516568e-09	-1.0026978714e-07
1.38922057857e-09	-5.52356027583e-08
1.39288599147e-09	-5.73402747506e-09
1.39655140437e-09	4.05928659575e-08
1.40021681726e-09	7.7524262565e-08
1.40388223016e-09	1.01876324266e-07
1.40754764306e-09	1.14367374238e-07
1.41121305596e-09	1.18853364484e-07
1.41487846885e-09	1.20157395145e-07
1.41854388175e-09	1.21222768712e-07
1.42220929465e-09	1.21133084008e-07
1.42587470754e-09	1.15220267105e-07
1.42954012044e-09	9.72520837195e-08
1.43320553334e-09	6.27626093319e-08
1.43687094623e-09	1.17502843011e-08
1.44053635913e-09	-5.03154105047e-08
1.44420177203e-09	-1.13485427278e-07
1.44786718493e-09	-1.66021379755e-07
1.45153259782e-09	-1.97713063699e-07
1.45519801072e-09	-2.02913852831e-07
1.45886342362e-09	-1.82447294605e-07
1.46252883651e-09	-1.43350447956e-07
1.46619424941e-09	-9.64572137718e-08
1.46985966231e-09	-5.23553858045e-08
1.47352507521e-09	-1.73660836822e-08
1.4771904881e-09	8.38947933346e-09
1.480855901e-09	3.00714653179e-08
1.4845213139e-09	5.45090159676e-08
1.48818672679e-09	8.58625242017e-08
1.49185213969e-09	1.22848504702e-07
1.49551755259e-09	1.58512492021e-07
1.49918296548e-09	1.82666894943e-07
1.50284837838e-09	1.85768371352e-07
1.50651379128e-09	1.62444550256e-07
1.51017920418e-09	1.13760549425e-07
1.51384461707e-09	4.74093937441e-08
1.51751002997e-09	-2.42000428585e-08
1.52117544287e-09	-8.73580816574e-08
1.52484085576e-09	-1.31153612415e-07
1.52850626866e-09	-1.50618959083e-07
1.53217168156e-09	-1.47820756524e-07
1.53583709446e-09	-1.30333503989e-07
1.53950250735e-09	-1.07633248092e-07
1.54316792025e-09	-8.71988135032e-08
1.54683333315e-09	-7.19097741353e-08
1.55049874604e-09	-5.9676182218e-08
1.55416415894e-09	-4.53009363355e-08
1.55782957184e-09	-2.34080950179e-08
1.56149498474e-09	8.70867911118e-09
1.56516039763e-09	4.93394551881e-08
1.56882581053e-09	9.22390483993e-08
1.57249122343e-09	1.28031032887e-07
1.57615663632e-09	1.47015839502e-07
1.57982204922e-09	1.42398420167e-07
1.58348746212e-09	1.12963270738e-07
1.58715287501e-09	6.42080095759e-08
1.59081828791e-09	7.07780589693e-09
1.59448370081e-09	-4.53135555745e-08
1.59814911371e-09	-8.18467853492e-08
1.6018145266e-09	-9.69487814473e-08
1.6054799395e-09	-9.20164779927e-08
1.6091453524e-09	-7.43104635603e-08
1.61281076529e-09	-5.37630810982e-08
1.61647617819e-09	-3.8959228732e-08
1.62014159109e-09	-3.39454473419e-08
1.62380700399e-09	-3.67751020747e-08
1.62747241688e-09	-4.05401294756e-08
1.63113782978e-09	-3.64501957506e-08
1.63480324268e-09	-1.77465580009e-08
1.63846865557e-09	1.67659397476e-08
1.64213406847e-09	6.1210585045e-08
1.64579948137e-09	1.03955386521e-07
1.64946489427e-09	1.3138763677e-07
1.65313030716e-09	1.32998138724e-07
1.65679572006e-09	1.05621126067e-07
1.66046113296e-09	5.50469323457e-08
1.66412654585e-09	-5.69284974716e-09
1.66779195875e-09	-6.09454744449e-08
1.67145737165e-09	-9.78662271223e-08
1.67512278454e-09	-1.10662810471e-07
1.67878819744e-09	-1.02047891914e-07
1.68245361034e-09	-8.13158607116e-08
1.68611902324e-09	-6.01535674605e-08
1.68978443613e-09	-4.77394799248e-08
1.69344984903e-09	-4.70060861346e-08
1.69711526193e-09	-5.35759703268e-08
1.70078067482e-09	-5.767921607e-08
1.70444608772e-09	-4.84758473362e-08
1.70811150062e-09	-1.91374454062e-08
1.71177691352e-09	2.94663156097e-08
1.71544232641e-09	8.79502692896e-08
1.71910773931e-09	1.41171270229e-07
1.72277315221e-09	1.73482277432e-07
1.7264385651e-09	1.74389157337e-07
1.730103978e-09	1.42440583772e-07
1.7337693909e-09	8.57091322359e-08
1.7374348038e-09	1.8873848262e-08
1.74110021669e-09	-4.19084749126e-08
1.74476562959e-09	-8.43346015245e-08
1.74843104249e-09	-1.0354585811e-07
1.75209645538e-09	-1.02934095025e-07
1.75576186828e-09	-9.18995581856e-08
1.75942728118e-09	-8.14788165826e-08
1.76309269407e-09	-7.96330255071e-08
1.76675810697e-09	-8.77364527696e-08
1.77042351987e-09	-9.98952032205e-08
1.77408893277e-09	-1.05461182898e-07
1.77775434566e-09	-9.36381283623e-08
1.78141975856e-09	-5.85458295177e-08
1.78508517146e-09	-2.4365052198e-09
1.78875058435e-09	6.42824957708e-08
1.79241599725e-09	1.26200433215e-07
1.79608141015e-09	1.68099305142e-07
1.79974682305e-09	1.80052410315e-07
1.80341223594e-09	1.60610298394e-07
1.80707764884e-09	1.17080787732e-07
1.81074306174e-09	6.27147400678e-08
1.81440847463e-09	1.20617169586e-08
1.81807388753e-09	-2.39675905789e-08
1.82173930043e-09	-4.16386640723e-08
1.82540471333e-09	-4.50281802955e-08
1.82907012622e-09	-4.36585203545e-08
1.83273553912e-09	-4.79096442518e-08
1.83640095202e-09	-6.4076829176e-08
1.84006636491e-09	-9.12083635285e-08
1.84373177781e-09	-1.21035625966e-07
1.84739719071e-09	-1.41131977216e-07
1.8510626036e-09	-1.39952248901e-07
1.8547280165e-09	-1.1163859881e-07
1.8583934294e-09	-5.879185494e-08
1.8620588423e-09	7.94938159743e-09
1.86572425519e-09	7.32336715714e-08
1.86938966809e-09	1.21966635902e-07
1.87305508099e-09	1.44235940525e-07
1.87672049388e-09	1.38298617003e-07
1.88038590678e-09	1.10716513291e-07
1.88405131968e-09	7.34691383286e-08
1.88771673258e-09	3.91514234366e-08
1.89138214547e-09	1.62483235755e-08
1.89504755837e-09	6.21791862443e-09
1.89871297127e-09	3.66688990283e-09
1.90237838416e-09	-4.87461626619e-10
1.90604379706e-09	-1.44530085677e-08
1.90970920996e-09	-4.13944292177e-08
1.91337462286e-09	-7.74854527208e-08
1.91704003575e-09	-1.1300430458e-07
1.92070544865e-09	-1.35825430903e-07
1.92437086155e-09	-1.36078412538e-07
1.92803627444e-09	-1.10043288259e-07
1.93170168734e-09	-6.18719582235e-08
1.93536710024e-09	-2.52530085731e-09
1.93903251313e-09	5.38230935376e-08
1.94269792603e-09	9.4441396925e-08
1.94636333893e-09	1.12094781457e-07
1.95002875183e-09	1.07046425057e-07
1.95369416472e-09	8.61595239599e-08
1.95735957762e-09	5.96730131974e-08
1.96102499052e-09	3.69786476995e-08
1.96469040341e-09	2.30594778827e-08
1.96835581631e-09	1.70889684625e-08
1.97202122921e-09	1.3508618224e-08
1.97568664211e-09	5.12853892687e-09
1.979352055e-09	-1.31974324802e-08
1.9830174679e-09	-4.18839505301e-08
1.9866828808e-09	-7.58713767368e-08
1.99034829369e-09	-1.06241238029e-07
1.99401370659e-09	-1.23426190157e-07
1.99767911949e-09	-1.20700548223e-07
2.00134453239e-09	-9.67407771668e-08
2.00500994528e-09	-5.62157147499e-08
2.00867535818e-09	-8.26017831912e-09
2.01234077108e-09	3.65282275538e-08
2.01600618397e-09	6.9540604386e-08
2.01967159687e-09	8.66535856403e-08
2.02333700977e-09	8.90054181468e-08
2.02700242266e-09	8.17384844254e-08
2.03066783556e-09	7.12722254548e-08
2.03433324846e-09	6.24398381888e-08
2.03799866136e-09	5.6527294845e-08
2.04166407425e-09	5.1074003693e-08
2.04532948715e-09	4.14493293022e-08
2.04899490005e-09	2.3308325936e-08
2.05266031294e-09	-5.06176922599e-09
2.05632572584e-09	-4.14491303502e-08
2.05999113874e-09	-7.99807935437e-08
2.06365655164e-09	-1.12709948041e-07
2.06732196453e-09	-1.32072770498e-07
2.07098737743e-09	-1.33267818114e-07
2.07465279033e-09	-1.15803899803e-07
2.07831820322e-09	-8.36781879343e-08
2.08198361612e-09	-4.39336602653e-08
2.08564902902e-09	-4.29379465317e-09
2.08931444192e-09	2.92651609612e-08
2.09297985481e-09	5.40431805973e-08
2.09664526771e-09	7.05859477534e-08
2.10031068061e-09	8.13706364511e-08
2.1039760935e-09	8.89129267989e-08
2.1076415064e-09	9.41658058196e-08
2.1113069193e-09	9.59616954788e-08
2.11497233219e-09	9.14803877095e-08
2.11863774509e-09	7.75809638753e-08
2.12230315799e-09	5.24565599846e-08
2.12596857089e-09	1.69085776491e-08
2.12963398378e-09	-2.50861127427e-08
2.13329939668e-09	-6.69812507681e-08
2.13696480958e-09	-1.01352803483e-07
2.14063022247e-09	-1.22091151411e-07
2.14429563537e-09	-1.26306360926e-07
2.14796104827e-09	-1.15076879581e-07
2.15162646117e-09	-9.27350214397e-08
2.15529187406e-09	-6.50493205967e-08
2.15895728696e-09	-3.71077284456e-08
2.16262269986e-09	-1.19124168307e-08
2.16628811275e-09	9.96761162497e-09
2.16995352565e-09	2.96956965684e-08
2.17361893855e-09	4.87741367294e-08
2.17728435145e-09	6.77368774404e-08
2.18094976434e-09	8.5274685091e-08
2.18461517724e-09	9.81827241731e-08
2.18828059014e-09	1.02292588622e-07
2.19194600303e-09	9.40715807474e-08
2.19561141593e-09	7.23499340438e-08
2.19927682883e-09	3.93588592829e-08
2.20294224172e-09	4.86804818678e-10
2.20660765462e-09	-3.72233763812e-08
2.21027306752e-09	-6.73408635521e-08
2.21393848042e-09	-8.59680255871e-08
2.21760389331e-09	-9.25611089997e-08
2.22126930621e-09	-8.95152467706e-08
2.22493471911e-09	-8.06648756679e-08
2.228600132e-09	-6.95657575989e-08
2.2322655449e-09	-5.81727199744e-08
2.2359309578e-09	-4.62780747057e-08
2.2395963707e-09	-3.19674313687e-08
2.24326178359e-09	-1.28645112341e-08
2.24692719649e-09	1.22337873165e-08
2.25059260939e-09	4.19830072929e-08
2.25425802228e-09	7.21317334751e-08
2.25792343518e-09	9.64354143207e-08
2.26158884808e-09	1.08668658072e-07
2.26525426098e-09	1.04913340238e-07
2.26891967387e-09	8.50393888641e-08
2.27258508677e-09	5.28802353017e-08
2.27625049967e-09	1.49770187363e-08
2.27991591256e-09	-2.14636219908e-08
2.28358132546e-09	-5.06009243395e-08
2.28724673836e-09	-6.93925699125e-08
2.29091215125e-09	-7.79648203775e-08
2.29457756415e-09	-7.89734926343e-08
2.29824297705e-09	-7.61416529826e-08
2.30190838995e-09	-7.24053563772e-08
2.30557380284e-09	-6.85111416487e-08
2.30923921574e-09	-6.26404457194e-08
2.31290462864e-09	-5.13300264515e-08
2.31657004153e-09	-3.14602033313e-08
2.32023545443e-09	-2.2591808424e-09
2.32390086733e-09	3.35431913356e-08
2.32756628023e-09	6.99951883121e-08
2.33123169312e-09	9.95495526013e-08
2.33489710602e-09	1.15315273774e-07
2.33856251892e-09	1.13220835374e-07
2.34222793181e-09	9.3333611062e-08
2.34589334471e-09	5.99769691689e-08
2.34955875761e-09	2.06095585042e-08
2.35322417051e-09	-1.6395317104e-08
2.3568895834e-09	-4.435771217e-08
2.3605549963e-09	-6.03227405804e-08
2.3642204092e-09	-6.57273062643e-08
2.36788582209e-09	-6.522877527e-08
2.37155123499e-09	-6.42387760763e-08
2.37521664789e-09	-6.62561063791e-08
2.37888206078e-09	-7.11862639946e-08
2.38254747368e-09	-7.53919948693e-08
2.38621288658e-09	-7.32724529939e-08
2.38987829948e-09	-5.97426463855e-08
2.39354371237e-09	-3.26228146719e-08
2.39720912527e-09	5.93604676524e-09
2.40087453817e-09	4.94181904287e-08
2.40453995106e-09	8.85181776766e-08
2.40820536396e-09	1.13981251104e-07
2.41187077686e-09	1.19727772585e-07
2.41553618976e-09	1.05141481299e-07
2.41920160265e-09	7.53619175953e-08
2.42286701555e-09	3.93446519809e-08
2.42653242845e-09	6.4669110067e-09
2.43019784134e-09	-1.69309259945e-08
2.43386325424e-09	-2.94680209123e-08
2.43752866714e-09	-3.4507497304e-08
2.44119408004e-09	-3.80764468844e-08
2.44485949293e-09	-4.58313422769e-08
2.44852490583e-09	-6.03750507366e-08
2.45219031873e-09	-7.98201895691e-08
2.45585573162e-09	-9.80512311344e-08
2.45952114452e-09	-1.06782820808e-07
2.46318655742e-09	-9.87355406323e-08
2.46685197031e-09	-7.08710317099e-08
2.47051738321e-09	-2.63285393487e-08
2.47418279611e-09	2.59791121948e-08
2.47784820901e-09	7.40909769092e-08
2.4815136219e-09	1.07094130897e-07
2.4851790348e-09	1.18785585812e-07
2.4888444477e-09	1.09408560434e-07
2.49250986059e-09	8.4946861989e-08
2.49617527349e-09	5.44296057114e-08
2.49984068639e-09	2.65199986416e-08
2.50350609929e-09	6.66816646344e-09
2.50717151218e-09	-4.35356728445e-09
2.51083692508e-09	-1.01067314517e-08
2.51450233798e-09	-1.65637832339e-08
2.51816775087e-09	-2.91914439288e-08
2.52183316377e-09	-5.00548154037e-08
2.52549857667e-09	-7.62675327337e-08
2.52916398956e-09	-1.00508636081e-07
2.53282940246e-09	-1.13676293267e-07
2.53649481536e-09	-1.08614791827e-07
2.54016022826e-09	-8.32015061292e-08
2.54382564115e-09	-4.15059595582e-08
2.54749105405e-09	7.45562012128e-09
2.55115646695e-09	5.27068984013e-08
2.55482187984e-09	8.47466807841e-08
2.55848729274e-09	9.82890071555e-08
2.56215270564e-09	9.34606987357e-08
2.56581811854e-09	7.53000151121e-08
2.56948353143e-09	5.18010345729e-08
2.57314894433e-09	3.09324796888e-08
2.57681435723e-09	1.77347985186e-08
2.58047977012e-09	1.252724946e-08
2.58414518302e-09	1.10416298327e-08
2.58781059592e-09	6.67156951906e-09
2.59147600882e-09	-6.17688922233e-09
2.59514142171e-09	-2.91575990019e-08
2.59880683461e-09	-5.88198574292e-08
2.60247224751e-09	-8.77011956391e-08
2.6061376604e-09	-1.07049864084e-07
2.6098030733e-09	-1.0999124811e-07
2.6134684862e-09	-9.39028623748e-08
2.61713389909e-09	-6.12938038103e-08
2.62079931199e-09	-1.9149297259e-08
2.62446472489e-09	2.31363674885e-08
2.62813013779e-09	5.65891262738e-08
2.63179555068e-09	7.54050688556e-08
2.63546096358e-09	7.87181377859e-08
2.63912637648e-09	7.04947709096e-08
2.64279178937e-09	5.74956899868e-08
2.64645720227e-09	4.61362219539e-08
2.65012261517e-09	3.96712067641e-08
2.65378802807e-09	3.7060608804e-08
2.65745344096e-09	3.39183188203e-08
2.66111885386e-09	2.49476563852e-08
2.66478426676e-09	6.64822596974e-09
2.66844967965e-09	-2.09445492061e-08
2.67211509255e-09	-5.39159401569e-08
2.67578050545e-09	-8.55014405943e-08
2.67944591835e-09	-1.08048752168e-07
2.68311133124e-09	-1.1529217403e-07
2.68677674414e-09	-1.04415960323e-07
2.69044215704e-09	-7.71678330125e-08
2.69410756993e-09	-3.95150614452e-08
2.69777298283e-09	2.17420748072e-10
2.70143839573e-09	3.41469892362e-08
2.70510380862e-09	5.73127074688e-08
2.70876922152e-09	6.87601229288e-08
2.71243463442e-09	7.09152985223e-08
2.71610004732e-09	6.76821301226e-08
2.71976546021e-09	6.24449540965e-08
2.72343087311e-09	5.68524889388e-08
2.72709628601e-09	5.06263724276e-08
2.7307616989e-09	4.21752481827e-08
2.7344271118e-09	2.95008284468e-08
2.7380925247e-09	1.11663620572e-08
2.7417579376e-09	-1.28304842306e-08
2.74542335049e-09	-4.04699243006e-08
2.74908876339e-09	-6.76878144645e-08
2.75275417629e-09	-8.92614906434e-08
2.75641958918e-09	-1.00424173866e-07
2.76008500208e-09	-9.84926131764e-08
2.76375041498e-09	-8.38047000684e-08
2.76741582788e-09	-5.94448721358e-08
2.77108124077e-09	-3.00249141105e-08
2.77474665367e-09	-2.91798141205e-10
2.77841206657e-09	2.58806647224e-08
2.78207747946e-09	4.59014799503e-08
2.78574289236e-09	5.85653410212e-08
2.78940830526e-09	6.40687076725e-08
2.79307371815e-09	6.38800372599e-08
2.79673913105e-09	6.02357488333e-08
2.80040454395e-09	5.51416263761e-08
2.80406995685e-09	4.93228995424e-08
2.80773536974e-09	4.18240126976e-08
2.81140078264e-09	3.05838483428e-08
2.81506619554e-09	1.38058444676e-08
2.81873160843e-09	-8.69529337422e-09
2.82239702133e-09	-3.49490818508e-08
2.82606243423e-09	-6.12258119759e-08
2.82972784713e-09	-8.30737434399e-08
2.83339326002e-09	-9.63657811326e-08
2.83705867292e-09	-9.8128055015e-08
2.84072408582e-09	-8.72165060173e-08
2.84438949871e-09	-6.48134488301e-08
2.84805491161e-09	-3.45925101897e-08
2.85172032451e-09	-2.10337613993e-09
2.85538573741e-09	2.67935647003e-08
2.8590511503e-09	4.78189932096e-08
2.8627165632e-09	5.95959477323e-08
2.8663819761e-09	6.36251940023e-08
2.87004738899e-09	6.29103311667e-08
2.87371280189e-09	6.01582357262e-08
2.87737821479e-09	5.65071403003e-08
2.88104362768e-09	5.13582278927e-08
2.88470904058e-09	4.30584954358e-08
2.88837445348e-09	2.98216846772e-08
2.89203986638e-09	1.05581872134e-08
2.89570527927e-09	-1.4481369881e-08
2.89937069217e-09	-4.31734896722e-08
2.90303610507e-09	-7.12941030656e-08
2.90670151796e-09	-9.3126395484e-08
2.91036693086e-09	-1.03074114577e-07
2.91403234376e-09	-9.77999548013e-08
2.91769775666e-09	-7.783941669e-08
2.92136316955e-09	-4.76498698276e-08
2.92502858245e-09	-1.40284335259e-08
2.92869399535e-09	1.63168216716e-08
2.93235940824e-09	3.87924643519e-08
2.93602482114e-09	5.17399847411e-08
2.93969023404e-09	5.61450299585e-08
2.94335564694e-09	5.47168781395e-08
2.94702105983e-09	5.08231714491e-08
2.95068647273e-09	4.73886068164e-08
2.95435188563e-09	4.57467344006e-08
2.95801729852e-09	4.48300951916e-08
2.96168271142e-09	4.12892404711e-08
2.96534812432e-09	3.09325116632e-08
2.96901353721e-09	1.11125206814e-08
2.97267895011e-09	-1.72775873608e-08
2.97634436301e-09	-4.93618053099e-08
2.98000977591e-09	-7.78071367336e-08
2.9836751888e-09	-9.55920427259e-08
2.9873406017e-09	-9.84913910429e-08
2.9910060146e-09	-8.62626237108e-08
2.99467142749e-09	-6.23483202844e-08
2.99833684039e-09	-3.25669198276e-08
3.00200225329e-09	-3.45214523634e-09
3.00566766619e-09	1.94469738091e-08
3.00933307908e-09	3.31159917266e-08
3.01299849198e-09	3.80420210888e-08
3.01666390488e-09	3.80038223113e-08
3.02032931777e-09	3.82744538285e-08
3.02399473067e-09	4.28484838721e-08
3.02766014357e-09	5.20663583359e-08
3.03132555647e-09	6.20208169266e-08
3.03499096936e-09	6.6298468937e-08
3.03865638226e-09	5.9086783466e-08
3.04232179516e-09	3.79851101684e-08
3.04598720805e-09	5.20458476316e-09
3.04965262095e-09	-3.31545102483e-08
3.05331803385e-09	-6.90563410899e-08
3.05698344674e-09	-9.4804335049e-08
3.06064885964e-09	-1.05043213239e-07
3.06431427254e-09	-9.81817862566e-08
3.06797968544e-09	-7.7000329668e-08
3.07164509833e-09	-4.7949708204e-08
3.07531051123e-09	-1.9001404894e-08
3.07897592413e-09	3.32709060302e-09
3.08264133702e-09	1.64927538293e-08
3.08630674992e-09	2.25323901759e-08
3.08997216282e-09	2.63891468677e-08
3.09363757572e-09	3.28963913887e-08
3.09730298861e-09	4.4073839689e-08
3.10096840151e-09	5.81516275133e-08
3.10463381441e-09	7.04875873225e-08
3.1082992273e-09	7.55553131171e-08
3.1119646402e-09	6.9025318794e-08
3.1156300531e-09	4.92267631103e-08
3.119295466e-09	1.78972623388e-08
3.12296087889e-09	-1.97856433459e-08
3.12662629179e-09	-5.6178972585e-08
3.13029170469e-09	-8.32127469153e-08
3.13395711758e-09	-9.50824556867e-08
3.13762253048e-09	-9.0456808266e-08
3.14128794338e-09	-7.29643119257e-08
3.14495335627e-09	-4.95389897992e-08
3.14861876917e-09	-2.73813149931e-08
3.15228418207e-09	-1.11558229321e-08
3.15594959497e-09	-1.73990954977e-09
3.15961500786e-09	3.23770255051e-09
3.16328042076e-09	7.68457120159e-09
3.16694583366e-09	1.51919792302e-08
3.17061124655e-09	2.76646758834e-08
3.17427665945e-09	4.44829701962e-08
3.17794207235e-09	6.22928126859e-08
3.18160748525e-09	7.56136984137e-08
3.18527289814e-09	7.84976208479e-08
3.18893831104e-09	6.69419151222e-08
3.19260372394e-09	4.1036450682e-08
3.19626913683e-09	5.63365887274e-09
3.19993454973e-09	-3.11171746148e-08
3.20359996263e-09	-6.07670216368e-08
3.20726537553e-09	-7.75785125029e-08
3.21093078842e-09	-8.01990864829e-08
3.21459620132e-09	-7.14122450063e-08
3.21826161422e-09	-5.64492168564e-08
3.22192702711e-09	-4.08963387599e-08
3.22559244001e-09	-2.88767267875e-08
3.22925785291e-09	-2.18841833544e-08
3.2329232658e-09	-1.83932797881e-08
3.2365886787e-09	-1.44335983165e-08
3.2402540916e-09	-5.28544141787e-09
3.2439195045e-09	1.2108502645e-08
3.24758491739e-09	3.70004755723e-08
3.25125033029e-09	6.42122870431e-08
3.25491574319e-09	8.57028794599e-08
3.25858115608e-09	9.37210842267e-08
3.26224656898e-09	8.40446148231e-08
3.26591198188e-09	5.77559440273e-08
3.26957739478e-09	2.07919974571e-08
3.27324280767e-09	-1.82291373108e-08
3.27690822057e-09	-5.08276656319e-08
3.28057363347e-09	-7.10527530146e-08
3.28423904636e-09	-7.68686021502e-08
3.28790445926e-09	-7.03992526496e-08
3.29156987216e-09	-5.69559261976e-08
3.29523528506e-09	-4.30248832117e-08
3.29890069795e-09	-3.36995178429e-08
3.30256611085e-09	-3.04806313522e-08
3.30623152375e-09	-3.06190273136e-08
3.30989693664e-09	-2.85210095541e-08
3.31356234954e-09	-1.86597155505e-08
3.31722776244e-09	1.38290134899e-09
3.32089317533e-09	2.93480653113e-08
3.32455858823e-09	5.88992001838e-08
3.32822400113e-09	8.19663554807e-08
3.33188941403e-09	9.16732076917e-08
3.33555482692e-09	8.46163317192e-08
3.33922023982e-09	6.18974951294e-08
3.34288565272e-09	2.8782375594e-08
3.34655106561e-09	-6.80545753085e-09
3.35021647851e-09	-3.65898102928e-08
3.35388189141e-09	-5.45400098417e-08
3.35754730431e-09	-5.88988342543e-08
3.3612127172e-09	-5.27090264768e-08
3.3648781301e-09	-4.23930792692e-08
3.368543543e-09	-3.47932171962e-08
3.37220895589e-09	-3.40409691546e-08
3.37587436879e-09	-3.97332051705e-08
3.37953978169e-09	-4.72511629823e-08
3.38320519459e-09	-5.00058021657e-08
3.38687060748e-09	-4.23934025662e-08
3.39053602038e-09	-2.2210745243e-08
3.39420143328e-09	8.28338198033e-09
3.39786684617e-09	4.28826716359e-08
3.40153225907e-09	7.31927443098e-08
3.40519767197e-09	9.11530833037e-08
3.40886308486e-09	9.16855213973e-08
3.41252849776e-09	7.46032284837e-08
3.41619391066e-09	4.49720438667e-08
3.41985932356e-09	1.14583933453e-08
3.42352473645e-09	-1.68737432915e-08
3.42719014935e-09	-3.39979564501e-08
3.43085556225e-09	-3.90706382802e-08
3.43452097514e-09	-3.62133150134e-08
3.43818638804e-09	-3.21401216752e-08
3.44185180094e-09	-3.28497442581e-08
3.44551721384e-09	-4.08647231609e-08
3.44918262673e-09	-5.41407061405e-08
3.45284803963e-09	-6.6891715278e-08
3.45651345253e-09	-7.1836097959e-08
3.46017886542e-09	-6.30562126958e-08
3.46384427832e-09	-3.8539113234e-08
3.46750969122e-09	-1.5542043208e-09
3.47117510412e-09	3.97899206916e-08
3.47484051701e-09	7.49352011553e-08
3.47850592991e-09	9.45088416415e-08
3.48217134281e-09	9.38540765105e-08
3.4858367557e-09	7.48132151784e-08
3.4895021686e-09	4.48762662586e-08
3.4931675815e-09	1.4054359454e-08
3.49683299439e-09	-9.13172470973e-09
3.50049840729e-09	-2.07030783628e-08
3.50416382019e-09	-2.21169820236e-08
3.50782923309e-09	-1.89198257061e-08
3.51149464598e-09	-1.791476123e-08
3.51516005888e-09	-2.41086848263e-08
3.51882547178e-09	-3.85315352958e-08
3.52249088467e-09	-5.75710430439e-08
3.52615629757e-09	-7.41249763792e-08
3.52982171047e-09	-8.02408663958e-08
3.53348712337e-09	-7.03976041905e-08
3.53715253626e-09	-4.4159939705e-08
3.54081794916e-09	-6.93009560848e-09
3.54448336206e-09	3.17289270413e-08
3.54814877495e-09	6.16266220277e-08
3.55181418785e-09	7.57816778219e-08
3.55547960075e-09	7.2824455799e-08
3.55914501364e-09	5.7011249055e-08
3.56281042654e-09	3.60192871085e-08
3.56647583944e-09	1.7663360552e-08
3.57014125234e-09	6.99210822575e-09
3.57380666523e-09	4.71848915495e-09
3.57747207813e-09	7.37544336715e-09
3.58113749103e-09	8.99762930828e-09
3.58480290392e-09	3.72035069418e-09
3.58846831682e-09	-1.1550943313e-08
3.59213372972e-09	-3.53974236589e-08
3.59579914262e-09	-6.18827300514e-08
3.59946455551e-09	-8.25450143793e-08
3.60312996841e-09	-8.9690296079e-08
3.60679538131e-09	-7.95514338847e-08
3.6104607942e-09	-5.39116200571e-08
3.6141262071e-09	-1.94304199397e-08
3.61779162e-09	1.4961729633e-08
3.6214570329e-09	4.12906118186e-08
3.62512244579e-09	5.50926806397e-08
3.62878785869e-09	5.6411849414e-08
3.63245327159e-09	4.91010823112e-08
3.63611868448e-09	3.89386727306e-08
3.63978409738e-09	3.1223013508e-08
3.64344951028e-09	2.86530337235e-08
3.64711492317e-09	3.02304101751e-08
3.65078033607e-09	3.1665177147e-08
3.65444574897e-09	2.7336113817e-08
3.65811116187e-09	1.30862982672e-08
3.66177657476e-09	-1.1399362343e-08
3.66544198766e-09	-4.1784698368e-08
3.66910740056e-09	-7.03804090563e-08
3.67277281345e-09	-8.89901201617e-08
3.67643822635e-09	-9.20101257407e-08
3.68010363925e-09	-7.84620510785e-08
3.68376905215e-09	-5.22047614027e-08
3.68743446504e-09	-2.04340082632e-08
3.69109987794e-09	8.85122553029e-09
3.69476529084e-09	2.9461293849e-08
3.69843070373e-09	3.8867135288e-08
3.70209611663e-09	3.87322813822e-08
3.70576152953e-09	3.38789938326e-08
3.70942694243e-09	3.00015301491e-08
3.71309235532e-09	3.09998071657e-08
3.71675776822e-09	3.70572621478e-08
3.72042318112e-09	4.4447968861e-08
3.72408859401e-09	4.72410199848e-08
3.72775400691e-09	4.01503257308e-08
3.73141941981e-09	2.12069277694e-08
3.7350848327e-09	-7.03202740482e-09
3.7387502456e-09	-3.81911497982e-08
3.7424156585e-09	-6.43442135129e-08
3.7460810714e-09	-7.88621932202e-08
3.74974648429e-09	-7.86763649785e-08
3.75341189719e-09	-6.52175060623e-08
3.75707731009e-09	-4.37553104859e-08
3.76074272298e-09	-2.13519619763e-08
3.76440813588e-09	-4.20392609612e-09
3.76807354878e-09	4.66126603982e-09
3.77173896168e-09	6.3891243407e-09
3.77540437457e-09	5.49156498053e-09
3.77906978747e-09	7.54704387873e-09
3.78273520037e-09	1.63717253088e-08
3.78640061326e-09	3.19852055952e-08
3.79006602616e-09	5.03047310474e-08
3.79373143906e-09	6.46783746561e-08
3.79739685196e-09	6.85869139261e-08
3.80106226485e-09	5.83308974456e-08
3.80472767775e-09	3.46135600182e-08
3.80839309065e-09	2.46942799542e-09
3.81205850354e-09	-3.03910745458e-08
3.81572391644e-09	-5.61773561003e-08
3.81938932934e-09	-6.9610884168e-08
3.82305474223e-09	-6.95646562576e-08
3.82672015513e-09	-5.91306914544e-08
3.83038556803e-09	-4.41231513548e-08
3.83405098093e-09	-3.05655767363e-08
3.83771639382e-09	-2.2224419638e-08
3.84138180672e-09	-1.9237941018e-08
3.84504721962e-09	-1.83535284748e-08
3.84871263251e-09	-1.46697560766e-08
3.85237804541e-09	-4.11310985271e-09
3.85604345831e-09	1.4440878715e-08
3.85970887121e-09	3.82508886787e-08
3.8633742841e-09	6.13756228063e-08
3.867039697e-09	7.66893393234e-08
3.8707051099e-09	7.84735405546e-08
3.87437052279e-09	6.46281321792e-08
3.87803593569e-09	3.76310538286e-08
3.88170134859e-09	3.8855576534e-09
3.88536676149e-09	-2.8346942571e-08
3.88903217438e-09	-5.16879019585e-08
3.89269758728e-09	-6.20102014182e-08
3.89636300018e-09	-5.9598569635e-08
3.90002841307e-09	-4.86939057964e-08
3.90369382597e-09	-3.56027989312e-08
3.90735923887e-09	-2.61291326353e-08
3.91102465176e-09	-2.32858141658e-08
3.91469006466e-09	-2.61598493978e-08
3.91835547756e-09	-3.0408443763e-08
3.92202089046e-09	-3.01985885187e-08
3.92568630335e-09	-2.08607531249e-08
3.92935171625e-09	-1.16628706692e-09
3.93301712915e-09	2.57284931138e-08
3.93668254204e-09	5.30946060451e-08
3.94034795494e-09	7.29323232918e-08
3.94401336784e-09	7.88495455595e-08
3.94767878074e-09	6.84309213739e-08
3.95134419363e-09	4.42161152137e-08
3.95500960653e-09	1.29033201901e-08
3.95867501943e-09	-1.69142779782e-08
3.96234043232e-09	-3.77090856318e-08
3.96600584522e-09	-4.56388313808e-08
3.96967125812e-09	-4.17867198621e-08
3.97333667102e-09	-3.15247596916e-08
3.97700208391e-09	-2.21594795846e-08
3.98066749681e-09	-1.97392822088e-08
3.98433290971e-09	-2.63818762392e-08
3.9879983226e-09	-3.92622112599e-08
3.9916637355e-09	-5.17135347877e-08
3.9953291484e-09	-5.59840955816e-08
3.99899456129e-09	-4.65046419151e-08
4.00265997419e-09	-2.23456364523e-08
4.00632538709e-09	1.20664225278e-08
4.00999079999e-09	4.8191356683e-08
4.01365621288e-09	7.6143038541e-08
4.01732162578e-09	8.8045311486e-08
4.02098703868e-09	8.07750666354e-08
4.02465245157e-09	5.711853035e-08
4.02831786447e-09	2.48124205626e-08
4.03198327737e-09	-6.29896623749e-09
4.03564869027e-09	-2.78921454822e-08
4.03931410316e-09	-3.61512988434e-08
4.04297951606e-09	-3.28634008895e-08
4.04664492896e-09	-2.41900171005e-08
4.05031034185e-09	-1.77394543499e-08
4.05397575475e-09	-1.92056006654e-08
4.05764116765e-09	-2.99524600678e-08
4.06130658055e-09	-4.64279352741e-08
4.06497199344e-09	-6.14906170426e-08
4.06863740634e-09	-6.71407036634e-08
4.07230281924e-09	-5.7677119969e-08
4.07596823213e-09	-3.21717124052e-08
4.07963364503e-09	4.63682248153e-09
4.08329905793e-09	4.35388933795e-08
4.08696447082e-09	7.38510905762e-08
4.09062988372e-09	8.71730208019e-08
4.09429529662e-09	8.04443871516e-08
4.09796070952e-09	5.70102507425e-08
4.10162612241e-09	2.52531009437e-08
4.10529153531e-09	-4.60804505664e-09
4.10895694821e-09	-2.42397142358e-08
4.1126223611e-09	-2.99929787673e-08
4.116287774e-09	-2.38329338487e-08
4.1199531869e-09	-1.22124008683e-08
4.1236185998e-09	-3.38449201998e-09
4.12728401269e-09	-4.09228251286e-09
4.13094942559e-09	-1.67604987666e-08
4.13461483849e-09	-3.82510521035e-08
4.13828025138e-09	-6.07396941632e-08
4.14194566428e-09	-7.45781179035e-08
4.14561107718e-09	-7.21511739243e-08
4.14927649008e-09	-5.11317352903e-08
4.15294190297e-09	-1.57524588928e-08
4.15660731587e-09	2.44998652477e-08
4.16027272877e-09	5.82809462912e-08
4.16393814166e-09	7.64432215306e-08
4.16760355456e-09	7.51728990167e-08
4.17126896746e-09	5.71079361578e-08
4.17493438035e-09	3.01066052089e-08
4.17859979325e-09	4.23303436747e-09
4.18226520615e-09	-1.19793668318e-08
4.18593061905e-09	-1.46760879005e-08
4.18959603194e-09	-6.06469585662e-09
4.19326144484e-09	6.54741727502e-09
4.19692685774e-09	1.38387505899e-08
4.20059227063e-09	8.5430054142e-09
4.20425768353e-09	-1.12027871424e-08
4.20792309643e-09	-4.06867748382e-08
4.21158850933e-09	-7.01975793049e-08
4.21525392222e-09	-8.87318591936e-08
4.21891933512e-09	-8.82706387983e-08
4.22258474802e-09	-6.68980533192e-08
4.22625016091e-09	-2.95965136843e-08
4.22991557381e-09	1.34648239225e-08
4.23358098671e-09	5.04530532908e-08
4.23724639961e-09	7.18956414403e-08
4.2409118125e-09	7.37842640319e-08
4.2445772254e-09	5.87133364149e-08
4.2482426383e-09	3.46098438797e-08
4.25190805119e-09	1.14957838804e-08
4.25557346409e-09	-2.47644305063e-09
4.25923887699e-09	-4.1503738224e-09
4.26290428988e-09	3.63981866869e-09
4.26656970278e-09	1.36063711409e-08
4.27023511568e-09	1.73714305163e-08
4.27390052858e-09	9.20531739723e-09
4.27756594147e-09	-1.14519789207e-08
4.28123135437e-09	-3.9617368941e-08
4.28489676727e-09	-6.65732855509e-08
4.28856218016e-09	-8.30965092291e-08
4.29222759306e-09	-8.28187722846e-08
4.29589300596e-09	-6.45484590223e-08
4.29955841886e-09	-3.27843743264e-08
4.30322383175e-09	3.78479292351e-09
4.30688924465e-09	3.52533291448e-08
4.31055465755e-09	5.38810382977e-08
4.31422007044e-09	5.66656268575e-08
4.31788548334e-09	4.60974618477e-08
4.32155089624e-09	2.88294970119e-08
4.32521630914e-09	1.28378818687e-08
4.32888172203e-09	4.2461048011e-09
4.33254713493e-09	5.08800157561e-09
4.33621254783e-09	1.28168249347e-08
4.33987796072e-09	2.16313669199e-08
4.34354337362e-09	2.49694007692e-08
4.34720878652e-09	1.81837798152e-08
4.35087419941e-09	4.33639124608e-10
4.35453961231e-09	-2.48489939736e-08
4.35820502521e-09	-5.10156041855e-08
4.36187043811e-09	-7.04286122755e-08
4.365535851e-09	-7.7102782825e-08
4.3692012639e-09	-6.8788224894e-08
4.3728666768e-09	-4.77582489111e-08
4.37653208969e-09	-1.99732390627e-08
4.38019750259e-09	7.09523551023e-09
4.38386291549e-09	2.70749787035e-08
4.38752832839e-09	3.6742886067e-08
4.39119374128e-09	3.67556971526e-08
4.39485915418e-09	3.08592120746e-08
4.39852456708e-09	2.40311273103e-08
4.40218997997e-09	2.03606003168e-08
4.40585539287e-09	2.14688942179e-08
4.40952080577e-09	2.59982755324e-08
4.41318621867e-09	3.02705629451e-08
4.41685163156e-09	2.98423827871e-08
4.42051704446e-09	2.13750404043e-08
4.42418245736e-09	4.15231005135e-09
4.42784787025e-09	-1.93110238911e-08
4.43151328315e-09	-4.38831371241e-08
4.43517869605e-09	-6.34497183682e-08
4.43884410894e-09	-7.29595086568e-08
4.44250952184e-09	-7.00971014567e-08
4.44617493474e-09	-5.59330715078e-08
4.44984034764e-09	-3.43550468074e-08
4.45350576053e-09	-1.06182387327e-08
4.45717117343e-09	1.03448076771e-08
4.46083658633e-09	2.52473650875e-08
4.46450199922e-09	3.30418004069e-08
4.46816741212e-09	3.47315278759e-08
4.47183282502e-09	3.26253797311e-08
4.47549823792e-09	2.93239317273e-08
4.47916365081e-09	2.67189665948e-08
4.48282906371e-09	2.53543976925e-08
4.48649447661e-09	2.43322002547e-08
4.4901598895e-09	2.18042970346e-08
4.4938253024e-09	1.58937591976e-08
4.4974907153e-09	5.61784663233e-09
4.50115612819e-09	-8.56706527941e-09
4.50482154109e-09	-2.47752076632e-08
4.50848695399e-09	-4.02092510399e-08
4.51215236689e-09	-5.18999598853e-08
4.51581777978e-09	-5.74065310843e-08
4.51948319268e-09	-5.53679413429e-08
4.52314860558e-09	-4.5847098562e-08
4.52681401847e-09	-3.0439352372e-08
4.53047943137e-09	-1.20383152336e-08
4.53414484427e-09	5.81160453095e-09
4.53781025717e-09	1.9880719293e-08
4.54147567006e-09	2.82215069092e-08
4.54514108296e-09	3.07135614719e-08
4.54880649586e-09	2.89389241459e-08
4.55247190875e-09	2.54208352146e-08
4.55613732165e-09	2.25486758154e-08
4.55980273455e-09	2.16326494495e-08
4.56346814745e-09	2.24011689198e-08
4.56713356034e-09	2.30805365931e-08
4.57079897324e-09	2.10383017674e-08
4.57446438614e-09	1.38164804042e-08
4.57812979903e-09	2.85404366807e-10
4.58179521193e-09	-1.84964576988e-08
4.58546062483e-09	-3.91401577815e-08
4.58912603772e-09	-5.67221682957e-08
4.59279145062e-09	-6.63676473778e-08
4.59645686352e-09	-6.50137579328e-08
4.60012227642e-09	-5.26065804252e-08
4.60378768931e-09	-3.22016084908e-08
4.60745310221e-09	-8.90540086118e-09
4.61111851511e-09	1.18709770902e-08
4.614783928e-09	2.61435317839e-08
4.6184493409e-09	3.24661080242e-08
4.6221147538e-09	3.20797433062e-08
4.6257801667e-09	2.81366041577e-08
4.62944557959e-09	2.42865354494e-08
4.63311099249e-09	2.31143815199e-08
4.63677640539e-09	2.50109124522e-08
4.64044181828e-09	2.79350036436e-08
4.64410723118e-09	2.82633223492e-08
4.64777264408e-09	2.2445513892e-08
4.65143805698e-09	8.76636185865e-09
4.65510346987e-09	-1.15629550379e-08
4.65876888277e-09	-3.45009283365e-08
4.66243429567e-09	-5.44420224458e-08
4.66609970856e-09	-6.61136922986e-08
4.66976512146e-09	-6.63592700789e-08
4.67343053436e-09	-5.51619656619e-08
4.67709594725e-09	-3.56159830517e-08
4.68076136015e-09	-1.29031647589e-08
4.68442677305e-09	7.38104333209e-09
4.68809218595e-09	2.09901482862e-08
4.69175759884e-09	2.63186077376e-08
4.69542301174e-09	2.47486280358e-08
4.69908842464e-09	1.98701126664e-08
4.70275383753e-09	1.58715085519e-08
4.70641925043e-09	1.57365231956e-08
4.71008466333e-09	1.99797156597e-08
4.71375007623e-09	2.64593786881e-08
4.71741548912e-09	3.12994892226e-08
4.72108090202e-09	3.05092022757e-08
4.72474631492e-09	2.16563975641e-08
4.72841172781e-09	4.96212315682e-09
4.73207714071e-09	-1.65523772466e-08
4.73574255361e-09	-3.79160063346e-08
4.73940796651e-09	-5.37773736653e-08
4.7430733794e-09	-6.01798149091e-08
4.7467387923e-09	-5.59054953442e-08
4.7504042052e-09	-4.28735447144e-08
4.75406961809e-09	-2.54048995174e-08
4.75773503099e-09	-8.59567350631e-09
4.76140044389e-09	3.55081697379e-09
4.76506585678e-09	9.47794820405e-09
4.76873126968e-09	1.04105373211e-08
4.77239668258e-09	9.55404466652e-09
4.77606209548e-09	1.05186384047e-08
4.77972750837e-09	1.5646064e-08
4.78339292127e-09	2.48609453024e-08
4.78705833417e-09	3.55112952377e-08
4.79072374706e-09	4.32902318437e-08
4.79438915996e-09	4.3890235446e-08
4.79805457286e-09	3.47804345324e-08
4.80171998576e-09	1.64031419558e-08
4.80538539865e-09	-7.72049801867e-09
4.80905081155e-09	-3.20511972518e-08
4.81271622445e-09	-5.08649833364e-08
4.81638163734e-09	-6.01278173917e-08
4.82004705024e-09	-5.87142068298e-08
4.82371246314e-09	-4.85529838556e-08
4.82737787604e-09	-3.36778995802e-08
4.83104328893e-09	-1.86362125731e-08
4.83470870183e-09	-6.86718060194e-09
4.83837411473e-09	3.73787223396e-10
4.84203952762e-09	4.13683798328e-09
4.84570494052e-09	6.94371138366e-09
4.84937035342e-09	1.13898490639e-08
4.85303576631e-09	1.87679045638e-08
4.85670117921e-09	2.83085110908e-08
4.86036659211e-09	3.73841402279e-08
4.86403200501e-09	4.25489190548e-08
4.8676974179e-09	4.09344096397e-08
4.8713628308e-09	3.14407060387e-08
4.8750282437e-09	1.52541765885e-08
4.87869365659e-09	-4.47247572311e-09
4.88235906949e-09	-2.35754757938e-08
4.88602448239e-09	-3.81483360457e-08
4.88968989529e-09	-4.57035156387e-08
4.89335530818e-09	-4.58195188457e-08
4.89702072108e-09	-4.00884836438e-08
4.90068613398e-09	-3.13679962005e-08
4.90435154687e-09	-2.26118004321e-08
4.90801695977e-09	-1.57835433612e-08
4.91168237267e-09	-1.12756239901e-08
4.91534778557e-09	-8.03734145904e-09
4.91901319846e-09	-4.30499413895e-09
4.92267861136e-09	1.46689416169e-09
4.92634402426e-09	9.84854509056e-09
4.93000943715e-09	2.00960919017e-08
4.93367485005e-09	3.02983664824e-08
4.93734026295e-09	3.79049112098e-08
4.94100567584e-09	4.0500580667e-08
4.94467108874e-09	3.66261048157e-08
4.94833650164e-09	2.63789843302e-08
4.95200191454e-09	1.15392877476e-08
4.95566732743e-09	-4.91279994463e-09
4.95933274033e-09	-1.97536138558e-08
4.96299815323e-09	-3.05484419982e-08
4.96666356612e-09	-3.63264476277e-08
4.97032897902e-09	-3.76267408342e-08
4.97399439192e-09	-3.59623371082e-08
4.97765980482e-09	-3.30172333918e-08
4.98132521771e-09	-2.9924091649e-08
4.98499063061e-09	-2.6853598456e-08
4.98865604351e-09	-2.30226131492e-08
4.9923214564e-09	-1.71045648756e-08
4.9959868693e-09	-7.91708831827e-09
4.9996522822e-09	4.78449724284e-09
5.0033176951e-09	1.97453857709e-08
5.00698310799e-09	3.4240933644e-08
5.01064852089e-09	4.4798536436e-08
5.01431393379e-09	4.84165170178e-08
5.01797934668e-09	4.37633076444e-08
5.02164475958e-09	3.17486552603e-08
5.02531017248e-09	1.52196832914e-08
5.02897558537e-09	-2.05852401791e-09
5.03264099827e-09	-1.66860036899e-08
5.03630641117e-09	-2.66154973616e-08
5.03997182407e-09	-3.15521440086e-08
5.04363723696e-09	-3.2718119769e-08
5.04730264986e-09	-3.21083248878e-08
5.05096806276e-09	-3.152302952e-08
5.05463347565e-09	-3.17001855876e-08
5.05829888855e-09	-3.18932009691e-08
5.06196430145e-09	-3.01708311667e-08
5.06562971435e-09	-2.43903599539e-08
5.06929512724e-09	-1.34453141953e-08
5.07296054014e-09	1.82509651836e-09
5.07662595304e-09	1.85965713939e-08
5.08029136593e-09	3.29685114764e-08
5.08395677883e-09	4.1408235063e-08
5.08762219173e-09	4.20575148041e-08
5.09128760463e-09	3.53470852588e-08
5.09495301752e-09	2.37272459458e-08
5.09861843042e-09	1.07064348498e-08
5.10228384332e-09	-3.90916410353e-10
5.10594925621e-09	-7.53160644962e-09
5.10961466911e-09	-1.05976676323e-08
5.11328008201e-09	-1.12943032704e-08
5.1169454949e-09	-1.23249606077e-08
5.1206109078e-09	-1.60774593638e-08
5.1242763207e-09	-2.33457324583e-08
5.1279417336e-09	-3.2708950215e-08
5.13160714649e-09	-4.09259115486e-08
5.13527255939e-09	-4.42362697584e-08
5.13893797229e-09	-3.99806019402e-08
5.14260338518e-09	-2.77995404474e-08
5.14626879808e-09	-9.90318227423e-09
5.14993421098e-09	9.65145474652e-09
5.15359962388e-09	2.63125361499e-08
5.15726503677e-09	3.64969281463e-08
5.16093044967e-09	3.86866361168e-08
5.16459586257e-09	3.38142385203e-08
5.16826127546e-09	2.48256970536e-08
5.17192668836e-09	1.55140433833e-08
5.17559210126e-09	8.9777127954e-09
5.17925751416e-09	6.32877306117e-09
5.18292292705e-09	6.23145091083e-09
5.18658833995e-09	5.55968115989e-09
5.19025375285e-09	9.57716572714e-10
5.19391916574e-09	-9.40433775298e-09
5.19758457864e-09	-2.46899372058e-08
5.20124999154e-09	-4.1391150063e-08
5.20491540443e-09	-5.44632854371e-08
5.20858081733e-09	-5.91355053814e-08
5.21224623023e-09	-5.27119006222e-08
5.21591164313e-09	-3.57073091095e-08
5.21957705602e-09	-1.19194183412e-08
5.22324246892e-09	1.26359829267e-08
5.22690788182e-09	3.16741264328e-08
5.23057329471e-09	4.08124805062e-08
5.23423870761e-09	3.91307075631e-08
5.23790412051e-09	2.94587394478e-08
5.24156953341e-09	1.71443446106e-08
5.2452349463e-09	7.75881581205e-09
5.2489003592e-09	4.73907046938e-09
5.2525657721e-09	7.97573918021e-09
5.25623118499e-09	1.395348459e-08
5.25989659789e-09	1.73834084904e-08
5.26356201079e-09	1.35957805014e-08
5.26722742369e-09	7.0319655654e-10
5.27089283658e-09	-1.93060394338e-08
5.27455824948e-09	-4.10028562214e-08
5.27822366238e-09	-5.73796157255e-08
5.28188907527e-09	-6.24722815701e-08
5.28555448817e-09	-5.37746274176e-08
5.28921990107e-09	-3.34595782192e-08
5.29288531396e-09	-7.77508102345e-09
5.29655072686e-09	1.5234919104e-08
5.30021613976e-09	2.88169008655e-08
5.30388155266e-09	3.01319147411e-08
5.30754696555e-09	2.1264556338e-08
5.31121237845e-09	8.19341128278e-09
5.31487779135e-09	-1.81788251119e-09
5.31854320424e-09	-3.32248561996e-09
5.32220861714e-09	5.0061164103e-09
5.32587403004e-09	1.9774542892e-08
5.32953944294e-09	3.41796813075e-08
5.33320485583e-09	4.0736942708e-08
5.33687026873e-09	3.43733965735e-08
5.34053568163e-09	1.46816372393e-08
5.34420109452e-09	-1.35922473277e-08
5.34786650742e-09	-4.21076613577e-08
5.35153192032e-09	-6.19888567144e-08
5.35519733322e-09	-6.71923316986e-08
5.35886274611e-09	-5.68033442505e-08
5.36252815901e-09	-3.52944482529e-08
5.36619357191e-09	-1.06614006512e-08
5.3698589848e-09	8.77734684934e-09
5.3735243977e-09	1.75952994397e-08
5.3771898106e-09	1.51858525754e-08
5.38085522349e-09	5.70110758602e-09
5.38452063639e-09	-3.89516241484e-09
5.38818604929e-09	-6.86423762275e-09
5.39185146219e-09	3.8242875533e-10
5.39551687508e-09	1.66307021487e-08
5.39918228798e-09	3.61330521059e-08
5.40284770088e-09	5.07499677838e-08
5.40651311377e-09	5.31953290306e-08
5.41017852667e-09	4.00886150942e-08
5.41384393957e-09	1.35635618292e-08
5.41750935247e-09	-1.92420621659e-08
5.42117476536e-09	-4.8691180865e-08
5.42484017826e-09	-6.61579449002e-08
5.42850559116e-09	-6.71352324844e-08
5.43217100405e-09	-5.27689394403e-08
5.43583641695e-09	-2.92489641396e-08
5.43950182985e-09	-5.3451874038e-09
5.44316724275e-09	1.09221485189e-08
5.44683265564e-09	1.52328638592e-08
5.45049806854e-09	8.44273717604e-09
5.45416348144e-09	-3.95688015686e-09
5.45782889433e-09	-1.41897498196e-08
5.46149430723e-09	-1.54774220107e-08
5.46515972013e-09	-4.96522556404e-09
5.46882513302e-09	1.4900569667e-08
5.47249054592e-09	3.71515760378e-08
5.47615595882e-09	5.29854133902e-08
5.47982137172e-09	5.52930110587e-08
5.48348678461e-09	4.15888408156e-08
5.48715219751e-09	1.51476484689e-08
5.49081761041e-09	-1.61091406881e-08
5.4944830233e-09	-4.25233572798e-08
5.4981484362e-09	-5.62626176759e-08
5.5018138491e-09	-5.41644027408e-08
5.505479262e-09	-3.88040817256e-08
5.50914467489e-09	-1.7399550245e-08
5.51281008779e-09	1.05064723588e-09
5.51647550069e-09	9.32370980422e-09
5.52014091358e-09	4.85299667119e-09
5.52380632648e-09	-9.22023346561e-09
5.52747173938e-09	-2.53202241396e-08
5.53113715227e-09	-3.45839268334e-08
5.53480256517e-09	-3.06186080934e-08
5.53846797807e-09	-1.23102905647e-08
5.54213339097e-09	1.55047885642e-08
5.54579880386e-09	4.3780001846e-08
5.54946421676e-09	6.26912566304e-08
5.55312962966e-09	6.53601262002e-08
5.55679504255e-09	5.04198247597e-08
5.56046045545e-09	2.25023395473e-08
5.56412586835e-09	-9.49449407983e-09
5.56779128125e-09	-3.56753169228e-08
5.57145669414e-09	-4.87311737629e-08
5.57512210704e-09	-4.65347795853e-08
5.57878751994e-09	-3.27362279506e-08
5.58245293283e-09	-1.5089669958e-08
5.58611834573e-09	-2.1598776101e-09
5.58978375863e-09	2.77246892111e-10
5.59344917153e-09	-8.37613089999e-09
5.59711458442e-09	-2.33792398774e-08
5.60077999732e-09	-3.674638549e-08
5.60444541022e-09	-4.06593656521e-08
5.60811082311e-09	-3.07583327697e-08
5.61177623601e-09	-8.00256128031e-09
5.61544164891e-09	2.1545371709e-08
5.6191070618e-09	4.88337832394e-08
5.6227724747e-09	6.50206857244e-08
5.6264378876e-09	6.46355360345e-08
5.6301033005e-09	4.75944119671e-08
5.63376871339e-09	1.93200051513e-08
5.63743412629e-09	-1.11462670205e-08
5.64109953919e-09	-3.44285879805e-08
5.64476495208e-09	-4.42579874971e-08
5.64843036498e-09	-3.96791151047e-08
5.65209577788e-09	-2.51248373218e-08
5.65576119078e-09	-8.3698417086e-09
5.65942660367e-09	2.7235418365e-09
5.66309201657e-09	3.29525762233e-09
5.66675742947e-09	-6.76747013983e-09
5.67042284236e-09	-2.29556018638e-08
5.67408825526e-09	-3.79401186024e-08
5.67775366816e-09	-4.43590799648e-08
5.68141908106e-09	-3.76307909278e-08
5.68508449395e-09	-1.78510575211e-08
5.68874990685e-09	9.91654225402e-09
5.69241531975e-09	3.72308583962e-08
5.69608073264e-09	5.52938672627e-08
5.69974614554e-09	5.82751731315e-08
5.70341155844e-09	4.55936834953e-08
5.70707697133e-09	2.21356479813e-08
5.71074238423e-09	-3.71492858697e-09
5.71440779713e-09	-2.33433858909e-08
5.71807321003e-09	-3.1109912868e-08
5.72173862292e-09	-2.62619277436e-08
5.72540403582e-09	-1.29351578337e-08
5.72906944872e-09	1.59495583407e-09
5.73273486161e-09	9.72902913787e-09
5.73640027451e-09	6.49398490538e-09
5.74006568741e-09	-8.3664790651e-09
5.74373110031e-09	-2.99759221889e-08
5.7473965132e-09	-4.99114136687e-08
5.7510619261e-09	-5.93815343564e-08
5.754727339e-09	-5.28296943969e-08
5.75839275189e-09	-3.0412600438e-08
5.76205816479e-09	1.80021486607e-09
5.76572357769e-09	3.40332455551e-08
5.76938899059e-09	5.64727713481e-08
5.77305440348e-09	6.28326333185e-08
5.77671981638e-09	5.2414442564e-08
5.78038522928e-09	3.00408196097e-08
5.78405064217e-09	4.08433775689e-09
5.78771605507e-09	-1.66120468492e-08
5.79138146797e-09	-2.587416148e-08
5.79504688086e-09	-2.23669385235e-08
5.79871229376e-09	-1.0021593333e-08
5.80237770666e-09	3.56455531758e-09
5.80604311956e-09	1.03136486018e-08
5.80970853245e-09	5.20382847924e-09
5.81337394535e-09	-1.13980593852e-08
5.81703935825e-09	-3.37043246645e-08
