% time-domain voltage integration by openEMS v0.0.36-93-g7b9cd51 @Thu Sep 24 16:32:49 2026
% start-coordinates: (0.007,0,0.00014336) m -> [10,3,5]
% stop-coordinates: (0.007,0,0.0021) m -> [10,3,7]
% t/s	voltage
0	-0
3.65361860727e-12	-3.23890262166e-07
7.30723721455e-12	-2.79363803202e-07
1.09608558218e-11	1.00283418902e-07
1.46144744291e-11	1.44113271006e-06
1.82680930364e-11	4.56225905054e-06
2.19217116436e-11	1.03422004258e-05
2.55753302509e-11	1.8930427359e-05
2.92289488582e-11	2.84423958874e-05
3.28825674655e-11	3.34470587404e-05
3.65361860727e-11	2.4029536462e-05
4.018980468e-11	-1.29592045823e-05
4.38434232873e-11	-8.92150665095e-05
4.74970418946e-11	-0.000206905740924
5.11506605018e-11	-0.000349527748767
5.48042791091e-11	-0.000476766261272
5.84578977164e-11	-0.000529238139279
6.21115163237e-11	-0.000446162604931
6.57651349309e-11	-0.000192627678189
6.94187535382e-11	0.000214261841393
7.30723721455e-11	0.000694732691045
7.67259907528e-11	0.00112168049964
8.037960936e-11	0.00136117252987
8.40332279673e-11	0.0013236264349
8.76868465746e-11	0.0010030366102
9.13404651819e-11	0.000484944197524
9.49940837891e-11	-8.23277950985e-05
9.86477023964e-11	-0.000541351895663
1.02301321004e-10	-0.00078086402209
1.05954939611e-10	-0.000769896214479
1.09608558218e-10	-0.000559163861908
1.13262176825e-10	-0.000253033253102
1.16915795433e-10	3.32423005602e-05
1.2056941404e-10	0.000213288138184
1.24223032647e-10	0.000253059821262
1.27876651255e-10	0.000172784670212
1.31530269862e-10	3.03293541037e-05
1.35183888469e-10	-0.000105428132883
1.38837507076e-10	-0.000180725603059
1.42491125684e-10	-0.000173618680492
1.46144744291e-10	-9.65129920587e-05
1.49798362898e-10	1.45231249462e-05
1.53451981506e-10	0.000117522630717
1.57105600113e-10	0.000181131557838
1.6075921872e-10	0.000193206509721
1.64412837327e-10	0.000159515164341
1.68066455935e-10	9.57492347879e-05
1.71720074542e-10	1.84852530083e-05
1.75373693149e-10	-5.96149479861e-05
1.79027311756e-10	-0.000129890706376
1.82680930364e-10	-0.000184578597327
1.86334548971e-10	-0.000214782619878
1.89988167578e-10	-0.000211943894101
1.93641786186e-10	-0.00017225004558
1.97295404793e-10	-0.000100678722447
2.009490234e-10	-1.13853434414e-05
2.04602642007e-10	7.64769229136e-05
2.08256260615e-10	0.000145730404256
2.11909879222e-10	0.000187152700164
2.15563497829e-10	0.000201139668206
2.19217116436e-10	0.000194590378669
2.22870735044e-10	0.000175148546987
2.26524353651e-10	0.000146376060002
2.30177972258e-10	0.000106786244942
2.33831590866e-10	5.29579369868e-05
2.37485209473e-10	-1.54694257617e-05
2.4113882808e-10	-9.20758129723e-05
2.44792446687e-10	-0.000163805440025
2.48446065295e-10	-0.000215213674892
2.52099683902e-10	-0.000234600947806
2.55753302509e-10	-0.000218883338675
2.59406921116e-10	-0.000174677570612
2.63060539724e-10	-0.000115065626233
2.66714158331e-10	-5.39217753612e-05
2.70367776938e-10	-7.43568602246e-07
2.74021395546e-10	4.15773347413e-05
2.77675014153e-10	7.52931455281e-05
2.8132863276e-10	0.000104101572106
2.84982251367e-10	0.000129570067656
2.88635869975e-10	0.000149566512846
2.92289488582e-10	0.000159337218065
2.95943107189e-10	0.000154255958478
2.99596725796e-10	0.000132492314151
3.03250344404e-10	9.62440553849e-05
3.06903963011e-10	5.11266644025e-05
3.10557581618e-10	4.28233124694e-06
3.14211200226e-10	-3.77628498427e-05
3.17864818833e-10	-7.05923766873e-05
3.2151843744e-10	-9.23893067011e-05
3.25172056047e-10	-0.000103571656837
3.28825674655e-10	-0.000105943418021
3.32479293262e-10	-0.000101784075923
3.36132911869e-10	-9.31054028115e-05
3.39786530476e-10	-8.11286145108e-05
3.43440149084e-10	-6.61598487568e-05
3.47093767691e-10	-4.78991755699e-05
3.50747386298e-10	-2.60814372268e-05
3.54401004906e-10	-1.25648977445e-06
3.58054623513e-10	2.47752066116e-05
3.6170824212e-10	4.91328237331e-05
3.65361860727e-10	6.85629493091e-05
3.69015479335e-10	8.04971605248e-05
3.72669097942e-10	8.39303274915e-05
3.76322716549e-10	7.96948843345e-05
3.79976335156e-10	7.00524278727e-05
3.83629953764e-10	5.77414602958e-05
3.87283572371e-10	4.4901412366e-05
3.90937190978e-10	3.23606918755e-05
3.94590809586e-10	1.95600337065e-05
3.98244428193e-10	5.23742403402e-06
4.018980468e-10	-1.14327004894e-05
4.05551665407e-10	-2.98946051771e-05
4.09205284015e-10	-4.79547743453e-05
4.12858902622e-10	-6.24458562015e-05
4.16512521229e-10	-7.05931679477e-05
4.20166139837e-10	-7.13088966222e-05
4.23819758444e-10	-6.57093023619e-05
4.27473377051e-10	-5.65651180295e-05
4.31126995658e-10	-4.69127990073e-05
4.34780614266e-10	-3.86137180612e-05
4.38434232873e-10	-3.16633982038e-05
4.4208785148e-10	-2.45384280788e-05
4.45741470087e-10	-1.54045661702e-05
4.49395088695e-10	-3.49055736137e-06
4.53048707302e-10	1.01762234408e-05
4.56702325909e-10	2.29704648973e-05
4.60355944517e-10	3.17368917422e-05
4.64009563124e-10	3.41993531947e-05
4.67663181731e-10	2.9969448633e-05
4.71316800338e-10	2.07379225685e-05
4.74970418946e-10	9.55486279963e-06
4.78624037553e-10	-5.1419152669e-07
4.8227765616e-10	-7.67654569245e-06
4.85931274767e-10	-1.20575533629e-05
4.89584893375e-10	-1.53939810161e-05
4.93238511982e-10	-1.99331311705e-05
4.96892130589e-10	-2.71105541287e-05
5.00545749197e-10	-3.66393255717e-05
5.04199367804e-10	-4.6438337904e-05
5.07852986411e-10	-5.34495170541e-05
5.11506605018e-10	-5.49284554836e-05
5.15160223626e-10	-4.96432699038e-05
5.18813842233e-10	-3.84692439184e-05
5.2246746084e-10	-2.41413824824e-05
5.26121079447e-10	-1.02348811879e-05
5.29774698055e-10	2.71791602557e-07
5.33428316662e-10	6.21806594836e-06
5.37081935269e-10	8.700822832e-06
5.40735553877e-10	1.04774317151e-05
5.44389172484e-10	1.45154576785e-05
5.48042791091e-10	2.23861145514e-05
5.51696409698e-10	3.33171833518e-05
5.55350028306e-10	4.43898074991e-05
5.59003646913e-10	5.18254514645e-05
5.6265726552e-10	5.27207084815e-05
5.66310884127e-10	4.63769747512e-05
5.69964502735e-10	3.46385245393e-05
5.73618121342e-10	2.11197725548e-05
5.77271739949e-10	9.69599636846e-06
5.80925358557e-10	2.9454071182e-06
5.84578977164e-10	1.14827385289e-06
5.88232595771e-10	2.25104261631e-06
5.91886214378e-10	2.8539433572e-06
5.95539832986e-10	-1.92224767659e-07
5.99193451593e-10	-8.23955599571e-06
6.028470702e-10	-2.00297370156e-05
6.06500688807e-10	-3.20910444316e-05
6.10154307415e-10	-4.02282098548e-05
6.13807926022e-10	-4.14334485868e-05
6.17461544629e-10	-3.53338746208e-05
6.21115163237e-10	-2.44150064646e-05
6.24768781844e-10	-1.29107679641e-05
6.28422400451e-10	-4.91319730145e-06
6.32076019058e-10	-2.54646985809e-06
6.35729637666e-10	-5.09897398615e-06
6.39383256273e-10	-9.48846991378e-06
6.4303687488e-10	-1.17584550026e-05
6.46690493488e-10	-8.95043899618e-06
6.50344112095e-10	-5.014058857e-07
6.53997730702e-10	1.14589009854e-05
6.57651349309e-10	2.29977397339e-05
6.61304967917e-10	3.00964652524e-05
6.64958586524e-10	3.04259669974e-05
6.68612205131e-10	2.43642489295e-05
6.72265823738e-10	1.48213164266e-05
6.75919442346e-10	5.93170619823e-06
6.79573060953e-10	1.20290522432e-06
6.8322667956e-10	1.98821609843e-06
6.86880298168e-10	6.93740787483e-06
6.90533916775e-10	1.26676801528e-05
6.94187535382e-10	1.53465400672e-05
6.97841153989e-10	1.246241834e-05
7.01494772597e-10	4.00706645109e-06
7.05148391204e-10	-7.45351917431e-06
7.08802009811e-10	-1.7869443127e-05
7.12455628418e-10	-2.34955141423e-05
7.16109247026e-10	-2.25815563226e-05
7.19762865633e-10	-1.616762097e-05
7.2341648424e-10	-7.58584678806e-06
7.27070102848e-10	-8.96179585652e-07
7.30723721455e-10	1.00249708623e-06
7.34377340062e-10	-2.31497659797e-06
7.38030958669e-10	-8.68161293965e-06
7.41684577277e-10	-1.44343667898e-05
7.45338195884e-10	-1.61577215749e-05
7.48991814491e-10	-1.22506613707e-05
7.52645433098e-10	-3.62185406289e-06
7.56299051706e-10	6.72922391232e-06
7.59952670313e-10	1.50310667095e-05
7.6360628892e-10	1.83736065082e-05
7.67259907528e-10	1.59488929512e-05
7.70913526135e-10	9.38333221256e-06
7.74567144742e-10	2.01144229095e-06
7.78220763349e-10	-2.6373972446e-06
7.81874381957e-10	-2.45860906034e-06
7.85528000564e-10	2.24028801199e-06
7.89181619171e-10	8.86648956566e-06
7.92835237778e-10	1.37762666554e-05
7.96488856386e-10	1.40202085959e-05
8.00142474993e-10	8.76161459473e-06
8.037960936e-10	-3.02906588701e-07
8.07449712208e-10	-9.74304248302e-06
8.11103330815e-10	-1.5985004211e-05
8.14756949422e-10	-1.69232321241e-05
8.18410568029e-10	-1.28326711319e-05
8.22064186637e-10	-6.15697319972e-06
8.25717805244e-10	-3.26815889906e-07
8.29371423851e-10	1.81746622729e-06
8.33025042458e-10	-6.91142091114e-07
8.36678661066e-10	-6.53388212868e-06
8.40332279673e-10	-1.2735602013e-05
8.4398589828e-10	-1.60366766977e-05
8.47639516888e-10	-1.44127074009e-05
8.51293135495e-10	-8.02874490091e-06
8.54946754102e-10	8.14587082232e-07
8.58600372709e-10	8.70407950515e-06
8.62253991317e-10	1.2658483115e-05
8.65907609924e-10	1.14776363489e-05
8.69561228531e-10	6.25877123639e-06
8.73214847138e-10	-1.36764430891e-07
8.76868465746e-10	-4.41999588929e-06
8.80522084353e-10	-4.40224476961e-06
8.8417570296e-10	-7.69088259744e-09
8.87829321568e-10	6.68536097237e-06
8.91482940175e-10	1.24029098743e-05
8.95136558782e-10	1.42067340221e-05
8.98790177389e-10	1.08838614779e-05
9.02443795997e-10	3.5430111609e-06
9.06097414604e-10	-4.86806288791e-06
9.09751033211e-10	-1.09221992943e-05
9.13404651819e-10	-1.2292804854e-05
9.17058270426e-10	-8.8073131792e-06
9.20711889033e-10	-2.48806861691e-06
9.2436550764e-10	3.43104761669e-06
9.28019126248e-10	6.02511624948e-06
9.31672744855e-10	4.01843144004e-06
9.35326363462e-10	-1.65562200038e-06
9.38979982069e-10	-8.31157751691e-06
9.42633600677e-10	-1.27447309524e-05
9.46287219284e-10	-1.2683708178e-05
9.49940837891e-10	-7.82866430882e-06
9.53594456499e-10	-5.70532598942e-09
9.57248075106e-10	7.62290085277e-06
9.60901693713e-10	1.19548321891e-05
9.6455531232e-10	1.13491179263e-05
9.68208930928e-10	6.38719325252e-06
9.71862549535e-10	-3.74178188878e-07
9.75516168142e-10	-5.57399022227e-06
9.79169786749e-10	-6.62965294396e-06
9.82823405357e-10	-2.96234503594e-06
9.86477023964e-10	3.71360334839e-06
9.90130642571e-10	1.01918077462e-05
9.93784261179e-10	1.32954124865e-05
9.97437879786e-10	1.13721802109e-05
1.00109149839e-09	5.05236420167e-06
1.004745117e-09	-3.05927923705e-06
1.00839873561e-09	-9.5982734365e-06
1.01205235421e-09	-1.19628767834e-05
1.01570597282e-09	-9.45177077938e-06
1.01935959143e-09	-3.53435839884e-06
1.02301321004e-09	2.84790760929e-06
1.02666682864e-09	6.61493118059e-06
1.03032044725e-09	5.92636490637e-06
1.03397406586e-09	1.01697206389e-06
1.03762768447e-09	-5.89322405631e-06
1.04128130307e-09	-1.15899673574e-05
1.04493492168e-09	-1.33179893282e-05
1.04858854029e-09	-1.00627951269e-05
1.05224215889e-09	-3.05312099158e-06
1.0558957775e-09	4.77352836015e-06
1.05954939611e-09	1.01100122265e-05
1.06320301472e-09	1.08015351543e-05
1.06685663332e-09	6.83879312646e-06
1.07051025193e-09	3.3733382665e-07
1.07416387054e-09	-5.46593668105e-06
1.07781748915e-09	-7.72869509547e-06
1.08147110775e-09	-5.31575392415e-06
1.08512472636e-09	7.02898532268e-07
1.08877834497e-09	7.56928670853e-06
1.09243196357e-09	1.21073125001e-05
1.09608558218e-09	1.21730992078e-05
1.09973920079e-09	7.61816596651e-06
1.1033928194e-09	3.48871640909e-07
1.107046438e-09	-6.53696616837e-06
1.11070005661e-09	-1.01518327256e-05
1.11435367522e-09	-9.11634310796e-06
1.11800729383e-09	-4.17112369178e-06
1.12166091243e-09	2.17786987378e-06
1.12531453104e-09	6.82408386865e-06
1.12896814965e-09	7.48979971377e-06
1.13262176825e-09	3.76316708639e-06
1.13627538686e-09	-2.71764952231e-06
1.13992900547e-09	-9.022653785e-06
1.14358262408e-09	-1.22645146803e-05
1.14723624268e-09	-1.09109165578e-05
1.15088986129e-09	-5.48490368146e-06
1.1545434799e-09	1.66479871666e-06
1.15819709851e-09	7.42411987176e-06
1.16185071711e-09	9.33138551318e-06
1.16550433572e-09	6.71270208841e-06
1.16915795433e-09	9.89188521316e-07
1.17281157293e-09	-4.98928443449e-06
1.17646519154e-09	-8.28407007702e-06
1.18011881015e-09	-7.25066098539e-06
1.18377242876e-09	-2.29936082974e-06
1.18742604736e-09	4.32238510939e-06
1.19107966597e-09	9.5986767974e-06
1.19473328458e-09	1.11453850877e-05
1.19838690319e-09	8.27912822388e-06
1.20204052179e-09	2.28542359082e-06
1.2056941404e-09	-4.19439908228e-06
1.20934775901e-09	-8.36071058075e-06
1.21300137761e-09	-8.49153207128e-06
1.21665499622e-09	-4.68850436164e-06
1.22030861483e-09	1.17331867955e-06
1.22396223344e-09	6.2792394715e-06
1.22761585204e-09	8.14645534319e-06
1.23126947065e-09	5.77063087803e-06
1.23492308926e-09	1.25872833934e-07
1.23857670787e-09	-6.25094003226e-06
1.24223032647e-09	-1.04307157471e-05
1.24588394508e-09	-1.04719042611e-05
1.24953756369e-09	-6.34520858966e-06
1.25319118229e-09	5.4816286621e-08
1.2568448009e-09	5.82193865739e-06
1.26049841951e-09	8.40589746076e-06
1.26415203812e-09	6.7816603746e-06
1.26780565672e-09	1.87836903365e-06
1.27145927533e-09	-3.90211758372e-06
1.27511289394e-09	-7.80654636401e-06
1.27876651255e-09	-7.97200516445e-06
1.28242013115e-09	-4.24834689738e-06
1.28607374976e-09	1.74860463176e-06
1.28972736837e-09	7.35967734045e-06
1.29338098698e-09	1.0070357007e-05
1.29703460558e-09	8.65121353399e-06
1.30068822419e-09	3.7290884336e-06
1.3043418428e-09	-2.47907527751e-06
1.3079954614e-09	-7.17241243819e-06
1.31164908001e-09	-8.26145253541e-06
1.31530269862e-09	-5.33688825044e-06
1.31895631723e-09	1.47398623085e-07
1.32260993583e-09	5.55898725452e-06
1.32626355444e-09	8.31642375942e-06
1.32991717305e-09	7.07725251914e-06
1.33357079166e-09	2.34393132814e-06
1.33722441026e-09	-3.77827026909e-06
1.34087802887e-09	-8.54767995406e-06
1.34453164748e-09	-9.82972562724e-06
1.34818526608e-09	-7.06168066245e-06
1.35183888469e-09	-1.51059762743e-06
1.3554925033e-09	4.30154210562e-06
1.35914612191e-09	7.75007976017e-06
1.36279974051e-09	7.31267465426e-06
1.36645335912e-09	3.27173441406e-06
1.37010697773e-09	-2.42446017751e-06
1.37376059634e-09	-7.07754071527e-06
1.37741421494e-09	-8.49460377594e-06
1.38106783355e-09	-5.99137769086e-06
1.38472145216e-09	-6.80358695604e-07
1.38837507076e-09	5.06637979925e-06
1.39202868937e-09	8.70209919412e-06
1.39568230798e-09	8.64226615249e-06
1.39933592659e-09	4.95069315321e-06
1.40298954519e-09	-7.05548941937e-07
1.4066431638e-09	-5.79640641263e-06
1.41029678241e-09	-8.04909223007e-06
1.41395040102e-09	-6.47028934964e-06
1.41760401962e-09	-1.811110792e-06
1.42125763823e-09	3.74923746449e-06
1.42491125684e-09	7.59268408501e-06
1.42856487544e-09	7.88210616065e-06
1.43221849405e-09	4.43083280288e-06
1.43587211266e-09	-1.2014708517e-06
1.43952573127e-09	-6.4482550215e-06
1.44317934987e-09	-8.94938398233e-06
1.44683296848e-09	-7.6386835417e-06
1.45048658709e-09	-3.19802362014e-06
1.4541402057e-09	2.30691719594e-06
1.4577938243e-09	6.40294058485e-06
1.46144744291e-09	7.31739538651e-06
1.46510106152e-09	4.73294301173e-06
1.46875468012e-09	-1.14888107916e-07
1.47240829873e-09	-5.00771710676e-06
1.47606191734e-09	-7.7213677514e-06
1.47971553595e-09	-7.00108398632e-06
1.48336915455e-09	-3.12544844405e-06
1.48702277316e-09	2.20235770598e-06
1.49067639177e-09	6.60422335841e-06
1.49433001038e-09	8.10588392142e-06
1.49798362898e-09	6.05381080732e-06
1.50163724759e-09	1.42453893659e-06
1.5052908662e-09	-3.63340683407e-06
1.5089444848e-09	-6.81061607111e-06
1.51259810341e-09	-6.7125613441e-06
1.51625172202e-09	-3.48107869286e-06
1.51990534063e-09	1.31639221479e-06
1.52355895923e-09	5.44568041505e-06
1.52721257784e-09	7.03640336042e-06
1.53086619645e-09	5.40309395092e-06
1.53451981506e-09	1.30956534861e-06
1.53817343366e-09	-3.40722550618e-06
1.54182705227e-09	-6.66980213282e-06
1.54548067088e-09	-7.07921020648e-06
1.54913428948e-09	-4.52149981811e-06
1.55278790809e-09	-2.03941159072e-07
1.5564415267e-09	3.9004995358e-06
1.56009514531e-09	5.95248394575e-06
1.56374876391e-09	5.08015722289e-06
1.56740238252e-09	1.76324228107e-06
1.57105600113e-09	-2.41370750587e-06
1.57470961974e-09	-5.51377974034e-06
1.57836323834e-09	-6.14019489831e-06
1.58201685695e-09	-4.05433070227e-06
1.58567047556e-09	-2.44596144228e-07
1.58932409416e-09	3.56142601277e-06
1.59297771277e-09	5.69169316122e-06
1.59663133138e-09	5.2704170912e-06
1.60028494999e-09	2.58092308059e-06
1.60393856859e-09	-1.09358369116e-06
1.6075921872e-09	-4.0664481844e-06
1.61124580581e-09	-5.01633741123e-06
1.61489942442e-09	-3.58177098292e-06
1.61855304302e-09	-5.08135826749e-07
1.62220666163e-09	2.71934007401e-06
1.62586028024e-09	4.5883251687e-06
1.62951389884e-09	4.27231975664e-06
1.63316751745e-09	1.9934865918e-06
1.63682113606e-09	-1.12790341689e-06
1.64047475467e-09	-3.64470591308e-06
1.64412837327e-09	-4.47370996426e-06
1.64778199188e-09	-3.36607530471e-06
1.65143561049e-09	-9.58640768545e-07
1.6550892291e-09	1.57704579351e-06
1.6587428477e-09	3.09348075689e-06
1.66239646631e-09	2.96801050581e-06
1.66605008492e-09	1.34682237274e-06
1.66970370352e-09	-9.52143480504e-07
1.67335732213e-09	-2.82548856489e-06
1.67701094074e-09	-3.39224786217e-06
1.68066455935e-09	-2.40354029302e-06
1.68431817795e-09	-3.63206250853e-07
1.68797179656e-09	1.71752753886e-06
1.69162541517e-09	2.82546949393e-06
1.69527903378e-09	2.46097548029e-06
1.69893265238e-09	8.9010873694e-07
1.70258627099e-09	-1.01129667485e-06
1.7062398896e-09	-2.23560058998e-06
1.7098935082e-09	-2.17704544525e-06
1.71354712681e-09	-9.31269980242e-07
1.71720074542e-09	7.91489071617e-07
1.72085436403e-09	2.06801760783e-06
1.72450798263e-09	2.24276149652e-06
1.72816160124e-09	1.24216620634e-06
1.73181521985e-09	-4.17625077631e-07
1.73546883846e-09	-1.9038484993e-06
1.73912245706e-09	-2.47370883244e-06
1.74277607567e-09	-1.82988149788e-06
1.74642969428e-09	-2.71634251092e-07
1.75008331288e-09	1.42832614358e-06
1.75373693149e-09	2.37783171997e-06
1.7573905501e-09	2.00886262292e-06
1.76104416871e-09	3.98508024801e-07
1.76469778731e-09	-1.7138998345e-06
1.76835140592e-09	-3.25678513491e-06
1.77200502453e-09	-3.3651872684e-06
1.77565864314e-09	-1.85567580502e-06
1.77931226174e-09	6.29118062534e-07
1.78296588035e-09	2.90214433107e-06
1.78661949896e-09	3.81289729035e-06
1.79027311756e-09	2.83195916495e-06
1.79392673617e-09	3.40804614751e-07
1.79758035478e-09	-2.51898327974e-06
1.80123397339e-09	-4.36854168129e-06
1.80488759199e-09	-4.24354090001e-06
1.8085412106e-09	-2.07072011449e-06
1.81219482921e-09	1.25139206375e-06
1.81584844782e-09	4.2209085791e-06
1.81950206642e-09	5.40499752333e-06
1.82315568503e-09	4.1218044089e-06
1.82680930364e-09	8.1359345927e-07
1.83046292224e-09	-3.09055693037e-06
1.83411654085e-09	-5.79521281452e-06
1.83777015946e-09	-5.97209901798e-06
1.84142377807e-09	-3.415079874e-06
1.84507739667e-09	8.08564053045e-07
1.84873101528e-09	4.80717864093e-06
1.85238463389e-09	6.71482717962e-06
1.8560382525e-09	5.55472894348e-06
1.8596918711e-09	1.71752766676e-06
1.86334548971e-09	-3.16913238407e-06
1.86699910832e-09	-6.93300665944e-06
1.87065272692e-09	-7.81476842349e-06
1.87430634553e-09	-5.28008001766e-06
1.87795996414e-09	-3.17850588516e-07
1.88161358275e-09	4.93273739721e-06
1.88526720135e-09	8.0993844449e-06
1.88892081996e-09	7.65429865623e-06
1.89257443857e-09	3.66005798469e-06
1.89622805718e-09	-2.18829728738e-06
1.89988167578e-09	-7.2817013006e-06
1.90353529439e-09	-9.27229723402e-06
1.907188913e-09	-7.1630435059e-06
1.9108425316e-09	-1.79472546336e-06
1.91449615021e-09	4.50226207249e-06
1.91814976882e-09	8.93719482065e-06
1.92180338743e-09	9.49918057813e-06
1.92545700603e-09	5.85630374417e-06
1.92911062464e-09	-4.76447677755e-07
1.93276424325e-09	-6.77107470892e-06
1.93641786186e-09	-1.02560552477e-05
1.94007148046e-09	-9.32679358812e-06
1.94372509907e-09	-4.28329360602e-06
1.94737871768e-09	2.7435266361e-06
1.95103233628e-09	8.67828623541e-06
1.95468595489e-09	1.08436345272e-05
1.9583395735e-09	8.17576199097e-06
1.96199319211e-09	1.75169870431e-06
1.96564681071e-09	-5.64225962307e-06
1.96930042932e-09	-1.07315405558e-05
1.97295404793e-09	-1.12205651703e-05
1.97660766654e-09	-6.83508801558e-06
1.98026128514e-09	5.39842204716e-07
1.98391490375e-09	7.68579877786e-06
1.98756852236e-09	1.14676305429e-05
1.99122214096e-09	1.02098427988e-05
1.99487575957e-09	4.43085116331e-06
1.99852937818e-09	-3.3762372027e-06
2.00218299679e-09	-9.817086152e-06
2.00583661539e-09	-1.20652601936e-05
2.009490234e-09	-9.09717016384e-06
2.01314385261e-09	-2.15823470739e-06
2.01679747122e-09	5.75544487447e-06
2.02045108982e-09	1.11920038535e-05
2.02410470843e-09	1.17560711033e-05
2.02775832704e-09	7.17272070005e-06
2.03141194564e-09	-5.77260763635e-07
2.03506556425e-09	-8.11973586679e-06
2.03871918286e-09	-1.21669776263e-05
2.04237280147e-09	-1.09581303605e-05
2.04602642007e-09	-5.02669547586e-06
2.04968003868e-09	3.03893986597e-06
2.05333365729e-09	9.72808834376e-06
2.0569872759e-09	1.21359850027e-05
2.0606408945e-09	9.22485958199e-06
2.06429451311e-09	2.2701475757e-06
2.06794813172e-09	-5.69875379597e-06
2.07160175032e-09	-1.12213552939e-05
2.07525536893e-09	-1.19160708891e-05
2.07890898754e-09	-7.51456366288e-06
2.08256260615e-09	3.54907108147e-08
2.08621622475e-09	7.43800245573e-06
2.08986984336e-09	1.14991211149e-05
2.09352346197e-09	1.05123671119e-05
2.09717708058e-09	4.9743676982e-06
2.10083069918e-09	-2.66711339236e-06
2.10448431779e-09	-9.10027313239e-06
2.1081379364e-09	-1.15839955015e-05
2.111791555e-09	-9.10908840979e-06
2.11544517361e-09	-2.80249582829e-06
2.11909879222e-09	4.58439370732e-06
2.12275241083e-09	9.87259579688e-06
2.12640602943e-09	1.08226136035e-05
2.13005964804e-09	7.08940297045e-06
2.13371326665e-09	3.51843834068e-07
2.13736688526e-09	-6.43787308263e-06
2.14102050386e-09	-1.03558539877e-05
2.14467412247e-09	-9.77981744654e-06
2.14832774108e-09	-5.06996821059e-06
2.15198135968e-09	1.63830021904e-06
2.15563497829e-09	7.41184345543e-06
2.1592885969e-09	9.8138549447e-06
2.16294221551e-09	7.93170761426e-06
2.16659583411e-09	2.70682559744e-06
2.17024945272e-09	-3.53955820742e-06
2.17390307133e-09	-8.13989788639e-06
2.17755668994e-09	-9.21442358504e-06
2.18121030854e-09	-6.42920349492e-06
2.18486392715e-09	-1.08384013231e-06
2.18851754576e-09	4.48548831855e-06
2.19217116436e-09	7.92152548001e-06
2.19582478297e-09	7.84509609275e-06
2.19947840158e-09	4.41537537199e-06
2.20313202019e-09	-7.84605774129e-07
2.20678563879e-09	-5.47516106053e-06
2.2104392574e-09	-7.68764942904e-06
2.21409287601e-09	-6.5988471647e-06
2.21774649462e-09	-2.83204030893e-06
2.22140011322e-09	1.88672021295e-06
2.22505373183e-09	5.52655592401e-06
2.22870735044e-09	6.63137063839e-06
2.23236096904e-09	4.8950537348e-06
2.23601458765e-09	1.21329114222e-06
2.23966820626e-09	-2.77011909589e-06
2.24332182487e-09	-5.39381511544e-06
2.24697544347e-09	-5.66783825207e-06
2.25062906208e-09	-3.63821280303e-06
2.25428268069e-09	-3.00438820489e-07
2.2579362993e-09	2.87736850169e-06
2.2615899179e-09	4.5994841571e-06
2.26524353651e-09	4.27299914918e-06
2.26889715512e-09	2.20216224989e-06
2.27255077372e-09	-6.14438562252e-07
2.27620439233e-09	-2.96590766879e-06
2.27985801094e-09	-3.95390156882e-06
2.28351162955e-09	-3.32917326773e-06
2.28716524815e-09	-1.51810741045e-06
2.29081886676e-09	6.32926230537e-07
2.29447248537e-09	2.2486791238e-06
2.29812610398e-09	2.7745440434e-06
2.30177972258e-09	2.15171570517e-06
2.30543334119e-09	7.73673903609e-07
2.3090869598e-09	-7.30593797016e-07
2.3127405784e-09	-1.7781102315e-06
2.31639419701e-09	-2.05835272027e-06
2.32004781562e-09	-1.61245583286e-06
2.32370143423e-09	-7.48796892935e-07
2.32735505283e-09	1.4500301404e-07
2.33100867144e-09	7.83580247798e-07
2.33466229005e-09	1.06764690599e-06
2.33831590866e-09	1.04458834471e-06
2.34196952726e-09	8.06172437251e-07
2.34562314587e-09	4.08915898475e-07
2.34927676448e-09	-1.23692693421e-07
2.35293038308e-09	-7.36382432365e-07
2.35658400169e-09	-1.28410835032e-06
2.3602376203e-09	-1.54950700448e-06
2.36389123891e-09	-1.34183952127e-06
2.36754485751e-09	-6.22604346745e-07
2.37119847612e-09	4.25195086251e-07
2.37485209473e-09	1.43250075268e-06
2.37850571334e-09	1.97742792807e-06
2.38215933194e-09	1.76128585849e-06
2.38581295055e-09	7.54700394623e-07
2.38946656916e-09	-7.45550124748e-07
2.39312018776e-09	-2.184142744e-06
2.39677380637e-09	-2.9373090058e-06
2.40042742498e-09	-2.57596150277e-06
2.40408104359e-09	-1.09803279713e-06
2.40773466219e-09	9.89834660459e-07
2.4113882808e-09	2.82616855429e-06
2.41504189941e-09	3.55221180826e-06
2.41869551802e-09	2.7266715108e-06
2.42234913662e-09	5.84331615983e-07
2.42600275523e-09	-2.01138135481e-06
2.42965637384e-09	-3.92796906112e-06
2.43330999244e-09	-4.27175331197e-06
2.43696361105e-09	-2.80756958659e-06
2.44061722966e-09	-8.88008706568e-08
2.44427084827e-09	2.75941906125e-06
2.44792446687e-09	4.51023470305e-06
2.45157808548e-09	4.35840621549e-06
2.45523170409e-09	2.28146933523e-06
2.4588853227e-09	-9.1435123295e-07
2.4625389413e-09	-3.8973734604e-06
2.46619255991e-09	-5.35868889529e-06
2.46984617852e-09	-4.58880685983e-06
2.47349979712e-09	-1.82731960763e-06
2.47715341573e-09	1.79016632273e-06
2.48080703434e-09	4.69870786901e-06
2.48446065295e-09	5.591385559e-06
2.48811427155e-09	4.01875195166e-06
2.49176789016e-09	6.13566271568e-07
2.49542150877e-09	-3.16931314615e-06
2.49907512738e-09	-5.68683697111e-06
2.50272874598e-09	-5.82641172286e-06
2.50638236459e-09	-3.49473751271e-06
2.5100359832e-09	3.35061454138e-07
2.5136896018e-09	4.03185077857e-06
2.51734322041e-09	5.99855434302e-06
2.52099683902e-09	5.3590014204e-06
2.52465045763e-09	2.35084223732e-06
2.52830407623e-09	-1.75276181835e-06
2.53195769484e-09	-5.17635714914e-06
2.53561131345e-09	-6.41449770455e-06
2.53926493206e-09	-4.90581419399e-06
2.54291855066e-09	-1.29648380209e-06
2.54657216927e-09	2.83745256979e-06
2.55022578788e-09	5.69029168673e-06
2.55387940648e-09	6.02748855272e-06
2.55753302509e-09	3.72277875726e-06
2.5611866437e-09	-2.0407330581e-07
2.56484026231e-09	-4.04799044418e-06
2.56849388091e-09	-6.16249621999e-06
2.57214749952e-09	-5.65886000459e-06
2.57580111813e-09	-2.77343721677e-06
2.57945473674e-09	1.24139602065e-06
2.58310835534e-09	4.65211417122e-06
2.58676197395e-09	5.98611711666e-06
2.59041559256e-09	4.6712693802e-06
2.59406921116e-09	1.29423125372e-06
2.59772282977e-09	-2.65062342919e-06
2.60137644838e-09	-5.42380223578e-06
2.60503006699e-09	-5.82171821861e-06
2.60868368559e-09	-3.71413105427e-06
2.6123373042e-09	-8.51395824952e-08
2.61599092281e-09	3.43530078339e-06
2.61964454142e-09	5.31777436663e-06
2.62329816002e-09	4.8041601417e-06
2.62695177863e-09	2.20388858452e-06
2.63060539724e-09	-1.28990458848e-06
2.63425901584e-09	-4.15070593363e-06
2.63791263445e-09	-5.17879328754e-06
2.64156625306e-09	-3.99313495336e-06
2.64521987167e-09	-1.16577946585e-06
2.64887349027e-09	2.04226884648e-06
2.65252710888e-09	4.23075971412e-06
2.65618072749e-09	4.46832854095e-06
2.6598343461e-09	2.69888045068e-06
2.6634879647e-09	-2.39197996521e-07
2.66714158331e-09	-3.00130491837e-06
2.67079520192e-09	-4.35891399775e-06
2.67444882052e-09	-3.76154844162e-06
2.67810243913e-09	-1.56797256068e-06
2.68175605774e-09	1.15743381457e-06
2.68540967635e-09	3.16885672191e-06
2.68906329495e-09	3.61543908411e-06
2.69271691356e-09	2.39825266135e-06
2.69637053217e-09	1.60795423199e-07
2.70002415078e-09	-2.04736107889e-06
2.70367776938e-09	-3.25676199964e-06
2.70733138799e-09	-2.99300606343e-06
2.7109850066e-09	-1.45454232836e-06
2.7146386252e-09	6.06054271657e-07
2.71829224381e-09	2.23425038826e-06
2.72194586242e-09	2.70695039717e-06
2.72559948103e-09	1.85705127365e-06
2.72925309963e-09	1.40578475083e-07
2.73290671824e-09	-1.59076452633e-06
2.73656033685e-09	-2.50751006092e-06
2.74021395546e-09	-2.20589402034e-06
2.74386757406e-09	-8.93334004104e-07
2.74752119267e-09	7.36369187848e-07
2.75117481128e-09	1.86641435107e-06
2.75482842988e-09	1.96620445081e-06
2.75848204849e-09	1.03669268015e-06
2.7621356671e-09	-4.17521619056e-07
2.76578928571e-09	-1.65802177321e-06
2.76944290431e-09	-2.07715223155e-06
2.77309652292e-09	-1.48322276061e-06
2.77675014153e-09	-1.80808797268e-07
2.78040376014e-09	1.17954708401e-06
2.78405737874e-09	1.91251919546e-06
2.78771099735e-09	1.62964013839e-06
2.79136461596e-09	4.39884036751e-07
2.79501823456e-09	-1.08392001152e-06
2.79867185317e-09	-2.17267589164e-06
2.80232547178e-09	-2.24408753979e-06
2.80597909039e-09	-1.21125565045e-06
2.80963270899e-09	4.50313233813e-07
2.8132863276e-09	1.92457275716e-06
2.81693994621e-09	2.46030938911e-06
2.82059356482e-09	1.75180326778e-06
2.82424718342e-09	1.00233066291e-07
2.82790080203e-09	-1.72531758835e-06
2.83155442064e-09	-2.85253523202e-06
2.83520803924e-09	-2.71787226325e-06
2.83886165785e-09	-1.33335521468e-06
2.84251527646e-09	7.07297331815e-07
2.84616889507e-09	2.48364202093e-06
2.84982251367e-09	3.15496734515e-06
2.85347613228e-09	2.34811065525e-06
2.85712975089e-09	3.55561429188e-07
2.8607833695e-09	-1.95886808285e-06
2.8644369881e-09	-3.52769089318e-06
2.86809060671e-09	-3.57287299835e-06
2.87174422532e-09	-1.99543774215e-06
2.87539784392e-09	5.38541783612e-07
2.87905146253e-09	2.88104342872e-06
2.88270508114e-09	3.93271861299e-06
2.88635869975e-09	3.16792713306e-06
2.89001231835e-09	8.93686120662e-07
2.89366593696e-09	-1.88313593696e-06
2.89731955557e-09	-3.91477837525e-06
2.90097317418e-09	-4.27714388707e-06
2.90462679278e-09	-2.78235441442e-06
2.90828041139e-09	-6.21967295444e-08
2.91193403e-09	2.70389983825e-06
2.9155876486e-09	4.29562987847e-06
2.91924126721e-09	3.98135355795e-06
2.92289488582e-09	1.85020886079e-06
2.92654850443e-09	-1.20006781401e-06
2.93020212303e-09	-3.83282048233e-06
2.93385574164e-09	-4.85602845401e-06
2.93750936025e-09	-3.76911540911e-06
2.94116297886e-09	-1.01534915586e-06
2.94481659746e-09	2.19403494839e-06
2.94847021607e-09	4.42022479774e-06
2.95212383468e-09	4.65387017812e-06
2.95577745328e-09	2.78001752463e-06
2.95943107189e-09	-3.70015115436e-07
2.9630846905e-09	-3.39866244303e-06
2.96673830911e-09	-4.97126580967e-06
2.97039192771e-09	-4.40420944869e-06
2.97404554632e-09	-1.95442824236e-06
2.97769916493e-09	1.30397670262e-06
2.98135278354e-09	3.95123268504e-06
2.98500640214e-09	4.83523189132e-06
2.98866002075e-09	3.56862642548e-06
2.99231363936e-09	7.00013600863e-07
2.99596725796e-09	-2.51716403454e-06
2.99962087657e-09	-4.66837866497e-06
3.00327449518e-09	-4.80275008385e-06
3.00692811379e-09	-2.86219574264e-06
3.01058173239e-09	2.86813975237e-07
3.014235351e-09	3.24118460071e-06
3.01788896961e-09	4.69497393851e-06
3.02154258822e-09	4.02501154895e-06
3.02519620682e-09	1.55993322437e-06
3.02884982543e-09	-1.58480374068e-06
3.03250344404e-09	-4.01852810228e-06
3.03615706264e-09	-4.69312880114e-06
3.03981068125e-09	-3.35139446861e-06
3.04346429986e-09	-6.18333132252e-07
3.04711791847e-09	2.28990560913e-06
3.05077153707e-09	4.10393084849e-06
3.05442515568e-09	4.05199966735e-06
3.05807877429e-09	2.18932720486e-06
3.0617323929e-09	-6.35031412344e-07
3.0653860115e-09	-3.15993085565e-06
3.06903963011e-09	-4.27597126418e-06
3.07269324872e-09	-3.51936057541e-06
3.07634686732e-09	-1.27062057231e-06
3.08000048593e-09	1.43200880132e-06
3.08365410454e-09	3.37579464826e-06
3.08730772315e-09	3.72405131088e-06
3.09096134175e-09	2.3790087198e-06
3.09461496036e-09	-2.44082976053e-09
3.09826857897e-09	-2.3313317854e-06
3.10192219758e-09	-3.58595281114e-06
3.10557581618e-09	-3.25715220129e-06
3.10922943479e-09	-1.54939239394e-06
3.1128830534e-09	7.36066581908e-07
3.116536672e-09	2.57130591308e-06
3.12019029061e-09	3.15829458941e-06
3.12384390922e-09	2.27497545779e-06
3.12749752783e-09	3.6207602605e-07
3.13115114643e-09	-1.68612400842e-06
3.13480476504e-09	-2.93569266319e-06
3.13845838365e-09	-2.84216889668e-06
3.14211200226e-09	-1.49579244635e-06
3.14576562086e-09	4.35926626352e-07
3.14941923947e-09	2.03695609002e-06
3.15307285808e-09	2.58197559333e-06
3.15672647668e-09	1.8685543921e-06
3.16038009529e-09	2.88015971961e-07
3.1640337139e-09	-1.38720626808e-06
3.16768733251e-09	-2.3808210301e-06
3.17134095111e-09	-2.269174189e-06
3.17499456972e-09	-1.15449066129e-06
3.17864818833e-09	4.08148064679e-07
3.18230180694e-09	1.68110668142e-06
3.18595542554e-09	2.08304649618e-06
3.18960904415e-09	1.4472754799e-06
3.19326266276e-09	9.12873403536e-08
3.19691628136e-09	-1.33257890411e-06
3.20056989997e-09	-2.14078499994e-06
3.20422351858e-09	-1.9435951657e-06
3.20787713719e-09	-8.36681465444e-07
3.21153075579e-09	6.37332021824e-07
3.2151843744e-09	1.75089947163e-06
3.21883799301e-09	1.95070091991e-06
3.22249161162e-09	1.13612276209e-06
3.22614523022e-09	-2.90129811731e-07
3.22979884883e-09	-1.62379872393e-06
3.23345246744e-09	-2.21060406602e-06
3.23710608604e-09	-1.76525195172e-06
3.24075970465e-09	-5.03366607063e-07
3.24441332326e-09	9.71430296204e-07
3.24806694187e-09	1.95837898787e-06
3.25172056047e-09	1.98632577053e-06
3.25537417908e-09	1.0280104874e-06
3.25902779769e-09	-4.8737348024e-07
3.2626814163e-09	-1.86427905646e-06
3.2663350349e-09	-2.45203861482e-06
3.26998865351e-09	-1.94487412841e-06
3.27364227212e-09	-5.38406325745e-07
3.27729589072e-09	1.13883629638e-06
3.28094950933e-09	2.30162930848e-06
3.28460312794e-09	2.37644076151e-06
3.28825674655e-09	1.28677977784e-06
3.29191036515e-09	-4.89579409901e-07
3.29556398376e-09	-2.13319509612e-06
3.29921760237e-09	-2.86764944235e-06
3.30287122098e-09	-2.33090835877e-06
3.30652483958e-09	-7.49754761387e-07
3.31017845819e-09	1.16382928184e-06
3.3138320768e-09	2.54132567079e-06
3.3174856954e-09	2.75240140013e-06
3.32113931401e-09	1.68673344092e-06
3.32479293262e-09	-1.9754804903e-07
3.32844655123e-09	-2.07315304124e-06
3.33210016983e-09	-3.10329269837e-06
3.33575378844e-09	-2.80930552776e-06
3.33940740705e-09	-1.29099086621e-06
3.34306102566e-09	8.00714872184e-07
3.34671464426e-09	2.53838280173e-06
3.35036826287e-09	3.13013092068e-06
3.35402188148e-09	2.28569442129e-06
3.35767550008e-09	3.62834253309e-07
3.36132911869e-09	-1.7848943088e-06
3.3649827373e-09	-3.19424387385e-06
3.36863635591e-09	-3.23208013242e-06
3.37228997451e-09	-1.88118366395e-06
3.37594359312e-09	2.58082597071e-07
3.37959721173e-09	2.24309624741e-06
3.38325083034e-09	3.20813839494e-06
3.38690444894e-09	2.73815541618e-06
3.39055806755e-09	1.04052544714e-06
3.39421168616e-09	-1.14973970256e-06
3.39786530476e-09	-2.88510742052e-06
3.40151892337e-09	-3.41089946687e-06
3.40517254198e-09	-2.49226263804e-06
3.40882616059e-09	-5.23852207834e-07
3.41247977919e-09	1.63455946733e-06
3.4161333978e-09	3.03314922689e-06
3.41978701641e-09	3.05720413962e-06
3.42344063502e-09	1.70485344597e-06
3.42709425362e-09	-4.13363743235e-07
3.43074787223e-09	-2.35697191897e-06
3.43440149084e-09	-3.28275157813e-06
3.43805510944e-09	-2.81554790149e-06
3.44170872805e-09	-1.1946982994e-06
3.44536234666e-09	8.55071860428e-07
3.44901596527e-09	2.45330946314e-06
3.45266958387e-09	2.93944623309e-06
3.45632320248e-09	2.13753611433e-06
3.45997682109e-09	4.12844162412e-07
3.4636304397e-09	-1.49168558039e-06
3.4672840583e-09	-2.76808341937e-06
3.47093767691e-09	-2.88291224138e-06
3.47459129552e-09	-1.80382133408e-06
3.47824491412e-09	-1.50913397334e-08
3.48189853273e-09	1.69577009501e-06
3.48555215134e-09	2.58923915908e-06
3.48920576995e-09	2.30463632533e-06
3.49285938855e-09	1.01083502102e-06
3.49651300716e-09	-6.89628180339e-07
3.50016662577e-09	-2.05111973628e-06
3.50382024438e-09	-2.51993469647e-06
3.50747386298e-09	-1.95784957668e-06
3.51112748159e-09	-6.64229567349e-07
3.5147811002e-09	7.8610000287e-07
3.5184347188e-09	1.79846873039e-06
3.52208833741e-09	1.99384481903e-06
3.52574195602e-09	1.33975429151e-06
3.52939557463e-09	1.4200413645e-07
3.53304919323e-09	-1.09038944629e-06
3.53670281184e-09	-1.85423076005e-06
3.54035643045e-09	-1.85795155971e-06
3.54401004906e-09	-1.13853313621e-06
3.54766366766e-09	-3.70968127328e-08
3.55131728627e-09	9.62215011668e-07
3.55497090488e-09	1.4531384096e-06
3.55862452348e-09	1.28140605682e-06
3.56227814209e-09	5.87113490269e-07
3.5659317607e-09	-2.91584598244e-07
3.56958537931e-09	-9.91152788288e-07
3.57323899791e-09	-1.27507613001e-06
3.57689261652e-09	-1.10162345379e-06
3.58054623513e-09	-5.97530970481e-07
3.58419985374e-09	2.20680540508e-08
3.58785347234e-09	5.40365874713e-07
3.59150709095e-09	8.02325757832e-07
3.59516070956e-09	7.489725391e-07
3.59881432816e-09	4.24511004127e-07
3.60246794677e-09	-4.43167689212e-08
3.60612156538e-09	-4.94554637243e-07
3.60977518399e-09	-7.85558000871e-07
3.61342880259e-09	-8.44019623969e-07
3.6170824212e-09	-6.75727065413e-07
3.62073603981e-09	-3.44453937373e-07
3.62438965842e-09	5.94239075724e-08
3.62804327702e-09	4.38346521747e-07
3.63169689563e-09	6.91499437266e-07
3.63535051424e-09	7.23512300738e-07
3.63900413284e-09	4.76144524697e-07
3.64265775145e-09	-2.29885390723e-08
3.64631137006e-09	-6.30477558161e-07
3.64996498867e-09	-1.11409315195e-06
3.65361860727e-09	-1.24404530766e-06
3.65727222588e-09	-9.08449294457e-07
3.66092584449e-09	-1.8955017822e-07
3.6645794631e-09	6.48134928838e-07
3.6682330817e-09	1.25891959613e-06
3.67188670031e-09	1.36198906375e-06
3.67554031892e-09	8.66596280957e-07
3.67919393752e-09	-7.50804396432e-08
3.68284755613e-09	-1.11028829508e-06
3.68650117474e-09	-1.81094591767e-06
3.69015479335e-09	-1.84376406764e-06
3.69380841195e-09	-1.12419375853e-06
3.69746203056e-09	1.1228195973e-07
3.70111564917e-09	1.37208108697e-06
3.70476926778e-09	2.0955548905e-06
3.70842288638e-09	1.909566123e-06
3.71207650499e-09	8.22725297667e-07
3.7157301236e-09	-7.42785772445e-07
3.7193837422e-09	-2.11631970615e-06
3.72303736081e-09	-2.67396393383e-06
3.72669097942e-09	-2.12609941741e-06
3.73034459803e-09	-6.61566353699e-07
3.73399821663e-09	1.12045846379e-06
3.73765183524e-09	2.45931406084e-06
3.74130545385e-09	2.75578170772e-06
3.74495907246e-09	1.83318229574e-06
3.74861269106e-09	3.11587591284e-08
3.75226630967e-09	-1.91348644307e-06
3.75591992828e-09	-3.16002379463e-06
3.75957354688e-09	-3.12369886046e-06
3.76322716549e-09	-1.75082251985e-06
3.7668807841e-09	4.20104694143e-07
3.77053440271e-09	2.46278801797e-06
3.77418802131e-09	3.46025805698e-06
3.77784163992e-09	2.92411232294e-06
3.78149525853e-09	1.03651157701e-06
3.78514887714e-09	-1.40795407333e-06
3.78880249574e-09	-3.34353842391e-06
3.79245611435e-09	-3.90452294141e-06
3.79610973296e-09	-2.81229606003e-06
3.79976335156e-09	-5.0603725299e-07
3.80341697017e-09	2.03868208359e-06
3.80707058878e-09	3.72273407834e-06
3.81072420739e-09	3.79385446081e-06
3.81437782599e-09	2.17725562379e-06
3.8180314446e-09	-4.72348361313e-07
3.82168506321e-09	-3.02999276869e-06
3.82533868182e-09	-4.37305482137e-06
3.82899230042e-09	-3.87498974419e-06
3.83264591903e-09	-1.70157589707e-06
3.83629953764e-09	1.23363690818e-06
3.83995315625e-09	3.65333133345e-06
3.84360677485e-09	4.47777512136e-06
3.84726039346e-09	3.31244345375e-06
3.85091401207e-09	6.36354826611e-07
3.85456763067e-09	-2.39864922946e-06
3.85822124928e-09	-4.46940089205e-06
3.86187486789e-09	-4.66045389658e-06
3.8655284865e-09	-2.8655699964e-06
3.8691821051e-09	1.60155433804e-07
3.87283572371e-09	3.11934317665e-06
3.87648934232e-09	4.7260377869e-06
3.88014296093e-09	4.2619820988e-06
3.88379657953e-09	1.89701759723e-06
3.88745019814e-09	-1.36779260629e-06
3.89110381675e-09	-4.12105828218e-06
3.89475743535e-09	-5.15168750326e-06
3.89841105396e-09	-3.98557358494e-06
3.90206467257e-09	-1.10669046194e-06
3.90571829118e-09	2.24335752819e-06
3.90937190978e-09	4.60487160581e-06
3.91302552839e-09	4.94058951972e-06
3.916679147e-09	3.09223239014e-06
3.92033276561e-09	-1.48118790122e-07
3.92398638421e-09	-3.38137604672e-06
3.92764000282e-09	-5.2067405818e-06
3.93129362143e-09	-4.82723453388e-06
3.93494724003e-09	-2.39506084654e-06
3.93860085864e-09	1.0492063609e-06
3.94225447725e-09	4.02010340395e-06
3.94590809586e-09	5.22630995192e-06
3.94956171446e-09	4.13335516214e-06
3.95321533307e-09	1.20341397292e-06
3.95686895168e-09	-2.29787860917e-06
3.96052257029e-09	-4.84995598526e-06
3.96417618889e-09	-5.34215939751e-06
3.9678298075e-09	-3.56055264206e-06
3.97148342611e-09	-2.801986696e-07
3.97513704471e-09	3.07636594243e-06
3.97879066332e-09	5.06011610923e-06
3.98244428193e-09	4.8218960842e-06
3.98609790054e-09	2.47272825504e-06
3.98975151914e-09	-9.70935403188e-07
3.99340513775e-09	-4.02788850806e-06
3.99705875636e-09	-5.38704057362e-06
4.00071237497e-09	-4.46796576625e-06
4.00436599357e-09	-1.66918856337e-06
4.00801961218e-09	1.80195303301e-06
4.01167323079e-09	4.44875757921e-06
4.01532684939e-09	5.13223420739e-06
4.018980468e-09	3.56540141411e-06
4.02263408661e-09	4.36225843004e-07
4.02628770522e-09	-2.89577812396e-06
4.02994132382e-09	-4.9950933203e-06
4.03359494243e-09	-4.97292535329e-06
4.03724856104e-09	-2.86332593191e-06
4.04090217965e-09	4.06010737919e-07
4.04455579825e-09	3.42604241155e-06
4.04820941686e-09	4.91478584763e-06
4.05186303547e-09	4.25919580493e-06
4.05551665407e-09	1.76392285312e-06
4.05917027268e-09	-1.49030546481e-06
4.06282389129e-09	-4.11321275351e-06
4.0664775099e-09	-4.99715469005e-06
4.0701311285e-09	-3.78547593982e-06
4.07378474711e-09	-1.01830067933e-06
4.07743836572e-09	2.10625083241e-06
4.08109198433e-09	4.25246781788e-06
4.08474560293e-09	4.52211457969e-06
4.08839922154e-09	2.83310927784e-06
4.09205284015e-09	-6.08261583324e-08
4.09570645875e-09	-2.91040905154e-06
4.09936007736e-09	-4.51408646995e-06
4.10301369597e-09	-4.22489273433e-06
4.10666731458e-09	-2.20725851818e-06
4.11032093318e-09	6.54422095181e-07
4.11397455179e-09	3.14417366098e-06
4.1176281704e-09	4.22925654675e-06
4.12128178901e-09	3.48602330291e-06
4.12493540761e-09	1.26397114286e-06
4.12858902622e-09	-1.47548057328e-06
4.13224264483e-09	-3.57384419658e-06
4.13589626343e-09	-4.16721792362e-06
4.13954988204e-09	-3.04469341472e-06
4.14320350065e-09	-7.21770589962e-07
4.14685711926e-09	1.79773226705e-06
4.15051073786e-09	3.45988672734e-06
4.15416435647e-09	3.60428251156e-06
4.15781797508e-09	2.22347298973e-06
4.16147159369e-09	-6.16850552859e-08
4.16512521229e-09	-2.28423846238e-06
4.1687788309e-09	-3.53992476221e-06
4.17243244951e-09	-3.35050955869e-06
4.17608606811e-09	-1.84000066383e-06
4.17973968672e-09	3.36573950932e-07
4.18339330533e-09	2.2739676524e-06
4.18704692394e-09	3.19071719446e-06
4.19070054254e-09	2.74444082038e-06
4.19435416115e-09	1.16084925139e-06
4.19800777976e-09	-8.75619775798e-07
4.20166139837e-09	-2.51944678098e-06
4.20531501697e-09	-3.11989350621e-06
4.20896863558e-09	-2.47999903991e-06
4.21262225419e-09	-9.13664479185e-07
4.21627587279e-09	9.11524693947e-07
4.2199294914e-09	2.2630837293e-06
4.22358311001e-09	2.63558246161e-06
4.22723672862e-09	1.93036777318e-06
4.23089034722e-09	4.67160095496e-07
4.23454396583e-09	-1.16023039709e-06
4.23819758444e-09	-2.31947521456e-06
4.24185120305e-09	-2.5784596005e-06
4.24550482165e-09	-1.86303361716e-06
4.24915844026e-09	-4.77514674913e-07
4.25281205887e-09	1.02025285287e-06
4.25646567747e-09	2.0429810661e-06
4.26011929608e-09	2.20695116582e-06
4.26377291469e-09	1.47802133199e-06
4.2674265333e-09	1.70565844115e-07
4.2710801519e-09	-1.19282412925e-06
4.27473377051e-09	-2.09441685683e-06
4.27838738912e-09	-2.21489975161e-06
4.28204100773e-09	-1.53699050998e-06
4.28569462633e-09	-3.32760649258e-07
4.28934824494e-09	9.45571002831e-07
4.29300186355e-09	1.82771336199e-06
4.29665548215e-09	1.9880962725e-06
4.30030910076e-09	1.36199942347e-06
4.30396271937e-09	1.76089997694e-07
4.30761633798e-09	-1.12498955218e-06
4.31126995658e-09	-2.04044349061e-06
4.31492357519e-09	-2.20791088168e-06
4.3185771938e-09	-1.55184905282e-06
4.32223081241e-09	-3.19797692327e-07
4.32588443101e-09	1.01283099241e-06
4.32953804962e-09	1.9295174809e-06
4.33319166823e-09	2.07301508226e-06
4.33684528683e-09	1.38023534646e-06
4.34049890544e-09	1.05124357219e-07
4.34415252405e-09	-1.27370378777e-06
4.34780614266e-09	-2.2257042076e-06
4.35145976126e-09	-2.36501276163e-06
4.35511337987e-09	-1.60500246693e-06
4.35876699848e-09	-2.1103744885e-07
4.36242061709e-09	1.28178263026e-06
4.36607423569e-09	2.26922702495e-06
4.3697278543e-09	2.3257680084e-06
4.37338147291e-09	1.39449542758e-06
4.37703509151e-09	-1.71124547421e-07
4.38068871012e-09	-1.74212182458e-06
4.38434232873e-09	-2.67175892077e-06
4.38799594734e-09	-2.56544166177e-06
4.39164956594e-09	-1.4464770004e-06
4.39530318455e-09	2.49131286267e-07
4.39895680316e-09	1.84411359783e-06
4.40261042177e-09	2.68730525477e-06
4.40626404037e-09	2.41495720843e-06
4.40991765898e-09	1.10575496137e-06
4.41357127759e-09	-7.33658083618e-07
4.41722489619e-09	-2.35767058143e-06
4.4208785148e-09	-3.08090713474e-06
4.42453213341e-09	-2.57132757042e-06
4.42818575202e-09	-1.00870799713e-06
4.43183937062e-09	9.72123515908e-07
4.43549298923e-09	2.54143819234e-06
4.43914660784e-09	3.0292866029e-06
4.44280022645e-09	2.21683632162e-06
4.44645384505e-09	4.33525134014e-07
4.45010746366e-09	-1.58207022594e-06
4.45376108227e-09	-2.99274364579e-06
4.45741470087e-09	-3.21047997431e-06
4.46106831948e-09	-2.13716083408e-06
4.46472193809e-09	-2.05281747157e-07
4.4683755567e-09	1.79510672638e-06
4.4720291753e-09	3.03421370518e-06
4.47568279391e-09	2.98400883025e-06
4.47933641252e-09	1.64543149594e-06
4.48299003113e-09	-4.36829999728e-07
4.48664364973e-09	-2.39168045368e-06
4.49029726834e-09	-3.38787026521e-06
4.49395088695e-09	-2.99519413716e-06
4.49760450555e-09	-1.37634341968e-06
4.50125812416e-09	7.80319624027e-07
4.50491174277e-09	2.56007655253e-06
4.50856536138e-09	3.21682207982e-06
4.51221897998e-09	2.4880069418e-06
4.51587259859e-09	6.9480782372e-07
4.5195262172e-09	-1.40505051149e-06
4.52317983581e-09	-2.93951904951e-06
4.52683345441e-09	-3.28113259229e-06
4.53048707302e-09	-2.29898483894e-06
4.53414069163e-09	-4.07839770844e-07
4.53779431023e-09	1.6032544039e-06
4.54144792884e-09	2.89550939669e-06
4.54510154745e-09	2.93057144063e-06
4.54875516606e-09	1.69993880661e-06
4.55240878466e-09	-2.67676497856e-07
4.55606240327e-09	-2.13258977055e-06
4.55971602188e-09	-3.1076127982e-06
4.56336964049e-09	-2.7983446671e-06
4.56702325909e-09	-1.36543341966e-06
4.5706768777e-09	5.59290924684e-07
4.57433049631e-09	2.15845329876e-06
4.57798411491e-09	2.78036739587e-06
4.58163773352e-09	2.20300694309e-06
4.58529135213e-09	7.04950679165e-07
4.58894497074e-09	-1.07039471686e-06
4.59259858934e-09	-2.39009520442e-06
4.59625220795e-09	-2.72975088933e-06
4.59990582656e-09	-1.97885125885e-06
4.60355944517e-09	-4.75633783026e-07
4.60721306377e-09	1.13990355999e-06
4.61086668238e-09	2.19615131414e-06
4.61452030099e-09	2.27206857062e-06
4.61817391959e-09	1.37038256298e-06
4.6218275382e-09	-9.45291880328e-08
4.62548115681e-09	-1.48816926071e-06
4.62913477542e-09	-2.23666850729e-06
4.63278839402e-09	-2.06822159043e-06
4.63644201263e-09	-1.10841011747e-06
4.64009563124e-09	2.00749074253e-07
4.64374924985e-09	1.30833609546e-06
4.64740286845e-09	1.78669026241e-06
4.65105648706e-09	1.49159706098e-06
4.65471010567e-09	5.94280223254e-07
4.65836372427e-09	-5.10643559437e-07
4.66201734288e-09	-1.37534561873e-06
4.66567096149e-09	-1.67626328107e-06
4.6693245801e-09	-1.33372071787e-06
4.6729781987e-09	-5.29189534859e-07
4.67663181731e-09	3.82924550735e-07
4.68028543592e-09	1.03159736398e-06
4.68393905453e-09	1.18420041417e-06
4.68759267313e-09	8.31890474728e-07
4.69124629174e-09	1.70284113921e-07
4.69489991035e-09	-5.07119153781e-07
4.69855352895e-09	-9.43789586927e-07
4.70220714756e-09	-1.01736158342e-06
4.70586076617e-09	-7.61482937151e-07
4.70951438478e-09	-3.19612841082e-07
4.71316800338e-09	1.32354873728e-07
4.71682162199e-09	4.52692969333e-07
4.7204752406e-09	5.68762487774e-07
4.72412885921e-09	4.79072777892e-07
4.72778247781e-09	2.36803291642e-07
4.73143609642e-09	-7.5007122291e-08
4.73508971503e-09	-3.68192335287e-07
4.73874333363e-09	-5.71098240698e-07
4.74239695224e-09	-6.4083114637e-07
4.74605057085e-09	-5.656233526e-07
4.74970418946e-09	-3.59807614814e-07
4.75335780806e-09	-6.10383477095e-08
4.75701142667e-09	2.67089639294e-07
4.76066504528e-09	5.33182785034e-07
4.76431866389e-09	6.3230976366e-07
4.76797228249e-09	4.84630479747e-07
4.7716259011e-09	8.73488943398e-08
4.77527951971e-09	-4.51556374514e-07
4.77893313831e-09	-9.30572610969e-07
4.78258675692e-09	-1.13042182193e-06
4.78624037553e-09	-9.19109396591e-07
4.78989399414e-09	-3.31664246289e-07
4.79354761274e-09	4.2227904018e-07
4.79720123135e-09	1.0355063722e-06
4.80085484996e-09	1.2324822336e-06
4.80450846857e-09	8.9325629915e-07
4.80816208717e-09	1.15810379953e-07
4.81181570578e-09	-8.0988809259e-07
4.81546932439e-09	-1.50877535532e-06
4.81912294299e-09	-1.66895252107e-06
4.8227765616e-09	-1.17743685735e-06
4.82643018021e-09	-1.87151941944e-07
4.83008379882e-09	9.20648091096e-07
4.83373741742e-09	1.67841125176e-06
4.83739103603e-09	1.72985376423e-06
4.84104465464e-09	1.00041107487e-06
4.84469827325e-09	-2.44113483205e-07
4.84835189185e-09	-1.49097873248e-06
4.85200551046e-09	-2.19603492724e-06
4.85565912907e-09	-2.02686180728e-06
4.85931274767e-09	-1.02050894668e-06
4.86296636628e-09	4.20351408792e-07
4.86661998489e-09	1.69349655721e-06
4.8702736035e-09	2.25215129035e-06
4.8739272221e-09	1.83870253068e-06
4.87758084071e-09	5.98828279408e-07
4.88123445932e-09	-9.70274982137e-07
4.88488807793e-09	-2.21786925181e-06
4.88854169653e-09	-2.6062270706e-06
4.89219531514e-09	-1.94097377459e-06
4.89584893375e-09	-4.6811177512e-07
4.89950255235e-09	1.2107757783e-06
4.90315617096e-09	2.38241943862e-06
4.90680978957e-09	2.52759633668e-06
4.91046340818e-09	1.55660549694e-06
4.91411702678e-09	-1.37481663387e-07
4.91777064539e-09	-1.83911210172e-06
4.921424264e-09	-2.81838606497e-06
4.92507788261e-09	-2.64907228598e-06
4.92873150121e-09	-1.39471680427e-06
4.93238511982e-09	4.19049850819e-07
4.93603873843e-09	2.02944750072e-06
4.93969235703e-09	2.75895826007e-06
4.94334597564e-09	2.29799704243e-06
4.94699959425e-09	8.33243774423e-07
4.95065321286e-09	-1.02832028404e-06
4.95430683146e-09	-2.50860571782e-06
4.95796045007e-09	-2.98137288723e-06
4.96161406868e-09	-2.23817056622e-06
4.96526768729e-09	-5.83686954769e-07
4.96892130589e-09	1.28557428525e-06
4.9725749245e-09	2.57528617453e-06
4.97622854311e-09	2.73549184726e-06
4.97988216171e-09	1.7004597197e-06
4.98353578032e-09	-8.32816660079e-08
4.98718939893e-09	-1.85318579327e-06
4.99084301754e-09	-2.86251815851e-06
4.99449663614e-09	-2.69815970455e-06
4.99815025475e-09	-1.44778476852e-06
5.00180387336e-09	3.49275484979e-07
