% time-domain voltage integration by openEMS v0.0.36-93-g7b9cd51 @Thu Sep 24 16:32:49 2026
% start-coordinates: (0.0583,0,0.00014336) m -> [75,3,5]
% stop-coordinates: (0.0583,0,0.0021) m -> [75,3,7]
% t/s	voltage
0	-0
3.65361860727e-12	-0
7.30723721455e-12	-0
1.09608558218e-11	-0
1.46144744291e-11	-0
1.82680930364e-11	-0
2.19217116436e-11	-4.03711644963e-34
2.55753302509e-11	-1.90097129585e-30
2.92289488582e-11	-1.4611169477e-27
3.28825674655e-11	-3.1942379205e-25
3.65361860727e-11	-2.7719299974e-23
4.018980468e-11	-1.17633715137e-21
4.38434232873e-11	-2.838653318e-20
4.74970418946e-11	-4.3492295177e-19
5.11506605018e-11	-4.59747630692e-18
5.48042791091e-11	-3.57416127598e-17
5.84578977164e-11	-2.14793897017e-16
6.21115163237e-11	-1.0378065119e-15
6.57651349309e-11	-4.15785386865e-15
6.94187535382e-11	-1.4141685793e-14
7.30723721455e-11	-4.1491053418e-14
7.67259907528e-11	-1.05706964042e-13
8.037960936e-11	-2.32039973173e-13
8.40332279673e-11	-4.22547989708e-13
8.76868465746e-11	-5.55131088938e-13
9.13404651819e-11	-1.17199972304e-13
9.49940837891e-11	2.38923383031e-12
9.86477023964e-11	1.0620428907e-11
1.02301321004e-10	3.24680052809e-11
1.05954939611e-10	8.33783962012e-11
1.09608558218e-10	1.91108944642e-10
1.13262176825e-10	4.01694760788e-10
1.16915795433e-10	7.85580600571e-10
1.2056941404e-10	1.44156840631e-09
1.24223032647e-10	2.49444495615e-09
1.27876651255e-10	4.08003197894e-09
1.31530269862e-10	6.30924268386e-09
1.35183888469e-10	9.20093812251e-09
1.38837507076e-10	1.25724868294e-08
1.42491125684e-10	1.58775879111e-08
1.46144744291e-10	1.79833803404e-08
1.49798362898e-10	1.68845120108e-08
1.53451981506e-10	9.3604276552e-09
1.57105600113e-10	-9.40480293643e-09
1.6075921872e-10	-4.62040588012e-08
1.64412837327e-10	-1.1013384249e-07
1.68066455935e-10	-2.12789968757e-07
1.71720074542e-10	-3.6823946914e-07
1.75373693149e-10	-5.92670652111e-07
1.79027311756e-10	-9.03629235438e-07
1.82680930364e-10	-1.31877321508e-06
1.86334548971e-10	-1.85411769849e-06
1.89988167578e-10	-2.52177906646e-06
1.93641786186e-10	-3.32728322405e-06
1.97295404793e-10	-4.26654963803e-06
2.009490234e-10	-5.32268080633e-06
2.04602642007e-10	-6.46276498628e-06
2.08256260615e-10	-7.63495023648e-06
2.11909879222e-10	-8.76612887168e-06
2.15563497829e-10	-9.76061551228e-06
2.19217116436e-10	-1.05002826558e-05
2.22870735044e-10	-1.08466078927e-05
2.26524353651e-10	-1.0644861959e-05
2.30177972258e-10	-9.73063049514e-06
2.33831590866e-10	-7.93838341906e-06
2.37485209473e-10	-5.11172981987e-06
2.4113882808e-10	-1.11470543374e-06
2.44792446687e-10	4.15661202169e-06
2.48446065295e-10	1.07627402031e-05
2.52099683902e-10	1.87102032214e-05
2.55753302509e-10	2.79421324194e-05
2.59406921116e-10	3.83306801268e-05
2.63060539724e-10	4.96719276271e-05
2.66714158331e-10	6.16843385615e-05
2.70367776938e-10	7.40119967304e-05
2.74021395546e-10	8.62335045895e-05
2.77675014153e-10	9.78770831352e-05
2.8132863276e-10	0.000108441257908
2.84982251367e-10	0.000117419515846
2.88635869975e-10	0.000124326756122
2.92289488582e-10	0.000128725429022
2.95943107189e-10	0.000130248758069
2.99596725796e-10	0.000128620989926
3.03250344404e-10	0.000123674215502
3.06903963011e-10	0.000115362699034
3.10557581618e-10	0.000103774492345
3.14211200226e-10	8.91400841283e-05
3.17864818833e-10	7.18356341167e-05
3.2151843744e-10	5.23775856891e-05
3.25172056047e-10	3.14064177473e-05
3.28825674655e-10	9.65858669133e-06
3.32479293262e-10	-1.20722113479e-05
3.36132911869e-10	-3.29788140334e-05
3.39786530476e-10	-5.228413238e-05
3.43440149084e-10	-6.92785724823e-05
3.47093767691e-10	-8.33477988635e-05
3.50747386298e-10	-9.39912624744e-05
3.54401004906e-10	-0.00010083511188
3.58054623513e-10	-0.000103644236333
3.6170824212e-10	-0.000102336783129
3.65361860727e-10	-9.70005994532e-05
3.69015479335e-10	-8.7906592853e-05
3.72669097942e-10	-7.55113187552e-05
3.76322716549e-10	-6.04415349699e-05
3.79976335156e-10	-4.34565872638e-05
3.83629953764e-10	-2.53933922068e-05
3.87283572371e-10	-7.10250122893e-06
3.90937190978e-10	1.06102384052e-05
3.94590809586e-10	2.70247708158e-05
3.98244428193e-10	4.1525465349e-05
4.018980468e-10	5.35999847671e-05
4.05551665407e-10	6.28312955087e-05
4.09205284015e-10	6.88952741257e-05
4.12858902622e-10	7.1576031587e-05
4.16512521229e-10	7.07967747076e-05
4.20166139837e-10	6.66590340188e-05
4.23819758444e-10	5.94682915107e-05
4.27473377051e-10	4.97317009831e-05
4.31126995658e-10	3.81157010452e-05
4.34780614266e-10	2.53708903983e-05
4.38434232873e-10	1.22413320014e-05
4.4208785148e-10	-6.13207113531e-07
4.45741470087e-10	-1.26606448703e-05
4.49395088695e-10	-2.3493647177e-05
4.53048707302e-10	-3.27907023348e-05
4.56702325909e-10	-4.02646187467e-05
4.60355944517e-10	-4.5630841214e-05
4.64009563124e-10	-4.86171047669e-05
4.67663181731e-10	-4.90187167088e-05
4.71316800338e-10	-4.67796694466e-05
4.74970418946e-10	-4.20638648393e-05
4.78624037553e-10	-3.52794709215e-05
4.8227765616e-10	-2.70353084488e-05
4.85931274767e-10	-1.80359531896e-05
4.89584893375e-10	-8.94721074474e-06
4.93238511982e-10	-2.81903740351e-07
4.96892130589e-10	7.65342861087e-06
5.00545749197e-10	1.47297533886e-05
5.04199367804e-10	2.09010543131e-05
5.07852986411e-10	2.60874282958e-05
5.11506605018e-10	3.00931678794e-05
5.15160223626e-10	3.26026320181e-05
5.18813842233e-10	3.32656654791e-05
5.2246746084e-10	3.18410830005e-05
5.26121079447e-10	2.83379579287e-05
5.29774698055e-10	2.30874445606e-05
5.33428316662e-10	1.67042196608e-05
5.37081935269e-10	9.94038612134e-06
5.40735553877e-10	3.4839770251e-06
5.44389172484e-10	-2.21991368221e-06
5.48042791091e-10	-7.05036052295e-06
5.51696409698e-10	-1.11594744112e-05
5.55350028306e-10	-1.48085262026e-05
5.59003646913e-10	-1.81618006536e-05
5.6265726552e-10	-2.11300252886e-05
5.66310884127e-10	-2.33387677326e-05
5.69964502735e-10	-2.42450425958e-05
5.73618121342e-10	-2.3361038302e-05
5.77271739949e-10	-2.04919751923e-05
5.80925358557e-10	-1.58820514571e-05
5.84578977164e-10	-1.01939195929e-05
5.88232595771e-10	-4.31757968045e-06
5.91886214378e-10	9.22659864955e-07
5.95539832986e-10	5.04278330027e-06
5.99193451593e-10	8.03847933639e-06
6.028470702e-10	1.03239690361e-05
6.06500688807e-10	1.2491619259e-05
6.10154307415e-10	1.49923690742e-05
6.13807926022e-10	1.78757802587e-05
6.17461544629e-10	2.070853634e-05
6.21115163237e-10	2.27167256526e-05
6.24768781844e-10	2.31011661072e-05
6.28422400451e-10	2.13968748994e-05
6.32076019058e-10	1.77206636636e-05
6.35729637666e-10	1.27908066361e-05
6.39383256273e-10	7.69549387769e-06
6.4303687488e-10	3.49517890186e-06
6.46690493488e-10	8.21359755321e-07
6.50344112095e-10	-3.54824774007e-07
6.53997730702e-10	-6.77197782295e-07
6.57651349309e-10	-1.09292255956e-06
6.61304967917e-10	-2.40159516807e-06
6.64958586524e-10	-4.8604690619e-06
6.68612205131e-10	-8.02126783128e-06
6.72265823738e-10	-1.08802704517e-05
6.75919442346e-10	-1.22875472925e-05
6.79573060953e-10	-1.14475035389e-05
6.8322667956e-10	-8.29667885682e-06
6.86880298168e-10	-3.58976382131e-06
6.90533916775e-10	1.35676529567e-06
6.94187535382e-10	5.16842646903e-06
6.97841153989e-10	6.95904213899e-06
7.01494772597e-10	6.68640149115e-06
7.05148391204e-10	5.15705664839e-06
7.08802009811e-10	3.6648978039e-06
7.12455628418e-10	3.40953394584e-06
7.16109247026e-10	4.94112794058e-06
7.19762865633e-10	7.87828753346e-06
7.2341648424e-10	1.10312470269e-05
7.27070102848e-10	1.28903543555e-05
7.30723721455e-10	1.22769024529e-05
7.34377340062e-10	8.87873102329e-06
7.38030958669e-10	3.43480027709e-06
7.41684577277e-10	-2.51979770383e-06
7.45338195884e-10	-7.2531993851e-06
7.48991814491e-10	-9.53424796535e-06
7.52645433098e-10	-9.13561063953e-06
7.56299051706e-10	-6.92197750141e-06
7.59952670313e-10	-4.47481744459e-06
7.6360628892e-10	-3.39999846233e-06
7.67259907528e-10	-4.6093492756e-06
7.70913526135e-10	-7.88706609001e-06
7.74567144742e-10	-1.19406278145e-05
7.78220763349e-10	-1.49288753164e-05
7.81874381957e-10	-1.52498408852e-05
7.85528000564e-10	-1.22521356616e-05
7.89181619171e-10	-6.5576276711e-06
7.92835237778e-10	1.51084803335e-07
7.96488856386e-10	5.7979445387e-06
8.00142474993e-10	8.75682655987e-06
8.037960936e-10	8.51710115057e-06
8.07449712208e-10	5.88634395626e-06
8.11103330815e-10	2.63928717459e-06
8.14756949422e-10	7.50888396794e-07
8.18410568029e-10	1.53242849876e-06
8.22064186637e-10	5.03592741552e-06
8.25717805244e-10	9.99083499664e-06
8.29371423851e-10	1.43142934803e-05
8.33025042458e-10	1.59916728535e-05
8.36678661066e-10	1.39538460644e-05
8.40332279673e-10	8.5711377551e-06
8.4398589828e-10	1.54032341015e-06
8.47639516888e-10	-4.79624981153e-06
8.51293135495e-10	-8.4135126599e-06
8.54946754102e-10	-8.43835493924e-06
8.58600372709e-10	-5.50008553546e-06
8.62253991317e-10	-1.44769342114e-06
8.65907609924e-10	1.4483681241e-06
8.69561228531e-10	1.47525072691e-06
8.73214847138e-10	-1.77220644559e-06
8.76868465746e-10	-7.18900821539e-06
8.80522084353e-10	-1.25985949353e-05
8.8417570296e-10	-1.56596317993e-05
8.87829321568e-10	-1.48655277599e-05
8.91482940175e-10	-1.02113145886e-05
8.95136558782e-10	-3.23410290548e-06
8.98790177389e-10	3.60358433227e-06
9.02443795997e-10	7.9322272768e-06
9.06097414604e-10	8.46100772378e-06
9.09751033211e-10	5.50644602981e-06
9.13404651819e-10	8.37309016788e-07
9.17058270426e-10	-3.09549000121e-06
9.20711889033e-10	-4.21289507813e-06
9.2436550764e-10	-1.69930086713e-06
9.28019126248e-10	3.64054758961e-06
9.31672744855e-10	9.70602422967e-06
9.35326363462e-10	1.39717332104e-05
9.38979982069e-10	1.45460843441e-05
9.42633600677e-10	1.09786610665e-05
9.46287219284e-10	4.475331707e-06
9.49940837891e-10	-2.57982452467e-06
9.53594456499e-10	-7.60522311793e-06
9.57248075106e-10	-8.89579416707e-06
9.60901693713e-10	-6.33017242535e-06
9.6455531232e-10	-1.40536130289e-06
9.68208930928e-10	3.4190591407e-06
9.71862549535e-10	5.78156607389e-06
9.75516168142e-10	4.42806992851e-06
9.79169786749e-10	-2.59286675686e-07
9.82823405357e-10	-6.42732663891e-06
9.86477023964e-10	-1.1531343489e-05
9.90130642571e-10	-1.33957448725e-05
9.93784261179e-10	-1.11183015861e-05
9.97437879786e-10	-5.44952280279e-06
1.00109149839e-09	1.50607388605e-06
1.004745117e-09	7.14774358812e-06
1.00839873561e-09	9.44640453326e-06
1.01205235421e-09	7.7806629406e-06
1.01570597282e-09	3.18601496474e-06
1.01935959143e-09	-2.09559320297e-06
1.02301321004e-09	-5.57836534654e-06
1.02666682864e-09	-5.59500784902e-06
1.03032044725e-09	-2.0010064361e-06
1.03397406586e-09	3.77614233571e-06
1.03762768447e-09	9.35238892907e-06
1.04128130307e-09	1.23914156802e-05
1.04493492168e-09	1.15706297947e-05
1.04858854029e-09	7.11338645942e-06
1.05224215889e-09	6.8507188189e-07
1.0558957775e-09	-5.29140584149e-06
1.05954939611e-09	-8.61780642936e-06
1.06320301472e-09	-8.20635023047e-06
1.06685663332e-09	-4.51233000831e-06
1.07051025193e-09	6.6586779468e-07
1.07416387054e-09	4.94477887969e-06
1.07781748915e-09	6.36124843822e-06
1.08147110775e-09	4.20125422806e-06
1.08512472636e-09	-7.04012002473e-07
1.08877834497e-09	-6.34070403294e-06
1.09243196357e-09	-1.03706975096e-05
1.09608558218e-09	-1.11097544959e-05
1.09973920079e-09	-8.21035860099e-06
1.1033928194e-09	-2.77698183027e-06
1.107046438e-09	3.10894927225e-06
1.11070005661e-09	7.23989506923e-06
1.11435367522e-09	8.15964983758e-06
1.11800729383e-09	5.72570286295e-06
1.12166091243e-09	1.14463369982e-06
1.12531453104e-09	-3.52923754576e-06
1.12896814965e-09	-6.23703351721e-06
1.13262176825e-09	-5.76465970425e-06
1.13627538686e-09	-2.24917067726e-06
1.13992900547e-09	2.8775679084e-06
1.14358262408e-09	7.49122261823e-06
1.14723624268e-09	9.66837683336e-06
1.15088986129e-09	8.48463832881e-06
1.1545434799e-09	4.37893862681e-06
1.15819709851e-09	-1.05614003587e-06
1.16185071711e-09	-5.74601273229e-06
1.16550433572e-09	-7.97184679868e-06
1.16915795433e-09	-7.03443294015e-06
1.17281157293e-09	-3.49711876879e-06
1.17646519154e-09	1.06493338592e-06
1.18011881015e-09	4.70133613817e-06
1.18377242876e-09	5.86410988035e-06
1.18742604736e-09	4.03087614131e-06
1.19107966597e-09	-7.5513586939e-08
1.19473328458e-09	-4.77194629411e-06
1.19838690319e-09	-8.10466281109e-06
1.20204052179e-09	-8.66135735578e-06
1.2056941404e-09	-6.15970697027e-06
1.20934775901e-09	-1.55566270621e-06
1.21300137761e-09	3.36819977065e-06
1.21665499622e-09	6.74545839274e-06
1.22030861483e-09	7.37469372325e-06
1.22396223344e-09	5.17106099096e-06
1.22761585204e-09	1.16063698385e-06
1.23126947065e-09	-2.95168709386e-06
1.23492308926e-09	-5.45856141798e-06
1.23857670787e-09	-5.3156775266e-06
1.24223032647e-09	-2.55301196717e-06
1.24588394508e-09	1.72483012761e-06
1.24953756369e-09	5.76543942543e-06
1.25319118229e-09	7.8729510733e-06
1.2568448009e-09	7.11258979891e-06
1.26049841951e-09	3.71346385464e-06
1.26415203812e-09	-1.01660771179e-06
1.26780565672e-09	-5.23691454646e-06
1.27145927533e-09	-7.34062655283e-06
1.27511289394e-09	-6.60685083176e-06
1.27876651255e-09	-3.46599009049e-06
1.28242013115e-09	7.10177886276e-07
1.28607374976e-09	4.18009318537e-06
1.28972736837e-09	5.52323689362e-06
1.29338098698e-09	4.18744230046e-06
1.29703460558e-09	6.99737647381e-07
1.30068822419e-09	-3.53269422249e-06
1.3043418428e-09	-6.76619106343e-06
1.3079954614e-09	-7.61789948456e-06
1.31164908001e-09	-5.64619608667e-06
1.31530269862e-09	-1.56353056013e-06
1.31895631723e-09	3.03543691871e-06
1.32260993583e-09	6.334422892e-06
1.32626355444e-09	7.06238881776e-06
1.32991717305e-09	5.02372472511e-06
1.33357079166e-09	1.15979987925e-06
1.33722441026e-09	-2.87023675583e-06
1.34087802887e-09	-5.38825514695e-06
1.34453164748e-09	-5.37206949502e-06
1.34818526608e-09	-2.84330673139e-06
1.35183888469e-09	1.16127780814e-06
1.3554925033e-09	5.00408509652e-06
1.35914612191e-09	7.08948527972e-06
1.36279974051e-09	6.50093733157e-06
1.36645335912e-09	3.39121606885e-06
1.37010697773e-09	-1.04686846214e-06
1.37376059634e-09	-5.04751511698e-06
1.37741421494e-09	-7.00686996424e-06
1.38106783355e-09	-6.17209968823e-06
1.38472145216e-09	-2.96998507565e-06
1.38837507076e-09	1.18394697779e-06
1.39202868937e-09	4.50711985422e-06
1.39568230798e-09	5.61387378184e-06
1.39933592659e-09	4.08058292578e-06
1.40298954519e-09	5.85116822549e-07
1.4066431638e-09	-3.40512443131e-06
1.41029678241e-09	-6.24058156973e-06
1.41395040102e-09	-6.74400911294e-06
1.41760401962e-09	-4.67138158911e-06
1.42125763823e-09	-8.13807581324e-07
1.42491125684e-09	3.30343189603e-06
1.42856487544e-09	6.02886638035e-06
1.43221849405e-09	6.27157766075e-06
1.43587211266e-09	3.97841381528e-06
1.43952573127e-09	1.73389555158e-07
1.44317934987e-09	-3.48159986174e-06
1.44683296848e-09	-5.41703383306e-06
1.45048658709e-09	-4.83926265815e-06
1.4541402057e-09	-2.05288748134e-06
1.4577938243e-09	1.70983133785e-06
1.46144744291e-09	4.84671363665e-06
1.46510106152e-09	6.06212057619e-06
1.46875468012e-09	4.87555502104e-06
1.47240829873e-09	1.77976698978e-06
1.47606191734e-09	-1.9815385599e-06
1.47971553595e-09	-4.91438959216e-06
1.48336915455e-09	-5.86708029005e-06
1.48702277316e-09	-4.49752837994e-06
1.49067639177e-09	-1.42661146185e-06
1.49433001038e-09	2.00777128612e-06
1.49798362898e-09	4.31852822658e-06
1.50163724759e-09	4.52173503618e-06
1.5052908662e-09	2.57205442722e-06
1.5089444848e-09	-6.30909291033e-07
1.51259810341e-09	-3.66771774907e-06
1.51625172202e-09	-5.24216898157e-06
1.51990534063e-09	-4.73316640637e-06
1.52355895923e-09	-2.41429751213e-06
1.52721257784e-09	7.19033117491e-07
1.53086619645e-09	3.39797918514e-06
1.53451981506e-09	4.59526455643e-06
1.53817343366e-09	3.91094667407e-06
1.54182705227e-09	1.7044878291e-06
1.54548067088e-09	-1.06069029471e-06
1.54913428948e-09	-3.20711242807e-06
1.55278790809e-09	-3.83009378879e-06
1.5564415267e-09	-2.68833193218e-06
1.56009514531e-09	-3.16575370363e-07
1.56374876391e-09	2.2124179111e-06
1.56740238252e-09	3.77983440103e-06
1.57105600113e-09	3.7309448544e-06
1.57470961974e-09	2.15096173406e-06
1.57836323834e-09	-2.18772438387e-07
1.58201685695e-09	-2.35803227611e-06
1.58567047556e-09	-3.42982141888e-06
1.58932409416e-09	-3.1083811507e-06
1.59297771277e-09	-1.65365811711e-06
1.59663133138e-09	2.51927076533e-07
1.60028494999e-09	1.80291191043e-06
1.60393856859e-09	2.38400249941e-06
1.6075921872e-09	1.79742997375e-06
1.61124580581e-09	3.3333695626e-07
1.61489942442e-09	-1.34921452855e-06
1.61855304302e-09	-2.50262468171e-06
1.62220666163e-09	-2.62582969413e-06
1.62586028024e-09	-1.69679995565e-06
1.62951389884e-09	-1.75239650346e-07
1.63316751745e-09	1.23602255542e-06
1.63682113606e-09	1.94362283423e-06
1.64047475467e-09	1.73731929465e-06
1.64412837327e-09	8.4427303193e-07
1.64778199188e-09	-2.38304194156e-07
1.65143561049e-09	-1.01222977378e-06
1.6550892291e-09	-1.19533767418e-06
1.6587428477e-09	-7.97894358584e-07
1.66239646631e-09	-6.32529912892e-08
1.66605008492e-09	6.62789929606e-07
1.66970370352e-09	1.07164943586e-06
1.67335732213e-09	1.00325195262e-06
1.67701094074e-09	5.06288721169e-07
1.68066455935e-09	-1.77838696658e-07
1.68431817795e-09	-7.20858452041e-07
1.68797179656e-09	-8.72496485727e-07
1.69162541517e-09	-6.01137926992e-07
1.69527903378e-09	-1.17204880468e-07
1.69893265238e-09	2.51365886328e-07
1.70258627099e-09	2.62694950237e-07
1.7062398896e-09	-8.80049038088e-08
1.7098935082e-09	-5.70905889674e-07
1.71354712681e-09	-8.73796452083e-07
1.71720074542e-09	-7.98373093858e-07
1.72085436403e-09	-3.7300784328e-07
1.72450798263e-09	1.78444901522e-07
1.72816160124e-09	5.72934865772e-07
1.73181521985e-09	6.16214457239e-07
1.73546883846e-09	2.85971960778e-07
1.73912245706e-09	-2.69835624067e-07
1.74277607567e-09	-7.9623605842e-07
1.74642969428e-09	-1.02690661663e-06
1.75008331288e-09	-7.92055828924e-07
1.75373693149e-09	-1.13039985372e-07
1.7573905501e-09	7.6323252074e-07
1.76104416871e-09	1.4371923811e-06
1.76469778731e-09	1.53708560902e-06
1.76835140592e-09	9.28632616137e-07
1.77200502453e-09	-1.7132764718e-07
1.77565864314e-09	-1.26775253761e-06
1.77931226174e-09	-1.82772235746e-06
1.78296588035e-09	-1.55922808176e-06
1.78661949896e-09	-5.68796771461e-07
1.79027311756e-09	6.89192290793e-07
1.79392673617e-09	1.63481303161e-06
1.79758035478e-09	1.83137174758e-06
1.80123397339e-09	1.17020269386e-06
1.80488759199e-09	-9.49364604708e-08
1.8085412106e-09	-1.45568891696e-06
1.81219482921e-09	-2.34578129721e-06
1.81584844782e-09	-2.36166638956e-06
1.81950206642e-09	-1.43867076474e-06
1.82315568503e-09	8.7028922735e-08
1.82680930364e-09	1.58203656042e-06
1.83046292224e-09	2.3744320572e-06
1.83411654085e-09	2.06910533507e-06
1.83777015946e-09	7.62727495385e-07
1.84142377807e-09	-9.71008034867e-07
1.84507739667e-09	-2.33925266002e-06
1.84873101528e-09	-2.70646572176e-06
1.85238463389e-09	-1.89446996046e-06
1.8560382525e-09	-2.56825437361e-07
1.8596918711e-09	1.49634605862e-06
1.86334548971e-09	2.62011084828e-06
1.86699910832e-09	2.64787135507e-06
1.87065272692e-09	1.56987454147e-06
1.87430634553e-09	-1.73912603429e-07
1.87795996414e-09	-1.8692381758e-06
1.88161358275e-09	-2.80683315168e-06
1.88526720135e-09	-2.57249757851e-06
1.88892081996e-09	-1.23887733139e-06
1.89257443857e-09	6.35125857684e-07
1.89622805718e-09	2.22564801788e-06
1.89988167578e-09	2.80884626136e-06
1.90353529439e-09	2.10282448165e-06
1.907188913e-09	4.11086809038e-07
1.9108425316e-09	-1.51493576084e-06
1.91449615021e-09	-2.82762562165e-06
1.91814976882e-09	-2.970829172e-06
1.92180338743e-09	-1.91446557096e-06
1.92545700603e-09	-1.40111197311e-07
1.92911062464e-09	1.59123204924e-06
1.93276424325e-09	2.56626393025e-06
1.93641786186e-09	2.40270827589e-06
1.94007148046e-09	1.18917687075e-06
1.94372509907e-09	-5.56833583687e-07
1.94737871768e-09	-2.09508232274e-06
1.95103233628e-09	-2.76324254855e-06
1.95468595489e-09	-2.26162680406e-06
1.9583395735e-09	-7.97981343226e-07
1.96199319211e-09	9.88925918932e-07
1.96564681071e-09	2.31094711012e-06
1.96930042932e-09	2.59253135937e-06
1.97295404793e-09	1.735070569e-06
1.97660766654e-09	1.5089067773e-07
1.98026128514e-09	-1.44487964349e-06
1.98391490375e-09	-2.37042269191e-06
1.98756852236e-09	-2.27252644436e-06
1.99122214096e-09	-1.25139958129e-06
1.99487575957e-09	2.16925542418e-07
1.99852937818e-09	1.50148916589e-06
2.00218299679e-09	2.07652877293e-06
2.00583661539e-09	1.72341765392e-06
2.009490234e-09	6.08625377652e-07
2.01314385261e-09	-7.86799212449e-07
2.01679747122e-09	-1.86553099013e-06
2.02045108982e-09	-2.16885075588e-06
2.02410470843e-09	-1.58172255738e-06
2.02775832704e-09	-3.87593583895e-07
2.03141194564e-09	8.63913307114e-07
2.03506556425e-09	1.61794527287e-06
2.03871918286e-09	1.57303237813e-06
2.04237280147e-09	8.06589156355e-07
2.04602642007e-09	-2.88650397806e-07
2.04968003868e-09	-1.2099297777e-06
2.05333365729e-09	-1.57702999104e-06
2.0569872759e-09	-1.28121590137e-06
2.0606408945e-09	-4.99114996444e-07
2.06429451311e-09	4.10181684174e-07
2.06794813172e-09	1.06496801777e-06
2.07160175032e-09	1.21212232784e-06
2.07525536893e-09	8.20100026999e-07
2.07890898754e-09	8.44708987202e-08
2.08256260615e-09	-6.57948930893e-07
2.08621622475e-09	-1.07845436048e-06
2.08986984336e-09	-1.00727146446e-06
2.09352346197e-09	-5.12486664661e-07
2.09717708058e-09	1.38960509766e-07
2.10083069918e-09	6.21844151283e-07
2.10448431779e-09	7.19388467019e-07
2.1081379364e-09	4.24044856118e-07
2.111791555e-09	-7.88550451603e-08
2.11544517361e-09	-5.256862039e-07
2.11909879222e-09	-7.14427130788e-07
2.12275241083e-09	-5.9342872305e-07
2.12640602943e-09	-2.6302859979e-07
2.13005964804e-09	9.36280128983e-08
2.13371326665e-09	3.04501948989e-07
2.13736688526e-09	2.82867546275e-07
2.14102050386e-09	5.74858844971e-08
2.14467412247e-09	-2.45850692693e-07
2.14832774108e-09	-4.62765648024e-07
2.15198135968e-09	-4.68669181686e-07
2.15563497829e-09	-2.45642937102e-07
2.1592885969e-09	9.84005197324e-08
2.16294221551e-09	3.77326692558e-07
2.16659583411e-09	4.25468826393e-07
2.17024945272e-09	1.95290104088e-07
2.17390307133e-09	-2.05205804349e-07
2.17755668994e-09	-5.63913353346e-07
2.18121030854e-09	-6.79034364737e-07
2.18486392715e-09	-4.71702488625e-07
2.18851754576e-09	-3.17301855901e-08
2.19217116436e-09	4.27219596588e-07
2.19582478297e-09	6.75654852955e-07
2.19947840158e-09	5.80474761591e-07
2.20313202019e-09	1.67429428544e-07
2.20678563879e-09	-3.90366096781e-07
2.2104392574e-09	-8.47375069668e-07
2.21409287601e-09	-9.90977305548e-07
2.21774649462e-09	-7.36023579861e-07
2.22140011322e-09	-1.71195972953e-07
2.22505373183e-09	4.66406071098e-07
2.22870735044e-09	8.86827550062e-07
2.23236096904e-09	8.78433155549e-07
2.23601458765e-09	4.16072101217e-07
2.23966820626e-09	-3.11837489164e-07
2.24332182487e-09	-9.79651169075e-07
2.24697544347e-09	-1.27424053176e-06
2.25062906208e-09	-1.04526563405e-06
2.25428268069e-09	-3.80517850118e-07
2.2579362993e-09	4.31990962113e-07
2.2615899179e-09	1.03503232651e-06
2.26524353651e-09	1.16263620953e-06
2.26889715512e-09	7.55827024079e-07
2.27255077372e-09	-1.38288815954e-08
2.27620439233e-09	-8.18792976531e-07
2.27985801094e-09	-1.31368436485e-06
2.28351162955e-09	-1.28074334782e-06
2.28716524815e-09	-7.24176054234e-07
2.29081886676e-09	1.25986925781e-07
2.29447248537e-09	9.06469018958e-07
2.29812610398e-09	1.27539877326e-06
2.30177972258e-09	1.06415846801e-06
2.30543334119e-09	3.56815906599e-07
2.3090869598e-09	-5.42931253733e-07
2.3127405784e-09	-1.24553092462e-06
2.31639419701e-09	-1.44923471623e-06
2.32004781562e-09	-1.07256485649e-06
2.32370143423e-09	-2.85954719459e-07
2.32735505283e-09	5.68638505172e-07
2.33100867144e-09	1.12911791916e-06
2.33466229005e-09	1.16683223439e-06
2.33831590866e-09	6.77271906113e-07
2.34196952726e-09	-1.25100953596e-07
2.34562314587e-09	-9.01302499301e-07
2.34927676448e-09	-1.32977785938e-06
2.35293038308e-09	-1.2384932262e-06
2.35658400169e-09	-6.7368154788e-07
2.3602376203e-09	1.22117207901e-07
2.36389123891e-09	8.14509149905e-07
2.36754485751e-09	1.11969669092e-06
2.37119847612e-09	9.23513255202e-07
2.37485209473e-09	3.24944007701e-07
2.37850571334e-09	-4.13506139552e-07
2.38215933194e-09	-9.83436741819e-07
2.38581295055e-09	-1.16166665975e-06
2.38946656916e-09	-8.96888209923e-07
2.39312018776e-09	-3.19140273319e-07
2.39677380637e-09	3.25489459385e-07
2.40042742498e-09	7.80561819624e-07
2.40408104359e-09	8.80072981602e-07
2.40773466219e-09	6.05395101161e-07
2.4113882808e-09	8.19483405579e-08
2.41504189941e-09	-4.784107972e-07
2.41869551802e-09	-8.62868695606e-07
2.42234913662e-09	-9.37976565751e-07
2.42600275523e-09	-6.94354739039e-07
2.42965637384e-09	-2.41646242571e-07
2.43330999244e-09	2.41313937721e-07
2.43696361105e-09	5.77984415884e-07
2.44061722966e-09	6.57834888784e-07
2.44427084827e-09	4.69035938977e-07
2.44792446687e-09	9.24529137691e-08
2.45157808548e-09	-3.34604841612e-07
2.45523170409e-09	-6.67531523391e-07
2.4588853227e-09	-7.98880513742e-07
2.4625389413e-09	-6.87729041715e-07
2.46619255991e-09	-3.69100433772e-07
2.46984617852e-09	5.59199699879e-08
2.47349979712e-09	4.48238701267e-07
2.47715341573e-09	6.71482276005e-07
2.48080703434e-09	6.37066719378e-07
2.48446065295e-09	3.39206277289e-07
2.48811427155e-09	-1.3371791141e-07
2.49176789016e-09	-6.20599365675e-07
2.49542150877e-09	-9.38916826954e-07
2.49907512738e-09	-9.51479037781e-07
2.50272874598e-09	-6.24699879381e-07
2.50638236459e-09	-5.45197229584e-08
2.5100359832e-09	5.55522312595e-07
2.5136896018e-09	9.62945094329e-07
2.51734322041e-09	9.80735443079e-07
2.52099683902e-09	5.62232585821e-07
2.52465045763e-09	-1.62129797587e-07
2.52830407623e-09	-9.18930496141e-07
2.53195769484e-09	-1.39286547096e-06
2.53561131345e-09	-1.35808946311e-06
2.53926493206e-09	-7.85421548244e-07
2.54291855066e-09	1.25955473607e-07
2.54657216927e-09	1.01385037965e-06
2.55022578788e-09	1.4963445949e-06
2.55387940648e-09	1.33592244822e-06
2.55753302509e-09	5.54273810849e-07
2.5611866437e-09	-5.56836106114e-07
2.56484026231e-09	-1.54145732267e-06
2.56849388091e-09	-1.96521419582e-06
2.57214749952e-09	-1.60611175204e-06
2.57580111813e-09	-5.66998991758e-07
2.57945473674e-09	7.45668728541e-07
2.58310835534e-09	1.77874373719e-06
2.58676197395e-09	2.06537578151e-06
2.59041559256e-09	1.43650407836e-06
2.59406921116e-09	1.14145471741e-07
2.59772282977e-09	-1.36281285279e-06
2.60137644838e-09	-2.35831132045e-06
2.60503006699e-09	-2.41378776877e-06
2.60868368559e-09	-1.45891479519e-06
2.6123373042e-09	1.3856204184e-07
2.61599092281e-09	1.71291468121e-06
2.61964454142e-09	2.57745824683e-06
2.62329816002e-09	2.32320823557e-06
2.62695177863e-09	1.01004648911e-06
2.63060539724e-09	-8.37596076053e-07
2.63425901584e-09	-2.43811990686e-06
2.63791263445e-09	-3.08256574044e-06
2.64156625306e-09	-2.44888238399e-06
2.64521987167e-09	-7.61109717473e-07
2.64887349027e-09	1.2846212627e-06
2.65252710888e-09	2.80673890529e-06
2.65618072749e-09	3.11950660148e-06
2.6598343461e-09	2.04314488883e-06
2.6634879647e-09	1.21023990829e-09
2.66714158331e-09	-2.145586393e-06
2.67079520192e-09	-3.46357933267e-06
2.67444882052e-09	-3.35276223495e-06
2.67810243913e-09	-1.8181938799e-06
2.68175605774e-09	5.1528304823e-07
2.68540967635e-09	2.65730727733e-06
2.68906329495e-09	3.67143763924e-06
2.69271691356e-09	3.08341171262e-06
2.69637053217e-09	1.10134743636e-06
2.70002415078e-09	-1.45298521659e-06
2.70367776938e-09	-3.48286820895e-06
2.70733138799e-09	-4.08742465652e-06
2.7109850066e-09	-2.96298841818e-06
2.7146386252e-09	-5.54906833372e-07
2.71829224381e-09	2.11684795204e-06
2.72194586242e-09	3.89126338973e-06
2.72559948103e-09	3.97358559212e-06
2.72925309963e-09	2.29190763434e-06
2.73290671824e-09	-4.57444624402e-07
2.73656033685e-09	-3.10080289978e-06
2.74021395546e-09	-4.4898639544e-06
2.74386757406e-09	-4.00003182222e-06
2.74752119267e-09	-1.80835985475e-06
2.75117481128e-09	1.16933267691e-06
2.75482842988e-09	3.6602729665e-06
2.75848204849e-09	4.57657176867e-06
2.7621356671e-09	3.48948523765e-06
2.76578928571e-09	8.30069261326e-07
2.76944290431e-09	-2.27785139373e-06
2.77309652292e-09	-4.49142714842e-06
2.77675014153e-09	-4.83087899283e-06
2.78040376014e-09	-3.1162302605e-06
2.78405737874e-09	-6.11866699529e-08
2.78771099735e-09	3.02552410858e-06
2.79136461596e-09	4.80484266063e-06
2.79501823456e-09	4.49142544312e-06
2.79867185317e-09	2.199154153e-06
2.80232547178e-09	-1.10230058681e-06
2.80597909039e-09	-4.0011198621e-06
2.80963270899e-09	-5.24691841974e-06
2.8132863276e-09	-4.2874954147e-06
2.81693994621e-09	-1.51053404807e-06
2.82059356482e-09	1.9120810606e-06
2.82424718342e-09	4.5161249318e-06
2.82790080203e-09	5.16927048011e-06
2.83155442064e-09	3.56440850169e-06
2.83520803924e-09	3.66374145244e-07
2.83886165785e-09	-3.06084373847e-06
2.84251527646e-09	-5.2373840731e-06
2.84616889507e-09	-5.21138298382e-06
2.84982251367e-09	-2.97871710586e-06
2.85347613228e-09	5.09171599106e-07
2.85712975089e-09	3.75588166435e-06
2.8607833695e-09	5.36681812946e-06
2.8644369881e-09	4.64920333343e-06
2.86809060671e-09	1.90585107873e-06
2.87174422532e-09	-1.69720158283e-06
2.87539784392e-09	-4.62792030476e-06
2.87905146253e-09	-5.63667560982e-06
2.88270508114e-09	-4.28530046293e-06
2.88635869975e-09	-1.13641458199e-06
2.89001231835e-09	2.47773857609e-06
2.89366593696e-09	5.01568422351e-06
2.89731955557e-09	5.38454253274e-06
2.90097317418e-09	3.4147758754e-06
2.90462679278e-09	-5.79470720297e-08
2.90828041139e-09	-3.54767010435e-06
2.91193403e-09	-5.55908030719e-06
2.9155876486e-09	-5.23440388633e-06
2.91924126721e-09	-2.72020480452e-06
2.92289488582e-09	9.03098566596e-07
2.92654850443e-09	4.09249798849e-06
2.93020212303e-09	5.50211416339e-06
2.93385574164e-09	4.54800527905e-06
2.93750936025e-09	1.64359532562e-06
2.94116297886e-09	-1.982435748e-06
2.94481659746e-09	-4.80385801893e-06
2.94847021607e-09	-5.63447184732e-06
2.95212383468e-09	-4.12479346323e-06
2.95577745328e-09	-9.1189675544e-07
2.95943107189e-09	2.64478114786e-06
2.9630846905e-09	5.03745485503e-06
2.96673830911e-09	5.25353743797e-06
2.97039192771e-09	3.21011577853e-06
2.97404554632e-09	-2.12574708058e-07
2.97769916493e-09	-3.55511531325e-06
2.98135278354e-09	-5.40868842336e-06
2.98500640214e-09	-5.0126996598e-06
2.98866002075e-09	-2.56280330291e-06
2.99231363936e-09	8.91552531357e-07
2.99596725796e-09	3.90179607734e-06
2.99962087657e-09	5.22582365647e-06
3.00327449518e-09	4.33373679698e-06
3.00692811379e-09	1.61443178115e-06
3.01058173239e-09	-1.79256930721e-06
3.014235351e-09	-4.46919540309e-06
3.01788896961e-09	-5.30548771849e-06
3.02154258822e-09	-3.96173385298e-06
3.02519620682e-09	-1.01214081383e-06
3.02884982543e-09	2.29748056313e-06
3.03250344404e-09	4.57897908746e-06
3.03615706264e-09	4.89146719929e-06
3.03981068125e-09	3.13333268309e-06
3.04346429986e-09	6.9353186305e-08
3.04711791847e-09	-3.01004766357e-06
3.05077153707e-09	-4.83842120502e-06
3.05442515568e-09	-4.6923613013e-06
3.05807877429e-09	-2.66877495392e-06
3.0617323929e-09	3.77795458917e-07
3.0653860115e-09	3.19591464404e-06
3.06903963011e-09	4.6447799491e-06
3.07269324872e-09	4.14896629763e-06
3.07634686732e-09	1.92605418192e-06
3.08000048593e-09	-1.1032094136e-06
3.08365410454e-09	-3.69077599771e-06
3.08730772315e-09	-4.77613275507e-06
3.09096134175e-09	-3.92660322746e-06
3.09461496036e-09	-1.51473366827e-06
3.09826857897e-09	1.44615501085e-06
3.10192219758e-09	3.7349395825e-06
3.10557581618e-09	4.43269311745e-06
3.10922943479e-09	3.29019547962e-06
3.1128830534e-09	8.0658782764e-07
3.116536672e-09	-1.99603812234e-06
3.12019029061e-09	-3.99402591711e-06
3.12384390922e-09	-4.40471933416e-06
3.12749752783e-09	-3.08361433099e-06
3.13115114643e-09	-5.71380660119e-07
3.13480476504e-09	2.12150052903e-06
3.13845838365e-09	3.91312562442e-06
3.14211200226e-09	4.08196115131e-06
3.14576562086e-09	2.56209222016e-06
3.14941923947e-09	-2.44570937391e-08
3.15307285808e-09	-2.62066853907e-06
3.15672647668e-09	-4.17166381794e-06
3.16038009529e-09	-4.05979648122e-06
3.1640337139e-09	-2.35120094771e-06
3.16768733251e-09	2.4577147073e-07
3.17134095111e-09	2.68192957265e-06
3.17499456972e-09	3.99224171588e-06
3.17864818833e-09	3.67106110843e-06
3.18230180694e-09	1.85741588155e-06
3.18595542554e-09	-7.27722635929e-07
3.18960904415e-09	-3.0620380187e-06
3.19326266276e-09	-4.21609087198e-06
3.19691628136e-09	-3.71892218709e-06
3.20056989997e-09	-1.75449922324e-06
3.20422351858e-09	8.96931560135e-07
3.20787713719e-09	3.16396346989e-06
3.21153075579e-09	4.12022745877e-06
3.2151843744e-09	3.37025832664e-06
3.21883799301e-09	1.21703942568e-06
3.22249161162e-09	-1.4639549164e-06
3.22614523022e-09	-3.58746910933e-06
3.22979884883e-09	-4.3011181674e-06
3.23345246744e-09	-3.32299291017e-06
3.23710608604e-09	-1.04557402381e-06
3.24075970465e-09	1.62536635173e-06
3.24441332326e-09	3.62580348678e-06
3.24806694187e-09	4.14860909359e-06
3.25172056047e-09	2.96431520042e-06
3.25537417908e-09	5.25526445472e-07
3.25902779769e-09	-2.19629268372e-06
3.2626814163e-09	-4.09142455737e-06
3.2663350349e-09	-4.36696512907e-06
3.26998865351e-09	-2.88676696414e-06
3.27364227212e-09	-2.43048724258e-07
3.27729589072e-09	2.48153872917e-06
3.28094950933e-09	4.16445408291e-06
3.28460312794e-09	4.11123357935e-06
3.28825674655e-09	2.34129080923e-06
3.29191036515e-09	-4.25504307344e-07
3.29556398376e-09	-3.06592505694e-06
3.29921760237e-09	-4.50793464779e-06
3.30287122098e-09	-4.15903190287e-06
3.30652483958e-09	-2.14552792954e-06
3.31017845819e-09	7.30249851699e-07
3.3138320768e-09	3.30155455686e-06
3.3174856954e-09	4.50516421324e-06
3.32113931401e-09	3.82280205713e-06
3.32479293262e-09	1.51205176735e-06
3.32844655123e-09	-1.48316598825e-06
3.33210016983e-09	-3.91856755755e-06
3.33575378844e-09	-4.77349539096e-06
3.33940740705e-09	-3.68613169144e-06
3.34306102566e-09	-1.10744898052e-06
3.34671464426e-09	1.89105271886e-06
3.35036826287e-09	4.06922390539e-06
3.35402188148e-09	4.53221332464e-06
3.35767550008e-09	3.09400371634e-06
3.36132911869e-09	3.46786062977e-07
3.3649827373e-09	-2.58281784227e-06
3.36863635591e-09	-4.49119278301e-06
3.37228997451e-09	-4.5873309773e-06
3.37594359312e-09	-2.82158231357e-06
3.37959721173e-09	8.37817282218e-08
3.38325083034e-09	2.92395918677e-06
3.38690444894e-09	4.51131870705e-06
3.39055806755e-09	4.1785368694e-06
3.39421168616e-09	2.06632137179e-06
3.39786530476e-09	-9.34056259894e-07
3.40151892337e-09	-3.56210551899e-06
3.40517254198e-09	-4.7247015118e-06
3.40882616059e-09	-3.95425564648e-06
3.41247977919e-09	-1.59312868675e-06
3.4161333978e-09	1.36332533884e-06
3.41978701641e-09	3.68933481809e-06
3.42344063502e-09	4.43436738351e-06
3.42709425362e-09	3.30750816602e-06
3.43074787223e-09	7.89123781431e-07
3.43440149084e-09	-2.07042643297e-06
3.43805510944e-09	-4.08463745316e-06
3.44170872805e-09	-4.42261625722e-06
3.44536234666e-09	-2.95632762004e-06
3.44901596527e-09	-3.14526069189e-07
3.45266958387e-09	2.38511552197e-06
3.45632320248e-09	4.01292618335e-06
3.45997682109e-09	3.9069421689e-06
3.4636304397e-09	2.14524828834e-06
3.4672840583e-09	-5.03036744703e-07
3.47093767691e-09	-2.91909844918e-06
3.47459129552e-09	-4.11095925301e-06
3.47824491412e-09	-3.62006426258e-06
3.48189853273e-09	-1.69214855816e-06
3.48555215134e-09	8.45269177319e-07
3.48920576995e-09	2.93718099442e-06
3.49285938855e-09	3.73660151354e-06
3.49651300716e-09	2.94564560477e-06
3.50016662577e-09	9.26847981475e-07
3.50382024438e-09	-1.45805313423e-06
3.50747386298e-09	-3.21416968063e-06
3.51112748159e-09	-3.63135967518e-06
3.5147811002e-09	-2.57581717733e-06
3.5184347188e-09	-5.32044332147e-07
3.52208833741e-09	1.61985497016e-06
3.52574195602e-09	2.98776339491e-06
3.52939557463e-09	3.04153147113e-06
3.53304919323e-09	1.81672825761e-06
3.53670281184e-09	-1.28270276178e-07
3.54035643045e-09	-1.96888424853e-06
3.54401004906e-09	-2.96448763493e-06
3.54766366766e-09	-2.75352539347e-06
3.55131728627e-09	-1.47932500738e-06
3.55497090488e-09	2.93238613835e-07
3.55862452348e-09	1.82522182968e-06
3.56227814209e-09	2.51016726338e-06
3.5659317607e-09	2.11379980897e-06
3.56958537931e-09	8.5298194108e-07
3.57323899791e-09	-7.14746022368e-07
3.57689261652e-09	-1.93756233102e-06
3.58054623513e-09	-2.34369110785e-06
3.58419985374e-09	-1.82455806907e-06
3.58785347234e-09	-6.54641283404e-07
3.59150709095e-09	6.50306382965e-07
3.59516070956e-09	1.5629650818e-06
3.59881432816e-09	1.75811007352e-06
3.60246794677e-09	1.22309376138e-06
3.60612156538e-09	2.3148928463e-07
3.60977518399e-09	-7.93213139616e-07
3.61342880259e-09	-1.45750846059e-06
3.6170824212e-09	-1.54557346832e-06
3.62073603981e-09	-1.08285942702e-06
3.62438965842e-09	-2.99748737831e-07
3.62804327702e-09	4.78495337575e-07
3.63169689563e-09	9.66584316586e-07
3.63535051424e-09	1.02209249064e-06
3.63900413284e-09	6.80621262461e-07
3.64265775145e-09	1.16364538449e-07
3.64631137006e-09	-4.44582816783e-07
3.64996498867e-09	-8.16072692089e-07
3.65361860727e-09	-9.09735170751e-07
3.65727222588e-09	-7.42929103126e-07
3.66092584449e-09	-4.06306252643e-07
3.6645794631e-09	-1.63294404665e-08
3.6682330817e-09	3.22460270041e-07
3.67188670031e-09	5.35137978375e-07
3.67554031892e-09	5.78236758031e-07
3.67919393752e-09	4.39073627234e-07
3.68284755613e-09	1.39713227654e-07
3.68650117474e-09	-2.55247638137e-07
3.69015479335e-09	-6.39674219371e-07
3.69380841195e-09	-8.85518659288e-07
3.69746203056e-09	-8.83987105738e-07
3.70111564917e-09	-5.94497819861e-07
3.70476926778e-09	-7.97559609467e-08
3.70842288638e-09	4.96338721234e-07
3.71207650499e-09	9.16191048361e-07
3.7157301236e-09	9.90375760068e-07
3.7193837422e-09	6.42981497379e-07
3.72303736081e-09	-3.77392237461e-08
3.72669097942e-09	-8.12036937248e-07
3.73034459803e-09	-1.36998662015e-06
3.73399821663e-09	-1.45503862825e-06
3.73765183524e-09	-9.81997303029e-07
3.74130545385e-09	-9.4539493567e-08
3.74495907246e-09	8.70606847059e-07
3.74861269106e-09	1.51024207184e-06
3.75226630967e-09	1.52442584067e-06
3.75591992828e-09	8.58203769383e-07
3.75957354688e-09	-2.53285840301e-07
3.76322716549e-09	-1.36512363724e-06
3.7668807841e-09	-2.00273774453e-06
3.77053440271e-09	-1.86696723858e-06
3.77418802131e-09	-9.74051246772e-07
3.77784163992e-09	3.35016121511e-07
3.78149525853e-09	1.5255710224e-06
3.78514887714e-09	2.08877455066e-06
3.78880249574e-09	1.75929946522e-06
3.79245611435e-09	6.37965825945e-07
3.79610973296e-09	-8.34832832197e-07
3.79976335156e-09	-2.05095747674e-06
3.80341697017e-09	-2.48492841592e-06
3.80707058878e-09	-1.92201591176e-06
3.81072420739e-09	-5.64164274408e-07
3.81437782599e-09	1.03827400721e-06
3.8180314446e-09	2.20995465838e-06
3.82168506321e-09	2.43824274548e-06
3.82533868182e-09	1.60097685864e-06
3.82899230042e-09	3.02311224942e-08
3.83264591903e-09	-1.62100818102e-06
3.83629953764e-09	-2.65430793434e-06
3.83995315625e-09	-2.62413288965e-06
3.84360677485e-09	-1.52946449816e-06
3.84726039346e-09	1.82435792695e-07
3.85091401207e-09	1.80112895976e-06
3.85456763067e-09	2.64786322646e-06
3.85822124928e-09	2.35906591683e-06
3.86187486789e-09	1.04158925751e-06
3.8655284865e-09	-7.64840066836e-07
3.8691821051e-09	-2.30682087476e-06
3.87283572371e-09	-2.93131617468e-06
3.87648934232e-09	-2.36498007666e-06
3.88014296093e-09	-8.37415214505e-07
3.88379657953e-09	1.0102072423e-06
3.88745019814e-09	2.39684041503e-06
3.89110381675e-09	2.73683275509e-06
3.89475743535e-09	1.89072508761e-06
3.89841105396e-09	2.21829324687e-07
3.90206467257e-09	-1.56415720198e-06
3.90571829118e-09	-2.72147514124e-06
3.90937190978e-09	-2.77654123693e-06
3.91302552839e-09	-1.71886935618e-06
3.916679147e-09	2.57830545802e-09
3.92033276561e-09	1.67031016929e-06
3.92398638421e-09	2.5952686542e-06
3.92764000282e-09	2.39974724536e-06
3.93129362143e-09	1.17280335132e-06
3.93494724003e-09	-5.66820034464e-07
3.93860085864e-09	-2.0878128737e-06
3.94225447725e-09	-2.75579822073e-06
3.94590809586e-09	-2.30259641398e-06
3.94956171446e-09	-9.37674563772e-07
3.95321533307e-09	7.48960943042e-07
3.95686895168e-09	2.0463738224e-06
3.96052257029e-09	2.42765540293e-06
3.96417618889e-09	1.7641514205e-06
3.9678298075e-09	3.62725725012e-07
3.97148342611e-09	-1.17981107906e-06
3.97513704471e-09	-2.23206086503e-06
3.97879066332e-09	-2.38367354655e-06
3.98244428193e-09	-1.60078951694e-06
3.98609790054e-09	-2.271605819e-07
3.98975151914e-09	1.16351120028e-06
3.99340513775e-09	2.00406336148e-06
3.99705875636e-09	1.9650446319e-06
4.00071237497e-09	1.0874062184e-06
4.00436599357e-09	-2.41195847295e-07
4.00801961218e-09	-1.45694681919e-06
4.01167323079e-09	-2.06401861647e-06
4.01532684939e-09	-1.84144488458e-06
4.018980468e-09	-9.23057513091e-07
4.02263408661e-09	2.80104032413e-07
4.02628770522e-09	1.26833725744e-06
4.02994132382e-09	1.66290899983e-06
4.03359494243e-09	1.34640578153e-06
4.03724856104e-09	4.86821509327e-07
4.04090217965e-09	-5.49817855244e-07
4.04455579825e-09	-1.35232329512e-06
4.04820941686e-09	-1.62216622357e-06
4.05186303547e-09	-1.28103133079e-06
4.05551665407e-09	-4.9208511399e-07
4.05917027268e-09	4.11966897929e-07
4.06282389129e-09	1.06769266495e-06
4.0664775099e-09	1.2298650347e-06
4.0701311285e-09	8.67366154012e-07
4.07378474711e-09	1.62394330872e-07
4.07743836572e-09	-5.81635845265e-07
4.08109198433e-09	-1.076438366e-06
4.08474560293e-09	-1.16190533106e-06
4.08839922154e-09	-8.50458938828e-07
4.09205284015e-09	-2.95704769115e-07
4.09570645875e-09	2.84225812663e-07
4.09936007736e-09	6.89246299146e-07
4.10301369597e-09	7.97212678094e-07
4.10666731458e-09	5.92062178839e-07
4.11032093318e-09	1.60900993862e-07
4.11397455179e-09	-3.37151881524e-07
4.1176281704e-09	-7.25005413926e-07
4.12128178901e-09	-8.70799446773e-07
4.12493540761e-09	-7.35746773728e-07
4.12858902622e-09	-3.84779760054e-07
4.13224264483e-09	4.61390992079e-08
4.13589626343e-09	4.07401874014e-07
4.13954988204e-09	5.8895214039e-07
4.14320350065e-09	5.46968919934e-07
4.14685711926e-09	3.03478849162e-07
4.15051073786e-09	-6.80147840271e-08
4.15416435647e-09	-4.58920304425e-07
4.15781797508e-09	-7.45475368547e-07
4.16147159369e-09	-8.19980627398e-07
4.16512521229e-09	-6.33035497799e-07
4.1687788309e-09	-2.28352888598e-07
4.17243244951e-09	2.56275658472e-07
4.17608606811e-09	6.34710332292e-07
4.17973968672e-09	7.49627773189e-07
4.18339330533e-09	5.43168511058e-07
4.18704692394e-09	8.50217425352e-08
4.19070054254e-09	-4.55008116518e-07
4.19435416115e-09	-8.7365707202e-07
4.19800777976e-09	-1.00960397731e-06
4.20166139837e-09	-8.00612717455e-07
4.20531501697e-09	-3.07767528795e-07
4.20896863558e-09	2.98028943746e-07
4.21262225419e-09	7.87757649334e-07
4.21627587279e-09	9.5578752024e-07
4.2199294914e-09	7.07798889721e-07
4.22358311001e-09	1.16384842208e-07
4.22723672862e-09	-5.90996847905e-07
4.23089034722e-09	-1.11976139294e-06
4.23454396583e-09	-1.23724144885e-06
4.23819758444e-09	-8.81338856118e-07
4.24185120305e-09	-1.92464959525e-07
4.24550482165e-09	5.470006883e-07
4.24915844026e-09	1.0348198316e-06
4.25281205887e-09	1.07396195403e-06
4.25646567747e-09	6.47975745949e-07
4.26011929608e-09	-7.7270228438e-08
4.26377291469e-09	-8.19015482989e-07
4.2674265333e-09	-1.28332767702e-06
4.2710801519e-09	-1.27696188201e-06
4.27473377051e-09	-7.87596910357e-07
4.27838738912e-09	-2.56955887123e-10
4.28204100773e-09	7.67016885561e-07
4.28569462633e-09	1.19138989874e-06
4.28934824494e-09	1.08708870528e-06
4.29300186355e-09	4.92831155441e-07
4.29665548215e-09	-3.40981561209e-07
4.30030910076e-09	-1.06332133498e-06
4.30396271937e-09	-1.37744439144e-06
4.30761633798e-09	-1.16549071549e-06
4.31126995658e-09	-5.28195229776e-07
4.31492357519e-09	2.68811938042e-07
4.3185771938e-09	9.08678103428e-07
4.32223081241e-09	1.14627297876e-06
4.32588443101e-09	8.95938107703e-07
4.32953804962e-09	2.59623487153e-07
4.33319166823e-09	-5.11654484114e-07
4.33684528683e-09	-1.11139493697e-06
4.34049890544e-09	-1.29803025573e-06
4.34415252405e-09	-9.96015131705e-07
4.34780614266e-09	-3.32500405875e-07
4.35145976126e-09	4.14723444919e-07
4.35511337987e-09	9.37853187111e-07
4.35876699848e-09	1.03305220023e-06
4.36242061709e-09	6.82428712651e-07
4.36607423569e-09	4.88435198953e-08
4.3697278543e-09	-6.06128438108e-07
4.37338147291e-09	-1.03430620868e-06
4.37703509151e-09	-1.09169242535e-06
4.38068871012e-09	-7.77999680679e-07
4.38434232873e-09	-2.22795080163e-07
4.38799594734e-09	3.66203806834e-07
4.39164956594e-09	7.74785959834e-07
4.39530318455e-09	8.55103600372e-07
4.39895680316e-09	5.80192427435e-07
4.40261042177e-09	5.749996701e-08
4.40626404037e-09	-5.09876329602e-07
4.40991765898e-09	-9.04626162423e-07
4.41357127759e-09	-9.83588812176e-07
4.41722489619e-09	-7.32101334222e-07
4.4208785148e-09	-2.59736751218e-07
4.42453213341e-09	2.53874247846e-07
4.42818575202e-09	6.31213382007e-07
4.43183937062e-09	7.53847025692e-07
4.43549298923e-09	5.89160080722e-07
4.43914660784e-09	1.91270547845e-07
4.44280022645e-09	-3.14780074007e-07
4.44645384505e-09	-7.62433181478e-07
4.45010746366e-09	-9.89766498094e-07
4.45376108227e-09	-8.96922365712e-07
4.45741470087e-09	-4.94960431752e-07
4.46106831948e-09	8.30343900304e-08
4.46472193809e-09	6.23375200348e-07
4.4683755567e-09	9.14501654847e-07
4.4720291753e-09	8.33506213382e-07
4.47568279391e-09	3.97341814562e-07
4.47933641252e-09	-2.42507015358e-07
4.48299003113e-09	-8.5497912039e-07
4.48664364973e-09	-1.21019155586e-06
4.49029726834e-09	-1.15918633981e-06
4.49395088695e-09	-6.91246725637e-07
4.49760450555e-09	4.81463873214e-08
4.50125812416e-09	7.91906018094e-07
4.50491174277e-09	1.23987473444e-06
4.50856536138e-09	1.179196218e-06
4.51221897998e-09	5.88703699123e-07
4.51587259859e-09	-3.27101659536e-07
4.5195262172e-09	-1.20474300047e-06
4.52317983581e-09	-1.66966766812e-06
4.52683345441e-09	-1.50135568333e-06
4.53048707302e-09	-7.3777555798e-07
4.53414069163e-09	3.30634179591e-07
4.53779431023e-09	1.27521734328e-06
4.54144792884e-09	1.70193906968e-06
4.54510154745e-09	1.41204057513e-06
4.54875516606e-09	4.88837500257e-07
4.55240878466e-09	-7.22255485641e-07
4.55606240327e-09	-1.73711390516e-06
4.55971602188e-09	-2.12074058936e-06
4.56336964049e-09	-1.67229741521e-06
4.56702325909e-09	-5.30143040578e-07
4.5706768777e-09	8.59531851916e-07
4.57433049631e-09	1.9139217784e-06
4.57798411491e-09	2.16161311073e-06
4.58163773352e-09	1.45861204714e-06
4.58529135213e-09	6.84190135658e-08
4.58894497074e-09	-1.43782904161e-06
4.59259858934e-09	-2.42150360918e-06
4.59625220795e-09	-2.45029116286e-06
4.59990582656e-09	-1.48599620786e-06
4.60355944517e-09	9.32774524287e-08
4.60721306377e-09	1.64319483531e-06
4.61086668238e-09	2.51394752127e-06
4.61452030099e-09	2.31818461316e-06
4.61817391959e-09	1.10061070302e-06
4.6218275382e-09	-6.62530332818e-07
4.62548115681e-09	-2.24355676437e-06
4.62913477542e-09	-2.96105011444e-06
4.63278839402e-09	-2.47603583148e-06
4.63644201263e-09	-9.55977235151e-07
4.64009563124e-09	9.76539155317e-07
4.64374924985e-09	2.50048591965e-06
4.64740286845e-09	2.95088909752e-06
4.65105648706e-09	2.11326084809e-06
4.65471010567e-09	3.23706935035e-07
4.65836372427e-09	-1.67022611208e-06
4.66201734288e-09	-3.02628455984e-06
4.66567096149e-09	-3.16328441841e-06
4.6693245801e-09	-2.00643745529e-06
4.6729781987e-09	-2.2472365302e-08
4.67663181731e-09	1.96775950201e-06
4.68028543592e-09	3.12519529189e-06
4.68393905453e-09	2.94312565075e-06
4.68759267313e-09	1.46987332528e-06
4.69124629174e-09	-6.95010399454e-07
4.69489991035e-09	-2.64057214849e-06
4.69855352895e-09	-3.52869955123e-06
4.70220714756e-09	-2.96019186408e-06
4.70586076617e-09	-1.15845182336e-06
4.70951438478e-09	1.11732251185e-06
4.71316800338e-09	2.89672641429e-06
4.71682162199e-09	3.4172528558e-06
4.7204752406e-09	2.45266363663e-06
4.72412885921e-09	4.07878168573e-07
4.72778247781e-09	-1.8555889767e-06
4.73143609642e-09	-3.38447108561e-06
4.73508971503e-09	-3.53261683017e-06
4.73874333363e-09	-2.23042917469e-06
4.74239695224e-09	-1.61803463961e-08
4.74605057085e-09	2.18344615632e-06
4.74970418946e-09	3.43748877185e-06
4.75335780806e-09	3.20419334798e-06
4.75701142667e-09	1.56857579725e-06
4.76066504528e-09	-7.83022741757e-07
4.76431866389e-09	-2.84981831555e-06
4.76797228249e-09	-3.7460815463e-06
4.7716259011e-09	-3.08627889467e-06
4.77527951971e-09	-1.15328758454e-06
4.77893313831e-09	1.22547488957e-06
4.78258675692e-09	3.03759398435e-06
4.78624037553e-09	3.51970197698e-06
4.78989399414e-09	2.47765143513e-06
4.79354761274e-09	3.60029343227e-07
4.79720123135e-09	-1.93777226798e-06
4.80085484996e-09	-3.45104740518e-06
4.80450846857e-09	-3.54703456651e-06
4.80816208717e-09	-2.18719972622e-06
4.81181570578e-09	5.56734645052e-08
4.81546932439e-09	2.2347598474e-06
4.81912294299e-09	3.42666109532e-06
4.8227765616e-09	3.12480727871e-06
4.82643018021e-09	1.45943735674e-06
4.83008379882e-09	-8.55516887555e-07
4.83373741742e-09	-2.83008259316e-06
4.83739103603e-09	-3.62661967301e-06
4.84104465464e-09	-2.91909697125e-06
4.84469827325e-09	-1.02577617156e-06
4.84835189185e-09	1.23799149776e-06
4.85200551046e-09	2.91504252914e-06
4.85565912907e-09	3.31126861397e-06
4.85931274767e-09	2.27900292771e-06
4.86296636628e-09	2.67260400477e-07
4.86661998489e-09	-1.87378783778e-06
4.8702736035e-09	-3.24872991087e-06
4.8739272221e-09	-3.28795636051e-06
4.87758084071e-09	-1.98345875901e-06
4.88123445932e-09	1.0789307936e-07
4.88488807793e-09	2.09847573274e-06
4.88854169653e-09	3.14674150559e-06
4.89219531514e-09	2.81680587477e-06
4.89584893375e-09	1.26380797383e-06
4.89950255235e-09	-8.37996523728e-07
4.90315617096e-09	-2.59156053062e-06
4.90680978957e-09	-3.26458379618e-06
4.91046340818e-09	-2.59631823951e-06
4.91411702678e-09	-8.94429831533e-07
4.91777064539e-09	1.11054916374e-06
4.921424264e-09	2.58034367562e-06
4.92507788261e-09	2.91675809194e-06
4.92873150121e-09	2.00017314e-06
4.93238511982e-09	2.28716274364e-07
4.93603873843e-09	-1.65229999993e-06
4.93969235703e-09	-2.85979083969e-06
4.94334597564e-09	-2.89703027079e-06
4.94699959425e-09	-1.76008025221e-06
4.95065321286e-09	6.15758271039e-08
4.95430683146e-09	1.79386938726e-06
4.95796045007e-09	2.70954166126e-06
4.96161406868e-09	2.43764009156e-06
4.96526768729e-09	1.1155943298e-06
4.96892130589e-09	-6.8089416061e-07
4.9725749245e-09	-2.19289069037e-06
4.97622854311e-09	-2.80157189536e-06
4.97988216171e-09	-2.27903356631e-06
4.98353578032e-09	-8.67525713488e-07
4.98718939893e-09	8.35262994769e-07
4.99084301754e-09	2.12787884379e-06
4.99449663614e-09	2.48948941817e-06
4.99815025475e-09	1.78568194542e-06
5.00180387336e-09	3.1828460223e-07
