% time-domain current integration by openEMS v0.0.36-93-g7b9cd51 @Thu Sep 24 16:32:49 2026
% start-coordinates: (0.00695,-0.0023,0.000381746) m -> [9,1,6]
% stop-coordinates: (0.007,0.0006,0.000381746) m -> [10,4,6]
% t/s	current
2.50247849813e-14	0
3.67864339226e-12	-1.98298155674e-09
7.33226199953e-12	-3.56725116113e-09
1.09858806068e-11	-1.13737219642e-09
1.46394992141e-11	9.91299753395e-09
1.82931178214e-11	3.99130328788e-08
2.19467364286e-11	1.01213139203e-07
2.56003550359e-11	2.03170969826e-07
2.92539736432e-11	3.39354215839e-07
3.29075922504e-11	4.67649300617e-07
3.65612108577e-11	4.92011622555e-07
4.0214829465e-11	2.57016210981e-07
4.38684480723e-11	-4.25491862188e-07
4.75220666795e-11	-1.70462237747e-06
5.11756852868e-11	-3.5812868191e-06
5.48293038941e-11	-5.79844891035e-06
5.84829225014e-11	-7.792514225e-06
6.21365411086e-11	-8.76688955032e-06
6.57901597159e-11	-7.91085585661e-06
6.94437783232e-11	-4.71598787044e-06
7.30973969305e-11	7.30274905436e-07
7.67510155377e-11	7.61863793741e-06
8.0404634145e-11	1.45547828652e-05
8.40582527523e-11	1.99431506189e-05
8.77118713596e-11	2.24807226914e-05
9.13654899668e-11	2.15622094402e-05
9.50191085741e-11	1.74371634785e-05
9.86727271814e-11	1.10764667625e-05
1.02326345789e-10	3.83439237339e-06
1.05979964396e-10	-2.93257858175e-06
1.09633583003e-10	-8.1509924712e-06
1.1328720161e-10	-1.11680619739e-05
1.16940820218e-10	-1.17728714031e-05
1.20594438825e-10	-1.01665482362e-05
1.24248057432e-10	-6.91808145348e-06
1.2790167604e-10	-2.88663977699e-06
1.31555294647e-10	9.29525754145e-07
1.35208913254e-10	3.62424589184e-06
1.38862531861e-10	4.63603373646e-06
1.42516150469e-10	3.91888534068e-06
1.46169769076e-10	1.94074209503e-06
1.49823387683e-10	-5.07966774421e-07
1.5347700629e-10	-2.61462423623e-06
1.57130624898e-10	-3.81798099625e-06
1.60784243505e-10	-3.94017115468e-06
1.64437862112e-10	-3.14209682983e-06
1.6809148072e-10	-1.76227263182e-06
1.71745099327e-10	-1.46428902781e-07
1.75398717934e-10	1.44770524457e-06
1.79052336541e-10	2.84199904854e-06
1.82705955149e-10	3.880636541e-06
1.86359573756e-10	4.39442874267e-06
1.90013192363e-10	4.23055917054e-06
1.93666810971e-10	3.33557977683e-06
1.97320429578e-10	1.8286661998e-06
2.00974048185e-10	3.13360715154e-09
2.04627666792e-10	-1.75854290774e-06
2.082812854e-10	-3.12109523293e-06
2.11934904007e-10	-3.91002004108e-06
2.15588522614e-10	-4.14019359596e-06
2.19242141221e-10	-3.95231836592e-06
2.22895759829e-10	-3.49952642864e-06
2.26549378436e-10	-2.85479404738e-06
2.30202997043e-10	-1.99496184905e-06
2.33856615651e-10	-8.63171749188e-07
2.37510234258e-10	5.34498667548e-07
2.41163852865e-10	2.06045956475e-06
2.44817471472e-10	3.45330454365e-06
2.4847109008e-10	4.4139419515e-06
2.52124708687e-10	4.72491865366e-06
2.55778327294e-10	4.34132698501e-06
2.59431945901e-10	3.40621068062e-06
2.63085564509e-10	2.1832722723e-06
2.66739183116e-10	9.45238014083e-07
2.70392801723e-10	-1.24842074456e-07
2.74046420331e-10	-9.73345890998e-07
2.77700038938e-10	-1.64488835708e-06
2.81353657545e-10	-2.20976198761e-06
2.85007276152e-10	-2.69572228717e-06
2.8866089476e-10	-3.05955950353e-06
2.92314513367e-10	-3.21005632031e-06
2.95968131974e-10	-3.06173274112e-06
2.99621750581e-10	-2.58557702182e-06
3.03275369189e-10	-1.83144197763e-06
3.06928987796e-10	-9.14290751552e-07
3.10582606403e-10	2.35068569054e-08
3.14236225011e-10	8.54078734847e-07
3.17889843618e-10	1.49304287334e-06
3.21543462225e-10	1.90788318832e-06
3.25197080832e-10	2.10995790439e-06
3.2885069944e-10	2.13728640119e-06
3.32504318047e-10	2.03602962756e-06
3.36157936654e-10	1.84592261121e-06
3.39811555261e-10	1.59063733918e-06
3.43465173869e-10	1.27601902022e-06
3.47118792476e-10	8.96914627901e-07
3.50772411083e-10	4.49886272236e-07
3.54426029691e-10	-5.19393523746e-08
3.58079648298e-10	-5.70990835058e-07
3.61733266905e-10	-1.04952653146e-06
3.65386885512e-10	-1.42396493175e-06
3.6904050412e-10	-1.6454642946e-06
3.72694122727e-10	-1.69681652551e-06
3.76347741334e-10	-1.59705734859e-06
3.80001359941e-10	-1.39266842325e-06
3.83654978549e-10	-1.13821010927e-06
3.87308597156e-10	-8.75171963344e-07
3.90962215763e-10	-6.18457590917e-07
3.94615834371e-10	-3.55988049705e-07
3.98269452978e-10	-6.3303168929e-08
4.01923071585e-10	2.7399278224e-07
4.05576690192e-10	6.42486838842e-07
4.092303088e-10	9.97260940494e-07
4.12883927407e-10	1.27603323108e-06
4.16537546014e-10	1.42595354191e-06
4.20191164621e-10	1.42813735238e-06
4.23844783229e-10	1.30654984787e-06
4.27498401836e-10	1.11653173462e-06
4.31152020443e-10	9.17714373827e-07
4.34805639051e-10	7.46248076666e-07
4.38459257658e-10	6.01687077051e-07
4.42112876265e-10	4.54115223647e-07
4.45766494872e-10	2.68050428076e-07
4.4942011348e-10	2.94239619336e-08
4.53073732087e-10	-2.40288386522e-07
4.56727350694e-10	-4.88611988203e-07
4.60380969302e-10	-6.53659867567e-07
4.64034587909e-10	-6.92246771905e-07
4.67688206516e-10	-5.99066083851e-07
4.71341825123e-10	-4.09287736147e-07
4.74995443731e-10	-1.83409611054e-07
4.78649062338e-10	1.92744664673e-08
4.82302680945e-10	1.6495937416e-07
4.85956299552e-10	2.56860090531e-07
4.8960991816e-10	3.28574429886e-07
4.93263536767e-10	4.22639715225e-07
4.96917155374e-10	5.65692289456e-07
5.00570773982e-10	7.51219658923e-07
5.04224392589e-10	9.38345237955e-07
5.07878011196e-10	1.06780998976e-06
5.11531629803e-10	1.08697963697e-06
5.15185248411e-10	9.7318331882e-07
5.18838867018e-10	7.45264060242e-07
5.22492485625e-10	4.580708719e-07
5.26146104232e-10	1.81784884035e-07
5.2979972284e-10	-2.64385562332e-08
5.33453341447e-10	-1.45809295304e-07
5.37106960054e-10	-1.99148672664e-07
5.40760578662e-10	-2.40187461031e-07
5.44414197269e-10	-3.25157174075e-07
5.48067815876e-10	-4.82294467474e-07
5.51721434483e-10	-6.94744073826e-07
5.55375053091e-10	-9.05366562165e-07
5.59028671698e-10	-1.04177638605e-06
5.62682290305e-10	-1.04942182588e-06
5.66335908912e-10	-9.16736098588e-07
5.6998952752e-10	-6.8116401053e-07
5.73643146127e-10	-4.13701570778e-07
5.77296764734e-10	-1.89355375824e-07
5.80950383342e-10	-5.68248132993e-08
5.84604001949e-10	-1.96273468589e-08
5.88257620556e-10	-3.63974841378e-08
5.91911239163e-10	-4.10460287981e-08
5.95564857771e-10	2.58252441654e-08
5.99218476378e-10	1.87716693745e-07
6.02872094985e-10	4.17905198447e-07
6.06525713592e-10	6.48331592856e-07
6.101793322e-10	7.98853591277e-07
6.13832950807e-10	8.13631402252e-07
6.17486569414e-10	6.87989313519e-07
6.21140188022e-10	4.71794720625e-07
6.24793806629e-10	2.4741444804e-07
6.28447425236e-10	9.31108132818e-08
6.32101043843e-10	4.80495110367e-08
6.35754662451e-10	9.62456994102e-08
6.39408281058e-10	1.76679947117e-07
6.43061899665e-10	2.130338288e-07
6.46715518272e-10	1.50086265194e-07
6.5036913688e-10	-2.00182181942e-08
6.54022755487e-10	-2.53578576803e-07
6.57676374094e-10	-4.73859842032e-07
6.61329992702e-10	-6.04660783665e-07
6.64983611309e-10	-6.03814783062e-07
6.68637229916e-10	-4.81337337987e-07
6.72290848523e-10	-2.94947597013e-07
6.75944467131e-10	-1.24271991808e-07
6.79598085738e-10	-3.54264173552e-08
6.83251704345e-10	-5.23483834058e-08
6.86905322952e-10	-1.47044431742e-07
6.9055894156e-10	-2.53266335903e-07
6.94212560167e-10	-2.9758666642e-07
6.97866178774e-10	-2.33534649396e-07
7.01519797382e-10	-6.37845332108e-08
7.05173415989e-10	1.59753852813e-07
7.08827034596e-10	3.58244449217e-07
7.12480653203e-10	4.60876890429e-07
7.16134271811e-10	4.36834994844e-07
7.19787890418e-10	3.09149129407e-07
7.23441509025e-10	1.43539409692e-07
7.27095127633e-10	1.76149015374e-08
7.3074874624e-10	-1.49962708917e-08
7.34402364847e-10	5.12311721934e-08
7.38055983454e-10	1.72689254896e-07
7.41709602062e-10	2.78516864682e-07
7.45363220669e-10	3.04204917256e-07
7.49016839276e-10	2.21228361852e-07
7.52670457883e-10	4.9645677791e-08
7.56324076491e-10	-1.51037880869e-07
7.59977695098e-10	-3.08017604311e-07
7.63631313705e-10	-3.66885188896e-07
7.67284932313e-10	-3.14845124194e-07
7.7093855092e-10	-1.85771796168e-07
7.74592169527e-10	-4.49639792066e-08
7.78245788134e-10	4.05478743915e-08
7.81899406742e-10	3.27507123643e-08
7.85553025349e-10	-5.97153970716e-08
7.89206643956e-10	-1.85316807233e-07
7.92860262563e-10	-2.740941909e-07
7.96513881171e-10	-2.71098087978e-07
8.00167499778e-10	-1.62843008411e-07
8.03821118385e-10	1.5658738306e-08
8.07474736993e-10	1.97220813902e-07
8.111283556e-10	3.13608637725e-07
8.14781974207e-10	3.26322805222e-07
8.18435592814e-10	2.43343720285e-07
8.22089211422e-10	1.13843640293e-07
8.25742830029e-10	4.31148805546e-09
8.29396448636e-10	-3.20778035245e-08
8.33050067243e-10	2.05211492244e-08
8.36703685851e-10	1.34113221861e-07
8.40357304458e-10	2.5030445272e-07
8.44010923065e-10	3.07249337084e-07
8.47664541673e-10	2.68427442052e-07
8.5131816028e-10	1.39798203236e-07
8.54971778887e-10	-3.24982210032e-08
8.58625397494e-10	-1.82501551649e-07
8.62279016102e-10	-2.54169577829e-07
8.65932634709e-10	-2.26703292583e-07
8.69586253316e-10	-1.23527513551e-07
8.73239871923e-10	-1.06409281386e-09
8.76893490531e-10	7.75865842684e-08
8.80547109138e-10	7.20658732689e-08
8.84200727745e-10	-1.64435718375e-08
8.87854346353e-10	-1.4563497075e-07
8.9150796496e-10	-2.5173298468e-07
8.95161583567e-10	-2.79472402553e-07
8.98815202174e-10	-2.08277157299e-07
9.02468820782e-10	-6.24198719379e-08
9.06122439389e-10	9.969908632e-08
9.09776057996e-10	2.12507671904e-07
9.13429676603e-10	2.334131608e-07
9.17083295211e-10	1.61899677664e-07
9.20736913818e-10	3.90129812899e-08
9.24390532425e-10	-7.24837718735e-08
9.28044151033e-10	-1.17521238963e-07
9.3169776964e-10	-7.3885587426e-08
9.35351388247e-10	3.8004024816e-08
9.39005006854e-10	1.64945049619e-07
9.42658625462e-10	2.45372689278e-07
9.46312244069e-10	2.37278470649e-07
9.49965862676e-10	1.37567710112e-07
9.53619481284e-10	-1.61239128715e-08
9.57273099891e-10	-1.61815236766e-07
9.60926718498e-10	-2.40573371002e-07
9.64580337105e-10	-2.23197019977e-07
9.68233955713e-10	-1.2374579228e-07
9.7188757432e-10	6.59678711656e-09
9.75541192927e-10	1.03027034015e-07
9.79194811534e-10	1.17627344309e-07
9.82848430142e-10	4.20912513732e-08
9.86502048749e-10	-8.80900046241e-08
9.90155667356e-10	-2.10155988611e-07
9.93809285964e-10	-2.63865302941e-07
9.97462904571e-10	-2.19822055669e-07
1.00111652318e-09	-9.29519998749e-08
1.00477014179e-09	6.46370779123e-08
1.00842376039e-09	1.87859370726e-07
1.012077379e-09	2.28096581623e-07
1.01573099761e-09	1.7444507705e-07
1.01938461621e-09	5.77654688527e-08
1.02303823482e-09	-6.39408099801e-08
1.02669185343e-09	-1.31857618157e-07
1.03034547204e-09	-1.12702423394e-07
1.03399909064e-09	-1.38442590725e-08
1.03765270925e-09	1.19770035667e-07
1.04130632786e-09	2.25745282023e-07
1.04495994647e-09	2.52485619967e-07
1.04861356507e-09	1.83148330279e-07
1.05226718368e-09	4.41076437596e-08
1.05592080229e-09	-1.06581467207e-07
1.05957442089e-09	-2.05566948352e-07
1.0632280395e-09	-2.13325492382e-07
1.06688165811e-09	-1.32356859694e-07
1.07053527672e-09	-5.63074031845e-09
1.07418889532e-09	1.03725724898e-07
1.07784251393e-09	1.41978347301e-07
1.08149613254e-09	8.96908005643e-08
1.08514975115e-09	-2.97696445273e-08
1.08880336975e-09	-1.61463361792e-07
1.09245698836e-09	-2.44233206104e-07
1.09611060697e-09	-2.38702256183e-07
1.09976422557e-09	-1.44954213965e-07
1.10341784418e-09	-2.23869811578e-09
1.10707146279e-09	1.28843112179e-07
1.1107250814e-09	1.93733541209e-07
1.1143787e-09	1.68327261463e-07
1.11803231861e-09	6.95244395388e-08
1.12168593722e-09	-5.27505861214e-08
1.12533955583e-09	-1.38688363904e-07
1.12899317443e-09	-1.45990796341e-07
1.13264679304e-09	-6.9130713598e-08
1.13630041165e-09	5.80776067238e-08
1.13995403025e-09	1.78005379325e-07
1.14360764886e-09	2.35497410017e-07
1.14726126747e-09	2.03018885259e-07
1.15091488608e-09	9.33887349674e-08
1.15456850468e-09	-4.59202027514e-08
1.15822212329e-09	-1.54306604827e-07
1.1618757419e-09	-1.85734648994e-07
1.16552936051e-09	-1.29958522166e-07
1.16918297911e-09	-1.7062577129e-08
1.17283659772e-09	9.67501279092e-08
1.17649021633e-09	1.55539737534e-07
1.18014383493e-09	1.29854981878e-07
1.18379745354e-09	3.02365705807e-08
1.18745107215e-09	-9.81850760695e-08
1.19110469076e-09	-1.96996865043e-07
1.19475830936e-09	-2.21491220032e-07
1.19841192797e-09	-1.60685331707e-07
1.20206554658e-09	-4.16246344059e-08
1.20571916519e-09	8.335572943e-08
1.20937278379e-09	1.60323665455e-07
1.2130264024e-09	1.5767683692e-07
1.21668002101e-09	7.98726631501e-08
1.22033363961e-09	-3.46694406517e-08
1.22398725822e-09	-1.30787199737e-07
1.22764087683e-09	-1.61616739547e-07
1.23129449544e-09	-1.10236854312e-07
1.23494811404e-09	1.94551930122e-09
1.23860173265e-09	1.24483818809e-07
1.24225535126e-09	2.01165320846e-07
1.24590896987e-09	1.96372127448e-07
1.24956258847e-09	1.11989109541e-07
1.25321620708e-09	-1.34805331342e-08
1.25686982569e-09	-1.23289794374e-07
1.26052344429e-09	-1.69033882003e-07
1.2641770629e-09	-1.32844320433e-07
1.26783068151e-09	-3.49064137595e-08
1.27148430012e-09	7.67872876395e-08
1.27513791872e-09	1.48866789118e-07
1.27879153733e-09	1.46747240137e-07
1.28244515594e-09	6.99700493101e-08
1.28609877455e-09	-4.79465818159e-08
1.28975239315e-09	-1.54622370019e-07
1.29340601176e-09	-2.02303951369e-07
1.29705963037e-09	-1.69463618249e-07
1.30071324897e-09	-7.06841447595e-08
1.30436686758e-09	4.96876459977e-08
1.30802048619e-09	1.37580158821e-07
1.3116741048e-09	1.54083082293e-07
1.3153277234e-09	9.34013826281e-08
1.31898134201e-09	-1.45191592082e-08
1.32263496062e-09	-1.17921395315e-07
1.32628857923e-09	-1.67325325151e-07
1.32994219783e-09	-1.38375767733e-07
1.33359581644e-09	-4.29591224815e-08
1.33724943505e-09	7.63858167829e-08
1.34090305365e-09	1.66067081864e-07
1.34455667226e-09	1.85888850979e-07
1.34821029087e-09	1.27278539708e-07
1.35186390948e-09	1.7160067145e-08
1.35551752808e-09	-9.44318401253e-08
1.35917114669e-09	-1.57276645041e-07
1.3628247653e-09	-1.43944220099e-07
1.36647838391e-09	-6.22782820869e-08
1.37013200251e-09	4.84475926044e-08
1.37378562112e-09	1.35902325837e-07
1.37743923973e-09	1.58879558398e-07
1.38109285833e-09	1.06060277005e-07
1.38474647694e-09	7.72359065593e-10
1.38840009555e-09	-1.10057946756e-07
1.39205371416e-09	-1.77273250301e-07
1.39570733276e-09	-1.71472521515e-07
1.39936095137e-09	-9.58885166824e-08
1.40301456998e-09	1.53280037551e-08
1.40666818859e-09	1.12332081414e-07
1.41032180719e-09	1.51804442794e-07
1.4139754258e-09	1.16522649307e-07
1.41762904441e-09	2.33815846684e-08
1.42128266301e-09	-8.39554772369e-08
1.42493628162e-09	-1.54956424581e-07
1.42858990023e-09	-1.55718325345e-07
1.43224351884e-09	-8.48901393624e-08
1.43589713744e-09	2.55906709157e-08
1.43955075605e-09	1.25542300111e-07
1.44320437466e-09	1.70127464116e-07
1.44685799327e-09	1.40405532534e-07
1.45051161187e-09	5.13982136852e-08
1.45416523048e-09	-5.56621344572e-08
1.45781884909e-09	-1.32698332322e-07
1.46147246769e-09	-1.46368321907e-07
1.4651260863e-09	-9.23304170897e-08
1.46877970491e-09	3.60077589967e-09
1.47243332352e-09	9.74043956603e-08
1.47608694212e-09	1.46339615981e-07
1.47974056073e-09	1.27764764102e-07
1.48339417934e-09	4.9249845091e-08
1.48704779795e-09	-5.46197469475e-08
1.49070141655e-09	-1.37563034741e-07
1.49435503516e-09	-1.62519626201e-07
1.49800865377e-09	-1.18769321489e-07
1.50166227237e-09	-2.69687241428e-08
1.50531589098e-09	7.04646723193e-08
1.50896950959e-09	1.29170459218e-07
1.5126231282e-09	1.23435569321e-07
1.5162767468e-09	5.76736489677e-08
1.51993036541e-09	-3.63660568325e-08
1.52358398402e-09	-1.14853868638e-07
1.52723760263e-09	-1.42123738556e-07
1.53089122123e-09	-1.06424131729e-07
1.53454483984e-09	-2.43962112734e-08
1.53819845845e-09	6.7077067456e-08
1.54185207705e-09	1.27694278262e-07
1.54550569566e-09	1.31604977582e-07
1.54915931427e-09	7.8540452364e-08
1.55281293288e-09	-6.49624620763e-09
1.55646655148e-09	-8.47666825621e-08
1.56012017009e-09	-1.21394023722e-07
1.5637737887e-09	-1.01025534605e-07
1.56742740731e-09	-3.44975177313e-08
1.57108102591e-09	4.65978331476e-08
1.57473464452e-09	1.04760367492e-07
1.57838826313e-09	1.13752946618e-07
1.58204188173e-09	7.02276068409e-08
1.58569550034e-09	-5.38891775648e-09
1.58934911895e-09	-7.8839562434e-08
1.59300273756e-09	-1.17800141197e-07
1.59665635616e-09	-1.06289348878e-07
1.60030997477e-09	-5.13392102164e-08
1.60396359338e-09	2.08290327208e-08
1.60761721199e-09	7.70716042098e-08
1.61127083059e-09	9.2500144433e-08
1.6149244492e-09	6.16353261762e-08
1.61857806781e-09	4.16027656769e-10
1.62223168641e-09	-6.16765873929e-08
1.62588530502e-09	-9.57062127327e-08
1.62953892363e-09	-8.67864144993e-08
1.63319254224e-09	-4.04633766493e-08
1.63684616084e-09	2.07563406462e-08
1.64049977945e-09	6.86995633714e-08
1.64415339806e-09	8.28293593713e-08
1.64780701667e-09	5.9125198959e-08
1.65146063527e-09	1.08136264387e-08
1.65511425388e-09	-3.87234955213e-08
1.65876787249e-09	-6.70495126087e-08
1.66242149109e-09	-6.25447071911e-08
1.6660751097e-09	-2.90116641821e-08
1.66972872831e-09	1.66463554052e-08
1.67338234692e-09	5.24793222212e-08
1.67703596552e-09	6.1680680119e-08
1.68068958413e-09	4.03714466302e-08
1.68434320274e-09	-6.06866557007e-10
1.68799682135e-09	-4.10539620077e-08
1.69165043995e-09	-6.14717095004e-08
1.69530405856e-09	-5.28607024819e-08
1.69895767717e-09	-2.1150544427e-08
1.70261129577e-09	1.62117359537e-08
1.70626491438e-09	3.96493149424e-08
1.70991853299e-09	3.76746918107e-08
1.7135721516e-09	1.25325678724e-08
1.7172257702e-09	-2.16143778431e-08
1.72087938881e-09	-4.65658516191e-08
1.72453300742e-09	-4.95078289475e-08
1.72818662603e-09	-2.92008106584e-08
1.73184024463e-09	3.89719190252e-09
1.73549386324e-09	3.31440119794e-08
1.73914748185e-09	4.39145750875e-08
1.74280110045e-09	3.06654115434e-08
1.74645471906e-09	-2.61360710851e-10
1.75010833767e-09	-3.34026957205e-08
1.75376195628e-09	-5.13737177243e-08
1.75741557488e-09	-4.35191793713e-08
1.76106919349e-09	-1.18597718313e-08
1.7647228121e-09	2.89579578094e-08
1.76837643071e-09	5.82532138083e-08
1.77203004931e-09	5.96417706333e-08
1.77568366792e-09	2.99723410535e-08
1.77933728653e-09	-1.81031722946e-08
1.78299090513e-09	-6.16341182536e-08
1.78664452374e-09	-7.85437492823e-08
1.79029814235e-09	-5.88782995692e-08
1.79395176096e-09	-1.03412514108e-08
1.79760537956e-09	4.47060877207e-08
1.80125899817e-09	7.95338053194e-08
1.80491261678e-09	7.58091118769e-08
1.80856623539e-09	3.27707638803e-08
1.81221985399e-09	-3.15357056024e-08
1.8158734726e-09	-8.78200125953e-08
1.81952709121e-09	-1.08814134592e-07
1.82318070981e-09	-8.22886150331e-08
1.82683432842e-09	-1.77413497227e-08
1.83048794703e-09	5.68258364808e-08
1.83414156564e-09	1.07118673043e-07
1.83779518424e-09	1.08425659562e-07
1.84144880285e-09	5.77613192831e-08
1.84510242146e-09	-2.36816113386e-08
1.84875604007e-09	-9.94052271608e-08
1.85240965867e-09	-1.33965016857e-07
1.85606327728e-09	-1.09398385462e-07
1.85971689589e-09	-3.41652004465e-08
1.86337051449e-09	5.97016409642e-08
1.8670241331e-09	1.30268134058e-07
1.87067775171e-09	1.4432265516e-07
1.87433137032e-09	9.28475003548e-08
1.87798498892e-09	-3.78050790673e-09
1.88163860753e-09	-1.03688229558e-07
1.88529222614e-09	-1.61609108318e-07
1.88894584475e-09	-1.49519976844e-07
1.89259946335e-09	-7.03221090248e-08
1.89625308196e-09	4.22166337444e-08
1.89990670057e-09	1.37848630288e-07
1.90356031917e-09	1.72454463154e-07
1.90721393778e-09	1.28480394324e-07
1.91086755639e-09	2.35776838053e-08
1.914521175e-09	-9.66997717455e-08
1.9181747936e-09	-1.78963958319e-07
1.92182841221e-09	-1.85744283954e-07
1.92548203082e-09	-1.12338028657e-07
1.92913564943e-09	1.06109068199e-08
1.93278926803e-09	1.29980691099e-07
1.93644288664e-09	1.93054717101e-07
1.94009650525e-09	1.70657855847e-07
1.94375012385e-09	7.06319838173e-08
1.94740374246e-09	-6.4558165036e-08
1.95105736107e-09	-1.7563353083e-07
1.95471097968e-09	-2.12431871205e-07
1.95836459828e-09	-1.56664725637e-07
1.96201821689e-09	-3.10506820256e-08
1.9656718355e-09	1.09898763867e-07
1.96932545411e-09	2.03735282867e-07
1.97297907271e-09	2.0803526013e-07
1.97663269132e-09	1.19703784662e-07
1.98028630993e-09	-2.32747083828e-08
1.98393992853e-09	-1.58440798259e-07
1.98759354714e-09	-2.26378404022e-07
1.99124716575e-09	-1.96888123583e-07
1.99490078436e-09	-8.22827743718e-08
1.99855440296e-09	6.78636311591e-08
2.00220802157e-09	1.88155240721e-07
2.00586164018e-09	2.25758441275e-07
2.00951525879e-09	1.63494377148e-07
2.01316887739e-09	2.76543730138e-08
2.016822496e-09	-1.23062363855e-07
2.02047611461e-09	-2.22928562721e-07
2.02412973321e-09	-2.27948987686e-07
2.02778335182e-09	-1.35362228093e-07
2.03143697043e-09	1.48432830471e-08
2.03509058904e-09	1.5729325753e-07
2.03874420764e-09	2.29857349154e-07
2.04239782625e-09	2.00895826197e-07
2.04605144486e-09	8.31154025605e-08
2.04970506347e-09	-7.20482020711e-08
2.05335868207e-09	-1.96963171106e-07
2.05701230068e-09	-2.37316356788e-07
2.06066591929e-09	-1.75752276732e-07
2.06431953789e-09	-3.93057746351e-08
2.0679731565e-09	1.12522492657e-07
2.07162677511e-09	2.13801826021e-07
2.07528039372e-09	2.20943093154e-07
2.07893401232e-09	1.3154941314e-07
2.08258763093e-09	-1.48672629763e-08
2.08624124954e-09	-1.54463123181e-07
2.08989486815e-09	-2.27088591487e-07
2.09354848675e-09	-2.0231227893e-07
2.09720210536e-09	-9.21431748679e-08
2.10085572397e-09	5.48155796309e-08
2.10450934257e-09	1.74884220883e-07
2.10816296118e-09	2.16885965187e-07
2.11181657979e-09	1.63865394143e-07
2.1154701984e-09	3.98435844318e-08
2.119123817e-09	-1.01041223388e-07
2.12277743561e-09	-1.98137215079e-07
2.12643105422e-09	-2.10400671108e-07
2.13008467283e-09	-1.33859629159e-07
2.13373829143e-09	-2.89454860081e-09
2.13739191004e-09	1.25160241282e-07
2.14104552865e-09	1.95266551373e-07
2.14469914725e-09	1.78583348998e-07
2.14835276586e-09	8.44666701028e-08
2.15200638447e-09	-4.45657484249e-08
2.15566000308e-09	-1.52198708747e-07
2.15931362168e-09	-1.93089860545e-07
2.16296724029e-09	-1.51960520611e-07
2.1666208589e-09	-4.89852780561e-08
2.17027447751e-09	7.01659033098e-08
2.17392809611e-09	1.54636552452e-07
2.17758171472e-09	1.700181258e-07
2.18123533333e-09	1.12192658719e-07
2.18488895193e-09	8.00652788513e-09
2.18854257054e-09	-9.70491456087e-08
2.19219618915e-09	-1.58618959745e-07
2.19584980776e-09	-1.52231621087e-07
2.19950342636e-09	-8.31075581686e-08
2.20315704497e-09	1.70088299001e-08
2.20681066358e-09	1.04364850984e-07
2.21046428219e-09	1.4244686497e-07
2.21411790079e-09	1.17372529473e-07
2.2177715194e-09	4.28332143088e-08
2.22142513801e-09	-4.71809009639e-08
2.22507875661e-09	-1.14011037056e-07
2.22873237522e-09	-1.3104030927e-07
2.23238599383e-09	-9.41877971172e-08
2.23603961244e-09	-2.2145702161e-08
2.23969323104e-09	5.29768726665e-08
2.24334684965e-09	9.99397897772e-08
2.24700046826e-09	1.0130827377e-07
2.25065408687e-09	5.97158376081e-08
2.25430770547e-09	-4.621089289e-09
2.25796132408e-09	-6.35401420368e-08
2.26161494269e-09	-9.32407289156e-08
2.26526856129e-09	-8.38837266315e-08
2.2689221799e-09	-4.25901767187e-08
2.27257579851e-09	1.09681277394e-08
2.27622941712e-09	5.39319557902e-08
2.27988303572e-09	7.00625690797e-08
2.28353665433e-09	5.57531194545e-08
2.28719027294e-09	2.0086694974e-08
2.29084389155e-09	-2.03837871027e-08
2.29449751015e-09	-4.92562115539e-08
2.29815112876e-09	-5.68369387111e-08
2.30180474737e-09	-4.31105142695e-08
2.30545836597e-09	-1.64022324611e-08
2.30911198458e-09	1.11640225953e-08
2.31276560319e-09	2.90988424467e-08
2.3164192218e-09	3.25151248148e-08
2.3200728404e-09	2.30879013685e-08
2.32372645901e-09	6.9948180581e-09
2.32738007762e-09	-8.73527561396e-09
2.33103369623e-09	-1.94054390334e-08
2.33468731483e-09	-2.38098216698e-08
2.33834093344e-09	-2.31820838081e-08
2.34199455205e-09	-1.91883735567e-08
2.34564817065e-09	-1.25543575535e-08
2.34930178926e-09	-3.29503579977e-09
2.35295540787e-09	7.88529241902e-09
2.35660902648e-09	1.83964310452e-08
2.36026264508e-09	2.40258835049e-08
2.36391626369e-09	2.08373549526e-08
2.3675698823e-09	7.67941887858e-09
2.37122350091e-09	-1.22684991055e-08
2.37487711951e-09	-3.19693427286e-08
2.37853073812e-09	-4.30412399055e-08
2.38218435673e-09	-3.93177330693e-08
2.38583797533e-09	-1.99560901137e-08
2.38949159394e-09	9.27816490304e-09
2.39314521255e-09	3.73645860918e-08
2.39679883116e-09	5.19524583353e-08
2.40045244976e-09	4.46808634536e-08
2.40410606837e-09	1.57198716266e-08
2.40775968698e-09	-2.48305500605e-08
2.41141330559e-09	-6.01357044161e-08
2.41506692419e-09	-7.36667900014e-08
2.4187205428e-09	-5.71338638622e-08
2.42237416141e-09	-1.53489416732e-08
2.42602778001e-09	3.4829874096e-08
2.42968139862e-09	7.14730674645e-08
2.43333501723e-09	7.73983970248e-08
2.43698863584e-09	4.82786077782e-08
2.44064225444e-09	-4.85070472678e-09
2.44429587305e-09	-5.98928124873e-08
2.44794949166e-09	-9.29716463816e-08
2.45160311027e-09	-8.87373303726e-08
2.45525672887e-09	-4.73373518162e-08
2.45891034748e-09	1.49655967618e-08
2.46256396609e-09	7.20545543231e-08
2.46621758469e-09	9.8825267969e-08
2.4698712033e-09	8.22530807909e-08
2.47352482191e-09	2.77932308279e-08
2.47717844052e-09	-4.20949426427e-08
2.48083205912e-09	-9.7187665915e-08
2.48448567773e-09	-1.12733474111e-07
2.48813929634e-09	-8.07557256621e-08
2.49179291495e-09	-1.4116276148e-08
2.49544653355e-09	5.87270250207e-08
2.49910015216e-09	1.06061087024e-07
2.50275377077e-09	1.06835940983e-07
2.50640738937e-09	6.00036145215e-08
2.51006100798e-09	-1.48137502265e-08
2.51371462659e-09	-8.56085975443e-08
2.5173682452e-09	-1.2167529917e-07
2.5210218638e-09	-1.06914860964e-07
2.52467548241e-09	-4.70651784212e-08
2.52832910102e-09	3.24093072379e-08
2.53198271963e-09	9.70902789277e-08
2.53563633823e-09	1.18594371656e-07
2.53928995684e-09	8.72059970902e-08
2.54294357545e-09	1.6397736502e-08
2.54659719405e-09	-6.2978870119e-08
2.55025081266e-09	-1.16315803211e-07
2.55390443127e-09	-1.20529193737e-07
2.55755804988e-09	-7.4090756641e-08
2.56121166848e-09	2.54342902295e-09
2.56486528709e-09	7.60942455713e-08
2.5685189057e-09	1.14964919362e-07
2.57217252431e-09	1.02754846409e-07
2.57582614291e-09	4.51012844849e-08
2.57947976152e-09	-3.28786988746e-08
2.58313338013e-09	-9.74162688294e-08
2.58678699873e-09	-1.20639469969e-07
2.59044061734e-09	-9.26900867171e-08
2.59409423595e-09	-2.61109907029e-08
2.59774785456e-09	4.96286745033e-08
2.60140147316e-09	1.01215199777e-07
2.60505509177e-09	1.06370336539e-07
2.60870871038e-09	6.3711198095e-08
2.61236232899e-09	-6.97718105513e-09
2.61601594759e-09	-7.40646299846e-08
2.6196695662e-09	-1.08453903636e-07
2.62332318481e-09	-9.63142170463e-08
2.62697680342e-09	-4.45015118089e-08
2.63063042202e-09	2.32845813741e-08
2.63428404063e-09	7.739158292e-08
2.63793765924e-09	9.50866763105e-08
2.64159127784e-09	6.99460045439e-08
2.64524489645e-09	1.40557627759e-08
2.64889851506e-09	-4.76007464556e-08
2.65255213367e-09	-8.81210056036e-08
2.65620575227e-09	-9.03747263692e-08
2.65985937088e-09	-5.4406545047e-08
2.66351298949e-09	2.78851097768e-09
2.6671666081e-09	5.51378249725e-08
2.6708202267e-09	7.94877834664e-08
2.67447384531e-09	6.60953247689e-08
2.67812746392e-09	2.26570282535e-08
2.68178108252e-09	-2.99130320514e-08
2.68543470113e-09	-6.76649491993e-08
2.68908831974e-09	-7.46472323954e-08
2.69274193835e-09	-4.96140657447e-08
2.69639555695e-09	-5.62796165227e-09
2.70004917556e-09	3.66876271585e-08
2.70370279417e-09	5.87239128436e-08
2.70735641278e-09	5.19168992241e-08
2.71101003138e-09	2.0928649036e-08
2.71466364999e-09	-1.90725994997e-08
2.7183172686e-09	-4.95723107008e-08
2.7219708872e-09	-5.71360700974e-08
2.72562450581e-09	-3.93643162511e-08
2.72927812442e-09	-5.71827341034e-09
2.73293174303e-09	2.7209686948e-08
2.73658536163e-09	4.37709175571e-08
2.74023898024e-09	3.67822465819e-08
2.74389259885e-09	1.0759402258e-08
2.74754621746e-09	-2.06847534656e-08
2.75119983606e-09	-4.18761736398e-08
2.75485345467e-09	-4.28663575747e-08
2.75850707328e-09	-2.40644091321e-08
2.76216069188e-09	4.42702718928e-09
2.76581431049e-09	2.81341829833e-08
2.7694679291e-09	3.53931106645e-08
2.77312154771e-09	2.2884501405e-08
2.77677516631e-09	-2.95438074005e-09
2.78042878492e-09	-2.91420079179e-08
2.78408240353e-09	-4.24427426537e-08
2.78773602214e-09	-3.58209852891e-08
2.79138964074e-09	-1.20525829317e-08
2.79504325935e-09	1.73379213209e-08
2.79869687796e-09	3.75268527364e-08
2.80235049656e-09	3.77612714431e-08
2.80600411517e-09	1.69924305737e-08
2.80965773378e-09	-1.51863783771e-08
2.81331135239e-09	-4.30232347526e-08
2.81696497099e-09	-5.23550660603e-08
2.8206185896e-09	-3.77529474349e-08
2.82427220821e-09	-5.41636246965e-09
2.82792582682e-09	2.96138580325e-08
2.83157944542e-09	5.05514385907e-08
2.83523306403e-09	4.680724075e-08
2.83888668264e-09	1.90955500301e-08
2.84254030124e-09	-2.06205683639e-08
2.84619391985e-09	-5.42988018992e-08
2.84984753846e-09	-6.58886705196e-08
2.85350115707e-09	-4.88122751108e-08
2.85715477567e-09	-9.50106038289e-09
2.86080839428e-09	3.48622783974e-08
2.86446201289e-09	6.37657535663e-08
2.8681156315e-09	6.28589518215e-08
2.8717692501e-09	3.11211501014e-08
2.87542286871e-09	-1.79653056875e-08
2.87907648732e-09	-6.21731999217e-08
2.88273010592e-09	-8.07728426366e-08
2.88638372453e-09	-6.43810338374e-08
2.89003734314e-09	-1.96182252665e-08
2.89369096175e-09	3.37267138661e-08
2.89734458035e-09	7.16525647704e-08
2.90099819896e-09	7.68186509958e-08
2.90465181757e-09	4.63415368301e-08
2.90830543618e-09	-6.85129375455e-09
2.91195905478e-09	-5.95981077822e-08
2.91561267339e-09	-8.85257094296e-08
2.919266292e-09	-8.02736579431e-08
2.9229199106e-09	-3.75896931359e-08
2.92657352921e-09	2.14143263122e-08
2.93022714782e-09	7.08230913915e-08
2.93388076643e-09	8.82723441009e-08
2.93753438503e-09	6.51784475281e-08
2.94118800364e-09	1.10742863768e-08
2.94484162225e-09	-5.0255859918e-08
2.94849524086e-09	-9.13509481393e-08
2.95214885946e-09	-9.35710389172e-08
2.95580247807e-09	-5.56724195633e-08
2.95945609668e-09	5.58368640213e-09
2.96310971528e-09	6.30298657711e-08
2.96676333389e-09	9.1300648819e-08
2.9704169525e-09	7.80508528919e-08
2.97407057111e-09	2.92316695294e-08
2.97772418971e-09	-3.37053904786e-08
2.98137780832e-09	-8.32615256741e-08
2.98503142693e-09	-9.78377627803e-08
2.98868504554e-09	-7.10812742e-08
2.99233866414e-09	-1.46654066668e-08
2.99599228275e-09	4.67149874339e-08
2.99964590136e-09	8.6092455831e-08
3.00329951996e-09	8.61192646084e-08
3.00695313857e-09	4.68434393497e-08
3.01060675718e-09	-1.42285392357e-08
3.01426037579e-09	-6.99471840448e-08
3.01791399439e-09	-9.57244026267e-08
3.021567613e-09	-8.05238542512e-08
3.02522123161e-09	-3.16318420346e-08
3.02887485022e-09	2.88915416036e-08
3.03252846882e-09	7.42754409089e-08
3.03618208743e-09	8.49437284955e-08
3.03983570604e-09	5.69282718743e-08
3.04348932464e-09	3.23336446506e-09
3.04714294325e-09	-5.22096854638e-08
3.05079656186e-09	-8.51718056083e-08
3.05445018047e-09	-8.16814704763e-08
3.05810379907e-09	-4.39574847633e-08
3.06175741768e-09	1.07903019853e-08
3.06541103629e-09	5.81382373355e-08
3.0690646549e-09	7.73570931756e-08
3.0727182735e-09	6.05854282298e-08
3.07637189211e-09	1.61295030665e-08
3.08002551072e-09	-3.55731231139e-08
3.08367912932e-09	-7.13986949563e-08
3.08733274793e-09	-7.598174534e-08
3.09098636654e-09	-4.83472497592e-08
3.09463998515e-09	-1.85060233804e-09
3.09829360375e-09	4.2296882441e-08
3.10194722236e-09	6.47228119988e-08
3.10560084097e-09	5.63613369309e-08
3.10925445958e-09	2.20349445357e-08
3.11290807818e-09	-2.21682707746e-08
3.11656169679e-09	-5.63455131442e-08
3.1202153154e-09	-6.56545822153e-08
3.123868934e-09	-4.67559218009e-08
3.12752255261e-09	-9.03142804987e-09
3.13117617122e-09	2.98977660407e-08
3.13482978983e-09	5.23337959635e-08
3.13848340843e-09	4.86056208615e-08
3.14213702704e-09	2.13576818453e-08
3.14579064565e-09	-1.59915352071e-08
3.14944426426e-09	-4.58198066156e-08
3.15309788286e-09	-5.46815890345e-08
3.15675150147e-09	-3.94268511172e-08
3.16040512008e-09	-8.22628543062e-09
3.16405873868e-09	2.37582256091e-08
3.16771235729e-09	4.1729048661e-08
3.1713659759e-09	3.80368270214e-08
3.17501959451e-09	1.53245700574e-08
3.17867321311e-09	-1.51544305993e-08
3.18232683172e-09	-3.89980030491e-08
3.18598045033e-09	-4.53037287684e-08
3.18963406894e-09	-3.15398693829e-08
3.19328768754e-09	-4.56388882242e-09
3.19694130615e-09	2.26302017126e-08
3.20059492476e-09	3.70023336416e-08
3.20424854336e-09	3.1657112487e-08
3.20790216197e-09	9.2128011886e-09
3.21155578058e-09	-1.93507823099e-08
3.21520939919e-09	-3.9986151279e-08
3.21886301779e-09	-4.24799750931e-08
3.2225166364e-09	-2.55500545165e-08
3.22617025501e-09	2.49308573785e-09
3.22982387362e-09	2.78686371757e-08
3.23347749222e-09	3.81424847262e-08
3.23713111083e-09	2.82815530994e-08
3.24078472944e-09	2.99823987859e-09
3.24443834804e-09	-2.56369308005e-08
3.24809196665e-09	-4.3989079046e-08
3.25174558526e-09	-4.32448246102e-08
3.25539920387e-09	-2.34608421579e-08
3.25905282247e-09	6.44280095941e-09
3.26270644108e-09	3.26773879067e-08
3.26636005969e-09	4.28105053629e-08
3.2700136783e-09	3.15279855556e-08
3.2736672969e-09	3.35684346986e-09
3.27732091551e-09	-2.90541581904e-08
3.28097453412e-09	-5.05400308271e-08
3.28462815272e-09	-5.05153678887e-08
3.28828177133e-09	-2.82167036403e-08
3.29193538994e-09	6.55977672182e-09
3.29558900855e-09	3.7807058817e-08
3.29924262715e-09	5.07785848924e-08
3.30289624576e-09	3.90152656848e-08
3.30654986437e-09	7.48892770019e-09
3.31020348298e-09	-2.96213045203e-08
3.31385710158e-09	-5.54404202546e-08
3.31751072019e-09	-5.80844350395e-08
3.3211643388e-09	-3.60292915502e-08
3.3248179574e-09	1.18848986208e-09
3.32847157601e-09	3.71469184302e-08
3.33212519462e-09	5.57420136715e-08
3.33577881323e-09	4.83135558227e-08
3.33943243183e-09	1.76341536928e-08
3.34308605044e-09	-2.30534151768e-08
3.34673966905e-09	-5.56951498254e-08
3.35039328766e-09	-6.54494201058e-08
3.35404690626e-09	-4.7508958545e-08
3.35770052487e-09	-9.5178149806e-09
3.36135414348e-09	3.16984305471e-08
3.36500776208e-09	5.76991823209e-08
3.36866138069e-09	5.67931941475e-08
3.3723149993e-09	2.93235888904e-08
3.37596861791e-09	-1.25558710096e-08
3.37962223651e-09	-5.03899038051e-08
3.38327585512e-09	-6.76212366102e-08
3.38692947373e-09	-5.67898226222e-08
3.39058309234e-09	-2.26649330415e-08
3.39423671094e-09	1.99126777289e-08
3.39789032955e-09	5.24505168187e-08
3.40154394816e-09	6.07823693599e-08
3.40519756676e-09	4.12221474733e-08
3.40885118537e-09	2.26040564044e-09
3.41250480398e-09	-3.90568359876e-08
3.41615842259e-09	-6.45939408628e-08
3.41981204119e-09	-6.3193517974e-08
3.4234656598e-09	-3.56679024094e-08
3.42711927841e-09	5.62031132745e-09
3.43077289702e-09	4.24149213529e-08
3.43442651562e-09	5.87936632712e-08
3.43808013423e-09	4.81319517576e-08
3.44173375284e-09	1.56954751418e-08
3.44538737144e-09	-2.40673880825e-08
3.44904099005e-09	-5.40521618575e-08
3.45269460866e-09	-6.18232363081e-08
3.45634822727e-09	-4.46494254902e-08
3.46000184587e-09	-1.03440367383e-08
3.46365546448e-09	2.62520067906e-08
3.46730908309e-09	4.95881380402e-08
3.4709627017e-09	4.99675145704e-08
3.4746163203e-09	2.76370411001e-08
3.47826993891e-09	-7.37093674985e-09
3.48192355752e-09	-3.96852151141e-08
3.48557717612e-09	-5.54304975253e-08
3.48923079473e-09	-4.83512287985e-08
3.49288441334e-09	-2.23725535875e-08
3.49653803195e-09	1.05281339202e-08
3.50019165055e-09	3.59999532407e-08
3.50384526916e-09	4.37111538076e-08
3.50749888777e-09	3.15088577452e-08
3.51115250638e-09	5.69253799654e-09
3.51480612498e-09	-2.22918092874e-08
3.51845974359e-09	-4.09333154039e-08
3.5221133622e-09	-4.32670432815e-08
3.5257669808e-09	-2.92949735581e-08
3.52942059941e-09	-5.54262014063e-09
3.53307421802e-09	1.7865662727e-08
3.53672783663e-09	3.14192050155e-08
3.54038145523e-09	3.00753804083e-08
3.54403507384e-09	1.52093022621e-08
3.54768869245e-09	-6.20700690845e-09
3.55134231106e-09	-2.48573250872e-08
3.55499592966e-09	-3.32631415745e-08
3.55864954827e-09	-2.89105486218e-08
3.56230316688e-09	-1.48747663076e-08
3.56595678548e-09	2.1435546671e-09
3.56961040409e-09	1.51404933035e-08
3.5732640227e-09	1.9736003054e-08
3.57691764131e-09	1.54382551187e-08
3.58057125991e-09	5.07009545458e-09
3.58422487852e-09	-6.92847157424e-09
3.58787849713e-09	-1.63308264689e-08
3.59153211574e-09	-2.04093346667e-08
3.59518573434e-09	-1.84876238762e-08
3.59883935295e-09	-1.18263994153e-08
3.60249297156e-09	-3.00966451761e-09
3.60614659016e-09	5.00339147891e-09
3.60980020877e-09	9.85651027463e-09
3.61345382738e-09	1.04508703913e-08
3.61710744599e-09	7.03083280484e-09
3.62076106459e-09	7.93541676813e-10
3.6244146832e-09	-6.624636395e-09
3.62806830181e-09	-1.34429516407e-08
3.63172192042e-09	-1.78304304654e-08
3.63537553902e-09	-1.80927841598e-08
3.63902915763e-09	-1.32684192522e-08
3.64268277624e-09	-3.96364763233e-09
3.64633639484e-09	7.15502679327e-09
3.64999001345e-09	1.58688493457e-08
3.65364363206e-09	1.80274071226e-08
3.65729725067e-09	1.16124780902e-08
3.66095086927e-09	-1.8596905127e-09
3.66460448788e-09	-1.74934093877e-08
3.66825810649e-09	-2.88258394932e-08
3.6719117251e-09	-3.05466727468e-08
3.6755653437e-09	-2.09316368682e-08
3.67921896231e-09	-2.92303536931e-09
3.68287258092e-09	1.66676521474e-08
3.68652619952e-09	2.9629287468e-08
3.69017981813e-09	2.97012618944e-08
3.69383343674e-09	1.55160151394e-08
3.69748705535e-09	-8.16651812841e-09
3.70114067395e-09	-3.18208606132e-08
3.70479429256e-09	-4.49123156443e-08
3.70844791117e-09	-4.06480573645e-08
3.71210152978e-09	-1.95206091291e-08
3.71575514838e-09	1.02521244827e-08
3.71940876699e-09	3.59329668242e-08
3.7230623856e-09	4.5828052464e-08
3.7267160042e-09	3.4679995764e-08
3.73036962281e-09	6.33018126805e-09
3.73402324142e-09	-2.76176947978e-08
3.73767686003e-09	-5.26072803098e-08
3.74133047863e-09	-5.73441170104e-08
3.74498409724e-09	-3.87977188154e-08
3.74863771585e-09	-3.88255472217e-09
3.75229133446e-09	3.30214930955e-08
3.75594495306e-09	5.58777806248e-08
3.75959857167e-09	5.39061950633e-08
3.76325219028e-09	2.66781690073e-08
3.76690580888e-09	-1.5030854783e-08
3.77055942749e-09	-5.33931796554e-08
3.7742130461e-09	-7.11829528655e-08
3.77786666471e-09	-5.96265294917e-08
3.78152028331e-09	-2.27615437609e-08
3.78517390192e-09	2.39003981051e-08
3.78882752053e-09	6.00095333425e-08
3.79248113914e-09	6.93534616403e-08
3.79613475774e-09	4.71436365501e-08
3.79978837635e-09	2.32802621625e-09
3.80344199496e-09	-4.60843949668e-08
3.80709561356e-09	-7.71010064682e-08
3.81074923217e-09	-7.67840617755e-08
3.81440285078e-09	-4.44351329065e-08
3.81805646939e-09	6.74568800818e-09
3.82171008799e-09	5.49506182779e-08
3.8253637066e-09	7.89909151422e-08
3.82901732521e-09	6.76136338029e-08
3.83267094382e-09	2.48291947003e-08
3.83632456242e-09	-3.13444417088e-08
3.83997818103e-09	-7.64651488794e-08
3.84363179964e-09	-9.03847734435e-08
3.84728541824e-09	-6.63409522872e-08
3.85093903685e-09	-1.42303395734e-08
3.85459265546e-09	4.35174918323e-08
3.85824627407e-09	8.16865508568e-08
3.86189989267e-09	8.3329709355e-08
3.86555351128e-09	4.72547583286e-08
3.86920712989e-09	-1.13195373075e-08
3.8728607485e-09	-6.72056330586e-08
3.8765143671e-09	-9.60621306945e-08
3.88016798571e-09	-8.49499670608e-08
3.88382160432e-09	-3.81290234941e-08
3.88747522292e-09	2.45177620428e-08
3.89112884153e-09	7.58840812409e-08
3.89478246014e-09	9.33795263336e-08
3.89843607875e-09	6.8917877627e-08
3.90208969735e-09	1.26962973468e-08
3.90574331596e-09	-5.104818257e-08
3.90939693457e-09	-9.45433384913e-08
3.91305055318e-09	-9.86560877436e-08
3.91670417178e-09	-6.13248900549e-08
3.92035779039e-09	1.45857903533e-09
3.924011409e-09	6.25600904414e-08
3.9276650276e-09	9.54594057134e-08
3.93131864621e-09	8.57456825543e-08
3.93497226482e-09	3.7403012243e-08
3.93862588343e-09	-2.88342931754e-08
3.94227950203e-09	-8.43514555982e-08
3.94593312064e-09	-1.05006499496e-07
3.94958673925e-09	-8.16478902266e-08
3.95324035786e-09	-2.42119106986e-08
3.95689397646e-09	4.24797512721e-08
3.96054759507e-09	8.94781635452e-08
3.96420121368e-09	9.63446993296e-08
3.96785483228e-09	6.00867622325e-08
3.97150845089e-09	-3.54576901174e-09
3.9751620695e-09	-6.6974997992e-08
3.97881568811e-09	-1.02808613178e-07
3.98246930671e-09	-9.56871346602e-08
3.98612292532e-09	-4.88238143248e-08
3.98977654393e-09	1.74974594813e-08
3.99343016254e-09	7.47154160763e-08
3.99708378114e-09	9.82697727636e-08
4.00073739975e-09	7.81170541586e-08
4.00439101836e-09	2.30208740959e-08
4.00804463696e-09	-4.32247730942e-08
4.01169825557e-09	-9.20584852793e-08
4.01535187418e-09	-1.0249481619e-07
4.01900549279e-09	-7.02060773961e-08
4.02265911139e-09	-9.35076904796e-09
4.02631273e-09	5.36611359792e-08
4.02996634861e-09	9.17054379102e-08
4.03361996722e-09	8.86914577336e-08
4.03727358582e-09	4.63656135707e-08
4.04092720443e-09	-1.66973528337e-08
4.04458082304e-09	-7.33161797939e-08
4.04823444164e-09	-9.94483571048e-08
4.05188806025e-09	-8.4364288e-08
4.05554167886e-09	-3.49958710899e-08
4.05919529747e-09	2.72599844919e-08
4.06284891607e-09	7.57995408662e-08
4.06650253468e-09	9.01568881773e-08
4.07015615329e-09	6.46400266646e-08
4.0738097719e-09	1.0600851752e-08
4.0774633905e-09	-4.85872568845e-08
4.08111700911e-09	-8.76666845784e-08
4.08477062772e-09	-9.03345807046e-08
4.08842424632e-09	-5.60834720886e-08
4.09207786493e-09	-1.275699546e-10
4.09573148354e-09	5.34139132924e-08
4.09938510215e-09	8.1981688993e-08
4.10303872075e-09	7.40856478387e-08
4.10669233936e-09	3.38661862997e-08
4.11034595797e-09	-2.10674784284e-08
4.11399957658e-09	-6.73638851367e-08
4.11765319518e-09	-8.58395452497e-08
4.12130681379e-09	-6.93886192948e-08
4.1249604324e-09	-2.5677096005e-08
4.128614051e-09	2.63888271235e-08
4.13226766961e-09	6.48322426855e-08
4.13592128822e-09	7.39071097655e-08
4.13957490683e-09	5.05780732851e-08
4.14322852543e-09	5.47274581209e-09
4.14688214404e-09	-4.19828261045e-08
4.15053576265e-09	-7.19978956454e-08
4.15418938126e-09	-7.27056317373e-08
4.15784299986e-09	-4.4803499577e-08
4.16149661847e-09	-7.54706519501e-10
4.16515023708e-09	4.08225027115e-08
4.16880385568e-09	6.30258796264e-08
4.17245747429e-09	5.74679290821e-08
4.1761110929e-09	2.73446705279e-08
4.17976471151e-09	-1.42848879392e-08
4.18341833011e-09	-5.01171228962e-08
4.18707194872e-09	-6.5763131829e-08
4.19072556733e-09	-5.55196848495e-08
4.19437918594e-09	-2.443913516e-08
4.19803280454e-09	1.4095641987e-08
4.20168642315e-09	4.41647145522e-08
4.20534004176e-09	5.39572937441e-08
4.20899366036e-09	4.04150739541e-08
4.21264727897e-09	1.00293959804e-08
4.21630089758e-09	-2.43214302031e-08
4.21995451619e-09	-4.88966520606e-08
4.22360813479e-09	-5.45483302972e-08
4.2272617534e-09	-3.99695423425e-08
4.23091537201e-09	-1.17063798655e-08
4.23456899062e-09	1.87734414681e-08
4.23822260922e-09	3.96488424315e-08
4.24187622783e-09	4.32149889207e-08
4.24552984644e-09	2.86545134287e-08
4.24918346504e-09	2.15164908113e-09
4.25283708365e-09	-2.56687986422e-08
4.25649070226e-09	-4.39864002999e-08
4.26014432087e-09	-4.60192097762e-08
4.26379793947e-09	-3.15480050972e-08
4.26745155808e-09	-6.72761890641e-09
4.27110517669e-09	1.86017299342e-08
4.2747587953e-09	3.48704496389e-08
4.2784124139e-09	3.63331160713e-08
4.28206603251e-09	2.29392345119e-08
4.28571965112e-09	2.55031551433e-11
4.28937326972e-09	-2.38069048919e-08
4.29302688833e-09	-3.9793018658e-08
4.29668050694e-09	-4.20528571965e-08
4.30033412555e-09	-2.96826527801e-08
4.30398774415e-09	-7.1785222211e-09
4.30764136276e-09	1.70521108345e-08
4.31129498137e-09	3.37388712524e-08
4.31494859998e-09	3.6305635831e-08
4.31860221858e-09	2.35368649015e-08
4.32225583719e-09	1.84912349321e-10
4.3259094558e-09	-2.48044820239e-08
4.3295630744e-09	-4.17563157384e-08
4.33321669301e-09	-4.40108536282e-08
4.33687031162e-09	-3.04806206941e-08
4.34052393023e-09	-6.09897954362e-09
4.34417754883e-09	1.99562233405e-08
4.34783116744e-09	3.76041668915e-08
4.35148478605e-09	3.96498691657e-08
4.35513840466e-09	2.46878180121e-08
4.35879202326e-09	-2.00567651376e-09
4.36244564187e-09	-3.01670297631e-08
4.36609926048e-09	-4.84062070427e-08
4.36975287908e-09	-4.88628018047e-08
4.37340649769e-09	-3.06908489733e-08
4.3770601163e-09	-7.57811591257e-10
4.38071373491e-09	2.8947013675e-08
4.38436735351e-09	4.61833167265e-08
4.38802097212e-09	4.35661000608e-08
4.39167459073e-09	2.17116919998e-08
4.39532820934e-09	-1.08775761731e-08
4.39898182794e-09	-4.11355713936e-08
4.40263544655e-09	-5.66321709528e-08
4.40628906516e-09	-5.06177784132e-08
4.40994268376e-09	-2.49414124909e-08
4.41359630237e-09	1.03899928661e-08
4.41724992098e-09	4.10039753262e-08
4.42090353959e-09	5.39711244585e-08
4.42455715819e-09	4.33248921183e-08
4.4282107768e-09	1.28982282632e-08
4.43186439541e-09	-2.49523655071e-08
4.43551801402e-09	-5.43953504462e-08
4.43917163262e-09	-6.28603302744e-08
4.44282525123e-09	-4.64878731066e-08
4.44647886984e-09	-1.18772005564e-08
4.45013248844e-09	2.66536446247e-08
4.45378610705e-09	5.30644896912e-08
4.45743972566e-09	5.62786652836e-08
4.46109334427e-09	3.47725617189e-08
4.46474696287e-09	-2.76045408754e-09
4.46840058148e-09	-4.09038918292e-08
4.47205420009e-09	-6.37828847516e-08
4.4757078187e-09	-6.16331234937e-08
4.4793614373e-09	-3.50105331393e-08
4.48301505591e-09	5.19819121081e-09
4.48666867452e-09	4.2162849212e-08
4.49032229312e-09	6.01922636179e-08
4.49397591173e-09	5.1515211652e-08
4.49762953034e-09	1.97292990833e-08
4.50128314895e-09	-2.1689764651e-08
4.50493676755e-09	-5.52041328206e-08
4.50859038616e-09	-6.67563782031e-08
4.51224400477e-09	-5.17043652337e-08
4.51589762338e-09	-1.66195217588e-08
4.51955124198e-09	2.36734063463e-08
4.52320486059e-09	5.23990522083e-08
4.5268584792e-09	5.77739882601e-08
4.5305120978e-09	3.77759832304e-08
4.53416571641e-09	8.82059092433e-10
4.53781933502e-09	-3.74691246918e-08
4.54147295363e-09	-6.12760118202e-08
4.54512657223e-09	-6.0657406209e-08
4.54878019084e-09	-3.60356189333e-08
4.55243380945e-09	2.01277261525e-09
4.55608742806e-09	3.72863908638e-08
4.55974104666e-09	5.49438325947e-08
4.56339466527e-09	4.78745754151e-08
4.56704828388e-09	1.96105407468e-08
4.57070190248e-09	-1.74502119421e-08
4.57435552109e-09	-4.75925077126e-08
4.5780091397e-09	-5.85251704877e-08
4.58166275831e-09	-4.637054829e-08
4.58531637691e-09	-1.69070411005e-08
4.58896999552e-09	1.72045524494e-08
4.59262361413e-09	4.18547649872e-08
4.59627723274e-09	4.72574477328e-08
4.59993085134e-09	3.17859445431e-08
4.60358446995e-09	2.4115518471e-09
4.60723808856e-09	-2.83574390636e-08
4.61089170716e-09	-4.77694861445e-08
4.61454532577e-09	-4.81594852886e-08
4.61819894438e-09	-3.00529059416e-08
4.62185256299e-09	-1.709942965e-09
4.62550618159e-09	2.46579077157e-08
4.6291598002e-09	3.82454956593e-08
4.63281341881e-09	3.4160553497e-08
4.63646703742e-09	1.51301655649e-08
4.64012065602e-09	-1.01540900133e-08
4.64377427463e-09	-3.10676320225e-08
4.64742789324e-09	-3.95341217541e-08
4.65108151184e-09	-3.30650422598e-08
4.65473513045e-09	-1.52844670254e-08
4.65838874906e-09	5.98906302329e-09
4.66204236767e-09	2.21316529547e-08
4.66569598627e-09	2.71527618168e-08
4.66934960488e-09	1.98789855688e-08
4.67300322349e-09	4.10355438518e-09
4.6766568421e-09	-1.32649251583e-08
4.6803104607e-09	-2.52301575188e-08
4.68396407931e-09	-2.7584189155e-08
4.68761769792e-09	-2.03983123725e-08
4.69127131652e-09	-7.54827933491e-09
4.69492493513e-09	5.33863175889e-09
4.69857855374e-09	1.34249313888e-08
4.70223217235e-09	1.44694238813e-08
4.70588579095e-09	9.22835674544e-09
4.70953940956e-09	5.54631895966e-10
4.71319302817e-09	-8.10415468067e-09
4.71684664678e-09	-1.40302454099e-08
4.72050026538e-09	-1.59183137782e-08
4.72415388399e-09	-1.38923983428e-08
4.7278075026e-09	-9.09982400543e-09
4.7314611212e-09	-3.17029735797e-09
4.73511473981e-09	2.27668461861e-09
4.73876835842e-09	5.97682525694e-09
4.74242197703e-09	7.18100867658e-09
4.74607559563e-09	5.6602025289e-09
4.74972921424e-09	1.64835511907e-09
4.75338283285e-09	-4.14297174345e-09
4.75703645146e-09	-1.04452926308e-08
4.76069007006e-09	-1.54356314397e-08
4.76434368867e-09	-1.7087945281e-08
4.76799730728e-09	-1.39543399058e-08
4.77165092588e-09	-6.13203177124e-09
4.77530454449e-09	4.18661816326e-09
4.7789581631e-09	1.31181536744e-08
4.78261178171e-09	1.65595182011e-08
4.78626540031e-09	1.21394236885e-08
4.78991901892e-09	6.74425515435e-10
4.79357263753e-09	-1.37444260417e-08
4.79722625614e-09	-2.52303404835e-08
4.80087987474e-09	-2.857435355e-08
4.80453349335e-09	-2.1604998679e-08
4.80818711196e-09	-6.37294217398e-09
4.81184073056e-09	1.13983951167e-08
4.81549434917e-09	2.44403430827e-08
4.81914796778e-09	2.6862165825e-08
4.82280158639e-09	1.67553615427e-08
4.82645520499e-09	-2.62241295346e-09
4.8301088236e-09	-2.3736859589e-08
4.83376244221e-09	-3.76366990906e-08
4.83741606082e-09	-3.77546740538e-08
4.84106967942e-09	-2.30522090305e-08
4.84472329803e-09	1.0502376746e-09
4.84837691664e-09	2.46129996384e-08
4.85203053524e-09	3.73483572957e-08
4.85568415385e-09	3.32014877813e-08
4.85933777246e-09	1.32432722566e-08
4.86299139107e-09	-1.45397356377e-08
4.86664500967e-09	-3.85162941541e-08
4.87029862828e-09	-4.83404107854e-08
4.87395224689e-09	-3.9401392371e-08
4.8776058655e-09	-1.491167545e-08
4.8812594841e-09	1.52556829391e-08
4.88491310271e-09	3.85296381467e-08
4.88856672132e-09	4.4836852453e-08
4.89222033992e-09	3.09391978703e-08
4.89587395853e-09	2.0785639876e-09
4.89952757714e-09	-2.9910964372e-08
4.90318119575e-09	-5.14277580521e-08
4.90683481435e-09	-5.29355297374e-08
4.91048843296e-09	-3.32719665153e-08
4.91414205157e-09	-4.16952250504e-10
4.91779567018e-09	3.17657615767e-08
4.92144928878e-09	4.94747354196e-08
4.92510290739e-09	4.49724808504e-08
4.928756526e-09	1.99794509825e-08
4.9324101446e-09	-1.5040621193e-08
4.93606376321e-09	-4.53399628952e-08
4.93971738182e-09	-5.81309329561e-08
4.94337100043e-09	-4.79545789744e-08
4.94702461903e-09	-1.89640783077e-08
4.95067823764e-09	1.67815557006e-08
4.95433185625e-09	4.4303650526e-08
4.95798547486e-09	5.19557872281e-08
4.96163909346e-09	3.63658969604e-08
4.96529271207e-09	3.97769372995e-09
4.96894633068e-09	-3.1566532499e-08
4.97259994928e-09	-5.51844294705e-08
4.97625356789e-09	-5.68320288608e-08
4.9799071865e-09	-3.58574716586e-08
4.98356080511e-09	-1.27798438498e-09
4.98721442371e-09	3.21567306116e-08
4.99086804232e-09	5.03489232528e-08
4.99452166093e-09	4.58485835964e-08
4.99817527954e-09	2.08768646814e-08
5.00182889814e-09	-1.38126496907e-08
