% time-domain current integration by openEMS v0.0.36-93-g7b9cd51 @Thu Sep 24 16:32:49 2026
% start-coordinates: (0.05825,-0.0023,0.000381746) m -> [74,1,6]
% stop-coordinates: (0.0583,0.0006,0.000381746) m -> [75,4,6]
% t/s	current
2.50247849813e-14	0
3.67864339226e-12	0
7.33226199953e-12	0
1.09858806068e-11	0
1.46394992141e-11	0
1.82931178214e-11	0
2.19467364286e-11	9.74184342568e-36
2.56003550359e-11	4.29050589136e-32
2.92539736432e-11	3.17049957822e-29
3.29075922504e-11	6.72530114348e-27
3.65612108577e-11	5.70259659775e-25
4.0214829465e-11	2.37869346605e-23
4.38684480723e-11	5.67157214985e-22
4.75220666795e-11	8.62620293481e-21
5.11756852868e-11	9.08926865836e-20
5.48293038941e-11	7.0681161626e-19
5.84829225014e-11	4.26077838394e-18
6.21365411086e-11	2.06926310896e-17
6.57901597159e-11	8.34414803318e-17
6.94437783232e-11	2.85850432171e-16
7.30973969305e-11	8.4495337549e-16
7.67510155377e-11	2.16897482166e-15
8.0404634145e-11	4.79885584531e-15
8.40582527523e-11	8.82414021681e-15
8.77118713596e-11	1.18145764846e-14
9.13654899668e-11	3.333056648e-15
9.50191085741e-11	-4.73571716239e-14
9.86727271814e-11	-2.15572947947e-13
1.02326345789e-10	-6.64260421841e-13
1.05979964396e-10	-1.71283419306e-12
1.09633583003e-10	-3.93581695013e-12
1.1328720161e-10	-8.28652077511e-12
1.16940820218e-10	-1.62239336549e-11
1.20594438825e-10	-2.97937750859e-11
1.24248057432e-10	-5.15775408494e-11
1.2790167604e-10	-8.43792813399e-11
1.31555294647e-10	-1.30474839266e-10
1.35208913254e-10	-1.90212151585e-10
1.38862531861e-10	-2.59733540231e-10
1.42516150469e-10	-3.27606414219e-10
1.46169769076e-10	-3.70205366362e-10
1.49823387683e-10	-3.45807549262e-10
1.5347700629e-10	-1.87548004904e-10
1.57130624898e-10	2.04345998456e-10
1.60784243505e-10	9.70277969081e-10
1.64437862112e-10	2.29778862604e-09
1.6809148072e-10	4.4252730369e-09
1.71745099327e-10	7.64101937278e-09
1.75398717934e-10	1.22755636767e-08
1.79052336541e-10	1.86855313444e-08
1.82705955149e-10	2.7227617494e-08
1.86359573756e-10	3.82221543305e-08
1.90013192363e-10	5.190656438e-08
1.93666810971e-10	6.83800180923e-08
1.97320429578e-10	8.75417285329e-08
2.00974048185e-10	1.09025691586e-07
2.04627666792e-10	1.32136364073e-07
2.082812854e-10	1.55790203848e-07
2.11934904007e-10	1.78470955348e-07
2.15588522614e-10	1.98205427182e-07
2.19242141221e-10	2.12570085978e-07
2.22895759829e-10	2.18735976887e-07
2.26549378436e-10	2.13558180917e-07
2.30202997043e-10	1.93710803842e-07
2.33856615651e-10	1.55864015028e-07
2.37510234258e-10	9.68939488644e-08
2.41163852865e-10	1.41122207253e-08
2.44817471472e-10	-9.44979490214e-08
2.4847109008e-10	-2.30052776828e-07
2.52124708687e-10	-3.92555079998e-07
2.55778327294e-10	-5.80709240694e-07
2.59431945901e-10	-7.91773516085e-07
2.63085564509e-10	-1.02146702829e-06
2.66739183116e-10	-1.26394888866e-06
2.70392801723e-10	-1.51189874487e-06
2.74046420331e-10	-1.75670697899e-06
2.77700038938e-10	-1.98878979063e-06
2.81353657545e-10	-2.19801745516e-06
2.85007276152e-10	-2.37420863414e-06
2.8866089476e-10	-2.50767425314e-06
2.92314513367e-10	-2.5897343221e-06
2.95968131974e-10	-2.61319019046e-06
2.99621750581e-10	-2.57272881754e-06
3.03275369189e-10	-2.46525564762e-06
3.06928987796e-10	-2.2901781449e-06
3.10582606403e-10	-2.04962452699e-06
3.14236225011e-10	-1.74860008428e-06
3.17889843618e-10	-1.39502503771e-06
3.21543462225e-10	-9.99602661977e-07
3.25197080832e-10	-5.75464753183e-07
3.2885069944e-10	-1.37591257499e-07
3.32504318047e-10	2.97975958574e-07
3.36157936654e-10	7.15013982244e-07
3.39811555261e-10	1.09798475023e-06
3.43465173869e-10	1.43277895859e-06
3.47118792476e-10	1.70727014392e-06
3.50772411083e-10	1.91168442143e-06
3.54426029691e-10	2.03886452255e-06
3.58079648298e-10	2.08450728678e-06
3.61733266905e-10	2.04744173971e-06
3.65386885512e-10	1.92993547898e-06
3.6904050412e-10	1.73792113856e-06
3.72694122727e-10	1.48100502884e-06
3.76347741334e-10	1.17211504858e-06
3.80001359941e-10	8.26726022751e-07
3.83654978549e-10	4.61747049485e-07
3.87308597156e-10	9.42592777164e-08
3.90962215763e-10	-2.59626432353e-07
3.94615834371e-10	-5.85573332046e-07
3.98269452978e-10	-8.71375959832e-07
4.01923071585e-10	-1.10695623334e-06
4.05576690192e-10	-1.28421561385e-06
4.092303088e-10	-1.39701933222e-06
4.12883927407e-10	-1.44149271364e-06
4.16537546014e-10	-1.41662587794e-06
4.20191164621e-10	-1.32498962557e-06
4.23844783229e-10	-1.17319177662e-06
4.27498401836e-10	-9.71753252088e-07
4.31152020443e-10	-7.34236493827e-07
4.34805639051e-10	-4.75734225347e-07
4.38459257658e-10	-2.11108456938e-07
4.42112876265e-10	4.65141383188e-08
4.45766494872e-10	2.86548697659e-07
4.4942011348e-10	5.0087891168e-07
4.53073732087e-10	6.83097709953e-07
4.56727350694e-10	8.27543146897e-07
4.60380969302e-10	9.28723693505e-07
4.64034587909e-10	9.81554421742e-07
4.67688206516e-10	9.8244174751e-07
4.71341825123e-10	9.3082718422e-07
4.74995443731e-10	8.30499743643e-07
4.78649062338e-10	6.89973433055e-07
4.82302680945e-10	5.2155968433e-07
4.85956299552e-10	3.39276169825e-07
4.8960991816e-10	1.56249242877e-07
4.93263536767e-10	-1.74617866833e-08
4.96917155374e-10	-1.75816609271e-07
5.00570773982e-10	-3.16183957239e-07
5.04224392589e-10	-4.37486676219e-07
5.07878011196e-10	-5.37981691195e-07
5.11531629803e-10	-6.13755332779e-07
5.15185248411e-10	-6.58739679693e-07
5.18838867018e-10	-6.66423318307e-07
5.22492485625e-10	-6.32619560292e-07
5.26146104232e-10	-5.58108183668e-07
5.2979972284e-10	-4.49896333521e-07
5.33453341447e-10	-3.20331963621e-07
5.37106960054e-10	-1.84205234177e-07
5.40760578662e-10	-5.48515792786e-08
5.44414197269e-10	5.92178643899e-08
5.48067815876e-10	1.55759380505e-07
5.51721434483e-10	2.37689434357e-07
5.55375053091e-10	3.09868084969e-07
5.59028671698e-10	3.75154598942e-07
5.62682290305e-10	4.31509363352e-07
5.66335908912e-10	4.71544268521e-07
5.6998952752e-10	4.84902102471e-07
5.73643146127e-10	4.62601690288e-07
5.77296764734e-10	4.01540546591e-07
5.80950383342e-10	3.07117375087e-07
5.84604001949e-10	1.92633677898e-07
5.88257620556e-10	7.54596314323e-08
5.91911239163e-10	-2.86242016756e-08
5.95564857771e-10	-1.10607999204e-07
5.99218476378e-10	-1.70731681237e-07
6.02872094985e-10	-2.17112670953e-07
6.06525713592e-10	-2.61000820956e-07
6.101793322e-10	-3.10652410462e-07
6.13832950807e-10	-3.66487000747e-07
6.17486569414e-10	-4.19752495873e-07
6.21140188022e-10	-4.55480176242e-07
6.24793806629e-10	-4.58649054735e-07
6.28447425236e-10	-4.21030165398e-07
6.32101043843e-10	-3.45718973449e-07
6.35754662451e-10	-2.47211573878e-07
6.39408281058e-10	-1.46713304616e-07
6.43061899665e-10	-6.44162128083e-08
6.46715518272e-10	-1.19162271162e-08
6.5036913688e-10	1.19488392514e-08
6.54022755487e-10	1.99204617246e-08
6.57676374094e-10	3.01235942857e-08
6.61329992702e-10	5.74048435453e-08
6.64983611309e-10	1.05939960804e-07
6.68637229916e-10	1.66427909676e-07
6.72290848523e-10	2.19285226422e-07
6.75944467131e-10	2.42685757712e-07
6.79598085738e-10	2.22130239536e-07
6.83251704345e-10	1.57438364567e-07
6.86905322952e-10	6.40151824882e-08
6.9055894156e-10	-3.24278524033e-08
6.94212560167e-10	-1.05710483922e-07
6.97866178774e-10	-1.39559077184e-07
7.01519797382e-10	-1.34086775461e-07
7.05173415989e-10	-1.05440705056e-07
7.08827034596e-10	-7.85387044289e-08
7.12480653203e-10	-7.58319202987e-08
7.16134271811e-10	-1.06883632611e-07
7.19787890418e-10	-1.63375958095e-07
7.23441509025e-10	-2.21919222554e-07
7.27095127633e-10	-2.53692803653e-07
7.3074874624e-10	-2.36926368302e-07
7.34402364847e-10	-1.66874869478e-07
7.38055983454e-10	-5.88959174763e-08
7.41709602062e-10	5.69087674762e-08
7.45363220669e-10	1.47447508425e-07
7.49016839276e-10	1.89962605646e-07
7.52670457883e-10	1.81295575885e-07
7.56324076491e-10	1.39035719826e-07
7.59977695098e-10	9.38369240089e-08
7.63631313705e-10	7.59597398314e-08
7.67284932313e-10	1.01694816124e-07
7.7093855092e-10	1.65568678767e-07
7.74592169527e-10	2.41911124021e-07
7.78245788134e-10	2.95390748306e-07
7.81899406742e-10	2.96169474723e-07
7.85553025349e-10	2.33207146039e-07
7.89206643956e-10	1.19891709005e-07
7.92860262563e-10	-1.06151034629e-08
7.96513881171e-10	-1.18512858194e-07
8.00167499778e-10	-1.73525748437e-07
8.03821118385e-10	-1.67274521345e-07
8.07474736993e-10	-1.16554630836e-07
8.111283556e-10	-5.60024240315e-08
8.14781974207e-10	-2.30795471623e-08
8.18435592814e-10	-4.16309191564e-08
8.22089211422e-10	-1.11015680204e-07
8.25742830029e-10	-2.05612380455e-07
8.29396448636e-10	-2.85192044203e-07
8.33050067243e-10	-3.11956284804e-07
8.36703685851e-10	-2.6703395406e-07
8.40357304458e-10	-1.59280048706e-07
8.44010923065e-10	-2.24009362171e-08
8.47664541673e-10	9.85535137943e-08
8.5131816028e-10	1.65673014862e-07
8.54971778887e-10	1.63786637586e-07
8.58625397494e-10	1.06518363907e-07
8.62279016102e-10	3.01950215942e-08
8.65932634709e-10	-2.18626432513e-08
8.69586253316e-10	-1.80783601422e-08
8.73239871923e-10	4.74988297583e-08
8.76893490531e-10	1.52084950855e-07
8.80547109138e-10	2.53297827157e-07
8.84200727745e-10	3.06874909484e-07
8.87854346353e-10	2.85605551653e-07
8.9150796496e-10	1.91414414985e-07
8.95161583567e-10	5.52752368321e-08
8.98815202174e-10	-7.52249889047e-08
9.02468820782e-10	-1.55526493018e-07
9.06122439389e-10	-1.62576313301e-07
9.09776057996e-10	-1.04223893516e-07
9.13429676603e-10	-1.54989994172e-08
9.17083295211e-10	5.66186351136e-08
9.20736913818e-10	7.34205940489e-08
9.24390532425e-10	2.11194901567e-08
9.28044151033e-10	-8.30546724728e-08
9.3169776964e-10	-1.97845821504e-07
9.35351388247e-10	-2.75138290817e-07
9.39005006854e-10	-2.80188174884e-07
9.42658625462e-10	-2.06489261245e-07
9.46312244069e-10	-7.89840655102e-08
9.49965862676e-10	5.58908759274e-08
9.53619481284e-10	1.49309727249e-07
9.57273099891e-10	1.7030808408e-07
9.60926718498e-10	1.18556073403e-07
9.64580337105e-10	2.41422988267e-08
9.68233955713e-10	-6.55614371681e-08
9.7188757432e-10	-1.0629935332e-07
9.75541192927e-10	-7.58403686518e-08
9.79194811534e-10	1.66085687425e-08
9.82848430142e-10	1.3432668311e-07
9.86502048749e-10	2.28515091294e-07
9.90155667356e-10	2.5868831699e-07
9.93809285964e-10	2.09554599451e-07
9.97462904571e-10	9.74809140075e-08
1.00111652318e-09	-3.60866465599e-08
1.00477014179e-09	-1.415633335e-07
1.00842376039e-09	-1.81581825132e-07
1.012077379e-09	-1.46320473959e-07
1.01573099761e-09	-5.73257032954e-08
1.01938461621e-09	4.18692991389e-08
1.02303823482e-09	1.04402715806e-07
1.02669185343e-09	1.00054442953e-07
1.03034547204e-09	2.79857879093e-08
1.03399909064e-09	-8.31010211755e-08
1.03765270925e-09	-1.87259331597e-07
1.04130632786e-09	-2.40629418613e-07
1.04495994647e-09	-2.19597083628e-07
1.04861356507e-09	-1.30344957938e-07
1.05226718368e-09	-6.10603834161e-09
1.05592080229e-09	1.06512139553e-07
1.05957442089e-09	1.66467955864e-07
1.0632280395e-09	1.54818508236e-07
1.06688165811e-09	8.2164795856e-08
1.07053527672e-09	-1.60414028727e-08
1.07418889532e-09	-9.44761637811e-08
1.07784251393e-09	-1.17026331736e-07
1.08149613254e-09	-7.19580981468e-08
1.08514975115e-09	2.32696333313e-08
1.08880336975e-09	1.29566259943e-07
1.09245698836e-09	2.02783326131e-07
1.09611060697e-09	2.12131297417e-07
1.09976422557e-09	1.52670239117e-07
1.10341784418e-09	4.68880791971e-08
1.10707146279e-09	-6.48798206271e-08
1.1107250814e-09	-1.40938539062e-07
1.1143787e-09	-1.54847526801e-07
1.11803231861e-09	-1.05623598756e-07
1.12168593722e-09	-1.76675598595e-08
1.12533955583e-09	6.94529518341e-08
1.12899317443e-09	1.17288536217e-07
1.13264679304e-09	1.04335761364e-07
1.13630041165e-09	3.49174982262e-08
1.13995403025e-09	-6.26620391131e-08
1.14360764886e-09	-1.47994384747e-07
1.14726126747e-09	-1.85463392199e-07
1.15091488608e-09	-1.58949504225e-07
1.15456850468e-09	-7.81660176585e-08
1.15822212329e-09	2.57921737301e-08
1.1618757419e-09	1.1345877482e-07
1.16552936051e-09	1.52910502038e-07
1.16918297911e-09	1.32135255626e-07
1.17283659772e-09	6.31890983982e-08
1.17649021633e-09	-2.3133557292e-08
1.18014383493e-09	-8.98152165973e-08
1.18379745354e-09	-1.08442819169e-07
1.18745107215e-09	-7.06155276475e-08
1.19110469076e-09	8.59153459487e-09
1.19475830936e-09	9.66730127061e-08
1.19841192797e-09	1.5699598066e-07
1.20206554658e-09	1.6393451574e-07
1.20571916519e-09	1.13460131956e-07
1.20937278379e-09	2.46614177968e-08
1.2130264024e-09	-6.83553480485e-08
1.21668002101e-09	-1.30546823129e-07
1.22033363961e-09	-1.3996320547e-07
1.22398725822e-09	-9.60351584922e-08
1.22764087683e-09	-1.91418312312e-08
1.23129449544e-09	5.79345211804e-08
1.23494811404e-09	1.03087927528e-07
1.23860173265e-09	9.74834364342e-08
1.24225535126e-09	4.29783781897e-08
1.24590896987e-09	-3.84782978813e-08
1.24956258847e-09	-1.13439483584e-07
1.25321620708e-09	-1.50418685507e-07
1.25686982569e-09	-1.32889880433e-07
1.26052344429e-09	-6.63350547825e-08
1.2641770629e-09	2.38479209713e-08
1.26783068151e-09	1.02833965343e-07
1.27148430012e-09	1.40749818911e-07
1.27513791872e-09	1.24745355379e-07
1.27879153733e-09	6.37733492681e-08
1.28244515594e-09	-1.55918229439e-08
1.28609877455e-09	-8.01704445053e-08
1.28975239315e-09	-1.03406605945e-07
1.29340601176e-09	-7.57111422445e-08
1.29705963037e-09	-8.14575251695e-09
1.30071324897e-09	7.18490369422e-08
1.30436686758e-09	1.31190475372e-07
1.30802048619e-09	1.44430316595e-07
1.3116741048e-09	1.0438075293e-07
1.3153277234e-09	2.55535947957e-08
1.31898134201e-09	-6.14421793443e-08
1.32263496062e-09	-1.22498704513e-07
1.32628857923e-09	-1.34274927177e-07
1.32994219783e-09	-9.38805513329e-08
1.33359581644e-09	-1.97754808084e-08
1.33724943505e-09	5.62897497502e-08
1.34090305365e-09	1.02570297145e-07
1.34455667226e-09	1.00157308225e-07
1.34821029087e-09	5.02688308757e-08
1.35186390948e-09	-2.65410555755e-08
1.35551752808e-09	-9.86652040069e-08
1.35917114669e-09	-1.35987534122e-07
1.3628247653e-09	-1.21996279745e-07
1.36647838391e-09	-6.07781913686e-08
1.37013200251e-09	2.41449207294e-08
1.37378562112e-09	9.91233832792e-08
1.37743923973e-09	1.34323144607e-07
1.38109285833e-09	1.16422995688e-07
1.38474647694e-09	5.43581677448e-08
1.38840009555e-09	-2.45937386012e-08
1.39205371416e-09	-8.66465299509e-08
1.39570733276e-09	-1.05886677204e-07
1.39936095137e-09	-7.48803898887e-08
1.40301456998e-09	-7.20937798349e-09
1.40666818859e-09	6.86462300337e-08
1.41032180719e-09	1.21127328612e-07
1.4139754258e-09	1.28263110355e-07
1.41762904441e-09	8.63732267931e-08
1.42128266301e-09	1.15865406158e-08
1.42493628162e-09	-6.64649064674e-08
1.42858990023e-09	-1.16571428066e-07
1.43224351884e-09	-1.18899322388e-07
1.43589713744e-09	-7.35429281917e-08
1.43955075605e-09	-7.02068181369e-10
1.44320437466e-09	6.79604212905e-08
1.44685799327e-09	1.0308655618e-07
1.45051161187e-09	9.02945416215e-08
1.45416523048e-09	3.6019951466e-08
1.45781884909e-09	-3.58653409194e-08
1.46147246769e-09	-9.47122913431e-08
1.4651260863e-09	-1.16040169473e-07
1.46877970491e-09	-9.12697828426e-08
1.47243332352e-09	-3.06282572637e-08
1.47608694212e-09	4.1431910347e-08
1.47974056073e-09	9.6212225742e-08
1.48339417934e-09	1.12282485532e-07
1.48704779795e-09	8.41688745368e-08
1.49070141655e-09	2.47066580528e-08
1.49435503516e-09	-4.02081177242e-08
1.49800865377e-09	-8.26131056897e-08
1.50166227237e-09	-8.46204528671e-08
1.50531589098e-09	-4.6199403414e-08
1.50896950959e-09	1.50796974907e-08
1.5126231282e-09	7.21993060893e-08
1.5162767468e-09	1.00787488577e-07
1.51993036541e-09	8.94540406193e-08
1.52358398402e-09	4.39035190425e-08
1.52723760263e-09	-1.64206461761e-08
1.53089122123e-09	-6.70356570254e-08
1.53454483984e-09	-8.84634800968e-08
1.53819845845e-09	-7.36760483733e-08
1.54185207705e-09	-3.0393628947e-08
1.54550569566e-09	2.23576108738e-08
1.54915931427e-09	6.21000069145e-08
1.55281293288e-09	7.22349540183e-08
1.55646655148e-09	4.9090822074e-08
1.56012017009e-09	3.5164462453e-09
1.5637737887e-09	-4.39880771808e-08
1.56742740731e-09	-7.25611073449e-08
1.57108102591e-09	-7.03327316387e-08
1.57473464452e-09	-3.93548660327e-08
1.57838826313e-09	6.091778193e-09
1.58204188173e-09	4.65823255524e-08
1.58569550034e-09	6.6268491139e-08
1.58934911895e-09	5.91517377302e-08
1.59300273756e-09	3.05591392191e-08
1.59665635616e-09	-6.06116268287e-09
1.60030997477e-09	-3.51065523319e-08
1.60396359338e-09	-4.50405295283e-08
1.60761721199e-09	-3.26993827571e-08
1.61127083059e-09	-4.28808100139e-09
1.6149244492e-09	2.73376326021e-08
1.61857806781e-09	4.82118664991e-08
1.62223168641e-09	4.94343197488e-08
1.62588530502e-09	3.11504955164e-08
1.62953892363e-09	2.26081731114e-09
1.63319254224e-09	-2.41121753675e-08
1.63684616084e-09	-3.70584842813e-08
1.64049977945e-09	-3.28048983533e-08
1.64415339806e-09	-1.56925921146e-08
1.64780701667e-09	4.87314233411e-09
1.65146063527e-09	1.94117237839e-08
1.65511425388e-09	2.25351897143e-08
1.65876787249e-09	1.45344003499e-08
1.66242149109e-09	3.00320657232e-10
1.6660751097e-09	-1.33306947703e-08
1.66972872831e-09	-2.0480088736e-08
1.67338234692e-09	-1.84403283754e-08
1.67703596552e-09	-8.61435633936e-09
1.68068958413e-09	4.15511269836e-09
1.68434320274e-09	1.38155540341e-08
1.68799682135e-09	1.61144608768e-08
1.69165043995e-09	1.08875397586e-08
1.69530405856e-09	2.18086437798e-09
1.69895767717e-09	-4.1231280612e-09
1.70261129577e-09	-3.88158083453e-09
1.70626491438e-09	2.76710210301e-09
1.70991853299e-09	1.15513927312e-08
1.7135721516e-09	1.68001061951e-08
1.7172257702e-09	1.49498191604e-08
1.72087938881e-09	6.60472343483e-09
1.72453300742e-09	-3.9643772709e-09
1.72818662603e-09	-1.13169331684e-08
1.73184024463e-09	-1.17013767564e-08
1.73549386324e-09	-4.79357087357e-09
1.73914748185e-09	6.26152019123e-09
1.74280110045e-09	1.62166067241e-08
1.74645471906e-09	1.98559639841e-08
1.75010833767e-09	1.4255601144e-08
1.75376195628e-09	4.55422366485e-10
1.75741557488e-09	-1.62902473733e-08
1.76106919349e-09	-2.82888343861e-08
1.7647228121e-09	-2.89115362762e-08
1.76837643071e-09	-1.62842681561e-08
1.77203004931e-09	4.9786028633e-09
1.77568366792e-09	2.54015084522e-08
1.77933728653e-09	3.51526026066e-08
1.78299090513e-09	2.90952915094e-08
1.78664452374e-09	9.58687706998e-09
1.79029814235e-09	-1.45297498477e-08
1.79395176096e-09	-3.21249373769e-08
1.79760537956e-09	-3.49213387096e-08
1.80125899817e-09	-2.11108979187e-08
1.80491261678e-09	3.97310317979e-09
1.80856623539e-09	3.00948173049e-08
1.81221985399e-09	4.62117171196e-08
1.8158734726e-09	4.49321220231e-08
1.81952709121e-09	2.57910102164e-08
1.82318070981e-09	-3.9912197991e-09
1.82683432842e-09	-3.19755386613e-08
1.83048794703e-09	-4.56505766522e-08
1.83414156564e-09	-3.82398610554e-08
1.83779518424e-09	-1.23460859314e-08
1.84144880285e-09	2.07146015896e-08
1.84510242146e-09	4.59235103278e-08
1.84875604007e-09	5.15748297403e-08
1.85240965867e-09	3.47729347538e-08
1.85606327728e-09	2.7022721838e-09
1.85971689589e-09	-3.07772438646e-08
1.86337051449e-09	-5.13558333637e-08
1.8670241331e-09	-5.03603452273e-08
1.87067775171e-09	-2.81927743373e-08
1.87433137032e-09	6.00037353138e-09
1.87798498892e-09	3.80634119779e-08
1.88163860753e-09	5.45175424804e-08
1.88529222614e-09	4.81417927745e-08
1.88894584475e-09	2.12832205193e-08
1.89259946335e-09	-1.46943293089e-08
1.89625308196e-09	-4.4008324096e-08
1.89990670057e-09	-5.34039159561e-08
1.90356031917e-09	-3.83223373035e-08
1.90721393778e-09	-5.20799048331e-09
1.91086755639e-09	3.13545847064e-08
1.914521175e-09	5.53497727651e-08
1.9181747936e-09	5.65825644117e-08
1.92182841221e-09	3.50130662241e-08
1.92548203082e-09	3.56027651804e-10
1.92913564943e-09	-3.25002673662e-08
1.93278926803e-09	-4.9927578516e-08
1.93644288664e-09	-4.50736337143e-08
1.94009650525e-09	-2.04163406181e-08
1.94375012385e-09	1.34096707072e-08
1.94740374246e-09	4.19758876546e-08
1.95105736107e-09	5.30078096972e-08
1.95471097968e-09	4.16342942344e-08
1.95836459828e-09	1.26811956491e-08
1.96201821689e-09	-2.12417443635e-08
1.9656718355e-09	-4.52805508644e-08
1.96932545411e-09	-4.90624714189e-08
1.97297907271e-09	-3.13909644944e-08
1.97663269132e-09	-6.01405147904e-10
1.98028630993e-09	2.95207627232e-08
1.98393992853e-09	4.61285374342e-08
1.98759354714e-09	4.28740740688e-08
1.99124716575e-09	2.21991154348e-08
1.99490078436e-09	-6.29899599147e-09
1.99855440296e-09	-3.03022105186e-08
2.00220802157e-09	-3.99318302868e-08
2.00586164018e-09	-3.16048236471e-08
2.00951525879e-09	-9.26409260416e-09
2.01316887739e-09	1.73796586012e-08
2.016822496e-09	3.6936143033e-08
2.02047611461e-09	4.11932603583e-08
2.02412973321e-09	2.8714012501e-08
2.02778335182e-09	5.46640244181e-09
2.03143697043e-09	-1.79534715983e-08
2.03509058904e-09	-3.12722434614e-08
2.03874420764e-09	-2.92482074116e-08
2.04239782625e-09	-1.38184095277e-08
2.04605144486e-09	7.25662996359e-09
2.04970506347e-09	2.43460913651e-08
2.05335868207e-09	3.03757410336e-08
2.05701230068e-09	2.36358133066e-08
2.06066591929e-09	7.95342458559e-09
2.06431953789e-09	-9.45352063297e-09
2.0679731565e-09	-2.12306900949e-08
2.07162677511e-09	-2.28652581313e-08
2.07528039372e-09	-1.4331566156e-08
2.07893401232e-09	1.10786935181e-10
2.08258763093e-09	1.38563081009e-08
2.08624124954e-09	2.08958930159e-08
2.08989486815e-09	1.85237567507e-08
2.09354848675e-09	8.52828829778e-09
2.09720210536e-09	-3.79758180458e-09
2.10085572397e-09	-1.23834507093e-08
2.10450934257e-09	-1.34266837648e-08
2.10816296118e-09	-7.12813408299e-09
2.11181657979e-09	2.74604272654e-09
2.1154701984e-09	1.10905640227e-08
2.119123817e-09	1.41287976874e-08
2.12277743561e-09	1.10892690586e-08
2.12643105422e-09	4.19333412438e-09
2.13008467283e-09	-2.77937894921e-09
2.13373829143e-09	-6.43434994174e-09
2.13739191004e-09	-5.27726307098e-09
2.14104552865e-09	-2.38811026509e-10
2.14469914725e-09	5.88174220439e-09
2.14835276586e-09	9.76731318048e-09
2.15200638447e-09	9.18940301631e-09
2.15566000308e-09	4.18816537007e-09
2.15931362168e-09	-2.79265410796e-09
2.16296724029e-09	-8.0269799696e-09
2.1666208589e-09	-8.45141201467e-09
2.17027447751e-09	-3.43486217247e-09
2.17392809611e-09	4.67437022422e-09
2.17758171472e-09	1.16505507464e-08
2.18123533333e-09	1.36171358633e-08
2.18488895193e-09	9.17388476296e-09
2.18854257054e-09	2.30613084184e-10
2.19219618915e-09	-8.90230289485e-09
2.19584980776e-09	-1.36548106155e-08
2.19950342636e-09	-1.14376081939e-08
2.20315704497e-09	-2.89477997129e-09
2.20681066358e-09	8.35527913523e-09
2.21046428219e-09	1.73056662334e-08
2.21411790079e-09	1.97550882319e-08
2.2177715194e-09	1.42129810143e-08
2.22142513801e-09	2.71873590307e-09
2.22507875661e-09	-9.83764358864e-09
2.22873237522e-09	-1.77360206521e-08
2.23238599383e-09	-1.7019427645e-08
2.23603961244e-09	-7.48934514405e-09
2.23969323104e-09	6.93021462439e-09
2.24334684965e-09	1.9803206186e-08
2.24700046826e-09	2.51131169193e-08
2.25065408687e-09	2.01250749399e-08
2.25430770547e-09	6.763553273e-09
2.25796132408e-09	-9.19710529956e-09
2.26161494269e-09	-2.07348431758e-08
2.26526856129e-09	-2.27299246092e-08
2.2689221799e-09	-1.42236631362e-08
2.27257579851e-09	1.18452536668e-09
2.27622941712e-09	1.68975926584e-08
2.27988303572e-09	2.61364352383e-08
2.28353665433e-09	2.48249349966e-08
2.28719027294e-09	1.33618875964e-08
2.29084389155e-09	-3.46298656417e-09
2.29449751015e-09	-1.84393496028e-08
2.29815112876e-09	-2.50163463278e-08
2.30180474737e-09	-2.01970049574e-08
2.30545836597e-09	-5.93778715086e-09
2.30911198458e-09	1.16475078471e-08
2.31276560319e-09	2.49642333472e-08
2.3164192218e-09	2.83015104685e-08
2.3200728404e-09	2.03335908111e-08
2.32372645901e-09	4.63154403718e-09
2.32738007762e-09	-1.19863496906e-08
2.33103369623e-09	-2.24679261862e-08
2.33468731483e-09	-2.25250254005e-08
2.33834093344e-09	-1.2351231149e-08
2.34199455205e-09	3.59234997305e-09
2.34564817065e-09	1.85484481108e-08
2.34930178926e-09	2.63118788979e-08
2.35295540787e-09	2.37857733509e-08
2.35660902648e-09	1.22055450191e-08
2.36026264508e-09	-3.45214212771e-09
2.36391626369e-09	-1.66153988346e-08
2.3675698823e-09	-2.19123528211e-08
2.37122350091e-09	-1.74037673162e-08
2.37487711951e-09	-5.30091481821e-09
2.37853073812e-09	9.11410946713e-09
2.38218435673e-09	1.98376994831e-08
2.38583797533e-09	2.26804264258e-08
2.38949159394e-09	1.68945959444e-08
2.39314521255e-09	5.26186250127e-09
2.39679883116e-09	-7.26979498822e-09
2.40045244976e-09	-1.57098813958e-08
2.40410606837e-09	-1.69928604521e-08
2.40775968698e-09	-1.10264419817e-08
2.41141330559e-09	-5.1000836887e-10
2.41506692419e-09	1.02961994486e-08
2.4187205428e-09	1.72999641279e-08
2.42237416141e-09	1.81098975816e-08
2.42602778001e-09	1.28154322709e-08
2.42968139862e-09	3.7682443832e-09
2.43333501723e-09	-5.47106981941e-09
2.43698863584e-09	-1.15436531445e-08
2.44064225444e-09	-1.24928209999e-08
2.44429587305e-09	-8.32081248348e-09
2.44794949166e-09	-7.8740902687e-10
2.45160311027e-09	7.35848315614e-09
2.45525672887e-09	1.33631905541e-08
2.45891034748e-09	1.531413929e-08
2.46256396609e-09	1.26475194762e-08
2.46621758469e-09	6.24510310132e-09
2.4698712033e-09	-1.84301773842e-09
2.47352482191e-09	-8.9765972433e-09
2.47717844052e-09	-1.26995125527e-08
2.48083205912e-09	-1.15310321291e-08
2.48448567773e-09	-5.55420642812e-09
2.48813929634e-09	3.44109474248e-09
2.49179291495e-09	1.23978001199e-08
2.49544653355e-09	1.79592465344e-08
2.49910015216e-09	1.76950631925e-08
2.50275377077e-09	1.11501430311e-08
2.50640738937e-09	2.75070854983e-10
2.51006100798e-09	-1.10363469474e-08
2.51371462659e-09	-1.82688353334e-08
2.5173682452e-09	-1.80537362837e-08
2.5210218638e-09	-9.71618963064e-09
2.52467548241e-09	4.10572864595e-09
2.52832910102e-09	1.81812005451e-08
2.53198271963e-09	2.66234110313e-08
2.53563633823e-09	2.53533514183e-08
2.53928995684e-09	1.405375194e-08
2.54294357545e-09	-3.31775118489e-09
2.54659719405e-09	-1.98407672514e-08
2.55025081266e-09	-2.83743890606e-08
2.55390443127e-09	-2.46412028559e-08
2.55755804988e-09	-9.32580590529e-09
2.56121166848e-09	1.18220242484e-08
2.56486528709e-09	3.00924440921e-08
2.5685189057e-09	3.73779300844e-08
2.57217252431e-09	2.97591657983e-08
2.57582614291e-09	9.52628820272e-09
2.57947976152e-09	-1.53701495975e-08
2.58313338013e-09	-3.44061170665e-08
2.58678699873e-09	-3.89356671349e-08
2.59044061734e-09	-2.61195012285e-08
2.59409423595e-09	-5.47437761789e-10
2.59774785456e-09	2.73343250257e-08
2.60140147316e-09	4.54880932921e-08
2.60505509177e-09	4.54937598704e-08
2.60870871038e-09	2.64420521034e-08
2.61236232899e-09	-4.28812096942e-09
2.61601594759e-09	-3.38569989822e-08
2.6196695662e-09	-4.93194320939e-08
2.62332318481e-09	-4.32814992735e-08
2.62697680342e-09	-1.73888938804e-08
2.63063042202e-09	1.79667871691e-08
2.63428404063e-09	4.77856012537e-08
2.63793765924e-09	5.88146491509e-08
2.64159127784e-09	4.54397728333e-08
2.64524489645e-09	1.2500432689e-08
2.64889851506e-09	-2.63790038701e-08
2.65255213367e-09	-5.44163825111e-08
2.65620575227e-09	-5.89383759575e-08
2.65985937088e-09	-3.71256199116e-08
2.66351298949e-09	2.38964159571e-09
2.6671666081e-09	4.2926991739e-08
2.6708202267e-09	6.68199149345e-08
2.67447384531e-09	6.31238776805e-08
2.67812746392e-09	3.25972386861e-08
2.68178108252e-09	-1.22864758367e-08
2.68543470113e-09	-5.24328385154e-08
2.68908831974e-09	-7.02386273588e-08
2.69274193835e-09	-5.72942511212e-08
2.69639555695e-09	-1.83266219977e-08
2.70004917556e-09	3.04521563521e-08
2.70370279417e-09	6.80589664626e-08
2.70735641278e-09	7.77691084863e-08
2.71101003138e-09	5.45782334882e-08
2.71466364999e-09	7.7471336013e-09
2.7183172686e-09	-4.28636717231e-08
2.7219708872e-09	-7.52441664531e-08
2.72562450581e-09	-7.48473851786e-08
2.72927812442e-09	-4.11325125071e-08
2.73293174303e-09	1.19165708412e-08
2.73658536163e-09	6.16302173739e-08
2.74023898024e-09	8.63688072172e-08
2.74389259885e-09	7.49347037754e-08
2.74754621746e-09	3.15980734911e-08
2.75119983606e-09	-2.54836258762e-08
2.75485345467e-09	-7.18575634551e-08
2.75850707328e-09	-8.7225977552e-08
2.76216069188e-09	-6.43164455028e-08
2.76581431049e-09	-1.23181482792e-08
2.7694679291e-09	4.67477079269e-08
2.77312154771e-09	8.73409717883e-08
2.77677516631e-09	9.14756199677e-08
2.78042878492e-09	5.67358071635e-08
2.78408240353e-09	-2.38624187077e-09
2.78773602214e-09	-6.056257007e-08
2.79138964074e-09	-9.25444396671e-08
2.79504325935e-09	-8.41691161213e-08
2.79869687796e-09	-3.86151413068e-08
2.80235049656e-09	2.48387337365e-08
2.80600411517e-09	7.90227900893e-08
2.80965773378e-09	1.00516551527e-07
2.81331135239e-09	7.97303130184e-08
2.81696497099e-09	2.51410057217e-08
2.8206185896e-09	-4.01557009866e-08
2.82427220821e-09	-8.8180584612e-08
2.82792582682e-09	-9.80301777531e-08
2.83157944542e-09	-6.49924842833e-08
2.83523306403e-09	-2.82419021502e-09
2.83888668264e-09	6.19423161652e-08
2.84254030124e-09	1.01351297133e-07
2.84619391985e-09	9.81663603739e-08
2.84984753846e-09	5.34607131897e-08
2.85350115707e-09	-1.37289362101e-08
2.85715477567e-09	-7.45881152397e-08
2.86080839428e-09	-1.02961166704e-07
2.86446201289e-09	-8.66038476488e-08
2.8681156315e-09	-3.24109770133e-08
2.8717692501e-09	3.65673535896e-08
2.87542286871e-09	9.09548703021e-08
2.87907648732e-09	1.07521593407e-07
2.88273010592e-09	7.90506931025e-08
2.88638372453e-09	1.7464135027e-08
2.89003734314e-09	-5.11296001093e-08
2.89369096175e-09	-9.74620135707e-08
2.89734458035e-09	-1.01602545044e-07
2.90099819896e-09	-6.1593624423e-08
2.90465181757e-09	5.5721143255e-09
2.90830543618e-09	7.11796985797e-08
2.91195905478e-09	1.07151677753e-07
2.91561267339e-09	9.81547003676e-08
2.919266292e-09	4.81547566267e-08
2.9229199106e-09	-2.14068975879e-08
2.92657352921e-09	-8.09126490253e-08
2.93022714782e-09	-1.05227719871e-07
2.93388076643e-09	-8.42684002578e-08
2.93753438503e-09	-2.70869140451e-08
2.94118800364e-09	4.20903703002e-08
2.94484162225e-09	9.41031430557e-08
2.94849524086e-09	1.07082094303e-07
2.95214885946e-09	7.56122275902e-08
2.95580247807e-09	1.30300286116e-08
2.95945609668e-09	-5.41682965149e-08
2.96310971528e-09	-9.7530900689e-08
2.96676333389e-09	-9.87638415495e-08
2.9704169525e-09	-5.75362264499e-08
2.97407057111e-09	8.43780867399e-09
2.97772418971e-09	7.10843366392e-08
2.98137780832e-09	1.04035621007e-07
2.98503142693e-09	9.37831856618e-08
2.98868504554e-09	4.51539285962e-08
2.99233866414e-09	-2.10627995045e-08
2.99599228275e-09	-7.70856516397e-08
2.99964590136e-09	-9.97743114795e-08
3.00329951996e-09	-8.00859751848e-08
3.00695313857e-09	-2.65891433315e-08
3.01060675718e-09	3.82524802944e-08
3.01426037579e-09	8.74378756066e-08
3.01791399439e-09	1.00620134447e-07
3.021567613e-09	7.25465056917e-08
3.02522123161e-09	1.52243018192e-08
3.02887485022e-09	-4.7171791806e-08
3.03252846882e-09	-8.85473667722e-08
3.03618208743e-09	-9.19053988468e-08
3.03983570604e-09	-5.63874564818e-08
3.04348932464e-09	2.65216648643e-09
3.04714294325e-09	6.04084817724e-08
3.05079656186e-09	9.31429582351e-08
3.05445018047e-09	8.79137616039e-08
3.05810379907e-09	4.75502979214e-08
3.06175741768e-09	-1.09120108505e-08
3.06541103629e-09	-6.34268104704e-08
3.0690646549e-09	-8.87322926246e-08
3.0727182735e-09	-7.68473213952e-08
3.07637189211e-09	-3.29827223311e-08
3.08002551072e-09	2.46642706259e-08
3.08367912932e-09	7.23810984482e-08
3.08733274793e-09	9.06959272129e-08
3.09098636654e-09	7.24035231769e-08
3.09463998515e-09	2.54590588611e-08
3.09829360375e-09	-3.04975600329e-08
3.10194722236e-09	-7.24677420294e-08
3.10560084097e-09	-8.36388096559e-08
3.10925445958e-09	-6.00909473292e-08
3.11290807818e-09	-1.20039356233e-08
3.11656169679e-09	4.08596427803e-08
3.1202153154e-09	7.7287651834e-08
3.123868934e-09	8.30081248182e-08
3.12752255261e-09	5.61303465929e-08
3.13117617122e-09	7.68861774247e-09
3.13482978983e-09	-4.280272492e-08
3.13848340843e-09	-7.50858362153e-08
3.14213702704e-09	-7.62350396144e-08
3.14579064565e-09	-4.58895250688e-08
3.14944426426e-09	3.54599904995e-09
3.15309788286e-09	5.19463654314e-08
3.15675150147e-09	7.97268242536e-08
3.16040512008e-09	7.5858594073e-08
3.16405873868e-09	4.22525019417e-08
3.16771235729e-09	-7.24971549459e-09
3.1713659759e-09	-5.26868788597e-08
3.17501959451e-09	-7.60430935998e-08
3.17867321311e-09	-6.82791494455e-08
3.18232683172e-09	-3.2681565898e-08
3.18598045033e-09	1.65711835365e-08
3.18963406894e-09	5.99626304165e-08
3.19328768754e-09	8.0216047138e-08
3.19694130615e-09	6.90962593808e-08
3.20059492476e-09	3.08195993171e-08
3.20424854336e-09	-1.94056184455e-08
3.20790216197e-09	-6.13380493064e-08
3.21155578058e-09	-7.79021007702e-08
3.21520939919e-09	-6.2246975574e-08
3.21886301779e-09	-2.06425276872e-08
3.2225166364e-09	3.00734903647e-08
3.22617025501e-09	6.94076973673e-08
3.22982387362e-09	8.15360294837e-08
3.23347749222e-09	6.16090716221e-08
3.23713111083e-09	1.75804313329e-08
3.24078472944e-09	-3.30141141092e-08
3.24443834804e-09	-6.9963796534e-08
3.24809196665e-09	-7.83221452139e-08
3.25174558526e-09	-5.43808198472e-08
3.25539920387e-09	-7.36530481049e-09
3.25905282247e-09	4.39653895512e-08
3.26270644108e-09	7.87055185469e-08
3.26636005969e-09	8.23484214152e-08
3.2700136783e-09	5.29713872766e-08
3.2736672969e-09	2.3012327599e-09
3.27732091551e-09	-4.89727050024e-08
3.28097453412e-09	-7.97473234115e-08
3.28462815272e-09	-7.7282031441e-08
3.28828177133e-09	-4.24652704112e-08
3.29193538994e-09	1.05834878639e-08
3.29558900855e-09	6.03072720651e-08
3.29924262715e-09	8.64497309294e-08
3.30289624576e-09	7.82139224498e-08
3.30654986437e-09	3.86576495259e-08
3.31020348298e-09	-1.63909668061e-08
3.31385710158e-09	-6.45518696274e-08
3.31751072019e-09	-8.59051141333e-08
3.3211643388e-09	-7.12627041821e-08
3.3248179574e-09	-2.6237472639e-08
3.32847157601e-09	3.07855927417e-08
3.33212519462e-09	7.61583436315e-08
3.33577881323e-09	9.08864734583e-08
3.33943243183e-09	6.86975738518e-08
3.34308605044e-09	1.87374560312e-08
3.34673966905e-09	-3.82779532515e-08
3.35039328766e-09	-7.87512064448e-08
3.35404690626e-09	-8.59997157932e-08
3.35770052487e-09	-5.70758551532e-08
3.36135414348e-09	-3.89234156017e-09
3.36500776208e-09	5.16906304426e-08
3.36866138069e-09	8.67852065767e-08
3.3723149993e-09	8.68373746243e-08
3.37596861791e-09	5.16727496347e-08
3.37962223651e-09	-4.27416768645e-09
3.38327585512e-09	-5.77990739714e-08
3.38692947373e-09	-8.65529727889e-08
3.39058309234e-09	-7.84759208727e-08
3.39423671094e-09	-3.69710022596e-08
3.39789032955e-09	2.04975449947e-08
3.40154394816e-09	6.98273083799e-08
3.40519756676e-09	9.05051109612e-08
3.40885118537e-09	7.41945314076e-08
3.41250480398e-09	2.80548135834e-08
3.41615842259e-09	-2.8481254688e-08
3.41981204119e-09	-7.19405406358e-08
3.4234656598e-09	-8.45322034593e-08
3.42711927841e-09	-6.1370812432e-08
3.43077289702e-09	-1.23432526422e-08
3.43442651562e-09	4.20684287405e-08
3.43808013423e-09	7.92828771523e-08
3.44173375284e-09	8.39878708803e-08
3.44538737144e-09	5.45088241211e-08
3.44904099005e-09	3.47588469118e-09
3.45269460866e-09	-4.75582631054e-08
3.45634822727e-09	-7.72888029132e-08
3.46000184587e-09	-7.36599474749e-08
3.46365546448e-09	-3.88105121374e-08
3.46730908309e-09	1.21143530762e-08
3.4709627017e-09	5.76302241484e-08
3.4746163203e-09	7.90486254232e-08
3.47826993891e-09	6.81453400375e-08
3.48192355752e-09	3.02360412263e-08
3.48557717612e-09	-1.84145587667e-08
3.48923079473e-09	-5.75621967869e-08
3.49288441334e-09	-7.13704366717e-08
3.49653803195e-09	-5.47855307786e-08
3.50019165055e-09	-1.53770010058e-08
3.50384526916e-09	3.00417895005e-08
3.50749888777e-09	6.25646308094e-08
3.51115250638e-09	6.91040042966e-08
3.51480612498e-09	4.7727006347e-08
3.51845974359e-09	8.17169265588e-09
3.5221133622e-09	-3.25874829343e-08
3.5257669808e-09	-5.77011434189e-08
3.52942059941e-09	-5.74763632244e-08
3.53307421802e-09	-3.30920180147e-08
3.53672783663e-09	4.40685621328e-09
3.54038145523e-09	3.91460588389e-08
3.54403507384e-09	5.7160196576e-08
3.54768869245e-09	5.19641432106e-08
3.55134231106e-09	2.67878341731e-08
3.55499592966e-09	-7.22838056078e-09
3.55864954827e-09	-3.59235308167e-08
3.56230316688e-09	-4.79871822279e-08
3.56595678548e-09	-3.94089312294e-08
3.56961040409e-09	-1.47573153697e-08
3.5732640227e-09	1.51127270698e-08
3.57691764131e-09	3.78426676662e-08
3.58057125991e-09	4.47290311456e-08
3.58422487852e-09	3.40699664036e-08
3.58787849713e-09	1.13841425176e-08
3.59153211574e-09	-1.33867725793e-08
3.59518573434e-09	-3.02759275428e-08
3.59883935295e-09	-3.3310843861e-08
3.60249297156e-09	-2.25276632904e-08
3.60614659016e-09	-3.36263950018e-09
3.60980020877e-09	1.60306381503e-08
3.61345382738e-09	2.82381282801e-08
3.61710744599e-09	2.93614910163e-08
3.62076106459e-09	2.01231316055e-08
3.6244146832e-09	5.07280351059e-09
3.62806830181e-09	-9.58402335272e-09
3.63172192042e-09	-1.85306472389e-08
3.63537553902e-09	-1.92314058012e-08
3.63902915763e-09	-1.25030288345e-08
3.64268277624e-09	-1.71412817274e-09
3.64633639484e-09	8.86838069647e-09
3.64999001345e-09	1.57804933565e-08
3.65364363206e-09	1.7413025688e-08
3.65729725067e-09	1.41317730851e-08
3.66095086927e-09	7.66144125919e-09
3.66460448788e-09	2.02068584088e-10
3.66825810649e-09	-6.26658636094e-09
3.6719117251e-09	-1.03073496405e-08
3.6755653437e-09	-1.10718794133e-08
3.67921896231e-09	-8.2992412942e-09
3.68287258092e-09	-2.4235204954e-09
3.68652619952e-09	5.27631094371e-09
3.69017981813e-09	1.26980195247e-08
3.69383343674e-09	1.73316490049e-08
3.69748705535e-09	1.70802465504e-08
3.70114067395e-09	1.12259375129e-08
3.70479429256e-09	1.08799147469e-09
3.70844791117e-09	-1.00583843476e-08
3.71210152978e-09	-1.7959070675e-08
3.71575514838e-09	-1.89989037835e-08
3.71940876699e-09	-1.18533112214e-08
3.7230623856e-09	1.58169011222e-09
3.7267160042e-09	1.65190368051e-08
3.73036962281e-09	2.69285713728e-08
3.73402324142e-09	2.79733178843e-08
3.73767686003e-09	1.82482757793e-08
3.74133047863e-09	8.02451438631e-10
3.74498409724e-09	-1.76909544791e-08
3.74863771585e-09	-2.94663635714e-08
3.75229133446e-09	-2.89562436251e-08
3.75594495306e-09	-1.54342387759e-08
3.75959857167e-09	6.26033758166e-09
3.76325219028e-09	2.7412486503e-08
3.76690580888e-09	3.89655099298e-08
3.77055942749e-09	3.54448133066e-08
3.7742130461e-09	1.75356937859e-08
3.77786666471e-09	-7.88372389593e-09
3.78152028331e-09	-3.03963361148e-08
3.78517390192e-09	-4.03392661497e-08
3.78882752053e-09	-3.29536078425e-08
3.79248113914e-09	-1.0625921476e-08
3.79613475774e-09	1.78211116975e-08
3.79978837635e-09	4.05931146474e-08
3.80344199496e-09	4.78167123674e-08
3.80709561356e-09	3.58384539823e-08
3.81074923217e-09	9.05556696296e-09
3.81440285078e-09	-2.16367546102e-08
3.81805646939e-09	-4.32890949753e-08
3.82171008799e-09	-4.64168579128e-08
3.8253637066e-09	-2.92079214148e-08
3.82901732521e-09	1.48271306344e-09
3.83267094382e-09	3.28936877736e-08
3.83632456242e-09	5.17285734247e-08
3.83997818103e-09	4.9833722926e-08
3.84363179964e-09	2.77262337534e-08
3.84728541824e-09	-5.54780976714e-09
3.85093903685e-09	-3.61472487498e-08
3.85459265546e-09	-5.12075786219e-08
3.85824627407e-09	-4.42345147178e-08
3.86189989267e-09	-1.7897173521e-08
3.86555351128e-09	1.69669895911e-08
3.86920712989e-09	4.57910651619e-08
3.8728607485e-09	5.63691884281e-08
3.8765143671e-09	4.40732925711e-08
3.88016798571e-09	1.3933696863e-08
3.88382160432e-09	-2.14005009269e-08
3.88747522292e-09	-4.7012186144e-08
3.89112884153e-09	-5.20994944964e-08
3.89478246014e-09	-3.4586587816e-08
3.89843607875e-09	-1.95820071269e-09
3.90208969735e-09	3.20035198342e-08
3.90574331596e-09	5.31130552872e-08
3.90939693457e-09	5.27180930021e-08
3.91305055318e-09	3.12123198398e-08
3.91670417178e-09	-2.27086216498e-09
3.92035779039e-09	-3.3747610928e-08
3.924011409e-09	-5.01976700207e-08
3.9276650276e-09	-4.49332304697e-08
3.93131864621e-09	-2.0331892614e-08
3.93497226482e-09	1.31842021744e-08
3.93862588343e-09	4.15374898921e-08
3.94227950203e-09	5.29457260257e-08
3.94593312064e-09	4.28902211524e-08
3.94958673925e-09	1.59581876602e-08
3.95324035786e-09	-1.6253478563e-08
3.95689397646e-09	-4.02110593711e-08
3.96054759507e-09	-4.62061429118e-08
3.96420121368e-09	-3.23040048045e-08
3.96785483228e-09	-4.84954210123e-09
3.97150845089e-09	2.44802258464e-08
3.9751620695e-09	4.36689333583e-08
3.97881568811e-09	4.52475390489e-08
3.98246930671e-09	2.91276940345e-08
3.98612292532e-09	2.38976838318e-09
3.98977654393e-09	-2.37838495565e-08
3.99343016254e-09	-3.87431171589e-08
3.99708378114e-09	-3.67024028947e-08
4.00073739975e-09	-1.90244513476e-08
4.00439101836e-09	6.50983889017e-09
4.00804463696e-09	2.91207342684e-08
4.01169825557e-09	3.96507253697e-08
4.01535187418e-09	3.43501298516e-08
4.01900549279e-09	1.61802606868e-08
4.02265911139e-09	-6.79681111393e-09
4.02631273e-09	-2.50747405062e-08
4.02996634861e-09	-3.16649320098e-08
4.03361996722e-09	-2.46947280402e-08
4.03727358582e-09	-7.7438491175e-09
4.04092720443e-09	1.19688579048e-08
4.04458082304e-09	2.66173270091e-08
4.04823444164e-09	3.0796396544e-08
4.05188806025e-09	2.34535768584e-08
4.05554167886e-09	8.07716382667e-09
4.05919529747e-09	-8.86539108791e-09
4.06284891607e-09	-2.06259205271e-08
4.06650253468e-09	-2.29038921162e-08
4.07015615329e-09	-1.54596815349e-08
4.0738097719e-09	-1.94746219151e-09
4.0774633905e-09	1.1894353058e-08
4.08111700911e-09	2.07585877376e-08
4.08477062772e-09	2.18234159632e-08
4.08842424632e-09	1.55141570701e-08
4.09207786493e-09	4.87177764796e-09
4.09573148354e-09	-5.92658944143e-09
4.09938510215e-09	-1.31596875619e-08
4.10303872075e-09	-1.46949892255e-08
4.10669233936e-09	-1.04556159286e-08
4.11034595797e-09	-2.2552009149e-09
4.11399957658e-09	6.8935763764e-09
4.11765319518e-09	1.38060363142e-08
4.12130681379e-09	1.62169904172e-08
4.1249604324e-09	1.35490729747e-08
4.128614051e-09	7.02496327776e-09
4.13226766961e-09	-9.07171560094e-10
4.13592128822e-09	-7.55912221706e-09
4.13957490683e-09	-1.09093871714e-08
4.14322852543e-09	-1.0102128023e-08
4.14688214404e-09	-5.50238610231e-09
4.15053576265e-09	1.51816059724e-09
4.15418938126e-09	8.88286155742e-09
4.15784299986e-09	1.42324800834e-08
4.16149661847e-09	1.55532653423e-08
4.16515023708e-09	1.1957817847e-08
4.16880385568e-09	4.29948210368e-09
4.17245747429e-09	-4.84022777414e-09
4.1761110929e-09	-1.19867484827e-08
4.17976471151e-09	-1.41732900971e-08
4.18341833011e-09	-1.02596073859e-08
4.18707194872e-09	-1.49974099806e-09
4.19072556733e-09	8.89138007665e-09
4.19437918594e-09	1.69720522081e-08
4.19803280454e-09	1.95561948857e-08
4.20168642315e-09	1.54000048269e-08
4.20534004176e-09	5.73745984056e-09
4.20899366036e-09	-6.01609695394e-09
4.21264727897e-09	-1.53549333248e-08
4.21630089758e-09	-1.83414812227e-08
4.21995451619e-09	-1.32919586449e-08
4.22360813479e-09	-1.75303371819e-09
4.2272617534e-09	1.18271925587e-08
4.23091537201e-09	2.18178062283e-08
4.23456899062e-09	2.38394672891e-08
4.23822260922e-09	1.67789551142e-08
4.24187622783e-09	3.38408079337e-09
4.24552984644e-09	-1.08846229807e-08
4.24918346504e-09	-2.0175288995e-08
4.25283708365e-09	-2.06772128308e-08
4.25649070226e-09	-1.21285701482e-08
4.26014432087e-09	2.13258743997e-09
4.26379793947e-09	1.64836002625e-08
4.26745155808e-09	2.5179293317e-08
4.27110517669e-09	2.45847218139e-08
4.2747587953e-09	1.46949616919e-08
4.2784124139e-09	-6.85480561202e-10
4.28206603251e-09	-1.53266199732e-08
4.28571965112e-09	-2.30968097981e-08
4.28937326972e-09	-2.06206323128e-08
4.29302688833e-09	-8.84353923425e-09
4.29668050694e-09	7.31175298085e-09
4.30033412555e-09	2.10817709956e-08
4.30398774415e-09	2.68121240765e-08
4.30764136276e-09	2.23219487339e-08
4.31129498137e-09	9.67054347711e-09
4.31494859998e-09	-5.87737547519e-09
4.31860221858e-09	-1.80991666099e-08
4.32225583719e-09	-2.22616378664e-08
4.3259094558e-09	-1.6870052022e-08
4.3295630744e-09	-4.15467704684e-09
4.33321669301e-09	1.08116768871e-08
4.33687031162e-09	2.20638973758e-08
4.34052393023e-09	2.51014125041e-08
4.34417754883e-09	1.87451547617e-08
4.34783116744e-09	5.67750202407e-09
4.35148478605e-09	-8.6639282415e-09
4.35513840466e-09	-1.84230817268e-08
4.35879202326e-09	-1.98195024836e-08
4.36244564187e-09	-1.26557413438e-08
4.36609926048e-09	-1.82628911993e-10
4.36975287908e-09	1.24775603183e-08
4.37340649769e-09	2.05000443287e-08
4.3770601163e-09	2.11536921313e-08
4.38071373491e-09	1.45885064029e-08
4.38436735351e-09	3.53197449066e-09
4.38802097212e-09	-7.82499398611e-09
4.39167459073e-09	-1.53292205596e-08
4.39532820934e-09	-1.63031064204e-08
4.39898182794e-09	-1.0500116332e-08
4.40263544655e-09	-2.14928241871e-10
4.40628906516e-09	1.05832356212e-08
4.40994268376e-09	1.78096168924e-08
4.41359630237e-09	1.88840427739e-08
4.41724992098e-09	1.36743736334e-08
4.42090353959e-09	4.38002301095e-09
4.42455715819e-09	-5.49592371613e-09
4.4282107768e-09	-1.25241887972e-08
4.43186439541e-09	-1.44633558463e-08
4.43551801402e-09	-1.08121964715e-08
4.43917163262e-09	-2.80957279664e-09
4.44282525123e-09	6.95789026395e-09
4.44647886984e-09	1.52364574291e-08
4.45013248844e-09	1.9045813815e-08
4.45378610705e-09	1.6724076346e-08
4.45743972566e-09	8.720794753e-09
4.46109334427e-09	-2.30552998914e-09
4.46474696287e-09	-1.23202541502e-08
4.46840058148e-09	-1.74248260265e-08
4.47205420009e-09	-1.54311745604e-08
4.4757078187e-09	-6.78750122773e-09
4.4793614373e-09	5.52552847921e-09
4.48301505591e-09	1.7041649869e-08
4.48666867452e-09	2.33854819953e-08
4.49032229312e-09	2.18343725322e-08
4.49397591173e-09	1.24090551168e-08
4.49762953034e-09	-1.87256077311e-09
4.50128314895e-09	-1.57933328637e-08
4.50493676755e-09	-2.37155202143e-08
4.50859038616e-09	-2.18500311178e-08
4.51224400477e-09	-1.01102450856e-08
4.51589762338e-09	7.40379313413e-09
4.51955124198e-09	2.37570159101e-08
4.52320486059e-09	3.19788497904e-08
4.5268584792e-09	2.81109500122e-08
4.5305120978e-09	1.31053514707e-08
4.53416571641e-09	-7.34497618282e-09
4.53781933502e-09	-2.50188136874e-08
4.54147295363e-09	-3.24820668141e-08
4.54512657223e-09	-2.6165759337e-08
4.54878019084e-09	-7.97385002471e-09
4.55243380945e-09	1.52195127612e-08
4.55608742806e-09	3.40759953588e-08
4.55974104666e-09	4.04722548808e-08
4.56339466527e-09	3.09733465542e-08
4.56704828388e-09	8.65225135982e-09
4.57070190248e-09	-1.77273946633e-08
4.57435552109e-09	-3.71042467862e-08
4.5780091397e-09	-4.08075671032e-08
4.58166275831e-09	-2.65190891469e-08
4.58531637691e-09	3.87044174488e-10
4.58896999552e-09	2.88745809485e-08
4.59262361413e-09	4.68510137352e-08
4.59627723274e-09	4.63562415121e-08
4.59993085134e-09	2.7050813145e-08
4.60358446995e-09	-3.4776967972e-09
4.60723808856e-09	-3.27253566468e-08
4.61089170716e-09	-4.83658872952e-08
4.61454532577e-09	-4.337982773e-08
4.61819894438e-09	-1.91627194113e-08
4.62185256299e-09	1.47315262211e-08
4.62550618159e-09	4.42689795932e-08
4.6291598002e-09	5.67054811995e-08
4.63281341881e-09	4.6126778841e-08
4.63646703742e-09	1.63101390172e-08
4.64012065602e-09	-2.05219130578e-08
4.64377427463e-09	-4.87351812239e-08
4.64742789324e-09	-5.60119808313e-08
4.65108151184e-09	-3.87922156619e-08
4.65473513045e-09	-3.98151200898e-09
4.65838874906e-09	3.38851435799e-08
4.66204236767e-09	5.878138154e-08
4.66569598627e-09	5.99786389444e-08
4.66934960488e-09	3.66177062006e-08
4.67300322349e-09	-1.83518300556e-09
4.6766568421e-09	-3.94135462045e-08
4.6803104607e-09	-6.02276770678e-08
4.68396407931e-09	-5.51420136219e-08
4.68761769792e-09	-2.57926835445e-08
4.69127131652e-09	1.58155835095e-08
4.69492493513e-09	5.21615177718e-08
4.69857855374e-09	6.76006379763e-08
4.70223217235e-09	5.51756613731e-08
4.70588579095e-09	1.98211260738e-08
4.70953940956e-09	-2.35856649766e-08
4.71319302817e-09	-5.6551986205e-08
4.71684664678e-09	-6.49372751127e-08
4.72050026538e-09	-4.50471766555e-08
4.72415388399e-09	-5.2097486325e-09
4.7278075026e-09	3.77815005947e-08
4.7314611212e-09	6.57818333138e-08
4.73511473981e-09	6.6919881192e-08
4.73876835842e-09	4.05767863754e-08
4.74242197703e-09	-2.3082009637e-09
4.74607559563e-09	-4.37430216493e-08
4.74972921424e-09	-6.61752750375e-08
4.75338283285e-09	-5.99237850452e-08
4.75703645146e-09	-2.74113940435e-08
4.76069007006e-09	1.76988557143e-08
4.76434368867e-09	5.62245041635e-08
4.76799730728e-09	7.16827770475e-08
4.77165092588e-09	5.74260070607e-08
4.77530454449e-09	1.95413392134e-08
4.7789581631e-09	-2.57878163268e-08
4.78261178171e-09	-5.92804951793e-08
4.78626540031e-09	-6.68110189395e-08
4.78991901892e-09	-4.53507169595e-08
4.79357263753e-09	-4.11602218975e-09
4.79722625614e-09	3.94384294111e-08
4.80087987474e-09	6.69927686658e-08
4.80453349335e-09	6.70184547857e-08
4.80818711196e-09	3.95650445739e-08
4.81184073056e-09	-3.76380127065e-09
4.81549434917e-09	-4.46550636468e-08
4.81914796778e-09	-6.57987300201e-08
4.82280158639e-09	-5.82440691232e-08
4.82645520499e-09	-2.52632617048e-08
4.8301088236e-09	1.90209448192e-08
4.83376244221e-09	5.57082024955e-08
4.83741606082e-09	6.92632795563e-08
4.84106967942e-09	5.41603490944e-08
4.84472329803e-09	1.71216587574e-08
4.84837691664e-09	-2.59357726407e-08
4.85203053524e-09	-5.68061579997e-08
4.85568415385e-09	-6.27015737109e-08
4.85933777246e-09	-4.14890592992e-08
4.86299139107e-09	-2.38343922376e-09
4.86664500967e-09	3.80627973584e-08
4.87029862828e-09	6.29196819091e-08
4.87395224689e-09	6.19122459966e-08
4.8776058655e-09	3.56667690937e-08
4.8812594841e-09	-4.59160443e-09
4.88491310271e-09	-4.17848262657e-08
4.88856672132e-09	-6.0228394716e-08
4.89222033992e-09	-5.23050474044e-08
4.89587395853e-09	-2.16682156662e-08
4.89952757714e-09	1.84231367939e-08
4.90318119575e-09	5.09002902049e-08
4.90683481435e-09	6.22235774017e-08
4.91048843296e-09	4.80423203442e-08
4.91414205157e-09	1.48008689749e-08
4.91779567018e-09	-2.32522943122e-08
4.92144928878e-09	-5.01985653045e-08
4.92510290739e-09	-5.50676979572e-08
4.928756526e-09	-3.62309684476e-08
4.9324101446e-09	-1.87209536762e-09
4.93606376321e-09	3.3530021426e-08
4.93971738182e-09	5.52446159929e-08
4.94337100043e-09	5.43863620805e-08
4.94702461903e-09	3.15774038029e-08
4.95067823764e-09	-3.36394623268e-09
4.95433185625e-09	-3.56256180112e-08
4.95798547486e-09	-5.17124298938e-08
4.96163909346e-09	-4.51555024483e-08
4.96529271207e-09	-1.91372251379e-08
4.96894633068e-09	1.50670338428e-08
4.97259994928e-09	4.30402451457e-08
4.97625356789e-09	5.33429833638e-08
4.9799071865e-09	4.21538146611e-08
4.98356080511e-09	1.45844358812e-08
4.98721442371e-09	-1.76903434124e-08
4.99086804232e-09	-4.13625400597e-08
4.99452166093e-09	-4.69027128247e-08
4.99817527954e-09	-3.23337054908e-08
5.00182889814e-09	-3.91959176227e-09
