% time-domain current integration by openEMS v0.0.36-93-g7b9cd51 @Thu Sep 24 16:50:48 2026
% start-coordinates: (0.05825,-0.0023,0.00041102) m -> [74,1,6]
% stop-coordinates: (0.0583,0.0006,0.00041102) m -> [75,4,6]
% t/s	current
2.85830789976e-14	0
3.6872171907e-12	0
7.34585130239e-12	0
1.10044854141e-11	0
1.46631195258e-11	0
1.83217536375e-11	0
2.19803877492e-11	7.30383574854e-37
2.56390218609e-11	4.28006346076e-33
2.92976559726e-11	3.40057274925e-30
3.29562900843e-11	7.83250912034e-28
3.6614924196e-11	7.25777855672e-26
4.02735583077e-11	3.32510078033e-24
4.39321924194e-11	8.7141589315e-23
4.75908265311e-11	1.45375316485e-21
5.12494606428e-11	1.67285113518e-20
5.49080947545e-11	1.41278170549e-19
5.85667288662e-11	9.19779036033e-19
6.22253629779e-11	4.80263462472e-18
6.58839970896e-11	2.07683098439e-17
6.95426312012e-11	7.63030042897e-17
7.32012653129e-11	2.42747466584e-16
7.68598994246e-11	6.76511662445e-16
8.05185335363e-11	1.65500475839e-15
8.4177167648e-11	3.50839522093e-15
8.78358017597e-11	6.15416065344e-15
9.14944358714e-11	7.53627574842e-15
9.51530699831e-11	-4.61800457019e-16
9.88117040948e-11	-4.12221018225e-14
1.02470338207e-10	-1.71892556612e-13
1.06128972318e-10	-5.1712171871e-13
1.0978760643e-10	-1.32522053227e-12
1.13446240542e-10	-3.05338176618e-12
1.17104874653e-10	-6.4842037989e-12
1.20763508765e-10	-1.28649573633e-11
1.24422142877e-10	-2.40409497865e-11
1.28080776988e-10	-4.2522759619e-11
1.317394111e-10	-7.13829759191e-11
1.35398045212e-10	-1.13822951064e-10
1.39056679323e-10	-1.72189110192e-10
1.42715313435e-10	-2.4616034211e-10
1.46373947547e-10	-3.29787808173e-10
1.50032581659e-10	-4.0706332749e-10
1.5369121577e-10	-4.45753350897e-10
1.57349849882e-10	-3.89379695154e-10
1.61008483994e-10	-1.47494724767e-10
1.64667118105e-10	4.15203676996e-10
1.68325752217e-10	1.48984646842e-09
1.71984386329e-10	3.33276872766e-09
1.7564302044e-10	6.27096596872e-09
1.79301654552e-10	1.07008224504e-08
1.82960288664e-10	1.70769602903e-08
1.86618922776e-10	2.58882373316e-08
1.90277556887e-10	3.76184132733e-08
1.93936190999e-10	5.26899341935e-08
1.97594825111e-10	7.13909642513e-08
2.01253459222e-10	9.37870510143e-08
2.04912093334e-10	1.1962177382e-07
2.08570727446e-10	1.48211981355e-07
2.12229361557e-10	1.78346482471e-07
2.15887995669e-10	2.08200120255e-07
2.19546629781e-10	2.35275805949e-07
2.23205263893e-10	2.56390393361e-07
2.26863898004e-10	2.67719087788e-07
2.30522532116e-10	2.64910482883e-07
2.34181166228e-10	2.432794588e-07
2.37839800339e-10	1.98077884761e-07
2.41498434451e-10	1.24832652659e-07
2.45157068563e-10	1.9735221457e-08
2.48815702674e-10	-1.19944530752e-07
2.52474336786e-10	-2.95447534882e-07
2.56132970898e-10	-5.06148467139e-07
2.5979160501e-10	-7.49243156406e-07
2.63450239121e-10	-1.01953185094e-06
2.67108873233e-10	-1.30932460252e-06
2.70767507345e-10	-1.6085060679e-06
2.74426141456e-10	-1.90478181139e-06
2.78084775568e-10	-2.18412560571e-06
2.8174340968e-10	-2.43143767875e-06
2.85402043791e-10	-2.63138099399e-06
2.89060677903e-10	-2.76935747934e-06
2.92719312015e-10	-2.83253416455e-06
2.96377946126e-10	-2.8108377137e-06
3.00036580238e-10	-2.69783799922e-06
3.0369521435e-10	-2.49141498898e-06
3.07353848462e-10	-2.19420530811e-06
3.11012482573e-10	-1.81378425168e-06
3.14671116685e-10	-1.36258131533e-06
3.18329750797e-10	-8.57545330746e-07
3.21988384908e-10	-3.19530556681e-07
3.2564701902e-10	2.27614307846e-07
3.29305653132e-10	7.58247779231e-07
3.32964287243e-10	1.24642792798e-06
3.36622921355e-10	1.66758923115e-06
3.40281555467e-10	2.00027602659e-06
3.43940189579e-10	2.22773087444e-06
3.4759882369e-10	2.33912919612e-06
3.51257457802e-10	2.33032824326e-06
3.54916091914e-10	2.20405081564e-06
3.58574726025e-10	1.96956534637e-06
3.62233360137e-10	1.64198070252e-06
3.65891994249e-10	1.24129576307e-06
3.6955062836e-10	7.91322577243e-07
3.73209262472e-10	3.18516214293e-07
3.76867896584e-10	-1.49352629819e-07
3.80526530696e-10	-5.84747908761e-07
3.84185164807e-10	-9.62159106166e-07
3.87843798919e-10	-1.26004829326e-06
3.91502433031e-10	-1.46269621837e-06
3.95161067142e-10	-1.56162684561e-06
3.98819701254e-10	-1.55626287324e-06
4.02478335366e-10	-1.45365174831e-06
4.06136969477e-10	-1.26728491523e-06
4.09795603589e-10	-1.01529815311e-06
4.13454237701e-10	-7.18487967788e-07
4.17112871812e-10	-3.98555300762e-07
4.20771505924e-10	-7.68452252942e-08
4.24430140036e-10	2.26431524197e-07
4.28088774148e-10	4.92728986501e-07
4.31747408259e-10	7.05808417933e-07
4.35406042371e-10	8.52740640767e-07
4.39064676483e-10	9.25280005504e-07
4.42723310594e-10	9.21289426969e-07
4.46381944706e-10	8.45687395667e-07
4.50040578818e-10	7.10365043233e-07
4.53699212929e-10	5.32784781626e-07
4.57357847041e-10	3.33423201937e-07
4.61016481153e-10	1.32621408966e-07
4.64675115265e-10	-5.22707424011e-08
4.68333749376e-10	-2.08694800108e-07
4.71992383488e-10	-3.29215197326e-07
4.756510176e-10	-4.10526752148e-07
4.79309651711e-10	-4.51815822089e-07
4.82968285823e-10	-4.53354971341e-07
4.86626919935e-10	-4.16065518039e-07
4.90285554046e-10	-3.42268094755e-07
4.93944188158e-10	-2.37200623587e-07
4.9760282227e-10	-1.10407135878e-07
5.01261456382e-10	2.40001103435e-08
5.04920090493e-10	1.48831617253e-07
5.08578724605e-10	2.46947280402e-07
5.12237358717e-10	3.05140844148e-07
5.15895992828e-10	3.17428259677e-07
5.1955462694e-10	2.86447885856e-07
5.23213261052e-10	2.22331863142e-07
5.26871895163e-10	1.39370371244e-07
5.30530529275e-10	5.16846050402e-08
5.34189163387e-10	-3.04353307001e-08
5.37847797499e-10	-1.02149357417e-07
5.4150643161e-10	-1.63098007988e-07
5.45165065722e-10	-2.14439566548e-07
5.48823699834e-10	-2.55386680692e-07
5.52482333945e-10	-2.81010329672e-07
5.56140968057e-10	-2.82579719624e-07
5.59799602169e-10	-2.50586850825e-07
5.6345823628e-10	-1.79346514528e-07
5.67116870392e-10	-7.11953447308e-08
5.70775504504e-10	6.17290680793e-08
5.74434138615e-10	1.99276570356e-07
5.78092772727e-10	3.18337015415e-07
5.81751406839e-10	3.994221629e-07
5.85410040951e-10	4.32267739825e-07
5.89068675062e-10	4.18217751985e-07
5.92727309174e-10	3.68386679384e-07
5.96385943286e-10	2.98342797578e-07
6.00044577397e-10	2.21521204935e-07
6.03703211509e-10	1.44157439763e-07
6.07361845621e-10	6.39426929183e-08
6.11020479732e-10	-2.69818354326e-08
6.14679113844e-10	-1.35966189418e-07
6.18337747956e-10	-2.6343633408e-07
6.21996382068e-10	-3.99152554564e-07
6.25655016179e-10	-5.23143910414e-07
6.29313650291e-10	-6.11370182924e-07
6.32972284403e-10	-6.44061628918e-07
6.36630918514e-10	-6.13339977917e-07
6.40289552626e-10	-5.26836629433e-07
6.43948186738e-10	-4.05548291837e-07
6.47606820849e-10	-2.7655357826e-07
6.51265454961e-10	-1.63418775401e-07
6.54924089073e-10	-7.81927482763e-08
6.58582723185e-10	-1.83093256112e-08
6.62241357296e-10	3.0262970796e-08
6.65899991408e-10	8.49432950645e-08
6.6955862552e-10	1.5696139144e-07
6.73217259631e-10	2.44466093591e-07
6.76875893743e-10	3.31481089688e-07
6.80534527855e-10	3.93437630919e-07
6.84193161966e-10	4.07176287354e-07
6.87851796078e-10	3.61254478776e-07
6.9151043019e-10	2.62060751766e-07
6.95169064301e-10	1.32859909741e-07
6.98827698413e-10	5.82970116625e-09
7.02486332525e-10	-8.98057237464e-08
7.06144966637e-10	-1.38666422345e-07
7.09803600748e-10	-1.44526694612e-07
7.1346223486e-10	-1.27707664888e-07
7.17120868972e-10	-1.15535065959e-07
7.20779503083e-10	-1.29806366544e-07
7.24438137195e-10	-1.76556483211e-07
7.28096771307e-10	-2.42541631224e-07
7.31755405418e-10	-3.0013200103e-07
7.3541403953e-10	-3.18759560969e-07
7.39072673642e-10	-2.78233187601e-07
7.42731307754e-10	-1.78274419227e-07
7.46389941865e-10	-4.00635791209e-08
7.50048575977e-10	1.01140209097e-07
7.53707210089e-10	2.09422040598e-07
7.573658442e-10	2.62127883843e-07
7.61024478312e-10	2.58394635466e-07
7.64683112424e-10	2.1859287358e-07
7.68341746535e-10	1.74839328793e-07
7.72000380647e-10	1.56544331276e-07
7.75659014759e-10	1.77112084998e-07
7.79317648871e-10	2.27491426585e-07
7.82976282982e-10	2.79444378748e-07
7.86634917094e-10	2.97340363886e-07
7.90293551206e-10	2.53681747608e-07
7.93952185317e-10	1.41880803994e-07
7.97610819429e-10	-1.91790299198e-08
8.01269453541e-10	-1.90974986936e-07
8.04928087652e-10	-3.29412642941e-07
8.08586721764e-10	-4.01443799092e-07
8.12245355876e-10	-3.97355563564e-07
8.15903989988e-10	-3.33561274601e-07
8.19562624099e-10	-2.44707763386e-07
8.23221258211e-10	-1.68452118032e-07
8.26879892323e-10	-1.29383465719e-07
8.30538526434e-10	-1.28913356434e-07
8.34197160546e-10	-1.45419221553e-07
8.37855794658e-10	-1.44566712379e-07
8.41514428769e-10	-9.54569472356e-08
8.45173062881e-10	1.42154750193e-08
8.48831696993e-10	1.70465028759e-07
8.52490331104e-10	3.36226491982e-07
8.56148965216e-10	4.64451034077e-07
8.59807599328e-10	5.1591734973e-07
8.6346623344e-10	4.74504503245e-07
8.67124867551e-10	3.53577604528e-07
8.70783501663e-10	1.90749261719e-07
8.74442135775e-10	3.31293286138e-08
8.78100769886e-10	-8.08131233043e-08
8.81759403998e-10	-1.35234643039e-07
8.8541803811e-10	-1.41029346423e-07
8.89076672221e-10	-1.28581632453e-07
8.92735306333e-10	-1.32462972147e-07
8.96393940445e-10	-1.74695827582e-07
9.00052574557e-10	-2.53702353348e-07
9.03711208668e-10	-3.43622019727e-07
9.0736984278e-10	-4.04377885843e-07
9.11028476892e-10	-3.98417370207e-07
9.14687111003e-10	-3.07259398369e-07
9.18345745115e-10	-1.40926161407e-07
9.22004379227e-10	6.38471391312e-08
9.25663013338e-10	2.56148069866e-07
9.2932164745e-10	3.89210015328e-07
9.32980281562e-10	4.37076920434e-07
9.36638915674e-10	4.02845302006e-07
9.40297549785e-10	3.15270938245e-07
9.43956183897e-10	2.15442739204e-07
9.47614818009e-10	1.39291444157e-07
9.5127345212e-10	1.03280207497e-07
9.54932086232e-10	9.90584894112e-08
9.58590720344e-10	9.90121122868e-08
9.62249354455e-10	7.01472373521e-08
9.65907988567e-10	-9.6187520171e-09
9.69566622679e-10	-1.39602235549e-07
9.73225256791e-10	-2.93987113764e-07
9.76883890902e-10	-4.3015526785e-07
9.80542525014e-10	-5.04521949551e-07
9.84201159126e-10	-4.89502099299e-07
9.87859793237e-10	-3.84629998962e-07
9.91518427349e-10	-2.17208111053e-07
9.95177061461e-10	-3.22130269126e-08
9.98835695572e-10	1.24332231621e-07
1.00249432968e-09	2.21685297674e-07
1.0061529638e-09	2.53892949331e-07
1.00981159791e-09	2.3899781354e-07
1.01347023202e-09	2.08778345723e-07
1.01712886613e-09	1.93601849219e-07
1.02078750024e-09	2.08734149965e-07
1.02444613435e-09	2.47649751373e-07
1.02810476847e-09	2.84973680209e-07
1.03176340258e-09	2.87796183329e-07
1.03542203669e-09	2.3070356292e-07
1.0390806708e-09	1.08269077259e-07
1.04273930491e-09	-6.03301231195e-08
1.04639793902e-09	-2.36706284795e-07
1.05005657314e-09	-3.76622324438e-07
1.05371520725e-09	-4.4589916115e-07
1.05737384136e-09	-4.32404277717e-07
1.06103247547e-09	-3.49395378407e-07
1.06469110958e-09	-2.29183271472e-07
1.06834974369e-09	-1.1003124456e-07
1.07200837781e-09	-2.17273878889e-08
1.07566701192e-09	2.45053932701e-08
1.07932564603e-09	3.80761733254e-08
1.08298428014e-09	4.26336477233e-08
1.08664291425e-09	6.40485922077e-08
1.09030154836e-09	1.17752435358e-07
1.09396018248e-09	2.00668182515e-07
1.09761881659e-09	2.91168987587e-07
1.1012774507e-09	3.57220613978e-07
1.10493608481e-09	3.69418899027e-07
1.10859471892e-09	3.13462919621e-07
1.11225335304e-09	1.96812720787e-07
1.11591198715e-09	4.67552077055e-08
1.11957062126e-09	-9.9226895145e-08
1.12322925537e-09	-2.06752503118e-07
1.12688788948e-09	-2.56195932025e-07
1.13054652359e-09	-2.4831061296e-07
1.13420515771e-09	-2.02018625828e-07
1.13786379182e-09	-1.45586696476e-07
1.14152242593e-09	-1.04819939395e-07
1.14518106004e-09	-9.28823666868e-08
1.14883969415e-09	-1.05687654184e-07
1.15249832826e-09	-1.24648707356e-07
1.15615696238e-09	-1.25635807535e-07
1.15981559649e-09	-9.03970658328e-08
1.1634742306e-09	-1.55601664886e-08
1.16713286471e-09	8.46980370284e-08
1.17079149882e-09	1.83486150718e-07
1.17445013293e-09	2.51447943356e-07
1.17810876705e-09	2.68076632892e-07
1.18176740116e-09	2.29471126545e-07
1.18542603527e-09	1.49592850107e-07
1.18908466938e-09	5.4794881521e-08
1.19274330349e-09	-2.60330672575e-08
1.1964019376e-09	-7.18852817272e-08
1.20006057172e-09	-7.67509078514e-08
1.20371920583e-09	-5.0819586761e-08
1.20737783994e-09	-1.53801096303e-08
1.21103647405e-09	6.56843779367e-09
1.21469510816e-09	1.94744817494e-10
1.21835374227e-09	-3.49096644925e-08
1.22201237639e-09	-8.47676489002e-08
1.2256710105e-09	-1.27284607743e-07
1.22932964461e-09	-1.41948945043e-07
1.23298827872e-09	-1.18719199804e-07
1.23664691283e-09	-6.23588078952e-08
1.24030554694e-09	9.39200539563e-09
1.24396418106e-09	7.28040916442e-08
1.24762281517e-09	1.07333050892e-07
1.25128144928e-09	1.03390000561e-07
1.25494008339e-09	6.58268035636e-08
1.2585987175e-09	1.18942891092e-08
1.26225735161e-09	-3.55543754438e-08
1.26591598573e-09	-5.70512135312e-08
1.26957461984e-09	-4.41752092684e-08
1.27323325395e-09	-2.74057243566e-09
1.27689188806e-09	4.98856458364e-08
1.28055052217e-09	9.22241270018e-08
1.28420915628e-09	1.07648972403e-07
1.2878677904e-09	9.09960249373e-08
1.29152642451e-09	5.00907759715e-08
1.29518505862e-09	1.826632956e-09
1.29884369273e-09	-3.5240098839e-08
1.30250232684e-09	-4.85463900191e-08
1.30616096095e-09	-3.63837777684e-08
1.30981959507e-09	-8.2394402412e-09
1.31347822918e-09	1.93485565347e-08
1.31713686329e-09	2.97604270116e-08
1.3207954974e-09	1.34010154085e-08
1.32445413151e-09	-2.78889533689e-08
1.32811276563e-09	-8.1033967092e-08
1.33177139974e-09	-1.26655905319e-07
1.33543003385e-09	-1.46795400724e-07
1.33908866796e-09	-1.32142204734e-07
1.34274730207e-09	-8.56497521795e-08
1.34640593618e-09	-2.10411918999e-08
1.3500645703e-09	4.29427906568e-08
1.35372320441e-09	8.98862282384e-08
1.35738183852e-09	1.1150824264e-07
1.36104047263e-09	1.09757998246e-07
1.36469910674e-09	9.47155029962e-08
1.36835774085e-09	7.9456867752e-08
1.37201637497e-09	7.40430081692e-08
1.37567500908e-09	8.0998901808e-08
1.37933364319e-09	9.40783948522e-08
1.3829922773e-09	1.00913240431e-07
1.38665091141e-09	8.86001316758e-08
1.39030954552e-09	4.99265411236e-08
1.39396817964e-09	-1.25356161007e-08
1.39762681375e-09	-8.64345253149e-08
1.40128544786e-09	-1.53856831275e-07
1.40494408197e-09	-1.9791907846e-07
1.40860271608e-09	-2.08815819747e-07
1.41226135019e-09	-1.86809103297e-07
1.41591998431e-09	-1.41170275469e-07
1.41957861842e-09	-8.58772324364e-08
1.42323725253e-09	-3.40719168435e-08
1.42689588664e-09	6.49913900475e-09
1.43055452075e-09	3.54213902654e-08
1.43421315486e-09	5.83592800751e-08
1.43787178898e-09	8.32016411323e-08
1.44153042309e-09	1.15206674423e-07
1.4451890572e-09	1.53264579694e-07
1.44884769131e-09	1.89089917058e-07
1.45250632542e-09	2.09971460663e-07
1.45616495953e-09	2.04031906037e-07
1.45982359365e-09	1.65654967077e-07
1.46348222776e-09	9.85406316545e-08
1.46714086187e-09	1.49699577179e-08
1.47079949598e-09	-6.83395455781e-08
1.47445813009e-09	-1.35893188258e-07
1.4781167642e-09	-1.78201503331e-07
1.48177539832e-09	-1.93906885215e-07
1.48543403243e-09	-1.8872134433e-07
1.48909266654e-09	-1.71880728317e-07
1.49275130065e-09	-1.51647398638e-07
1.49640993476e-09	-1.316729481e-07
1.50006856887e-09	-1.09715564633e-07
1.50372720299e-09	-7.93482826111e-08
1.5073858371e-09	-3.40393491172e-08
1.51104447121e-09	2.8192150836e-08
1.51470310532e-09	1.01823580678e-07
1.51836173943e-09	1.74229370487e-07
1.52202037355e-09	2.29530542128e-07
1.52567900766e-09	2.54281701473e-07
1.52933764177e-09	2.42472026457e-07
1.53299627588e-09	1.97670573243e-07
1.53665490999e-09	1.31511967538e-07
1.5403135441e-09	5.93243889568e-08
1.54397217822e-09	-5.22165422012e-09
1.54763081233e-09	-5.43509912632e-08
1.55128944644e-09	-8.77886918715e-08
1.55494808055e-09	-1.11231230449e-07
1.55860671466e-09	-1.32350365334e-07
1.56226534877e-09	-1.55994058559e-07
1.56592398289e-09	-1.80715602482e-07
1.569582617e-09	-1.98374991101e-07
1.57324125111e-09	-1.97292393977e-07
1.57689988522e-09	-1.67738079426e-07
1.58055851933e-09	-1.07279532813e-07
1.58421715344e-09	-2.34040413716e-08
1.58787578756e-09	6.79633416212e-08
1.59153442167e-09	1.47532688288e-07
1.59519305578e-09	1.99188434635e-07
1.59885168989e-09	2.15304680751e-07
1.602510324e-09	1.98779957827e-07
1.60616895811e-09	1.61126180842e-07
1.60982759223e-09	1.17473454964e-07
1.61348622634e-09	8.04707696034e-08
1.61714486045e-09	5.54803172292e-08
1.62080349456e-09	3.90317858034e-08
1.62446212867e-09	2.12903827901e-08
1.62812076278e-09	-8.37487590388e-09
1.6317793969e-09	-5.51245769032e-08
1.63543803101e-09	-1.14601164114e-07
1.63909666512e-09	-1.7319726453e-07
1.64275529923e-09	-2.1279392115e-07
1.64641393334e-09	-2.18023743059e-07
1.65007256745e-09	-1.82897352374e-07
1.65373120157e-09	-1.13891658771e-07
1.65738983568e-09	-2.81662835278e-08
1.66104846979e-09	5.23810292918e-08
1.6647071039e-09	1.08849505409e-07
1.66836573801e-09	1.31859422936e-07
1.67202437212e-09	1.24354741615e-07
1.67568300624e-09	9.95744358079e-08
1.67934164035e-09	7.493611065e-08
1.68300027446e-09	6.42542232754e-08
1.68665890857e-09	7.1548676317e-08
1.69031754268e-09	8.92188580792e-08
1.69397617679e-09	1.0156881558e-07
1.69763481091e-09	9.22799330283e-08
1.70129344502e-09	5.25479109115e-08
1.70495207913e-09	-1.38051863274e-08
1.70861071324e-09	-9.06259458588e-08
1.71226934735e-09	-1.55118542011e-07
1.71592798147e-09	-1.86576613714e-07
1.71958661558e-09	-1.74561932909e-07
1.72324524969e-09	-1.23202070768e-07
1.7269038838e-09	-4.9869669283e-08
1.73056251791e-09	2.13053805709e-08
1.73422115202e-09	6.86043932774e-08
1.73787978614e-09	8.09727751516e-08
1.74153842025e-09	6.19870306195e-08
1.74519705436e-09	2.77823524186e-08
1.74885568847e-09	-3.20385162844e-10
1.75251432258e-09	-5.42426059624e-09
1.75617295669e-09	1.72774345941e-08
1.75983159081e-09	5.8190568808e-08
1.76349022492e-09	9.74448681745e-08
1.76714885903e-09	1.13668747304e-07
1.77080749314e-09	9.35970589921e-08
1.77446612725e-09	3.83827689632e-08
1.77812476136e-09	-3.6066680309e-08
1.78178339548e-09	-1.04890872876e-07
1.78544202959e-09	-1.43898944316e-07
1.7891006637e-09	-1.39167767088e-07
1.79275929781e-09	-9.27471290879e-08
1.79641793192e-09	-2.20754863278e-08
1.80007656603e-09	4.68121008623e-08
1.80373520015e-09	8.9640117551e-08
1.80739383426e-09	9.35690849246e-08
1.81105246837e-09	6.20948128471e-08
1.81471110248e-09	1.30436372814e-08
1.81836973659e-09	-2.94820807767e-08
1.8220283707e-09	-4.56963569206e-08
1.82568700482e-09	-2.86689143536e-08
1.82934563893e-09	1.28221522289e-08
1.83300427304e-09	5.82392338799e-08
1.83666290715e-09	8.42615506258e-08
1.84032154126e-09	7.49724193838e-08
1.84398017537e-09	2.90281416682e-08
1.84763880949e-09	-3.91576620018e-08
1.8512974436e-09	-1.04764602327e-07
1.85495607771e-09	-1.42366431533e-07
1.85861471182e-09	-1.36241197879e-07
1.86227334593e-09	-8.69211476129e-08
1.86593198004e-09	-1.11773834632e-08
1.86959061416e-09	6.4653434606e-08
1.87324924827e-09	1.15230029962e-07
1.87690788238e-09	1.26188368199e-07
1.88056651649e-09	9.93402125005e-08
1.8842251506e-09	5.10166167089e-08
1.88788378471e-09	4.46450920677e-09
1.89154241883e-09	-2.03130419152e-08
1.89520105294e-09	-1.49466945487e-08
1.89885968705e-09	1.41011371468e-08
1.90251832116e-09	4.87076654565e-08
1.90617695527e-09	6.72020306069e-08
1.90983558939e-09	5.40156079865e-08
1.9134942235e-09	6.8576051504e-09
1.91715285761e-09	-6.16060020775e-08
1.92081149172e-09	-1.28363183194e-07
1.92447012583e-09	-1.69116731286e-07
1.92812875994e-09	-1.68033835735e-07
1.93178739406e-09	-1.24077942587e-07
1.93544602817e-09	-5.1285326208e-08
1.93910466228e-09	2.70312749961e-08
1.94276329639e-09	8.75685941537e-08
1.9464219305e-09	1.15841764625e-07
1.95008056461e-09	1.10938486841e-07
1.95373919873e-09	8.45098000468e-08
1.95739783284e-09	5.47458256506e-08
1.96105646695e-09	3.80567790614e-08
1.96471510106e-09	4.19659542672e-08
1.96837373517e-09	6.20867410817e-08
1.97203236928e-09	8.43333509692e-08
1.9756910034e-09	9.13693298799e-08
1.97934963751e-09	7.05456670858e-08
1.98300827162e-09	1.99482332874e-08
1.98666690573e-09	-5.00480261678e-08
1.99032553984e-09	-1.20389898939e-07
1.99398417395e-09	-1.70561293089e-07
1.99764280807e-09	-1.86313229733e-07
2.00130144218e-09	-1.64699528682e-07
2.00496007629e-09	-1.14495733783e-07
2.0086187104e-09	-5.21212299986e-08
2.01227734451e-09	4.98133090332e-09
2.01593597862e-09	4.46994334879e-08
2.01959461274e-09	6.3876697709e-08
2.02325324685e-09	6.80267078224e-08
2.02691188096e-09	6.75651961046e-08
2.03057051507e-09	7.23270687786e-08
2.03422914918e-09	8.67237517355e-08
2.03788778329e-09	1.07563948859e-07
2.04154641741e-09	1.25400688944e-07
2.04520505152e-09	1.2875749178e-07
2.04886368563e-09	1.09340788867e-07
2.05252231974e-09	6.59510703827e-08
2.05618095385e-09	5.44552491988e-09
2.05983958796e-09	-5.95355764688e-08
2.06349822208e-09	-1.14960286623e-07
2.06715685619e-09	-1.50005831756e-07
2.0708154903e-09	-1.60079380862e-07
2.07447412441e-09	-1.47325124544e-07
2.07813275852e-09	-1.18779141189e-07
2.08179139263e-09	-8.3188417932e-08
2.08545002675e-09	-4.78446224861e-08
2.08910866086e-09	-1.65912652506e-08
2.09276729497e-09	1.04179873617e-08
2.09642592908e-09	3.53472842107e-08
2.10008456319e-09	6.04670375992e-08
2.1037431973e-09	8.61723847834e-08
2.10740183142e-09	1.10132944542e-07
2.11106046553e-09	1.2789774928e-07
2.11471909964e-09	1.34574037247e-07
2.11837773375e-09	1.2673240235e-07
2.12203636786e-09	1.03682396002e-07
2.12569500198e-09	6.77019329487e-08
2.12935363609e-09	2.33477592815e-08
2.1330122702e-09	-2.36678214804e-08
2.13667090431e-09	-6.75501681258e-08
2.14032953842e-09	-1.03205124447e-07
2.14398817253e-09	-1.26743344708e-07
2.14764680665e-09	-1.3582938152e-07
2.15130544076e-09	-1.29927400394e-07
2.15496407487e-09	-1.10400868891e-07
2.15862270898e-09	-8.03630584301e-08
2.16228134309e-09	-4.42127721101e-08
2.1659399772e-09	-6.86558099261e-09
2.16959861132e-09	2.72056368544e-08
2.17325724543e-09	5.48951675228e-08
2.17691587954e-09	7.50424717921e-08
2.18057451365e-09	8.83543904706e-08
2.18423314776e-09	9.65624877836e-08
2.18789178187e-09	1.01072785696e-07
2.19155041599e-09	1.01719635381e-07
2.1952090501e-09	9.6344173528e-08
2.19886768421e-09	8.16176282115e-08
2.20252631832e-09	5.49022907137e-08
2.20618495243e-09	1.63432360978e-08
2.20984358654e-09	-2.98715505664e-08
2.21350222066e-09	-7.58481348839e-08
2.21716085477e-09	-1.12011669273e-07
2.22081948888e-09	-1.30137976839e-07
2.22447812299e-09	-1.26238305143e-07
2.2281367571e-09	-1.02137114766e-07
2.23179539121e-09	-6.50310099104e-08
2.23545402533e-09	-2.50747707042e-08
2.23911265944e-09	8.1855038303e-09
2.24277129355e-09	2.91707582534e-08
2.24642992766e-09	3.80411329104e-08
2.25008856177e-09	4.00497519593e-08
2.25374719588e-09	4.26524628949e-08
2.25740583e-09	5.15803719736e-08
2.26106446411e-09	6.76339482197e-08
2.26472309822e-09	8.57336672766e-08
2.26838173233e-09	9.67870974478e-08
2.27204036644e-09	9.16556288644e-08
2.27569900055e-09	6.55276863881e-08
2.27935763467e-09	2.07786978734e-08
2.28301626878e-09	-3.29969012114e-08
2.28667490289e-09	-8.1931560203e-08
2.290333537e-09	-1.12729665602e-07
2.29399217111e-09	-1.17534142419e-07
2.29765080522e-09	-9.68713464999e-08
2.30130943934e-09	-5.94224935924e-08
2.30496807345e-09	-1.86189641482e-08
2.30862670756e-09	1.26367876163e-08
2.31228534167e-09	2.69789133256e-08
2.31594397578e-09	2.51983856003e-08
2.3196026099e-09	1.53385695256e-08
2.32326124401e-09	8.63023874587e-09
2.32691987812e-09	1.40450122643e-08
2.33057851223e-09	3.38594787763e-08
2.33423714634e-09	6.21975502213e-08
2.33789578045e-09	8.7220008993e-08
2.34155441457e-09	9.60599066957e-08
2.34521304868e-09	8.04514073138e-08
2.34887168279e-09	4.06876239367e-08
2.3525303169e-09	-1.37698830116e-08
2.35618895101e-09	-6.73819755548e-08
2.35984758512e-09	-1.04171462567e-07
2.36350621924e-09	-1.13699236692e-07
2.36716485335e-09	-9.49667153805e-08
2.37082348746e-09	-5.66161091342e-08
2.37448212157e-09	-1.33145219294e-08
2.37814075568e-09	2.02074623701e-08
2.38179938979e-09	3.49714284198e-08
2.38545802391e-09	3.09894012673e-08
2.38911665802e-09	1.66109401789e-08
2.39277529213e-09	4.32969793351e-09
2.39643392624e-09	4.90484097782e-09
2.40009256035e-09	2.2320321591e-08
2.40375119446e-09	5.17109448595e-08
2.40740982858e-09	8.11231330999e-08
2.41106846269e-09	9.63879287497e-08
2.4147270968e-09	8.71299050687e-08
2.41838573091e-09	5.1439162263e-08
2.42204436502e-09	-2.73942823981e-09
2.42570299913e-09	-6.01541572109e-08
2.42936163325e-09	-1.03786433669e-07
2.43302026736e-09	-1.21178103996e-07
2.43667890147e-09	-1.0899583458e-07
2.44033753558e-09	-7.39751655487e-08
2.44399616969e-09	-2.99054825348e-08
2.4476548038e-09	8.0496160848e-09
2.45131343792e-09	2.93143855856e-08
2.45497207203e-09	3.17142969664e-08
2.45863070614e-09	2.16590265723e-08
2.46228934025e-09	1.07368105517e-08
2.46594797436e-09	1.02280264258e-08
2.46960660847e-09	2.58348009652e-08
2.47326524259e-09	5.4816894135e-08
2.4769238767e-09	8.67301466201e-08
2.48058251081e-09	1.07506068048e-07
2.48424114492e-09	1.05248929572e-07
2.48789977903e-09	7.53912132723e-08
2.49155841314e-09	2.30688073088e-08
2.49521704726e-09	-3.83158003103e-08
2.49887568137e-09	-9.18158704621e-08
2.50253431548e-09	-1.23067295021e-07
2.50619294959e-09	-1.25377695781e-07
2.5098515837e-09	-1.01780813111e-07
2.51351021782e-09	-6.33242294157e-08
2.51716885193e-09	-2.43804283429e-08
2.52082748604e-09	3.07402503452e-09
2.52448612015e-09	1.39197062765e-08
2.52814475426e-09	1.13671534407e-08
2.53180338837e-09	4.92584151246e-09
2.53546202249e-09	5.76047831657e-09
2.5391206566e-09	2.13657092019e-08
2.54277929071e-09	5.17732239302e-08
2.54643792482e-09	8.89048052954e-08
2.55009655893e-09	1.19410373145e-07
2.55375519304e-09	1.29891560618e-07
2.55741382716e-09	1.12405281527e-07
2.56107246127e-09	6.80000695752e-08
2.56473109538e-09	6.82451339884e-09
2.56838972949e-09	-5.5263562615e-08
2.5720483636e-09	-1.02260884205e-07
2.57570699771e-09	-1.23581443745e-07
2.57936563183e-09	-1.17485988937e-07
2.58302426594e-09	-9.11035442641e-08
2.58668290005e-09	-5.71165870156e-08
2.59034153416e-09	-2.84735914846e-08
2.59400016827e-09	-1.32473996217e-08
2.59765880238e-09	-1.16908216441e-08
2.6013174365e-09	-1.66526596956e-08
2.60497607061e-09	-1.71702794205e-08
2.60863470472e-09	-3.73394293263e-09
2.61229333883e-09	2.69762914229e-08
2.61595197294e-09	6.98984763403e-08
2.61961060705e-09	1.12920822914e-07
2.62326924117e-09	1.41265601883e-07
2.62692787528e-09	1.43199343938e-07
2.63058650939e-09	1.14784832306e-07
2.6342451435e-09	6.17695548044e-08
2.63790377761e-09	-2.17075246667e-09
2.64156241172e-09	-6.01799996502e-08
2.64522104584e-09	-9.81413137424e-08
2.64887967995e-09	-1.09489448619e-07
2.65253831406e-09	-9.70644080667e-08
2.65619694817e-09	-7.13185031032e-08
2.65985558228e-09	-4.56248656633e-08
2.66351421639e-09	-3.06048484333e-08
2.66717285051e-09	-2.97930977666e-08
2.67083148462e-09	-3.84130984799e-08
2.67449011873e-09	-4.57699833589e-08
2.67814875284e-09	-4.02558804069e-08
2.68180738695e-09	-1.48781627018e-08
2.68546602106e-09	2.90134600789e-08
2.68912465518e-09	8.14020637563e-08
2.69278328929e-09	1.26895542962e-07
2.6964419234e-09	1.50388373754e-07
2.70010055751e-09	1.42862603525e-07
2.70375919162e-09	1.05028419739e-07
2.70741782574e-09	4.73251517974e-08
2.71107645985e-09	-1.37671474221e-08
2.71473509396e-09	-6.16905282413e-08
2.71839372807e-09	-8.57292690171e-08
2.72205236218e-09	-8.45558716378e-08
2.72571099629e-09	-6.60246612938e-08
2.72936963041e-09	-4.33326405869e-08
2.73302826452e-09	-2.91499251404e-08
2.73668689863e-09	-3.01511953182e-08
2.74034553274e-09	-4.42094787445e-08
2.74400416685e-09	-6.1418496955e-08
2.74766280096e-09	-6.85188652483e-08
2.75132143508e-09	-5.48945990886e-08
2.75498006919e-09	-1.76461760759e-08
2.7586387033e-09	3.63914374191e-08
2.76229733741e-09	9.25882588376e-08
2.76595597152e-09	1.3372397234e-07
2.76961460563e-09	1.46431403891e-07
2.77327323975e-09	1.26334612105e-07
2.77693187386e-09	7.9824111765e-08
2.78059050797e-09	2.1719060328e-08
2.78424914208e-09	-3.02854488154e-08
2.78790777619e-09	-6.22065243761e-08
2.7915664103e-09	-6.87735592919e-08
2.79522504442e-09	-5.48584679905e-08
2.79888367853e-09	-3.27965281599e-08
2.80254231264e-09	-1.67388982675e-08
2.80620094675e-09	-1.64051332519e-08
2.80985958086e-09	-3.28235927327e-08
2.81351821497e-09	-5.78378589466e-08
2.81717684909e-09	-7.75756063831e-08
2.8208354832e-09	-7.84595357572e-08
2.82449411731e-09	-5.3283446988e-08
2.82815275142e-09	-4.84125495248e-09
2.83181138553e-09	5.44260743141e-08
2.83547001964e-09	1.06722978899e-07
2.83912865376e-09	1.35484285124e-07
2.84278728787e-09	1.31670532255e-07
2.84644592198e-09	9.72505915797e-08
2.85010455609e-09	4.44414283152e-08
2.8537631902e-09	-9.02620023169e-09
2.85742182431e-09	-4.67357281764e-08
2.86108045843e-09	-5.97504836719e-08
2.86473909254e-09	-4.96328880217e-08
2.86839772665e-09	-2.713147218e-08
2.87205636076e-09	-7.13863368418e-09
2.87571499487e-09	-2.05656780494e-09
2.87937362898e-09	-1.63299951339e-08
2.8830322631e-09	-4.44045866743e-08
2.88669089721e-09	-7.29537106281e-08
2.89034953132e-09	-8.64752394136e-08
2.89400816543e-09	-7.39928722737e-08
2.89766679954e-09	-3.41127730508e-08
2.90132543366e-09	2.3684540551e-08
2.90498406777e-09	8.21604686507e-08
2.90864270188e-09	1.22692995319e-07
2.91230133599e-09	1.32387683038e-07
2.9159599701e-09	1.09046943919e-07
2.91961860421e-09	6.1940234275e-08
2.92327723833e-09	8.05155231376e-09
2.92693587244e-09	-3.46630493198e-08
2.93059450655e-09	-5.42335776288e-08
2.93425314066e-09	-4.90194409508e-08
2.93791177477e-09	-2.77283813688e-08
2.94157040888e-09	-5.18357623491e-09
2.945229043e-09	4.35006208832e-09
2.94888767711e-09	-6.48810027926e-09
2.95254631122e-09	-3.47628521524e-08
2.95620494533e-09	-6.82392169438e-08
2.95986357944e-09	-9.04176644667e-08
2.96352221355e-09	-8.75917720577e-08
2.96718084767e-09	-5.50047545289e-08
2.97083948178e-09	5.18161957785e-10
2.97449811589e-09	6.26801579529e-08
2.97815675e-09	1.117964743e-07
2.98181538411e-09	1.3237674068e-07
2.98547401822e-09	1.19081725813e-07
2.98913265234e-09	7.85954341609e-08
2.99279128645e-09	2.66941686533e-08
2.99644992056e-09	-1.82232611223e-08
3.00010855467e-09	-4.24470307792e-08
3.00376718878e-09	-4.21263024464e-08
3.00742582289e-09	-2.42465496569e-08
3.01108445701e-09	-3.07235303865e-09
3.01474309112e-09	6.42991881961e-09
3.01840172523e-09	-4.55753657036e-09
3.02206035934e-09	-3.44882344905e-08
3.02571899345e-09	-7.17245853821e-08
3.02937762756e-09	-9.92876039163e-08
3.03303626168e-09	-1.0213560131e-07
3.03669489579e-09	-7.38682643942e-08
3.0403535299e-09	-1.99446432703e-08
3.04401216401e-09	4.40223182352e-08
3.04767079812e-09	9.82034009667e-08
3.05132943223e-09	1.26228911768e-07
3.05498806635e-09	1.21406941389e-07
3.05864670046e-09	8.8960646849e-08
3.06230533457e-09	4.34547118289e-08
3.06596396868e-09	2.56543186694e-09
3.06962260279e-09	-2.02001757543e-08
3.0732812369e-09	-2.0828316849e-08
3.07693987102e-09	-5.9729581281e-09
3.08059850513e-09	1.05004893669e-08
3.08425713924e-09	1.41380809282e-08
3.08791577335e-09	-3.18154058654e-09
3.09157440746e-09	-3.90871370826e-08
3.09523304157e-09	-8.12280234186e-08
3.09889167569e-09	-1.12311283829e-07
3.1025503098e-09	-1.17496284702e-07
3.10620894391e-09	-9.09108450742e-08
3.10986757802e-09	-3.84528000552e-08
3.11352621213e-09	2.43074129713e-08
3.11718484625e-09	7.81932030236e-08
3.12084348036e-09	1.07874761568e-07
3.12450211447e-09	1.07620010681e-07
3.12816074858e-09	8.3021106434e-08
3.13181938269e-09	4.80587303286e-08
3.1354780168e-09	1.87865776269e-08
3.13913665092e-09	6.32150687352e-09
3.14279528503e-09	1.21478418436e-08
3.14645391914e-09	2.77992064923e-08
3.15011255325e-09	3.90944308037e-08
3.15377118736e-09	3.30660512304e-08
3.15742982147e-09	4.45148140571e-09
3.16108845559e-09	-4.12305993791e-08
3.1647470897e-09	-8.94672496088e-08
3.16840572381e-09	-1.22639718825e-07
3.17206435792e-09	-1.27416313944e-07
3.17572299203e-09	-1.00421821969e-07
3.17938162614e-09	-4.97636776231e-08
3.18304026026e-09	8.18199374919e-09
3.18669889437e-09	5.53307053508e-08
3.19035752848e-09	7.90322474131e-08
3.19401616259e-09	7.6822111339e-08
3.1976747967e-09	5.68034650428e-08
3.20133343081e-09	3.34992869e-08
3.20499206493e-09	2.09619503977e-08
3.20865069904e-09	2.61739057095e-08
3.21230933315e-09	4.5731294307e-08
3.21596796726e-09	6.73808031593e-08
3.21962660137e-09	7.57848468425e-08
3.22328523548e-09	5.99124660994e-08
3.2269438696e-09	1.86680750858e-08
3.23060250371e-09	-3.78331961315e-08
3.23426113782e-09	-9.19567213487e-08
3.23791977193e-09	-1.25604486811e-07
3.24157840604e-09	-1.27587071574e-07
3.24523704015e-09	-9.81804220146e-08
3.24889567427e-09	-4.89565579187e-08
3.25255430838e-09	2.03443262237e-09
3.25621294249e-09	3.7724184665e-08
3.2598715766e-09	4.8999126534e-08
3.26353021071e-09	3.81929368132e-08
3.26718884482e-09	1.75373813249e-08
3.27084747894e-09	3.17582227183e-09
3.27450611305e-09	7.36489003117e-09
3.27816474716e-09	3.23938671443e-08
3.28182338127e-09	6.90568100481e-08
3.28548201538e-09	1.00465911146e-07
3.28914064949e-09	1.095471589e-07
3.29279928361e-09	8.68780460905e-08
3.29645791772e-09	3.53710234435e-08
3.30011655183e-09	-3.02653724304e-08
3.30377518594e-09	-8.90942146725e-08
3.30743382005e-09	-1.22215681131e-07
3.31109245417e-09	-1.20291446137e-07
3.31475108828e-09	-8.71953247383e-08
3.31840972239e-09	-3.82329403692e-08
3.3220683565e-09	6.39438990646e-09
3.32572699061e-09	3.01767109079e-08
3.32938562472e-09	2.72663989165e-08
3.33304425884e-09	4.75676253942e-09
3.33670289295e-09	-2.08192272311e-08
3.34036152706e-09	-3.12789723012e-08
3.34402016117e-09	-1.54136738928e-08
3.34767879528e-09	2.54356216089e-08
3.35133742939e-09	7.73707640178e-08
3.35499606351e-09	1.19542946209e-07
3.35865469762e-09	1.32944904863e-07
3.36231333173e-09	1.08626494466e-07
3.36597196584e-09	5.18561797946e-08
3.36963059995e-09	-1.95374383338e-08
3.37328923406e-09	-8.19980385813e-08
3.37694786818e-09	-1.15502984954e-07
3.38060650229e-09	-1.11458959395e-07
3.3842651364e-09	-7.5940512545e-08
3.38792377051e-09	-2.68442974516e-08
3.39158240462e-09	1.39124196608e-08
3.39524103873e-09	2.98433917578e-08
3.39889967285e-09	1.69095049074e-08
3.40255830696e-09	-1.49795393867e-08
3.40621694107e-09	-4.66191529824e-08
3.40987557518e-09	-5.8254780555e-08
3.41353420929e-09	-3.85785874357e-08
3.4171928434e-09	9.90630688591e-09
3.42085147752e-09	7.14145755865e-08
3.42451011163e-09	1.23060374335e-07
3.42816874574e-09	1.4411348559e-07
3.43182737985e-09	1.24541671198e-07
3.43548601396e-09	6.93447148592e-08
3.43914464807e-09	-3.14322257111e-09
3.44280328219e-09	-6.83654235445e-08
3.4464619163e-09	-1.05222582647e-07
3.45012055041e-09	-1.04329927808e-07
3.45377918452e-09	-7.13967267529e-08
3.45743781863e-09	-2.43032172165e-08
3.46109645274e-09	1.48436924974e-08
3.46475508686e-09	2.92246014055e-08
3.46841372097e-09	1.43301708277e-08
3.47207235508e-09	-2.0434320902e-08
3.47573098919e-09	-5.60975514929e-08
3.4793896233e-09	-7.2473255841e-08
3.48304825741e-09	-5.69773312975e-08
3.48670689153e-09	-1.02868220608e-08
3.49036552564e-09	5.34414681397e-08
3.49402415975e-09	1.11898160071e-07
3.49768279386e-09	1.43373711126e-07
3.50134142797e-09	1.35434930826e-07
3.50500006209e-09	8.99852565794e-08
3.5086586962e-09	2.25999521319e-08
3.51231733031e-09	-4.36305285234e-08
3.51597596442e-09	-8.7204796273e-08
3.51963459853e-09	-9.64766329048e-08
3.52329323264e-09	-7.37043848176e-08
3.52695186676e-09	-3.33436460664e-08
3.53061050087e-09	4.51132331492e-09
3.53426913498e-09	2.26852918672e-08
3.53792776909e-09	1.39512899011e-08
3.5415864032e-09	-1.62288102956e-08
3.54524503731e-09	-5.22230756417e-08
3.54890367143e-09	-7.49040722781e-08
3.55256230554e-09	-6.97768669511e-08
3.55622093965e-09	-3.32995568897e-08
3.55987957376e-09	2.51774459059e-08
3.56353820787e-09	8.67015828021e-08
3.56719684198e-09	1.29970828766e-07
3.5708554761e-09	1.39621775475e-07
3.57451411021e-09	1.12178746292e-07
3.57817274432e-09	5.72708529489e-08
3.58183137843e-09	-6.28049612317e-09
3.58549001254e-09	-5.78035219689e-08
3.58914864665e-09	-8.2537027879e-08
3.59280728077e-09	-7.67857741835e-08
3.59646591488e-09	-4.86049103188e-08
3.60012454899e-09	-1.39370488483e-08
3.6037831831e-09	1.01652828377e-08
3.60744181721e-09	1.25542207741e-08
3.61110045132e-09	-7.49718420678e-09
3.61475908544e-09	-4.00520541177e-08
3.61841771955e-09	-6.86633683245e-08
3.62207635366e-09	-7.72802053461e-08
3.62573498777e-09	-5.71079006306e-08
3.62939362188e-09	-1.05971951214e-08
3.63305225599e-09	4.90827716249e-08
3.63671089011e-09	1.02866891893e-07
3.64036952422e-09	1.32943654307e-07
3.64402815833e-09	1.29390357984e-07
3.64768679244e-09	9.37579756055e-08
3.65134542655e-09	3.83325833297e-08
3.65500406066e-09	-1.85449202661e-08
3.65866269478e-09	-5.9285152787e-08
3.66232132889e-09	-7.34256886403e-08
3.665979963e-09	-6.11908177461e-08
3.66963859711e-09	-3.28799103499e-08
3.67329723122e-09	-4.31388036404e-09
3.67695586533e-09	9.87123183194e-09
3.68061449945e-09	2.37705033435e-09
3.68427313356e-09	-2.36846293689e-08
3.68793176767e-09	-5.60681847617e-08
3.69159040178e-09	-7.84839713219e-08
3.69524903589e-09	-7.73997186343e-08
3.69890767001e-09	-4.77973500779e-08
3.70256630412e-09	4.38956870852e-09
3.70622493823e-09	6.40882760194e-08
3.70988357234e-09	1.1245138154e-07
3.71354220645e-09	1.33751981934e-07
3.71720084056e-09	1.21228453054e-07
3.72085947468e-09	7.96443515583e-08
3.72451810879e-09	2.35235066981e-08
3.7281767429e-09	-2.83453189809e-08
3.73183537701e-09	-6.00383600613e-08
3.73549401112e-09	-6.44383391091e-08
3.73915264523e-09	-4.55896440599e-08
3.74281127935e-09	-1.65217208803e-08
3.74646991346e-09	6.51720721834e-09
3.75012854757e-09	1.10117177599e-08
3.75378718168e-09	-6.53877574308e-09
3.75744581579e-09	-3.91074692629e-08
3.7611044499e-09	-7.19548651773e-08
3.76476308402e-09	-8.86286528612e-08
3.76842171813e-09	-7.77851525413e-08
3.77208035224e-09	-3.81598930232e-08
3.77573898635e-09	2.03201864224e-08
3.77939762046e-09	7.98356722953e-08
3.78305625457e-09	1.21216359616e-07
3.78671488869e-09	1.31202398279e-07
3.7903735228e-09	1.07514551928e-07
3.79403215691e-09	5.96489897475e-08
3.79769079102e-09	5.04625763398e-09
3.80134942513e-09	-3.77947166896e-08
3.80500805924e-09	-5.64330520092e-08
3.80866669336e-09	-4.89761831091e-08
3.81232532747e-09	-2.42189930333e-08
3.81598396158e-09	2.49298137689e-09
3.81964259569e-09	1.59278332745e-08
3.8233012298e-09	7.46296091592e-09
3.82695986391e-09	-2.11754240809e-08
3.83061849803e-09	-5.84302277673e-08
3.83427713214e-09	-8.75368186826e-08
3.83793576625e-09	-9.34413293407e-08
3.84159440036e-09	-6.92317527751e-08
3.84525303447e-09	-1.9405760554e-08
3.84891166858e-09	4.14435845641e-08
3.8525703027e-09	9.40503070979e-08
3.85622893681e-09	1.21809193843e-07
3.85988757092e-09	1.17025592772e-07
3.86354620503e-09	8.35923970044e-08
3.86720483914e-09	3.51068223381e-08
3.87086347325e-09	-1.06889341822e-08
3.87452210737e-09	-3.88546297359e-08
3.87818074148e-09	-4.28333706282e-08
3.88183937559e-09	-2.65273527589e-08
3.8854980097e-09	-2.13632578294e-09
3.88915664381e-09	1.5321869995e-08
3.89281527793e-09	1.45710448152e-08
3.89647391204e-09	-6.97059077126e-09
3.90013254615e-09	-4.19077039737e-08
3.90379118026e-09	-7.58179865556e-08
3.90744981437e-09	-9.32179702318e-08
3.91110844848e-09	-8.40511731326e-08
3.9147670826e-09	-4.79943835785e-08
3.91842571671e-09	5.16841769382e-09
3.92208435082e-09	5.91890412238e-08
3.92574298493e-09	9.74749383431e-08
3.92940161904e-09	1.09213466715e-07
3.93306025315e-09	9.31357533318e-08
3.93671888727e-09	5.75445824325e-08
3.94037752138e-09	1.67113185512e-08
3.94403615549e-09	-1.48691654545e-08
3.9476947896e-09	-2.80807235242e-08
3.95135342371e-09	-2.24232898915e-08
3.95501205782e-09	-5.63430857525e-09
3.95867069194e-09	1.00891517363e-08
3.96232932605e-09	1.36314728394e-08
3.96598796016e-09	-9.39523459031e-11
3.96964659427e-09	-2.78617307004e-08
3.97330522838e-09	-5.94137858911e-08
3.97696386249e-09	-8.16743579435e-08
3.98062249661e-09	-8.41004990093e-08
3.98428113072e-09	-6.29763050597e-08
3.98793976483e-09	-2.29891661263e-08
3.99159839894e-09	2.44496902724e-08
3.99525703305e-09	6.54098712971e-08
3.99891566716e-09	8.85094948444e-08
4.00257430128e-09	8.88967690571e-08
4.00623293539e-09	6.96390713983e-08
4.0098915695e-09	4.00454531757e-08
4.01355020361e-09	1.16667333572e-08
4.01720883772e-09	-6.35042551878e-09
4.02086747183e-09	-1.06447490822e-08
4.02452610595e-09	-4.4295904722e-09
4.02818474006e-09	4.49931647495e-09
4.03184337417e-09	7.55993667667e-09
4.03550200828e-09	-6.90102863743e-10
4.03916064239e-09	-2.01146441725e-08
4.0428192765e-09	-4.49630235266e-08
4.04647791062e-09	-6.61449348627e-08
4.05013654473e-09	-7.48399315853e-08
4.05379517884e-09	-6.59994370267e-08
4.05745381295e-09	-4.03889863776e-08
4.06111244706e-09	-4.40915925992e-09
4.06477108117e-09	3.22129025676e-08
4.06842971529e-09	5.99268616952e-08
4.0720883494e-09	7.26634254988e-08
4.07574698351e-09	6.96487134633e-08
4.07940561762e-09	5.50915011388e-08
4.08306425173e-09	3.60113183717e-08
4.08672288584e-09	1.9226426673e-08
4.09038151996e-09	8.78178330055e-09
4.09404015407e-09	4.79873119019e-09
4.09769878818e-09	4.05565758754e-09
4.10135742229e-09	1.89259719008e-09
4.1050160564e-09	-5.43528200225e-09
4.10867469052e-09	-1.89249220739e-08
4.11233332463e-09	-3.6211048382e-08
4.11599195874e-09	-5.23724139612e-08
4.11965059285e-09	-6.18024955656e-08
4.12330922696e-09	-6.03870518034e-08
4.12696786107e-09	-4.71071501806e-08
4.13062649519e-09	-2.44437998731e-08
4.1342851293e-09	2.52953613611e-09
4.13794376341e-09	2.79279621651e-08
4.14160239752e-09	4.6938357201e-08
4.14526103163e-09	5.70794469468e-08
4.14891966574e-09	5.84569264106e-08
4.15257829986e-09	5.31034558549e-08
4.15623693397e-09	4.38271925418e-08
4.15989556808e-09	3.30937872661e-08
4.16355420219e-09	2.23405915989e-08
4.1672128363e-09	1.18799201587e-08
4.17087147041e-09	1.3068102156e-09
4.17453010453e-09	-9.8433208251e-09
4.17818873864e-09	-2.15021795924e-08
4.18184737275e-09	-3.28025784313e-08
4.18550600686e-09	-4.22355270757e-08
4.18916464097e-09	-4.8119947138e-08
4.19282327508e-09	-4.914059204e-08
4.1964819092e-09	-4.47009895765e-08
4.20014054331e-09	-3.49850672876e-08
4.20379917742e-09	-2.0809370227e-08
4.20745781153e-09	-3.4455780451e-09
4.21111644564e-09	1.54514907535e-08
4.21477507975e-09	3.38348513651e-08
4.21843371387e-09	4.93223559772e-08
4.22209234798e-09	5.94783813312e-08
4.22575098209e-09	6.23451867909e-08
4.2294096162e-09	5.70674600908e-08
4.23306825031e-09	4.43476722012e-08
4.23672688442e-09	2.64807749062e-08
4.24038551854e-09	6.86919321424e-09
4.24404415265e-09	-1.08898348117e-08
4.24770278676e-09	-2.40629827175e-08
4.25136142087e-09	-3.15983079702e-08
4.25502005498e-09	-3.43465416108e-08
4.25867868909e-09	-3.45175266148e-08
4.26233732321e-09	-3.45196369267e-08
4.26599595732e-09	-3.56424685322e-08
4.26965459143e-09	-3.72019925976e-08
4.27331322554e-09	-3.66311034838e-08
4.27697185965e-09	-3.05948901769e-08
4.28063049376e-09	-1.67168643372e-08
4.28428912788e-09	4.84793938327e-09
4.28794776199e-09	3.07589722581e-08
4.2916063961e-09	5.51614611766e-08
4.29526503021e-09	7.153101933e-08
4.29892366432e-09	7.50169206754e-08
4.30258229844e-09	6.43566266945e-08
4.30624093255e-09	4.25497397316e-08
4.30989956666e-09	1.59348783058e-08
4.31355820077e-09	-8.06070143966e-09
4.31721683488e-09	-2.36633681538e-08
4.32087546899e-09	-2.88750090505e-08
4.32453410311e-09	-2.60590695689e-08
4.32819273722e-09	-2.06680663695e-08
4.33185137133e-09	-1.8602191787e-08
4.33551000544e-09	-2.33213608425e-08
4.33916863955e-09	-3.40047847658e-08
4.34282727366e-09	-4.56388384862e-08
4.34648590778e-09	-5.1073804741e-08
4.35014454189e-09	-4.42262475531e-08
4.353803176e-09	-2.30568240056e-08
4.35746181011e-09	8.98343532896e-09
4.36112044422e-09	4.37417497778e-08
4.36477907833e-09	7.11681735766e-08
4.36843771245e-09	8.30637887361e-08
4.37209634656e-09	7.62649818853e-08
4.37575498067e-09	5.39243742992e-08
4.37941361478e-09	2.42921327498e-08
4.38307224889e-09	-2.56907339846e-09
4.386730883e-09	-1.88043500771e-08
4.39038951712e-09	-2.18280433728e-08
4.39404815123e-09	-1.5105161566e-08
4.39770678534e-09	-6.29693364118e-09
4.40136541945e-09	-3.56412188651e-09
4.40502405356e-09	-1.16468221734e-08
4.40868268767e-09	-2.94481576901e-08
4.41234132179e-09	-5.02145667269e-08
4.4159999559e-09	-6.4277926981e-08
4.41965859001e-09	-6.32245829024e-08
4.42331722412e-09	-4.37240181839e-08
4.42697585823e-09	-9.36534316764e-09
4.43063449234e-09	3.03394003254e-08
4.43429312646e-09	6.34498462659e-08
4.43795176057e-09	8.0183625073e-08
4.44161039468e-09	7.66972263477e-08
4.44526902879e-09	5.64588482632e-08
4.4489276629e-09	2.86171193409e-08
4.45258629701e-09	4.05290467853e-09
4.45624493113e-09	-9.18966591712e-09
4.45990356524e-09	-9.12314668255e-09
4.46356219935e-09	-3.10397929582e-10
4.46722083346e-09	8.5482652068e-09
4.47087946757e-09	8.84216166952e-09
4.47453810168e-09	-3.78248099508e-09
4.4781967358e-09	-2.71506799265e-08
4.48185536991e-09	-5.31885184785e-08
4.48551400402e-09	-7.12088592536e-08
4.48917263813e-09	-7.24588105072e-08
4.49283127224e-09	-5.39857509807e-08
4.49648990636e-09	-2.01463077332e-08
4.50014854047e-09	1.89218773983e-08
4.50380717458e-09	5.12501401317e-08
4.50746580869e-09	6.77435139096e-08
4.5111244428e-09	6.56347154404e-08
4.51478307691e-09	4.92311471589e-08
4.51844171103e-09	2.76679994471e-08
4.52210034514e-09	1.07092192891e-08
4.52575897925e-09	4.46266135157e-09
4.52941761336e-09	8.88803697308e-09
4.53307624747e-09	1.8151316894e-08
4.53673488158e-09	2.36058408376e-08
4.5403935157e-09	1.80376105163e-08
4.54405214981e-09	-7.32691685101e-10
4.54771078392e-09	-2.84876335854e-08
4.55136941803e-09	-5.61136772603e-08
4.55502805214e-09	-7.3325807648e-08
4.55868668625e-09	-7.30076976652e-08
4.56234532037e-09	-5.4281905193e-08
4.56600395448e-09	-2.29608669855e-08
4.56966258859e-09	1.08168052293e-08
4.5733212227e-09	3.67322314787e-08
4.57697985681e-09	4.83982169897e-08
4.58063849092e-09	4.56490738543e-08
4.58429712504e-09	3.40617916095e-08
4.58795575915e-09	2.19962537074e-08
4.59161439326e-09	1.65476734537e-08
4.59527302737e-09	2.02485566092e-08
4.59893166148e-09	2.99858875508e-08
4.60259029559e-09	3.85865277508e-08
4.60624892971e-09	3.83183547115e-08
4.60990756382e-09	2.47225599992e-08
4.61356619793e-09	-9.66667412783e-10
4.61722483204e-09	-3.19208552924e-08
4.62088346615e-09	-5.83315795666e-08
4.62454210026e-09	-7.14189027917e-08
4.62820073438e-09	-6.70707436257e-08
4.63185936849e-09	-4.75124153354e-08
4.6355180026e-09	-2.02619698797e-08
4.63917663671e-09	5.14245579453e-09
4.64283527082e-09	2.11771187253e-08
4.64649390493e-09	2.53281307039e-08
4.65015253905e-09	2.07385397744e-08
4.65381117316e-09	1.42830920424e-08
4.65746980727e-09	1.29932971049e-08
4.66112844138e-09	2.0495102504e-08
4.66478707549e-09	3.50856979026e-08
4.6684457096e-09	5.03313231093e-08
4.67210434372e-09	5.79357077868e-08
4.67576297783e-09	5.16019298402e-08
4.67942161194e-09	3.01576434936e-08
4.68308024605e-09	-1.49437218155e-09
4.68673888016e-09	-3.40805783594e-08
4.69039751428e-09	-5.76187275669e-08
4.69405614839e-09	-6.54539320522e-08
4.6977147825e-09	-5.68857636551e-08
4.70137341661e-09	-3.72364610257e-08
4.70503205072e-09	-1.53366421785e-08
4.70869068483e-09	4.25267820958e-10
4.71234931895e-09	5.71983349573e-09
4.71600795306e-09	1.95852289941e-09
4.71966658717e-09	-4.68729677294e-09
4.72332522128e-09	-6.45113473752e-09
4.72698385539e-09	2.11399786565e-09
4.7306424895e-09	2.12480451012e-08
4.73430112362e-09	4.54427890872e-08
4.73795975773e-09	6.55447109921e-08
4.74161839184e-09	7.26282607388e-08
4.74527702595e-09	6.19569675564e-08
4.74893566006e-09	3.52784148561e-08
4.75259429417e-09	3.92485155487e-10
4.75625292829e-09	-3.18698809565e-08
4.7599115624e-09	-5.19735650073e-08
4.76357019651e-09	-5.5438505342e-08
4.76722883062e-09	-4.44036487579e-08
4.77088746473e-09	-2.63449511095e-08
4.77454609884e-09	-1.0550663454e-08
4.77820473296e-09	-3.92666699156e-09
4.78186336707e-09	-7.98050336925e-09
4.78552200118e-09	-1.82879080768e-08
4.78918063529e-09	-2.66595687748e-08
4.7928392694e-09	-2.5047594221e-08
4.79649790351e-09	-9.47512823757e-09
4.80015653763e-09	1.77550738556e-08
4.80381517174e-09	4.85907420966e-08
4.80747380585e-09	7.23312467699e-08
4.81113243996e-09	8.00093147291e-08
4.81479107407e-09	6.81664573676e-08
4.81844970818e-09	4.03811206695e-08
4.8221083423e-09	5.87374238137e-09
4.82576697641e-09	-2.42136657391e-08
4.82942561052e-09	-4.12599447941e-08
4.83308424463e-09	-4.2440294834e-08
4.83674287874e-09	-3.14728154649e-08
4.84040151285e-09	-1.65901319349e-08
4.84406014697e-09	-6.66618227285e-09
4.84771878108e-09	-7.19186177278e-09
4.85137741519e-09	-1.78247390181e-08
4.8550360493e-09	-3.25568798587e-08
4.85869468341e-09	-4.24239985364e-08
4.86235331752e-09	-3.95930257469e-08
4.86601195164e-09	-2.10632506992e-08
4.86967058575e-09	9.64099378109e-09
4.87332921986e-09	4.35593179304e-08
4.87698785397e-09	6.97349449297e-08
4.88064648808e-09	7.95546952759e-08
4.88430512219e-09	7.01526303715e-08
4.88796375631e-09	4.54524418103e-08
4.89162239042e-09	1.44588510054e-08
4.89528102453e-09	-1.24380008515e-08
4.89893965864e-09	-2.75631748536e-08
4.90259829275e-09	-2.8780911876e-08
4.90625692687e-09	-1.99230676401e-08
4.90991556098e-09	-8.72257466256e-09
4.91357419509e-09	-3.17608561673e-09
4.9172328292e-09	-7.88349208136e-09
4.92089146331e-09	-2.19234372878e-08
4.92455009742e-09	-3.91643908415e-08
4.92820873154e-09	-5.08916677688e-08
4.93186736565e-09	-4.96286460816e-08
4.93552599976e-09	-3.25165459003e-08
4.93918463387e-09	-2.8020363807e-09
4.94284326798e-09	3.12030508098e-08
4.94650190209e-09	5.92404880706e-08
4.95016053621e-09	7.2997835332e-08
4.95381917032e-09	6.91825405852e-08
4.95747780443e-09	5.05730639588e-08
4.96113643854e-09	2.46965896622e-08
4.96479507265e-09	7.2862049727e-10
4.96845370676e-09	-1.41098599471e-08
4.97211234088e-09	-1.72183582947e-08
4.97577097499e-09	-1.13091882525e-08
4.9794296091e-09	-2.87920154385e-09
4.98308824321e-09	8.6862850246e-10
4.98674687732e-09	-4.64624072549e-09
4.99040551143e-09	-1.9220966152e-08
4.99406414555e-09	-3.77947202423e-08
4.99772277966e-09	-5.24845376049e-08
5.00138141377e-09	-5.58710198106e-08
5.00504004788e-09	-4.41487983949e-08
5.00869868199e-09	-1.8859759976e-08
5.0123573161e-09	1.34779476468e-08
5.01601595022e-09	4.36693028405e-08
5.01967458433e-09	6.3157472141e-08
5.02333321844e-09	6.70823254723e-08
5.02699185255e-09	5.59190809213e-08
5.03065048666e-09	3.5092082129e-08
5.03430912077e-09	1.27196910782e-08
5.03796775489e-09	-3.61704044494e-09
5.041626389e-09	-9.79441860949e-09
5.04528502311e-09	-6.57966703344e-09
5.04894365722e-09	1.00085006949e-09
5.05260229133e-09	6.06811756398e-09
5.05626092544e-09	3.04691205599e-09
5.05991955956e-09	-9.75140324044e-09
5.06357819367e-09	-2.9188134576e-08
5.06723682778e-09	-4.83698592291e-08
5.07089546189e-09	-5.93059148457e-08
5.074554096e-09	-5.61028876689e-08
5.07821273011e-09	-3.74593476238e-08
5.08187136423e-09	-7.47477102436e-09
5.08552999834e-09	2.55925023396e-08
5.08918863245e-09	5.22016563309e-08
5.09284726656e-09	6.49845333101e-08
5.09650590067e-09	6.14280111222e-08
5.10016453479e-09	4.4704023594e-08
5.1038231689e-09	2.22801084249e-08
5.10748180301e-09	2.85675971767e-09
5.11114043712e-09	-7.11882952587e-09
5.11479907123e-09	-5.94594906644e-09
5.11845770534e-09	2.83937673373e-09
5.12211633946e-09	1.21456578128e-08
5.12577497357e-09	1.44862708495e-08
5.12943360768e-09	5.34108757222e-09
5.13309224179e-09	-1.46377274746e-08
5.1367508759e-09	-3.94954859928e-08
5.14040951001e-09	-6.00599250333e-08
5.14406814413e-09	-6.74980284998e-08
5.14772677824e-09	-5.69699807329e-08
5.15138541235e-09	-2.98809013088e-08
5.15504404646e-09	6.27901819428e-09
5.15870268057e-09	4.05471318743e-08
5.16236131468e-09	6.25705069979e-08
5.1660199488e-09	6.65159376467e-08
5.16967858291e-09	5.32108472839e-08
5.17333721702e-09	2.96458786408e-08
5.17699585113e-09	6.03675420763e-09
5.18065448524e-09	-8.35398861199e-09
5.18431311935e-09	-8.9644682788e-09
5.18797175347e-09	2.2613129147e-09
5.19163038758e-09	1.77554877467e-08
5.19528902169e-09	2.75903619951e-08
5.1989476558e-09	2.3852130937e-08
5.20260628991e-09	4.32928315419e-09
5.20626492402e-09	-2.60659120954e-08
5.20992355814e-09	-5.68674280998e-08
5.21358219225e-09	-7.60858398507e-08
5.21724082636e-09	-7.50919895154e-08
5.22089946047e-09	-5.23201961755e-08
5.22455809458e-09	-1.42028380168e-08
5.22821672869e-09	2.71020539344e-08
5.23187536281e-09	5.83081316563e-08
5.23553399692e-09	7.00790536712e-08
5.23919263103e-09	6.05566086165e-08
5.24285126514e-09	3.59290268648e-08
5.24650989925e-09	7.7947808208e-09
5.25016853336e-09	-1.16495071367e-08
5.25382716748e-09	-1.46804222112e-08
5.25748580159e-09	-1.29867139265e-09
5.2611444357e-09	2.07386996465e-08
5.26480306981e-09	3.92111161318e-08
5.26846170392e-09	4.27509121437e-08
5.27212033803e-09	2.59575863026e-08
5.27577897215e-09	-7.88542653396e-09
5.27943760626e-09	-4.77159360912e-08
5.28309624037e-09	-7.8911952528e-08
5.28675487448e-09	-8.91168667749e-08
5.29041350859e-09	-7.32899394507e-08
5.29407214271e-09	-3.59139740169e-08
5.29773077682e-09	1.05523207949e-08
5.30138941093e-09	5.04025408077e-08
5.30504804504e-09	7.07415352963e-08
5.30870667915e-09	6.64751667045e-08
5.31236531326e-09	4.22048103133e-08
5.31602394738e-09	1.01997859048e-08
5.31968258149e-09	-1.47866803246e-08
5.3233412156e-09	-2.17583036033e-08
5.32699984971e-09	-8.15906542329e-09
5.33065848382e-09	1.90037319214e-08
5.33431711793e-09	4.61173925714e-08
5.33797575205e-09	5.87847992506e-08
5.34163438616e-09	4.80721631391e-08
5.34529302027e-09	1.45722571787e-08
5.34895165438e-09	-3.14174393168e-08
5.35261028849e-09	-7.37077385793e-08
5.3562689226e-09	-9.65210986692e-08
5.35992755672e-09	-9.07813131334e-08
5.36358619083e-09	-5.78652183947e-08
5.36724482494e-09	-9.25761067805e-09
5.37090345905e-09	3.78395270673e-08
5.37456209316e-09	6.72502267207e-08
5.37822072727e-09	7.02034768096e-08
5.38187936139e-09	4.87139111272e-08
5.3855379955e-09	1.45279486219e-08
5.38919662961e-09	-1.59506701181e-08
5.39285526372e-09	-2.86384871373e-08
5.39651389783e-09	-1.77325674144e-08
5.40017253194e-09	1.18273320027e-08
5.40383116606e-09	4.63972895659e-08
5.40748980017e-09	6.93216435366e-08
5.41114843428e-09	6.79518308289e-08
5.41480706839e-09	3.91404881839e-08
5.4184657025e-09	-9.04229580101e-09
5.42212433661e-09	-6.01375660381e-08
5.42578297073e-09	-9.56299928134e-08
5.42944160484e-09	-1.02288780113e-07
5.43310023895e-09	-7.75405339937e-08
5.43675887306e-09	-3.06144372075e-08
5.44041750717e-09	2.10827444391e-08
5.44407614128e-09	5.89221258451e-08
5.4477347754e-09	7.04782152638e-08
5.45139340951e-09	5.43530873642e-08
5.45505204362e-09	2.04371772838e-08
5.45871067773e-09	-1.44566767446e-08
5.46236931184e-09	-3.37397736416e-08
5.46602794595e-09	-2.80371708072e-08
5.46968658007e-09	8.30346014169e-10
5.47334521418e-09	4.04904660911e-08
5.47700384829e-09	7.30611731115e-08
5.4806624824e-09	8.25884640676e-08
5.48432111651e-09	6.18617548298e-08
5.48797975063e-09	1.57783102139e-08
5.49163838474e-09	-4.02299811242e-08
5.49529701885e-09	-8.6160973467e-08
5.49895565296e-09	-1.05392565786e-07
5.50261428707e-09	-9.13420095117e-08
5.50627292118e-09	-5.00615726651e-08
5.5099315553e-09	2.28758789689e-09
5.51359018941e-09	4.60115359147e-08
5.51724882352e-09	6.57833254536e-08
5.52090745763e-09	5.66430564675e-08
5.52456609174e-09	2.57039385332e-08
5.52822472585e-09	-1.10809432741e-08
5.53188335997e-09	-3.57429215114e-08
5.53554199408e-09	-3.59298084618e-08
5.53920062819e-09	-1.0216931301e-08
5.5428592623e-09	3.11302983391e-08
5.54651789641e-09	7.03180802475e-08
5.55017653052e-09	8.94438443311e-08
5.55383516464e-09	7.80888314011e-08
5.55749379875e-09	3.78872115903e-08
5.56115243286e-09	-1.78744059554e-08
5.56481106697e-09	-6.94764636933e-08
5.56846970108e-09	-9.86151391658e-08
5.57212833519e-09	-9.56404448971e-08
5.57578696931e-09	-6.32310843685e-08
5.57944560342e-09	-1.50779531083e-08
5.58310423753e-09	2.98152436073e-08
5.58676287164e-09	5.48573524384e-08
5.59042150575e-09	5.24754923958e-08
5.59408013986e-09	2.69368953809e-08
5.59773877398e-09	-7.75779707141e-09
5.60139740809e-09	-3.40189529879e-08
5.6050560422e-09	-3.82878049265e-08
5.60871467631e-09	-1.69167684305e-08
5.61237331042e-09	2.21873559525e-08
5.61603194453e-09	6.28458849405e-08
5.61969057865e-09	8.741274371e-08
5.62334921276e-09	8.41891747427e-08
5.62700784687e-09	5.23398924202e-08
5.63066648098e-09	2.30681385105e-09
5.63432511509e-09	-4.83793058947e-08
5.6379837492e-09	-8.20875953877e-08
5.64164238332e-09	-8.80064305875e-08
5.64530101743e-09	-6.62001795604e-08
5.64895965154e-09	-2.72218478869e-08
5.65261828565e-09	1.24915189303e-08
5.65627691976e-09	3.75011239839e-08
5.65993555387e-09	3.96518444745e-08
5.66359418799e-09	2.11575965636e-08
5.6672528221e-09	-6.77282763206e-09
5.67091145621e-09	-2.90974639938e-08
5.67457009032e-09	-3.36206227303e-08
5.67822872443e-09	-1.62993600838e-08
5.68188735855e-09	1.70502278962e-08
5.68554599266e-09	5.32662909336e-08
5.68920462677e-09	7.74057014041e-08
5.69286326088e-09	7.89493839193e-08
5.69652189499e-09	5.60836959096e-08
5.7001805291e-09	1.63611204584e-08
5.70383916322e-09	-2.64307224995e-08
5.70749779733e-09	-5.78306256216e-08
5.71115643144e-09	-6.83793430767e-08
5.71481506555e-09	-5.70867513261e-08
