% time-domain voltage integration by openEMS v0.0.36-93-g7b9cd51 @Thu Sep 24 16:50:48 2026
% start-coordinates: (0.007,0,0.000185934) m -> [10,3,5]
% stop-coordinates: (0.007,0,0.0021) m -> [10,3,7]
% t/s	voltage
0	-0
3.6586341117e-12	-2.9565484283e-07
7.31726822339e-12	-2.54234656438e-07
1.09759023351e-11	9.45808373842e-08
1.46345364468e-11	1.32631197403e-06
1.82931705585e-11	4.1933965349e-06
2.19518046702e-11	9.50138792177e-06
2.56104387819e-11	1.73677399289e-05
2.92690728936e-11	2.60257302216e-05
3.29277070053e-11	3.04568434331e-05
3.6586341117e-11	2.15233194467e-05
4.02449752287e-11	-1.28541793174e-05
4.39036093404e-11	-8.32939422253e-05
4.75622434521e-11	-0.000191470568097
5.12208775638e-11	-0.000321726751281
5.48795116755e-11	-0.000436494716268
5.85381457872e-11	-0.000480973259982
6.21967798989e-11	-0.000399748390919
6.58554140106e-11	-0.000162106105563
6.95140481223e-11	0.000214008876355
7.31726822339e-11	0.000652847513265
7.68313163456e-11	0.00103604166361
8.04899504573e-11	0.00124087976292
8.4148584569e-11	0.00118782601203
8.78072186807e-11	0.000876057078131
9.14658527924e-11	0.00038931027666
9.51244869041e-11	-0.000132282322738
9.87831210158e-11	-0.000542675174074
1.02441755128e-10	-0.000740794814192
1.06100389239e-10	-0.000700987686287
1.09759023351e-10	-0.000473210478958
1.13417657463e-10	-0.00015692870511
1.17076291574e-10	0.000137601666211
1.20734925686e-10	0.00032497088614
1.24393559798e-10	0.000366168340406
1.28052193909e-10	0.000272375396889
1.31710828021e-10	9.33294641072e-05
1.35369462133e-10	-0.000103753572148
1.39028096245e-10	-0.000257277843048
1.42686730356e-10	-0.000329334099661
1.46345364468e-10	-0.000313626078423
1.5000399858e-10	-0.000231520116358
1.53662632691e-10	-0.000118963237583
1.57321266803e-10	-1.04100275848e-05
1.60979900915e-10	7.32725329726e-05
1.64638535026e-10	0.000128206777845
1.68297169138e-10	0.000162215603268
1.7195580325e-10	0.000185049517313
1.75614437361e-10	0.000200423974093
1.79273071473e-10	0.000203319836146
1.82931705585e-10	0.000184143507795
1.86590339697e-10	0.000136037760967
1.90248973808e-10	6.1018672568e-05
1.9390760792e-10	-2.85180881292e-05
1.97566242032e-10	-0.000113642692668
2.01224876143e-10	-0.000175892068
2.04883510255e-10	-0.000204073776331
2.08542144367e-10	-0.000197723422389
2.12200778478e-10	-0.000165767964063
2.1585941259e-10	-0.00012155562581
2.19518046702e-10	-7.68955069361e-05
2.23176680814e-10	-3.79854336643e-05
2.26835314925e-10	-5.06135251044e-06
2.30493949037e-10	2.46129509378e-05
2.34152583149e-10	5.26405979144e-05
2.3781121726e-10	7.68820063968e-05
2.41469851372e-10	9.19891090234e-05
2.45128485484e-10	9.27325609155e-05
2.48787119595e-10	7.79472438808e-05
2.52445753707e-10	5.26077042196e-05
2.56104387819e-10	2.65229105025e-05
2.59763021931e-10	9.99289477477e-06
2.63421656042e-10	8.6815771283e-06
2.67080290154e-10	2.04856780783e-05
2.70738924266e-10	3.61944548786e-05
2.74397558377e-10	4.39474670202e-05
2.78056192489e-10	3.53167160938e-05
2.81714826601e-10	9.84835446616e-06
2.85373460712e-10	-2.43342701651e-05
2.89032094824e-10	-5.43303376617e-05
2.92690728936e-10	-6.88107829774e-05
2.96349363047e-10	-6.35123969914e-05
3.00007997159e-10	-4.297980513e-05
3.03666631271e-10	-1.77544568487e-05
3.07325265383e-10	1.25975762444e-06
3.10983899494e-10	8.08226559457e-06
3.14642533606e-10	3.76989970619e-06
3.18301167718e-10	-5.44241345324e-06
3.21959801829e-10	-1.24900182072e-05
3.25618435941e-10	-1.36578738648e-05
3.29277070053e-10	-1.01829031109e-05
3.32935704164e-10	-6.5578478825e-06
3.36594338276e-10	-6.93674041941e-06
3.40252972388e-10	-1.19610469937e-05
3.439116065e-10	-1.79752141776e-05
3.47570240611e-10	-1.91629590063e-05
3.51228874723e-10	-1.11897819579e-05
3.54887508835e-10	5.86767617961e-06
3.58546142946e-10	2.7070375836e-05
3.62204777058e-10	4.5038661483e-05
3.6586341117e-10	5.37836372132e-05
3.69522045281e-10	5.16426312061e-05
3.73180679393e-10	4.17320511588e-05
3.76839313505e-10	2.97317551485e-05
3.80497947617e-10	2.05056601317e-05
3.84156581728e-10	1.57104764185e-05
3.8781521584e-10	1.36416047098e-05
3.91473849952e-10	1.11204720952e-05
3.95132484063e-10	6.03321529979e-06
3.98791118175e-10	-1.24478238206e-06
4.02449752287e-10	-8.3791784391e-06
4.06108386398e-10	-1.2999677665e-05
4.0976702051e-10	-1.4653517951e-05
4.13425654622e-10	-1.54152897949e-05
4.17084288734e-10	-1.86841780305e-05
4.20742922845e-10	-2.6912099429e-05
4.24401556957e-10	-3.96346931666e-05
4.28060191069e-10	-5.30624652129e-05
4.3171882518e-10	-6.16732772869e-05
4.35377459292e-10	-6.09737849118e-05
4.39036093404e-10	-4.9932258662e-05
4.42694727515e-10	-3.17148296745e-05
4.46353361627e-10	-1.22558589055e-05
4.50011995739e-10	2.53063652167e-06
4.5367062985e-10	9.35710113481e-06
4.57329263962e-10	8.67282710715e-06
4.60987898074e-10	3.79948721729e-06
4.64646532186e-10	-1.20024621708e-06
4.68305166297e-10	-3.60204390404e-06
4.71963800409e-10	-2.9789192979e-06
4.75622434521e-10	-7.45840516458e-07
4.79281068632e-10	1.12864226764e-06
4.82939702744e-10	1.3328170354e-06
4.86598336856e-10	-3.03832024429e-07
4.90256970967e-10	-3.1281055044e-06
4.93915605079e-10	-6.36421862055e-06
4.97574239191e-10	-9.68027677573e-06
5.01232873303e-10	-1.32913659172e-05
5.04891507414e-10	-1.75652201051e-05
5.08550141526e-10	-2.24892510232e-05
5.12208775638e-10	-2.73708581062e-05
5.15867409749e-10	-3.09628321702e-05
5.19526043861e-10	-3.19663722621e-05
5.23184677973e-10	-2.96036885175e-05
5.26843312084e-10	-2.3910469281e-05
5.30501946196e-10	-1.56316416451e-05
5.34160580308e-10	-5.80357317403e-06
5.3781921442e-10	4.63788364868e-06
5.41477848531e-10	1.49601078192e-05
5.45136482643e-10	2.44791390287e-05
5.48795116755e-10	3.23634617416e-05
5.52453750866e-10	3.76589805455e-05
5.56112384978e-10	3.96274572267e-05
5.5977101909e-10	3.81579393434e-05
5.63429653201e-10	3.39395178344e-05
5.67088287313e-10	2.82598807644e-05
5.70746921425e-10	2.24647501454e-05
5.74405555536e-10	1.73757985067e-05
5.78064189648e-10	1.30046953473e-05
5.8172282376e-10	8.66003244937e-06
5.85381457872e-10	3.37363024983e-06
5.89040091983e-10	-3.55330004709e-06
5.92698726095e-10	-1.21762456047e-05
5.96357360207e-10	-2.179596936e-05
6.00015994318e-10	-3.11006754146e-05
6.0367462843e-10	-3.85195098715e-05
6.07333262542e-10	-4.26305023211e-05
6.10991896653e-10	-4.24921049671e-05
6.14650530765e-10	-3.78597824238e-05
6.18309164877e-10	-2.92414645173e-05
6.21967798989e-10	-1.78305804184e-05
6.256264331e-10	-5.30993247594e-06
6.29285067212e-10	6.50401102575e-06
6.32943701324e-10	1.60845140726e-05
6.36602335435e-10	2.25799340114e-05
6.40260969547e-10	2.59930575339e-05
6.43919603659e-10	2.70195573648e-05
6.4757823777e-10	2.66055644715e-05
6.51236871882e-10	2.54361766565e-05
6.54895505994e-10	2.36101443534e-05
6.58554140106e-10	2.0705654606e-05
6.62212774217e-10	1.61781146062e-05
6.65871408329e-10	9.85652172858e-06
6.69530042441e-10	2.2335408687e-06
6.73188676552e-10	-5.62246532354e-06
6.76847310664e-10	-1.24766456793e-05
6.80505944776e-10	-1.74258236711e-05
6.84164578887e-10	-2.02207129405e-05
6.87823212999e-10	-2.12169759379e-05
6.91481847111e-10	-2.10175887787e-05
6.95140481223e-10	-2.00180631964e-05
6.98799115334e-10	-1.81318041541e-05
7.02457749446e-10	-1.48776369997e-05
7.06116383558e-10	-9.76488286142e-06
7.09775017669e-10	-2.74058672289e-06
7.13433651781e-10	5.54845672696e-06
7.17092285893e-10	1.38425967862e-05
7.20750920004e-10	2.06714569231e-05
7.24409554116e-10	2.48345702403e-05
7.28068188228e-10	2.57407475601e-05
7.31726822339e-10	2.34787680711e-05
7.35385456451e-10	1.86542722531e-05
7.39044090563e-10	1.21460229821e-05
7.42702724675e-10	4.90338453574e-06
7.46361358786e-10	-2.1821176972e-06
7.50019992898e-10	-8.33615752072e-06
7.5367862701e-10	-1.29790032588e-05
7.57337261121e-10	-1.58230271836e-05
7.60995895233e-10	-1.69330564859e-05
7.64654529345e-10	-1.67039831922e-05
7.68313163456e-10	-1.56998571583e-05
7.71971797568e-10	-1.43776306913e-05
7.7563043168e-10	-1.28583886863e-05
7.79289065792e-10	-1.08592280412e-05
7.82947699903e-10	-7.85533160297e-06
7.86606334015e-10	-3.43970864947e-06
7.90264968127e-10	2.32504081055e-06
7.93923602238e-10	8.74250326888e-06
7.9758223635e-10	1.4628645431e-05
8.01240870462e-10	1.87380296666e-05
8.04899504573e-10	2.02477008315e-05
8.08558138685e-10	1.90476146145e-05
8.12216772797e-10	1.57114606054e-05
8.15875406909e-10	1.11609006126e-05
8.1953404102e-10	6.24031463303e-06
8.23192675132e-10	1.42065358943e-06
8.26851309244e-10	-3.23386450418e-06
8.30509943355e-10	-7.84713807889e-06
8.34168577467e-10	-1.24259674976e-05
8.37827211579e-10	-1.66673598869e-05
8.4148584569e-10	-1.99654725748e-05
8.45144479802e-10	-2.16190667288e-05
8.48803113914e-10	-2.11203418985e-05
8.52461748025e-10	-1.8377612605e-05
8.56120382137e-10	-1.37857002755e-05
8.59779016249e-10	-8.11850452465e-06
8.63437650361e-10	-2.29828683018e-06
8.67096284472e-10	2.86178141096e-06
8.70754918584e-10	6.84701058162e-06
8.74413552696e-10	9.51276967953e-06
8.78072186807e-10	1.10290276325e-05
8.81730820919e-10	1.17552757501e-05
8.85389455031e-10	1.20755282751e-05
8.89048089142e-10	1.22470111137e-05
8.92706723254e-10	1.23025909033e-05
8.96365357366e-10	1.20257716389e-05
9.00023991478e-10	1.10154242066e-05
9.03682625589e-10	8.8557737854e-06
9.07341259701e-10	5.33634784006e-06
9.10999893813e-10	6.54166854019e-07
9.14658527924e-10	-4.52266067441e-06
9.18317162036e-10	-9.20928437154e-06
9.21975796148e-10	-1.24268069612e-05
9.25634430259e-10	-1.35672062243e-05
9.29293064371e-10	-1.2633572851e-05
9.32951698483e-10	-1.02189341078e-05
9.36610332595e-10	-7.24712327838e-06
9.40268966706e-10	-4.59685975329e-06
9.43927600818e-10	-2.76899712048e-06
9.4758623493e-10	-1.76282372877e-06
9.51244869041e-10	-1.17304595904e-06
9.54903503153e-10	-4.45465175858e-07
9.58562137265e-10	8.2322065964e-07
9.62220771376e-10	2.68575865903e-06
9.65879405488e-10	4.81921495066e-06
9.695380396e-10	6.66338314659e-06
9.73196673712e-10	7.67871432572e-06
9.76855307823e-10	7.5866838074e-06
9.80513941935e-10	6.48358576427e-06
9.84172576047e-10	4.79134905618e-06
9.87831210158e-10	3.06874929379e-06
9.9148984427e-10	1.78005700491e-06
9.95148478382e-10	1.12473051672e-06
9.98807112493e-10	9.77654792678e-07
1.00246574661e-09	9.62833311746e-07
1.00612438072e-09	6.21088744879e-07
1.00978301483e-09	-4.01354583346e-07
1.01344164894e-09	-2.18792598616e-06
1.01710028305e-09	-4.4766035785e-06
1.02075891716e-09	-6.71556591669e-06
1.02441755128e-09	-8.2452602328e-06
1.02807618539e-09	-8.55236248753e-06
1.0317348195e-09	-7.49852603121e-06
1.03539345361e-09	-5.3994284599e-06
1.03905208772e-09	-2.91743572234e-06
1.04271072183e-09	-7.92759621504e-07
1.04636935595e-09	4.71042071126e-07
1.05002799006e-09	8.19896484927e-07
1.05368662417e-09	6.62239870053e-07
1.05734525828e-09	6.72572930682e-07
1.06100389239e-09	1.46140412483e-06
1.0646625265e-09	3.27286252855e-06
1.06832116062e-09	5.83763801387e-06
1.07197979473e-09	8.44903456709e-06
1.07563842884e-09	1.02359002767e-05
1.07929706295e-09	1.05019905732e-05
1.08295569706e-09	8.99556221157e-06
1.08661433117e-09	6.00098707082e-06
1.09027296529e-09	2.21048230742e-06
1.0939315994e-09	-1.54616216719e-06
1.09759023351e-09	-4.59205284642e-06
1.10124886762e-09	-6.61075739572e-06
1.10490750173e-09	-7.67907607724e-06
1.10856613584e-09	-8.13920007658e-06
1.11222476996e-09	-8.37694267375e-06
1.11588340407e-09	-8.60446073148e-06
1.11954203818e-09	-8.75189027738e-06
1.12320067229e-09	-8.50698666e-06
1.1268593064e-09	-7.46718421851e-06
1.13051794051e-09	-5.34789302264e-06
1.13417657463e-09	-2.14559322842e-06
1.13783520874e-09	1.80546028616e-06
1.14149384285e-09	5.89377839333e-06
1.14515247696e-09	9.39898461638e-06
1.14881111107e-09	1.17055224109e-05
1.15246974518e-09	1.24835020188e-05
1.1561283793e-09	1.17793871368e-05
1.15978701341e-09	9.96893174943e-06
1.16344564752e-09	7.58201281315e-06
1.16710428163e-09	5.08153408418e-06
1.17076291574e-09	2.68670052606e-06
1.17442154985e-09	3.35783537864e-07
1.17808018397e-09	-2.19220783038e-06
1.18173881808e-09	-5.06791963062e-06
1.18539745219e-09	-8.22424124181e-06
1.1890560863e-09	-1.12818045181e-05
1.19271472041e-09	-1.36363589718e-05
1.19637335453e-09	-1.46591875136e-05
1.20003198864e-09	-1.39313683576e-05
1.20369062275e-09	-1.14134298883e-05
1.20734925686e-09	-7.47778528876e-06
1.21100789097e-09	-2.79920041635e-06
1.21466652508e-09	1.8530110566e-06
1.2183251592e-09	5.84690184269e-06
1.22198379331e-09	8.83998086465e-06
1.22564242742e-09	1.0797069649e-05
1.22930106153e-09	1.18824342508e-05
1.23295969564e-09	1.2282999478e-05
1.23661832975e-09	1.20696520298e-05
1.24027696387e-09	1.11612217779e-05
1.24393559798e-09	9.39790504617e-06
1.24759423209e-09	6.67966764922e-06
1.2512528662e-09	3.08757444145e-06
1.25491150031e-09	-1.0736419398e-06
1.25857013442e-09	-5.31706263018e-06
1.26222876854e-09	-9.09138805127e-06
1.26588740265e-09	-1.19159958558e-05
1.26954603676e-09	-1.34858124738e-05
1.27320467087e-09	-1.37217102747e-05
1.27686330498e-09	-1.27489561237e-05
1.28052193909e-09	-1.08167057533e-05
1.28418057321e-09	-8.20038070515e-06
1.28783920732e-09	-5.12038945999e-06
1.29149784143e-09	-1.72227503015e-06
1.29515647554e-09	1.87419622932e-06
1.29881510965e-09	5.49753730184e-06
1.30247374376e-09	8.86207965323e-06
1.30613237788e-09	1.15718704592e-05
1.30979101199e-09	1.32071094185e-05
1.3134496461e-09	1.34569004331e-05
1.31710828021e-09	1.22399999327e-05
1.32076691432e-09	9.75548857696e-06
1.32442554843e-09	6.42894445946e-06
1.32808418255e-09	2.78538848875e-06
1.33174281666e-09	-7.03979708305e-07
1.33540145077e-09	-3.73930330966e-06
1.33906008488e-09	-6.22278957962e-06
1.34271871899e-09	-8.19961519483e-06
1.3463773531e-09	-9.74216197847e-06
1.35003598722e-09	-1.08272879515e-05
1.35369462133e-09	-1.12813808073e-05
1.35735325544e-09	-1.08287307512e-05
1.36101188955e-09	-9.2288032647e-06
1.36467052366e-09	-6.44718852527e-06
1.36832915777e-09	-2.76406271382e-06
1.37198779189e-09	1.24778262034e-06
1.375646426e-09	4.87996942411e-06
1.37930506011e-09	7.52408925564e-06
1.38296369422e-09	8.87536430128e-06
1.38662232833e-09	9.00563873074e-06
1.39028096245e-09	8.28686665955e-06
1.39393959656e-09	7.19581373687e-06
1.39759823067e-09	6.09518815509e-06
1.40125686478e-09	5.09001517912e-06
1.40491549889e-09	4.01252358984e-06
1.408574133e-09	2.54500548635e-06
1.41223276712e-09	4.30040742572e-07
1.41589140123e-09	-2.33238279179e-06
1.41955003534e-09	-5.38506844805e-06
1.42320866945e-09	-8.07585956863e-06
1.42686730356e-09	-9.67765811311e-06
1.43052593767e-09	-9.67639380178e-06
1.43418457179e-09	-8.00540453838e-06
1.4378432059e-09	-5.11333450959e-06
1.44150184001e-09	-1.81770596441e-06
1.44516047412e-09	9.94788123876e-07
1.44881910823e-09	2.69865626024e-06
1.45247774234e-09	3.15257307193e-06
1.45613637646e-09	2.71521150808e-06
1.45979501057e-09	2.05643721074e-06
1.46345364468e-09	1.8402459574e-06
1.46711227879e-09	2.41070884499e-06
1.4707709129e-09	3.62111060781e-06
1.47442954701e-09	4.88275128419e-06
1.47808818113e-09	5.41981830793e-06
1.48174681524e-09	4.63397543626e-06
1.48540544935e-09	2.41577035354e-06
1.48906408346e-09	-7.41279777117e-07
1.49272271757e-09	-3.88919997363e-06
1.49638135168e-09	-5.99165184667e-06
1.5000399858e-09	-6.35057807585e-06
1.50369861991e-09	-4.90531516562e-06
1.50735725402e-09	-2.27328467872e-06
1.51101588813e-09	4.9802299884e-07
1.51467452224e-09	2.36129520204e-06
1.51833315635e-09	2.69560891297e-06
1.52199179047e-09	1.55320711315e-06
1.52565042458e-09	-3.82611375471e-07
1.52930905869e-09	-2.10769704267e-06
1.5329676928e-09	-2.7392707409e-06
1.53662632691e-09	-1.90946057899e-06
1.54028496102e-09	6.07723062984e-08
1.54394359514e-09	2.28985251738e-06
1.54760222925e-09	3.71115126541e-06
1.55126086336e-09	3.54839474426e-06
1.55491949747e-09	1.6848810418e-06
1.55857813158e-09	-1.24573205085e-06
1.56223676569e-09	-4.09241360444e-06
1.56589539981e-09	-5.65538232422e-06
1.56955403392e-09	-5.19480482808e-06
1.57321266803e-09	-2.75405332673e-06
1.57687130214e-09	8.3728477307e-07
1.58052993625e-09	4.28724575841e-06
1.58418857036e-09	6.35812187966e-06
1.58784720448e-09	6.35705396235e-06
1.59150583859e-09	4.40432114601e-06
1.5951644727e-09	1.37230783537e-06
1.59882310681e-09	-1.48601083083e-06
1.60248174092e-09	-3.0638507269e-06
1.60614037504e-09	-2.86807272687e-06
1.60979900915e-09	-1.22986996587e-06
1.61345764326e-09	8.4392205224e-07
1.61711627737e-09	2.11885395629e-06
1.62077491148e-09	1.69269144124e-06
1.62443354559e-09	-5.76425158272e-07
1.62809217971e-09	-3.96881026177e-06
1.63175081382e-09	-7.17620918067e-06
1.63540944793e-09	-8.83246877947e-06
1.63906808204e-09	-8.08130420182e-06
1.64272671615e-09	-4.93913353239e-06
1.64638535026e-09	-3.07651646381e-07
1.65004398438e-09	4.3652226509e-06
1.65370261849e-09	7.64236352779e-06
1.6573612526e-09	8.64647267917e-06
1.66101988671e-09	7.37942019668e-06
1.66467852082e-09	4.6870601409e-06
1.66833715493e-09	1.87535489715e-06
1.67199578905e-09	1.40671266635e-07
1.67565442316e-09	5.85189070534e-08
1.67931305727e-09	1.34499607896e-06
1.68297169138e-09	2.99797980574e-06
1.68663032549e-09	3.75714085976e-06
1.6902889596e-09	2.67912940899e-06
1.69394759372e-09	-4.1533905204e-07
1.69760622783e-09	-4.81266960151e-06
1.70126486194e-09	-9.15243902e-06
1.70492349605e-09	-1.1941344269e-05
1.70858213016e-09	-1.21340640362e-05
1.71224076427e-09	-9.54818085575e-06
1.71589939839e-09	-4.9433385243e-06
1.7195580325e-09	2.63871882566e-07
1.72321666661e-09	4.53996085525e-06
1.72687530072e-09	6.81608827335e-06
1.73053393483e-09	6.86938949457e-06
1.73419256894e-09	5.35327950502e-06
1.73785120306e-09	3.4659284438e-06
1.74150983717e-09	2.39835023308e-06
1.74516847128e-09	2.80220490367e-06
1.74882710539e-09	4.5016323611e-06
1.7524857395e-09	6.56783322484e-06
1.75614437361e-09	7.72413744698e-06
1.75980300773e-09	6.90559858185e-06
1.76346164184e-09	3.74124991254e-06
1.76712027595e-09	-1.23620269221e-06
1.77077891006e-09	-6.74388957123e-06
1.77443754417e-09	-1.12031144681e-05
1.77809617828e-09	-1.33191407485e-05
1.7817548124e-09	-1.25605878338e-05
1.78541344651e-09	-9.34486638471e-06
1.78907208062e-09	-4.85714275555e-06
1.79273071473e-09	-5.77398949986e-07
1.79638934884e-09	2.29664658491e-06
1.80004798296e-09	3.28991583842e-06
1.80370661707e-09	2.77656343428e-06
1.80736525118e-09	1.75140066005e-06
1.81102388529e-09	1.34870518309e-06
1.8146825194e-09	2.31716524013e-06
1.81834115351e-09	4.67169320473e-06
1.82199978763e-09	7.65777303968e-06
1.82565842174e-09	1.00431324199e-05
1.82931705585e-09	1.06175422161e-05
1.83297568996e-09	8.69956659244e-06
1.83663432407e-09	4.45295961526e-06
1.84029295818e-09	-1.12145455944e-06
1.8439515923e-09	-6.52433271853e-06
1.84761022641e-09	-1.02962308119e-05
1.85126886052e-09	-1.15469567845e-05
1.85492749463e-09	-1.02626484022e-05
1.85858612874e-09	-7.26411866481e-06
1.86224476285e-09	-3.84365620221e-06
1.86590339697e-09	-1.23271392738e-06
1.86956203108e-09	-1.21266344522e-07
1.87322066519e-09	-4.22893776886e-07
1.8768792993e-09	-1.36683519258e-06
1.88053793341e-09	-1.86979478656e-06
1.88419656752e-09	-1.03454592448e-06
1.88785520164e-09	1.43067899216e-06
1.89151383575e-09	5.03919147832e-06
1.89517246986e-09	8.67481594469e-06
1.89883110397e-09	1.10126210302e-05
1.90248973808e-09	1.10452285753e-05
1.90614837219e-09	8.50305900713e-06
1.90980700631e-09	3.99257524464e-06
1.91346564042e-09	-1.21091841265e-06
1.91712427453e-09	-5.63123796837e-06
1.92078290864e-09	-8.13089201301e-06
1.92444154275e-09	-8.30839076116e-06
1.92810017686e-09	-6.59712884499e-06
1.93175881098e-09	-4.04142102184e-06
1.93541744509e-09	-1.84740649445e-06
1.9390760792e-09	-8.8890640626e-07
1.94273471331e-09	-1.36579660648e-06
1.94639334742e-09	-2.74635510777e-06
1.95005198153e-09	-4.01366779101e-06
1.95371061565e-09	-4.12111705828e-06
1.95736924976e-09	-2.46816287586e-06
1.96102788387e-09	8.0182245199e-07
1.96468651798e-09	4.80895073451e-06
1.96834515209e-09	8.25675635951e-06
1.9720037862e-09	9.93529079096e-06
1.97566242032e-09	9.19905130559e-06
1.97932105443e-09	6.22760143187e-06
1.98297968854e-09	1.96264615226e-06
1.98663832265e-09	-2.24903084245e-06
1.99029695676e-09	-5.15875342444e-06
1.99395559088e-09	-6.07073212677e-06
1.99761422499e-09	-5.0712300208e-06
2.0012728591e-09	-2.94779960086e-06
2.00493149321e-09	-8.38044549312e-07
2.00859012732e-09	2.52464422701e-07
2.01224876143e-09	-1.310506903e-07
2.01590739555e-09	-1.71103633306e-06
2.01956602966e-09	-3.60658677323e-06
2.02322466377e-09	-4.72236047244e-06
2.02688329788e-09	-4.23451393772e-06
2.03054193199e-09	-1.96544390008e-06
2.0342005661e-09	1.5094464203e-06
2.03785920022e-09	5.06834959424e-06
2.04151783433e-09	7.47720599747e-06
2.04517646844e-09	7.86991591895e-06
2.04883510255e-09	6.08541347447e-06
2.05249373666e-09	2.73066001455e-06
2.05615237077e-09	-1.05311423226e-06
2.05981100489e-09	-4.02455142989e-06
2.063469639e-09	-5.30929895604e-06
2.06712827311e-09	-4.71787126344e-06
2.07078690722e-09	-2.78683890542e-06
2.07444554133e-09	-5.29068103106e-07
2.07810417544e-09	1.00493357991e-06
2.08176280956e-09	1.17242686315e-06
2.08542144367e-09	-3.39001715588e-10
2.08908007778e-09	-1.84710535223e-06
2.09273871189e-09	-3.36327124728e-06
2.096397346e-09	-3.64979783285e-06
2.10005598011e-09	-2.30774205079e-06
2.10371461423e-09	3.76961494908e-07
2.10737324834e-09	3.52784596203e-06
2.11103188245e-09	6.01365087505e-06
2.11469051656e-09	6.88879475774e-06
2.11834915067e-09	5.76530686658e-06
2.12200778478e-09	2.97241300018e-06
2.1256664189e-09	-5.65130321206e-07
2.12932505301e-09	-3.68387773619e-06
2.13298368712e-09	-5.4294228562e-06
2.13664232123e-09	-5.41437646007e-06
2.14030095534e-09	-3.93853832747e-06
2.14395958945e-09	-1.82411025662e-06
2.14761822357e-09	-4.56931505965e-08
2.15127685768e-09	6.85577170145e-07
2.15493549179e-09	2.08102408195e-07
2.1585941259e-09	-1.04709547344e-06
2.16225276001e-09	-2.26315557939e-06
2.16591139412e-09	-2.60326979173e-06
2.16957002824e-09	-1.58403771877e-06
2.17322866235e-09	6.96772410436e-07
2.17688729646e-09	3.56908341814e-06
2.18054593057e-09	6.03747548666e-06
2.18420456468e-09	7.17074436807e-06
2.1878631988e-09	6.47488150207e-06
2.19152183291e-09	4.09638900578e-06
2.19518046702e-09	7.68592279599e-07
2.19883910113e-09	-2.47715033197e-06
2.20249773524e-09	-4.71078431019e-06
2.20615636935e-09	-5.44743380715e-06
2.20981500347e-09	-4.79703044221e-06
2.21347363758e-09	-3.36560910341e-06
2.21713227169e-09	-1.96332810276e-06
2.2207909058e-09	-1.24579858607e-06
2.22444953991e-09	-1.43749379333e-06
2.22810817402e-09	-2.24951327255e-06
2.23176680814e-09	-3.02032179889e-06
2.23542544225e-09	-3.02022442611e-06
2.23908407636e-09	-1.79375220455e-06
2.24274271047e-09	6.07613131365e-07
2.24640134458e-09	3.60382361464e-06
2.25005997869e-09	6.29050958878e-06
2.25371861281e-09	7.78913482691e-06
2.25737724692e-09	7.59291970098e-06
2.26103588103e-09	5.76293462018e-06
2.26469451514e-09	2.8951616855e-06
2.26835314925e-09	-1.24652149935e-07
2.27201178336e-09	-2.4693360956e-06
2.27567041748e-09	-3.67423328385e-06
2.27932905159e-09	-3.77798465934e-06
2.2829876857e-09	-3.24855159306e-06
2.28664631981e-09	-2.73419328778e-06
2.29030495392e-09	-2.74970454939e-06
2.29396358803e-09	-3.42992726132e-06
2.29762222215e-09	-4.45717120101e-06
2.30128085626e-09	-5.19779968045e-06
2.30493949037e-09	-4.99104299934e-06
2.30859812448e-09	-3.46662622519e-06
2.31225675859e-09	-7.4887279311e-07
2.3159153927e-09	2.548618113e-06
2.31957402682e-09	5.53888514787e-06
2.32323266093e-09	7.3986126381e-06
2.32689129504e-09	7.68038552224e-06
2.33054992915e-09	6.46843602681e-06
2.33420856326e-09	4.31854221006e-06
2.33786719737e-09	2.01271417666e-06
2.34152583149e-09	2.35400664295e-07
2.3451844656e-09	-6.91217984183e-07
2.34884309971e-09	-9.06234724596e-07
2.35250173382e-09	-9.03523002194e-07
2.35616036793e-09	-1.26522208177e-06
2.35981900204e-09	-2.35362034573e-06
2.36347763616e-09	-4.09874894558e-06
2.36713627027e-09	-5.98404477614e-06
2.37079490438e-09	-7.24677096287e-06
2.37445353849e-09	-7.2078383937e-06
2.3781121726e-09	-5.58572509135e-06
2.38177080671e-09	-2.65303245328e-06
2.38542944083e-09	8.4036481951e-07
2.38908807494e-09	3.94408547777e-06
2.39274670905e-09	5.86739804476e-06
2.39640534316e-09	6.27249937679e-06
2.40006397727e-09	5.37852639582e-06
2.40372261139e-09	3.83583923735e-06
2.4073812455e-09	2.42667556449e-06
2.41103987961e-09	1.71609748634e-06
2.41469851372e-09	1.80475977629e-06
2.41835714783e-09	2.29469691249e-06
2.42201578194e-09	2.48680316872e-06
2.42567441606e-09	1.72994216996e-06
2.42933305017e-09	-2.34861861514e-07
2.43299168428e-09	-3.09567874979e-06
2.43665031839e-09	-6.04533801152e-06
2.4403089525e-09	-8.08776042049e-06
2.44396758661e-09	-8.44661076371e-06
2.44762622073e-09	-6.8975119234e-06
2.45128485484e-09	-3.88116896488e-06
2.45494348895e-09	-3.44472557146e-07
2.45860212306e-09	2.62626508629e-06
2.46226075717e-09	4.2290471356e-06
2.46591939128e-09	4.25170566132e-06
2.4695780254e-09	3.1307491497e-06
2.47323665951e-09	1.73441044637e-06
2.47689529362e-09	9.59955855251e-07
2.48055392773e-09	1.31648049262e-06
2.48421256184e-09	2.67799131848e-06
2.48787119595e-09	4.32375878745e-06
2.49152983007e-09	5.25454771605e-06
2.49518846418e-09	4.65241441816e-06
2.49884709829e-09	2.28088134691e-06
2.5025057324e-09	-1.35559837133e-06
2.50616436651e-09	-5.1694800618e-06
2.50982300062e-09	-7.90434194187e-06
2.51348163474e-09	-8.6363944547e-06
2.51714026885e-09	-7.15067824331e-06
2.52079890296e-09	-4.03525811521e-06
2.52445753707e-09	-4.49289323967e-07
2.52811617118e-09	2.34390336118e-06
2.53177480529e-09	3.48708064735e-06
2.53543343941e-09	2.86869013166e-06
2.53909207352e-09	1.14710574906e-06
2.54275070763e-09	-5.58138857798e-07
2.54640934174e-09	-1.17771429586e-06
2.55006797585e-09	-1.8515630984e-07
2.55372660996e-09	2.14491331008e-06
2.55738524408e-09	4.83252256345e-06
2.56104387819e-09	6.60547385678e-06
2.5647025123e-09	6.45357761186e-06
2.56836114641e-09	4.08676422126e-06
2.57201978052e-09	9.97358302612e-08
2.57567841463e-09	-4.23225128543e-06
2.57933704875e-09	-7.44428456301e-06
2.58299568286e-09	-8.46146224376e-06
2.58665431697e-09	-7.0280231057e-06
2.59031295108e-09	-3.80727249194e-06
2.59397158519e-09	-1.06341135009e-07
2.59763021931e-09	2.66337448807e-06
2.60128885342e-09	3.5671466776e-06
2.60494748753e-09	2.5221904707e-06
2.60860612164e-09	3.07838831759e-07
2.61226475575e-09	-1.79554407964e-06
2.61592338986e-09	-2.58233603745e-06
2.61958202398e-09	-1.46311484173e-06
2.62324065809e-09	1.26095892483e-06
2.6268992922e-09	4.5082878728e-06
2.63055792631e-09	6.86479660317e-06
2.63421656042e-09	7.18051239801e-06
2.63787519453e-09	5.06661092459e-06
2.64153382865e-09	1.08533090781e-06
2.64519246276e-09	-3.4498589514e-06
2.64885109687e-09	-6.98375055208e-06
2.65250973098e-09	-8.3339050434e-06
2.65616836509e-09	-7.15637168014e-06
2.6598269992e-09	-4.06798309882e-06
2.66348563332e-09	-3.74923295965e-07
2.66714426743e-09	2.47689081334e-06
2.67080290154e-09	3.49847019265e-06
2.67446153565e-09	2.54745259554e-06
2.67812016976e-09	3.52290548733e-07
2.68177880387e-09	-1.83123017905e-06
2.68543743799e-09	-2.7800892326e-06
2.6890960721e-09	-1.84186507113e-06
2.69275470621e-09	7.74823327276e-07
2.69641334032e-09	4.0738186442e-06
2.70007197443e-09	6.67815919542e-06
2.70373060854e-09	7.40079218531e-06
2.70738924266e-09	5.74365753891e-06
2.71104787677e-09	2.11956637486e-06
2.71470651088e-09	-2.29722715517e-06
2.71836514499e-09	-6.03009641509e-06
2.7220237791e-09	-7.87824194504e-06
2.72568241321e-09	-7.37540790396e-06
2.72934104733e-09	-4.9429442015e-06
2.73299968144e-09	-1.6809752168e-06
2.73665831555e-09	1.10408441856e-06
2.74031694966e-09	2.43482492124e-06
2.74397558377e-09	2.03989185366e-06
2.74763421788e-09	4.25197207221e-07
2.751292852e-09	-1.37885584195e-06
2.75495148611e-09	-2.28042551953e-06
2.75861012022e-09	-1.60558465723e-06
2.76226875433e-09	6.04386784175e-07
2.76592738844e-09	3.59650081805e-06
2.76958602255e-09	6.20820475206e-06
2.77324465667e-09	7.34071420538e-06
2.77690329078e-09	6.40776920591e-06
2.78056192489e-09	3.57664777084e-06
2.784220559e-09	-2.94586744332e-07
2.78787919311e-09	-3.99213371338e-06
2.79153782723e-09	-6.40996802304e-06
2.79519646134e-09	-6.95372500559e-06
2.79885509545e-09	-5.72853099357e-06
2.80251372956e-09	-3.4460721281e-06
2.80617236367e-09	-1.10426712752e-06
2.80983099778e-09	4.23836972629e-07
2.8134896319e-09	7.26866872469e-07
2.81714826601e-09	-1.26763755048e-08
2.82080690012e-09	-1.1343414883e-06
2.82446553423e-09	-1.80739245081e-06
2.82812416834e-09	-1.40195955112e-06
2.83178280245e-09	2.30999454232e-07
2.83544143657e-09	2.68325365482e-06
2.83910007068e-09	5.14312171163e-06
2.84275870479e-09	6.71295845223e-06
2.8464173389e-09	6.75852191989e-06
2.85007597301e-09	5.15013698532e-06
2.85373460712e-09	2.30719336969e-06
2.85739324124e-09	-9.62416621064e-07
2.86105187535e-09	-3.75745852921e-06
2.86471050946e-09	-5.39594304882e-06
2.86836914357e-09	-5.63089406569e-06
2.87202777768e-09	-4.69558619898e-06
2.87568641179e-09	-3.17136945682e-06
2.87934504591e-09	-1.73644964718e-06
2.88300368002e-09	-8.96067831491e-07
2.88666231413e-09	-7.98289789827e-07
2.89032094824e-09	-1.2042273454e-06
2.89397958235e-09	-1.61708011603e-06
2.89763821646e-09	-1.51255090941e-06
2.90129685058e-09	-5.73840345908e-07
2.90495548469e-09	1.16161054109e-06
2.9086141188e-09	3.29765015294e-06
2.91227275291e-09	5.21400312437e-06
2.91593138702e-09	6.28564680483e-06
2.91959002113e-09	6.10524733702e-06
2.92324865525e-09	4.63065487111e-06
2.92690728936e-09	2.20588313482e-06
2.93056592347e-09	-5.50749170714e-07
2.93422455758e-09	-2.95091641078e-06
2.93788319169e-09	-4.46146481181e-06
2.9415418258e-09	-4.86859818238e-06
2.94520045992e-09	-4.32174272191e-06
2.94885909403e-09	-3.24546184061e-06
2.95251772814e-09	-2.15638306145e-06
2.95617636225e-09	-1.45776469651e-06
2.95983499636e-09	-1.29149948691e-06
2.96349363047e-09	-1.49994926346e-06
2.96715226459e-09	-1.7079370167e-06
2.9708108987e-09	-1.49208145217e-06
2.97446953281e-09	-5.71793378867e-07
2.97812816692e-09	1.05013842244e-06
2.98178680103e-09	3.05275295887e-06
2.98544543515e-09	4.8871678473e-06
2.98910406926e-09	5.96354681193e-06
2.99276270337e-09	5.86749968079e-06
2.99642133748e-09	4.52374422366e-06
3.00007997159e-09	2.24020789119e-06
3.0037386057e-09	-3.88135234175e-07
3.00739723982e-09	-2.68091281441e-06
3.01105587393e-09	-4.10401463569e-06
3.01471450804e-09	-4.44349922191e-06
3.01837314215e-09	-3.85719667406e-06
3.02203177626e-09	-2.78746580307e-06
3.02569041037e-09	-1.77086134556e-06
3.02934904449e-09	-1.21901531713e-06
3.0330076786e-09	-1.2555392459e-06
3.03666631271e-09	-1.67352668257e-06
3.04032494682e-09	-2.03256529119e-06
3.04398358093e-09	-1.85764780269e-06
3.04764221504e-09	-8.61175259104e-07
3.05130084916e-09	9.04318596895e-07
3.05495948327e-09	3.03075003671e-06
3.05861811738e-09	4.88731313908e-06
3.06227675149e-09	5.85169573242e-06
3.0659353856e-09	5.54896041649e-06
3.06959401971e-09	4.0017609706e-06
3.07325265383e-09	1.63135798914e-06
3.07691128794e-09	-8.8994107017e-07
3.08056992205e-09	-2.87907045049e-06
3.08422855616e-09	-3.88183917721e-06
3.08788719027e-09	-3.82041164926e-06
3.09154582438e-09	-2.99389174074e-06
3.0952044585e-09	-1.93330335208e-06
3.09886309261e-09	-1.16994833377e-06
3.10252172672e-09	-1.01226440563e-06
3.10618036083e-09	-1.42134655334e-06
3.10983899494e-09	-2.03762986928e-06
3.11349762905e-09	-2.34748060279e-06
3.11715626317e-09	-1.91837894192e-06
3.12081489728e-09	-6.04037992957e-07
3.12447353139e-09	1.36674738371e-06
3.1281321655e-09	3.45619847053e-06
3.13179079961e-09	5.01157342114e-06
3.13544943372e-09	5.50894543494e-06
3.13910806784e-09	4.75245963116e-06
3.14276670195e-09	2.94988146265e-06
3.14642533606e-09	6.36957530276e-07
3.15008397017e-09	-1.51947175198e-06
3.15374260428e-09	-2.96221165286e-06
3.15740123839e-09	-3.43541140069e-06
3.16105987251e-09	-3.0523292196e-06
3.16471850662e-09	-2.21641718667e-06
3.16837714073e-09	-1.43140339048e-06
3.17203577484e-09	-1.08157961165e-06
3.17569440895e-09	-1.27313009557e-06
3.17935304307e-09	-1.80061421418e-06
3.18301167718e-09	-2.24824901807e-06
3.18667031129e-09	-2.18027702203e-06
3.1903289454e-09	-1.34032552523e-06
3.19398757951e-09	2.21813303725e-07
3.19764621362e-09	2.14703399593e-06
3.20130484774e-09	3.88812301821e-06
3.20496348185e-09	4.90707736844e-06
3.20862211596e-09	4.87320977527e-06
3.21228075007e-09	3.78354985742e-06
3.21593938418e-09	1.96124848628e-06
3.21959801829e-09	-6.62612915647e-08
3.22325665241e-09	-1.75938059499e-06
3.22691528652e-09	-2.75343157341e-06
3.23057392063e-09	-2.96771492003e-06
3.23423255474e-09	-2.60014715536e-06
3.23789118885e-09	-2.01514022535e-06
3.24154982296e-09	-1.57558443448e-06
3.24520845708e-09	-1.48876776507e-06
3.24886709119e-09	-1.72640709195e-06
3.2525257253e-09	-2.0476743714e-06
3.25618435941e-09	-2.11267354189e-06
3.25984299352e-09	-1.63793862384e-06
3.26350162763e-09	-5.31062937625e-07
3.26716026175e-09	1.04932540523e-06
3.27081889586e-09	2.73341913726e-06
3.27447752997e-09	4.06337082381e-06
3.27813616408e-09	4.65323512344e-06
3.28179479819e-09	4.32404340245e-06
3.2854534323e-09	3.16410140044e-06
3.28911206642e-09	1.49285361317e-06
3.29277070053e-09	-2.53345557866e-07
3.29642933464e-09	-1.67043512533e-06
3.30008796875e-09	-2.51364679116e-06
3.30374660286e-09	-2.7581676818e-06
3.30740523697e-09	-2.57449090668e-06
3.31106387109e-09	-2.23418075507e-06
3.3147225052e-09	-1.9848225179e-06
3.31838113931e-09	-1.94452252344e-06
3.32203977342e-09	-2.05706024303e-06
3.32569840753e-09	-2.12346827766e-06
3.32935704164e-09	-1.89554992858e-06
3.33301567576e-09	-1.19342479366e-06
3.33667430987e-09	3.68560293396e-10
3.34033294398e-09	1.5090702874e-06
3.34399157809e-09	3.00409382703e-06
3.3476502122e-09	4.10773384374e-06
3.35130884631e-09	4.51824132597e-06
3.35496748043e-09	4.11173712678e-06
3.35862611454e-09	2.98412967936e-06
3.36228474865e-09	1.41926666686e-06
3.36594338276e-09	-2.06300661887e-07
3.36960201687e-09	-1.54531713292e-06
3.37326065098e-09	-2.38568176769e-06
3.3769192851e-09	-2.70183221573e-06
3.38057791921e-09	-2.63469451056e-06
3.38423655332e-09	-2.41095747811e-06
3.38789518743e-09	-2.23635498742e-06
3.39155382154e-09	-2.20487166303e-06
3.39521245566e-09	-2.26066839559e-06
3.39887108977e-09	-2.22700640506e-06
3.40252972388e-09	-1.88868887108e-06
3.40618835799e-09	-1.09636395962e-06
3.4098469921e-09	1.4917559632e-07
3.41350562621e-09	1.66730526985e-06
3.41716426033e-09	3.13678151542e-06
3.42082289444e-09	4.1924222387e-06
3.42448152855e-09	4.54665615734e-06
3.42814016266e-09	4.09005022561e-06
3.43179879677e-09	2.93270596785e-06
3.43545743088e-09	1.36893939384e-06
3.439116065e-09	-2.21763082564e-07
3.44277469911e-09	-1.50082730954e-06
3.44643333322e-09	-2.2754135216e-06
3.45009196733e-09	-2.54432160318e-06
3.45375060144e-09	-2.4696779235e-06
3.45740923555e-09	-2.28909132716e-06
3.46106786967e-09	-2.20372118065e-06
3.46472650378e-09	-2.28690652193e-06
3.46838513789e-09	-2.44979645458e-06
3.472043772e-09	-2.47855189173e-06
3.47570240611e-09	-2.13086724443e-06
3.47936104022e-09	-1.25385378169e-06
3.48301967434e-09	1.24944305568e-07
3.48667830845e-09	1.77394352363e-06
3.49033694256e-09	3.31620603333e-06
3.49399557667e-09	4.35180754721e-06
3.49765421078e-09	4.59663823449e-06
3.50131284489e-09	3.98481373054e-06
3.50497147901e-09	2.69359640015e-06
3.50863011312e-09	1.08119957076e-06
3.51228874723e-09	-4.38635101574e-07
3.51594738134e-09	-1.53744237252e-06
3.51960601545e-09	-2.07726429835e-06
3.52326464956e-09	-2.13947350858e-06
3.52692328368e-09	-1.96784114337e-06
3.53058191779e-09	-1.84813421811e-06
3.5342405519e-09	-1.9719372375e-06
3.53789918601e-09	-2.34191622894e-06
3.54155782012e-09	-2.76101911822e-06
3.54521645423e-09	-2.9133013868e-06
3.54887508835e-09	-2.50574299798e-06
3.55253372246e-09	-1.41215579674e-06
3.55619235657e-09	2.43988523607e-07
3.55985099068e-09	2.10536413192e-06
3.56350962479e-09	3.69276762058e-06
3.5671682589e-09	4.57158796507e-06
3.57082689302e-09	4.50828315479e-06
3.57448552713e-09	3.5557087017e-06
3.57814416124e-09	2.03424893641e-06
3.58180279535e-09	4.1333665024e-07
3.58546142946e-09	-8.62008846525e-07
3.58912006358e-09	-1.53341564157e-06
3.59277869769e-09	-1.6145262407e-06
3.5964373318e-09	-1.36413363805e-06
3.60009596591e-09	-1.1551346546e-06
3.60375460002e-09	-1.29412352123e-06
3.60741323413e-09	-1.86928083679e-06
3.61107186825e-09	-2.69480673865e-06
3.61473050236e-09	-3.37919152571e-06
3.61838913647e-09	-3.49113466314e-06
3.62204777058e-09	-2.75345857403e-06
3.62570640469e-09	-1.18283736583e-06
3.6293650388e-09	8.84817680458e-07
3.63302367292e-09	2.89795752906e-06
3.63668230703e-09	4.2837231149e-06
3.64034094114e-09	4.65888825829e-06
3.64399957525e-09	3.97422704168e-06
3.64765820936e-09	2.53234773595e-06
3.65131684347e-09	8.67274252414e-07
3.65497547759e-09	-4.67878571442e-07
3.6586341117e-09	-1.12085159287e-06
3.66229274581e-09	-1.07391527138e-06
3.66595137992e-09	-6.32316115912e-07
3.66961001403e-09	-2.71072686076e-07
3.67326864814e-09	-4.06753365212e-07
3.67692728226e-09	-1.19296269929e-06
3.68058591637e-09	-2.43168224756e-06
3.68424455048e-09	-3.64042028878e-06
3.68790318459e-09	-4.24840487767e-06
3.6915618187e-09	-3.84131007536e-06
3.69522045281e-09	-2.35286879047e-06
3.69887908693e-09	-1.2132240812e-07
3.70253772104e-09	2.21740927486e-06
3.70619635515e-09	3.96187991214e-06
3.70985498926e-09	4.61262777662e-06
3.71351362337e-09	4.06519401963e-06
3.71717225748e-09	2.64570073227e-06
3.7208308916e-09	9.69631486214e-07
3.72448952571e-09	-3.18936692167e-07
3.72814815982e-09	-8.17223778427e-07
3.73180679393e-09	-5.25373600624e-07
3.73546542804e-09	1.70750064754e-07
3.73912406215e-09	6.8781815088e-07
3.74278269627e-09	5.2100270409e-07
3.74644133038e-09	-5.12273608422e-07
3.75009996449e-09	-2.1676363815e-06
3.7537585986e-09	-3.85438920603e-06
3.75741723271e-09	-4.87109991809e-06
3.76107586682e-09	-4.7001219059e-06
3.76473450094e-09	-3.23816936998e-06
3.76839313505e-09	-8.63842060994e-07
3.77205176916e-09	1.69242018444e-06
3.77571040327e-09	3.6282999929e-06
3.77936903738e-09	4.38514086909e-06
3.7830276715e-09	3.86503839422e-06
3.78668630561e-09	2.45603942517e-06
3.79034493972e-09	8.52364635762e-07
3.79400357383e-09	-2.5263725334e-07
3.79766220794e-09	-4.65822260765e-07
3.80132084205e-09	1.43485438642e-07
3.80497947617e-09	1.08758324302e-06
3.80863811028e-09	1.69063163469e-06
3.81229674439e-09	1.40342380917e-06
3.8159553785e-09	6.6739547222e-08
3.81961401261e-09	-1.99050914773e-06
3.82327264672e-09	-4.06413775522e-06
3.82693128084e-09	-5.35526095291e-06
3.83058991495e-09	-5.30270534682e-06
3.83424854906e-09	-3.8274839369e-06
3.83790718317e-09	-1.38170095454e-06
3.84156581728e-09	1.2244854446e-06
3.84522445139e-09	3.14701480875e-06
3.84888308551e-09	3.84615472626e-06
3.85254171962e-09	3.29329949977e-06
3.85620035373e-09	1.95728812002e-06
3.85985898784e-09	5.78990459132e-07
3.86351762195e-09	-1.65005021202e-07
3.86717625606e-09	3.81781646297e-08
3.87083489018e-09	1.00415913096e-06
3.87449352429e-09	2.14057635617e-06
3.8781521584e-09	2.71829580356e-06
3.88181079251e-09	2.20756612634e-06
3.88546942662e-09	5.33783989454e-07
3.88912806073e-09	-1.85964408672e-06
3.89278669485e-09	-4.17280784859e-06
3.89644532896e-09	-5.57048798555e-06
3.90010396307e-09	-5.5277522506e-06
3.90376259718e-09	-4.05140715998e-06
3.90742123129e-09	-1.6793087525e-06
3.9110798654e-09	7.43064418884e-07
3.91473849952e-09	2.41258300093e-06
3.91839713363e-09	2.89322514391e-06
3.92205576774e-09	2.27595896263e-06
3.92571440185e-09	1.10770028527e-06
3.92937303596e-09	1.25731022038e-07
3.93303167007e-09	-8.44096526009e-08
3.93669030419e-09	6.43187334504e-07
3.9403489383e-09	1.97686087233e-06
3.94400757241e-09	3.23319676454e-06
3.94766620652e-09	3.68282482555e-06
3.95132484063e-09	2.8849454452e-06
3.95498347474e-09	9.02940925585e-07
3.95864210886e-09	-1.69505419478e-06
3.96230074297e-09	-4.05447738672e-06
3.96595937708e-09	-5.38017656027e-06
3.96961801119e-09	-5.26073807805e-06
3.9732766453e-09	-3.83110054258e-06
3.97693527942e-09	-1.70385908405e-06
3.98059391353e-09	2.98242667895e-07
3.98425254764e-09	1.4913610471e-06
3.98791118175e-09	1.60867821819e-06
3.99156981586e-09	8.89864466558e-07
3.99522844997e-09	-5.36013669006e-08
3.99888708409e-09	-5.34326332513e-07
4.0025457182e-09	-1.15023061298e-07
4.00620435231e-09	1.17982345671e-06
4.00986298642e-09	2.85961382929e-06
4.01352162053e-09	4.1750375317e-06
4.01718025464e-09	4.44708746272e-06
4.02083888876e-09	3.37406066819e-06
4.02449752287e-09	1.18076768274e-06
4.02815615698e-09	-1.45636927584e-06
4.03181479109e-09	-3.67854650563e-06
4.0354734252e-09	-4.79150259025e-06
4.03913205931e-09	-4.54061006394e-06
4.04279069343e-09	-3.19817732475e-06
4.04644932754e-09	-1.42771197886e-06
4.05010796165e-09	1.33584290296e-08
4.05376659576e-09	6.0174284755e-07
4.05742522987e-09	2.64659377081e-07
4.06108386398e-09	-6.0655703038e-07
4.0647424981e-09	-1.35128188106e-06
4.06840113221e-09	-1.35522341793e-06
4.07205976632e-09	-3.46471086488e-07
4.07571840043e-09	1.45975465671e-06
4.07937703454e-09	3.43319302942e-06
4.08303566865e-09	4.78895384504e-06
4.08669430277e-09	4.92241616712e-06
4.09035293688e-09	3.67334911289e-06
4.09401157099e-09	1.40462779541e-06
4.0976702051e-09	-1.13848290084e-06
4.10132883921e-09	-3.12811786785e-06
4.10498747332e-09	-3.98443236804e-06
4.10864610744e-09	-3.59812821671e-06
4.11230474155e-09	-2.35209196831e-06
4.11596337566e-09	-9.35486276887e-07
4.11962200977e-09	-3.24211590907e-08
4.12328064388e-09	-1.93705940177e-08
4.12693927799e-09	-8.03566599927e-07
4.13059791211e-09	-1.87239947991e-06
4.13425654622e-09	-2.53229237046e-06
4.13791518033e-09	-2.23134279054e-06
4.14157381444e-09	-8.23907555514e-07
4.14523244855e-09	1.34087632375e-06
4.14889108266e-09	3.54578591555e-06
4.15254971678e-09	4.99337954807e-06
4.15620835089e-09	5.13241832323e-06
4.159866985e-09	3.88532598095e-06
4.16352561911e-09	1.68174379667e-06
4.16718425322e-09	-7.14089445353e-07
4.17084288734e-09	-2.50980122019e-06
4.17450152145e-09	-3.19820495065e-06
4.17816015556e-09	-2.74785261922e-06
4.18181878967e-09	-1.59172336112e-06
4.18547742378e-09	-4.20576370175e-07
4.18913605789e-09	1.29999344622e-07
4.19279469201e-09	-2.36148373745e-07
4.19645332612e-09	-1.34450027645e-06
4.20011196023e-09	-2.62760914893e-06
4.20377059434e-09	-3.37701777653e-06
4.20742922845e-09	-3.05942498358e-06
4.21108786256e-09	-1.56103872939e-06
4.21474649668e-09	7.44031190436e-07
4.21840513079e-09	3.12773372002e-06
4.2220637649e-09	4.78883043797e-06
4.22572239901e-09	5.16616159985e-06
4.22938103312e-09	4.15754203686e-06
4.23303966723e-09	2.15671150272e-06
4.23669830135e-09	-1.05983057885e-07
4.24035693546e-09	-1.85589144053e-06
4.24401556957e-09	-2.57983023744e-06
4.24767420368e-09	-2.21885605356e-06
4.25133283779e-09	-1.16887177626e-06
4.2549914719e-09	-9.05421204678e-08
4.25865010602e-09	3.88805091234e-07
4.26230874013e-09	-4.76415298323e-08
4.26596737424e-09	-1.26693186075e-06
4.26962600835e-09	-2.74066525208e-06
4.27328464246e-09	-3.76732867835e-06
4.27694327657e-09	-3.76817220626e-06
4.28060191069e-09	-2.53596383004e-06
4.2842605448e-09	-3.37368700087e-07
4.28791917891e-09	2.17219661636e-06
4.29157781302e-09	4.18944574676e-06
4.29523644713e-09	5.06644187226e-06
4.29889508124e-09	4.55752729067e-06
4.30255371536e-09	2.91048780809e-06
4.30621234947e-09	7.63157920858e-07
4.30987098358e-09	-1.11325012142e-06
4.31352961769e-09	-2.1186340291e-06
4.3171882518e-09	-2.05205094517e-06
4.32084688591e-09	-1.17072504224e-06
4.32450552003e-09	-6.0238798838e-08
4.32816415414e-09	6.2530089906e-07
4.33182278825e-09	4.44927501064e-07
4.33548142236e-09	-6.38712570833e-07
4.33914005647e-09	-2.23515363018e-06
4.34279869058e-09	-3.6763497917e-06
4.3464573247e-09	-4.28317855494e-06
4.35011595881e-09	-3.64569200428e-06
4.35377459292e-09	-1.80590124899e-06
4.35743322703e-09	7.33383004103e-07
4.36109186114e-09	3.18298518209e-06
4.36475049525e-09	4.76073324762e-06
4.36840912937e-09	4.98802768334e-06
4.37206776348e-09	3.8692987232e-06
4.37572639759e-09	1.88210684371e-06
4.3793850317e-09	-2.17222858367e-07
4.38304366581e-09	-1.69246730763e-06
4.38670229993e-09	-2.11038056364e-06
4.39036093404e-09	-1.49738410471e-06
4.39401956815e-09	-3.11742972769e-07
4.39767820226e-09	7.56130745572e-07
4.40133683637e-09	1.07634710389e-06
4.40499547048e-09	3.50329443677e-07
4.4086541046e-09	-1.2482705074e-06
4.41231273871e-09	-3.12384659651e-06
4.41597137282e-09	-4.4874896048e-06
4.41963000693e-09	-4.67654047043e-06
4.42328864104e-09	-3.43599592156e-06
4.42694727515e-09	-1.04452792726e-06
4.43060590927e-09	1.77178675642e-06
4.43426454338e-09	4.10680166851e-06
4.43792317749e-09	5.21623923078e-06
4.4415818116e-09	4.79817174437e-06
4.44524044571e-09	3.10220062261e-06
4.44889907982e-09	8.2515896338e-07
4.45255771394e-09	-1.16526547345e-06
4.45621634805e-09	-2.17074338593e-06
4.45987498216e-09	-1.93441597673e-06
4.46353361627e-09	-7.36441698734e-07
4.46719225038e-09	7.28600788591e-07
4.47085088449e-09	1.64727518381e-06
4.47450951861e-09	1.43805500841e-06
4.47816815272e-09	1.28801307397e-08
4.48182678683e-09	-2.1634941163e-06
4.48548542094e-09	-4.24609305583e-06
4.48914405505e-09	-5.34710335387e-06
4.49280268916e-09	-4.90089809091e-06
4.49646132328e-09	-2.90701242989e-06
4.50011995739e-09	4.91393858937e-08
4.5037785915e-09	3.00717948676e-06
4.50743722561e-09	4.99331696346e-06
4.51109585972e-09	5.39092741292e-06
4.51475449383e-09	4.17427577304e-06
4.51841312795e-09	1.91226679647e-06
4.52207176206e-09	-4.62502342202e-07
4.52573039617e-09	-2.03029891566e-06
4.52938903028e-09	-2.25530874332e-06
4.53304766439e-09	-1.19865198656e-06
4.5367062985e-09	5.15570306447e-07
4.54036493262e-09	1.97064777296e-06
4.54402356673e-09	2.35196318954e-06
4.54768220084e-09	1.30164072232e-06
4.55134083495e-09	-9.14358757598e-07
4.55499946906e-09	-3.49658211007e-06
4.55865810317e-09	-5.42516869473e-06
4.56231673729e-09	-5.86907299294e-06
4.5659753714e-09	-4.52771536175e-06
4.56963400551e-09	-1.76742783253e-06
4.57329263962e-09	1.50546941313e-06
4.57695127373e-09	4.18802096647e-06
4.58060990785e-09	5.4055440728e-06
4.58426854196e-09	4.84845878646e-06
4.58792717607e-09	2.88407017024e-06
4.59158581018e-09	3.95564647704e-07
4.59524444429e-09	-1.58525821803e-06
4.5989030784e-09	-2.30068300766e-06
4.60256171252e-09	-1.57124550526e-06
4.60622034663e-09	1.4253093461e-07
4.60987898074e-09	1.94426239375e-06
4.61353761485e-09	2.8850927265e-06
4.61719624896e-09	2.36906737427e-06
4.62085488307e-09	4.15192026537e-07
4.62451351719e-09	-2.3312337305e-06
4.6281721513e-09	-4.84471524942e-06
4.63183078541e-09	-6.12604787875e-06
4.63548941952e-09	-5.60636556202e-06
4.63914805363e-09	-3.38443365422e-06
4.64280668774e-09	-1.98349503933e-07
4.64646532186e-09	2.85883604079e-06
4.65012395597e-09	4.76522524195e-06
4.65378259008e-09	4.96417203522e-06
4.65744122419e-09	3.5673924117e-06
4.6610998583e-09	1.28767619856e-06
4.66475849241e-09	-8.66986482606e-07
4.66841712653e-09	-2.01056620597e-06
4.67207576064e-09	-1.73691748273e-06
4.67573439475e-09	-2.75901122393e-07
4.67939302886e-09	1.61311426439e-06
4.68305166297e-09	2.96609539419e-06
4.68671029708e-09	3.02470053271e-06
4.6903689312e-09	1.56402941798e-06
4.69402756531e-09	-9.97199819608e-07
4.69768619942e-09	-3.75147874365e-06
4.70134483353e-09	-5.66134048086e-06
4.70500346764e-09	-5.97453606588e-06
4.70866210175e-09	-4.52592098554e-06
4.71232073587e-09	-1.80382933479e-06
4.71597936998e-09	1.24347600661e-06
4.71963800409e-09	3.58028239589e-06
4.7232966382e-09	4.48215052984e-06
4.72695527231e-09	3.80309373327e-06
4.73061390642e-09	2.00847274812e-06
4.73427254054e-09	-3.5264003273e-08
4.73793117465e-09	-1.42601530229e-06
4.74158980876e-09	-1.59775899533e-06
4.74524844287e-09	-5.48358570995e-07
4.74890707698e-09	1.16937273731e-06
4.75256571109e-09	2.68897389333e-06
4.75622434521e-09	3.20246036267e-06
4.75988297932e-09	2.30822874414e-06
4.76354161343e-09	1.89273327678e-07
4.76720024754e-09	-2.45098388518e-06
4.77085888165e-09	-4.66604473104e-06
4.77451751577e-09	-5.64050515095e-06
4.77817614988e-09	-5.00971276551e-06
4.78183478399e-09	-2.99722432828e-06
4.7854934181e-09	-3.20581769131e-07
4.78915205221e-09	2.09331821566e-06
4.79281068632e-09	3.46823057384e-06
4.79646932044e-09	3.4709189265e-06
4.80012795455e-09	2.31976318332e-06
4.80378658866e-09	6.69568123612e-07
4.80744522277e-09	-6.77978746921e-07
4.81110385688e-09	-1.11640008527e-06
4.81476249099e-09	-4.85225513103e-07
4.81842112511e-09	8.73788692957e-07
4.82207975922e-09	2.27415310405e-06
4.82573839333e-09	2.98505128171e-06
4.82939702744e-09	2.54546446854e-06
4.83305566155e-09	9.61628487062e-07
4.83671429566e-09	-1.28902794927e-06
4.84037292978e-09	-3.44460133306e-06
4.84403156389e-09	-4.75676944234e-06
4.847690198e-09	-4.78007865468e-06
4.85134883211e-09	-3.53836591671e-06
4.85500746622e-09	-1.50487149142e-06
4.85866610033e-09	5.9410532316e-07
4.86232473445e-09	2.0696060119e-06
4.86598336856e-09	2.53503770864e-06
4.86964200267e-09	2.03755874395e-06
4.87330063678e-09	1.00498975542e-06
4.87695927089e-09	3.72552921846e-08
4.880617905e-09	-3.62589446468e-07
4.88427653912e-09	-1.41170275469e-09
4.88793517323e-09	9.33517611656e-07
4.89159380734e-09	1.9693451776e-06
4.89525244145e-09	2.55947003325e-06
4.89891107556e-09	2.31997856304e-06
4.90256970967e-09	1.19370470486e-06
4.90622834379e-09	-5.21658677144e-07
4.9098869779e-09	-2.28964847793e-06
4.91354561201e-09	-3.54466487806e-06
4.91720424612e-09	-3.9097095339e-06
4.92086288023e-09	-3.33327594149e-06
4.92452151434e-09	-2.09123803074e-06
4.92818014846e-09	-6.56939874943e-07
4.93183878257e-09	4.99541201293e-07
4.93549741668e-09	1.09530593306e-06
4.93915605079e-09	1.12354105397e-06
4.9428146849e-09	8.16941749804e-07
4.94647331901e-09	5.12501408423e-07
4.95013195313e-09	4.85065427824e-07
4.95379058724e-09	8.23396433702e-07
4.95744922135e-09	1.3989146197e-06
4.96110785546e-09	1.93250018299e-06
4.96476648957e-09	2.12399046973e-06
4.96842512369e-09	1.78723469446e-06
4.9720837578e-09	9.33504011869e-07
4.97574239191e-09	-2.30499832554e-07
4.97940102602e-09	-1.38639154557e-06
4.98305966013e-09	-2.23108992259e-06
4.98671829424e-09	-2.59104004385e-06
4.99037692836e-09	-2.4728093706e-06
4.99403556247e-09	-2.03187906322e-06
4.99769419658e-09	-1.48056190596e-06
5.00135283069e-09	-9.84412658056e-07
5.0050114648e-09	-5.97819756365e-07
5.00867009891e-09	-2.66709536234e-07
5.01232873303e-09	1.11388841262e-07
5.01598736714e-09	6.05918089036e-07
5.01964600125e-09	1.19498751872e-06
5.02330463536e-09	1.7589875938e-06
5.02696326947e-09	2.1279310829e-06
5.03062190358e-09	2.15895644828e-06
5.0342805377e-09	1.80699936436e-06
5.03793917181e-09	1.15383446087e-06
5.04159780592e-09	3.79600614053e-07
5.04525644003e-09	-3.11853462165e-07
5.04891507414e-09	-7.81261412897e-07
5.05257370825e-09	-1.0118651943e-06
5.05623234237e-09	-1.10573532197e-06
5.05989097648e-09	-1.21741933867e-06
5.06354961059e-09	-1.45711146615e-06
5.0672082447e-09	-1.812502191e-06
5.07086687881e-09	-2.134223962e-06
5.07452551292e-09	-2.19708400095e-06
5.07818414704e-09	-1.81084443795e-06
5.08184278115e-09	-9.28404439549e-07
5.08550141526e-09	3.01433914274e-07
5.08916004937e-09	1.5671928395e-06
5.09281868348e-09	2.50419091685e-06
5.09647731759e-09	2.8366179663e-06
5.10013595171e-09	2.49246568274e-06
5.10379458582e-09	1.63922724994e-06
5.10745321993e-09	6.1987570632e-07
5.11111185404e-09	-1.88686248848e-07
5.11477048815e-09	-5.36158779596e-07
5.11842912226e-09	-4.0802001422e-07
5.12208775638e-09	-3.01440898909e-08
5.12574639049e-09	2.37820328763e-07
5.1294050246e-09	7.65986651885e-08
5.13306365871e-09	-6.29128912522e-07
5.13672229282e-09	-1.71380696656e-06
5.14038092693e-09	-2.78079099303e-06
5.14403956105e-09	-3.36129338052e-06
5.14769819516e-09	-3.11682219944e-06
5.15135682927e-09	-1.99749484864e-06
5.15501546338e-09	-2.85792694399e-07
5.15867409749e-09	1.49757370593e-06
5.16233273161e-09	2.79054157204e-06
5.16599136572e-09	3.21039431128e-06
5.16964999983e-09	2.7057554064e-06
5.17330863394e-09	1.57340372198e-06
5.17696726805e-09	3.30356691336e-07
5.18062590216e-09	-5.07691758855e-07
5.18428453628e-09	-6.46924497971e-07
5.18794317039e-09	-1.39240382779e-07
5.1916018045e-09	6.46258861536e-07
5.19526043861e-09	1.19230722362e-06
5.19891907272e-09	1.07131877769e-06
5.20257770683e-09	1.47565218711e-07
5.20623634095e-09	-1.34463367374e-06
5.20989497506e-09	-2.88243410296e-06
5.21355360917e-09	-3.86345996617e-06
5.21721224328e-09	-3.85566835348e-06
5.22087087739e-09	-2.7823926132e-06
5.2245295115e-09	-9.64344771148e-07
5.22818814562e-09	1.00101436828e-06
5.23184677973e-09	2.47469313308e-06
5.23550541384e-09	3.02749290881e-06
5.23916404795e-09	2.60262754637e-06
5.24282268206e-09	1.52205413428e-06
5.24648131617e-09	3.35559967368e-07
5.25013995029e-09	-4.21841871656e-07
5.2537985844e-09	-4.5810237026e-07
5.25745721851e-09	1.57629257203e-07
5.26111585262e-09	1.03581169242e-06
5.26477448673e-09	1.64603682151e-06
5.26843312084e-09	1.55675907365e-06
5.27209175496e-09	6.31809363938e-07
5.27575038907e-09	-8.98817624773e-07
5.27940902318e-09	-2.52414503166e-06
5.28306765729e-09	-3.65700680049e-06
5.2867262914e-09	-3.87173130889e-06
5.29038492551e-09	-3.0756501701e-06
5.29404355963e-09	-1.54317118017e-06
5.29770219374e-09	1.99586784433e-07
5.30136082785e-09	1.58829197971e-06
5.30501946196e-09	2.24024313411e-06
5.30867809607e-09	2.09032492648e-06
5.31233673018e-09	1.38918910864e-06
5.3159953643e-09	5.72225417272e-07
5.31965399841e-09	6.01347007745e-08
5.32331263252e-09	7.80718085736e-08
5.32697126663e-09	5.67744294244e-07
5.33062990074e-09	1.22628694044e-06
5.33428853485e-09	1.64941499747e-06
5.33794716897e-09	1.51516988467e-06
5.34160580308e-09	7.29282746192e-07
5.34526443719e-09	-5.28713144377e-07
5.3489230713e-09	-1.8758898932e-06
5.35258170541e-09	-2.87945482569e-06
5.35624033952e-09	-3.2264873937e-06
5.35989897364e-09	-2.83887433739e-06
5.36355760775e-09	-1.88819221592e-06
5.36721624186e-09	-7.11489136052e-07
5.37087487597e-09	3.3040255687e-07
5.37453351008e-09	9.88903295251e-07
5.3781921442e-09	1.20404246218e-06
5.38185077831e-09	1.09547575278e-06
5.38550941242e-09	8.8173035806e-07
5.38916804653e-09	7.67933840962e-07
5.39282668064e-09	8.52915704286e-07
5.39648531475e-09	1.0925564311e-06
5.40014394887e-09	1.33083513276e-06
5.40380258298e-09	1.37980569548e-06
5.40746121709e-09	1.11040237982e-06
5.4111198512e-09	5.12569947375e-07
5.41477848531e-09	-2.99161158068e-07
5.41843711942e-09	-1.13307746119e-06
5.42209575354e-09	-1.79560868219e-06
5.42575438765e-09	-2.1584835963e-06
5.42941302176e-09	-2.18981870148e-06
5.43307165587e-09	-1.94228827866e-06
5.43673028998e-09	-1.51226669232e-06
5.44038892409e-09	-9.93585977938e-07
5.44404755821e-09	-4.49647806988e-07
5.44770619232e-09	8.81612916004e-08
5.45136482643e-09	6.02190382892e-07
5.45502346054e-09	1.06585787307e-06
5.45868209465e-09	1.4319158339e-06
5.46234072876e-09	1.64104035605e-06
5.46599936288e-09	1.64598728247e-06
5.46965799699e-09	1.43856603074e-06
5.4733166311e-09	1.06354247009e-06
5.47697526521e-09	6.08266397251e-07
5.48063389932e-09	1.68958662172e-07
5.48429253343e-09	-1.90401769018e-07
5.48795116755e-09	-4.65425770813e-07
5.49160980166e-09	-7.07404105071e-07
5.49526843577e-09	-9.85969350609e-07
5.49892706988e-09	-1.33617989206e-06
5.50258570399e-09	-1.71800441251e-06
5.5062443381e-09	-2.01293794078e-06
5.50990297222e-09	-2.06514758361e-06
5.51356160633e-09	-1.75177059702e-06
5.51722024044e-09	-1.05037518949e-06
5.52087887455e-09	-7.17585191268e-08
5.52453750866e-09	9.61168439062e-07
5.52819614277e-09	1.78428183517e-06
5.53185477689e-09	2.186577575e-06
5.535513411e-09	2.09056119616e-06
5.53917204511e-09	1.58422191987e-06
5.54283067922e-09	8.87243260195e-07
5.54648931333e-09	2.62079572266e-07
5.55014794744e-09	-9.51049763387e-08
5.55380658156e-09	-1.37131630495e-07
5.55746521567e-09	1.65339280045e-08
5.56112384978e-09	1.38451023091e-07
5.56478248389e-09	4.07718303563e-09
5.568441118e-09	-4.93467140927e-07
5.57209975212e-09	-1.27743813039e-06
5.57575838623e-09	-2.10267847933e-06
5.57941702034e-09	-2.64781550641e-06
5.58307565445e-09	-2.64667963279e-06
5.58673428856e-09	-2.00468910805e-06
5.59039292267e-09	-8.50379464623e-07
5.59405155679e-09	5.00945297688e-07
5.5977101909e-09	1.65883402303e-06
5.60136882501e-09	2.30175959359e-06
5.60502745912e-09	2.29697545251e-06
5.60868609323e-09	1.74612455339e-06
5.61234472734e-09	9.3686639957e-07
5.61600336146e-09	2.19481721686e-07
5.61966199557e-09	-1.40979107499e-07
5.62332062968e-09	-7.38815142398e-08
5.62697926379e-09	2.7393025448e-07
5.6306378979e-09	6.10702720394e-07
5.63429653201e-09	6.35624935796e-07
5.63795516613e-09	1.79580732507e-07
5.64161380024e-09	-7.10259051573e-07
5.64527243435e-09	-1.77740061247e-06
5.64893106846e-09	-2.65128394972e-06
5.65258970257e-09	-2.99186501707e-06
5.65624833668e-09	-2.62585498945e-06
5.6599069708e-09	-1.61972006651e-06
5.66356560491e-09	-2.60806839236e-07
5.66722423902e-09	1.04720392358e-06
5.67088287313e-09	1.93365964662e-06
5.67454150724e-09	2.19597447426e-06
5.67820014135e-09	1.86622342824e-06
5.68185877547e-09	1.18344090083e-06
5.68551740958e-09	4.8415921583e-07
5.68917604369e-09	5.88512687472e-08
5.6928346778e-09	3.48649003001e-08
5.69649331191e-09	3.32410102999e-07
5.70015194602e-09	7.09535228793e-07
5.70381058014e-09	8.73778887467e-07
5.70746921425e-09	6.12477428774e-07
5.71112784836e-09	-1.11157714144e-07
5.71478648247e-09	-1.13267181234e-06
