% time-domain voltage integration by openEMS v0.0.36-93-g7b9cd51 @Thu Sep 24 15:50:11 2026
% start-coordinates: (0.0583,0,0.00011706) m -> [75,3,5]
% stop-coordinates: (0.0583,0,0.0021) m -> [75,3,7]
% t/s	voltage
0	-0
3.66416079607e-12	-0
7.32832159214e-12	-0
1.09924823882e-11	-0
1.46566431843e-11	-0
1.83208039803e-11	-0
2.19849647764e-11	-3.98744156791e-35
2.56491255725e-11	-2.50843845576e-31
2.93132863685e-11	-2.02756985901e-28
3.29774471646e-11	-4.70131101227e-26
3.66416079607e-11	-4.34207467066e-24
4.03057687567e-11	-1.96716760876e-22
4.39699295528e-11	-5.06774918486e-21
4.76340903489e-11	-8.28416972919e-20
5.1298251145e-11	-9.33910615467e-19
5.4962411941e-11	-7.74581541569e-18
5.86265727371e-11	-4.97192243104e-17
6.22907335332e-11	-2.56962644821e-16
6.59548943292e-11	-1.10274041498e-15
6.96190551253e-11	-4.02354625989e-15
7.32832159214e-11	-1.26998768981e-14
7.69473767174e-11	-3.50409898512e-14
8.06115375135e-11	-8.46047847937e-14
8.42756983096e-11	-1.76077190751e-13
8.79398591056e-11	-2.99407532458e-13
9.16040199017e-11	-3.36671140998e-13
9.52681806978e-11	1.50623959106e-13
9.89323414938e-11	2.39229567146e-12
1.0259650229e-10	9.34115762172e-12
1.06260663086e-10	2.73459848515e-11
1.09924823882e-10	6.88897428686e-11
1.13588984678e-10	1.56659421546e-10
1.17253145474e-10	3.28954849471e-10
1.2091730627e-10	6.45863043602e-10
1.24581467066e-10	1.1945979761e-09
1.28245627862e-10	2.09085732061e-09
1.31909788658e-10	3.47097256492e-09
1.35573949455e-10	5.46718548211e-09
1.39238110251e-10	8.15587020142e-09
1.42902271047e-10	1.14663796236e-08
1.46566431843e-10	1.50372405638e-08
1.50230592639e-10	1.80072321498e-08
1.53894753435e-10	1.87327300338e-08
1.57558914231e-10	1.44302263472e-08
1.61223075027e-10	7.55545903619e-10
1.64887235823e-10	-2.8651249373e-08
1.68551396619e-10	-8.26034529666e-08
1.72215557415e-10	-1.72711061452e-07
1.75879718211e-10	-3.13527415585e-07
1.79543879007e-10	-5.22380787515e-07
1.83208039803e-10	-8.18762018184e-07
1.86872200599e-10	-1.2231575397e-06
1.90536361396e-10	-1.75524053247e-06
1.94200522192e-10	-2.43139652412e-06
1.97864682988e-10	-3.26161665498e-06
2.01528843784e-10	-4.2458821099e-06
2.0519300458e-10	-5.37021799119e-06
2.08857165376e-10	-6.60271473407e-06
2.12521326172e-10	-7.88983311395e-06
2.16185486968e-10	-9.15346026886e-06
2.19849647764e-10	-1.02891226561e-05
2.2351380856e-10	-1.11659353479e-05
2.27177969356e-10	-1.16287644687e-05
2.30842130152e-10	-1.15030120469e-05
2.34506290948e-10	-1.06022805539e-05
2.38170451744e-10	-8.73881208463e-06
2.4183461254e-10	-5.73639431423e-06
2.45498773337e-10	-1.44494157439e-06
2.49162934133e-10	4.24435006607e-06
2.52827094929e-10	1.13843141207e-05
2.56491255725e-10	1.99589749172e-05
2.60155416521e-10	2.9873431231e-05
2.63819577317e-10	4.0947571506e-05
2.67483738113e-10	5.2913827858e-05
2.71147898909e-10	6.5420388637e-05
2.74812059705e-10	7.80393165769e-05
2.78476220501e-10	9.02809151739e-05
2.82140381297e-10	0.000101614161395
2.85804542093e-10	0.00011149268903
2.89468702889e-10	0.000119385749713
2.93132863685e-10	0.000124811642308
2.96797024482e-10	0.000127371158669
3.00461185278e-10	0.000126777229525
3.04125346074e-10	0.000122878662296
3.0778950687e-10	0.000115674549306
3.11453667666e-10	0.000105319128124
3.15117828462e-10	9.21173559618e-05
3.18781989258e-10	7.65125878388e-05
3.22446150054e-10	5.90670952079e-05
3.2611031085e-10	4.04384854846e-05
3.29774471646e-10	2.13501862163e-05
3.33438632442e-10	2.55789126413e-06
3.37102793238e-10	-1.51894591909e-05
3.40766954034e-10	-3.11922558467e-05
3.4443111483e-10	-4.48443061032e-05
3.48095275626e-10	-5.56730919925e-05
3.51759436423e-10	-6.33717208984e-05
3.55423597219e-10	-6.78163105476e-05
3.59087758015e-10	-6.90662218403e-05
3.62751918811e-10	-6.73475842632e-05
3.66416079607e-10	-6.30233007541e-05
3.70080240403e-10	-5.65564132557e-05
3.73744401199e-10	-4.84731735924e-05
3.77408561995e-10	-3.93311847802e-05
3.81072722791e-10	-2.96939815598e-05
3.84736883587e-10	-2.01101452149e-05
3.88401044383e-10	-1.10926232537e-05
3.92065205179e-10	-3.09449922042e-06
3.95729365975e-10	3.52010295046e-06
3.99393526771e-10	8.50669130159e-06
4.03057687567e-10	1.17653917187e-05
4.06721848364e-10	1.33516803089e-05
4.1038600916e-10	1.3465977645e-05
4.14050169956e-10	1.24201219478e-05
4.17714330752e-10	1.05867673028e-05
4.21378491548e-10	8.34260617921e-06
4.25042652344e-10	6.01958083735e-06
4.2870681314e-10	3.87581633277e-06
4.32370973936e-10	2.0914208676e-06
4.36035134732e-10	7.84877784099e-07
4.39699295528e-10	3.88533458739e-08
4.43363456324e-10	-7.96309738149e-08
4.4702761712e-10	4.83828813458e-07
4.50691777916e-10	1.75396027657e-06
4.54355938712e-10	3.69476492779e-06
4.58020099508e-10	6.17975229034e-06
4.61684260305e-10	8.97971494851e-06
4.65348421101e-10	1.1780569821e-05
4.69012581897e-10	1.42317528571e-05
4.72676742693e-10	1.60143210906e-05
4.76340903489e-10	1.69072568497e-05
4.80005064285e-10	1.68294104697e-05
4.83669225081e-10	1.58409998221e-05
4.87333385877e-10	1.41031296153e-05
4.90997546673e-10	1.18099728752e-05
4.94661707469e-10	9.11897518563e-06
4.98325868265e-10	6.10718905136e-06
5.01990029061e-10	2.7709353958e-06
5.05654189857e-10	-9.29825716867e-07
5.09318350653e-10	-5.00065607412e-06
5.1298251145e-10	-9.34444642553e-06
5.16646672246e-10	-1.37271938456e-05
5.20310833042e-10	-1.77960228029e-05
5.23974993838e-10	-2.11493411371e-05
5.27639154634e-10	-2.34361414186e-05
5.3130331543e-10	-2.44499196924e-05
5.34967476226e-10	-2.41793804889e-05
5.38631637022e-10	-2.27961836572e-05
5.42295797818e-10	-2.05802348319e-05
5.45959958614e-10	-1.7811847556e-05
5.4962411941e-10	-1.46718180076e-05
5.53288280206e-10	-1.11919853225e-05
5.56952441002e-10	-7.27687597646e-06
5.60616601798e-10	-2.79166374639e-06
5.64280762594e-10	2.31785463711e-06
5.67944923391e-10	7.92169589658e-06
5.71609084187e-10	1.36637008836e-05
5.75273244983e-10	1.90048581317e-05
5.78937405779e-10	2.33437917814e-05
5.82601566575e-10	2.6175482617e-05
5.86265727371e-10	2.72313636742e-05
5.89929888167e-10	2.65487860815e-05
5.93594048963e-10	2.44409106926e-05
5.97258209759e-10	2.13772077586e-05
6.00922370555e-10	1.78190502993e-05
6.04586531351e-10	1.40745394219e-05
6.08250692147e-10	1.0229206282e-05
6.11914852943e-10	6.18093145022e-06
6.15579013739e-10	1.76346804892e-06
6.19243174535e-10	-3.09105007545e-06
6.22907335332e-10	-8.22037122816e-06
6.26571496128e-10	-1.31889905788e-05
6.30235656924e-10	-1.73613061634e-05
6.3389981772e-10	-2.00718718588e-05
6.37563978516e-10	-2.08357892006e-05
6.41228139312e-10	-1.95206157514e-05
6.44892300108e-10	-1.64122682236e-05
6.48556460904e-10	-1.21434443372e-05
6.522206217e-10	-7.50495280499e-06
6.55884782496e-10	-3.20716156921e-06
6.59548943292e-10	3.21216859334e-07
6.63213104088e-10	3.02175175193e-06
6.66877264884e-10	5.15112685662e-06
6.7054142568e-10	7.1063291216e-06
6.74205586476e-10	9.20151842365e-06
6.77869747273e-10	1.14864099032e-05
6.81533908069e-10	1.36808396292e-05
6.85198068865e-10	1.5255915514e-05
6.88862229661e-10	1.56350834004e-05
6.92526390457e-10	1.44399680266e-05
6.96190551253e-10	1.16841692943e-05
6.99854712049e-10	7.83279756433e-06
7.03518872845e-10	3.69464009964e-06
7.07183033641e-10	1.78244420113e-07
7.10847194437e-10	-2.00104091164e-06
7.14511355233e-10	-2.55356576417e-06
7.18175516029e-10	-1.69832071606e-06
7.21839676825e-10	-6.35456416376e-08
7.25503837621e-10	1.55732948315e-06
7.29167998418e-10	2.50367753551e-06
7.32832159214e-10	2.48615521059e-06
7.3649632001e-10	1.67761788816e-06
7.40160480806e-10	6.21182678628e-07
7.43824641602e-10	-8.95149465663e-09
7.47488802398e-10	2.96419230494e-07
7.51152963194e-10	1.64561754445e-06
7.5481712399e-10	3.66576335864e-06
7.58481284786e-10	5.61718081826e-06
7.62145445582e-10	6.66361188451e-06
7.65809606378e-10	6.19626598564e-06
7.69473767174e-10	4.08425160003e-06
7.7313792797e-10	7.50770567493e-07
7.76802088766e-10	-2.95853556054e-06
7.80466249562e-10	-6.06780395174e-06
7.84130410359e-10	-7.81549692874e-06
7.87794571155e-10	-7.92265461769e-06
7.91458731951e-10	-6.68493441935e-06
7.95122892747e-10	-4.85321902488e-06
7.98787053543e-10	-3.34468620622e-06
8.02451214339e-10	-2.89081054916e-06
8.06115375135e-10	-3.75396666641e-06
8.09779535931e-10	-5.62348736821e-06
8.13443696727e-10	-7.73349938754e-06
8.17107857523e-10	-9.16134695217e-06
8.20772018319e-10	-9.1901029009e-06
8.24436179115e-10	-7.59379577175e-06
8.28100339911e-10	-4.73225168207e-06
8.31764500707e-10	-1.41921398722e-06
8.35428661503e-10	1.38515525805e-06
8.390928223e-10	2.93803191198e-06
8.42756983096e-10	2.99615550148e-06
8.46421143892e-10	1.90930995814e-06
8.50085304688e-10	4.88866930937e-07
8.53749465484e-10	-3.03189132467e-07
8.5741362628e-10	2.69462802294e-07
8.61077787076e-10	2.41697779302e-06
8.64741947872e-10	5.71655243675e-06
8.68406108668e-10	9.24578648664e-06
8.72070269464e-10	1.19105441172e-05
8.7573443026e-10	1.28431461235e-05
8.79398591056e-10	1.17178333312e-05
8.83062751852e-10	8.86277666723e-06
8.86726912648e-10	5.12891119797e-06
8.90391073445e-10	1.56995812972e-06
8.94055234241e-10	-9.41900253792e-07
8.97719395037e-10	-2.02078888378e-06
9.01383555833e-10	-1.88112502997e-06
9.05047716629e-10	-1.22179156392e-06
9.08711877425e-10	-9.2501608151e-07
9.12376038221e-10	-1.68356962149e-06
9.16040199017e-10	-3.69888891782e-06
9.19704359813e-10	-6.57004829918e-06
9.23368520609e-10	-9.42246583691e-06
9.27032681405e-10	-1.12313796308e-05
9.30696842201e-10	-1.12155707939e-05
9.34361002997e-10	-9.14708607525e-06
9.38025163793e-10	-5.45588318346e-06
9.41689324589e-10	-1.09082537847e-06
9.45353485386e-10	2.80676749753e-06
9.49017646182e-10	5.29264389115e-06
9.52681806978e-10	5.92943740685e-06
9.56345967774e-10	4.9085184628e-06
9.6001012857e-10	2.94472027917e-06
9.63674289366e-10	9.86772136002e-07
9.67338450162e-10	-1.49451476972e-07
9.71002610958e-10	-8.67104343882e-08
9.74666771754e-10	9.8472271759e-07
9.7833093255e-10	2.40628980919e-06
9.81995093346e-10	3.33811311748e-06
9.85659254142e-10	3.11805075626e-06
9.89323414938e-10	1.54675032604e-06
9.92987575734e-10	-1.01416858911e-06
9.9665173653e-10	-3.76626360321e-06
1.00031589733e-09	-5.76697721044e-06
1.00398005812e-09	-6.27583369806e-06
1.00764421892e-09	-5.02514603795e-06
1.01130837971e-09	-2.31975485576e-06
1.01497254051e-09	1.06641724074e-06
1.01863670131e-09	4.15796569087e-06
1.0223008621e-09	6.11423354258e-06
1.0259650229e-09	6.51214281788e-06
1.0296291837e-09	5.47163290321e-06
1.03329334449e-09	3.5772592355e-06
1.03695750529e-09	1.62910467338e-06
1.04062166608e-09	3.24867755808e-07
1.04428582688e-09	1.29625865597e-09
1.04794998768e-09	5.33418543114e-07
1.05161414847e-09	1.42123133173e-06
1.05527830927e-09	2.01722980364e-06
1.05894247006e-09	1.79814685453e-06
1.06260663086e-09	5.76579566314e-07
1.06627079166e-09	-1.42072809695e-06
1.06993495245e-09	-3.63106789791e-06
1.07359911325e-09	-5.35829667569e-06
1.07726327404e-09	-6.02656984938e-06
1.08092743484e-09	-5.39254006071e-06
1.08459159564e-09	-3.63637400369e-06
1.08825575643e-09	-1.29569951923e-06
1.09191991723e-09	9.3177504823e-07
1.09558407802e-09	2.43701128966e-06
1.09924823882e-09	2.90108306444e-06
1.10291239962e-09	2.37484903209e-06
1.10657656041e-09	1.21819604715e-06
1.11024072121e-09	-6.26950313887e-08
1.113904882e-09	-1.00753013044e-06
1.1175690428e-09	-1.35306294169e-06
1.1212332036e-09	-1.0971402844e-06
1.12489736439e-09	-4.65065653543e-07
1.12856152519e-09	2.0139732726e-07
1.13222568598e-09	5.88636623888e-07
1.13588984678e-09	5.37316623195e-07
1.13955400758e-09	1.01377086281e-07
1.14321816837e-09	-4.81883631664e-07
1.14688232917e-09	-8.97058100691e-07
1.15054648997e-09	-8.83176980437e-07
1.15421065076e-09	-3.36408774615e-07
1.15787481156e-09	6.57959105865e-07
1.16153897235e-09	1.86673221947e-06
1.16520313315e-09	2.99485793676e-06
1.16886729395e-09	3.77491380732e-06
1.17253145474e-09	4.03063449994e-06
1.17619561554e-09	3.70368223912e-06
1.17985977633e-09	2.84944678697e-06
1.18352393713e-09	1.61096497209e-06
1.18718809793e-09	1.80338648903e-07
1.19085225872e-09	-1.24337603324e-06
1.19451641952e-09	-2.48892268928e-06
1.19818058031e-09	-3.43177555351e-06
1.20184474111e-09	-3.99728116918e-06
1.20550890191e-09	-4.15660360886e-06
1.2091730627e-09	-3.92721119624e-06
1.2128372235e-09	-3.37858529065e-06
1.21650138429e-09	-2.63202588258e-06
1.22016554509e-09	-1.83869576631e-06
1.22382970589e-09	-1.13352885478e-06
1.22749386668e-09	-5.8194169128e-07
1.23115802748e-09	-1.50366547658e-07
1.23482218827e-09	2.76343477879e-07
1.23848634907e-09	8.31589773043e-07
1.24215050987e-09	1.58548380114e-06
1.24581467066e-09	2.48297487815e-06
1.24947883146e-09	3.33232861749e-06
1.25314299226e-09	3.85222239174e-06
1.25680715305e-09	3.76485155584e-06
1.26047131385e-09	2.90566299554e-06
1.26413547464e-09	1.31397041514e-06
1.26779963544e-09	-7.32886945798e-07
1.27146379624e-09	-2.7669030942e-06
1.27512795703e-09	-4.25858490871e-06
1.27879211783e-09	-4.79245295537e-06
1.28245627862e-09	-4.22457480909e-06
1.28612043942e-09	-2.75269707117e-06
1.28978460022e-09	-8.59393963992e-07
1.29344876101e-09	8.57705813928e-07
1.29711292181e-09	1.90486119322e-06
1.3007770826e-09	2.07319749279e-06
1.3044412434e-09	1.50984286051e-06
1.3081054042e-09	6.52065239137e-07
1.31176956499e-09	4.87276121675e-08
1.31543372579e-09	1.34115815342e-07
1.31909788658e-09	1.0369277561e-06
1.32276204738e-09	2.49880980618e-06
1.32642620818e-09	3.94258813685e-06
1.33009036897e-09	4.67761822165e-06
1.33375452977e-09	4.17466947056e-06
1.33741869056e-09	2.3040721544e-06
1.34108285136e-09	-5.64576708939e-07
1.34474701216e-09	-3.65480667597e-06
1.34841117295e-09	-6.04314857355e-06
1.35207533375e-09	-6.99074485055e-06
1.35573949455e-09	-6.21766753284e-06
1.35940365534e-09	-4.01247297077e-06
1.36306781614e-09	-1.13400685109e-06
1.36673197693e-09	1.45939557683e-06
1.37039613773e-09	2.95440901255e-06
1.37406029853e-09	2.97595636312e-06
1.37772445932e-09	1.72087248984e-06
1.38138862012e-09	-1.21644003315e-07
1.38505278091e-09	-1.64048421425e-06
1.38871694171e-09	-2.06768362432e-06
1.39238110251e-09	-1.09816625127e-06
1.3960452633e-09	9.65940671449e-07
1.3997094241e-09	3.31303846224e-06
1.40337358489e-09	4.93201230256e-06
1.40703774569e-09	5.01536010233e-06
1.41070190649e-09	3.29588306158e-06
1.41436606728e-09	1.81721340198e-07
1.41803022808e-09	-3.36594700912e-06
1.42169438887e-09	-6.16927445662e-06
1.42535854967e-09	-7.25931818124e-06
1.42902271047e-09	-6.2337945792e-06
1.43268687126e-09	-3.41435855944e-06
1.43635103206e-09	2.58730203484e-07
1.44001519285e-09	3.56140907343e-06
1.44367935365e-09	5.43091380223e-06
1.44734351445e-09	5.35569461135e-06
1.45100767524e-09	3.55971172894e-06
1.45467183604e-09	9.04593974838e-07
1.45833599684e-09	-1.45583734934e-06
1.46200015763e-09	-2.53509267623e-06
1.46566431843e-09	-1.90631956798e-06
1.46932847922e-09	1.27980825937e-07
1.47299264002e-09	2.65508805342e-06
1.47665680082e-09	4.51213782071e-06
1.48032096161e-09	4.74728562949e-06
1.48398512241e-09	3.00488818539e-06
1.4876492832e-09	-3.11707523792e-07
1.491313444e-09	-4.16400644099e-06
1.4949776048e-09	-7.24605865798e-06
1.49864176559e-09	-8.46346370054e-06
1.50230592639e-09	-7.34478385311e-06
1.50597008718e-09	-4.22790776611e-06
1.50963424798e-09	-1.44641830957e-07
1.51329840878e-09	3.5571010244e-06
1.51696256957e-09	5.71067414512e-06
1.52062673037e-09	5.7558820572e-06
1.52429089116e-09	3.92707295305e-06
1.52795505196e-09	1.13492259857e-06
1.53161921276e-09	-1.40709443031e-06
1.53528337355e-09	-2.66194797405e-06
1.53894753435e-09	-2.16865487346e-06
1.54261169514e-09	-2.10946531354e-07
1.54627585594e-09	2.30415707847e-06
1.54994001674e-09	4.20943445079e-06
1.55360417753e-09	4.54290955076e-06
1.55726833833e-09	2.93899154258e-06
1.56093249912e-09	-2.06830339522e-07
1.56459665992e-09	-3.86625492865e-06
1.56826082072e-09	-6.75620844959e-06
1.57192498151e-09	-7.82223992246e-06
1.57558914231e-09	-6.63994705974e-06
1.57925330311e-09	-3.57630972303e-06
1.5829174639e-09	3.50252669534e-07
1.5865816247e-09	3.85390654856e-06
1.59024578549e-09	5.85608597703e-06
1.59390994629e-09	5.86776661748e-06
1.59757410709e-09	4.13846305491e-06
1.60123826788e-09	1.52463863401e-06
1.60490242868e-09	-8.63489603375e-07
1.60856658947e-09	-2.09796519357e-06
1.61223075027e-09	-1.78620288693e-06
1.61589491107e-09	-2.09064946688e-07
1.61955907186e-09	1.80779443326e-06
1.62322323266e-09	3.23836252392e-06
1.62688739345e-09	3.28114748527e-06
1.63055155425e-09	1.69433334918e-06
1.63421571505e-09	-1.0938648245e-06
1.63787987584e-09	-4.14432554408e-06
1.64154403664e-09	-6.3692546064e-06
1.64520819743e-09	-6.94987841143e-06
1.64887235823e-09	-5.64385015878e-06
1.65253651903e-09	-2.86681540729e-06
1.65620067982e-09	4.74277840112e-07
1.65986484062e-09	3.32330722586e-06
1.66352900141e-09	4.85826853946e-06
1.66719316221e-09	4.77327557746e-06
1.67085732301e-09	3.35819447628e-06
1.6745214838e-09	1.35238533971e-06
1.6781856446e-09	-3.6789946023e-07
1.6818498054e-09	-1.14339823654e-06
1.68551396619e-09	-7.86797102137e-07
1.68917812699e-09	3.64148640131e-07
1.69284228778e-09	1.61362274298e-06
1.69650644858e-09	2.22079978585e-06
1.70017060938e-09	1.72337922777e-06
1.70383477017e-09	1.36592873901e-07
1.70749893097e-09	-2.05059302516e-06
1.71116309176e-09	-4.07175389228e-06
1.71482725256e-09	-5.18463320986e-06
1.71849141336e-09	-4.95613198837e-06
1.72215557415e-09	-3.4222262002e-06
1.72581973495e-09	-1.06771997821e-06
1.72948389574e-09	1.36181782295e-06
1.73314805654e-09	3.14088623554e-06
1.73681221734e-09	3.82993533776e-06
1.74047637813e-09	3.42111491136e-06
1.74414053893e-09	2.30752300467e-06
1.74780469972e-09	1.08954046141e-06
1.75146886052e-09	3.04751502256e-07
1.75513302132e-09	1.99125945954e-07
1.75879718211e-09	6.3947027229e-07
1.76246134291e-09	1.19913696039e-06
1.7661255037e-09	1.37214914275e-06
1.7697896645e-09	8.15200493776e-07
1.7734538253e-09	-4.86918850129e-07
1.77711798609e-09	-2.19947810365e-06
1.78078214689e-09	-3.76313511197e-06
1.78444630769e-09	-4.61316290057e-06
1.78811046848e-09	-4.4048572363e-06
1.79177462928e-09	-3.15675265483e-06
1.79543879007e-09	-1.25260845607e-06
1.79910295087e-09	7.03249071421e-07
1.80276711167e-09	2.12235221397e-06
1.80643127246e-09	2.663678913e-06
1.81009543326e-09	2.35965637785e-06
1.81375959405e-09	1.57948718993e-06
1.81742375485e-09	8.45180423426e-07
1.82108791565e-09	5.84367015222e-07
1.82475207644e-09	9.31933570314e-07
1.82841623724e-09	1.66879823382e-06
1.83208039803e-09	2.32193656302e-06
1.83574455883e-09	2.37958016669e-06
1.83940871963e-09	1.52877154846e-06
1.84307288042e-09	-1.8287583714e-07
1.84673704122e-09	-2.32872315564e-06
1.85040120201e-09	-4.24028098678e-06
1.85406536281e-09	-5.25333450696e-06
1.85772952361e-09	-4.97077996897e-06
1.8613936844e-09	-3.43608621733e-06
1.8650578452e-09	-1.13883839958e-06
1.86872200599e-09	1.16135981898e-06
1.87238616679e-09	2.72788150824e-06
1.87605032759e-09	3.13683278819e-06
1.87971448838e-09	2.43991115667e-06
1.88337864918e-09	1.1291288331e-06
1.88704280997e-09	-8.13597544891e-08
1.89070697077e-09	-5.6363217027e-07
1.89437113157e-09	-4.61148115249e-08
1.89803529236e-09	1.26395030975e-06
1.90169945316e-09	2.75478686262e-06
1.90536361396e-09	3.65336399e-06
1.90902777475e-09	3.34598848895e-06
1.91269193555e-09	1.65218423831e-06
1.91635609634e-09	-1.05918888949e-06
1.92002025714e-09	-3.96945773673e-06
1.92368441794e-09	-6.09880305547e-06
1.92734857873e-09	-6.67891958983e-06
1.93101273953e-09	-5.46087483144e-06
1.93467690032e-09	-2.82890630388e-06
1.93834106112e-09	3.33521036566e-07
1.94200522192e-09	2.97489287959e-06
1.94566938271e-09	4.27289774052e-06
1.94933354351e-09	3.93947345856e-06
1.9529977043e-09	2.31545629958e-06
1.9566618651e-09	2.21168960479e-07
1.9603260259e-09	-1.37675397127e-06
1.96399018669e-09	-1.75382044176e-06
1.96765434749e-09	-7.23075956444e-07
1.97131850828e-09	1.27858993437e-06
1.97498266908e-09	3.35239906235e-06
1.97864682988e-09	4.49300409855e-06
1.98231099067e-09	4.00222637609e-06
1.98597515147e-09	1.79651166832e-06
1.98963931226e-09	-1.52249668872e-06
1.99330347306e-09	-4.87056490783e-06
1.99696763386e-09	-7.08224854407e-06
2.00063179465e-09	-7.35347066438e-06
2.00429595545e-09	-5.55081544462e-06
2.00796011625e-09	-2.26671397741e-06
2.01162427704e-09	1.39824862799e-06
2.01528843784e-09	4.24109884989e-06
2.01895259863e-09	5.39625534657e-06
2.02261675943e-09	4.64521258436e-06
2.02628092023e-09	2.48093544997e-06
2.02994508102e-09	-9.70185318749e-08
2.03360924182e-09	-1.98090134518e-06
2.03727340261e-09	-2.39475679109e-06
2.04093756341e-09	-1.20376336099e-06
2.04460172421e-09	1.03144400043e-06
2.048265885e-09	3.2806561876e-06
2.0519300458e-09	4.46200056103e-06
2.05559420659e-09	3.88466327195e-06
2.05925836739e-09	1.53927535962e-06
2.06292252819e-09	-1.87875559732e-06
2.06658668898e-09	-5.22044797435e-06
2.07025084978e-09	-7.31009595256e-06
2.07391501057e-09	-7.38343624107e-06
2.07757917137e-09	-5.37274502221e-06
2.08124333217e-09	-1.93347611344e-06
2.08490749296e-09	1.79602454864e-06
2.08857165376e-09	4.61212584923e-06
2.09223581455e-09	5.68395023492e-06
2.09589997535e-09	4.84657834932e-06
2.09956413615e-09	2.63755589458e-06
2.10322829694e-09	6.42954987029e-08
2.10689245774e-09	-1.80477508138e-06
2.11055661854e-09	-2.26155134442e-06
2.11422077933e-09	-1.22597825225e-06
2.11788494013e-09	7.42090776384e-07
2.12154910092e-09	2.68504794576e-06
2.12521326172e-09	3.64174070455e-06
2.12887742252e-09	3.03623789932e-06
2.13254158331e-09	9.11489181021e-07
2.13620574411e-09	-2.07831766375e-06
2.1398699049e-09	-4.90990657909e-06
2.1435340657e-09	-6.57318128106e-06
2.1471982265e-09	-6.44860210741e-06
2.15086238729e-09	-4.53712038961e-06
2.15452654809e-09	-1.45665978835e-06
2.15819070888e-09	1.79244258902e-06
2.16185486968e-09	4.19988248268e-06
2.16551903048e-09	5.11080656906e-06
2.16918319127e-09	4.44297143076e-06
2.17284735207e-09	2.67703524059e-06
2.17651151286e-09	6.33317242205e-07
2.18017567366e-09	-8.67235556257e-07
2.18383983446e-09	-1.32030675104e-06
2.18750399525e-09	-7.12095896915e-07
2.19116815605e-09	5.09010895655e-07
2.19483231684e-09	1.64097295396e-06
2.19849647764e-09	2.02752107725e-06
2.20216063844e-09	1.32926933816e-06
2.20582479923e-09	-3.37300392061e-07
2.20948896003e-09	-2.44333011779e-06
2.21315312083e-09	-4.25333098519e-06
2.21681728162e-09	-5.10935285547e-06
2.22048144242e-09	-4.68094185635e-06
2.22414560321e-09	-3.08291646434e-06
2.22780976401e-09	-8.18551370685e-07
2.23147392481e-09	1.42233878364e-06
2.2351380856e-09	3.02291397247e-06
2.2388022464e-09	3.65083701581e-06
2.24246640719e-09	3.34236233357e-06
2.24613056799e-09	2.43766072572e-06
2.24979472879e-09	1.40724023368e-06
2.25345888958e-09	6.49077435355e-07
2.25712305038e-09	3.39192936849e-07
2.26078721117e-09	3.90495529246e-07
2.26445137197e-09	5.26881947849e-07
2.26811553277e-09	4.33452044035e-07
2.27177969356e-09	-8.4488853247e-08
2.27544385436e-09	-1.00230739974e-06
2.27910801515e-09	-2.07873938507e-06
2.28277217595e-09	-2.95771997116e-06
2.28643633675e-09	-3.32192979613e-06
2.29010049754e-09	-3.02876844671e-06
2.29376465834e-09	-2.16641745965e-06
2.29742881913e-09	-1.00745289444e-06
2.30109297993e-09	1.15379414467e-07
2.30475714073e-09	9.49459888488e-07
2.30842130152e-09	1.41416268207e-06
2.31208546232e-09	1.60397613058e-06
2.31574962311e-09	1.7079172494e-06
2.31941378391e-09	1.88750385632e-06
2.32307794471e-09	2.17377498757e-06
2.3267421055e-09	2.43287644253e-06
2.3304062663e-09	2.41949578594e-06
2.3340704271e-09	1.89775349213e-06
2.33773458789e-09	7.77521407258e-07
2.34139874869e-09	-7.97388580054e-07
2.34506290948e-09	-2.45770604579e-06
2.34872707028e-09	-3.72363729184e-06
2.35239123108e-09	-4.18722254381e-06
2.35605539187e-09	-3.68673789808e-06
2.35971955267e-09	-2.39340829467e-06
2.36338371346e-09	-7.6278926997e-07
2.36704787426e-09	6.37667767478e-07
2.37071203506e-09	1.35692633307e-06
2.37437619585e-09	1.24772805066e-06
2.37804035665e-09	5.30940681642e-07
2.38170451744e-09	-2.95398805861e-07
2.38536867824e-09	-6.69612987281e-07
2.38903283904e-09	-2.17964288396e-07
2.39269699983e-09	1.05884680579e-06
2.39636116063e-09	2.74601325145e-06
2.40002532142e-09	4.14907378854e-06
2.40368948222e-09	4.56121722436e-06
2.40735364302e-09	3.56353058351e-06
2.41101780381e-09	1.23622612591e-06
2.41468196461e-09	-1.81591386195e-06
2.4183461254e-09	-4.6503255362e-06
2.4220102862e-09	-6.32538638001e-06
2.425674447e-09	-6.26135317816e-06
2.42933860779e-09	-4.47807917681e-06
2.43300276859e-09	-1.60728117748e-06
2.43666692939e-09	1.33321825047e-06
2.44033109018e-09	3.32091138944e-06
2.44399525098e-09	3.71892610929e-06
2.44765941177e-09	2.52347365404e-06
2.45132357257e-09	3.68613847002e-07
2.45498773337e-09	-1.71997339748e-06
2.45865189416e-09	-2.73353936109e-06
2.46231605496e-09	-2.09649175531e-06
2.46598021575e-09	7.4675565287e-08
2.46964437655e-09	2.9811544664e-06
2.47330853735e-09	5.43019041288e-06
2.47697269814e-09	6.29932458196e-06
2.48063685894e-09	4.99735142512e-06
2.48430101973e-09	1.73529710423e-06
2.48796518053e-09	-2.50871090657e-06
2.49162934133e-09	-6.32792148281e-06
2.49529350212e-09	-8.40308803163e-06
2.49895766292e-09	-7.99996280421e-06
2.50262182371e-09	-5.25553127773e-06
2.50628598451e-09	-1.14056808798e-06
2.50995014531e-09	2.89267467224e-06
2.5136143061e-09	5.44842851014e-06
2.5172784669e-09	5.7108703686e-06
2.52094262769e-09	3.75266574792e-06
2.52460678849e-09	5.05783262383e-07
2.52827094929e-09	-2.60223782789e-06
2.53193511008e-09	-4.21166976139e-06
2.53559927088e-09	-3.57687258656e-06
2.53926343168e-09	-8.7785706171e-07
2.54292759247e-09	2.83106402321e-06
2.54659175327e-09	6.02184081799e-06
2.55025591406e-09	7.28918746518e-06
2.55392007486e-09	5.9115429849e-06
2.55758423566e-09	2.15703198592e-06
2.56124839645e-09	-2.78611361182e-06
2.56491255725e-09	-7.23227719845e-06
2.56857671804e-09	-9.6176356692e-06
2.57224087884e-09	-9.08468564376e-06
2.57590503964e-09	-5.81061840421e-06
2.57956920043e-09	-9.51815323447e-07
2.58323336123e-09	3.7805109514e-06
2.58689752202e-09	6.75769490499e-06
2.59056168282e-09	7.04224203218e-06
2.59422584362e-09	4.73297541248e-06
2.59789000441e-09	9.11144098836e-07
2.60155416521e-09	-2.79228652289e-06
2.605218326e-09	-4.83960968722e-06
2.6088824868e-09	-4.38846598172e-06
2.6125466476e-09	-1.62000023352e-06
2.61621080839e-09	2.33221589951e-06
2.61987496919e-09	5.82258712711e-06
2.62353912998e-09	7.33377032702e-06
2.62720329078e-09	6.07222852977e-06
2.63086745158e-09	2.29286439435e-06
2.63453161237e-09	-2.77331770349e-06
2.63819577317e-09	-7.36474873975e-06
2.64185993396e-09	-9.84345797406e-06
2.64552409476e-09	-9.30999385673e-06
2.64918825556e-09	-5.94377843299e-06
2.65285241635e-09	-9.35955526415e-07
2.65651657715e-09	3.95974251433e-06
2.66018073795e-09	7.08453239895e-06
2.66384489874e-09	7.48660715999e-06
2.66750905954e-09	5.25450047917e-06
2.67117322033e-09	1.45048332456e-06
2.67483738113e-09	-2.32251818488e-06
2.67850154193e-09	-4.54860287391e-06
2.68216570272e-09	-4.38010204107e-06
2.68582986352e-09	-1.95357949906e-06
2.68949402431e-09	1.67562652109e-06
2.69315818511e-09	4.95260553635e-06
2.69682234591e-09	6.43447708626e-06
2.7004865067e-09	5.35941705948e-06
2.7041506675e-09	1.95351682919e-06
2.70781482829e-09	-2.6440920351e-06
2.71147898909e-09	-6.80873040437e-06
2.71514314989e-09	-9.04344801711e-06
2.71880731068e-09	-8.53992901284e-06
2.72247147148e-09	-5.47260015082e-06
2.72613563227e-09	-9.19199294458e-07
2.72979979307e-09	3.55328876367e-06
2.73346395387e-09	6.47256808861e-06
2.73712811466e-09	6.99225438439e-06
2.74079227546e-09	5.17463377037e-06
2.74445643625e-09	1.92678800204e-06
2.74812059705e-09	-1.37634114594e-06
2.75178475785e-09	-3.43333721275e-06
2.75544891864e-09	-3.51364548123e-06
2.75911307944e-09	-1.72151757738e-06
2.76277724024e-09	1.07106333758e-06
2.76644140103e-09	3.59053240118e-06
2.77010556183e-09	4.67787310754e-06
2.77376972262e-09	3.74944750092e-06
2.77743388342e-09	1.02333440566e-06
2.78109804422e-09	-2.57029364548e-06
2.78476220501e-09	-5.75080275667e-06
2.78842636581e-09	-7.37323398425e-06
2.7920905266e-09	-6.85112331666e-06
2.7957546874e-09	-4.35976289737e-06
2.7994188482e-09	-7.52377601998e-07
2.80308300899e-09	2.76987111647e-06
2.80674716979e-09	5.10321876845e-06
2.81041133058e-09	5.63306832646e-06
2.81407549138e-09	4.42672387635e-06
2.81773965218e-09	2.16174441903e-06
2.82140381297e-09	-1.72892910655e-07
2.82506797377e-09	-1.67751701952e-06
2.82873213456e-09	-1.88361784126e-06
2.83239629536e-09	-9.05376850824e-07
2.83606045616e-09	6.48177902463e-07
2.83972461695e-09	1.95169050698e-06
2.84338877775e-09	2.31190693967e-06
2.84705293854e-09	1.44521155221e-06
2.85071709934e-09	-4.19179180255e-07
2.85438126014e-09	-2.64018376583e-06
2.85804542093e-09	-4.4207783958e-06
2.86170958173e-09	-5.11418159022e-06
2.86537374253e-09	-4.46139790711e-06
2.86903790332e-09	-2.67336071147e-06
2.87270206412e-09	-3.32570969874e-07
2.87636622491e-09	1.839274546e-06
2.88003038571e-09	3.25067401263e-06
2.88369454651e-09	3.63879155429e-06
2.8873587073e-09	3.12389772716e-06
2.8910228681e-09	2.10963906966e-06
2.89468702889e-09	1.08383329689e-06
2.89835118969e-09	4.10922964988e-07
2.90201535049e-09	2.02264466509e-07
2.90567951128e-09	3.09509033514e-07
2.90934367208e-09	4.30764401926e-07
2.91300783287e-09	2.73255171379e-07
2.91667199367e-09	-3.01430731042e-07
2.92033615447e-09	-1.21037805911e-06
2.92400031526e-09	-2.18465942226e-06
2.92766447606e-09	-2.88706752372e-06
2.93132863685e-09	-3.05808379153e-06
2.93499279765e-09	-2.62543233021e-06
2.93865695845e-09	-1.72914471364e-06
2.94232111924e-09	-6.53417743024e-07
2.94598528004e-09	3.01645535217e-07
2.94964944083e-09	9.46615415387e-07
2.95331360163e-09	1.26853390725e-06
2.95697776243e-09	1.40605533261e-06
2.96064192322e-09	1.54998897983e-06
2.96430608402e-09	1.81980587399e-06
2.96797024482e-09	2.17960752025e-06
2.97163440561e-09	2.43668216626e-06
2.97529856641e-09	2.3269670919e-06
2.9789627272e-09	1.65015114817e-06
2.982626888e-09	3.93254246944e-07
2.9862910488e-09	-1.21750136373e-06
2.98995520959e-09	-2.76721601722e-06
2.99361937039e-09	-3.79354645474e-06
2.99728353118e-09	-3.96577399897e-06
3.00094769198e-09	-3.22742261005e-06
3.00461185278e-09	-1.83761622452e-06
3.00827601357e-09	-2.84760304226e-07
3.01194017437e-09	8.99953704447e-07
3.01560433516e-09	1.35640851795e-06
3.01926849596e-09	1.04585950567e-06
3.02293265676e-09	2.70470110308e-07
3.02659681755e-09	-4.53626668673e-07
3.03026097835e-09	-6.21374667276e-07
3.03392513914e-09	2.92886195297e-08
3.03758929994e-09	1.37817650625e-06
3.04125346074e-09	2.93979530852e-06
3.04491762153e-09	4.03854460274e-06
3.04858178233e-09	4.07832544624e-06
3.05224594312e-09	2.80123373386e-06
3.05591010392e-09	4.28649030937e-07
3.05957426472e-09	-2.38005031861e-06
3.06323842551e-09	-4.74585169741e-06
3.06690258631e-09	-5.88935120049e-06
3.0705667471e-09	-5.42873181075e-06
3.0742309079e-09	-3.53783303808e-06
3.0778950687e-09	-8.94360297821e-07
3.08155922949e-09	1.56837177201e-06
3.08522339029e-09	3.01505554035e-06
3.08888755109e-09	3.02879629999e-06
3.09255171188e-09	1.77121205525e-06
3.09621587268e-09	-8.56667634608e-08
3.09988003347e-09	-1.6315361222e-06
3.10354419427e-09	-2.08996368656e-06
3.10720835507e-09	-1.14311140464e-06
3.11087251586e-09	9.20475784483e-07
3.11453667666e-09	3.29871750182e-06
3.11820083745e-09	4.97905591601e-06
3.12186499825e-09	5.13808367941e-06
3.12552915905e-09	3.48357912117e-06
3.12919331984e-09	4.01269332428e-07
3.13285748064e-09	-3.15747075774e-06
3.13652164143e-09	-6.01288081725e-06
3.14018580223e-09	-7.19294621376e-06
3.14384996303e-09	-6.30190777429e-06
3.14751412382e-09	-3.67484585695e-06
3.15117828462e-09	-2.56061142068e-07
3.15484244541e-09	2.75558267049e-06
3.15850660621e-09	4.35751007899e-06
3.16217076701e-09	4.11716291637e-06
3.1658349278e-09	2.32391545296e-06
3.1694990886e-09	-1.38223958501e-07
3.17316324939e-09	-2.14794755493e-06
3.17682741019e-09	-2.79534560832e-06
3.18049157099e-09	-1.7484677528e-06
3.18415573178e-09	6.05982805268e-07
3.18781989258e-09	3.30534004434e-06
3.19148405338e-09	5.18514434589e-06
3.19514821417e-09	5.34189973678e-06
3.19881237497e-09	3.5029112837e-06
3.20247653576e-09	1.56462474976e-07
3.20614069656e-09	-3.61313067287e-06
3.20980485736e-09	-6.52381982036e-06
3.21346901815e-09	-7.57455961775e-06
3.21713317895e-09	-6.4191186766e-06
3.22079733974e-09	-3.4921635006e-06
3.22446150054e-09	1.59450728177e-07
3.22812566134e-09	3.27272312006e-06
3.23178982213e-09	4.83987241751e-06
3.23545398293e-09	4.47550178251e-06
3.23911814372e-09	2.54122534216e-06
3.24278230452e-09	-1.73863166086e-08
3.24644646532e-09	-2.05715761581e-06
3.25011062611e-09	-2.69549525456e-06
3.25377478691e-09	-1.66130564594e-06
3.2574389477e-09	5.99757953523e-07
3.2611031085e-09	3.10656645297e-06
3.2647672693e-09	4.73801435419e-06
3.26843143009e-09	4.68451275992e-06
3.27209559089e-09	2.7771858413e-06
3.27575975168e-09	-4.34071765198e-07
3.27942391248e-09	-3.88167831034e-06
3.28308807328e-09	-6.38025062472e-06
3.28675223407e-09	-7.06961498054e-06
3.29041639487e-09	-5.73219381295e-06
3.29408055567e-09	-2.86553677142e-06
3.29774471646e-09	5.14129396834e-07
3.30140887726e-09	3.25990197325e-06
3.30507303805e-09	4.52330834833e-06
3.30873719885e-09	4.05882065024e-06
3.31240135965e-09	2.28802196034e-06
3.31606552044e-09	1.02460139928e-07
3.31972968124e-09	-1.51147392558e-06
3.32339384203e-09	-1.87320208056e-06
3.32705800283e-09	-8.73667971746e-07
3.33072216363e-09	9.95926015435e-07
3.33438632442e-09	2.85762513386e-06
3.33805048522e-09	3.81167160413e-06
3.34171464601e-09	3.30509180912e-06
3.34537880681e-09	1.35908243237e-06
3.34904296761e-09	-1.4313804968e-06
3.3527071284e-09	-4.12245981352e-06
3.3563712892e-09	-5.78135802698e-06
3.36003544999e-09	-5.83988980907e-06
3.36369961079e-09	-4.30443787991e-06
3.36736377159e-09	-1.74172444645e-06
3.37102793238e-09	9.50779366349e-07
3.37469209318e-09	2.89519715579e-06
3.37835625397e-09	3.56272335011e-06
3.38202041477e-09	2.95200618439e-06
3.38568457557e-09	1.55099365884e-06
3.38934873636e-09	1.0580423826e-07
3.39301289716e-09	-7.01830458638e-07
3.39667705795e-09	-5.35548281277e-07
3.40034121875e-09	4.68454743441e-07
3.40400537955e-09	1.77372871235e-06
3.40766954034e-09	2.68101916845e-06
3.41133370114e-09	2.63067778405e-06
3.41499786194e-09	1.44645250089e-06
3.41866202273e-09	-5.78806066187e-07
3.42232618353e-09	-2.79006917481e-06
3.42599034432e-09	-4.42619682417e-06
3.42965450512e-09	-4.91983621487e-06
3.43331866592e-09	-4.11865931937e-06
3.43698282671e-09	-2.33756821899e-06
3.44064698751e-09	-2.23253714182e-07
3.4443111483e-09	1.50962901557e-06
3.4479753091e-09	2.35994644981e-06
3.4516394699e-09	2.22298206154e-06
3.45530363069e-09	1.4037916003e-06
3.45896779149e-09	4.60084592646e-07
3.46263195228e-09	-5.43431637468e-08
3.46629611308e-09	1.62478315247e-07
3.46996027388e-09	1.02651137013e-06
3.47362443467e-09	2.10234696851e-06
3.47728859547e-09	2.7935297453e-06
3.48095275626e-09	2.60810293184e-06
3.48461691706e-09	1.38796283977e-06
3.48828107786e-09	-5.97559605353e-07
3.49194523865e-09	-2.73708025134e-06
3.49560939945e-09	-4.3099796585e-06
3.49927356024e-09	-4.77191474602e-06
3.50293772104e-09	-3.97472030045e-06
3.50660188184e-09	-2.22839423714e-06
3.51026604263e-09	-1.77902673926e-07
3.51393020343e-09	1.45507661387e-06
3.51759436423e-09	2.16037506107e-06
3.52125852502e-09	1.83828194622e-06
3.52492268582e-09	8.28083656756e-07
3.52858684661e-09	-2.47427418998e-07
3.53225100741e-09	-7.56793724577e-07
3.53591516821e-09	-3.41770856949e-07
3.539579329e-09	9.13343782827e-07
3.5432434898e-09	2.49804321584e-06
3.54690765059e-09	3.67725647266e-06
3.55057181139e-09	3.79809210926e-06
3.55423597219e-09	2.57804396142e-06
3.55790013298e-09	2.52552784019e-07
3.56156429378e-09	-2.48410475479e-06
3.56522845457e-09	-4.72775286653e-06
3.56889261537e-09	-5.70812494516e-06
3.57255677617e-09	-5.09076357957e-06
3.57622093696e-09	-3.11480238224e-06
3.57988509776e-09	-5.07076350686e-07
3.58354925855e-09	1.79627616603e-06
3.58721341935e-09	3.01314310036e-06
3.59087758015e-09	2.81883620801e-06
3.59454174094e-09	1.46821386693e-06
3.59820590174e-09	-3.15100479042e-07
3.60187006253e-09	-1.63947262877e-06
3.60553422333e-09	-1.81801198096e-06
3.60919838413e-09	-6.6272714605e-07
3.61286254492e-09	1.41962516409e-06
3.61652670572e-09	3.57442854693e-06
3.62019086652e-09	4.83462315515e-06
3.62385502731e-09	4.51509538379e-06
3.62751918811e-09	2.50817890901e-06
3.6311833489e-09	-6.41241129529e-07
3.6348475097e-09	-3.91744629269e-06
3.6385116705e-09	-6.20682385488e-06
3.64217583129e-09	-6.7186109618e-06
3.64583999209e-09	-5.28917871634e-06
3.64950415288e-09	-2.4485158292e-06
3.65316831368e-09	7.7828840972e-07
3.65683247448e-09	3.25997143591e-06
3.66049663527e-09	4.1876942305e-06
3.66416079607e-09	3.37788424076e-06
3.66782495686e-09	1.33110020784e-06
3.67148911766e-09	-9.75956979232e-07
3.67515327846e-09	-2.48603652153e-06
3.67881743925e-09	-2.48971269912e-06
3.68248160005e-09	-9.18151627616e-07
3.68614576084e-09	1.61786533681e-06
3.68980992164e-09	4.06144602039e-06
3.69347408244e-09	5.32671231213e-06
3.69713824323e-09	4.7360958888e-06
3.70080240403e-09	2.30478718777e-06
3.70446656482e-09	-1.2413691195e-06
3.70813072562e-09	-4.72403689855e-06
3.71179488642e-09	-6.94801281043e-06
3.71545904721e-09	-7.14754264663e-06
3.71912320801e-09	-5.27248323579e-06
3.7227873688e-09	-2.00588442567e-06
3.7264515296e-09	1.49405462935e-06
3.7301156904e-09	4.0289868366e-06
3.73377985119e-09	4.80710014017e-06
3.73744401199e-09	3.73037420331e-06
3.74110817279e-09	1.4127480199e-06
3.74477233358e-09	-1.07744139655e-06
3.74843649438e-09	-2.64887870571e-06
3.75210065517e-09	-2.62256622818e-06
3.75576481597e-09	-1.00007562764e-06
3.75942897677e-09	1.53961735805e-06
3.76309313756e-09	3.91102685171e-06
3.76675729836e-09	5.05289290231e-06
3.77042145915e-09	4.35002641552e-06
3.77408561995e-09	1.88360147035e-06
3.77774978075e-09	-1.58513466886e-06
3.78141394154e-09	-4.89094952627e-06
3.78507810234e-09	-6.8954842618e-06
3.78874226313e-09	-6.90930471592e-06
3.79240642393e-09	-4.94584128319e-06
3.79607058473e-09	-1.71047335584e-06
3.79973474552e-09	1.66963872061e-06
3.80339890632e-09	4.07012157666e-06
3.80706306711e-09	4.78353490507e-06
3.81072722791e-09	3.76457762741e-06
3.81439138871e-09	1.61570585533e-06
3.8180555495e-09	-6.74033287851e-07
3.8217197103e-09	-2.1291564849e-06
3.82538387109e-09	-2.16896631855e-06
3.82904803189e-09	-8.24301281455e-07
3.83271219269e-09	1.28867873173e-06
3.83637635348e-09	3.22180329704e-06
3.84004051428e-09	4.07437869399e-06
3.84370467508e-09	3.35178424393e-06
3.84736883587e-09	1.16586616628e-06
3.85103299667e-09	-1.79937595135e-06
3.85469715746e-09	-4.54222072221e-06
3.85836131826e-09	-6.11851930898e-06
3.86202547906e-09	-5.99191605488e-06
3.86568963985e-09	-4.22484117735e-06
3.86935380065e-09	-1.44062462937e-06
3.87301796144e-09	1.4218366573e-06
3.87668212224e-09	3.46026274656e-06
3.88034628304e-09	4.13103043684e-06
3.88401044383e-09	3.42155198041e-06
3.88767460463e-09	1.81617289741e-06
3.89133876542e-09	7.83569955587e-08
3.89500292622e-09	-1.06022343971e-06
3.89866708702e-09	-1.18271429983e-06
3.90233124781e-09	-3.34880361663e-07
3.90599540861e-09	1.01413735365e-06
3.9096595694e-09	2.17765744992e-06
3.9133237302e-09	2.53840545383e-06
3.916987891e-09	1.80108466452e-06
3.92065205179e-09	1.11234649935e-07
3.92431621259e-09	-2.00225514391e-06
3.92798037338e-09	-3.832630739e-06
3.93164453418e-09	-4.76256741422e-06
3.93530869498e-09	-4.4880000587e-06
3.93897285577e-09	-3.11545386467e-06
3.94263701657e-09	-1.10402137921e-06
3.94630117737e-09	9.17007881185e-07
3.94996533816e-09	2.37962331084e-06
3.95362949896e-09	2.9686790981e-06
3.95729365975e-09	2.7054308589e-06
3.96095782055e-09	1.89860338651e-06
3.96462198135e-09	9.9139938925e-07
3.96828614214e-09	3.70454436904e-07
3.97195030294e-09	2.16177550527e-07
3.97561446373e-09	4.51567927939e-07
3.97927862453e-09	8.03725399123e-07
3.98294278533e-09	9.43856960589e-07
3.98660694612e-09	6.41417955194e-07
3.99027110692e-09	-1.33732513063e-07
3.99393526771e-09	-1.19959895528e-06
3.99759942851e-09	-2.23912479669e-06
4.00126358931e-09	-2.92769061616e-06
4.0049277501e-09	-3.05602748085e-06
4.0085919109e-09	-2.59979219663e-06
4.01225607169e-09	-1.71285282136e-06
4.01592023249e-09	-6.53496201153e-07
4.01958439329e-09	3.21203430076e-07
4.02324855408e-09	1.0459648081e-06
4.02691271488e-09	1.4865081539e-06
4.03057687567e-09	1.7147606286e-06
4.03424103647e-09	1.83823408406e-06
4.03790519727e-09	1.92157051515e-06
4.04156935806e-09	1.94216715954e-06
4.04523351886e-09	1.80172855835e-06
4.04889767966e-09	1.38820527695e-06
4.05256184045e-09	6.5504274005e-07
4.05622600125e-09	-3.23802900937e-07
4.05989016204e-09	-1.35455869099e-06
4.06355432284e-09	-2.18420842657e-06
4.06721848364e-09	-2.5966912176e-06
4.07088264443e-09	-2.50274968039e-06
4.07454680523e-09	-1.98173080435e-06
4.07821096602e-09	-1.2538124281e-06
4.08187512682e-09	-5.90197174688e-07
4.08553928762e-09	-1.97543108982e-07
4.08920344841e-09	-1.26093388175e-07
4.09286760921e-09	-2.45147795397e-07
4.09653177e-09	-3.01467402153e-07
4.1001959308e-09	-4.13481284767e-08
4.1038600916e-09	6.54912028608e-07
4.10752425239e-09	1.68654392496e-06
4.11118841319e-09	2.73919533811e-06
4.11485257398e-09	3.39067247523e-06
4.11851673478e-09	3.27962999336e-06
4.12218089558e-09	2.26829143912e-06
4.12584505637e-09	5.30096400553e-07
4.12950921717e-09	-1.48192037841e-06
4.13317337796e-09	-3.18112995501e-06
4.13683753876e-09	-4.05676667015e-06
4.14050169956e-09	-3.86651777262e-06
4.14416586035e-09	-2.7346042657e-06
4.14783002115e-09	-1.11204565201e-06
4.15149418194e-09	3.9166818766e-07
4.15515834274e-09	1.24375216615e-06
4.15882250354e-09	1.19907053886e-06
4.16248666433e-09	4.00594728944e-07
4.16615082513e-09	-6.75661425475e-07
4.16981498593e-09	-1.41544845178e-06
4.17347914672e-09	-1.32634448846e-06
4.17714330752e-09	-2.59080046305e-07
4.18080746831e-09	1.50332658677e-06
4.18447162911e-09	3.33070175884e-06
4.18813578991e-09	4.47910167622e-06
4.1917999507e-09	4.38377321643e-06
4.1954641115e-09	2.8974894235e-06
4.19912827229e-09	3.76725829199e-07
4.20279243309e-09	-2.4236040872e-06
4.20645659389e-09	-4.61356160031e-06
4.21012075468e-09	-5.49255707938e-06
4.21378491548e-09	-4.81174322431e-06
4.21744907627e-09	-2.87126357534e-06
4.22111323707e-09	-4.10535619721e-07
4.22477739787e-09	1.67090860259e-06
4.22844155866e-09	2.65695825874e-06
4.23210571946e-09	2.28919031997e-06
4.23576988025e-09	8.63386532046e-07
4.23943404105e-09	-8.93158571103e-07
4.24309820185e-09	-2.11709516407e-06
4.24676236264e-09	-2.16275799403e-06
4.25042652344e-09	-8.73676285096e-07
4.25409068423e-09	1.33644093125e-06
4.25775484503e-09	3.6290913954e-06
4.26141900583e-09	5.05908678861e-06
4.26508316662e-09	4.94521043493e-06
4.26874732742e-09	3.1494064956e-06
4.27241148822e-09	1.55016849135e-07
4.27607564901e-09	-3.0920843983e-06
4.27973980981e-09	-5.52303697532e-06
4.2834039706e-09	-6.34005573374e-06
4.2870681314e-09	-5.3137868008e-06
4.2907322922e-09	-2.86827275886e-06
4.29439645299e-09	8.15549583422e-08
4.29806061379e-09	2.47871298598e-06
4.30172477458e-09	3.52423580807e-06
4.30538893538e-09	2.97447138564e-06
4.30905309618e-09	1.22046867546e-06
4.31271725697e-09	-8.79103623674e-07
4.31638141777e-09	-2.34639315977e-06
4.32004557856e-09	-2.47711182055e-06
4.32370973936e-09	-1.12680464781e-06
4.32737390016e-09	1.22230974853e-06
4.33103806095e-09	3.64050157486e-06
4.33470222175e-09	5.10978384227e-06
4.33836638254e-09	4.92472145197e-06
4.34203054334e-09	2.98030875001e-06
4.34569470414e-09	-1.68240166687e-07
4.34935886493e-09	-3.49889808149e-06
4.35302302573e-09	-5.89804812989e-06
4.35668718652e-09	-6.57285158923e-06
4.36035134732e-09	-5.3429213267e-06
4.36401550812e-09	-2.70002948355e-06
4.36767966891e-09	3.85002792314e-07
4.37134382971e-09	2.83187733885e-06
4.37500799051e-09	3.8546269252e-06
4.3786721513e-09	3.24608515712e-06
4.3823363121e-09	1.43677965525e-06
4.38600047289e-09	-6.92146841175e-07
4.38966463369e-09	-2.16691739752e-06
4.39332879449e-09	-2.31197356015e-06
4.39699295528e-09	-1.02010382363e-06
4.40065711608e-09	1.20249691804e-06
4.40432127687e-09	3.43513534062e-06
4.40798543767e-09	4.7062324029e-06
4.41164959847e-09	4.38014524207e-06
4.41531375926e-09	2.41469354023e-06
4.41897792006e-09	-6.09925407957e-07
4.42264208085e-09	-3.70137365735e-06
4.42630624165e-09	-5.82209077038e-06
4.42997040245e-09	-6.27225119842e-06
4.43363456324e-09	-4.94341861668e-06
4.43729872404e-09	-2.3488882448e-06
4.44096288483e-09	5.77935622914e-07
4.44462704563e-09	2.83811715462e-06
4.44829120643e-09	3.73835189293e-06
4.45195536722e-09	3.13743350944e-06
4.45561952802e-09	1.47497053149e-06
4.45928368881e-09	-4.24296601409e-07
4.46294784961e-09	-1.69152207263e-06
4.46661201041e-09	-1.76323999312e-06
4.4702761712e-09	-6.0285539405e-07
4.473940332e-09	1.29143330696e-06
4.47760449279e-09	3.09081485739e-06
4.48126865359e-09	3.96980897222e-06
4.48493281439e-09	3.43702413375e-06
4.48859697518e-09	1.53523700419e-06
4.49226113598e-09	-1.16554036822e-06
4.49592529678e-09	-3.77711666033e-06
4.49958945757e-09	-5.4232571074e-06
4.50325361837e-09	-5.56376392069e-06
4.50691777916e-09	-4.18908484789e-06
4.51058193996e-09	-1.81316755743e-06
4.51424610076e-09	7.30227185386e-07
4.51791026155e-09	2.60561756704e-06
4.52157442235e-09	3.28398635929e-06
4.52523858314e-09	2.72220916031e-06
4.52890274394e-09	1.34903234539e-06
4.53256690474e-09	-1.30879021398e-07
4.53623106553e-09	-1.03188121159e-06
4.53989522633e-09	-9.6315559972e-07
4.54355938712e-09	2.21839164816e-08
4.54722354792e-09	1.45878644275e-06
4.55088770872e-09	2.66549426442e-06
4.55455186951e-09	3.02549017306e-06
4.55821603031e-09	2.23947563427e-06
4.5618801911e-09	4.5254590475e-07
4.5655443519e-09	-1.79335333428e-06
4.5692085127e-09	-3.76196061325e-06
4.57287267349e-09	-4.79889274629e-06
4.57653683429e-09	-4.57406065379e-06
4.58020099508e-09	-3.19671465832e-06
4.58386515588e-09	-1.16166589237e-06
4.58752931668e-09	8.47344225008e-07
4.59119347747e-09	2.21694779157e-06
4.59485763827e-09	2.6237399311e-06
4.59852179907e-09	2.131650092e-06
4.60218595986e-09	1.13497890197e-06
4.60585012066e-09	1.76285070097e-07
4.60951428145e-09	-2.84112999793e-07
4.61317844225e-09	-5.41303464274e-08
4.61684260305e-09	7.20220029393e-07
4.62050676384e-09	1.6262058864e-06
4.62417092464e-09	2.16395932284e-06
4.62783508543e-09	1.96042537937e-06
4.63149924623e-09	9.30122169507e-07
4.63516340703e-09	-6.8060852243e-07
4.63882756782e-09	-2.38289874233e-06
4.64249172862e-09	-3.62975720236e-06
4.64615588941e-09	-4.02175709269e-06
4.64982005021e-09	-3.45190125017e-06
4.65348421101e-09	-2.13583086861e-06
4.6571483718e-09	-5.18900407087e-07
4.6608125326e-09	8.98145373185e-07
4.66447669339e-09	1.74440731371e-06
4.66814085419e-09	1.90233865283e-06
4.67180501499e-09	1.52491710992e-06
4.67546917578e-09	9.4559277386e-07
4.67913333658e-09	5.21983480439e-07
4.68279749737e-09	4.79965855504e-07
4.68646165817e-09	8.2098722487e-07
4.69012581897e-09	1.32948963483e-06
4.69378997976e-09	1.67369316273e-06
4.69745414056e-09	1.55638642241e-06
4.70111830136e-09	8.50874116054e-07
4.70478246215e-09	-3.33602329761e-07
4.70844662295e-09	-1.68462480588e-06
4.71211078374e-09	-2.80171127542e-06
4.71577494454e-09	-3.34697779181e-06
4.71943910534e-09	-3.16911962273e-06
4.72310326613e-09	-2.3534210527e-06
4.72676742693e-09	-1.17971688951e-06
4.73043158772e-09	-9.5356562646e-09
4.73409574852e-09	8.5097330782e-07
4.73775990932e-09	1.25676831431e-06
4.74142407011e-09	1.25844923105e-06
4.74508823091e-09	1.05513009885e-06
4.7487523917e-09	8.88977993441e-07
4.7524165525e-09	9.28189493266e-07
4.7560807133e-09	1.18826125117e-06
4.75974487409e-09	1.52544785692e-06
4.76340903489e-09	1.70349946416e-06
4.76707319568e-09	1.50464296667e-06
4.77073735648e-09	8.35406765987e-07
4.77440151728e-09	-2.17841940042e-07
4.77806567807e-09	-1.40858890063e-06
4.78172983887e-09	-2.41604544726e-06
4.78539399966e-09	-2.96240961006e-06
4.78905816046e-09	-2.91346236736e-06
4.79272232126e-09	-2.32333832173e-06
4.79638648205e-09	-1.40648228353e-06
4.80005064285e-09	-4.50318601963e-07
4.80371480365e-09	2.95319395605e-07
4.80737896444e-09	7.07289004254e-07
4.81104312524e-09	8.20905242449e-07
4.81470728603e-09	7.93328226223e-07
4.81837144683e-09	8.15667945631e-07
4.82203560763e-09	1.01352503634e-06
4.82569976842e-09	1.37989502491e-06
4.82936392922e-09	1.7708671578e-06
4.83302809001e-09	1.96604645453e-06
4.83669225081e-09	1.76794202389e-06
4.84035641161e-09	1.09660462044e-06
4.8440205724e-09	3.9539164165e-08
4.8476847332e-09	-1.16575944276e-06
4.85134889399e-09	-2.2101205559e-06
4.85501305479e-09	-2.82131782114e-06
4.85867721559e-09	-2.86069814592e-06
4.86234137638e-09	-2.3694886977e-06
4.86600553718e-09	-1.54695615606e-06
4.86966969797e-09	-6.68881824595e-07
4.87333385877e-09	2.02521324155e-08
4.87699801957e-09	3.97885905556e-07
4.88066218036e-09	4.98784743286e-07
4.88432634116e-09	4.81806551988e-07
4.88799050195e-09	5.42982448337e-07
4.89165466275e-09	8.14226666535e-07
4.89531882355e-09	1.29173673713e-06
4.89898298434e-09	1.82641340984e-06
4.90264714514e-09	2.18025030563e-06
4.90631130593e-09	2.12605914385e-06
4.90997546673e-09	1.54890503268e-06
4.91363962753e-09	5.0783764749e-07
4.91730378832e-09	-7.6889266154e-07
4.92096794912e-09	-1.95541957737e-06
4.92463210992e-09	-2.74048994697e-06
4.92829627071e-09	-2.9377687838e-06
4.93196043151e-09	-2.55016914252e-06
4.9356245923e-09	-1.76236065386e-06
4.9392887531e-09	-8.63437207954e-07
4.9429529139e-09	-1.31792614155e-07
4.94661707469e-09	2.71084743986e-07
4.95028123549e-09	3.53557659594e-07
