% time-domain voltage integration by openEMS v0.0.36-93-g7b9cd51 @Wed Sep 23 15:34:57 2026
% start-coordinates: (-0.007,0,-0.000535) m -> [10,22,35]
% stop-coordinates: (-0.007,0,0.00025) m -> [10,22,45]
% t/s	voltag0	-0	-1.31.31476236814e-12	2.07182033307e-02.62.62952473628e-12	-1.38740368083e-03.93.94428710442e-12	-1.76282859599e-05.25.25904947257e-12	-6.71605820912e-06.56.57381184071e-12	-1.87237766909e-07.87.88857420885e-12	-4.31423253531e-09.29.20333657699e-12	-8.52557795952e-01.01.05180989451e-11	-0.000145879529111.18328613133e-11	-0.0002143833808081.1.31476236814e-11	-0.0002617622094481.1.44623860496e-11	-0.0002392915102971.1.57771484177e-11	-8.90794515271e-051.1.70919107858e-11	0.0002313008708371.1.8406673154e-11	0.0007170709177441.1.97214355221e-11	0.0012938945947122.10361978903e-11	0.00182337109436
2.23509602584e-11	0.00214385955769
2.36657226265e-11	0.00213373439328
2.49804849947e-11	0.00176697641291
2.62952473628e-11	0.00113044906448
2.7610009731e-11	0.000391458719605
2.89247720991e-11	-0.000268280298769
3.02395344673e-11	-0.000718445589882
3.15542968354e-11	-0.000915152091693
3.28690592035e-11	-0.000894952590897
3.41838215717e-11	-0.000739887123927
3.54985839398e-11	-0.000536515692147
3.6813346308e-11	-0.00034779690759
3.81281086761e-11	-0.000204360191674
3.94428710442e-11	-0.0001106163445
4.07576334124e-11	-5.66979604173e-05
4.20723957805e-11	-2.89387029397e-05
4.33871581487e-11	-1.58340395444e-05
4.47019205168e-11	-9.86272079473e-06
4.6016682885e-11	-6.9602103121e-06
4.73314452531e-11	-5.27465123312e-06
4.86462076212e-11	-4.02937403265e-06
4.99609699894e-11	-3.05713656346e-06
5.12757323575e-11	-2.31275772933e-06
5.25904947257e-11	-1.74486287463e-06
5.39052570938e-11	-1.3134832848e-06
5.52200194619e-11	-9.84814747085e-07
5.65347818301e-11	-7.33667221198e-07
5.78495441982e-11	-5.4276372552e-07
5.91643065664e-11	-3.98761173415e-07
6.04790689345e-11	-2.90110541812e-07
6.17938313026e-11	-2.07284530873e-07
6.31085936708e-11	-1.42898464617e-07
6.44233560389e-11	-9.12278608212e-08
6.57381184071e-11	-4.84331641459e-08
6.70528807752e-11	-1.31637349909e-08
6.83676431434e-11	1.38341595957e-08
6.96824055115e-11	3.15221575509e-08
7.09971678796e-11	4.04820055255e-08
7.23119302478e-11	4.35568394686e-08
7.36266926159e-11	4.47233357015e-08
7.49414549841e-11	4.71448522443e-08
7.62562173522e-11	5.17643794495e-08
7.75709797203e-11	5.74430305544e-08
7.88857420885e-11	6.23713674042e-08
8.02005044566e-11	6.55166567665e-08
8.15152668248e-11	6.70470439168e-08
8.28300291929e-11	6.76988760606e-08
8.41447915611e-11	6.79789187163e-08
8.54595539292e-11	6.79493683542e-08
8.67743162973e-11	6.7574606577e-08
8.80890786655e-11	6.70596047581e-08
8.94038410336e-11	6.68480288901e-08
9.07186034018e-11	6.73331757017e-08
9.20333657699e-11	6.86809127348e-08
9.3348128138e-11	7.07749916451e-08
9.46628905062e-11	7.32457101638e-08
9.59776528743e-11	7.55513489548e-08
9.72924152425e-11	7.70583308274e-08
9.86071776106e-11	7.70864307942e-08
9.99219399788e-11	7.52491680078e-08
1.01236702347e-10	7.19023371953e-08
1.02551464715e-10	6.82102427874e-08
1.03866227083e-10	6.57462266851e-08
1.05180989451e-10	6.57170664553e-08
1.06495751819e-10	6.82444591948e-08
1.07810514188e-10	7.21362565237e-08
1.09125276556e-10	7.55433779975e-08
1.10440038924e-10	7.70484183121e-08
1.11754801292e-10	7.6417093986e-08
1.1306956366e-10	7.4480815293e-08
1.14384326028e-10	7.23988504703e-08
1.15699088396e-10	7.09260126186e-08
1.17013850765e-10	7.01855489282e-08
1.18328613133e-10	6.99118940517e-08
1.19643375501e-10	6.9868945296e-08
1.20958137869e-10	7.00053304215e-08
1.22272900237e-10	7.03232378996e-08
1.23587662605e-10	7.07136704747e-08
1.24902424973e-10	7.0991286627e-08
1.26217187342e-10	7.10544609817e-08
1.2753194971e-10	7.09741483362e-08
1.28846712078e-10	7.09157736978e-08
1.30161474446e-10	7.0991311496e-08
1.31476236814e-10	7.12169123673e-08
1.32790999182e-10	7.15384222971e-08
1.3410576155e-10	7.1906362642e-08
1.35420523919e-10	7.2273084406e-08
1.36735286287e-10	7.25695796788e-08
1.38050048655e-10	7.26908906401e-08
1.39364811023e-10	7.25385502776e-08
1.40679573391e-10	7.20995165793e-08
1.41994335759e-10	7.14635666199e-08
1.43309098127e-10	7.07463163607e-08
1.44623860496e-10	7.0100766969e-08
1.45938622864e-10	6.9682687176e-08
1.47253385232e-10	6.96228310559e-08
1.485681476e-10	6.99992162012e-08
1.49882909968e-10	7.0774045291e-08
1.51197672336e-10	7.17640800119e-08
1.52512434704e-10	7.26798061734e-08
1.53827197073e-10	7.32564471306e-08
1.55141959441e-10	7.33586054125e-08
1.56456721809e-10	7.30371096935e-08
1.57771484177e-10	7.24635880189e-08
1.59086246545e-10	7.18623303086e-08
1.60401008913e-10	7.13966334942e-08
1.61715771281e-10	7.11198770986e-08
1.6303053365e-10	7.09862204573e-08
1.64345296018e-10	7.09233161089e-08
1.65660058386e-10	7.09002021537e-08
1.66974820754e-10	7.09495777684e-08
1.68289583122e-10	7.11380847562e-08
1.6960434549e-10	7.14795183043e-08
1.70919107858e-10	7.18857320336e-08
1.72233870227e-10	7.2175619259e-08
1.73548632595e-10	7.21968289596e-08
1.74863394963e-10	7.19310575548e-08
1.76178157331e-10	7.15232770787e-08
1.77492919699e-10	7.11848313628e-08
1.78807682067e-10	7.1072324026e-08
1.80122444435e-10	7.12151964066e-08
1.81437206804e-10	7.15257284511e-08
1.82751969172e-10	7.18604509231e-08
1.8406673154e-10	7.2077731339e-08
1.85381493908e-10	7.20863750914e-08
1.86696256276e-10	7.18674675326e-08
1.88011018644e-10	7.14943224622e-08
1.89325781012e-10	7.11273093756e-08
1.90640543381e-10	7.09348340067e-08
1.91955305749e-10	7.09891905259e-08
1.93270068117e-10	7.12120558077e-08
1.94584830485e-10	7.1431354165e-08
1.95899592853e-10	7.14920842526e-08
1.97214355221e-10	7.13611774117e-08
1.98529117589e-10	7.11416658916e-08
1.99843879958e-10	7.09848491098e-08
2.01158642326e-10	7.09907324037e-08
2.02473404694e-10	7.11513967744e-08
2.03788167062e-10	7.13921108897e-08
2.0510292943e-10	7.16268528933e-08
2.06417691798e-10	7.18044494974e-08
2.07732454166e-10	7.19015735839e-08
2.09047216534e-10	7.19066965971e-08
2.10361978903e-10	7.1808151425e-08
2.11676741271e-10	7.16209234142e-08
2.12991503639e-10	7.13981043177e-08
2.14306266007e-10	7.12176371209e-08
2.15621028375e-10	7.11368164374e-08
2.16935790743e-10	7.11623071581e-08
2.18250553111e-10	7.12563403837e-08
2.1956531548e-10	7.13666770125e-08
2.20880077848e-10	7.14703558558e-08
2.22194840216e-10	7.15706560683e-08
2.23509602584e-10	7.16768928655e-08
2.24824364952e-10	7.17789907512e-08
2.2613912732e-10	7.18548767153e-08
2.27453889688e-10	7.18895831753e-08
2.28768652057e-10	7.18931039145e-08
2.30083414425e-10	7.18874231254e-08
2.31398176793e-10	7.18895192264e-08
2.32712939161e-10	7.18920096787e-08
2.34027701529e-10	7.18723454085e-08
2.35342463897e-10	7.18041297532e-08
2.36657226265e-10	7.16766157538e-08
2.37971988634e-10	7.15027850262e-08
2.39286751002e-10	7.13153545107e-08
2.4060151337e-10	7.11545267151e-08
2.41916275738e-10	7.10506489199e-08
2.43231038106e-10	7.1015867853e-08
2.44545800474e-10	7.10328960096e-08
2.45860562842e-10	7.10760117428e-08
2.47175325211e-10	7.1124165224e-08
2.48490087579e-10	7.11817227383e-08
2.49804849947e-10	7.1256684997e-08
2.51119612315e-10	7.13556316256e-08
2.52434374683e-10	7.14646111177e-08
2.53749137051e-10	7.1563674986e-08
2.55063899419e-10	7.16343420137e-08
2.56378661788e-10	7.16814723134e-08
2.57693424156e-10	7.17210246748e-08
2.59008186524e-10	7.17649433213e-08
2.60322948892e-10	7.18071424544e-08
2.6163771126e-10	7.18265509292e-08
2.62952473628e-10	7.18006800682e-08
2.64267235996e-10	7.17224386548e-08
2.65581998365e-10	7.16018631053e-08
2.66896760733e-10	7.14653607403e-08
2.68211523101e-10	7.13365393423e-08
2.69526285469e-10	7.12368075639e-08
2.70841047837e-10	7.11776264595e-08
2.72155810205e-10	7.11655010477e-08
2.73470572573e-10	7.11949885712e-08
2.74785334942e-10	7.12507803868e-08
2.7610009731e-10	7.13142140896e-08
2.77414859678e-10	7.13683361298e-08
2.78729622046e-10	7.14063359553e-08
2.80044384414e-10	7.14312511363e-08
2.81359146782e-10	7.14543544333e-08
2.8267390915e-10	7.14836607685e-08
2.83988671519e-10	7.1525742662e-08
2.85303433887e-10	7.15823160746e-08
2.86618196255e-10	7.16507484455e-08
2.87932958623e-10	7.17223427316e-08
2.89247720991e-10	7.17824617524e-08
2.90562483359e-10	7.18123400745e-08
2.91877245727e-10	7.17979018461e-08
2.93192008096e-10	7.17391541727e-08
2.94506770464e-10	7.16538428591e-08
2.95821532832e-10	7.1568588389e-08
2.971362952e-10	7.15030834542e-08
2.98451057568e-10	7.14668955126e-08
2.99765819936e-10	7.14537149449e-08
3.01080582304e-10	7.14535515201e-08
3.02395344673e-10	7.1455338535e-08
3.03710107041e-10	7.14564540871e-08
3.05024869409e-10	7.14549228675e-08
3.06339631777e-10	7.14498247234e-08
3.07654394145e-10	7.14360828269e-08
3.08969156513e-10	7.14131607182e-08
3.10283918881e-10	7.13830514698e-08
3.1159868125e-10	7.13539725083e-08
3.12913443618e-10	7.13363723648e-08
3.14228205986e-10	7.13393282226e-08
3.15542968354e-10	7.13642718253e-08
3.16857730722e-10	7.14073875585e-08
3.1817249309e-10	7.14594596829e-08
3.19487255458e-10	7.15094250481e-08
3.20802017827e-10	7.15496559778e-08
3.22116780195e-10	7.15770616111e-08
3.23431542563e-10	7.15905903448e-08
3.24746304931e-10	7.15899721726e-08
3.26061067299e-10	7.15765251513e-08
3.27375829667e-10	7.15525123596e-08
3.28690592035e-10	7.15257533201e-08
3.30005354404e-10	7.15037904442e-08
3.31320116772e-10	7.14948269476e-08
3.3263487914e-10	7.14985111117e-08
3.33949641508e-10	7.15089205627e-08
3.35264403876e-10	7.15137558061e-08
3.36579166244e-10	7.15066326151e-08
3.37893928612e-10	7.14845631578e-08
3.3920869098e-10	7.14538321844e-08
3.40523453349e-10	7.14227814669e-08
3.41838215717e-10	7.14024599446e-08
3.43152978085e-10	7.13983956402e-08
3.44467740453e-10	7.14128445267e-08
3.45782502821e-10	7.14409251756e-08
3.47097265189e-10	7.1475837693e-08
3.48412027557e-10	7.15081815983e-08
3.49726789926e-10	7.15335053414e-08
3.51041552294e-10	7.15467143309e-08
3.52356314662e-10	7.15495351855e-08
3.5367107703e-10	7.15455525935e-08
3.54985839398e-10	7.15423800202e-08
3.56300601766e-10	7.15454744338e-08
3.57615364134e-10	7.15578947208e-08
3.58930126503e-10	7.15759282954e-08
3.60244888871e-10	7.15904482362e-08
3.61559651239e-10	7.15910415394e-08
3.62874413607e-10	7.15717112243e-08
3.64189175975e-10	7.15362515891e-08
3.65503938343e-10	7.14968519944e-08
3.66818700711e-10	7.14663519474e-08
3.6813346308e-10	7.14517538469e-08
3.69448225448e-10	7.14498282761e-08
3.70762987816e-10	7.14517573996e-08
3.72077750184e-10	7.14480163921e-08
3.73392512552e-10	7.14345516073e-08
3.7470727492e-10	7.14175376615e-08
3.76022037288e-10	7.14046377581e-08
3.77336799657e-10	7.14032379889e-08
3.78651562025e-10	7.14157719628e-08
3.79966324393e-10	7.1440648064e-08
3.81281086761e-10	7.14720043149e-08
3.82595849129e-10	7.15058083856e-08
3.83910611497e-10	7.15362231674e-08
3.85225373865e-10	7.15590031675e-08
3.86540136234e-10	7.15685812835e-08
3.87854898602e-10	7.15640018356e-08
3.8916966097e-10	7.15449806066e-08
3.90484423338e-10	7.15179941935e-08
3.91799185706e-10	7.14901977616e-08
3.93113948074e-10	7.14722920847e-08
3.94428710442e-10	7.14667676149e-08
3.95743472811e-10	7.14747505626e-08
3.97058235179e-10	7.14895618259e-08
3.98372997547e-10	7.15062631329e-08
3.99687759915e-10	7.15182890687e-08
4.01002522283e-10	7.15244317107e-08
4.02317284651e-10	7.15232344461e-08
4.03632047019e-10	7.15170989096e-08
4.04946809388e-10	7.15071939439e-08
	-9.28368493192e-12
3.97058235179e-10	-9.28368493192e-12
3.98372997547e-10	-9.28368493192e-12
3.99687759915e-10	-9.28368493192e-12
4.01002522283e-10	-9.28368493192e-12
4.02317284651e-10	-9.28368493192e-12
4.03632047019e-10	-9.28368493192e-12
4.04946809388e-10	-9.28368493192e-12
