% time-domain voltage integration by openEMS v0.0.36-93-g7b9cd51 @Thu Sep 24 16:28:11 2026
% start-coordinates: (0.0583,0,0.000142394) m -> [75,3,5]
% stop-coordinates: (0.0583,0,0.0021) m -> [75,3,7]
% t/s	voltage
0	-0
3.63987608265e-12	-0
7.27975216529e-12	-0
1.09196282479e-11	-0
1.45595043306e-11	-0
1.81993804132e-11	-0
2.18392564959e-11	-7.51271874139e-35
2.54791325785e-11	-4.51700484485e-31
2.91190086612e-11	-3.67694548678e-28
3.27588847438e-11	-8.52423195474e-26
3.63987608265e-11	-7.84714031075e-24
4.00386369091e-11	-3.53533697629e-22
4.36785129918e-11	-9.05408452292e-21
4.73183890744e-11	-1.47138727418e-19
5.09582651571e-11	-1.64872080976e-18
5.45981412397e-11	-1.35794086648e-17
5.82380173224e-11	-8.64111397946e-17
6.1877893405e-11	-4.41764137497e-16
6.55177694876e-11	-1.8710814868e-15
6.91576455703e-11	-6.72421710919e-15
7.27975216529e-11	-2.08636412183e-14
7.64373977356e-11	-5.64500135614e-14
8.00772738182e-11	-1.33124187265e-13
8.37171499009e-11	-2.6846303365e-13
8.73570259835e-11	-4.33162498383e-13
9.09969020662e-11	-4.16602224994e-13
9.46367781488e-11	5.00971958145e-13
9.82766542315e-11	4.24382333745e-12
1.01916530314e-10	1.52601570703e-11
1.05556406397e-10	4.27873960221e-11
1.09196282479e-10	1.04375473542e-10
1.12836158562e-10	2.30803744172e-10
1.16476034645e-10	4.7206814846e-10
1.20115910727e-10	9.03251348716e-10
1.2375578681e-10	1.62774071999e-09
1.27395662893e-10	2.77343503718e-09
1.31035538975e-10	4.47539050263e-09
1.34675415058e-10	6.83614309605e-09
1.38315291141e-10	9.85305748102e-09
1.41955167223e-10	1.3301153956e-08
1.45595043306e-10	1.65605338331e-08
1.49234919389e-10	1.83804738096e-08
1.52874795471e-10	1.65783646811e-08
1.56514671554e-10	7.6814091754e-09
1.60154547636e-10	-1.34667001994e-08
1.63794423719e-10	-5.40937454829e-08
1.67434299802e-10	-1.23820543152e-07
1.71074175884e-10	-2.34833592572e-07
1.74714051967e-10	-4.01811817596e-07
1.7835392805e-10	-6.41503149268e-07
1.81993804132e-10	-9.71856849219e-07
1.85633680215e-10	-1.41064350601e-06
1.89273556298e-10	-1.97353742237e-06
1.9291343238e-10	-2.67167584411e-06
1.96553308463e-10	-3.50878548261e-06
2.00193184546e-10	-4.47800499614e-06
2.03833060628e-10	-5.55855854145e-06
2.07472936711e-10	-6.71256520945e-06
2.11112812794e-10	-7.88221814219e-06
2.14752688876e-10	-8.98772350411e-06
2.18392564959e-10	-9.92640627828e-06
2.22032441041e-10	-1.05734203544e-05
2.25672317124e-10	-1.07844458626e-05
2.29312193207e-10	-1.04007265236e-05
2.32952069289e-10	-9.25639085381e-06
2.36591945372e-10	-7.18794899512e-06
2.40231821455e-10	-4.04541356147e-06
2.43871697537e-10	2.95717462961e-07
2.4751157362e-10	5.92231276642e-06
2.51151449703e-10	1.28721821966e-05
2.54791325785e-10	2.11239698729e-05
2.58431201868e-10	3.05889543597e-05
2.62071077951e-10	4.11050955336e-05
2.65710954033e-10	5.24343313373e-05
2.69350830116e-10	6.42634940959e-05
2.72990706199e-10	7.62101026339e-05
2.76630582281e-10	8.78338396433e-05
2.80270458364e-10	9.86536688288e-05
2.83910334446e-10	0.000108170534077
2.87550210529e-10	0.000115894137707
2.91190086612e-10	0.000121370698253
2.94829962694e-10	0.000124210328067
2.98469838777e-10	0.000124110585602
3.0210971486e-10	0.0001208752401
3.05749590942e-10	0.000114427666631
3.09389467025e-10	0.000104819762782
3.13029343108e-10	9.22363815334e-05
3.1666921919e-10	7.69962553022e-05
3.20309095273e-10	5.95485344093e-05
3.23948971356e-10	4.04615539082e-05
3.27588847438e-10	2.04042739824e-05
3.31228723521e-10	1.16214259549e-07
3.34868599604e-10	-1.96311675609e-05
3.38508475686e-10	-3.80792739634e-05
3.42148351769e-10	-5.45278071513e-05
3.45788227851e-10	-6.83737544023e-05
3.49428103934e-10	-7.91401007518e-05
3.53067980017e-10	-8.64912180987e-05
3.56707856099e-10	-9.02379315448e-05
3.60347732182e-10	-9.03348300199e-05
3.63987608265e-10	-8.68776442076e-05
3.67627484347e-10	-8.01008709459e-05
3.7126736043e-10	-7.03779114701e-05
3.74907236513e-10	-5.82175534873e-05
3.78547112595e-10	-4.4250816245e-05
3.82186988678e-10	-2.92018598884e-05
3.85826864761e-10	-1.38423006319e-05
3.89466740843e-10	1.06742282924e-06
3.93106616926e-10	1.4837732806e-05
3.96746493009e-10	2.68991889243e-05
4.00386369091e-10	3.68296246052e-05
4.04026245174e-10	4.43560802523e-05
4.07666121256e-10	4.93357119922e-05
4.11305997339e-10	5.17283760928e-05
4.14945873422e-10	5.157470423e-05
4.18585749504e-10	4.8990101277e-05
4.22225625587e-10	4.41771662736e-05
4.2586550167e-10	3.74465603272e-05
4.29505377752e-10	2.92321096822e-05
4.33145253835e-10	2.00823801606e-05
4.36785129918e-10	1.0620859257e-05
4.40425006e-10	1.47675658013e-06
4.44064882083e-10	-6.79556740124e-06
4.47704758166e-10	-1.37854890454e-05
4.51344634248e-10	-1.92603188225e-05
4.54984510331e-10	-2.31534468185e-05
4.58624386414e-10	-2.55128729805e-05
4.62264262496e-10	-2.64317395704e-05
4.65904138579e-10	-2.59906660176e-05
4.69544014661e-10	-2.42369360421e-05
4.73183890744e-10	-2.12099555483e-05
4.76823766827e-10	-1.70009529938e-05
4.80463642909e-10	-1.18185076872e-05
4.84103518992e-10	-6.025170876e-06
4.87743395075e-10	-1.19500927598e-07
4.91383271157e-10	5.34061740609e-06
4.9502314724e-10	9.8520405345e-06
4.98663023323e-10	1.30788573642e-05
5.02302899405e-10	1.49187844727e-05
5.05942775488e-10	1.54962897341e-05
5.09582651571e-10	1.50813323216e-05
5.13222527653e-10	1.39650601341e-05
5.16862403736e-10	1.23418160456e-05
5.20502279819e-10	1.02486013702e-05
5.24142155901e-10	7.58798205425e-06
5.27782031984e-10	4.22821727852e-06
5.31421908066e-10	1.3790857345e-07
5.35061784149e-10	-4.50497009297e-06
5.38701660232e-10	-9.28258384647e-06
5.42341536314e-10	-1.36087703595e-05
5.45981412397e-10	-1.68835576915e-05
5.4962128848e-10	-1.86744941857e-05
5.53261164562e-10	-1.88529422758e-05
5.56901040645e-10	-1.76271962573e-05
5.60540916728e-10	-1.54527767791e-05
5.6418079281e-10	-1.28511824187e-05
5.67820668893e-10	-1.0207920468e-05
5.71460544976e-10	-7.63401612858e-06
5.75100421058e-10	-4.95152886515e-06
5.78740297141e-10	-1.81455769166e-06
5.82380173224e-10	2.08221825915e-06
5.86020049306e-10	6.79407560256e-06
5.89659925389e-10	1.20098154639e-05
5.93299801471e-10	1.70850842096e-05
5.96939677554e-10	2.1224280772e-05
6.00579553637e-10	2.37439192006e-05
6.04219429719e-10	2.43147660512e-05
6.07859305802e-10	2.30814041515e-05
6.11499181885e-10	2.06048116524e-05
6.15139057967e-10	1.7643340243e-05
6.1877893405e-10	1.48563055973e-05
6.22418810133e-10	1.25500960166e-05
6.26058686215e-10	1.05750661987e-05
6.29698562298e-10	8.42233419007e-06
6.33338438381e-10	5.48667679823e-06
6.36978314463e-10	1.38889809875e-06
6.40618190546e-10	-3.77940574481e-06
6.44258066629e-10	-9.39916105835e-06
6.47897942711e-10	-1.44903601722e-05
6.51537818794e-10	-1.804384965e-05
6.55177694876e-10	-1.93890662104e-05
6.58817570959e-10	-1.8447010234e-05
6.62457447042e-10	-1.57614476848e-05
6.66097323124e-10	-1.22873191231e-05
6.69737199207e-10	-9.01598991732e-06
6.7337707529e-10	-6.58600720271e-06
6.77016951372e-10	-5.04050399286e-06
6.80656827455e-10	-3.83602747434e-06
6.84296703538e-10	-2.10770798503e-06
6.8793657962e-10	9.13301647643e-07
6.91576455703e-10	5.50285068357e-06
6.95216331786e-10	1.12379573238e-05
6.98856207868e-10	1.7079765712e-05
7.02496083951e-10	2.17224701373e-05
7.06135960034e-10	2.40740723711e-05
7.09775836116e-10	2.36736111674e-05
7.13415712199e-10	2.08723897686e-05
7.17055588281e-10	1.66981681105e-05
7.20695464364e-10	1.24521072848e-05
7.24335340447e-10	9.1965472393e-06
7.27975216529e-10	7.34193258722e-06
7.31615092612e-10	6.50335209684e-06
7.35254968695e-10	5.69234242676e-06
7.38894844777e-10	3.77165127929e-06
7.4253472086e-10	-9.67974500554e-09
7.46174596943e-10	-5.6249446061e-06
7.49814473025e-10	-1.21920670608e-05
7.53454349108e-10	-1.82552039405e-05
7.57094225191e-10	-2.23202218876e-05
7.60734101273e-10	-2.34290043863e-05
7.64373977356e-10	-2.15363302232e-05
7.68013853439e-10	-1.75301718173e-05
7.71653729521e-10	-1.28818692247e-05
7.75293605604e-10	-9.06459979433e-06
7.78933481686e-10	-6.97528150795e-06
7.82573357769e-10	-6.59419504245e-06
7.86213233852e-10	-7.02388001628e-06
7.89853109934e-10	-6.89457954195e-06
7.93492986017e-10	-4.97574262681e-06
7.971328621e-10	-7.44487870463e-07
8.00772738182e-10	5.325757229e-06
8.04412614265e-10	1.18850254012e-05
8.08052490348e-10	1.71970771135e-05
8.1169236643e-10	1.98076775177e-05
8.15332242513e-10	1.9118328737e-05
8.18972118596e-10	1.56270145908e-05
8.22611994678e-10	1.07324260625e-05
8.26251870761e-10	6.17834018612e-06
8.29891746844e-10	3.36393372891e-06
8.33531622926e-10	2.80063841274e-06
8.37171499009e-10	3.93562328327e-06
8.40811375092e-10	5.41210420124e-06
8.44451251174e-10	5.66101971344e-06
8.48091127257e-10	3.58484817298e-06
8.51731003339e-10	-9.43473395409e-07
8.55370879422e-10	-6.97269888406e-06
8.59010755505e-10	-1.28074314034e-05
8.62650631587e-10	-1.66574252489e-05
8.6629050767e-10	-1.73426979018e-05
8.69930383753e-10	-1.47664584347e-05
8.73570259835e-10	-9.95875211629e-06
8.77210135918e-10	-4.66844522862e-06
8.80850012001e-10	-6.69125434172e-07
8.84489888083e-10	9.37093503239e-07
8.88129764166e-10	1.34066766577e-07
8.91769640249e-10	-2.04001591442e-06
8.95409516331e-10	-3.95236219219e-06
8.99049392414e-10	-4.0724485757e-06
9.02689268497e-10	-1.62432885986e-06
9.06329144579e-10	3.06646370518e-06
9.09969020662e-10	8.66993877935e-06
9.13608896744e-10	1.33565981741e-05
9.17248772827e-10	1.55120094405e-05
9.2088864891e-10	1.43771940202e-05
9.24528524992e-10	1.03556524209e-05
9.28168401075e-10	4.85891308699e-06
9.31808277158e-10	-2.49992005763e-07
9.3544815324e-10	-3.38923655363e-06
9.39088029323e-10	-3.86800422802e-06
9.42727905406e-10	-2.12610279959e-06
9.46367781488e-10	4.87141186056e-07
9.50007657571e-10	2.29588351885e-06
9.53647533654e-10	2.00026735797e-06
9.57287409736e-10	-7.83971088936e-07
9.60927285819e-10	-5.35821322956e-06
9.64567161902e-10	-1.02055555544e-05
9.68207037984e-10	-1.35796506129e-05
9.71846914067e-10	-1.41869061281e-05
9.75486790149e-10	-1.16961845151e-05
9.79126666232e-10	-6.87443480274e-06
9.82766542315e-10	-1.29215939637e-06
9.86406418397e-10	3.28696705765e-06
9.9004629448e-10	5.58750213031e-06
9.93686170563e-10	5.29957310391e-06
9.97326046645e-10	3.16035925607e-06
1.00096592273e-09	6.14644655172e-07
1.00460579881e-09	-7.98363515742e-07
1.00824567489e-09	-7.77996174151e-08
1.01188555098e-09	2.83760789443e-06
1.01552542706e-09	7.04812362073e-06
1.01916530314e-09	1.10470697336e-05
1.02280517922e-09	1.33051801186e-05
1.02644505531e-09	1.28599201616e-05
1.03008493139e-09	9.68762037701e-06
1.03372480747e-09	4.71845476113e-06
1.03736468355e-09	-5.1322004424e-07
1.04100455964e-09	-4.45045350261e-06
1.04464443572e-09	-6.10085487551e-06
1.0482843118e-09	-5.39594185511e-06
1.05192418789e-09	-3.17965299246e-06
1.05556406397e-09	-8.35505986174e-07
1.05920394005e-09	2.89346687055e-07
1.06284381613e-09	-5.7349705429e-07
1.06648369222e-09	-3.31737857096e-06
1.0701235683e-09	-7.01405201653e-06
1.07376344438e-09	-1.02803096524e-05
1.07740332046e-09	-1.18083682992e-05
1.08104319655e-09	-1.08600770545e-05
1.08468307263e-09	-7.54753227739e-06
1.08832294871e-09	-2.80013861698e-06
1.09196282479e-09	1.97102627908e-06
1.09560270088e-09	5.39164773272e-06
1.09924257696e-09	6.63129310396e-06
1.10288245304e-09	5.70222124452e-06
1.10652232912e-09	3.42825711641e-06
1.11016220521e-09	1.09537498361e-06
1.11380208129e-09	-7.28920686588e-08
1.11744195737e-09	5.98797207374e-07
1.12108183346e-09	2.98119294939e-06
1.12472170954e-09	6.20302398602e-06
1.12836158562e-09	8.99345752714e-06
1.1320014617e-09	1.01651897921e-05
1.13564133779e-09	9.05970796339e-06
1.13928121387e-09	5.79909340104e-06
1.14292108995e-09	1.25801918216e-06
1.14656096603e-09	-3.23840390593e-06
1.15020084212e-09	-6.38978497136e-06
1.1538407182e-09	-7.39897757285e-06
1.15748059428e-09	-6.26880932941e-06
1.16112047036e-09	-3.79251105187e-06
1.16476034645e-09	-1.23161940735e-06
1.16840022253e-09	1.91493843005e-07
1.17204009861e-09	-2.19471189666e-07
1.1756799747e-09	-2.36514856056e-06
1.17931985078e-09	-5.39793893495e-06
1.18295972686e-09	-8.05652155123e-06
1.18659960294e-09	-9.14984809697e-06
1.19023947903e-09	-8.0097792079e-06
1.19387935511e-09	-4.7525068112e-06
1.19751923119e-09	-2.58588048752e-07
1.20115910727e-09	4.12704565633e-06
1.20479898336e-09	7.077786222e-06
1.20843885944e-09	7.78096045906e-06
1.21207873552e-09	6.2546424715e-06
1.2157186116e-09	3.34736392915e-06
1.21935848769e-09	4.04333988513e-07
1.22299836377e-09	-1.27329134614e-06
1.22663823985e-09	-9.5397732025e-07
1.23027811593e-09	1.23265336072e-06
1.23391799202e-09	4.35457366166e-06
1.2375578681e-09	7.05302727511e-06
1.24119774418e-09	8.07746448572e-06
1.24483762027e-09	6.77136313243e-06
1.24847749635e-09	3.33231548666e-06
1.25211737243e-09	-1.24281673664e-06
1.25575724851e-09	-5.50958554868e-06
1.2593971246e-09	-8.10469066437e-06
1.26303700068e-09	-8.26386656172e-06
1.26667687676e-09	-6.128429618e-06
1.27031675284e-09	-2.70427884175e-06
1.27395662893e-09	5.31146604033e-07
1.27759650501e-09	2.22545941142e-06
1.28123638109e-09	1.70471713545e-06
1.28487625717e-09	-7.53485508653e-07
1.28851613326e-09	-4.04186886271e-06
1.29215600934e-09	-6.68192194553e-06
1.29579588542e-09	-7.4210230423e-06
1.29943576151e-09	-5.72696126255e-06
1.30307563759e-09	-1.99505262799e-06
1.30671551367e-09	2.59718237317e-06
1.31035538975e-09	6.52628591524e-06
1.31399526584e-09	8.49097170885e-06
1.31763514192e-09	7.90770650383e-06
1.321275018e-09	5.14502568194e-06
1.32491489408e-09	1.39194430915e-06
1.32855477017e-09	-1.80767673896e-06
1.33219464625e-09	-3.17901310609e-06
1.33583452233e-09	-2.23995334636e-06
1.33947439841e-09	5.03813254227e-07
1.3431142745e-09	3.77916325078e-06
1.34675415058e-09	6.08240293332e-06
1.35039402666e-09	6.29735473012e-06
1.35403390274e-09	4.13704447055e-06
1.35767377883e-09	2.42873969825e-07
1.36131365491e-09	-4.07571872074e-06
1.36495353099e-09	-7.3437906849e-06
1.36859340708e-09	-8.47351839184e-06
1.37223328316e-09	-7.16843328519e-06
1.37587315924e-09	-4.0344422132e-06
1.37951303532e-09	-3.49126814569e-07
1.38315291141e-09	2.4364659339e-06
1.38679278749e-09	3.27789513221e-06
1.39043266357e-09	1.96167459876e-06
1.39407253965e-09	-8.12396621086e-07
1.39771241574e-09	-3.73462273728e-06
1.40135229182e-09	-5.44191397012e-06
1.4049921679e-09	-5.08230289142e-06
1.40863204398e-09	-2.64659524873e-06
1.41227192007e-09	1.05551096397e-06
1.41591179615e-09	4.73794182199e-06
1.41955167223e-09	7.14020166015e-06
1.42319154832e-09	7.49141952383e-06
1.4268314244e-09	5.77582244432e-06
1.43047130048e-09	2.71934854368e-06
1.43411117656e-09	-4.91628973975e-07
1.43775105265e-09	-2.66310320285e-06
1.44139092873e-09	-3.05517806964e-06
1.44503080481e-09	-1.67223331005e-06
1.44867068089e-09	7.46606119151e-07
1.45231055698e-09	3.04369990545e-06
1.45595043306e-09	4.13321606629e-06
1.45959030914e-09	3.44877071257e-06
1.46323018522e-09	1.15501890718e-06
1.46687006131e-09	-1.95316104623e-06
1.47050993739e-09	-4.79377786178e-06
1.47414981347e-09	-6.41947451641e-06
1.47778968955e-09	-6.34948514744e-06
1.48142956564e-09	-4.70712836886e-06
1.48506944172e-09	-2.14228924733e-06
1.4887093178e-09	4.16509720935e-07
1.49234919389e-09	2.0963400118e-06
1.49598906997e-09	2.3940333449e-06
1.49962894605e-09	1.35935420076e-06
1.50326882213e-09	-4.30621462044e-07
1.50690869822e-09	-2.11011851547e-06
1.5105485743e-09	-2.88299938234e-06
1.51418845038e-09	-2.34553775158e-06
1.51782832646e-09	-6.31183638689e-07
1.52146820255e-09	1.67451381117e-06
1.52510807863e-09	3.78975943249e-06
1.52874795471e-09	5.03437485122e-06
1.53238783079e-09	5.05033881382e-06
1.53602770688e-09	3.88564041032e-06
1.53966758296e-09	1.94665517483e-06
1.54330745904e-09	-1.43749815606e-07
1.54694733513e-09	-1.74202807557e-06
1.55058721121e-09	-2.39013473902e-06
1.55422708729e-09	-1.97548615688e-06
1.55786696337e-09	-7.8000641679e-07
1.56150683946e-09	6.19953532066e-07
1.56514671554e-09	1.57821068569e-06
1.56878659162e-09	1.63510665629e-06
1.5724264677e-09	6.92443293815e-07
1.57606634379e-09	-9.65271482301e-07
1.57970621987e-09	-2.79522811297e-06
1.58334609595e-09	-4.19601565227e-06
1.58698597203e-09	-4.70049013757e-06
1.59062584812e-09	-4.11038274706e-06
1.5942657242e-09	-2.55503982771e-06
1.59790560028e-09	-4.69403666159e-07
1.60154547636e-09	1.51669470938e-06
1.60518535245e-09	2.77330605059e-06
1.60882522853e-09	2.90229777988e-06
1.61246510461e-09	1.91554468643e-06
1.6161049807e-09	2.62645343696e-07
1.61974485678e-09	-1.32906430395e-06
1.62338473286e-09	-2.14516984443e-06
1.62702460894e-09	-1.77659734391e-06
1.63066448503e-09	-2.85322030891e-07
1.63430436111e-09	1.82016131589e-06
1.63794423719e-09	3.7747934698e-06
1.64158411327e-09	4.83044811972e-06
1.64522398936e-09	4.51979633453e-06
1.64886386544e-09	2.83354236785e-06
1.65250374152e-09	2.56766462314e-07
1.6561436176e-09	-2.36439174728e-06
1.65978349369e-09	-4.10964702269e-06
1.66342336977e-09	-4.34201172084e-06
1.66706324585e-09	-2.99348562294e-06
1.67070312194e-09	-6.36588112002e-07
1.67434299802e-09	1.72109284335e-06
1.6779828741e-09	3.04810492935e-06
1.68162275018e-09	2.72706293458e-06
1.68526262627e-09	8.21010488039e-07
1.68890250235e-09	-1.94677218701e-06
1.69254237843e-09	-4.48147682164e-06
1.69618225451e-09	-5.74519992824e-06
1.6998221306e-09	-5.15685024993e-06
1.70346200668e-09	-2.82158293885e-06
1.70710188276e-09	4.86501292585e-07
1.71074175884e-09	3.58835791303e-06
1.71438163493e-09	5.33402885594e-06
1.71802151101e-09	5.05990692545e-06
1.72166138709e-09	2.88782612756e-06
1.72530126317e-09	-2.80766656147e-07
1.72894113926e-09	-3.10707355311e-06
1.73258101534e-09	-4.36920669245e-06
1.73622089142e-09	-3.48880627143e-06
1.73986076751e-09	-7.8995384456e-07
1.74350064359e-09	2.62971525444e-06
1.74714051967e-09	5.35521041911e-06
1.75078039575e-09	6.23377957254e-06
1.75442027184e-09	4.83589747091e-06
1.75806014792e-09	1.6221700605e-06
1.761700024e-09	-2.23393303145e-06
1.76533990008e-09	-5.29218812062e-06
1.76897977617e-09	-6.39831228e-06
1.77261965225e-09	-5.14372709404e-06
1.77625952833e-09	-2.05264746e-06
1.77989940441e-09	1.59727005666e-06
1.7835392805e-09	4.27689036542e-06
1.78717915658e-09	4.84063355088e-06
1.79081903266e-09	3.02331915236e-06
1.79445890875e-09	-4.30014431174e-07
1.79809878483e-09	-4.07111315326e-06
1.80173866091e-09	-6.3601257807e-06
1.80537853699e-09	-6.30982322036e-06
1.80901841308e-09	-3.88531935869e-06
1.81265828916e-09	-3.17875592515e-09
1.81629816524e-09	3.84936936371e-06
1.81993804132e-09	6.20686284947e-06
1.82357791741e-09	6.19612490027e-06
1.82721779349e-09	3.87454491602e-06
1.83085766957e-09	2.11682834816e-07
1.83449754565e-09	-3.28514425973e-06
1.83813742174e-09	-5.17050642657e-06
1.84177729782e-09	-4.65629744895e-06
1.8454171739e-09	-1.95376523493e-06
1.84905704998e-09	1.79908258247e-06
1.85269692607e-09	5.00998385178e-06
1.85633680215e-09	6.30691909009e-06
1.85997667823e-09	5.11670469905e-06
1.86361655432e-09	1.89440635268e-06
1.8672564304e-09	-2.08557423775e-06
1.87089630648e-09	-5.26942511669e-06
1.87453618256e-09	-6.45439490654e-06
1.87817605865e-09	-5.253017207e-06
1.88181593473e-09	-2.22201219913e-06
1.88545581081e-09	1.37592979854e-06
1.88909568689e-09	4.07698047411e-06
1.89273556298e-09	4.79571332335e-06
1.89637543906e-09	3.26075513613e-06
1.90001531514e-09	1.30797918274e-07
1.90365519122e-09	-3.26879069235e-06
1.90729506731e-09	-5.4943081409e-06
1.91093494339e-09	-5.59085106033e-06
1.91457481947e-09	-3.49430928281e-06
1.91821469556e-09	-4.83866253731e-08
1.92185457164e-09	3.36619541486e-06
1.92549444772e-09	5.41836777757e-06
1.9291343238e-09	5.3679138432e-06
1.93277419989e-09	3.33752700499e-06
1.93641407597e-09	2.24429200557e-07
1.94005395205e-09	-2.68688836513e-06
1.94369382813e-09	-4.24171230407e-06
1.94733370422e-09	-3.86115164019e-06
1.9509735803e-09	-1.75544823833e-06
1.95461345638e-09	1.17008109157e-06
1.95825333246e-09	3.68279057739e-06
1.96189320855e-09	4.7245365522e-06
1.96553308463e-09	3.84761352734e-06
1.96917296071e-09	1.39910441987e-06
1.97281283679e-09	-1.63146739851e-06
1.97645271288e-09	-4.03745258382e-06
1.98009258896e-09	-4.90356069349e-06
1.98373246504e-09	-3.97278887476e-06
1.98737234113e-09	-1.7191267716e-06
1.99101221721e-09	8.85472232426e-07
1.99465209329e-09	2.78886977867e-06
1.99829196937e-09	3.27776911035e-06
2.00193184546e-09	2.23529082177e-06
2.00557172154e-09	1.55216223874e-07
2.00921159762e-09	-2.07453109624e-06
2.0128514737e-09	-3.52900542566e-06
2.01649134979e-09	-3.61007619176e-06
2.02013122587e-09	-2.27945221809e-06
2.02377110195e-09	-6.86951420192e-08
2.02741097803e-09	2.14413427102e-06
2.03105085412e-09	3.50116658865e-06
2.0346907302e-09	3.51835899437e-06
2.03833060628e-09	2.27125033803e-06
2.04197048237e-09	3.36109167165e-07
2.04561035845e-09	-1.4761591558e-06
2.04925023453e-09	-2.46370549917e-06
2.05289011061e-09	-2.30425109748e-06
2.0565299867e-09	-1.15035201986e-06
2.06016986278e-09	4.67389178027e-07
2.06380973886e-09	1.86937950275e-06
2.06744961494e-09	2.49209205094e-06
2.07108949103e-09	2.09362670489e-06
2.07472936711e-09	8.32913372051e-07
2.07836924319e-09	-8.01547528795e-07
2.08200911927e-09	-2.1872565128e-06
2.08564899536e-09	-2.8151643221e-06
2.08928887144e-09	-2.4894323758e-06
2.09292874752e-09	-1.3956462368e-06
2.0965686236e-09	-8.2621629538e-09
2.10020849969e-09	1.11820007476e-06
2.10384837577e-09	1.57711221505e-06
2.10748825185e-09	1.25777748394e-06
2.11112812794e-09	3.603695653e-07
2.11476800402e-09	-7.11147563948e-07
2.1184078801e-09	-1.51859779862e-06
2.12204775618e-09	-1.75052718987e-06
2.12568763227e-09	-1.32250137597e-06
2.12932750835e-09	-3.92850004971e-07
2.13296738443e-09	7.0241939909e-07
2.13660726051e-09	1.57273106538e-06
2.1402471366e-09	1.9150946855e-06
2.14388701268e-09	1.62571379292e-06
2.14752688876e-09	8.36845714502e-07
2.15116676484e-09	-1.3884043959e-07
2.15480664093e-09	-9.35254860224e-07
2.15844651701e-09	-1.27661556348e-06
2.16208639309e-09	-1.07688175888e-06
2.16572626918e-09	-4.58344224796e-07
2.16936614526e-09	3.09547548483e-07
2.17300602134e-09	9.17298152103e-07
2.17664589742e-09	1.1251659231e-06
2.18028577351e-09	8.41281476482e-07
2.18392564959e-09	1.49432247909e-07
2.18756552567e-09	-7.18334398186e-07
2.19120540175e-09	-1.45755862491e-06
2.19484527784e-09	-1.79746623985e-06
2.19848515392e-09	-1.6034882151e-06
2.20212503e-09	-9.3632287701e-07
2.20576490608e-09	-3.78235092136e-08
2.20940478217e-09	7.57949123908e-07
2.21304465825e-09	1.15537682177e-06
2.21668453433e-09	1.01522252294e-06
2.22032441041e-09	4.10490905267e-07
2.2239642865e-09	-4.02341875372e-07
2.22760416258e-09	-1.08338755922e-06
2.23124403866e-09	-1.34031324706e-06
2.23488391475e-09	-1.04161195225e-06
2.23852379083e-09	-2.71541345853e-07
2.24216366691e-09	6.94233435183e-07
2.24580354299e-09	1.48654137888e-06
2.24944341908e-09	1.78345254653e-06
2.25308329516e-09	1.44257735712e-06
2.25672317124e-09	5.70453771331e-07
2.26036304732e-09	-5.06455130278e-07
2.26400292341e-09	-1.36569185827e-06
2.26764279949e-09	-1.66182701378e-06
2.27128267557e-09	-1.27529503402e-06
2.27492255165e-09	-3.7079844617e-07
2.27856242774e-09	6.64186558197e-07
2.28220230382e-09	1.37773697872e-06
2.2858421799e-09	1.44274740421e-06
2.28948205599e-09	7.97706988465e-07
2.29312193207e-09	-3.20385836972e-07
2.29676180815e-09	-1.46647545307e-06
2.30040168423e-09	-2.1662746974e-06
2.30404156032e-09	-2.11230118907e-06
2.3076814364e-09	-1.29789967218e-06
2.31132131248e-09	-3.08485788025e-08
2.31496118856e-09	1.1835252991e-06
2.31860106465e-09	1.84751880283e-06
2.32224094073e-09	1.68193088257e-06
2.32588081681e-09	7.52767682854e-07
2.32952069289e-09	-5.45250088635e-07
2.33316056898e-09	-1.64749769738e-06
2.33680044506e-09	-2.05815356935e-06
2.34044032114e-09	-1.56710012789e-06
2.34408019722e-09	-3.49293408419e-07
2.34772007331e-09	1.09977059992e-06
2.35135994939e-09	2.1694672796e-06
2.35499982547e-09	2.39343961539e-06
2.35863970156e-09	1.65237779015e-06
2.36227957764e-09	2.31985698207e-07
2.36591945372e-09	-1.2903263098e-06
2.3695593298e-09	-2.28485185971e-06
2.37319920589e-09	-2.33470748867e-06
2.37683908197e-09	-1.41658581754e-06
2.38047895805e-09	8.13798610722e-08
2.38411883413e-09	1.51543741822e-06
2.38775871022e-09	2.25472686566e-06
2.3913985863e-09	1.95209551634e-06
2.39503846238e-09	7.01701011963e-07
2.39867833846e-09	-9.88757875575e-07
2.40231821455e-09	-2.40569934817e-06
2.40595809063e-09	-2.9330000757e-06
2.40959796671e-09	-2.32168395087e-06
2.4132378428e-09	-8.05513053592e-07
2.41687771888e-09	9.90809212453e-07
2.42051759496e-09	2.31523878824e-06
2.42415747104e-09	2.6099320678e-06
2.42779734713e-09	1.75205488517e-06
2.43143722321e-09	1.09284343353e-07
2.43507709929e-09	-1.61293650081e-06
2.43871697537e-09	-2.66861854925e-06
2.44235685146e-09	-2.58718463897e-06
2.44599672754e-09	-1.3767833309e-06
2.44963660362e-09	4.71303266636e-07
2.4532764797e-09	2.18241206085e-06
2.45691635579e-09	3.02267702068e-06
2.46055623187e-09	2.61388737499e-06
2.46419610795e-09	1.10390942609e-06
2.46783598403e-09	-8.85676101348e-07
2.47147586012e-09	-2.51912965155e-06
2.4751157362e-09	-3.10431499884e-06
2.47875561228e-09	-2.39426654502e-06
2.48239548837e-09	-6.97430401431e-07
2.48603536445e-09	1.25272430296e-06
2.48967524053e-09	2.61247646449e-06
2.49331511661e-09	2.78939478449e-06
2.4969549927e-09	1.69502655467e-06
2.50059486878e-09	-2.17765190769e-07
2.50423474486e-09	-2.14538536625e-06
2.50787462094e-09	-3.27106346276e-06
2.51151449703e-09	-3.10870865405e-06
2.51515437311e-09	-1.71051618736e-06
2.51879424919e-09	3.48631470359e-07
2.52243412527e-09	2.20806859375e-06
2.52607400136e-09	3.08413245875e-06
2.52971387744e-09	2.6069407113e-06
2.53335375352e-09	9.84707895668e-07
2.53699362961e-09	-1.08051727921e-06
2.54063350569e-09	-2.69397426678e-06
2.54427338177e-09	-3.15514961358e-06
2.54791325785e-09	-2.26080331345e-06
2.55155313394e-09	-3.90851681686e-07
2.55519301002e-09	1.65835018606e-06
2.5588328861e-09	3.01675171954e-06
2.56247276218e-09	3.10969119255e-06
2.56611263827e-09	1.89746708656e-06
2.56975251435e-09	-1.11889537635e-07
2.57339239043e-09	-2.07791666185e-06
2.57703226651e-09	-3.17999632671e-06
2.5806721426e-09	-2.96210930628e-06
2.58431201868e-09	-1.5264380977e-06
2.58795189476e-09	5.06675952749e-07
2.59159177084e-09	2.26036229378e-06
2.59523164693e-09	2.9767099079e-06
2.59887152301e-09	2.34480629047e-06
2.60251139909e-09	6.36270868881e-07
2.60615127518e-09	-1.41327785741e-06
2.60979115126e-09	-2.92525160717e-06
2.61343102734e-09	-3.25837856963e-06
2.61707090342e-09	-2.28034997463e-06
2.62071077951e-09	-4.15952847277e-07
2.62435065559e-09	1.54313175926e-06
2.62799053167e-09	2.77827265904e-06
2.63163040775e-09	2.78717465108e-06
2.63527028384e-09	1.58871668532e-06
2.63891015992e-09	-2.91340825243e-07
2.642550036e-09	-2.04488759437e-06
2.64618991208e-09	-2.92273358582e-06
2.64982978817e-09	-2.55182632714e-06
2.65346966425e-09	-1.09456611597e-06
2.65710954033e-09	8.20553324843e-07
2.66074941642e-09	2.36993753333e-06
2.6643892925e-09	2.89211999416e-06
2.66802916858e-09	2.1732290918e-06
2.67166904466e-09	5.34413686637e-07
2.67530892075e-09	-1.31568930328e-06
2.67894879683e-09	-2.59360825794e-06
2.68258867291e-09	-2.77780043234e-06
2.68622854899e-09	-1.82259950066e-06
2.68986842508e-09	-1.63861420432e-07
2.69350830116e-09	1.47748430379e-06
2.69714817724e-09	2.4044460929e-06
2.70078805332e-09	2.23449995929e-06
2.70442792941e-09	1.05405351292e-06
2.70806780549e-09	-6.23978735348e-07
2.71170768157e-09	-2.08059660167e-06
2.71534755765e-09	-2.69751205906e-06
2.71898743374e-09	-2.22063317779e-06
2.72262730982e-09	-8.67115772962e-07
2.7262671859e-09	7.73245972141e-07
2.72990706199e-09	1.99856773975e-06
2.73354693807e-09	2.3014527244e-06
2.73718681415e-09	1.58420320417e-06
2.74082669023e-09	1.89059065292e-07
2.74446656632e-09	-1.26376110643e-06
2.7481064424e-09	-2.15118637925e-06
2.75174631848e-09	-2.11193486166e-06
2.75538619456e-09	-1.18887639644e-06
2.75902607065e-09	2.03999267256e-07
2.76266594673e-09	1.46676845247e-06
2.76630582281e-09	2.06969073702e-06
2.76994569889e-09	1.77273309987e-06
2.77358557498e-09	7.20307262725e-07
2.77722545106e-09	-6.2686353175e-07
2.78086532714e-09	-1.6929973583e-06
2.78450520323e-09	-2.03644998464e-06
2.78814507931e-09	-1.53766180233e-06
2.79178495539e-09	-4.4396143295e-07
2.79542483147e-09	7.48490940339e-07
2.79906470756e-09	1.51946210281e-06
2.80270458364e-09	1.55229449206e-06
2.80634445972e-09	8.62693028125e-07
2.8099843358e-09	-2.23975685998e-07
2.81362421189e-09	-1.22793638013e-06
2.81726408797e-09	-1.72735826709e-06
2.82090396405e-09	-1.53315085072e-06
2.82454384013e-09	-7.56609992436e-07
2.82818371622e-09	2.52292288394e-07
2.8318235923e-09	1.06188716131e-06
2.83546346838e-09	1.34361488335e-06
2.83910334446e-09	1.00679744719e-06
2.84274322055e-09	2.29008541908e-07
2.84638309663e-09	-6.29802620722e-07
2.85002297271e-09	-1.1901910284e-06
2.8536628488e-09	-1.22100132671e-06
2.85730272488e-09	-7.35742560209e-07
2.86094260096e-09	2.45102702578e-08
2.86458247704e-09	7.10308462715e-07
2.86822235313e-09	1.02626908927e-06
2.87186222921e-09	8.58977259099e-07
2.87550210529e-09	3.146745442e-07
2.87914198137e-09	-3.44098772587e-07
2.88278185746e-09	-8.25868482934e-07
2.88642173354e-09	-9.40089705637e-07
2.89006160962e-09	-6.72002848034e-07
2.8937014857e-09	-1.75859378615e-07
2.89734136179e-09	3.05133589507e-07
2.90098123787e-09	5.52337887427e-07
2.90462111395e-09	4.68153729116e-07
2.90826099004e-09	1.14097884918e-07
2.91190086612e-09	-3.25195006923e-07
2.9155407422e-09	-6.34146338996e-07
2.91918061828e-09	-6.70759696675e-07
2.92282049437e-09	-4.32898396241e-07
2.92646037045e-09	-5.43823848176e-08
2.93010024653e-09	2.67141274435e-07
2.93374012261e-09	3.7213833437e-07
2.9373799987e-09	2.19537525936e-07
2.94101987478e-09	-9.59175849857e-08
2.94465975086e-09	-3.96014009141e-07
2.94829962694e-09	-5.12838596478e-07
2.95193950303e-09	-3.75357238624e-07
2.95557937911e-09	-4.61628872905e-08
2.95921925519e-09	3.09140236965e-07
2.96285913127e-09	5.03843757826e-07
2.96649900736e-09	4.23588460308e-07
2.97013888344e-09	8.71784990863e-08
2.97377875952e-09	-3.55719805611e-07
2.97741863561e-09	-6.90668308323e-07
2.98105851169e-09	-7.40349143769e-07
2.98469838777e-09	-4.55089505635e-07
2.98833826385e-09	5.23047845036e-08
2.99197813994e-09	5.48987898696e-07
2.99561801602e-09	7.86384191542e-07
2.9992578921e-09	6.20626842363e-07
3.00289776818e-09	9.0849290757e-08
3.00653764427e-09	-5.85604134073e-07
3.01017752035e-09	-1.10385002472e-06
3.01381739643e-09	-1.21006885934e-06
3.01745727251e-09	-8.23957307716e-07
3.0210971486e-09	-8.6995415316e-08
3.02473702468e-09	6.89856378244e-07
3.02837690076e-09	1.15870304285e-06
3.03201677685e-09	1.091016955e-06
3.03565665293e-09	4.86762182561e-07
3.03929652901e-09	-4.13474623429e-07
3.04293640509e-09	-1.22371378097e-06
3.04657628118e-09	-1.57681932933e-06
3.05021615726e-09	-1.2883584759e-06
3.05385603334e-09	-4.47482889854e-07
3.05749590942e-09	6.08512998213e-07
3.06113578551e-09	1.43039639511e-06
3.06477566159e-09	1.64903232758e-06
3.06841553767e-09	1.14098132542e-06
3.07205541375e-09	9.38780093662e-08
3.07569528984e-09	-1.06257687094e-06
3.07933516592e-09	-1.83418751476e-06
3.082975042e-09	-1.87537048646e-06
3.08661491808e-09	-1.14451245281e-06
3.09025479417e-09	6.79599532205e-08
3.09389467025e-09	1.25545135177e-06
3.09753454633e-09	1.90733987893e-06
3.10117442242e-09	1.72835987655e-06
3.1048142985e-09	7.69947817503e-07
3.10845417458e-09	-5.84052543218e-07
3.11209405066e-09	-1.77311187599e-06
3.11573392675e-09	-2.29364903248e-06
3.11937380283e-09	-1.91228619428e-06
3.12301367891e-09	-7.69414711499e-07
3.12665355499e-09	6.72713824201e-07
3.13029343108e-09	1.81763905971e-06
3.13393330716e-09	2.18280101194e-06
3.13757318324e-09	1.60405542715e-06
3.14121305932e-09	3.10462986874e-07
3.14485293541e-09	-1.16599878197e-06
3.14849281149e-09	-2.20987814714e-06
3.15213268757e-09	-2.38002178321e-06
3.15577256366e-09	-1.59636783792e-06
3.15941243974e-09	-1.75571432948e-07
3.16305231582e-09	1.2998600738e-06
3.1666921919e-09	2.2235965389e-06
3.17033206799e-09	2.21607405138e-06
3.17397194407e-09	1.28006335842e-06
3.17761182015e-09	-2.0286686464e-07
3.18125169623e-09	-1.62974637874e-06
3.18489157232e-09	-2.4229320843e-06
3.1885314484e-09	-2.26404887371e-06
3.19217132448e-09	-1.22214993326e-06
3.19581120056e-09	2.76037201985e-07
3.19945107665e-09	1.6203750306e-06
3.20309095273e-09	2.26641003565e-06
3.20673082881e-09	1.95652199864e-06
3.21037070489e-09	8.22923354349e-07
3.21401058098e-09	-6.70038552641e-07
3.21765045706e-09	-1.9192838181e-06
3.22129033314e-09	-2.42959873731e-06
3.22493020923e-09	-2.01124132104e-06
3.22857008531e-09	-8.48073213433e-07
3.23220996139e-09	5.86102231637e-07
3.23584983747e-09	1.72391784758e-06
3.23948971356e-09	2.12946795841e-06
3.24312958964e-09	1.6642152616e-06
3.24676946572e-09	5.30804818766e-07
3.2504093418e-09	-8.15179376445e-07
3.25404921789e-09	-1.84798540204e-06
3.25768909397e-09	-2.17585815676e-06
3.26132897005e-09	-1.68864170291e-06
3.26496884613e-09	-5.92826687296e-07
3.26860872222e-09	6.76811438893e-07
3.2722485983e-09	1.63178398793e-06
3.27588847438e-09	1.91965361296e-06
3.27952835047e-09	1.45324796108e-06
3.28316822655e-09	4.32205197853e-07
3.28680810263e-09	-7.46220003123e-07
3.29044797871e-09	-1.64439097716e-06
3.2940878548e-09	-1.94620253069e-06
3.29772773088e-09	-1.56370236937e-06
3.30136760696e-09	-6.56452023406e-07
3.30500748304e-09	4.36187619357e-07
3.30864735913e-09	1.31984577934e-06
3.31228723521e-09	1.68327963479e-06
3.31592711129e-09	1.40396699067e-06
3.31956698737e-09	5.87177936495e-07
3.32320686346e-09	-4.733735679e-07
3.32684673954e-09	-1.40014626027e-06
3.33048661562e-09	-1.86447630313e-06
3.3341264917e-09	-1.70115524156e-06
3.33776636779e-09	-9.64331562159e-07
3.34140624387e-09	9.21493050754e-08
3.34504611995e-09	1.10223568583e-06
3.34868599604e-09	1.71081273947e-06
3.35232587212e-09	1.69384108517e-06
3.3559657482e-09	1.03732467949e-06
3.35960562428e-09	-4.92483742676e-08
3.36324550037e-09	-1.193271018e-06
3.36688537645e-09	-1.97964220661e-06
3.37052525253e-09	-2.09734355394e-06
3.37416512861e-09	-1.46233286102e-06
3.3778050047e-09	-2.67455195768e-07
3.38144488078e-09	1.06841662273e-06
3.38508475686e-09	2.04390767067e-06
3.38872463294e-09	2.26239518497e-06
3.39236450903e-09	1.59317428938e-06
3.39600438511e-09	2.39917639533e-07
3.39964426119e-09	-1.31604116405e-06
3.40328413728e-09	-2.48413769555e-06
3.40692401336e-09	-2.78647053165e-06
3.41056388944e-09	-2.05181160595e-06
3.41420376552e-09	-5.04377837274e-07
3.41784364161e-09	1.29559053619e-06
3.42148351769e-09	2.6490960181e-06
3.42512339377e-09	2.98794060427e-06
3.42876326985e-09	2.11338189615e-06
3.43240314594e-09	3.03805713031e-07
3.43604302202e-09	-1.76570964072e-06
3.4396828981e-09	-3.27299034097e-06
3.44332277418e-09	-3.57667840944e-06
3.44696265027e-09	-2.48928972724e-06
3.45060252635e-09	-3.79408678697e-07
3.45424240243e-09	1.94999506675e-06
3.45788227851e-09	3.56697699999e-06
3.4615221546e-09	3.78377870902e-06
3.46516203068e-09	2.44836428465e-06
3.46880190676e-09	3.19534603221e-08
3.47244178285e-09	-2.53267234029e-06
3.47608165893e-09	-4.20916688881e-06
3.47972153501e-09	-4.27576014772e-06
3.48336141109e-09	-2.63627981667e-06
3.48700128718e-09	1.11135477709e-07
3.49064116326e-09	2.88786952751e-06
3.49428103934e-09	4.55846566183e-06
3.49792091542e-09	4.39643861228e-06
3.50156079151e-09	2.40074473368e-06
3.50520066759e-09	-6.76716304326e-07
3.50884054367e-09	-3.61404090654e-06
3.51248041975e-09	-5.20666736747e-06
3.51612029584e-09	-4.7628055313e-06
3.51976017192e-09	-2.40319096179e-06
3.523400048e-09	9.64204303955e-07
3.52703992409e-09	3.99314978949e-06
3.53067980017e-09	5.43753020565e-06
3.53431967625e-09	4.66475603389e-06
3.53795955233e-09	1.93204070342e-06
3.54159942842e-09	-1.69389443272e-06
3.5452393045e-09	-4.75276436873e-06
3.54887918058e-09	-5.97960053028e-06
3.55251905666e-09	-4.82991140416e-06
3.55615893275e-09	-1.72065037418e-06
3.55979880883e-09	2.11892955804e-06
3.56343868491e-09	5.13506722655e-06
3.56707856099e-09	6.08100629051e-06
3.57071843708e-09	4.53431221104e-06
3.57435831316e-09	1.08458219472e-06
3.57799818924e-09	-2.891505261e-06
3.58163806532e-09	-5.78110257266e-06
3.58527794141e-09	-6.39144911929e-06
3.58891781749e-09	-4.44305135261e-06
3.59255769357e-09	-6.96692232793e-07
3.59619756966e-09	3.34406701086e-06
3.59983744574e-09	6.03733963089e-06
3.60347732182e-09	6.27202723535e-06
3.6071171979e-09	3.92710541064e-06
3.61075707399e-09	-6.84316558974e-08
3.61439695007e-09	-4.10502525483e-06
3.61803682615e-09	-6.5431100893e-06
3.62167670223e-09	-6.38171320588e-06
3.62531657832e-09	-3.67080900787e-06
3.6289564544e-09	5.02679945669e-07
3.63259633048e-09	4.45212742761e-06
3.63623620656e-09	6.57534178572e-06
3.63987608265e-09	6.00665538286e-06
3.64351595873e-09	2.97127496651e-06
3.64715583481e-09	-1.30447635627e-06
3.6507957109e-09	-5.09017741024e-06
3.65443558698e-09	-6.85438521941e-06
3.65807546306e-09	-5.88565120552e-06
3.66171533914e-09	-2.57989725583e-06
3.66535521523e-09	1.72317714942e-06
3.66899509131e-09	5.28531035116e-06
3.67263496739e-09	6.67433812396e-06
3.67627484347e-09	5.34115321216e-06
3.67991471956e-09	1.83677732934e-06
3.68355459564e-09	-2.41623243369e-06
3.68719447172e-09	-5.70294344016e-06
3.6908343478e-09	-6.70927852298e-06
3.69447422389e-09	-5.04921672473e-06
3.69811409997e-09	-1.41303762291e-06
3.70175397605e-09	2.72013926406e-06
3.70539385213e-09	5.68646885313e-06
3.70903372822e-09	6.30972363069e-06
3.7126736043e-09	4.36911045654e-06
3.71631348038e-09	6.74933062328e-07
3.71995335647e-09	-3.27217793483e-06
3.72359323255e-09	-5.89404959328e-06
3.72723310863e-09	-6.16761701622e-06
3.73087298471e-09	-4.02317840553e-06
3.7345128608e-09	-3.54422500237e-07
3.73815273688e-09	3.35548207886e-06
3.74179261296e-09	5.63431501632e-06
3.74543248904e-09	5.6053184494e-06
3.74907236513e-09	3.32391499569e-06
3.75271224121e-09	-2.61826123449e-07
3.75635211729e-09	-3.70540908534e-06
3.75999199337e-09	-5.64685143445e-06
3.76363186946e-09	-5.35181629857e-06
3.76727174554e-09	-2.98908767604e-06
3.77091162162e-09	4.58773378398e-07
3.77455149771e-09	3.60695372592e-06
3.77819137379e-09	5.22772103295e-06
3.78183124987e-09	4.72958771525e-06
3.78547112595e-09	2.36896809724e-06
3.78911100204e-09	-8.78795574977e-07
3.79275087812e-09	-3.72401785853e-06
3.7963907542e-09	-5.07456786636e-06
3.80003063028e-09	-4.4522402618e-06
3.80367050637e-09	-2.15789219737e-06
3.80731038245e-09	8.69815664828e-07
3.81095025853e-09	3.43728049756e-06
3.81459013461e-09	4.56626594314e-06
3.8182300107e-09	3.86649753636e-06
3.82186988678e-09	1.66807043911e-06
3.82550976286e-09	-1.13133874891e-06
3.82914963894e-09	-3.43561885074e-06
3.83278951503e-09	-4.3815243771e-06
3.83642939111e-09	-3.66110464256e-06
3.84006926719e-09	-1.61367643159e-06
3.84370914328e-09	9.33860320629e-07
3.84734901936e-09	3.00304301959e-06
3.85098889544e-09	3.83703741136e-06
3.85462877152e-09	3.17179063813e-06
3.85826864761e-09	1.31109337076e-06
3.86190852369e-09	-1.00911633183e-06
3.86554839977e-09	-2.90921505552e-06
3.86918827585e-09	-3.69581852055e-06
3.87282815194e-09	-3.11266347808e-06
3.87646802802e-09	-1.42149787052e-06
3.8801079041e-09	7.12855005247e-07
3.88374778018e-09	2.48464019137e-06
3.88738765627e-09	3.25249101252e-06
3.89102753235e-09	2.76967449508e-06
3.89466740843e-09	1.2569877299e-06
3.89830728452e-09	-7.001541249e-07
3.9019471606e-09	-2.37912138346e-06
3.90558703668e-09	-3.18334798521e-06
3.90922691276e-09	-2.84656192662e-06
3.91286678885e-09	-1.51482777255e-06
3.91650666493e-09	3.15317279842e-07
3.92014654101e-09	1.97631999299e-06
3.92378641709e-09	2.86718855591e-06
3.92742629318e-09	2.66829016482e-06
3.93106616926e-09	1.45779226557e-06
3.93470604534e-09	-3.15486680336e-07
3.93834592142e-09	-1.99685445068e-06
3.94198579751e-09	-2.96783991871e-06
3.94562567359e-09	-2.87462310666e-06
3.94926554967e-09	-1.75543425485e-06
3.95290542575e-09	-2.29756309533e-08
3.95654530184e-09	1.68884704976e-06
3.96018517792e-09	2.75333945865e-06
3.963825054e-09	2.77546703842e-06
3.96746493009e-09	1.73485653931e-06
3.97110480617e-09	4.52781256932e-10
3.97474468225e-09	-1.79342208639e-06
3.97838455833e-09	-2.97252060477e-06
3.98202443442e-09	-3.07527307086e-06
3.9856643105e-09	-2.03785376129e-06
3.98930418658e-09	-2.34153382905e-07
3.99294406266e-09	1.65551773534e-06
3.99658393875e-09	2.90319641749e-06
4.00022381483e-09	3.01757015109e-06
4.00386369091e-09	1.9397938047e-06
4.00750356699e-09	7.03569753568e-08
4.01114344308e-09	-1.88153188674e-06
4.01478331916e-09	-3.16737191497e-06
4.01842319524e-09	-3.2834996091e-06
4.02206307133e-09	-2.16635385186e-06
4.02570294741e-09	-2.25152088973e-07
4.02934282349e-09	1.80232711955e-06
4.03298269957e-09	3.12559183158e-06
4.03662257566e-09	3.2094462199e-06
4.04026245174e-09	1.99542952828e-06
4.04390232782e-09	-5.88038764349e-08
4.0475422039e-09	-2.14932734366e-06
4.05118207999e-09	-3.44400439189e-06
4.05482195607e-09	-3.42007280096e-06
4.05846183215e-09	-2.07868876601e-06
4.06210170823e-09	5.34384660966e-08
4.06574158432e-09	2.13567909668e-06
4.0693814604e-09	3.34781344691e-06
4.07302133648e-09	3.2125534517e-06
4.07666121256e-09	1.78046184374e-06
4.08030108865e-09	-3.8985464812e-07
4.08394096473e-09	-2.44729727683e-06
4.08758084081e-09	-3.57834892384e-06
4.0912207169e-09	-3.32827920602e-06
4.09486059298e-09	-1.78798194383e-06
4.09850046906e-09	4.33197584471e-07
4.10214034514e-09	2.44625863388e-06
4.10578022123e-09	3.44229408711e-06
4.10942009731e-09	3.02423134713e-06
4.11305997339e-09	1.36958861674e-06
4.11669984947e-09	-8.46561050594e-07
4.12033972556e-09	-2.73275318818e-06
4.12397960164e-09	-3.54495659849e-06
4.12761947772e-09	-2.97994745324e-06
4.1312593538e-09	-1.28424285606e-06
4.13489922989e-09	8.56278717265e-07
4.13853910597e-09	2.59343119069e-06
4.14217898205e-09	3.24953083464e-06
4.14581885814e-09	2.57964421735e-06
4.14945873422e-09	8.64513481247e-07
4.1530986103e-09	-1.20222293276e-06
4.15673848638e-09	-2.79219241861e-06
4.16037836247e-09	-3.27697722469e-06
4.16401823855e-09	-2.48282825055e-06
4.16765811463e-09	-7.56171132821e-07
4.17129799071e-09	1.18803995974e-06
4.1749378668e-09	2.56858223224e-06
4.17857774288e-09	2.85771423592e-06
4.18221761896e-09	1.98278291919e-06
4.18585749504e-09	3.33246408246e-07
4.18949737113e-09	-1.41636090234e-06
4.19313724721e-09	-2.58321287561e-06
4.19677712329e-09	-2.73912093007e-06
4.20041699937e-09	-1.86217206988e-06
4.20405687546e-09	-3.29224967288e-07
4.20769675154e-09	1.24198723483e-06
4.21133662762e-09	2.23814092237e-06
4.21497650371e-09	2.2905258561e-06
4.21861637979e-09	1.4151240606e-06
4.22225625587e-09	-4.31744945351e-09
4.22589613195e-09	-1.38427549246e-06
4.22953600804e-09	-2.18666556862e-06
4.23317588412e-09	-2.13422404727e-06
4.2368157602e-09	-1.30435924461e-06
4.24045563628e-09	-7.02865410318e-08
4.24409551237e-09	1.07086491141e-06
4.24773538845e-09	1.70035539782e-06
4.25137526453e-09	1.62591513231e-06
4.25501514061e-09	9.29327441668e-07
4.2586550167e-09	-8.96357938984e-08
4.26229489278e-09	-1.03818709363e-06
4.26593476886e-09	-1.5772257882e-06
4.26957464495e-09	-1.53870229269e-06
4.27321452103e-09	-9.77075544029e-07
4.27685439711e-09	-1.35936137013e-07
4.28049427319e-09	6.55902020696e-07
4.28413414928e-09	1.11676241943e-06
4.28777402536e-09	1.11556968818e-06
4.29141390144e-09	7.03924371237e-07
4.29505377752e-09	7.06376450665e-08
4.29869365361e-09	-5.49489627133e-07
4.30233352969e-09	-9.63902479612e-07
4.30597340577e-09	-1.07320443021e-06
4.30961328185e-09	-8.77375356367e-07
4.31325315794e-09	-4.55476751426e-07
4.31689303402e-09	6.36088888228e-08
4.3205329101e-09	5.30093487328e-07
4.32417278618e-09	8.06485275007e-07
4.32781266227e-09	8.04284411515e-07
4.33145253835e-09	5.15975841608e-07
4.33509241443e-09	2.42910698223e-08
4.33873229052e-09	-5.19100595398e-07
4.3423721666e-09	-9.40685850992e-07
4.34601204268e-09	-1.09915926316e-06
4.34965191876e-09	-9.28469447103e-07
4.35329179485e-09	-4.60654405288e-07
4.35693167093e-09	1.74648036477e-07
4.36057154701e-09	7.75462851266e-07
4.36421142309e-09	1.12143912645e-06
4.36785129918e-09	1.05044219367e-06
4.37149117526e-09	5.36270043483e-07
4.37513105134e-09	-2.72372634669e-07
4.37877092742e-09	-1.08315551017e-06
4.38241080351e-09	-1.5660212398e-06
4.38605067959e-09	-1.4933345085e-06
4.38969055567e-09	-8.50209076475e-07
4.39333043176e-09	1.41733705661e-07
4.39697030784e-09	1.10285476751e-06
4.40061018392e-09	1.64467044783e-06
4.40425006e-09	1.5268118716e-06
4.40788993609e-09	7.59059417987e-07
4.41152981217e-09	-3.90056058563e-07
4.41516968825e-09	-1.483920542e-06
4.41880956433e-09	-2.0783076593e-06
4.42244944042e-09	-1.89897789937e-06
4.4260893165e-09	-9.68219808328e-07
4.42972919258e-09	3.77583695865e-07
4.43336906866e-09	1.60331725851e-06
4.43700894475e-09	2.18861836743e-06
4.44064882083e-09	1.85478558024e-06
4.44428869691e-09	7.00506824103e-07
4.44792857299e-09	-8.22337597128e-07
4.45156844908e-09	-2.08998690709e-06
4.45520832516e-09	-2.56816687738e-06
4.45884820124e-09	-2.03876408023e-06
4.46248807733e-09	-6.9525481905e-07
4.46612795341e-09	9.31352758471e-07
4.46976782949e-09	2.1830978767e-06
4.47340770557e-09	2.53853886534e-06
4.47704758166e-09	1.8265004087e-06
4.48068745774e-09	3.0730839029e-07
4.48432733382e-09	-1.4169371525e-06
4.4879672099e-09	-2.63647791598e-06
4.49160708599e-09	-2.82658760398e-06
4.49524696207e-09	-1.87812747754e-06
4.49888683815e-09	-1.60999620746e-07
4.50252671423e-09	1.61851934877e-06
4.50616659032e-09	2.71283494158e-06
4.5098064664e-09	2.65338448457e-06
4.51344634248e-09	1.45394309925e-06
4.51708621857e-09	-3.93430987344e-07
4.52072609465e-09	-2.12528453858e-06
4.52436597073e-09	-3.02531489638e-06
4.52800584681e-09	-2.71890860404e-06
4.5316457229e-09	-1.32554335153e-06
4.53528559898e-09	5.89138487328e-07
4.53892547506e-09	2.24024955742e-06
4.54256535114e-09	2.94185122129e-06
4.54620522723e-09	2.39111111e-06
4.54984510331e-09	8.02599799954e-07
4.55348497939e-09	-1.16975783726e-06
4.55712485547e-09	-2.70024247584e-06
4.56076473156e-09	-3.14057672313e-06
4.56440460764e-09	-2.3005925982e-06
4.56804448372e-09	-5.33634640476e-07
4.5716843598e-09	1.41409668686e-06
4.57532423589e-09	2.7241921714e-06
4.57896411197e-09	2.85362963837e-06
4.58260398805e-09	1.75929810098e-06
4.58624386414e-09	-9.25875927038e-08
4.58988374022e-09	-1.92784216324e-06
4.5935236163e-09	-2.98696244272e-06
4.59716349238e-09	-2.83598802753e-06
4.60080336847e-09	-1.54223201321e-06
4.60444324455e-09	3.53607266135e-07
4.60808312063e-09	2.05904808581e-06
4.61172299671e-09	2.8586264591e-06
4.6153628728e-09	2.41636388409e-06
4.61900274888e-09	9.21965948919e-07
4.62264262496e-09	-9.86586783824e-07
4.62628250104e-09	-2.49666717878e-06
4.62992237713e-09	-2.97172499586e-06
4.63356225321e-09	-2.22400035454e-06
4.63720212929e-09	-5.88426281922e-07
4.64084200538e-09	1.23053052903e-06
4.64448188146e-09	2.46589473818e-06
4.64812175754e-09	2.61168634097e-06
4.65176163362e-09	1.6267692331e-06
4.65540150971e-09	-5.92955604617e-08
4.65904138579e-09	-1.73312335505e-06
4.66268126187e-09	-2.69555701493e-06
4.66632113795e-09	-2.55068127331e-06
4.66996101404e-09	-1.36891013369e-06
4.67360089012e-09	3.42396177189e-07
4.6772407662e-09	1.85299313671e-06
4.68088064228e-09	2.52101420983e-06
4.68452051837e-09	2.06977821904e-06
4.68816039445e-09	7.06376496851e-07
4.69180027053e-09	-9.71756648482e-07
4.69544014661e-09	-2.24151114026e-06
4.6990800227e-09	-2.56952978361e-06
4.70271989878e-09	-1.83719703273e-06
4.70635977486e-09	-3.79558080965e-07
4.70999965095e-09	1.17078339201e-06
4.71363952703e-09	2.15882863586e-06
4.71727940311e-09	2.18125285301e-06
4.72091927919e-09	1.24682131286e-06
4.72455915528e-09	-2.35813853777e-07
4.72819903136e-09	-1.63417743693e-06
4.73183890744e-09	-2.35756425582e-06
4.73547878352e-09	-2.10531294442e-06
4.73911865961e-09	-9.94068031446e-07
4.74275853569e-09	4.91794075685e-07
4.74639841177e-09	1.70955510725e-06
4.75003828785e-09	2.13802758253e-06
4.75367816394e-09	1.60438179364e-06
4.75731804002e-09	3.55299487609e-07
4.7609579161e-09	-1.05840521769e-06
4.76459779219e-09	-2.02787882131e-06
4.76823766827e-09	-2.15040816443e-06
4.77187754435e-09	-1.39448063408e-06
4.77551742043e-09	-1.0063221012e-07
4.77915729652e-09	1.17385324927e-06
4.7827971726e-09	1.89325743349e-06
4.78643704868e-09	1.76502803129e-06
4.79007692476e-09	8.55631952845e-07
4.79371680085e-09	-4.41573099863e-07
4.79735667693e-09	-1.57325780492e-06
4.80099655301e-09	-2.05959568689e-06
4.80463642909e-09	-1.69851736587e-06
4.80827630518e-09	-6.52628408204e-07
4.81191618126e-09	6.21601365935e-07
4.81555605734e-09	1.57395402312e-06
4.81919593342e-09	1.8013337808e-06
4.82283580951e-09	1.22060542651e-06
4.82647568559e-09	9.73593321518e-08
4.83011556167e-09	-1.07881997735e-06
4.83375543776e-09	-1.81050259584e-06
4.83739531384e-09	-1.80259243621e-06
4.84103518992e-09	-1.07749075084e-06
4.844675066e-09	4.581115709e-08
4.84831494209e-09	1.09247670821e-06
4.85195481817e-09	1.62978386697e-06
4.85559469425e-09	1.44299843896e-06
4.85923457033e-09	6.20135800489e-07
4.86287444642e-09	-4.86955734402e-07
4.8665143225e-09	-1.4105458348e-06
4.87015419858e-09	-1.76449330525e-06
4.87379407466e-09	-1.40805437354e-06
4.87743395075e-09	-5.04140693636e-07
4.88107382683e-09	5.54741347969e-07
4.88471370291e-09	1.31975809836e-06
4.888353579e-09	1.4793675831e-06
4.89199345508e-09	9.86574534068e-07
4.89563333116e-09	6.74991200711e-08
4.89927320724e-09	-8.85593635758e-07
4.90291308333e-09	-1.48329806393e-06
4.90655295941e-09	-1.49607187439e-06
4.91019283549e-09	-9.38244141935e-07
4.91383271157e-09	-5.16319191846e-08
4.91747258766e-09	7.98057413931e-07
4.92111246374e-09	1.26944304668e-06
4.92475233982e-09	1.1807540119e-06
4.9283922159e-09	5.8062987307e-07
4.93203209199e-09	-2.74893569241e-07
4.93567196807e-09	-1.03040795807e-06
4.93931184415e-09	-1.38054679155e-06
4.94295172023e-09	-1.19617359928e-06
4.94659159632e-09	-5.72452179881e-07
4.9502314724e-09	2.20236657356e-07
4.95387134848e-09	8.56954031292e-07
4.95751122457e-09	1.09353784694e-06
4.96115110065e-09	8.58469093146e-07
4.96479097673e-09	2.67785523533e-07
4.96843085281e-09	-4.33496921914e-07
4.9720707289e-09	-9.73086116574e-07
4.97571060498e-09	-1.15361439157e-06
4.97935048106e-09	-9.20944629001e-07
4.98299035714e-09	-3.7759259186e-07
4.98663023323e-09	2.60155111675e-07
4.99027010931e-09	7.46133821394e-07
4.99390998539e-09	8.98639484603e-07
4.99754986147e-09	6.69760922278e-07
5.00118973756e-09	1.60745335265e-07
5.00482961364e-09	-4.22971865532e-07
5.00846948972e-09	-8.57012082633e-07
5.01210936581e-09	-9.86322788776e-07
5.01574924189e-09	-7.78813742386e-07
5.01938911797e-09	-3.27135317946e-07
5.02302899405e-09	1.95630782684e-07
5.02666887014e-09	6.02231537528e-07
5.03030874622e-09	7.54468253206e-07
5.0339486223e-09	6.04365304469e-07
5.03758849838e-09	2.06849865236e-07
5.04122837447e-09	-2.98500850704e-07
5.04486825055e-09	-7.3176378379e-07
5.04850812663e-09	-9.33582626317e-07
5.05214800271e-09	-8.24092609264e-07
5.0557878788e-09	-4.36994568531e-07
5.05942775488e-09	8.82192692231e-08
5.06306763096e-09	5.56595175283e-07
5.06670750704e-09	7.91374816345e-07
5.07034738313e-09	7.01403060077e-07
5.07398725921e-09	3.14769025067e-07
5.07762713529e-09	-2.31296180431e-07
5.08126701138e-09	-7.39290854312e-07
5.08490688746e-09	-1.01969770583e-06
5.08854676354e-09	-9.58105914606e-07
5.09218663962e-09	-5.59896271568e-07
5.09582651571e-09	4.2268318623e-08
5.09946639179e-09	6.2713404958e-07
5.10310626787e-09	9.62292531881e-07
5.10674614395e-09	8.96996965594e-07
5.11038602004e-09	4.32379152926e-07
5.11402589612e-09	-2.65705779157e-07
5.1176657722e-09	-9.24123000345e-07
5.12130564828e-09	-1.27135962202e-06
5.12494552437e-09	-1.15178450244e-06
5.12858540045e-09	-5.95450877938e-07
5.13222527653e-09	1.88299637216e-07
5.13586515262e-09	8.9058842434e-07
5.1395050287e-09	1.2247640484e-06
5.14314490478e-09	1.04106179322e-06
5.14678478086e-09	3.9158496179e-07
5.15042465695e-09	-4.81367358418e-07
5.15406453303e-09	-1.23202056557e-06
5.15770440911e-09	-1.5452851585e-06
5.16134428519e-09	-1.26871913153e-06
5.16498416128e-09	-4.87734048704e-07
5.16862403736e-09	4.94551095187e-07
5.17226391344e-09	1.27333211708e-06
5.17590378952e-09	1.51083516187e-06
5.17954366561e-09	1.08597745907e-06
5.18318354169e-09	1.55444492833e-07
5.18682341777e-09	-9.04132321011e-07
5.19046329385e-09	-1.65135216434e-06
5.19410316994e-09	-1.76545185582e-06
5.19774304602e-09	-1.18313262476e-06
5.2013829221e-09	-1.291281162e-07
5.20502279819e-09	9.70989688653e-07
5.20866267427e-09	1.66153131431e-06
5.21230255035e-09	1.64298998584e-06
5.21594242643e-09	9.00707519236e-07
5.21958230252e-09	-2.7817931425e-07
5.2232221786e-09	-1.41222112404e-06
5.22686205468e-09	-2.02052999043e-06
5.23050193076e-09	-1.82795653814e-06
5.23414180685e-09	-8.92037135714e-07
5.23778168293e-09	4.08979992983e-07
5.24142155901e-09	1.52941936449e-06
5.24506143509e-09	1.98786864303e-06
5.24870131118e-09	1.57669626333e-06
5.25234118726e-09	4.55665180255e-07
5.25598106334e-09	-9.12038302658e-07
5.25962093943e-09	-1.95354982679e-06
5.26326081551e-09	-2.22656441906e-06
5.26690069159e-09	-1.60524965054e-06
5.27054056767e-09	-3.35698558729e-07
5.27418044376e-09	1.06119495058e-06
5.27782031984e-09	2.00115968596e-06
5.28146019592e-09	2.07892412618e-06
5.285100072e-09	1.24284909475e-06
5.28873994809e-09	-1.72863936498e-07
5.29237982417e-09	-1.57876786488e-06
5.29601970025e-09	-2.375332258e-06
5.29965957633e-09	-2.21097849362e-06
5.30329945242e-09	-1.14004548379e-06
5.3069393285e-09	3.9289463416e-07
5.31057920458e-09	1.73957053562e-06
5.31421908066e-09	2.32529953337e-06
5.31785895675e-09	1.8955417147e-06
5.32149883283e-09	6.25135342602e-07
5.32513870891e-09	-9.55718718387e-07
5.328778585e-09	-2.18399014784e-06
5.33241846108e-09	-2.54088277529e-06
5.33605833716e-09	-1.86846199313e-06
5.33969821324e-09	-4.3819174067e-07
5.34333808933e-09	1.15731546657e-06
5.34697796541e-09	2.24712837849e-06
5.35061784149e-09	2.36309048773e-06
5.35425771757e-09	1.44221290554e-06
5.35789759366e-09	-1.38017172802e-07
5.36153746974e-09	-1.71260805359e-06
5.36517734582e-09	-2.61040537453e-06
5.3688172219e-09	-2.44315793907e-06
5.37245709799e-09	-1.27556529605e-06
5.37609697407e-09	4.00456372063e-07
5.37973685015e-09	1.87600633694e-06
5.38337672624e-09	2.52777829246e-06
5.38701660232e-09	2.08100243526e-06
5.3906564784e-09	7.22948755083e-07
5.39429635448e-09	-9.78203246405e-07
5.39793623057e-09	-2.31120378658e-06
5.40157610665e-09	-2.71703495969e-06
5.40521598273e-09	-2.02131647598e-06
5.40885585881e-09	-5.09207289667e-07
5.4124957349e-09	1.1893312859e-06
5.41613561098e-09	2.36009492482e-06
5.41977548706e-09	2.50520778877e-06
5.42341536314e-09	1.55758118581e-06
5.42705523923e-09	-8.62046434236e-08
5.43069511531e-09	-1.73173549456e-06
