% time-domain current integration by openEMS v0.0.36-93-g7b9cd51 @Thu Sep 24 16:28:11 2026
% start-coordinates: (0.05825,-0.0023,0.00045601) m -> [74,1,6]
% stop-coordinates: (0.0583,0.0006,0.00045601) m -> [75,4,6]
% t/s	current
2.71632543481e-14	0
3.667039337e-12	0
7.30691541964e-12	0
1.09467915023e-11	0
1.45866675849e-11	0
1.82265436676e-11	0
2.18664197502e-11	2.1691615939e-36
2.55062958329e-11	1.06303363078e-32
2.91461719155e-11	8.27234231815e-30
3.27860479982e-11	1.84829609351e-27
3.64259240808e-11	1.65077710954e-25
4.00658001635e-11	7.25751638373e-24
4.37056762461e-11	1.82383076187e-22
4.73455523288e-11	2.92400187822e-21
5.09854284114e-11	3.2486497507e-20
5.46253044941e-11	2.66513586708e-19
5.82651805767e-11	1.69575747886e-18
6.19050566594e-11	8.69452850577e-18
6.5544932742e-11	3.70118987237e-17
6.91848088246e-11	1.33871532375e-16
7.28246849073e-11	4.18403676878e-16
7.64645609899e-11	1.14091018127e-15
8.01044370726e-11	2.71312784522e-15
8.37443131552e-11	5.52499093297e-15
8.73841892379e-11	9.04659817381e-15
9.10240653205e-11	9.10035427278e-15
9.46639414032e-11	-8.8331534944e-15
9.83038174858e-11	-8.38729991492e-14
1.01943693568e-10	-3.0687247448e-13
1.05583569651e-10	-8.67113509901e-13
1.09223445734e-10	-2.12506791678e-12
1.12863321816e-10	-4.71410323971e-12
1.16503197899e-10	-9.66452265438e-12
1.20143073982e-10	-1.85254277196e-11
1.23782950064e-10	-3.34319412432e-11
1.27422826147e-10	-5.70273203659e-11
1.3106270223e-10	-9.21041992674e-11
1.34702578312e-10	-1.40782940861e-10
1.38342454395e-10	-2.03006472743e-10
1.41982330478e-10	-2.74113010068e-10
1.4562220656e-10	-3.41264017045e-10
1.49262082643e-10	-3.78569009474e-10
1.52901958726e-10	-3.40877853722e-10
1.56541834808e-10	-1.56419904807e-10
1.60181710891e-10	2.81235146282e-10
1.63821586973e-10	1.12104525662e-09
1.67461463056e-10	2.56092080875e-09
1.71101339139e-10	4.85100493108e-09
1.74741215221e-10	8.2918205635e-09
1.78381091304e-10	1.32251809504e-08
1.82020967387e-10	2.00159391284e-08
1.85660843469e-10	2.90232797795e-08
1.89300719552e-10	4.05609554832e-08
1.92940595635e-10	5.4847070885e-08
1.96580471717e-10	7.1945066793e-08
2.002203478e-10	9.16987374922e-08
2.03860223883e-10	1.13664711421e-07
2.07500099965e-10	1.37048175475e-07
2.11139976048e-10	1.60646791869e-07
2.14779852131e-10	1.82810808269e-07
2.18419728213e-10	2.01428036917e-07
2.22059604296e-10	2.13941277138e-07
2.25699480378e-10	2.17407205128e-07
2.29339356461e-10	2.08602159546e-07
2.32979232544e-10	1.84174155038e-07
2.36619108626e-10	1.40837855156e-07
2.40258984709e-10	7.56018181391e-08
2.43898860792e-10	-1.3987728309e-08
2.47538736874e-10	-1.296012897e-07
2.51178612957e-10	-2.71895942205e-07
2.5481848904e-10	-4.403138405e-07
2.58458365122e-10	-6.32919636701e-07
2.62098241205e-10	-8.46289367473e-07
2.65738117288e-10	-1.075461455e-06
2.6937799337e-10	-1.31397086989e-06
2.73017869453e-10	-1.55397583512e-06
2.76657745536e-10	-1.78650179805e-06
2.80297621618e-10	-2.00179897547e-06
2.83937497701e-10	-2.18980653699e-06
2.87577373783e-10	-2.34069580074e-06
2.91217249866e-10	-2.44543070949e-06
2.94857125949e-10	-2.49631398219e-06
2.98497002031e-10	-2.48746141551e-06
3.02136878114e-10	-2.41516841015e-06
3.05776754197e-10	-2.27818168241e-06
3.09416630279e-10	-2.07785888051e-06
3.13056506362e-10	-1.81825430445e-06
3.16696382445e-10	-1.50611708705e-06
3.20336258527e-10	-1.15079478746e-06
3.2397613461e-10	-7.63990954056e-07
3.27616010693e-10	-3.59359461299e-07
3.31255886775e-10	4.81126356533e-08
3.34895762858e-10	4.42891035846e-07
3.38535638941e-10	8.09794528323e-07
3.42175515023e-10	1.13489431897e-06
3.45815391106e-10	1.40628890222e-06
3.49455267188e-10	1.61465743531e-06
3.53095143271e-10	1.75357308763e-06
3.56735019354e-10	1.81957932455e-06
3.60374895436e-10	1.81215409611e-06
3.64014771519e-10	1.73362741407e-06
3.67654647602e-10	1.58913303494e-06
3.71294523684e-10	1.38657242132e-06
3.74934399767e-10	1.13651594802e-06
3.7857427585e-10	8.51893616982e-07
3.82214151932e-10	5.4739132338e-07
3.85854028015e-10	2.38517429807e-07
3.89493904098e-10	-5.95574753959e-08
3.9313378018e-10	-3.3317269299e-07
3.96773656263e-10	-5.71127429794e-07
4.00413532346e-10	-7.65198478803e-07
4.04053408428e-10	-9.10157609724e-07
4.07693284511e-10	-1.00339923392e-06
4.11333160593e-10	-1.04440186988e-06
4.14973036676e-10	-1.0343046597e-06
4.18612912759e-10	-9.75789362201e-07
4.22252788841e-10	-8.73302269611e-07
4.25892664924e-10	-7.33432955258e-07
4.29532541007e-10	-5.65152618037e-07
4.33172417089e-10	-3.79603079637e-07
4.36812293172e-10	-1.89269954376e-07
4.40452169255e-10	-6.61579946382e-09
4.44092045337e-10	1.57488472041e-07
4.4773192142e-10	2.95071799883e-07
4.51371797503e-10	4.01687856311e-07
4.55011673585e-10	4.76148784401e-07
4.58651549668e-10	5.19505590546e-07
4.62291425751e-10	5.33707634531e-07
4.65931301833e-10	5.20504499946e-07
4.69571177916e-10	4.81072561342e-07
4.73211053998e-10	4.16520691715e-07
4.76850930081e-10	3.29034946844e-07
4.80490806164e-10	2.2310561576e-07
4.84130682246e-10	1.06167789227e-07
4.87770558329e-10	-1.18145191408e-08
4.91410434412e-10	-1.19881804039e-07
4.95050310494e-10	-2.083011168e-07
4.98690186577e-10	-2.70701690397e-07
5.0233006266e-10	-3.05298385683e-07
5.05969938742e-10	-3.14678743507e-07
5.09609814825e-10	-3.04185448385e-07
5.13249690908e-10	-2.79502955891e-07
5.1688956699e-10	-2.44423461027e-07
5.20529443073e-10	-1.99735495698e-07
5.24169319156e-10	-1.43735391589e-07
5.27809195238e-10	-7.4183631682e-08
5.31449071321e-10	9.12073438997e-09
5.35088947403e-10	1.02308305827e-07
5.38728823486e-10	1.96955710408e-07
5.42368699569e-10	2.81555571746e-07
5.46008575651e-10	3.44546577935e-07
5.49648451734e-10	3.77793440975e-07
5.53288327817e-10	3.79131051886e-07
5.56928203899e-10	3.52884796939e-07
5.60568079982e-10	3.08037670038e-07
5.64207956065e-10	2.54685545542e-07
5.67847832147e-10	2.00179897547e-07
5.7148770823e-10	1.46555763081e-07
5.75127584313e-10	9.03789754148e-08
5.78767460395e-10	2.51615901448e-08
5.82407336478e-10	-5.45978338096e-08
5.86047212561e-10	-1.494602202e-07
5.89687088643e-10	-2.52929027056e-07
5.93326964726e-10	-3.52249799107e-07
5.96966840808e-10	-4.32013393947e-07
6.00606716891e-10	-4.79256527797e-07
6.04246592974e-10	-4.8804281505e-07
6.07886469056e-10	-4.6161744649e-07
6.11526345139e-10	-4.11128439737e-07
6.15166221222e-10	-3.51293920176e-07
6.18806097304e-10	-2.94682592994e-07
6.22445973387e-10	-2.46930397907e-07
6.2608584947e-10	-2.04936867476e-07
6.29725725552e-10	-1.58902253133e-07
6.33365601635e-10	-9.74767715434e-08
6.37005477718e-10	-1.39252609443e-08
6.406453538e-10	8.93199825214e-08
6.44285229883e-10	1.99783301014e-07
6.47925105966e-10	2.98332906823e-07
6.51564982048e-10	3.65657825796e-07
6.55204858131e-10	3.89292949876e-07
6.58844734213e-10	3.68325657973e-07
6.62484610296e-10	3.13767202442e-07
6.66124486379e-10	2.44283398843e-07
6.69764362461e-10	1.78888498681e-07
6.73404238544e-10	1.29522547354e-07
6.77044114627e-10	9.65823900856e-08
6.80683990709e-10	6.93523531936e-08
6.84323866792e-10	3.13030312782e-08
6.87963742875e-10	-3.18360235951e-08
6.91603618957e-10	-1.24574640381e-07
6.9524349504e-10	-2.37973694084e-07
6.98883371123e-10	-3.51518565367e-07
7.02523247205e-10	-4.40018965264e-07
7.06163123288e-10	-4.82865402773e-07
7.09802999371e-10	-4.71904940014e-07
7.13442875453e-10	-4.14653356984e-07
7.17082751536e-10	-3.31412309151e-07
7.20722627618e-10	-2.47326113367e-07
7.24362503701e-10	-1.82516785685e-07
7.28002379784e-10	-1.44305317917e-07
7.31642255866e-10	-1.24753498199e-07
7.35282131949e-10	-1.04654276356e-07
7.38922008032e-10	-6.24582341402e-08
7.42561884114e-10	1.5488350158e-08
7.46201760197e-10	1.27675349404e-07
7.4984163628e-10	2.56303906099e-07
7.53481512362e-10	3.73015382138e-07
7.57121388445e-10	4.49313489526e-07
7.60761264528e-10	4.67501990897e-07
7.6440114061e-10	4.27644295087e-07
7.68041016693e-10	3.47605720208e-07
7.71680892776e-10	2.56048167557e-07
7.75320768858e-10	1.81140791256e-07
7.78960644941e-10	1.39538599342e-07
7.82600521023e-10	1.30122145947e-07
7.86240397106e-10	1.3510080521e-07
7.89880273189e-10	1.28111480535e-07
7.93520149271e-10	8.6076411776e-08
7.97160025354e-10	-3.19584358976e-11
8.00799901437e-10	-1.20019223004e-07
8.04439777519e-10	-2.47199750447e-07
8.08079653602e-10	-3.48117424664e-07
8.11719529685e-10	-3.95408193299e-07
8.15359405767e-10	-3.78580466531e-07
8.1899928185e-10	-3.08240316826e-07
8.22639157933e-10	-2.11941625139e-07
8.26279034015e-10	-1.23292522858e-07
8.29918910098e-10	-6.87115360165e-08
8.33558786181e-10	-5.72141445332e-08
8.37198662263e-10	-7.73802426579e-08
8.40838538346e-10	-1.0272059825e-07
8.44478414428e-10	-1.03282978614e-07
8.48118290511e-10	-5.87932404983e-08
8.51758166594e-10	3.20312452118e-08
8.55398042676e-10	1.49855452491e-07
8.59037918759e-10	2.61585796579e-07
8.62677794842e-10	3.33071227487e-07
8.66317670924e-10	3.42545774856e-07
8.69957547007e-10	2.89336526293e-07
8.7359742309e-10	1.94224597294e-07
8.77237299172e-10	9.1242789324e-08
8.80877175255e-10	1.42319240837e-08
8.84517051338e-10	-1.6377182277e-08
8.8815692742e-10	-1.19468346327e-09
8.91796803503e-10	3.91234848962e-08
8.95436679586e-10	7.30092537538e-08
8.99076555668e-10	7.14985759487e-08
9.02716431751e-10	2.06536761027e-08
9.06356307833e-10	-7.21112769497e-08
9.09996183916e-10	-1.80352969892e-07
9.13636059999e-10	-2.68685397486e-07
9.17275936081e-10	-3.0663974826e-07
9.20915812164e-10	-2.80751834225e-07
9.24555688247e-10	-1.99993039018e-07
9.28195564329e-10	-9.23088521176e-08
9.31835440412e-10	6.3703362585e-09
9.35475316495e-10	6.61848176264e-08
9.39115192577e-10	7.47708384097e-08
9.4275506866e-10	4.14665706217e-08
9.46394944743e-10	-7.29040960934e-09
9.50034820825e-10	-3.93562551437e-08
9.53674696908e-10	-3.03794358558e-08
9.57314572991e-10	2.60231232119e-08
9.60954449073e-10	1.15399011236e-07
9.64594325156e-10	2.07946783348e-07
9.68234201239e-10	2.70131806701e-07
9.71874077321e-10	2.77839092178e-07
9.75513953404e-10	2.25888854288e-07
9.79153829486e-10	1.30152571387e-07
9.82793705569e-10	2.14226805184e-08
9.86433581652e-10	-6.65287913648e-08
9.90073457734e-10	-1.09917152713e-07
9.93713333817e-10	-1.03738003077e-07
9.973532099e-10	-6.29167260513e-08
1.00099308598e-09	-1.55028470061e-08
1.00463296206e-09	9.18549147855e-09
1.00827283815e-09	-7.38511563014e-09
1.01191271423e-09	-6.54795471178e-08
1.01555259031e-09	-1.46980752902e-07
1.0191924664e-09	-2.22503032887e-07
1.02283234248e-09	-2.62837630771e-07
1.02647221856e-09	-2.50277935265e-07
1.03011209464e-09	-1.85497725624e-07
1.03375197073e-09	-8.73740404472e-08
1.03739184681e-09	1.41564822087e-08
1.04103172289e-09	8.94384371009e-08
1.04467159897e-09	1.20198066611e-07
1.04831147506e-09	1.060331698e-07
1.05195135114e-09	6.37857979768e-08
1.05559122722e-09	2.0160777936e-08
1.0592311033e-09	6.7729433173e-10
1.06287097939e-09	1.94206073445e-08
1.06651085547e-09	7.3570681991e-08
1.07015073155e-09	1.44652446465e-07
1.07379060764e-09	2.0579884108e-07
1.07743048372e-09	2.32097036701e-07
1.0810703598e-09	2.10094796671e-07
1.08471023588e-09	1.42968787031e-07
1.08835011197e-09	4.94820007191e-08
1.09198998805e-09	-4.28674837849e-08
1.09562986413e-09	-1.07967359497e-07
1.09926974021e-09	-1.30659643105e-07
1.1029096163e-09	-1.1205916195e-07
1.10654949238e-09	-6.85528078748e-08
1.11018936846e-09	-2.48963001326e-08
1.11382924454e-09	-4.1999017597e-09
1.11746912063e-09	-1.88065119033e-08
1.12110899671e-09	-6.5577047792e-08
1.12474887279e-09	-1.27256910787e-07
1.12838874887e-09	-1.79201364858e-07
1.13202862496e-09	-1.98785727434e-07
1.13566850104e-09	-1.7399699459e-07
1.13930837712e-09	-1.08119877495e-07
1.14294825321e-09	-1.88318800554e-08
1.14658812929e-09	6.80036791323e-08
1.15022800537e-09	1.27671000882e-07
1.15386788145e-09	1.45651782191e-07
1.15750775754e-09	1.22907906075e-07
1.16114763362e-09	7.52587112629e-08
1.1647875097e-09	2.69875002346e-08
1.16842738578e-09	1.16271747785e-09
1.17206726187e-09	1.05304795994e-08
1.17570713795e-09	5.256231006e-08
1.17934701403e-09	1.1051349702e-07
1.18298689011e-09	1.59949564704e-07
1.1866267662e-09	1.78152362196e-07
1.19026664228e-09	1.52872232206e-07
1.19390651836e-09	8.72455885315e-08
1.19754639445e-09	-9.22356857558e-10
1.20118627053e-09	-8.53455830452e-08
1.20482614661e-09	-1.40787733471e-07
1.20846602269e-09	-1.52478193627e-07
1.21210589878e-09	-1.2176525388e-07
1.21574577486e-09	-6.5609420119e-08
1.21938565094e-09	-9.90767468068e-09
1.22302552702e-09	2.08212735942e-08
1.22666540311e-09	1.32386563934e-08
1.23030527919e-09	-2.95091471259e-08
1.23394515527e-09	-8.90822065003e-08
1.23758503135e-09	-1.39235908136e-07
1.24122490744e-09	-1.56155124387e-07
1.24486478352e-09	-1.278245918e-07
1.2485046596e-09	-5.89363153836e-08
1.25214453568e-09	3.04725702449e-08
1.25578441177e-09	1.12206187453e-07
1.25942428785e-09	1.60357274126e-07
1.26306416393e-09	1.61171001878e-07
1.26670404002e-09	1.18474758892e-07
1.2703439161e-09	5.23178442791e-08
1.27398379218e-09	-8.89922802116e-09
1.27762366826e-09	-3.98041777316e-08
1.28126354435e-09	-2.83078911423e-08
1.28490342043e-09	1.95403284664e-08
1.28854329651e-09	8.20972516635e-08
1.29218317259e-09	1.30957403144e-07
1.29582304868e-09	1.42393034253e-07
1.29946292476e-09	1.06821005375e-07
1.30310280084e-09	3.26907070303e-08
1.30674267692e-09	-5.65742439562e-08
1.31038255301e-09	-1.31345032628e-07
1.31402242909e-09	-1.66980484551e-07
1.31766230517e-09	-1.53267677661e-07
1.32130218126e-09	-9.84523254033e-08
1.32494205734e-09	-2.60978083588e-08
1.32858193342e-09	3.42131230013e-08
1.3322218095e-09	5.87555497589e-08
1.33586168559e-09	3.92614722955e-08
1.33950156167e-09	-1.3821502165e-08
1.34314143775e-09	-7.57965423759e-08
1.34678131383e-09	-1.17984541248e-07
1.35042118992e-09	-1.19438780644e-07
1.354061066e-09	-7.53044275825e-08
1.35770094208e-09	1.37107880605e-09
1.36134081816e-09	8.48169179335e-08
1.36498069425e-09	1.46484623542e-07
1.36862057033e-09	1.65892743098e-07
1.37226044641e-09	1.38326811339e-07
1.37590032249e-09	7.65324941199e-08
1.37954019858e-09	5.69291769281e-09
1.38318007466e-09	-4.64990179694e-08
1.38681995074e-09	-6.08509580502e-08
1.39045982683e-09	-3.43104602507e-08
1.39409970291e-09	1.90062703354e-08
1.39773957899e-09	7.38773593412e-08
1.40137945507e-09	1.04539168433e-07
1.40501933116e-09	9.52384411335e-08
1.40865920724e-09	4.63955274199e-08
1.41229908332e-09	-2.5928850178e-08
1.4159389594e-09	-9.66643440847e-08
1.41957883549e-09	-1.41525831054e-07
1.42321871157e-09	-1.46100390452e-07
1.42685858765e-09	-1.10921874352e-07
1.43049846373e-09	-5.08757693751e-08
1.43413833982e-09	1.0721036503e-08
1.4377782159e-09	5.11552471494e-08
1.44141809198e-09	5.70740077421e-08
1.44505796807e-09	2.95499980041e-08
1.44869784415e-09	-1.66526969991e-08
1.45233772023e-09	-5.9384753115e-08
1.45597759631e-09	-7.83383953262e-08
1.4596174724e-09	-6.3268053907e-08
1.46325734848e-09	-1.77945160829e-08
1.46689722456e-09	4.25571862195e-08
1.47053710064e-09	9.68671400869e-08
1.47417697673e-09	1.26934764921e-07
1.47781685281e-09	1.23791323858e-07
1.48145672889e-09	9.04001353774e-08
1.48509660497e-09	3.99754007674e-08
1.48873648106e-09	-9.18447540244e-09
1.49237635714e-09	-4.04570847934e-08
1.49601623322e-09	-4.48863843872e-08
1.4996561093e-09	-2.42811459827e-08
1.50329598539e-09	9.79426939551e-09
1.50693586147e-09	4.08342835101e-08
1.51057573755e-09	5.40882432176e-08
1.51421561364e-09	4.23587422915e-08
1.51785548972e-09	8.51545856051e-09
1.5214953658e-09	-3.61263374771e-08
1.52513524188e-09	-7.6536885274e-08
1.52877511797e-09	-9.96150362198e-08
1.53241499405e-09	-9.85513182172e-08
1.53605487013e-09	-7.46053672174e-08
1.53969474621e-09	-3.61546952377e-08
1.5433346223e-09	4.33951008461e-09
1.54697449838e-09	3.44603741098e-08
1.55061437446e-09	4.58883704368e-08
1.55425425054e-09	3.71792907572e-08
1.55789412663e-09	1.42446410223e-08
1.56153400271e-09	-1.18548051375e-08
1.56517387879e-09	-2.91111525996e-08
1.56881375488e-09	-2.91464701263e-08
1.57245363096e-09	-1.03055661782e-08
1.57609350704e-09	2.19197300311e-08
1.57973338312e-09	5.70790987808e-08
1.58337325921e-09	8.34852187381e-08
1.58701313529e-09	9.20587552855e-08
1.59065301137e-09	7.91632928099e-08
1.59429288745e-09	4.78097206269e-08
1.59793276354e-09	6.98149094092e-09
1.60157263962e-09	-3.09215621996e-08
1.6052125157e-09	-5.40639391033e-08
1.60885239178e-09	-5.54731300895e-08
1.61249226787e-09	-3.60187613069e-08
1.61613214395e-09	-4.56603688193e-09
1.61977202003e-09	2.51348097891e-08
1.62341189611e-09	3.97639396965e-08
1.6270517722e-09	3.17710302511e-08
1.63069164828e-09	2.49532461361e-09
1.63433152436e-09	-3.81646572123e-08
1.63797140045e-09	-7.53049747004e-08
1.64161127653e-09	-9.4400959938e-08
1.64525115261e-09	-8.66401350663e-08
1.64889102869e-09	-5.24379579758e-08
1.65253090478e-09	-1.8933290491e-09
1.65617078086e-09	4.82553872416e-08
1.65981065694e-09	8.05006834526e-08
1.66345053302e-09	8.3358322911e-08
1.66709040911e-09	5.63978943546e-08
1.67073028519e-09	1.1105230513e-08
1.67437016127e-09	-3.32581855389e-08
1.67801003735e-09	-5.73640690504e-08
1.68164991344e-09	-4.98849956898e-08
1.68528978952e-09	-1.24087744524e-08
1.6889296656e-09	4.09369285137e-08
1.69256954169e-09	8.89581883712e-08
1.69620941777e-09	1.11695420912e-07
1.69984929385e-09	9.82914656333e-08
1.70348916993e-09	5.14666673723e-08
1.70712904602e-09	-1.30606832016e-08
1.7107689221e-09	-7.21376949286e-08
1.71440879818e-09	-1.03902898729e-07
1.71804867426e-09	-9.65193791558e-08
1.72168855035e-09	-5.34175974565e-08
1.72532842643e-09	7.43542871717e-09
1.72896830251e-09	6.04240426583e-08
1.73260817859e-09	8.27652399948e-08
1.73624805468e-09	6.41793889145e-08
1.73988793076e-09	1.14835145837e-08
1.74352780684e-09	-5.39987681236e-08
1.74716768292e-09	-1.05126353844e-07
1.75080755901e-09	-1.20014391314e-07
1.75444743509e-09	-9.09200394972e-08
1.75808731117e-09	-2.74336038331e-08
1.76172718726e-09	4.71574139738e-08
1.76536706334e-09	1.04852205141e-07
1.76900693942e-09	1.23877228475e-07
1.7726468155e-09	9.74325544689e-08
1.77628669159e-09	3.67591646011e-08
1.77992656767e-09	-3.29642588781e-08
1.78356644375e-09	-8.26094819217e-08
1.78720631983e-09	-9.1108248057e-08
1.79084619592e-09	-5.44417453341e-08
1.794486072e-09	1.23924923656e-08
1.79812594808e-09	8.14746883293e-08
1.80176582416e-09	1.23584811718e-07
1.80540570025e-09	1.20344381571e-07
1.80904557633e-09	7.1740828389e-08
1.81268545241e-09	-3.97799482243e-09
1.8163253285e-09	-7.77780115868e-08
1.81996520458e-09	-1.21473021863e-07
1.82360508066e-09	-1.18870232768e-07
1.82724495674e-09	-7.21350161825e-08
1.83088483283e-09	-9.45672873343e-10
1.83452470891e-09	6.52965894687e-08
1.83816458499e-09	9.92778126374e-08
1.84180446107e-09	8.69737988296e-08
1.84544433716e-09	3.36003829204e-08
1.84908421324e-09	-3.83713967267e-08
1.85272408932e-09	-9.85020278677e-08
1.8563639654e-09	-1.21122226915e-07
1.86000384149e-09	-9.60519912496e-08
1.86364371757e-09	-3.27013403023e-08
1.86728359365e-09	4.40577281324e-08
1.87092346974e-09	1.04294315406e-07
1.87456334582e-09	1.25182125998e-07
1.8782032219e-09	9.99428237947e-08
1.88184309798e-09	4.01750099854e-08
1.88548297407e-09	-2.91080741732e-08
1.88912285015e-09	-7.96196886199e-08
1.89276272623e-09	-9.11226720746e-08
1.89640260231e-09	-5.95291425043e-08
1.9000424784e-09	1.4660090919e-09
1.90368235448e-09	6.60037642319e-08
1.90732223056e-09	1.06750206896e-07
1.91096210664e-09	1.0626485647e-07
1.91460198273e-09	6.42193711542e-08
1.91824185881e-09	-2.64861332866e-09
1.92188173489e-09	-6.77481892808e-08
1.92552161097e-09	-1.05788210192e-07
1.92916148706e-09	-1.03036612131e-07
1.93280136314e-09	-6.2453409555e-08
1.93644123922e-09	-1.87682847042e-09
1.94008111531e-09	5.36335349466e-08
1.94372099139e-09	8.1984232736e-08
1.94736086747e-09	7.2696565212e-08
1.95100074355e-09	3.07626493168e-08
1.95464061964e-09	-2.56541596855e-08
1.95828049572e-09	-7.27217894791e-08
1.9619203718e-09	-9.06682515733e-08
1.96556024788e-09	-7.18247292752e-08
1.96920012397e-09	-2.36593127312e-08
1.97284000005e-09	3.45126629497e-08
1.97647987613e-09	7.97253107976e-08
1.98011975221e-09	9.49025320551e-08
1.9837596283e-09	7.56446922878e-08
1.98739950438e-09	3.14790149503e-08
1.99103938046e-09	-1.86601383234e-08
1.99467925655e-09	-5.45041203281e-08
1.99831913263e-09	-6.25781666486e-08
2.00195900871e-09	-4.11654141885e-08
2.00559888479e-09	-4.10952161189e-10
2.00923876088e-09	4.21635490966e-08
2.01287863696e-09	6.88196024612e-08
2.01651851304e-09	6.86205510192e-08
2.02015838912e-09	4.16212415644e-08
2.02379826521e-09	-1.37603795025e-09
2.02743814129e-09	-4.33991758086e-08
2.03107801737e-09	-6.83319001382e-08
2.03471789345e-09	-6.74322251371e-08
2.03835776954e-09	-4.26063841985e-08
2.04199764562e-09	-5.13675324498e-09
2.0456375217e-09	2.9400970547e-08
2.04927739778e-09	4.76597037391e-08
2.05291727387e-09	4.36852261032e-08
2.05655714995e-09	2.07421599896e-08
2.06019702603e-09	-1.06141397893e-08
2.06383690212e-09	-3.71075685734e-08
2.0674767782e-09	-4.80039616946e-08
2.07111665428e-09	-3.90842984643e-08
2.07475653036e-09	-1.39620315309e-08
2.07839640645e-09	1.75934111724e-08
2.08203628253e-09	4.36258282832e-08
2.08567615861e-09	5.47129417328e-08
2.08931603469e-09	4.75639296837e-08
2.09295591078e-09	2.60694648091e-08
2.09659578686e-09	-5.85475556925e-10
2.10023566294e-09	-2.18718376743e-08
2.10387553902e-09	-3.01632496758e-08
2.10751541511e-09	-2.35044410601e-08
2.11115529119e-09	-5.90356474817e-09
2.11479516727e-09	1.47204328727e-08
2.11843504336e-09	2.98522451203e-08
2.12207491944e-09	3.35711405341e-08
2.12571479552e-09	2.45164084589e-08
2.1293546716e-09	6.08765304833e-09
2.13299454769e-09	-1.50042396285e-08
2.13663442377e-09	-3.12548174008e-08
2.14027429985e-09	-3.70979833519e-08
2.14391417593e-09	-3.08846566099e-08
2.14755405202e-09	-1.53948516157e-08
2.1511939281e-09	3.32303118356e-09
2.15483380418e-09	1.83503860995e-08
2.15847368026e-09	2.45435796131e-08
2.16211355635e-09	2.03714414226e-08
2.16575343243e-09	8.2738349505e-09
2.16939330851e-09	-6.48672937587e-09
2.17303318459e-09	-1.78991665933e-08
2.17667306068e-09	-2.13773070357e-08
2.18031293676e-09	-1.53135211178e-08
2.18395281284e-09	-1.56853174893e-09
2.18759268893e-09	1.51832004747e-08
2.19123256501e-09	2.90426740435e-08
2.19487244109e-09	3.49630724372e-08
2.19851231717e-09	3.06285841134e-08
2.20215219326e-09	1.74391097119e-08
2.20579206934e-09	1.36817931984e-10
2.20943194542e-09	-1.49142369565e-08
2.2130718215e-09	-2.217066708e-08
2.21671169759e-09	-1.9105540261e-08
2.22035157367e-09	-7.25059079443e-09
2.22399144975e-09	8.36858049524e-09
2.22763132583e-09	2.11745359024e-08
2.23127120192e-09	2.55963286122e-08
2.234911078e-09	1.92713471847e-08
2.23855095408e-09	4.05738287412e-09
2.24219083017e-09	-1.45431648946e-08
2.24583070625e-09	-2.93826634135e-08
2.24947058233e-09	-3.44179404976e-08
2.25311045841e-09	-2.71912199423e-08
2.2567503345e-09	-1.00238475298e-08
2.26039021058e-09	1.06656949939e-08
2.26403008666e-09	2.68000590609e-08
2.26766996274e-09	3.19294386486e-08
2.27130983883e-09	2.40025990195e-08
2.27494971491e-09	6.3948450979e-09
2.27858959099e-09	-1.33421016457e-08
2.28222946707e-09	-2.65568527169e-08
2.28586934316e-09	-2.71305395927e-08
2.28950921924e-09	-1.41351943483e-08
2.29314909532e-09	7.62292806655e-09
2.2967889714e-09	2.94506126153e-08
2.30042884749e-09	4.22784367515e-08
2.30406872357e-09	4.04295477097e-08
2.30770859965e-09	2.41031674619e-08
2.31134847574e-09	-5.06436614867e-10
2.31498835182e-09	-2.3586249398e-08
2.3186282279e-09	-3.56936382673e-08
2.32226810398e-09	-3.17613171319e-08
2.32590798007e-09	-1.33988464768e-08
2.32954785615e-09	1.15699814174e-08
2.33318773223e-09	3.22621893645e-08
2.33682760831e-09	3.93392021181e-08
2.3404674844e-09	2.90962098859e-08
2.34410736048e-09	5.23424237286e-09
2.34774723656e-09	-2.25231424622e-08
2.35138711264e-09	-4.24616786177e-08
2.35502698873e-09	-4.58577531504e-08
2.35866686481e-09	-3.07752330286e-08
2.36230674089e-09	-3.04049674327e-09
2.36594661698e-09	2.6077344728e-08
2.36958649306e-09	4.45364563006e-08
2.37322636914e-09	4.46033610046e-08
2.37686624522e-09	2.62186290456e-08
2.38050612131e-09	-2.81650192058e-09
2.38414599739e-09	-2.99888114341e-08
2.38778587347e-09	-4.33077289586e-08
2.39142574955e-09	-3.6470353848e-08
2.39506562564e-09	-1.17338423422e-08
2.39870550172e-09	2.08225419129e-08
2.4023453778e-09	4.74378509807e-08
2.40598525388e-09	5.65279734133e-08
2.40962512997e-09	4.37465317304e-08
2.41326500605e-09	1.40105509416e-08
2.41690488213e-09	-2.04469010612e-08
2.42054475821e-09	-4.52236115223e-08
2.4241846343e-09	-4.98972383411e-08
2.42782451038e-09	-3.25215339103e-08
2.43146438646e-09	-5.39583489001e-10
2.43510426255e-09	3.22990416635e-08
2.43874413863e-09	5.17295291047e-08
2.44238401471e-09	4.9038149541e-08
2.44602389079e-09	2.48533602587e-08
2.44966376688e-09	-1.09632107836e-08
2.45330364296e-09	-4.33551896606e-08
2.45694351904e-09	-5.84035149132e-08
2.46058339512e-09	-4.93088130327e-08
2.46422327121e-09	-1.94553955168e-08
2.46786314729e-09	1.88578059834e-08
2.47150302337e-09	4.95629386421e-08
2.47514289945e-09	5.96899170091e-08
2.47878277554e-09	4.49912747058e-08
2.48242265162e-09	1.18384271275e-08
2.4860625277e-09	-2.54591068227e-08
2.48970240379e-09	-5.07625479429e-08
2.49334227987e-09	-5.3011547152e-08
2.49698215595e-09	-3.09586063452e-08
2.50062203203e-09	6.27104057571e-09
2.50426190812e-09	4.30066364743e-08
2.5079017842e-09	6.36338484128e-08
2.51154166028e-09	5.92053623905e-08
2.51518153636e-09	3.12842907135e-08
2.51882141245e-09	-8.60921556267e-09
2.52246128853e-09	-4.37859029034e-08
2.52610116461e-09	-5.94485740635e-08
2.52974104069e-09	-4.90360463345e-08
2.53338091678e-09	-1.71146332661e-08
2.53702079286e-09	2.25092957606e-08
2.54066066894e-09	5.26984109683e-08
2.54430054502e-09	6.03596035376e-08
2.54794042111e-09	4.20849062266e-08
2.55158029719e-09	5.60098500912e-09
2.55522017327e-09	-3.35797487594e-08
2.55886004936e-09	-5.88054049899e-08
2.56249992544e-09	-5.93571130025e-08
2.56613980152e-09	-3.49552529144e-08
2.5697796776e-09	4.17241530215e-09
2.57341955369e-09	4.16293275407e-08
2.57705942977e-09	6.17635578237e-08
2.58069930585e-09	5.62735529286e-08
2.58433918193e-09	2.77264451398e-08
2.58797905802e-09	-1.15072715801e-08
2.5916189341e-09	-4.45061054677e-08
2.59525881018e-09	-5.70432234781e-08
2.59889868626e-09	-4.37043325974e-08
2.60253856235e-09	-1.02184039008e-08
2.60617843843e-09	2.90370358869e-08
2.60981831451e-09	5.72723521941e-08
2.6134581906e-09	6.25111482577e-08
2.61709806668e-09	4.26612984938e-08
2.62073794276e-09	6.28201490827e-09
2.62437781884e-09	-3.11983328061e-08
2.62801769493e-09	-5.4100944169e-08
2.63165757101e-09	-5.31002868343e-08
2.63529744709e-09	-2.90613701992e-08
2.63893732317e-09	7.44501171823e-09
2.64257719926e-09	4.06876665693e-08
2.64621707534e-09	5.64580062701e-08
2.64985695142e-09	4.8092786642e-08
2.6534968275e-09	1.92840019508e-08
2.65713670359e-09	-1.75378502831e-08
2.66077657967e-09	-4.65728291488e-08
2.66441645575e-09	-5.54698651456e-08
2.66805633183e-09	-4.06147435683e-08
2.67169620792e-09	-8.58087023659e-09
2.675336084e-09	2.68442512663e-08
2.67897596008e-09	5.06958599544e-08
2.68261583617e-09	5.32424095923e-08
2.68625571225e-09	3.39959562723e-08
2.68989558833e-09	1.69561986674e-09
2.69353546441e-09	-2.96034734504e-08
2.6971753405e-09	-4.65752094669e-08
2.70081521658e-09	-4.22145056689e-08
2.70445509266e-09	-1.86736475172e-08
2.70809496874e-09	1.37849696102e-08
2.71173484483e-09	4.12398648564e-08
2.71537472091e-09	5.20644363178e-08
2.71901459699e-09	4.18595789142e-08
2.72265447307e-09	1.52563579547e-08
2.72629434916e-09	-1.61934554654e-08
2.72993422524e-09	-3.909802615e-08
2.73357410132e-09	-4.4025249224e-08
2.73721397741e-09	-2.94758031316e-08
2.74085385349e-09	-2.31323160627e-09
2.74449372957e-09	2.54279441947e-08
2.74813360565e-09	4.18481107545e-08
2.75177348174e-09	4.02456876714e-08
2.75541335782e-09	2.17817550663e-08
2.7590532339e-09	-5.27086996271e-09
2.76269310998e-09	-2.92336679308e-08
2.76633298607e-09	-4.00365181008e-08
2.76997286215e-09	-3.3415073375e-08
2.77361273823e-09	-1.25646240079e-08
2.77725261431e-09	1.33807054326e-08
2.7808924904e-09	3.33624328164e-08
2.78453236648e-09	3.91668493194e-08
2.78817224256e-09	2.88807129323e-08
2.79181211864e-09	7.55306572842e-09
2.79545199473e-09	-1.51914001378e-08
2.79909187081e-09	-2.94743447427e-08
2.80273174689e-09	-2.94493691655e-08
2.80637162298e-09	-1.56718691358e-08
2.81001149906e-09	5.41519717956e-09
2.81365137514e-09	2.45178064517e-08
2.81729125122e-09	3.35932810458e-08
2.82093112731e-09	2.92095609922e-08
2.82457100339e-09	1.37768001451e-08
2.82821087947e-09	-5.74856962032e-09
2.83185075555e-09	-2.10081818608e-08
2.83549063164e-09	-2.5835293016e-08
2.83913050772e-09	-1.87815096808e-08
2.8427703838e-09	-3.539179394e-09
2.84641025988e-09	1.2852718001e-08
2.85005013597e-09	2.31917329785e-08
2.85369001205e-09	2.32655068544e-08
2.85732988813e-09	1.35701672122e-08
2.86096976422e-09	-1.12807940766e-09
2.8646096403e-09	-1.41176386137e-08
2.86824951638e-09	-1.98273966134e-08
2.87188939246e-09	-1.62255933134e-08
2.87552926855e-09	-5.4913891212e-09
2.87916914463e-09	7.23427051597e-09
2.88280902071e-09	1.63303912615e-08
2.88644889679e-09	1.82044619379e-08
2.89008877288e-09	1.27206165601e-08
2.89372864896e-09	3.0057198952e-09
2.89736852504e-09	-6.17354789512e-09
2.90100840112e-09	-1.06524398191e-08
2.90464827721e-09	-8.70447181001e-09
2.90828815329e-09	-1.68930958111e-09
2.91192802937e-09	6.74356570585e-09
2.91556790545e-09	1.24798553713e-08
2.91920778154e-09	1.2915998937e-08
2.92284765762e-09	8.15402234622e-09
2.9264875337e-09	8.42101166576e-10
2.93012740979e-09	-5.23412690967e-09
2.93376728587e-09	-7.08710867769e-09
2.93740716195e-09	-4.01787136894e-09
2.94104703803e-09	2.08860573281e-09
2.94468691412e-09	7.79026798625e-09
2.9483267902e-09	9.88697124171e-09
2.95196666628e-09	7.07901648411e-09
2.95560654236e-09	6.52158327341e-10
2.95924641845e-09	-6.14672224231e-09
2.96288629453e-09	-9.72139702071e-09
2.96652617061e-09	-7.94398680171e-09
2.97016604669e-09	-1.29726429599e-09
2.97380592278e-09	7.23228854582e-09
2.97744579886e-09	1.34951756436e-08
2.98108567494e-09	1.41622091832e-08
2.98472555103e-09	8.43063130418e-09
2.98836542711e-09	-1.390323634e-09
2.99200530319e-09	-1.07702184948e-08
2.99564517927e-09	-1.499624247e-08
2.99928505536e-09	-1.14543370344e-08
3.00292493144e-09	-1.06219211204e-09
3.00656480752e-09	1.18986358544e-08
3.0102046836e-09	2.15727595787e-08
3.01384455969e-09	2.31927987926e-08
3.01748443577e-09	1.53921284607e-08
3.02112431185e-09	1.05799213834e-09
3.02476418793e-09	-1.3742331717e-08
3.02840406402e-09	-2.23600267191e-08
3.0320439401e-09	-2.05594936631e-08
3.03568381618e-09	-8.56125659254e-09
3.03932369226e-09	8.82562822824e-09
3.04296356835e-09	2.41179662908e-08
3.04660344443e-09	3.0357334424e-08
3.05024332051e-09	2.42242172988e-08
3.0538831966e-09	7.69025287894e-09
3.05752307268e-09	-1.2584875364e-08
3.06116294876e-09	-2.79559770888e-08
3.06480282484e-09	-3.14938546353e-08
3.06844270093e-09	-2.11051176535e-08
3.07208257701e-09	-6.67635224882e-10
3.07572245309e-09	2.14131610221e-08
3.07936232917e-09	3.56891476372e-08
3.08300220526e-09	3.574614027e-08
3.08664208134e-09	2.10988915228e-08
3.09028195742e-09	-2.40867747969e-09
3.0939218335e-09	-2.49396894247e-08
3.09756170959e-09	-3.67902508458e-08
3.10120158567e-09	-3.25582867333e-08
3.10484146175e-09	-1.3558468126e-08
3.10848133784e-09	1.25855690314e-08
3.11212121392e-09	3.50373028368e-08
3.11576109e-09	4.42665566425e-08
3.11940096608e-09	3.60988678949e-08
3.12304084217e-09	1.35801370149e-08
3.12668071825e-09	-1.41609426407e-08
3.13032059433e-09	-3.56363329956e-08
3.13396047041e-09	-4.17835934741e-08
3.1376003465e-09	-2.98171407564e-08
3.14124022258e-09	-4.50280701614e-09
3.14488009866e-09	2.37366428735e-08
3.14851997474e-09	4.31286437674e-08
3.15215985083e-09	4.54757262958e-08
3.15579972691e-09	2.96204785144e-08
3.15943960299e-09	1.96946259301e-09
3.16307947907e-09	-2.61498378507e-08
3.16671935516e-09	-4.31813553803e-08
3.17035923124e-09	-4.21163086628e-08
3.17399910732e-09	-2.33679102735e-08
3.17763898341e-09	5.42585398833e-09
3.18127885949e-09	3.25519700084e-08
3.18491873557e-09	4.70160124166e-08
3.18855861165e-09	4.30144169172e-08
3.19219848774e-09	2.22678426809e-08
3.19583836382e-09	-6.7113212765e-09
3.1994782399e-09	-3.21157855865e-08
3.20311811598e-09	-4.36658282865e-08
3.20675799207e-09	-3.6778374124e-08
3.21039786815e-09	-1.43786174078e-08
3.21403774423e-09	1.43741463177e-08
3.21767762031e-09	3.78886255703e-08
3.2213174964e-09	4.68633345463e-08
3.22495737248e-09	3.7978960421e-08
3.22859724856e-09	1.5085289462e-08
3.23223712465e-09	-1.25205659174e-08
3.23587700073e-09	-3.39216796874e-08
3.23951687681e-09	-4.09185219041e-08
3.24315675289e-09	-3.11536609843e-08
3.24679662898e-09	-8.85067485967e-09
3.25043650506e-09	1.70199498939e-08
3.25407638114e-09	3.63476431176e-08
3.25771625722e-09	4.18209396003e-08
3.26135613331e-09	3.16675858869e-08
3.26499600939e-09	1.01743058423e-08
3.26863588547e-09	-1.41495481998e-08
3.27227576155e-09	-3.19787645253e-08
3.27591563764e-09	-3.67671120216e-08
3.27955551372e-09	-2.71236544336e-08
3.2831953898e-09	-7.11484116067e-09
3.28683526588e-09	1.55095190024e-08
3.29047514197e-09	3.2362130753e-08
3.29411501805e-09	3.75101549821e-08
3.29775489413e-09	2.94907263054e-08
3.30139477022e-09	1.16131149142e-08
3.3050346463e-09	-9.42509625901e-09
3.30867452238e-09	-2.60179948697e-08
3.31231439846e-09	-3.23302700167e-08
3.31595427455e-09	-2.62717350097e-08
3.31959415063e-09	-1.01348547332e-08
3.32323402671e-09	1.02795540968e-08
3.32687390279e-09	2.77250027381e-08
3.33051377888e-09	3.6038997564e-08
3.33415365496e-09	3.22628253002e-08
3.33779353104e-09	1.76428507359e-08
3.34143340712e-09	-2.80475642711e-09
3.34507328321e-09	-2.1993503907e-08
3.34871315929e-09	-3.31537179932e-08
3.35235303537e-09	-3.21384092672e-08
3.35599291146e-09	-1.8916594513e-08
3.35963278754e-09	2.24536478299e-09
3.36327266362e-09	2.40468747137e-08
3.3669125397e-09	3.85507057388e-08
3.37055241579e-09	4.00011188617e-08
3.37419229187e-09	2.70982312145e-08
3.37783216795e-09	3.82331766247e-09
3.38147204403e-09	-2.16518039053e-08
3.38511192012e-09	-3.97587278655e-08
3.3887517962e-09	-4.31004885115e-08
3.39239167228e-09	-2.94615141172e-08
3.39603154836e-09	-3.03577607497e-09
3.39967142445e-09	2.67532129783e-08
3.40331130053e-09	4.85530193828e-08
3.40695117661e-09	5.33769686228e-08
3.41059105269e-09	3.82912617169e-08
3.41423092878e-09	8.00043320481e-09
3.41787080486e-09	-2.64619650636e-08
3.42151068094e-09	-5.16636049497e-08
3.42515055703e-09	-5.69782656612e-08
3.42879043311e-09	-3.90657106664e-08
3.43243030919e-09	-3.73355391048e-09
3.43607018527e-09	3.57991467581e-08
3.43971006136e-09	6.38059418634e-08
3.44334993744e-09	6.83173055904e-08
3.44698981352e-09	4.62353604291e-08
3.4506296896e-09	5.10608266779e-09
3.45426956569e-09	-3.9385522399e-08
3.45790944177e-09	-6.93911132998e-08
3.46154931785e-09	-7.20686799127e-08
3.46518919393e-09	-4.50687593911e-08
3.46882907002e-09	1.99597938177e-09
3.4724689461e-09	5.08948119204e-08
3.47610882218e-09	8.18117555923e-08
3.47974869827e-09	8.13745799633e-08
3.48338857435e-09	4.84337796536e-08
3.48702845043e-09	-4.90512341855e-09
3.49066832651e-09	-5.76639109795e-08
3.4943082026e-09	-8.82379467271e-08
3.49794807868e-09	-8.32683824115e-08
3.50158795476e-09	-4.34743796518e-08
3.50522783084e-09	1.61065436544e-08
3.50886770693e-09	7.17921437854e-08
3.51250758301e-09	1.00702052919e-07
3.51614745909e-09	9.01908805417e-08
3.51978733517e-09	4.33682032508e-08
3.52342721126e-09	-2.16972342315e-08
3.52706708734e-09	-7.89439624782e-08
3.53070696342e-09	-1.04771601173e-07
3.5343468395e-09	-8.77863826076e-08
3.53798671559e-09	-3.38117622789e-08
3.54162659167e-09	3.60303999969e-08
3.54526646775e-09	9.35783575073e-08
3.54890634384e-09	1.15005633461e-07
3.55254621992e-09	9.0712106271e-08
3.556186096e-09	2.9606871621e-08
3.55982597208e-09	-4.41279048857e-08
3.56346584817e-09	-1.00634615308e-07
3.56710572425e-09	-1.16520183724e-07
3.57074560033e-09	-8.4578402948e-08
3.57438547641e-09	-1.70379941267e-08
3.5780253525e-09	5.91202535816e-08
3.58166522858e-09	1.12974987587e-07
3.58530510466e-09	1.22258512647e-07
3.58894498074e-09	8.25885919653e-08
3.59258485683e-09	9.49995015986e-09
3.59622473291e-09	-6.764600613e-08
3.59986460899e-09	-1.1748544182e-07
3.60350448508e-09	-1.19434247381e-07
3.60714436116e-09	-7.22057222902e-08
3.61078423724e-09	5.46664313816e-09
3.61442411332e-09	8.22825967361e-08
3.61806398941e-09	1.27032606656e-07
3.62170386549e-09	1.21322472069e-07
3.62534374157e-09	6.7164222628e-08
3.62898361765e-09	-1.37157476487e-08
3.63262349374e-09	-8.86231035224e-08
3.63626336982e-09	-1.2715902642e-07
3.6399032459e-09	-1.13603391583e-07
3.64354312198e-09	-5.33501989253e-08
3.64718299807e-09	2.92508666178e-08
3.65082287415e-09	1.00771622158e-07
3.65446275023e-09	1.32280661091e-07
3.65810262631e-09	1.11077355314e-07
3.6617425024e-09	4.58103137646e-08
3.66538237848e-09	-3.70794097648e-08
3.66902225456e-09	-1.04115159161e-07
3.67266213065e-09	-1.28347608097e-07
3.67630200673e-09	-1.00213839005e-07
3.67994188281e-09	-3.13128900586e-08
3.68358175889e-09	5.03916091077e-08
3.68722163498e-09	1.11956424576e-07
3.69086151106e-09	1.28781010744e-07
3.69450138714e-09	9.44699536376e-08
3.69814126322e-09	2.32662848987e-08
3.70178113931e-09	-5.58822783603e-08
3.70542101539e-09	-1.11136259306e-07
3.70906089147e-09	-1.20619489508e-07
3.71270076755e-09	-8.1097894622e-08
3.71634064364e-09	-9.021462688e-09
3.71998051972e-09	6.63664962985e-08
3.7236203958e-09	1.14948193186e-07
3.72726027189e-09	1.17791920218e-07
3.73090014797e-09	7.45151211845e-08
3.73454002405e-09	3.1035312098e-09
3.73817990013e-09	-6.75874716194e-08
3.74181977622e-09	-1.09517685587e-07
3.7454596523e-09	-1.06595791749e-07
3.74909952838e-09	-6.08461050433e-08
3.75273940446e-09	8.74802541517e-09
3.75637928055e-09	7.41355776768e-08
3.76001915663e-09	1.09537865001e-07
3.76365903271e-09	1.0163797981e-07
3.76729890879e-09	5.45741905e-08
3.77093878488e-09	-1.21455254742e-08
3.77457866096e-09	-7.17783592563e-08
3.77821853704e-09	-1.0111274662e-07
3.78185841312e-09	-8.95044252047e-08
3.78549828921e-09	-4.26599484626e-08
3.78913816529e-09	2.01246059817e-08
3.79277804137e-09	7.39391339266e-08
3.79641791746e-09	9.8142670879e-08
3.80005779354e-09	8.42421883362e-08
3.80369766962e-09	3.87911036626e-08
3.8073375457e-09	-1.96350740111e-08
3.81097742179e-09	-6.80266083464e-08
3.81461729787e-09	-8.80021531202e-08
3.81825717395e-09	-7.27773254994e-08
3.82189705003e-09	-2.93977997501e-08
3.82553692612e-09	2.44868516575e-08
3.8291768022e-09	6.78439846524e-08
3.83281667828e-09	8.44922212195e-08
3.83645655436e-09	6.9104160616e-08
3.84009643045e-09	2.87581229941e-08
3.84373630653e-09	-2.03178824876e-08
3.84737618261e-09	-5.92942512867e-08
3.8510160587e-09	-7.39265146876e-08
3.85465593478e-09	-5.966449379e-08
3.85829581086e-09	-2.29166801091e-08
3.86193568694e-09	2.17876330311e-08
3.86557556303e-09	5.75068064279e-08
3.86921543911e-09	7.12564443006e-08
3.87285531519e-09	5.86755390941e-08
3.87649519127e-09	2.53308769516e-08
3.88013506736e-09	-1.57158108749e-08
3.88377494344e-09	-4.9034948546e-08
3.88741481952e-09	-6.26229237355e-08
3.8910546956e-09	-5.21745846527e-08
3.89469457169e-09	-2.23210232519e-08
3.89833444777e-09	1.54431436528e-08
3.90197432385e-09	4.71882515285e-08
3.90561419993e-09	6.16158928324e-08
3.90925407602e-09	5.39631273e-08
3.9128939521e-09	2.74736358108e-08
3.91653382818e-09	-7.94841259477e-09
3.92017370427e-09	-3.93585679603e-08
3.92381358035e-09	-5.5408229116e-08
3.92745345643e-09	-5.03936519181e-08
3.93109333251e-09	-2.6290951638e-08
3.9347332086e-09	7.97495935956e-09
3.93837308468e-09	3.9799694207e-08
3.94201296076e-09	5.75215182153e-08
3.94565283684e-09	5.46820118075e-08
3.94929271293e-09	3.23587414641e-08
3.95293258901e-09	-1.26292110103e-09
3.95657246509e-09	-3.3877388006e-08
3.96021234117e-09	-5.35004680557e-08
3.96385221726e-09	-5.27977448428e-08
3.96749209334e-09	-3.17935615612e-08
3.97113196942e-09	2.00332284095e-09
3.97477184551e-09	3.61719827424e-08
3.97841172159e-09	5.78546774932e-08
3.98205159767e-09	5.85828274779e-08
3.98569147375e-09	3.76463162866e-08
3.98933134984e-09	2.62229638004e-09
3.99297122592e-09	-3.33103642447e-08
3.996611102e-09	-5.63458684155e-08
4.00025097808e-09	-5.74044740631e-08
4.00389085417e-09	-3.57452023536e-08
4.00753073025e-09	6.19126749868e-10
4.01117060633e-09	3.78967790482e-08
4.01481048241e-09	6.17391648916e-08
4.0184503585e-09	6.27396588015e-08
4.02209023458e-09	4.0132306367e-08
4.02573011066e-09	2.26662488778e-09
4.02936998674e-09	-3.6395434222e-08
4.03300986283e-09	-6.07475953984e-08
4.03664973891e-09	-6.09545196539e-08
4.04028961499e-09	-3.64962211563e-08
4.04392949108e-09	3.36388872313e-09
4.04756936716e-09	4.30518873884e-08
4.05120924324e-09	6.68180817343e-08
4.05484911932e-09	6.50716529549e-08
4.05848899541e-09	3.83072489285e-08
4.06212887149e-09	-3.02239611116e-09
4.06576874757e-09	-4.26436415069e-08
4.06940862365e-09	-6.49133085062e-08
4.07304849974e-09	-6.09984880384e-08
4.07668837582e-09	-3.23611608621e-08
4.0803282519e-09	9.79097425358e-09
4.08396812798e-09	4.88612421634e-08
4.08760800407e-09	6.93659387707e-08
4.09124788015e-09	6.30826306747e-08
4.09488775623e-09	3.24068025748e-08
4.09852763232e-09	-1.04873754125e-08
4.1021675084e-09	-4.84595474859e-08
4.10580738448e-09	-6.63131700662e-08
4.10944726056e-09	-5.69718494603e-08
4.11308713665e-09	-2.43427322744e-08
4.11672701273e-09	1.83352533156e-08
4.12036688881e-09	5.39441984415e-08
4.12400676489e-09	6.84256207251e-08
4.12764664098e-09	5.63427988709e-08
4.13128651706e-09	2.28753549436e-08
4.13492639314e-09	-1.84333615039e-08
4.13856626922e-09	-5.11619049348e-08
4.14220614531e-09	-6.2511169574e-08
4.14584602139e-09	-4.82966235893e-08
4.14948589747e-09	-1.45097773796e-08
4.15312577355e-09	2.51516745209e-08
4.15676564964e-09	5.4816819528e-08
4.16040552572e-09	6.28410674608e-08
4.1640454018e-09	4.6457977021e-08
4.16768527789e-09	1.27576758047e-08
4.17132515397e-09	-2.43911735254e-08
4.17496503005e-09	-5.01345382986e-08
4.17860490613e-09	-5.46538032609e-08
4.18224478222e-09	-3.69096611053e-08
4.1858846583e-09	-4.69132865888e-09
4.18952453438e-09	2.88470420884e-08
4.19316441046e-09	5.05804393924e-08
4.19680428655e-09	5.25116341521e-08
4.20044416263e-09	3.46483233216e-08
4.20408403871e-09	4.68127225872e-09
4.20772391479e-09	-2.52779059906e-08
4.21136379088e-09	-4.35596874127e-08
4.21500366696e-09	-4.34944773531e-08
4.21864354304e-09	-2.58797676622e-08
4.22228341913e-09	1.60705204699e-09
4.22592329521e-09	2.7752729892e-08
4.22956317129e-09	4.24566231061e-08
4.23320304737e-09	4.06988505119e-08
4.23684292346e-09	2.42056401589e-08
4.24048279954e-09	2.79225087496e-10
4.24412267562e-09	-2.14871569426e-08
4.2477625517e-09	-3.30831042561e-08
4.25140242779e-09	-3.09591641212e-08
4.25504230387e-09	-1.69358447266e-08
4.25868217995e-09	2.94507196408e-09
4.26232205603e-09	2.09822808017e-08
4.26596193212e-09	3.07393008825e-08
4.2696018082e-09	2.92834450022e-08
4.27324168428e-09	1.79995005567e-08
4.27688156036e-09	1.75730652252e-09
4.28052143645e-09	-1.31738930875e-08
4.28416131253e-09	-2.15861550856e-08
4.28780118861e-09	-2.11642756653e-08
4.2914410647e-09	-1.29954269568e-08
4.29508094078e-09	-7.06582792276e-10
4.29872081686e-09	1.12013918141e-08
4.30236069294e-09	1.90094020525e-08
4.30600056903e-09	2.07928074758e-08
4.30964044511e-09	1.66245133215e-08
4.31328032119e-09	8.18887180287e-09
4.31692019727e-09	-1.86259696555e-09
4.32056007336e-09	-1.06017958856e-08
4.32419994944e-09	-1.55012198633e-08
4.32783982552e-09	-1.50704124735e-08
4.3314797016e-09	-9.32150623356e-09
4.33511957769e-09	1.30960131628e-10
4.33875945377e-09	1.04500799125e-08
4.34239932985e-09	1.83751662775e-08
4.34603920594e-09	2.12012452039e-08
4.34967908202e-09	1.76435595023e-08
4.3533189581e-09	8.36390157133e-09
4.35695883418e-09	-4.00288913127e-09
4.36059871027e-09	-1.54254564677e-08
4.36423858635e-09	-2.16412203713e-08
4.36787846243e-09	-1.97044194294e-08
4.37151833851e-09	-9.3927265965e-09
4.3751582146e-09	6.2112648358e-09
4.37879809068e-09	2.14646007635e-08
4.38243796676e-09	3.01930107582e-08
4.38607784284e-09	2.82675536312e-08
4.38971771893e-09	1.5584550539e-08
4.39335759501e-09	-3.52554452299e-09
4.39699747109e-09	-2.17753086673e-08
4.40063734717e-09	-3.17449533327e-08
4.40427722326e-09	-2.89045978263e-08
4.40791709934e-09	-1.36155700048e-08
4.41155697542e-09	8.72324346091e-09
4.41519685151e-09	2.95281576967e-08
4.41883672759e-09	4.02700521818e-08
4.42247660367e-09	3.59434828567e-08
4.42611647975e-09	1.7396777352e-08
4.42975635584e-09	-8.56931947624e-09
4.43339623192e-09	-3.16097015229e-08
4.437036108e-09	-4.19729744294e-08
4.44067598408e-09	-3.47075399532e-08
4.44431586017e-09	-1.20558993899e-08
4.44795573625e-09	1.71515814884e-08
4.45159561233e-09	4.09891462994e-08
4.45523548841e-09	4.93854201977e-08
4.4588753645e-09	3.84069380743e-08
4.46251524058e-09	1.20429017869e-08
4.46615511666e-09	-1.92678122346e-08
4.46979499275e-09	-4.2787537069e-08
4.47343486883e-09	-4.86379292397e-08
4.47707474491e-09	-3.39186421172e-08
4.48071462099e-09	-4.11527789623e-09
4.48435449708e-09	2.88754975486e-08
4.48799437316e-09	5.14479658875e-08
4.49163424924e-09	5.39124158649e-08
4.49527412532e-09	3.47212214535e-08
4.49891400141e-09	1.39986533476e-09
4.50255387749e-09	-3.23826441218e-08
4.50619375357e-09	-5.24815746417e-08
4.50983362965e-09	-5.02867081309e-08
4.51347350574e-09	-2.64509090186e-08
4.51711338182e-09	9.30220966922e-09
4.5207532579e-09	4.22091908092e-08
4.52439313398e-09	5.86081299048e-08
4.52803301007e-09	5.16051770205e-08
4.53167288615e-09	2.39350903541e-08
4.53531276223e-09	-1.31167814388e-08
4.53895263832e-09	-4.42920935484e-08
4.5425925144e-09	-5.66089468634e-08
4.54623239048e-09	-4.47669741277e-08
4.54987226656e-09	-1.34762636606e-08
4.55351214265e-09	2.43484095108e-08
4.55715201873e-09	5.29023971296e-08
4.56079189481e-09	6.01459504423e-08
4.56443177089e-09	4.29611404229e-08
4.56807164698e-09	8.5435978292e-09
4.57171152306e-09	-2.86365864355e-08
4.57535139914e-09	-5.29884758294e-08
4.57899127522e-09	-5.43943556863e-08
4.58263115131e-09	-3.24169313615e-08
4.58627102739e-09	3.62367869045e-09
4.58991090347e-09	3.86383121054e-08
4.59355077956e-09	5.80803032335e-08
4.59719065564e-09	5.39569242619e-08
4.60083053172e-09	2.80959184806e-08
4.6044704078e-09	-8.63747473545e-09
4.60811028389e-09	-4.08524911677e-08
4.61175015997e-09	-5.5058318793e-08
4.61539003605e-09	-4.53447874804e-08
4.61902991213e-09	-1.59087356622e-08
4.62266978822e-09	2.07078638681e-08
4.6263096643e-09	4.89754796718e-08
4.62994954038e-09	5.70273144263e-08
4.63358941646e-09	4.16987582241e-08
4.63722929255e-09	9.77544267755e-09
4.64086916863e-09	-2.50472780294e-08
4.64450904471e-09	-4.80855923968e-08
4.64814892079e-09	-4.98660668313e-08
4.65178879688e-09	-2.99871985021e-08
4.65542867296e-09	2.89227841677e-09
4.65906854904e-09	3.48176492082e-08
4.66270842513e-09	5.24188017437e-08
4.66634830121e-09	4.84732609607e-08
4.66998817729e-09	2.48769929101e-08
4.67362805337e-09	-8.20468049056e-09
4.67726792946e-09	-3.66628434278e-08
4.68090780554e-09	-4.84613735807e-08
4.68454768162e-09	-3.87770242583e-08
4.6881875577e-09	-1.20223333511e-08
4.69182743379e-09	2.01370937702e-08
4.69546730987e-09	4.3901117408e-08
4.69910718595e-09	4.93066067975e-08
4.70274706203e-09	3.4418569328e-08
4.70638693812e-09	5.97088600784e-09
4.7100268142e-09	-2.37103972012e-08
4.71366669028e-09	-4.20582182414e-08
4.71730656637e-09	-4.15516261398e-08
4.72094644245e-09	-2.27505800865e-08
4.72458631853e-09	6.10150019398e-09
4.72822619461e-09	3.26554996377e-08
4.7318660707e-09	4.56917277347e-08
4.73550594678e-09	3.98403692259e-08
4.73914582286e-09	1.78218524383e-08
4.74278569894e-09	-1.07616449085e-08
4.74642557503e-09	-3.35856924494e-08
4.75006545111e-09	-4.09384490752e-08
4.75370532719e-09	-2.98999296433e-08
4.75734520327e-09	-5.51541567972e-09
4.76098507936e-09	2.15213500354e-08
4.76462495544e-09	3.95974879552e-08
4.76826483152e-09	4.11925498156e-08
4.7719047076e-09	2.59820929216e-08
4.77554458369e-09	7.73823560785e-10
4.77918445977e-09	-2.35601671505e-08
4.78282433585e-09	-3.67559138681e-08
4.78646421194e-09	-3.34387451062e-08
4.79010408802e-09	-1.52711407964e-08
4.7937439641e-09	9.85255077524e-09
4.79738384018e-09	3.1194772987e-08
4.80102371627e-09	3.97321855417e-08
4.80466359235e-09	3.19744870581e-08
4.80830346843e-09	1.14247411531e-08
4.81194334451e-09	-1.29713315644e-08
4.8155832206e-09	-3.07304901526e-08
4.81922309668e-09	-3.43747217357e-08
4.82286297276e-09	-2.26089404975e-08
4.82650284884e-09	-7.49749262674e-10
4.83014272493e-09	2.17168185657e-08
4.83378260101e-09	3.52919720115e-08
4.83742247709e-09	3.44763151361e-08
4.84106235318e-09	1.99497733888e-08
4.84470222926e-09	-1.9077583957e-09
4.84834210534e-09	-2.18261195783e-08
4.85198198142e-09	-3.1545624779e-08
4.85562185751e-09	-2.72015121539e-08
4.85926173359e-09	-1.08390363351e-08
4.86290160967e-09	1.05182325072e-08
4.86654148575e-09	2.78536731457e-08
4.87018136184e-09	3.39623298373e-08
4.87382123792e-09	2.64714774545e-08
4.877461114e-09	8.78361028356e-09
4.88110099008e-09	-1.14637508375e-08
4.88474086617e-09	-2.57348737875e-08
4.88838074225e-09	-2.82377570215e-08
4.89202061833e-09	-1.82787101011e-08
4.89566049441e-09	-3.65389274393e-10
4.8993003705e-09	1.78784151927e-08
4.90294024658e-09	2.89825266009e-08
4.90658012266e-09	2.86638197622e-08
4.91021999875e-09	1.74190883939e-08
4.91385987483e-09	1.31646443746e-10
4.91749975091e-09	-1.60406514738e-08
4.92113962699e-09	-2.45951934374e-08
4.92477950308e-09	-2.22747758016e-08
4.92841937916e-09	-1.03034185628e-08
4.93205925524e-09	6.20725693068e-09
4.93569913132e-09	2.04283008287e-08
4.93933900741e-09	2.66597517395e-08
4.94297888349e-09	2.26484075938e-08
4.94661875957e-09	1.03955137831e-08
4.95025863565e-09	-4.83993689571e-09
4.95389851174e-09	-1.68458065275e-08
4.95753838782e-09	-2.10206252405e-08
4.9611782639e-09	-1.61064104276e-08
4.96481813999e-09	-4.46539827337e-09
4.96845801607e-09	9.07862407473e-09
4.97209789215e-09	1.9241545246e-08
4.97573776823e-09	2.22952181161e-08
4.97937764432e-09	1.73722334296e-08
4.9830175204e-09	6.65081767437e-09
4.98665739648e-09	-5.58430279796e-09
4.99029727256e-09	-1.46238576804e-08
4.99393714865e-09	-1.71322671605e-08
4.99757702473e-09	-1.23841505939e-08
5.00121690081e-09	-2.45518361197e-09
5.00485677689e-09	8.68883009986e-09
5.00849665298e-09	1.68040887871e-08
5.01213652906e-09	1.90042186432e-08
5.01577640514e-09	1.47532013273e-08
5.01941628122e-09	5.89277959762e-09
5.02305615731e-09	-4.19288692655e-09
5.02669603339e-09	-1.18708722852e-08
5.03033590947e-09	-1.45031640031e-08
5.03397578556e-09	-1.12687992271e-08
5.03761566164e-09	-3.37390915206e-09
5.04125553772e-09	6.37257757674e-09
5.0448954138e-09	1.44904834798e-08
5.04853528989e-09	1.80150472318e-08
5.05217516597e-09	1.55747521546e-08
5.05581504205e-09	7.95425059152e-09
5.05945491813e-09	-2.11897344116e-09
5.06309479422e-09	-1.09362794376e-08
5.0667346703e-09	-1.51827670436e-08
5.07037454638e-09	-1.31834205774e-08
5.07401442246e-09	-5.54434276268e-09
5.07765429855e-09	5.03646369054e-09
5.08129417463e-09	1.47089638247e-08
5.08493405071e-09	1.98249274774e-08
5.0885739268e-09	1.82596817666e-08
5.09221380288e-09	1.027349672e-08
5.09585367896e-09	-1.4196078757e-09
5.09949355504e-09	-1.24870611629e-08
5.10313343113e-09	-1.85262791774e-08
5.10677330721e-09	-1.68206586437e-08
5.11041318329e-09	-7.59292628771e-09
5.11405305937e-09	5.85055781599e-09
5.11769293546e-09	1.82683130845e-08
5.12133281154e-09	2.4549642319e-08
5.12497268762e-09	2.18511662098e-08
5.1286125637e-09	1.08793134501e-08
5.13225243979e-09	-4.24898027873e-09
5.13589231587e-09	-1.75612058229e-08
5.13953219195e-09	-2.35815988958e-08
5.14317206803e-09	-1.95578468976e-08
5.14681194412e-09	-6.68708866058e-09
5.1504518202e-09	1.01813757425e-08
5.15409169628e-09	2.43218813978e-08
5.15773157237e-09	2.97748812272e-08
5.16137144845e-09	2.38597426261e-08
5.16501132453e-09	8.496892967e-09
5.16865120061e-09	-1.03243991134e-08
5.1722910767e-09	-2.48540903414e-08
5.17593095278e-09	-2.88014820882e-08
5.17957082886e-09	-2.01001384426e-08
5.18321070494e-09	-1.96763072502e-09
5.18685058103e-09	1.82768467027e-08
5.19049045711e-09	3.2199832134e-08
5.19413033319e-09	3.3791945242e-08
5.19777020927e-09	2.20484821511e-08
5.20141008536e-09	1.50649515085e-09
5.20504996144e-09	-1.95115301693e-08
5.20868983752e-09	-3.22545581355e-08
5.21232971361e-09	-3.1157821212e-08
5.21596958969e-09	-1.62580704455e-08
5.21960946577e-09	6.62332011458e-09
5.22324934185e-09	2.81069425512e-08
5.22688921794e-09	3.90784720139e-08
5.23052909402e-09	3.45742634522e-08
5.2341689701e-09	1.60608930599e-08
5.23780884618e-09	-8.97252228071e-09
5.24144872227e-09	-3.00455091917e-08
5.24508859835e-09	-3.81145106587e-08
5.24872847443e-09	-2.94907263054e-08
5.25236835051e-09	-7.51882733852e-09
5.2560082266e-09	1.87398967455e-08
5.25964810268e-09	3.82747380456e-08
5.26328797876e-09	4.27500879141e-08
5.26692785484e-09	3.0039437604e-08
5.27056773093e-09	5.19705256607e-09
5.27420760701e-09	-2.15433395567e-08
5.27784748309e-09	-3.89580598892e-08
5.28148735918e-09	-3.95206107839e-08
5.28512723526e-09	-2.26549001781e-08
5.28876711134e-09	4.8446744394e-09
5.29240698742e-09	3.1512122689e-08
5.29604686351e-09	4.59900881822e-08
5.29968673959e-09	4.18980476979e-08
5.30332661567e-09	2.06828847382e-08
5.30696649175e-09	-8.86204887252e-09
5.31060636784e-09	-3.42686483634e-08
5.31424624392e-09	-4.46961685441e-08
5.31788612e-09	-3.55784131045e-08
5.32152599608e-09	-1.06044417691e-08
5.32516587217e-09	1.98094181059e-08
5.32880574825e-09	4.2882124518e-08
5.33244562433e-09	4.88269122911e-08
5.33608550042e-09	3.49764484042e-08
5.3397253765e-09	6.9560566196e-09
5.34336525258e-09	-2.35806982829e-08
5.34700512866e-09	-4.37675637954e-08
5.35064500475e-09	-4.49370745059e-08
5.35428488083e-09	-2.63574211345e-08
5.35792475691e-09	4.32090896396e-09
5.36156463299e-09	3.419447836e-08
5.36520450908e-09	5.0556806741e-08
5.36884438516e-09	4.63428335706e-08
5.37248426124e-09	2.32070203054e-08
5.37612413732e-09	-9.13219011522e-09
5.37976401341e-09	-3.70192836385e-08
5.38340388949e-09	-4.86620912454e-08
5.38704376557e-09	-3.91184578064e-08
5.39068364165e-09	-1.23640875316e-08
5.39432351774e-09	2.03993462122e-08
5.39796339382e-09	4.54396982263e-08
5.4016032699e-09	5.22249834489e-08
5.40524314599e-09	3.78319597871e-08
5.40888302207e-09	8.20153722714e-09
5.41252289815e-09	-2.42892355118e-08
5.41616277423e-09	-4.59742608427e-08
5.41980265032e-09	-4.7657024993e-08
5.4234425264e-09	-2.8542086028e-08
5.42708240248e-09	3.36464611728e-09
5.43072227856e-09	3.46125403894e-08
