% time-domain voltage integration by openEMS v0.0.36-93-g7b9cd51 @Thu Sep 24 16:28:11 2026
% start-coordinates: (0.007,0,0.000142394) m -> [10,3,5]
% stop-coordinates: (0.007,0,0.0021) m -> [10,3,7]
% t/s	voltage
0	-0
3.63987608265e-12	-3.09956082134e-07
7.27975216529e-12	-2.68200437858e-07
1.09196282479e-11	8.7246009528e-08
1.45595043306e-11	1.34625810233e-06
1.81993804132e-11	4.27992625873e-06
2.18392564959e-11	9.72701195678e-06
2.54791325785e-11	1.78523473551e-05
2.91190086612e-11	2.69377351287e-05
3.27588847438e-11	3.19768237205e-05
3.63987608265e-11	2.37365693465e-05
4.00386369091e-11	-1.01656067955e-05
4.36785129918e-11	-8.09675993878e-05
4.73183890744e-11	-0.000191300103324
5.09582651571e-11	-0.000326568566379
5.45981412397e-11	-0.000449817736808
5.82380173224e-11	-0.000505627722305
6.1877893405e-11	-0.000436060458014
6.55177694876e-11	-0.000205938911677
6.91576455703e-11	0.000172150868821
7.27975216529e-11	0.000626604494755
7.64373977356e-11	0.0010395336285
8.00772738182e-11	0.00128349580336
8.37171499009e-11	0.00126953163999
8.73570259835e-11	0.000985554506769
9.09969020662e-11	0.000506401513121
9.46367781488e-11	-3.07447917294e-05
9.82766542315e-11	-0.00047569409071
1.01916530314e-10	-0.000718053510354
1.05556406397e-10	-0.000721690623323
1.09196282479e-10	-0.000528902426595
1.12836158562e-10	-0.000236250722082
1.16476034645e-10	4.49920553365e-05
1.20115910727e-10	0.00022725548115
1.2375578681e-10	0.000271045035333
1.27395662893e-10	0.000189726917597
1.31035538975e-10	3.63656572517e-05
1.34675415058e-10	-0.000120447497466
1.38315291141e-10	-0.000222378686885
1.41955167223e-10	-0.000239947290538
1.45595043306e-10	-0.000178319727638
1.49234919389e-10	-6.95735998306e-05
1.52874795471e-10	4.389518881e-05
1.56514671554e-10	0.000126953093059
1.60154547636e-10	0.000162831984198
1.63794423719e-10	0.000154043678776
1.67434299802e-10	0.000114960381325
1.71074175884e-10	6.16716988588e-05
1.74714051967e-10	5.24991150996e-06
1.7835392805e-10	-4.91816481372e-05
1.81993804132e-10	-9.86490395007e-05
1.85633680215e-10	-0.000137815553899
1.89273556298e-10	-0.000157830734679
1.9291343238e-10	-0.000149581568621
1.96553308463e-10	-0.000109269276436
2.00193184546e-10	-4.23765923188e-05
2.03833060628e-10	3.67763359463e-05
2.07472936711e-10	0.000110075550765
2.11112812794e-10	0.00016266262719
2.14752688876e-10	0.000188039175555
2.18392564959e-10	0.000188644702575
2.22032441041e-10	0.000172073288923
2.25672317124e-10	0.000145425301525
2.29312193207e-10	0.000111341516458
2.32952069289e-10	6.79745435264e-05
2.36591945372e-10	1.25010758438e-05
2.40231821455e-10	-5.42805228179e-05
2.43871697537e-10	-0.000125239819681
2.4751157362e-10	-0.000187983994692
2.51151449703e-10	-0.000229205103096
2.54791325785e-10	-0.000239994093135
2.58431201868e-10	-0.000219389101403
2.62071077951e-10	-0.000174357708602
2.65710954033e-10	-0.000116442653962
2.69350830116e-10	-5.69895310036e-05
2.72990706199e-10	-3.32509083023e-06
2.76630582281e-10	4.23593173764e-05
2.80270458364e-10	8.12973457869e-05
2.83910334446e-10	0.00011507061572
2.87550210529e-10	0.00014308983009
2.91190086612e-10	0.000162082287716
2.94829962694e-10	0.000167675061675
2.98469838777e-10	0.000156888470883
3.0210971486e-10	0.000130011079818
3.05749590942e-10	9.08865322344e-05
3.09389467025e-10	4.56663447039e-05
3.13029343108e-10	8.71814560099e-07
3.1666921919e-10	-3.82812745556e-05
3.20309095273e-10	-6.86616649546e-05
3.23948971356e-10	-8.90977908057e-05
3.27588847438e-10	-9.9717412013e-05
3.31228723521e-10	-0.000101259785879
3.34868599604e-10	-9.47055405049e-05
3.38508475686e-10	-8.11876716398e-05
3.42148351769e-10	-6.20628243269e-05
3.45788227851e-10	-3.90035356759e-05
3.49428103934e-10	-1.3914392639e-05
3.53067980017e-10	1.12545241109e-05
3.56707856099e-10	3.46473311765e-05
3.60347732182e-10	5.45721186427e-05
3.63987608265e-10	6.94608024787e-05
3.67627484347e-10	7.78665935286e-05
3.7126736043e-10	7.87097069406e-05
3.74907236513e-10	7.16891290722e-05
3.78547112595e-10	5.76529000682e-05
3.82186988678e-10	3.86602710023e-05
3.85826864761e-10	1.75138643499e-05
3.89466740843e-10	-3.08127818016e-06
3.93106616926e-10	-2.12989275497e-05
3.96746493009e-10	-3.65705022887e-05
4.00386369091e-10	-4.93110292155e-05
4.04026245174e-10	-6.0108282014e-05
4.07666121256e-10	-6.88945865477e-05
4.11305997339e-10	-7.45641400499e-05
4.14945873422e-10	-7.52802388888e-05
4.18585749504e-10	-6.94332229614e-05
4.22225625587e-10	-5.66872777199e-05
4.2586550167e-10	-3.8543640585e-05
4.29505377752e-10	-1.80787378667e-05
4.33145253835e-10	1.12102841854e-06
4.36785129918e-10	1.62807630204e-05
4.40425006e-10	2.63523938884e-05
4.44064882083e-10	3.21570391861e-05
4.47704758166e-10	3.56402902071e-05
4.51344634248e-10	3.86365727536e-05
4.54984510331e-10	4.17860583184e-05
4.58624386414e-10	4.41003908236e-05
4.62264262496e-10	4.34086482528e-05
4.65904138579e-10	3.74767887479e-05
4.69544014661e-10	2.52569138866e-05
4.73183890744e-10	7.68003360463e-06
4.76823766827e-10	-1.24370576486e-05
4.80463642909e-10	-3.13499072035e-05
4.84103518992e-10	-4.57761152575e-05
4.87743395075e-10	-5.40836517757e-05
4.91383271157e-10	-5.67252927794e-05
4.9502314724e-10	-5.57744069738e-05
4.98663023323e-10	-5.38338681508e-05
5.02302899405e-10	-5.28240134372e-05
5.05942775488e-10	-5.31690120624e-05
5.09582651571e-10	-5.36755878784e-05
5.13222527653e-10	-5.21184574609e-05
5.16862403736e-10	-4.62994084955e-05
5.20502279819e-10	-3.5136823044e-05
5.24142155901e-10	-1.93355683678e-05
5.27782031984e-10	-1.35001879187e-06
5.31421908066e-10	1.54069450673e-05
5.35061784149e-10	2.78186867035e-05
5.38701660232e-10	3.42469288626e-05
5.42341536314e-10	3.51272092303e-05
5.45981412397e-10	3.27011853187e-05
5.4962128848e-10	2.99857792925e-05
5.53261164562e-10	2.94444671454e-05
5.56901040645e-10	3.19162504638e-05
5.60540916728e-10	3.62596256309e-05
5.6418079281e-10	3.9896868202e-05
5.67820668893e-10	3.99894779548e-05
5.71460544976e-10	3.47495861206e-05
5.75100421058e-10	2.43490594585e-05
5.78740297141e-10	1.09746069938e-05
5.82380173224e-10	-1.99502210307e-06
5.86020049306e-10	-1.13409029154e-05
5.89659925389e-10	-1.53293526637e-05
5.93299801471e-10	-1.43884503814e-05
5.96939677554e-10	-1.08472452212e-05
6.00579553637e-10	-7.87053897966e-06
6.04219429719e-10	-8.02859221949e-06
6.07859305802e-10	-1.21625689644e-05
6.11499181885e-10	-1.90327912151e-05
6.15139057967e-10	-2.58655259131e-05
6.1877893405e-10	-2.95931613437e-05
6.22418810133e-10	-2.82138757939e-05
6.26058686215e-10	-2.16710625409e-05
6.29698562298e-10	-1.19012253208e-05
6.33338438381e-10	-2.02456547527e-06
6.36978314463e-10	4.96616115697e-06
6.40618190546e-10	7.43714042528e-06
6.44258066629e-10	5.75880073939e-06
6.47897942711e-10	2.0692818623e-06
6.51537818794e-10	-7.3567522918e-07
6.55177694876e-10	-3.27823878266e-07
6.58817570959e-10	3.99851643351e-06
6.62457447042e-10	1.09964191779e-05
6.66097323124e-10	1.80243498562e-05
6.69737199207e-10	2.22236787977e-05
6.7337707529e-10	2.17793101456e-05
6.77016951372e-10	1.66980696577e-05
6.80656827455e-10	8.77239529018e-06
6.84296703538e-10	7.75830429234e-07
6.8793657962e-10	-4.73013238889e-06
6.91576455703e-10	-6.45352736228e-06
6.95216331786e-10	-4.83492317471e-06
6.98856207868e-10	-1.75202342234e-06
7.02496083951e-10	3.79801999628e-07
7.06135960034e-10	-2.69765891403e-07
7.09775836116e-10	-4.10992390698e-06
7.13415712199e-10	-9.93668527371e-06
7.17055588281e-10	-1.54561109866e-05
7.20695464364e-10	-1.83060499239e-05
7.24335340447e-10	-1.71033921106e-05
7.27975216529e-10	-1.20499156537e-05
7.31615092612e-10	-4.8394673513e-06
7.35254968695e-10	2.09672793972e-06
7.38894844777e-10	6.63629680275e-06
7.4253472086e-10	7.84139217558e-06
7.46174596943e-10	6.30374358934e-06
7.49814473025e-10	3.79399955364e-06
7.53454349108e-10	2.39700713678e-06
7.57094225191e-10	3.51999335635e-06
7.60734101273e-10	7.20624382211e-06
7.64373977356e-10	1.20874603908e-05
7.68013853439e-10	1.5997294895e-05
7.71653729521e-10	1.69574727806e-05
7.75293605604e-10	1.41091788919e-05
7.78933481686e-10	8.12470898381e-06
7.82573357769e-10	9.07561855001e-07
7.86213233852e-10	-5.25561671338e-06
7.89853109934e-10	-8.6992439492e-06
7.93492986017e-10	-9.07190576527e-06
7.971328621e-10	-7.4050716421e-06
8.00772738182e-10	-5.5621909496e-06
8.04412614265e-10	-5.33239341394e-06
8.08052490348e-10	-7.57578106914e-06
8.1169236643e-10	-1.18055914982e-05
8.15332242513e-10	-1.63787983638e-05
8.18972118596e-10	-1.92187899302e-05
8.22611994678e-10	-1.87569501122e-05
8.26251870761e-10	-1.46649631461e-05
8.29891746844e-10	-8.04791307019e-06
8.33531622926e-10	-1.00247844159e-06
8.37171499009e-10	4.2938870024e-06
8.40811375092e-10	6.53122106087e-06
8.44451251174e-10	5.81849246828e-06
8.48091127257e-10	3.59155706064e-06
8.51731003339e-10	1.90674808209e-06
8.55370879422e-10	2.45280887157e-06
8.59010755505e-10	5.74159093958e-06
8.62650631587e-10	1.08283755935e-05
8.6629050767e-10	1.57062838753e-05
8.69930383753e-10	1.81940447419e-05
8.73570259835e-10	1.69146399003e-05
8.77210135918e-10	1.19466236583e-05
8.80850012001e-10	4.83963106035e-06
8.84489888083e-10	-2.02431434104e-06
8.88129764166e-10	-6.45016484668e-06
8.91769640249e-10	-7.38860876481e-06
8.95409516331e-10	-5.38227129709e-06
8.99049392414e-10	-2.29109213024e-06
9.02689268497e-10	-4.18674702019e-07
9.06329144579e-10	-1.4201836791e-06
9.09969020662e-10	-5.50933310706e-06
9.13608896744e-10	-1.1332068425e-05
9.17248772827e-10	-1.65474234564e-05
9.2088864891e-10	-1.88633080143e-05
9.24528524992e-10	-1.70552773398e-05
9.28168401075e-10	-1.15154654168e-05
9.31808277158e-10	-4.10770343251e-06
9.3544815324e-10	2.60674005403e-06
9.39088029323e-10	6.44683643714e-06
9.42727905406e-10	6.53106280879e-06
9.46367781488e-10	3.65103198874e-06
9.50007657571e-10	-8.52545234409e-08
9.53647533654e-10	-2.20448839627e-06
9.57287409736e-10	-1.00313359042e-06
9.60927285819e-10	3.63730822528e-06
9.64567161902e-10	1.01378325326e-05
9.68207037984e-10	1.58935672516e-05
9.71846914067e-10	1.84264747531e-05
9.75486790149e-10	1.64993746239e-05
9.79126666232e-10	1.06850826569e-05
9.82766542315e-10	3.12438652372e-06
9.86406418397e-10	-3.40070693028e-06
9.9004629448e-10	-6.659686278e-06
9.93686170563e-10	-5.92206276906e-06
9.97326046645e-10	-2.24007905558e-06
1.00096592273e-09	2.04549556315e-06
1.00460579881e-09	4.35227673279e-06
1.00824567489e-09	3.01936614733e-06
1.01188555098e-09	-1.92601928006e-06
1.01552542706e-09	-8.74371630744e-06
1.01916530314e-09	-1.47137536715e-05
1.02280517922e-09	-1.73256503331e-05
1.02644505531e-09	-1.53903263254e-05
1.03008493139e-09	-9.57531335644e-06
1.03372480747e-09	-2.12787293208e-06
1.03736468355e-09	4.1031822775e-06
1.04100455964e-09	6.89915395924e-06
1.04464443572e-09	5.60920466341e-06
1.0482843118e-09	1.40249115077e-06
1.05192418789e-09	-3.27646563392e-06
1.05556406397e-09	-5.80410380735e-06
1.05920394005e-09	-4.54195532029e-06
1.06284381613e-09	4.21190151201e-07
1.06648369222e-09	7.27771180209e-06
1.0701235683e-09	1.32652744469e-05
1.07376344438e-09	1.58612613177e-05
1.07740332046e-09	1.38957991567e-05
1.08104319655e-09	8.08649508599e-06
1.08468307263e-09	7.39704859143e-07
1.08832294871e-09	-5.25253238948e-06
1.09196282479e-09	-7.67802259816e-06
1.09560270088e-09	-5.96225402205e-06
1.09924257696e-09	-1.38832207597e-06
1.10288245304e-09	3.50915831859e-06
1.10652232912e-09	6.09634957982e-06
1.11016220521e-09	4.81977963318e-06
1.11380208129e-09	-1.09890450517e-07
1.11744195737e-09	-6.81099675148e-06
1.12108183346e-09	-1.25459002902e-05
1.12472170954e-09	-1.49072507156e-05
1.12836158562e-09	-1.28545780171e-05
1.1320014617e-09	-7.16329418537e-06
1.13564133779e-09	-9.89599477919e-08
1.13928121387e-09	5.55621483045e-06
1.14292108995e-09	7.7030065313e-06
1.14656096603e-09	5.82501786539e-06
1.15020084212e-09	1.19714781022e-06
1.1538407182e-09	-3.69992022797e-06
1.15748059428e-09	-6.2981434894e-06
1.16112047036e-09	-5.09314202191e-06
1.16476034645e-09	-3.21815122106e-07
1.16840022253e-09	6.14152793332e-06
1.17204009861e-09	1.16096711054e-05
1.1756799747e-09	1.37555500714e-05
1.17931985078e-09	1.16253223723e-05
1.18295972686e-09	6.04657645908e-06
1.18659960294e-09	-7.39337522759e-07
1.19023947903e-09	-6.04712147378e-06
1.19387935511e-09	-7.90921819771e-06
1.19751923119e-09	-5.9155162262e-06
1.20115910727e-09	-1.36465270373e-06
1.20479898336e-09	3.33231292871e-06
1.20843885944e-09	5.73854555341e-06
1.21207873552e-09	4.48546336429e-06
1.2157186116e-09	-1.19576002433e-07
1.21935848769e-09	-6.23328310212e-06
1.22299836377e-09	-1.12956084877e-05
1.22663823985e-09	-1.31566907839e-05
1.23027811593e-09	-1.10061631631e-05
1.23391799202e-09	-5.70787852894e-06
1.2375578681e-09	5.95086021349e-07
1.24119774418e-09	5.41699859014e-06
1.24483762027e-09	6.993285524e-06
1.24847749635e-09	5.01872864334e-06
1.25211737243e-09	7.50098635649e-07
1.25575724851e-09	-3.57113094651e-06
1.2593971246e-09	-5.71626799228e-06
1.26303700068e-09	-4.4572857405e-06
1.26667687676e-09	-1.17760054152e-07
1.27031675284e-09	5.56576026156e-06
1.27395662893e-09	1.02102832216e-05
1.27759650501e-09	1.18373360465e-05
1.28123638109e-09	9.74351382865e-06
1.28487625717e-09	4.79801781239e-06
1.28851613326e-09	-9.58879866175e-07
1.29215600934e-09	-5.22232767253e-06
1.29579588542e-09	-6.42973770937e-06
1.29943576151e-09	-4.41577509491e-06
1.30307563759e-09	-4.40143125502e-07
1.30671551367e-09	3.40525696174e-06
1.31035538975e-09	5.14017392561e-06
1.31399526584e-09	3.7700114035e-06
1.31763514192e-09	-2.86787077641e-07
1.321275018e-09	-5.39077393569e-06
1.32491489408e-09	-9.41000303101e-06
1.32855477017e-09	-1.06555663706e-05
1.33219464625e-09	-8.611602766e-06
1.33583452233e-09	-4.14863563947e-06
1.33947439841e-09	8.76726730326e-07
1.3431142745e-09	4.44877281325e-06
1.34675415058e-09	5.27006307038e-06
1.35039402666e-09	3.30490706801e-06
1.35403390274e-09	-2.44349735112e-07
1.35767377883e-09	-3.50683745864e-06
1.36131365491e-09	-4.78919480429e-06
1.36495353099e-09	-3.32552627924e-06
1.36859340708e-09	3.96376250933e-07
1.37223328316e-09	4.86313490455e-06
1.37587315924e-09	8.20719503736e-06
1.37951303532e-09	9.02807914827e-06
1.38315291141e-09	7.00196812886e-06
1.38679278749e-09	3.00984828527e-06
1.39043266357e-09	-1.26416713897e-06
1.39407253965e-09	-4.08655608908e-06
1.39771241574e-09	-4.44233171493e-06
1.40135229182e-09	-2.46457361186e-06
1.4049921679e-09	6.61186348339e-07
1.40863204398e-09	3.2645026522e-06
1.41227192007e-09	3.96400946556e-06
1.41591179615e-09	2.28628883292e-06
1.41955167223e-09	-1.14303472287e-06
1.42319154832e-09	-4.90151086296e-06
1.4268314244e-09	-7.41766689316e-06
1.43047130048e-09	-7.66297262089e-06
1.43411117656e-09	-5.58499851877e-06
1.43775105265e-09	-2.10670037859e-06
1.44139092873e-09	1.29896119461e-06
1.44503080481e-09	3.2636630749e-06
1.44867068089e-09	3.11950640253e-06
1.45231055698e-09	1.17779795517e-06
1.45595043306e-09	-1.43597935676e-06
1.45959030914e-09	-3.31187072788e-06
1.46323018522e-09	-3.40665377507e-06
1.46687006131e-09	-1.52405607423e-06
1.47050993739e-09	1.60292918849e-06
1.47414981347e-09	4.65912842174e-06
1.47778968955e-09	6.35095454982e-06
1.48142956564e-09	5.99003340085e-06
1.48506944172e-09	3.78887187935e-06
1.4887093178e-09	7.41827705042e-07
1.49234919389e-09	-1.83909435236e-06
1.49598906997e-09	-2.91808743214e-06
1.49962894605e-09	-2.1905618155e-06
1.50326882213e-09	-1.99874673257e-07
1.50690869822e-09	1.92903323182e-06
1.5105485743e-09	3.01957942384e-06
1.51418845038e-09	2.3943609051e-06
1.51782832646e-09	1.92642954033e-07
1.52146820255e-09	-2.69060475944e-06
1.52510807863e-09	-5.0212834708e-06
1.52874795471e-09	-5.8023542806e-06
1.53238783079e-09	-4.73313457405e-06
1.53602770688e-09	-2.33884742329e-06
1.53966758296e-09	2.86724141318e-07
1.54330745904e-09	1.99921851163e-06
1.54694733513e-09	2.12871901795e-06
1.55058721121e-09	7.72003232896e-07
1.55422708729e-09	-1.27107006165e-06
1.55786696337e-09	-2.88092758183e-06
1.56150683946e-09	-3.13972742561e-06
1.56514671554e-09	-1.75648236223e-06
1.56878659162e-09	7.89074888985e-07
1.5724264677e-09	3.45169576121e-06
1.57606634379e-09	5.0890419061e-06
1.57970621987e-09	4.98674995697e-06
1.58334609595e-09	3.20171642443e-06
1.58698597203e-09	5.51029899043e-07
1.59062584812e-09	-1.75768104782e-06
1.5942657242e-09	-2.6900455623e-06
1.59790560028e-09	-1.87891006931e-06
1.60154547636e-09	1.95915522028e-07
1.60518535245e-09	2.43314698878e-06
1.60882522853e-09	3.62977033319e-06
1.61246510461e-09	3.05329371031e-06
1.6161049807e-09	7.94679806404e-07
1.61974485678e-09	-2.26126664415e-06
1.62338473286e-09	-4.82808172819e-06
1.62702460894e-09	-5.79699860737e-06
1.63066448503e-09	-4.74387752547e-06
1.63430436111e-09	-2.13493694901e-06
1.63794423719e-09	8.64428841396e-07
1.64158411327e-09	2.90409121817e-06
1.64522398936e-09	3.06513607029e-06
1.64886386544e-09	1.29582569741e-06
1.65250374152e-09	-1.53891375021e-06
1.6561436176e-09	-4.03696128615e-06
1.65978349369e-09	-4.90188000413e-06
1.66342336977e-09	-3.55365108362e-06
1.66706324585e-09	-4.20892931174e-07
1.67070312194e-09	3.22823717624e-06
1.67434299802e-09	5.84582721785e-06
1.6779828741e-09	6.29676367225e-06
1.68162275018e-09	4.37488552052e-06
1.68526262627e-09	9.1279001424e-07
1.68890250235e-09	-2.5695484851e-06
1.69254237843e-09	-4.5260716206e-06
1.69618225451e-09	-4.07247671319e-06
1.6998221306e-09	-1.40160247497e-06
1.70346200668e-09	2.26846975693e-06
1.70710188276e-09	5.21078095517e-06
1.71074175884e-09	5.95765754952e-06
1.71438163493e-09	3.98394513468e-06
1.71802151101e-09	-1.59399675681e-08
1.72166138709e-09	-4.40018555992e-06
1.72530126317e-09	-7.29452904125e-06
1.72894113926e-09	-7.43394332403e-06
1.73258101534e-09	-4.74290288821e-06
1.73622089142e-09	-3.86787021966e-07
1.73986076751e-09	3.72932902337e-06
1.74350064359e-09	5.7961199218e-06
1.74714051967e-09	4.89838578233e-06
1.75078039575e-09	1.42634478095e-06
1.75442027184e-09	-3.07532775423e-06
1.75806014792e-09	-6.56459326365e-06
1.761700024e-09	-7.38877020012e-06
1.76533990008e-09	-5.02197178776e-06
1.76897977617e-09	-3.30502430756e-07
1.77261965225e-09	4.76610767919e-06
1.77625952833e-09	8.11125380551e-06
1.77989940441e-09	8.25537324545e-06
1.7835392805e-09	5.11233440648e-06
1.78717915658e-09	2.43386821808e-08
1.79081903266e-09	-4.80669427816e-06
1.79445890875e-09	-7.27577105408e-06
1.79809878483e-09	-6.30061833817e-06
1.80173866091e-09	-2.30523005484e-06
1.80537853699e-09	2.95276015549e-06
1.80901841308e-09	7.13373071903e-06
1.81265828916e-09	8.32707144127e-06
1.81629816524e-09	5.88797456658e-06
1.81993804132e-09	7.36759702136e-07
1.82357791741e-09	-5.01185934354e-06
1.82721779349e-09	-8.94168181276e-06
1.83085766957e-09	-9.37725087624e-06
1.83449754565e-09	-6.12262886079e-06
1.83813742174e-09	-5.67037396593e-07
1.84177729782e-09	4.90099671424e-06
1.8454171739e-09	7.92541550254e-06
1.84905704998e-09	7.20871923932e-06
1.85269692607e-09	3.0802495985e-06
1.85633680215e-09	-2.64377297299e-06
1.85997667823e-09	-7.44686110465e-06
1.86361655432e-09	-9.19744513794e-06
1.8672564304e-09	-7.06477601398e-06
1.87089630648e-09	-1.87739462376e-06
1.87453618256e-09	4.22679556777e-06
1.87817605865e-09	8.70490327998e-06
1.88181593473e-09	9.68630013176e-06
1.88545581081e-09	6.77194509535e-06
1.88909568689e-09	1.21211185444e-06
1.89273556298e-09	-4.62014730829e-06
1.89637543906e-09	-8.23973687147e-06
1.90001531514e-09	-8.11865334072e-06
1.90365519122e-09	-4.34646727854e-06
1.90729506731e-09	1.40923400238e-06
1.91093494339e-09	6.62640036353e-06
1.91457481947e-09	9.02056024188e-06
1.91821469556e-09	7.5270737625e-06
1.92185457164e-09	2.74865112715e-06
1.92549444772e-09	-3.31556731226e-06
1.9291343238e-09	-8.13391227439e-06
1.93277419989e-09	-9.71955739715e-06
1.93641407597e-09	-7.46259468087e-06
1.94005395205e-09	-2.37278669601e-06
1.94369382813e-09	3.36462585437e-06
1.94733370422e-09	7.32558521577e-06
1.9509735803e-09	7.87544354353e-06
1.95461345638e-09	4.85501089997e-06
1.95825333246e-09	-3.67836456405e-07
1.96189320855e-09	-5.50180391201e-06
1.96553308463e-09	-8.32342357171e-06
1.96917296071e-09	-7.62626007145e-06
1.97281283679e-09	-3.7193682374e-06
1.97645271288e-09	1.73291343231e-06
1.98009258896e-09	6.44432225272e-06
1.98373246504e-09	8.48612512527e-06
1.98737234113e-09	7.08982076958e-06
1.99101221721e-09	2.93981639743e-06
1.99465209329e-09	-2.1511313264e-06
1.99829196937e-09	-6.03050722248e-06
2.00193184546e-09	-7.11912127827e-06
2.00557172154e-09	-5.06064293404e-06
2.00921159762e-09	-8.43002553097e-07
2.0128514737e-09	3.65264884294e-06
2.01649134979e-09	6.47574074719e-06
2.02013122587e-09	6.44122553695e-06
2.02377110195e-09	3.61521591685e-06
2.02741097803e-09	-7.49636114961e-07
2.03105085412e-09	-4.78987311681e-06
2.0346907302e-09	-6.84871884005e-06
2.03833060628e-09	-6.17088858235e-06
2.04197048237e-09	-3.18159840162e-06
2.04561035845e-09	7.50808695216e-07
2.04925023453e-09	3.93925085973e-06
2.05289011061e-09	5.10329516601e-06
2.0565299867e-09	3.88590581224e-06
2.06016986278e-09	9.55578656203e-07
2.06380973886e-09	-2.32777767906e-06
2.06744961494e-09	-4.52182302979e-06
2.07108949103e-09	-4.72050584222e-06
2.07472936711e-09	-2.91612951742e-06
2.07836924319e-09	4.02382944742e-08
2.08200911927e-09	2.84775109094e-06
2.08564899536e-09	4.34380888237e-06
2.08928887144e-09	4.00163355607e-06
2.09292874752e-09	2.11932814409e-06
2.0965686236e-09	-3.66309080846e-07
2.10020849969e-09	-2.33682590078e-06
2.10384837577e-09	-2.99815707194e-06
2.10748825185e-09	-2.20371134674e-06
2.11112812794e-09	-4.66270556387e-07
2.11476800402e-09	1.32348237969e-06
2.1184078801e-09	2.32553969681e-06
2.12204775618e-09	2.12511181985e-06
2.12568763227e-09	8.90979222845e-07
2.12932750835e-09	-7.41147800909e-07
2.13296738443e-09	-1.99425861069e-06
2.13660726051e-09	-2.32521156818e-06
2.1402471366e-09	-1.67264312267e-06
2.14388701268e-09	-4.61753124625e-07
2.14752688876e-09	6.3295554753e-07
2.15116676484e-09	1.04114579358e-06
2.15480664093e-09	5.87653815387e-07
2.15844651701e-09	-4.27138544978e-07
2.16208639309e-09	-1.39667814381e-06
2.16572626918e-09	-1.73454225205e-06
2.16936614526e-09	-1.18537062122e-06
2.17300602134e-09	3.46472610602e-08
2.17664589742e-09	1.33999311913e-06
2.18028577351e-09	2.06609536235e-06
2.18392564959e-09	1.80440304121e-06
2.18756552567e-09	6.21488496222e-07
2.19120540175e-09	-9.45486249293e-07
2.19484527784e-09	-2.12313753423e-06
2.19848515392e-09	-2.26598362474e-06
2.20212503e-09	-1.18683195183e-06
2.20576490608e-09	7.09149745148e-07
2.20940478217e-09	2.56800291254e-06
2.21304465825e-09	3.46248964433e-06
2.21668453433e-09	2.8390631428e-06
2.22032441041e-09	8.20511232291e-07
2.2239642865e-09	-1.79716278126e-06
2.22760416258e-09	-3.87167335703e-06
2.23124403866e-09	-4.42903592557e-06
2.23488391475e-09	-3.12908872502e-06
2.23852379083e-09	-4.57558456901e-07
2.24216366691e-09	2.45261477971e-06
2.24580354299e-09	4.30118552686e-06
2.24944341908e-09	4.19611734515e-06
2.25308329516e-09	2.07031484933e-06
2.25672317124e-09	-1.24700139281e-06
2.26036304732e-09	-4.35008456634e-06
2.26400292341e-09	-5.84620369182e-06
2.26764279949e-09	-4.97110522701e-06
2.27128267557e-09	-1.96114694972e-06
2.27492255165e-09	1.99688426505e-06
2.27856242774e-09	5.24277743352e-06
2.28220230382e-09	6.35378569314e-06
2.2858421799e-09	4.7822295528e-06
2.28948205599e-09	1.12923407869e-06
2.29312193207e-09	-3.08294249862e-06
2.29676180815e-09	-6.0494680838e-06
2.30040168423e-09	-6.45810837341e-06
2.30404156032e-09	-4.0659653564e-06
2.3076814364e-09	1.75025181903e-07
2.31132131248e-09	4.50007672725e-06
2.31496118856e-09	7.0625491162e-06
2.31860106465e-09	6.71464943025e-06
2.32224094073e-09	3.51093808604e-06
2.32588081681e-09	-1.28270738742e-06
2.32952069289e-09	-5.6929453649e-06
2.33316056898e-09	-7.86037662692e-06
2.33680044506e-09	-6.83721168571e-06
2.34044032114e-09	-3.01463256847e-06
2.34408019722e-09	2.01765783459e-06
2.34772007331e-09	6.13589475051e-06
2.35135994939e-09	7.58708438298e-06
2.35499982547e-09	5.74047919599e-06
2.35863970156e-09	1.36028124587e-06
2.36227957764e-09	-3.71831504253e-06
2.36591945372e-09	-7.36442495963e-06
2.3695593298e-09	-8.04285855338e-06
2.37319920589e-09	-5.45094553672e-06
2.37683908197e-09	-6.41574658289e-07
2.38047895805e-09	4.41312840849e-06
2.38411883413e-09	7.63537923376e-06
2.38775871022e-09	7.70161602759e-06
2.3913985863e-09	4.59591007029e-06
2.39503846238e-09	-3.7852673529e-07
2.39867833846e-09	-5.14065322932e-06
2.40231821455e-09	-7.7062533137e-06
2.40595809063e-09	-7.02402530806e-06
2.40959796671e-09	-3.41280559724e-06
2.4132378428e-09	1.58671599593e-06
2.41687771888e-09	5.87599606661e-06
2.42051759496e-09	7.68587040056e-06
2.42415747104e-09	6.3030478259e-06
2.42779734713e-09	2.33976064123e-06
2.43143722321e-09	-2.54922076692e-06
2.43507709929e-09	-6.36697859591e-06
2.43871697537e-09	-7.59375768666e-06
2.44235685146e-09	-5.79360425945e-06
2.44599672754e-09	-1.77135126478e-06
2.44963660362e-09	2.77880619137e-06
2.4532764797e-09	5.98383292072e-06
2.45691635579e-09	6.56696920487e-06
2.46055623187e-09	4.36495383838e-06
2.46419610795e-09	3.69253935872e-07
2.46783598403e-09	-3.71935533394e-06
2.47147586012e-09	-6.2217982304e-06
2.4751157362e-09	-6.17541832071e-06
2.47875561228e-09	-3.69732424588e-06
2.48239548837e-09	1.18030552443e-07
2.48603536445e-09	3.69452425275e-06
2.48967524053e-09	5.63393655284e-06
2.49331511661e-09	5.26074160234e-06
2.4969549927e-09	2.84663121874e-06
2.50059486878e-09	-5.47760407699e-07
2.50423474486e-09	-3.53179132162e-06
2.50787462094e-09	-4.94998175782e-06
2.51151449703e-09	-4.3294408556e-06
2.51515437311e-09	-2.03709271318e-06
2.51879424919e-09	9.1004133651e-07
2.52243412527e-09	3.29410090671e-06
2.52607400136e-09	4.20510912136e-06
2.52971387744e-09	3.39081327638e-06
2.53335375352e-09	1.30534571952e-06
2.53699362961e-09	-1.14041537813e-06
2.54063350569e-09	-2.98977917623e-06
2.54427338177e-09	-3.62053123126e-06
2.54791325785e-09	-2.94095121944e-06
2.55155313394e-09	-1.35202650142e-06
2.55519301002e-09	4.69115150281e-07
2.5588328861e-09	1.85251420248e-06
2.56247276218e-09	2.37247240875e-06
2.56611263827e-09	1.96173897393e-06
2.56975251435e-09	8.85756676894e-07
2.57339239043e-09	-3.98023942694e-07
2.57703226651e-09	-1.43110551676e-06
2.5806721426e-09	-1.91609456124e-06
2.58431201868e-09	-1.78893156999e-06
2.58795189476e-09	-1.18666061155e-06
2.59159177084e-09	-3.45061529572e-07
2.59523164693e-09	5.04632225784e-07
2.59887152301e-09	1.18806737248e-06
2.60251139909e-09	1.58325406119e-06
2.60615127518e-09	1.59804289979e-06
2.60979115126e-09	1.17723485005e-06
2.61343102734e-09	3.51296240098e-07
2.61707090342e-09	-7.10061442533e-07
2.62071077951e-09	-1.69554667195e-06
2.62435065559e-09	-2.2358375702e-06
2.62799053167e-09	-2.05164951694e-06
2.63163040775e-09	-1.09822877903e-06
2.63527028384e-09	3.66980373201e-07
2.63891015992e-09	1.83825281397e-06
2.642550036e-09	2.72956003755e-06
2.64618991208e-09	2.59986927631e-06
2.64982978817e-09	1.3560041765e-06
2.65346966425e-09	-6.52168068882e-07
2.65710954033e-09	-2.70502079047e-06
2.66074941642e-09	-3.95834041456e-06
2.6643892925e-09	-3.78799160217e-06
2.66802916858e-09	-2.09811616969e-06
2.67166904466e-09	5.6286752681e-07
2.67530892075e-09	3.16486085694e-06
2.67894879683e-09	4.6015994144e-06
2.68258867291e-09	4.17423831323e-06
2.68622854899e-09	1.93298325257e-06
2.68986842508e-09	-1.29153514195e-06
2.69350830116e-09	-4.19815376063e-06
2.69714817724e-09	-5.54502793193e-06
2.70078805332e-09	-4.67610885835e-06
2.70442792941e-09	-1.82508762236e-06
2.70806780549e-09	1.93505201196e-06
2.71170768157e-09	5.09143376348e-06
2.71534755765e-09	6.29442047284e-06
2.71898743374e-09	4.93054272965e-06
2.72262730982e-09	1.42783584067e-06
2.7262671859e-09	-2.85883518814e-06
2.72990706199e-09	-6.16828071998e-06
2.73354693807e-09	-7.06423190877e-06
2.73718681415e-09	-5.07114674519e-06
2.74082669023e-09	-9.24178308992e-07
2.74446656632e-09	3.69801864508e-06
2.7481064424e-09	6.86017790485e-06
2.75174631848e-09	7.18854846582e-06
2.75538619456e-09	4.46625443828e-06
2.75902607065e-09	-2.5104062118e-07
2.76266594673e-09	-5.05022052266e-06
2.76630582281e-09	-7.93855861048e-06
2.76994569889e-09	-7.66776759065e-06
2.77358557498e-09	-4.26791660857e-06
2.77722545106e-09	9.30388210918e-07
2.78086532714e-09	5.81185895498e-06
2.78450520323e-09	8.33719400362e-06
2.78814507931e-09	7.40174471048e-06
2.79178495539e-09	3.32972433625e-06
2.79542483147e-09	-2.22504132807e-06
2.79906470756e-09	-6.95197741152e-06
2.80270458364e-09	-8.85418478447e-06
2.80634445972e-09	-7.10077983967e-06
2.8099843358e-09	-2.39021400716e-06
2.81362421189e-09	3.33600115709e-06
2.81726408797e-09	7.70351425672e-06
2.82090396405e-09	8.89395414561e-06
2.82454384013e-09	6.39806194158e-06
2.82818371622e-09	1.2262758986e-06
2.8318235923e-09	-4.5034703362e-06
2.83546346838e-09	-8.43158306907e-06
2.83910334446e-09	-8.92801165264e-06
2.84274322055e-09	-5.77228308885e-06
2.84638309663e-09	-2.60559573917e-07
2.85002297271e-09	5.31854755081e-06
2.8536628488e-09	8.63524610395e-06
2.85730272488e-09	8.30025248888e-06
2.86094260096e-09	4.45625511247e-06
2.86458247704e-09	-1.28028941049e-06
2.86822235313e-09	-6.506854902e-06
2.87186222921e-09	-9.05250158212e-06
2.87550210529e-09	-7.88528848261e-06
2.87914198137e-09	-3.5268518559e-06
2.88278185746e-09	2.18914613015e-06
2.88642173354e-09	6.89578337187e-06
2.89006160962e-09	8.67365895374e-06
2.8937014857e-09	6.83145731273e-06
2.89734136179e-09	2.17329872498e-06
2.90098123787e-09	-3.34622740183e-06
2.90462111395e-09	-7.43569250972e-06
2.90826099004e-09	-8.41704593313e-06
2.91190086612e-09	-5.92019750911e-06
2.9155407422e-09	-1.02885636011e-06
2.91918061828e-09	4.18537194946e-06
2.92282049437e-09	7.54648226575e-06
2.92646037045e-09	7.6922020753e-06
2.93010024653e-09	4.63135057771e-06
2.93374012261e-09	-2.92246220113e-07
2.9373799987e-09	-4.99773761931e-06
2.94101987478e-09	-7.5556425827e-06
2.94465975086e-09	-6.98028179613e-06
2.94829962694e-09	-3.60377492825e-06
2.95193950303e-09	1.10367834338e-06
2.95557937911e-09	5.17046049708e-06
2.95921925519e-09	6.94344316798e-06
2.96285913127e-09	5.7567505678e-06
2.96649900736e-09	2.1820138727e-06
2.97013888344e-09	-2.23512421371e-06
2.97377875952e-09	-5.63830951705e-06
2.97741863561e-09	-6.64387368943e-06
2.98105851169e-09	-4.91170732175e-06
2.98469838777e-09	-1.25891375546e-06
2.98833826385e-09	2.72299089943e-06
2.99197813994e-09	5.3697095268e-06
2.99561801602e-09	5.64899755773e-06
2.9992578921e-09	3.5630616253e-06
3.00289776818e-09	9.31279551253e-08
3.00653764427e-09	-3.26104566284e-06
3.01017752035e-09	-5.12850317591e-06
3.01381739643e-09	-4.82121379264e-06
3.01745727251e-09	-2.57732858699e-06
3.0210971486e-09	5.83574006896e-07
3.02473702468e-09	3.3146440046e-06
3.02837690076e-09	4.50887915804e-06
3.03201677685e-09	3.74717899376e-06
3.03565665293e-09	1.44584318207e-06
3.03929652901e-09	-1.35249915445e-06
3.04293640509e-09	-3.44868732327e-06
3.04657628118e-09	-4.00729749117e-06
3.05021615726e-09	-2.89784460961e-06
3.05385603334e-09	-7.09051221293e-07
3.05749590942e-09	1.55352620368e-06
3.06113578551e-09	2.93115158456e-06
3.06477566159e-09	2.91971616662e-06
3.06841553767e-09	1.64552423598e-06
3.07205541375e-09	-2.45238510388e-07
3.07569528984e-09	-1.90595460481e-06
3.07933516592e-09	-2.66175109687e-06
3.082975042e-09	-2.27608239811e-06
3.08661491808e-09	-1.01210801517e-06
3.09025479417e-09	5.16597907563e-07
3.09389467025e-09	1.63260472164e-06
3.09753454633e-09	1.89101416481e-06
3.10117442242e-09	1.26001467038e-06
3.1048142985e-09	1.09233724288e-07
3.10845417458e-09	-9.8475896948e-07
3.11209405066e-09	-1.52160632183e-06
3.11573392675e-09	-1.30850378355e-06
3.11937380283e-09	-5.29846985842e-07
3.12301367891e-09	3.73252202479e-07
3.12665355499e-09	9.42044309227e-07
3.13029343108e-09	9.28250500465e-07
3.13393330716e-09	3.9768885074e-07
3.13757318324e-09	-3.3039783176e-07
3.14121305932e-09	-8.63536996576e-07
3.14485293541e-09	-9.35491200948e-07
3.14849281149e-09	-5.29172581309e-07
3.15213268757e-09	1.26506169096e-07
3.15577256366e-09	6.76263113064e-07
3.15941243974e-09	8.15047968672e-07
3.16305231582e-09	4.41268610984e-07
3.1666921919e-09	-2.83098913201e-07
3.17033206799e-09	-9.99228561227e-07
3.17397194407e-09	-1.32183292578e-06
3.17761182015e-09	-1.03752294933e-06
3.18125169623e-09	-2.31765053371e-07
3.18489157232e-09	7.30271167981e-07
3.1885314484e-09	1.37167991454e-06
3.19217132448e-09	1.34186991829e-06
3.19581120056e-09	6.04737451226e-07
3.19945107665e-09	-5.25952629005e-07
3.20309095273e-09	-1.52695557176e-06
3.20673082881e-09	-1.91242509118e-06
3.21037070489e-09	-1.46676420343e-06
3.21401058098e-09	-3.52630443956e-07
3.21765045706e-09	9.54865171821e-07
3.22129033314e-09	1.874587781e-06
3.22493020923e-09	1.97477402253e-06
3.22857008531e-09	1.16902300817e-06
3.23220996139e-09	-2.31309851273e-07
3.23584983747e-09	-1.6344396272e-06
3.23948971356e-09	-2.4156009033e-06
3.24312958964e-09	-2.19517096411e-06
3.24676946572e-09	-1.02477865482e-06
3.2504093418e-09	6.11318654364e-07
3.25404921789e-09	1.99497219455e-06
3.25768909397e-09	2.49408296327e-06
3.26132897005e-09	1.8562460582e-06
3.26496884613e-09	3.35909984273e-07
3.26860872222e-09	-1.41057334702e-06
3.2722485983e-09	-2.6162427389e-06
3.27588847438e-09	-2.74531058153e-06
3.27952835047e-09	-1.72985375002e-06
3.28316822655e-09	7.44226014149e-10
3.28680810263e-09	1.7065033262e-06
3.29044797871e-09	2.65410227485e-06
3.2940878548e-09	2.42940652129e-06
3.29772773088e-09	1.11676725112e-06
3.30136760696e-09	-7.30107103664e-07
3.30500748304e-09	-2.31731263511e-06
3.30864735913e-09	-2.94948659985e-06
3.31228723521e-09	-2.33681507211e-06
3.31592711129e-09	-7.32335763587e-07
3.31956698737e-09	1.16888354285e-06
3.32320686346e-09	2.5328400568e-06
3.32684673954e-09	2.75905188118e-06
3.33048661562e-09	1.75068200292e-06
3.3341264917e-09	-4.43425136609e-08
3.33776636779e-09	-1.8365969936e-06
3.34140624387e-09	-2.84861056343e-06
3.34504611995e-09	-2.65437194003e-06
3.34868599604e-09	-1.35605552032e-06
3.35232587212e-09	4.71502872301e-07
3.3559657482e-09	2.0351294836e-06
3.35960562428e-09	2.66429648832e-06
3.36324550037e-09	2.09439619425e-06
3.36688537645e-09	5.78030238785e-07
3.37052525253e-09	-1.22299812233e-06
3.37416512861e-09	-2.52192867833e-06
3.3778050047e-09	-2.75019453966e-06
3.38144488078e-09	-1.81116402587e-06
3.38508475686e-09	-1.27145202811e-07
3.38872463294e-09	1.5485459528e-06
3.39236450903e-09	2.47181463919e-06
3.39600438511e-09	2.24451642339e-06
3.39964426119e-09	9.90358714148e-07
3.40328413728e-09	-7.1143190894e-07
3.40692401336e-09	-2.09683233265e-06
3.41056388944e-09	-2.56186331171e-06
3.41420376552e-09	-1.92393406451e-06
3.41784364161e-09	-4.87892918954e-07
3.42148351769e-09	1.10106078921e-06
3.42512339377e-09	2.14456466097e-06
3.42876326985e-09	2.19311613137e-06
3.43240314594e-09	1.23675573604e-06
3.43604302202e-09	-2.93309845745e-07
3.4396828981e-09	-1.71323893028e-06
3.44332277418e-09	-2.38843074385e-06
3.44696265027e-09	-2.01832412472e-06
3.45060252635e-09	-7.75915125928e-07
3.45424240243e-09	7.67612732488e-07
3.45788227851e-09	1.90458681004e-06
3.4615221546e-09	2.11833128105e-06
3.46516203068e-09	1.32088105431e-06
3.46880190676e-09	-1.11059918595e-07
3.47244178285e-09	-1.51740360366e-06
3.47608165893e-09	-2.26204167575e-06
3.47972153501e-09	-2.0194344188e-06
3.48336141109e-09	-9.12578599355e-07
3.48700128718e-09	5.52543056642e-07
3.49064116326e-09	1.71780519054e-06
3.49428103934e-09	2.0639723175e-06
3.49792091542e-09	1.43704455979e-06
3.50156079151e-09	1.16640254788e-07
3.50520066759e-09	-1.30454836267e-06
3.50884054367e-09	-2.18071750169e-06
3.51248041975e-09	-2.10442013326e-06
3.51612029584e-09	-1.0981058125e-06
3.51976017192e-09	3.8663229418e-07
3.523400048e-09	1.67050677646e-06
3.52703992409e-09	2.16006569076e-06
3.53067980017e-09	1.62594290032e-06
3.53431967625e-09	3.10535948955e-07
3.53795955233e-09	-1.18534386218e-06
3.54159942842e-09	-2.18172547761e-06
3.5452393045e-09	-2.23024369461e-06
3.54887918058e-09	-1.31235235301e-06
3.55251905666e-09	1.59240624242e-07
3.55615893275e-09	1.52801413833e-06
3.55979880883e-09	2.18355032189e-06
3.56343868491e-09	1.82794479997e-06
3.56707856099e-09	6.07339003977e-07
3.57071843708e-09	-9.46170516158e-07
3.57435831316e-09	-2.14189498138e-06
3.57799818924e-09	-2.43470009309e-06
3.58163806532e-09	-1.67504836668e-06
3.58527794141e-09	-1.88650684407e-07
3.58891781749e-09	1.36066454104e-06
3.59255769357e-09	2.26930248459e-06
3.59619756966e-09	2.11842171893e-06
3.59983744574e-09	9.70230288999e-07
3.60347732182e-09	-6.58717624447e-07
3.6071171979e-09	-2.03524069775e-06
3.61075707399e-09	-2.54269852462e-06
3.61439695007e-09	-1.95648587464e-06
3.61803682615e-09	-5.38074274914e-07
3.62167670223e-09	1.0861414097e-06
3.62531657832e-09	2.20168124088e-06
3.6289564544e-09	2.31610491142e-06
3.63259633048e-09	1.37271958067e-06
3.63623620656e-09	-2.22106024239e-07
3.63987608265e-09	-1.76983678557e-06
3.64351595873e-09	-2.58198457459e-06
3.64715583481e-09	-2.28668363889e-06
3.6507957109e-09	-1.00304600892e-06
3.65443558698e-09	7.01951492488e-07
3.65807546306e-09	2.06340303066e-06
3.66171533914e-09	2.46528182402e-06
3.66535521523e-09	1.72332468651e-06
3.66899509131e-09	1.70189263571e-07
3.67263496739e-09	-1.49726467669e-06
3.67627484347e-09	-2.53585247378e-06
3.67991471956e-09	-2.48825207905e-06
3.68355459564e-09	-1.38146823758e-06
3.68719447172e-09	2.9186213979e-07
3.6908343478e-09	1.7942917907e-06
3.69447422389e-09	2.46587148922e-06
3.69811409997e-09	2.00956887397e-06
3.70175397605e-09	6.21610695362e-07
3.70539385213e-09	-1.08960661294e-06
3.70903372822e-09	-2.36531516862e-06
3.7126736043e-09	-2.63073656015e-06
3.71631348038e-09	-1.75640403199e-06
3.71995335647e-09	-1.25134384632e-07
3.72359323255e-09	1.53323031782e-06
3.72723310863e-09	2.47049047175e-06
3.73087298471e-09	2.26233294143e-06
3.7345128608e-09	1.00266984759e-06
3.73815273688e-09	-7.40528278698e-07
3.74179261296e-09	-2.18524795059e-06
3.74543248904e-09	-2.68885986543e-06
3.74907236513e-09	-2.03253685527e-06
3.75271224121e-09	-5.11720699592e-07
3.75635211729e-09	1.1989543367e-06
3.75999199337e-09	2.34340106431e-06
3.76363186946e-09	2.41337858142e-06
3.76727174554e-09	1.37069115169e-06
3.77091162162e-09	-3.32173254236e-07
3.77455149771e-09	-1.94395346398e-06
3.77819137379e-09	-2.74287197044e-06
3.78183124987e-09	-2.35972271412e-06
3.78547112595e-09	-9.52097622076e-07
3.78911100204e-09	8.56864147636e-07
3.79275087812e-09	2.25433120704e-06
3.7963907542e-09	2.60626165982e-06
3.80003063028e-09	1.74811520992e-06
3.80367050637e-09	6.15603603649e-08
3.80731038245e-09	-1.69884691559e-06
3.81095025853e-09	-2.74606861694e-06
3.81459013461e-09	-2.61233353172e-06
3.8182300107e-09	-1.35429888815e-06
3.82186988678e-09	4.75305014902e-07
3.82550976286e-09	2.07136977792e-06
3.82914963894e-09	2.72749915098e-06
3.83278951503e-09	2.14486053096e-06
3.83642939111e-09	5.66657107015e-07
3.84006926719e-09	-1.32093984462e-06
3.84370914328e-09	-2.68351502086e-06
3.84734901936e-09	-2.90600979724e-06
3.85098889544e-09	-1.87211662706e-06
3.85462877152e-09	-2.67206559101e-08
3.85826864761e-09	1.81433696866e-06
3.86190852369e-09	2.82728888124e-06
3.86554839977e-09	2.55163237739e-06
3.86918827585e-09	1.10026101652e-06
3.87282815194e-09	-8.89203178644e-07
3.87646802802e-09	-2.53859565191e-06
3.8801079041e-09	-3.11883110271e-06
3.88374778018e-09	-2.36995646219e-06
3.88738765627e-09	-6.13989854514e-07
3.89102753235e-09	1.38619098777e-06
3.89466740843e-09	2.75737309607e-06
3.89830728452e-09	2.89384809093e-06
3.9019471606e-09	1.72286408429e-06
3.90558703668e-09	-2.57197729781e-07
3.90922691276e-09	-2.18616625602e-06
3.91286678885e-09	-3.21378672652e-06
3.91650666493e-09	-2.8751408081e-06
3.92014654101e-09	-1.30353431871e-06
3.92378641709e-09	8.19964810717e-07
3.92742629318e-09	2.56283163935e-06
3.93106616926e-09	3.15423943675e-06
3.93470604534e-09	2.32825667013e-06
3.93834592142e-09	4.42665424316e-07
3.94198579751e-09	-1.67934473438e-06
3.94562567359e-09	-3.11176449941e-06
3.94926554967e-09	-3.23049397366e-06
3.95290542575e-09	-1.98235554194e-06
3.95654530184e-09	9.3867011941e-08
3.96018517792e-09	2.10068418482e-06
3.963825054e-09	3.16826532298e-06
3.96746493009e-09	2.8288080216e-06
3.97110480617e-09	1.22082873588e-06
3.97474468225e-09	-9.65614930237e-07
3.97838455833e-09	-2.7832020919e-06
3.98202443442e-09	-3.43774092926e-06
3.9856643105e-09	-2.63718703764e-06
3.98930418658e-09	-7.24356823412e-07
3.99294406266e-09	1.4695307442e-06
3.99658393875e-09	2.98826995504e-06
4.00022381483e-09	3.17040917253e-06
4.00386369091e-09	1.93876488197e-06
4.00750356699e-09	-1.68601509642e-07
4.01114344308e-09	-2.23596455839e-06
4.01478331916e-09	-3.36982395766e-06
4.01842319524e-09	-3.08433646978e-06
4.02206307133e-09	-1.50721410819e-06
4.02570294741e-09	6.79535631321e-07
4.02934282349e-09	2.53378829029e-06
4.03298269957e-09	3.25837703485e-06
4.03662257566e-09	2.54237014019e-06
4.04026245174e-09	6.9511058598e-07
4.04390232782e-09	-1.48614556394e-06
4.0475422039e-09	-3.05899163777e-06
4.05118207999e-09	-3.3443357097e-06
4.05482195607e-09	-2.2214388764e-06
4.05846183215e-09	-1.80556581242e-07
4.06210170823e-09	1.89179903032e-06
4.06574158432e-09	3.09997477643e-06
4.0693814604e-09	2.92815269631e-06
4.07302133648e-09	1.46086166808e-06
4.07666121256e-09	-6.60144166886e-07
4.08030108865e-09	-2.51886416436e-06
4.08394096473e-09	-3.32139620696e-06
4.08758084081e-09	-2.73399783168e-06
4.0912207169e-09	-1.02021236614e-06
4.09486059298e-09	1.07858188869e-06
4.09850046906e-09	2.66303936769e-06
4.10214034514e-09	3.06014788976e-06
4.10578022123e-09	2.10857214711e-06
4.10942009731e-09	2.24714003849e-07
4.11305997339e-09	-1.77835224235e-06
4.11669984947e-09	-3.04131299345e-06
4.12033972556e-09	-3.02849525724e-06
4.12397960164e-09	-1.75648827394e-06
4.12761947772e-09	2.17212647868e-07
4.1312593538e-09	2.03956059863e-06
4.13489922989e-09	2.93318345257e-06
4.13853910597e-09	2.52923129551e-06
4.14217898205e-09	1.0192367057e-06
4.14581885814e-09	-9.37178057825e-07
4.14945873422e-09	-2.50245807365e-06
4.1530986103e-09	-3.02033694766e-06
4.15673848638e-09	-2.28949309644e-06
4.16037836247e-09	-6.39481640974e-07
4.16401823855e-09	1.21881387827e-06
4.16765811463e-09	2.49884405434e-06
4.17129799071e-09	2.66988473641e-06
4.1749378668e-09	1.67658635064e-06
4.17857774288e-09	-4.46678924959e-08
4.18221761896e-09	-1.7567071211e-06
4.18585749504e-09	-2.73736412737e-06
4.18949737113e-09	-2.58523741081e-06
4.19313724721e-09	-1.38543842354e-06
4.19677712329e-09	3.3536700883e-07
4.20041699937e-09	1.84141396176e-06
4.20405687546e-09	2.50533349799e-06
4.20769675154e-09	2.0703771213e-06
4.21133662762e-09	7.48143634155e-07
4.21497650371e-09	-8.85396232775e-07
4.21861637979e-09	-2.14293675072e-06
4.22225625587e-09	-2.51575983157e-06
4.22589613195e-09	-1.8768010932e-06
4.22953600804e-09	-5.19617273653e-07
4.23317588412e-09	9.76955234933e-07
4.2368157602e-09	1.99526388656e-06
4.24045563628e-09	2.13252064896e-06
4.24409551237e-09	1.359013865e-06
4.24773538845e-09	1.94789215868e-08
4.25137526453e-09	-1.3197881259e-06
4.25501514061e-09	-2.11090656421e-06
4.2586550167e-09	-2.05029098765e-06
4.26229489278e-09	-1.19561161682e-06
4.26593476886e-09	7.26517903615e-08
4.26957464495e-09	1.22270755298e-06
4.27321452103e-09	1.79720584015e-06
4.27685439711e-09	1.59559590429e-06
4.28049427319e-09	7.3906535647e-07
4.28413414928e-09	-3.98860890982e-07
4.28777402536e-09	-1.35747522734e-06
4.29141390144e-09	-1.77477525654e-06
4.29505377752e-09	-1.52014493437e-06
4.29869365361e-09	-7.28520433313e-07
4.30233352969e-09	2.6795501995e-07
4.30597340577e-09	1.0787509126e-06
4.30961328185e-09	1.40607833998e-06
4.31325315794e-09	1.15290384883e-06
4.31689303402e-09	4.48275429221e-07
4.3205329101e-09	-4.15905631712e-07
4.32417278618e-09	-1.10773866879e-06
4.32781266227e-09	-1.38427375873e-06
4.33145253835e-09	-1.17518213472e-06
4.33509241443e-09	-5.91617720147e-07
4.33873229052e-09	1.3378113195e-07
4.3423721666e-09	7.42252453279e-07
4.34601204268e-09	1.03864167045e-06
4.34965191876e-09	9.45067185398e-07
4.35329179485e-09	5.11218161137e-07
4.35693167093e-09	-1.11794998148e-07
4.36057154701e-09	-7.20533023468e-07
4.36421142309e-09	-1.11809876557e-06
4.36785129918e-09	-1.17154495172e-06
4.37149117526e-09	-8.55286415913e-07
4.37513105134e-09	-2.64612342704e-07
4.37877092742e-09	4.08854631928e-07
4.38241080351e-09	9.36005463359e-07
4.38605067959e-09	1.12638696237e-06
4.38969055567e-09	8.95300857451e-07
4.39333043176e-09	2.98437750956e-07
4.39697030784e-09	-4.77364793028e-07
4.40061018392e-09	-1.16679430562e-06
4.40425006e-09	-1.51022244665e-06
4.40788993609e-09	-1.346852045e-06
4.41152981217e-09	-6.87658854304e-07
4.41516968825e-09	2.64118316551e-07
4.41880956433e-09	1.16470836531e-06
4.42244944042e-09	1.64942272818e-06
4.4260893165e-09	1.4816452989e-06
4.42972919258e-09	6.68308260288e-07
4.43336906866e-09	-5.15363083764e-07
4.43700894475e-09	-1.61520952702e-06
4.44064882083e-09	-2.17375568923e-06
4.44428869691e-09	-1.92239892272e-06
4.44792857299e-09	-9.06307960236e-07
4.45156844908e-09	5.12049282975e-07
4.45520832516e-09	1.78085289804e-06
4.45884820124e-09	2.37137069803e-06
4.46248807733e-09	1.99565519665e-06
4.46612795341e-09	7.41674895721e-07
4.46976782949e-09	-9.33811932669e-07
4.47340770557e-09	-2.36598202719e-06
4.47704758166e-09	-2.94301929671e-06
4.48068745774e-09	-2.36858440417e-06
4.48432733382e-09	-8.11211421592e-07
4.4879672099e-09	1.13430908755e-06
4.49160708599e-09	2.67321001957e-06
4.49524696207e-09	3.13870384616e-06
4.49888683815e-09	2.283411078e-06
4.50252671423e-09	4.04175708013e-07
4.50616659032e-09	-1.75985897499e-06
4.5098064664e-09	-3.32029998162e-06
4.51344634248e-09	-3.60524228427e-06
4.51708621857e-09	-2.44577802277e-06
4.52072609465e-09	-2.64595804822e-07
4.52436597073e-09	2.07582917255e-06
4.52800584681e-09	3.61200477528e-06
4.5316457229e-09	3.67437689874e-06
4.53528559898e-09	2.17857672169e-06
4.53892547506e-09	-3.1287007829e-07
4.54256535114e-09	-2.79767456846e-06
4.54620522723e-09	-4.23740249289e-06
4.54984510331e-09	-3.99468092382e-06
4.55348497939e-09	-2.11808063e-06
4.55712485547e-09	6.56233723362e-07
4.56076473156e-09	3.19508615121e-06
4.56440460764e-09	4.43576948328e-06
4.56804448372e-09	3.83318155173e-06
4.5716843598e-09	1.59729972893e-06
4.57532423589e-09	-1.38123471061e-06
4.57896411197e-09	-3.88745860391e-06
4.58260398805e-09	-4.87801861482e-06
4.58624386414e-09	-3.91386862475e-06
4.58988374022e-09	-1.35301000626e-06
4.5935236163e-09	1.77993433681e-06
4.59716349238e-09	4.20182726657e-06
4.60080336847e-09	4.89692035899e-06
4.60444324455e-09	3.54538491365e-06
4.60808312063e-09	6.7208681287e-07
4.61172299671e-09	-2.55554598994e-06
4.6153628728e-09	-4.80505104861e-06
4.61900274888e-09	-5.133390232e-06
4.62264262496e-09	-3.3856933328e-06
4.62628250104e-09	-2.66011568328e-07
4.62992237713e-09	2.94999495054e-06
4.63356225321e-09	4.94093404768e-06
4.63720212929e-09	4.88376025487e-06
4.64084200538e-09	2.79271648651e-06
4.64448188146e-09	-4.85281773877e-07
4.64812175754e-09	-3.61419535011e-06
4.65176163362e-09	-5.31330209697e-06
4.65540150971e-09	-4.88138226729e-06
4.65904138579e-09	-2.4870827815e-06
4.66268126187e-09	8.94739301316e-07
4.66632113795e-09	3.87934113633e-06
4.66996101404e-09	5.2418266705e-06
4.67360089012e-09	4.42411976564e-06
4.6772407662e-09	1.76610737412e-06
4.68088064228e-09	-1.63624733318e-06
4.68452051837e-09	-4.3871951334e-06
4.68816039445e-09	-5.36836574838e-06
4.69180027053e-09	-4.19543391672e-06
4.69544014661e-09	-1.36644558779e-06
4.6990800227e-09	1.95306367345e-06
4.70271989878e-09	4.41260766593e-06
4.70635977486e-09	5.02655706214e-06
4.70999965095e-09	3.56804684998e-06
4.71363952703e-09	6.5115997927e-07
4.71727940311e-09	-2.52732479566e-06
4.72091927919e-09	-4.67839822704e-06
4.72455915528e-09	-4.94542450724e-06
4.72819903136e-09	-3.247328209e-06
4.73183890744e-09	-3.02272624708e-07
4.73547878352e-09	2.67664100306e-06
4.73911865961e-09	4.48454829893e-06
4.74275853569e-09	4.4165443569e-06
4.74639841177e-09	2.54321793136e-06
4.75003828785e-09	-3.37321267807e-07
4.75367816394e-09	-3.04309673993e-06
4.75731804002e-09	-4.49641555633e-06
4.7609579161e-09	-4.15336887727e-06
4.76459779219e-09	-2.20388781713e-06
4.76823766827e-09	5.28352771312e-07
4.77187754435e-09	2.93454417033e-06
4.77551742043e-09	4.07046888995e-06
4.77915729652e-09	3.52650442892e-06
4.7827971726e-09	1.57345937168e-06
4.78643704868e-09	-9.67406535324e-07
4.79007692476e-09	-3.06953847939e-06
4.79371680085e-09	-3.91817525269e-06
4.79735667693e-09	-3.22795261809e-06
4.80099655301e-09	-1.33537800195e-06
4.80463642909e-09	9.62415299455e-07
4.80827630518e-09	2.74618435014e-06
4.81191618126e-09	3.34504414923e-06
4.81555605734e-09	2.58723380853e-06
4.81919593342e-09	8.3842185461e-07
4.82283580951e-09	-1.17283204304e-06
4.82647568559e-09	-2.659925741e-06
4.83011556167e-09	-3.08468327148e-06
4.83375543776e-09	-2.34804900856e-06
4.83739531384e-09	-7.99372912752e-07
4.84103518992e-09	9.25723128375e-07
4.844675066e-09	2.16604342995e-06
4.84831494209e-09	2.48761728017e-06
4.85195481817e-09	1.83270876164e-06
4.85559469425e-09	5.13792670631e-07
4.85923457033e-09	-9.32921679464e-07
4.86287444642e-09	-1.96713139644e-06
4.8665143225e-09	-2.24627251555e-06
4.87015419858e-09	-1.73290987959e-06
4.87379407466e-09	-6.7743437171e-07
4.87743395075e-09	5.02551912973e-07
4.88107382683e-09	1.38801986793e-06
4.88471370291e-09	1.70360800666e-06
4.888353579e-09	1.39318707681e-06
4.89199345508e-09	6.12569266423e-07
4.89563333116e-09	-3.45930939005e-07
4.89927320724e-09	-1.16089135815e-06
4.90291308333e-09	-1.58406373885e-06
4.90655295941e-09	-1.50727480275e-06
4.91019283549e-09	-9.81236269126e-07
4.91383271157e-09	-1.87378727645e-07
4.91747258766e-09	6.2246859045e-07
4.92111246374e-09	1.20026176376e-06
4.92475233982e-09	1.369627185e-06
4.9283922159e-09	1.07358071944e-06
4.93203209199e-09	3.92601648969e-07
4.93567196807e-09	-4.71904904487e-07
4.93931184415e-09	-1.24836647331e-06
4.94295172023e-09	-1.67204325408e-06
4.94659159632e-09	-1.57164600978e-06
4.9502314724e-09	-9.39321978422e-07
4.95387134848e-09	4.52484663072e-08
4.95751122457e-09	1.05531312045e-06
4.96115110065e-09	1.71988588704e-06
4.96479097673e-09	1.75951987558e-06
4.96843085281e-09	1.10505756368e-06
4.9720707289e-09	-5.138339354e-08
4.97571060498e-09	-1.30436492896e-06
4.97935048106e-09	-2.17438440586e-06
4.98299035714e-09	-2.29222581538e-06
4.98663023323e-09	-1.55628288212e-06
4.99027010931e-09	-1.96559398091e-07
4.99390998539e-09	1.29120046211e-06
4.99754986147e-09	2.32435235148e-06
5.00118973756e-09	2.46260702852e-06
5.00482961364e-09	1.59600716643e-06
5.00846948972e-09	1.2200242594e-08
5.01210936581e-09	-1.69417145912e-06
5.01574924189e-09	-2.84360206138e-06
5.01938911797e-09	-2.94394916978e-06
5.02302899405e-09	-1.90186497662e-06
5.02666887014e-09	-8.3226156633e-08
5.03030874622e-09	1.81195321147e-06
5.0339486223e-09	3.01956595194e-06
5.03758849838e-09	3.02184605516e-06
5.04122837447e-09	1.77071285634e-06
5.04486825055e-09	-2.73038651244e-07
5.04850812663e-09	-2.30861445516e-06
5.05214800271e-09	-3.51091227913e-06
5.0557878788e-09	-3.36709911153e-06
5.05942775488e-09	-1.89613848534e-06
5.06306763096e-09	3.4375419844e-07
5.06670750704e-09	2.46702597906e-06
5.07034738313e-09	3.61227569101e-06
5.07398725921e-09	3.29300740987e-06
5.07762713529e-09	1.60468687227e-06
5.08126701138e-09	-8.00123984845e-07
5.08490688746e-09	-2.96370001251e-06
5.08854676354e-09	-4.00602334594e-06
5.09218663962e-09	-3.48496740799e-06
5.09582651571e-09	-1.58519509341e-06
5.09946639179e-09	9.45404750041e-07
5.10310626787e-09	3.09168785861e-06
5.10674614395e-09	3.98161057547e-06
5.11038602004e-09	3.24314311229e-06
5.11402589612e-09	1.16028283514e-06
5.1176657722e-09	-1.43740919611e-06
5.12130564828e-09	-3.50803611582e-06
5.12494552437e-09	-4.2174134478e-06
5.12858540045e-09	-3.27572490733e-06
5.13222527653e-09	-1.05517725046e-06
5.13586515262e-09	1.55828507786e-06
5.1395050287e-09	3.51913234908e-06
5.14314490478e-09	4.04158373613e-06
5.14678478086e-09	2.91533092422e-06
5.15042465695e-09	5.91198428879e-07
5.15406453303e-09	-1.99923755417e-06
5.15770440911e-09	-3.81825316254e-06
5.16134428519e-09	-4.14099707768e-06
5.16498416128e-09	-2.84627776637e-06
5.16862403736e-09	-4.62315384198e-07
5.17226391344e-09	2.0511044454e-06
5.17590378952e-09	3.69241666931e-06
5.17954366561e-09	3.81998108878e-06
5.18318354169e-09	2.40224616732e-06
5.18682341777e-09	2.03021528478e-08
5.19046329385e-09	-2.37274747406e-06
5.19410316994e-09	-3.83416909244e-06
5.19774304602e-09	-3.80254743959e-06
5.2013829221e-09	-2.31211083701e-06
5.20502279819e-09	3.01344051934e-08
5.20866267427e-09	2.2913230282e-06
5.21230255035e-09	3.5845914681e-06
5.21594242643e-09	3.41819816185e-06
5.21958230252e-09	1.8834719242e-06
5.2232221786e-09	-3.91587775539e-07
5.22686205468e-09	-2.50090772624e-06
5.23050193076e-09	-3.62432280099e-06
5.23414180685e-09	-3.34819645786e-06
5.23778168293e-09	-1.81564169566e-06
5.24142155901e-09	3.46716024779e-07
5.24506143509e-09	2.28802315405e-06
5.24870131118e-09	3.2685877045e-06
5.25234118726e-09	2.93942542839e-06
5.25598106334e-09	1.46173523774e-06
5.25962093943e-09	-5.70388280607e-07
5.26326081551e-09	-2.36851761315e-06
5.26690069159e-09	-3.25384189637e-06
5.27054056767e-09	-2.91217031645e-06
5.27418044376e-09	-1.50420389389e-06
5.27782031984e-09	4.07327377161e-07
5.28146019592e-09	2.08305374372e-06
5.285100072e-09	2.8943921393e-06
5.28873994809e-09	2.55984113551e-06
5.29237982417e-09	1.23979859268e-06
5.29601970025e-09	-5.4063401933e-07
5.29965957633e-09	-2.1031084998e-06
5.30329945242e-09	-2.87459064907e-06
5.3069393285e-09	-2.59322536067e-06
5.31057920458e-09	-1.39124000498e-06
5.31421908066e-09	2.67412442412e-07
5.31785895675e-09	1.76438695121e-06
5.32149883283e-09	2.55358375512e-06
5.32513870891e-09	2.35610917798e-06
5.328778585e-09	1.25795234851e-06
5.33241846108e-09	-3.25311567906e-07
5.33605833716e-09	-1.8034113225e-06
5.33969821324e-09	-2.63073954443e-06
5.34333808933e-09	-2.50778117561e-06
5.34697796541e-09	-1.48944853606e-06
5.35061784149e-09	4.01334467881e-08
5.35425771757e-09	1.51377759039e-06
5.35789759366e-09	2.39105492028e-06
5.36153746974e-09	2.35314456631e-06
5.36517734582e-09	1.41478513171e-06
5.3688172219e-09	-8.26749229077e-08
5.37245709799e-09	-1.59285377777e-06
5.37609697407e-09	-2.55825770523e-06
5.37973685015e-09	-2.61179002337e-06
5.38337672624e-09	-1.71676421701e-06
5.38701660232e-09	-1.90996743754e-07
5.3906564784e-09	1.40103428237e-06
5.39429635448e-09	2.4548465376e-06
5.39793623057e-09	2.55667487181e-06
5.40157610665e-09	1.64900998811e-06
5.40521598273e-09	6.12294392965e-08
5.40885585881e-09	-1.60960576068e-06
5.4124957349e-09	-2.72418563441e-06
5.41613561098e-09	-2.84491744651e-06
5.41977548706e-09	-1.90651783782e-06
5.42341536314e-09	-2.47596393166e-07
5.42705523923e-09	1.50901321661e-06
5.43069511531e-09	2.68659556468e-06
