0	-0.000112442
5.32062e-14	-0.000113433
1.06412e-13	-0.000114427
1.59619e-13	-0.000115425
2.12825e-13	-0.000116426
2.66031e-13	-0.00011743
3.19237e-13	-0.000118437
3.72444e-13	-0.000119447
4.2565e-13	-0.00012046
4.78856e-13	-0.000121475
5.32062e-13	-0.000122494
5.85269e-13	-0.000123515
6.38475e-13	-0.000124538
6.91681e-13	-0.000125564
7.44887e-13	-0.000126592
7.98094e-13	-0.000127622
8.513e-13	-0.000128654
9.04506e-13	-0.000129688
9.57712e-13	-0.000130724
1.01092e-12	-0.000131761
1.06412e-12	-0.0001328
1.11733e-12	-0.00013384
1.17054e-12	-0.000134882
1.22374e-12	-0.000135924
1.27695e-12	-0.000136968
1.33016e-12	-0.000138012
1.38336e-12	-0.000139057
1.43657e-12	-0.000140102
1.48977e-12	-0.000141148
1.54298e-12	-0.000142194
1.59619e-12	-0.00014324
1.64939e-12	-0.000144286
1.7026e-12	-0.000145332
1.75581e-12	-0.000146377
1.80901e-12	-0.000147421
1.86222e-12	-0.000148465
1.91542e-12	-0.000149507
1.96863e-12	-0.000150549
2.02184e-12	-0.000151589
2.07504e-12	-0.000152627
2.12825e-12	-0.000153664
2.18146e-12	-0.000154699
2.23466e-12	-0.000155731
2.28787e-12	-0.000156761
2.34107e-12	-0.000157789
2.39428e-12	-0.000158813
2.44749e-12	-0.000159835
2.50069e-12	-0.000160853
2.5539e-12	-0.000161868
2.60711e-12	-0.000162879
2.66031e-12	-0.000163887
2.71352e-12	-0.00016489
2.76672e-12	-0.000165888
2.81993e-12	-0.000166882
2.87314e-12	-0.000167871
2.92634e-12	-0.000168855
2.97955e-12	-0.000169833
3.03276e-12	-0.000170805
3.08596e-12	-0.000171772
3.13917e-12	-0.000172732
3.19237e-12	-0.000173686
3.24558e-12	-0.000174633
3.29879e-12	-0.000175572
3.35199e-12	-0.000176505
3.4052e-12	-0.000177429
3.45841e-12	-0.000178346
3.51161e-12	-0.000179254
3.56482e-12	-0.000180153
3.61802e-12	-0.000181044
3.67123e-12	-0.000181925
3.72444e-12	-0.000182797
3.77764e-12	-0.000183658
3.83085e-12	-0.00018451
3.88406e-12	-0.000185351
3.93726e-12	-0.00018618
3.99047e-12	-0.000186999
4.04367e-12	-0.000187805
4.09688e-12	-0.0001886
4.15009e-12	-0.000189382
4.20329e-12	-0.000190151
4.2565e-12	-0.000190908
4.30971e-12	-0.00019165
4.36291e-12	-0.000192379
4.41612e-12	-0.000193093
4.46932e-12	-0.000193792
4.52253e-12	-0.000194476
4.57574e-12	-0.000195145
4.62894e-12	-0.000195797
4.68215e-12	-0.000196433
4.73536e-12	-0.000197052
4.78856e-12	-0.000197654
4.84177e-12	-0.000198238
4.89497e-12	-0.000198803
4.94818e-12	-0.00019935
5.00139e-12	-0.000199878
5.05459e-12	-0.000200386
5.1078e-12	-0.000200874
5.161e-12	-0.000201341
5.21421e-12	-0.000201787
5.26742e-12	-0.000202212
5.32062e-12	-0.000202614
5.37383e-12	-0.000202994
5.42704e-12	-0.000203351
5.48024e-12	-0.000203684
5.53345e-12	-0.000203992
5.58665e-12	-0.000204276
5.63986e-12	-0.000204535
5.69307e-12	-0.000204767
5.74627e-12	-0.000204974
5.79948e-12	-0.000205153
5.85269e-12	-0.000205305
5.90589e-12	-0.000205428
5.9591e-12	-0.000205523
6.0123e-12	-0.000205589
6.06551e-12	-0.000205624
6.11872e-12	-0.000205629
6.17192e-12	-0.000205603
6.22513e-12	-0.000205545
6.27834e-12	-0.000205454
6.33154e-12	-0.000205331
6.38475e-12	-0.000205173
6.43795e-12	-0.000204982
6.49116e-12	-0.000204755
6.54437e-12	-0.000204492
6.59757e-12	-0.000204193
6.65078e-12	-0.000203857
6.70399e-12	-0.000203483
6.75719e-12	-0.000203071
6.8104e-12	-0.000202619
6.8636e-12	-0.000202127
6.91681e-12	-0.000201595
6.97002e-12	-0.000201021
7.02322e-12	-0.000200405
7.07643e-12	-0.000199746
7.12964e-12	-0.000199043
7.18284e-12	-0.000198296
7.23605e-12	-0.000197503
7.28925e-12	-0.000196665
7.34246e-12	-0.000195779
7.39567e-12	-0.000194846
7.44887e-12	-0.000193865
7.50208e-12	-0.000192834
7.55529e-12	-0.000191753
7.60849e-12	-0.000190621
7.6617e-12	-0.000189437
7.7149e-12	-0.0001882
7.76811e-12	-0.00018691
7.82132e-12	-0.000185566
7.87452e-12	-0.000184166
7.92773e-12	-0.000182709
7.98094e-12	-0.000181196
8.03414e-12	-0.000179624
8.08735e-12	-0.000177994
8.14055e-12	-0.000176304
8.19376e-12	-0.000174552
8.24697e-12	-0.000172739
8.30017e-12	-0.000170863
8.35338e-12	-0.000168923
8.40659e-12	-0.000166919
8.45979e-12	-0.000164849
8.513e-12	-0.000162712
8.5662e-12	-0.000160507
8.61941e-12	-0.000158233
8.67262e-12	-0.00015589
8.72582e-12	-0.000153476
8.77903e-12	-0.000150989
8.83224e-12	-0.00014843
8.88544e-12	-0.000145797
8.93865e-12	-0.000143089
8.99185e-12	-0.000140304
9.04506e-12	-0.000137442
9.09827e-12	-0.000134502
9.15147e-12	-0.000131482
9.20468e-12	-0.000128381
9.25789e-12	-0.000125199
9.31109e-12	-0.000121933
9.3643e-12	-0.000118583
9.4175e-12	-0.000115148
9.47071e-12	-0.000111627
9.52392e-12	-0.000108018
9.57712e-12	-0.00010432
9.63033e-12	-0.000100531
9.68354e-12	-9.66519e-05
9.73674e-12	-9.26797e-05
9.78995e-12	-8.86138e-05
9.84315e-12	-8.44527e-05
9.89636e-12	-8.01953e-05
9.94957e-12	-7.58403e-05
1.00028e-11	-7.13863e-05
1.0056e-11	-6.68322e-05
1.01092e-11	-6.21765e-05
1.01624e-11	-5.7418e-05
1.02156e-11	-5.25553e-05
1.02688e-11	-4.75871e-05
1.0322e-11	-4.2512e-05
1.03752e-11	-3.73288e-05
1.04284e-11	-3.20359e-05
1.04816e-11	-2.66321e-05
1.05348e-11	-2.11159e-05
1.0588e-11	-1.54859e-05
1.06412e-11	-9.74074e-06
1.06945e-11	-3.87897e-06
1.07477e-11	2.10083e-06
1.08009e-11	8.20013e-06
1.08541e-11	1.44204e-05
1.09073e-11	2.0763e-05
1.09605e-11	2.72296e-05
1.10137e-11	3.38215e-05
1.10669e-11	4.05403e-05
1.11201e-11	4.73875e-05
1.11733e-11	5.43646e-05
1.12265e-11	6.14731e-05
1.12797e-11	6.87146e-05
1.13329e-11	7.60906e-05
1.13861e-11	8.36028e-05
1.14393e-11	9.12526e-05
1.14925e-11	9.90416e-05
1.15458e-11	0.000106971
1.1599e-11	0.000115044
1.16522e-11	0.00012326
1.17054e-11	0.000131622
1.17586e-11	0.000140132
1.18118e-11	0.00014879
1.1865e-11	0.000157599
1.19182e-11	0.00016656
1.19714e-11	0.000175675
1.20246e-11	0.000184946
1.20778e-11	0.000194374
1.2131e-11	0.000203962
1.21842e-11	0.00021371
1.22374e-11	0.00022362
1.22906e-11	0.000233695
1.23438e-11	0.000243936
1.23971e-11	0.000254344
1.24503e-11	0.000264922
1.25035e-11	0.000275671
1.25567e-11	0.000286593
1.26099e-11	0.00029769
1.26631e-11	0.000308964
1.27163e-11	0.000320416
1.27695e-11	0.000332049
1.28227e-11	0.000343864
1.28759e-11	0.000355862
1.29291e-11	0.000368047
1.29823e-11	0.000380419
1.30355e-11	0.00039298
1.30887e-11	0.000405733
1.31419e-11	0.00041868
1.31951e-11	0.000431821
1.32484e-11	0.00044516
1.33016e-11	0.000458698
1.33548e-11	0.000472436
1.3408e-11	0.000486378
1.34612e-11	0.000500524
1.35144e-11	0.000514878
1.35676e-11	0.000529439
1.36208e-11	0.000544212
1.3674e-11	0.000559197
1.37272e-11	0.000574397
1.37804e-11	0.000589814
1.38336e-11	0.000605449
1.38868e-11	0.000621304
1.394e-11	0.000637383
1.39932e-11	0.000653686
1.40464e-11	0.000670215
1.40997e-11	0.000686974
1.41529e-11	0.000703963
1.42061e-11	0.000721185
1.42593e-11	0.000738641
1.43125e-11	0.000756335
1.43657e-11	0.000774267
1.44189e-11	0.000792441
1.44721e-11	0.000810858
1.45253e-11	0.000829519
1.45785e-11	0.000848429
1.46317e-11	0.000867587
1.46849e-11	0.000886997
1.47381e-11	0.00090666
1.47913e-11	0.00092658
1.48445e-11	0.000946757
1.48977e-11	0.000967194
1.4951e-11	0.000987892
1.50042e-11	0.00100886
1.50574e-11	0.00103008
1.51106e-11	0.00105158
1.51638e-11	0.00107335
1.5217e-11	0.00109539
1.52702e-11	0.00111771
1.53234e-11	0.0011403
1.53766e-11	0.00116317
1.54298e-11	0.00118633
1.5483e-11	0.00120976
1.55362e-11	0.00123349
1.55894e-11	0.0012575
1.56426e-11	0.0012818
1.56958e-11	0.00130639
1.5749e-11	0.00133128
1.58023e-11	0.00135646
1.58555e-11	0.00138194
1.59087e-11	0.00140772
1.59619e-11	0.00143381
1.60151e-11	0.0014602
1.60683e-11	0.0014869
1.61215e-11	0.00151391
1.61747e-11	0.00154123
1.62279e-11	0.00156886
1.62811e-11	0.00159681
1.63343e-11	0.00162507
1.63875e-11	0.00165366
1.64407e-11	0.00168257
1.64939e-11	0.00171181
1.65471e-11	0.00174137
1.66003e-11	0.00177126
1.66536e-11	0.00180148
1.67068e-11	0.00183204
1.676e-11	0.00186293
1.68132e-11	0.00189416
1.68664e-11	0.00192573
1.69196e-11	0.00195764
1.69728e-11	0.00198989
1.7026e-11	0.00202249
1.70792e-11	0.00205544
1.71324e-11	0.00208874
1.71856e-11	0.00212239
1.72388e-11	0.00215639
1.7292e-11	0.00219076
1.73452e-11	0.00222548
1.73984e-11	0.00226056
1.74516e-11	0.00229601
1.75049e-11	0.00233182
1.75581e-11	0.002368
1.76113e-11	0.00240454
1.76645e-11	0.00244146
1.77177e-11	0.00247875
1.77709e-11	0.00251642
1.78241e-11	0.00255446
1.78773e-11	0.00259289
1.79305e-11	0.00263169
1.79837e-11	0.00267088
1.80369e-11	0.00271045
1.80901e-11	0.00275041
1.81433e-11	0.00279076
1.81965e-11	0.0028315
1.82497e-11	0.00287263
1.83029e-11	0.00291416
1.83562e-11	0.00295609
1.84094e-11	0.00299841
1.84626e-11	0.00304113
1.85158e-11	0.00308426
1.8569e-11	0.00312779
1.86222e-11	0.00317173
1.86754e-11	0.00321607
1.87286e-11	0.00326083
1.87818e-11	0.00330599
1.8835e-11	0.00335157
1.88882e-11	0.00339756
1.89414e-11	0.00344397
1.89946e-11	0.0034908
1.90478e-11	0.00353805
1.9101e-11	0.00358572
1.91542e-11	0.00363381
1.92075e-11	0.00368233
1.92607e-11	0.00373127
1.93139e-11	0.00378064
1.93671e-11	0.00383044
1.94203e-11	0.00388067
1.94735e-11	0.00393134
1.95267e-11	0.00398244
1.95799e-11	0.00403397
1.96331e-11	0.00408594
1.96863e-11	0.00413835
1.97395e-11	0.00419119
1.97927e-11	0.00424448
1.98459e-11	0.00429821
1.98991e-11	0.00435239
1.99523e-11	0.004407
2.00055e-11	0.00446207
2.00588e-11	0.00451758
2.0112e-11	0.00457354
2.01652e-11	0.00462995
2.02184e-11	0.00468681
2.02716e-11	0.00474412
2.03248e-11	0.00480188
2.0378e-11	0.0048601
2.04312e-11	0.00491877
2.04844e-11	0.0049779
2.05376e-11	0.00503748
2.05908e-11	0.00509752
2.0644e-11	0.00515802
2.06972e-11	0.00521898
2.07504e-11	0.00528039
2.08036e-11	0.00534227
2.08568e-11	0.00540461
2.09101e-11	0.00546741
2.09633e-11	0.00553067
2.10165e-11	0.00559439
2.10697e-11	0.00565858
2.11229e-11	0.00572323
2.11761e-11	0.00578835
2.12293e-11	0.00585393
2.12825e-11	0.00591997
2.13357e-11	0.00598648
2.13889e-11	0.00605346
2.14421e-11	0.0061209
2.14953e-11	0.00618881
2.15485e-11	0.00625718
2.16017e-11	0.00632602
2.16549e-11	0.00639532
2.17081e-11	0.00646509
2.17614e-11	0.00653533
2.18146e-11	0.00660603
2.18678e-11	0.0066772
2.1921e-11	0.00674883
2.19742e-11	0.00682093
2.20274e-11	0.00689349
2.20806e-11	0.00696652
2.21338e-11	0.00704001
2.2187e-11	0.00711396
2.22402e-11	0.00718838
2.22934e-11	0.00726326
2.23466e-11	0.0073386
2.23998e-11	0.0074144
2.2453e-11	0.00749066
2.25062e-11	0.00756738
2.25594e-11	0.00764456
2.26127e-11	0.00772219
2.26659e-11	0.00780028
2.27191e-11	0.00787883
2.27723e-11	0.00795783
2.28255e-11	0.00803728
2.28787e-11	0.00811719
2.29319e-11	0.00819754
2.29851e-11	0.00827835
2.30383e-11	0.0083596
2.30915e-11	0.00844129
2.31447e-11	0.00852343
2.31979e-11	0.00860601
2.32511e-11	0.00868903
2.33043e-11	0.00877249
2.33575e-11	0.00885639
2.34107e-11	0.00894072
2.3464e-11	0.00902549
2.35172e-11	0.00911068
2.35704e-11	0.00919631
2.36236e-11	0.00928236
2.36768e-11	0.00936883
2.373e-11	0.00945572
2.37832e-11	0.00954304
2.38364e-11	0.00963077
2.38896e-11	0.00971891
2.39428e-11	0.00980746
2.3996e-11	0.00989643
2.40492e-11	0.00998579
2.41024e-11	0.0100756
2.41556e-11	0.0101657
2.42088e-11	0.0102563
2.4262e-11	0.0103472
2.43153e-11	0.0104386
2.43685e-11	0.0105303
2.44217e-11	0.0106224
2.44749e-11	0.0107149
2.45281e-11	0.0108078
2.45813e-11	0.010901
2.46345e-11	0.0109946
2.46877e-11	0.0110886
2.47409e-11	0.0111829
2.47941e-11	0.0112776
2.48473e-11	0.0113727
2.49005e-11	0.011468
2.49537e-11	0.0115638
2.50069e-11	0.0116598
2.50601e-11	0.0117562
2.51133e-11	0.0118529
2.51666e-11	0.01195
2.52198e-11	0.0120473
2.5273e-11	0.012145
2.53262e-11	0.012243
2.53794e-11	0.0123413
2.54326e-11	0.0124399
2.54858e-11	0.0125388
2.5539e-11	0.0126379
2.55922e-11	0.0127374
2.56454e-11	0.0128371
2.56986e-11	0.0129371
2.57518e-11	0.0130374
2.5805e-11	0.0131379
2.58582e-11	0.0132386
2.59114e-11	0.0133397
2.59646e-11	0.0134409
2.60178e-11	0.0135424
2.60711e-11	0.0136441
2.61243e-11	0.013746
2.61775e-11	0.0138482
2.62307e-11	0.0139505
2.62839e-11	0.0140531
2.63371e-11	0.0141558
2.63903e-11	0.0142587
2.64435e-11	0.0143618
2.64967e-11	0.0144651
2.65499e-11	0.0145685
2.66031e-11	0.0146721
2.66563e-11	0.0147758
2.67095e-11	0.0148797
2.67627e-11	0.0149837
2.68159e-11	0.0150878
2.68691e-11	0.015192
2.69224e-11	0.0152964
2.69756e-11	0.0154008
2.70288e-11	0.0155053
2.7082e-11	0.0156099
2.71352e-11	0.0157146
2.71884e-11	0.0158193
2.72416e-11	0.0159241
2.72948e-11	0.0160289
2.7348e-11	0.0161337
2.74012e-11	0.0162386
2.74544e-11	0.0163435
2.75076e-11	0.0164484
2.75608e-11	0.0165532
2.7614e-11	0.0166581
2.76672e-11	0.0167629
2.77204e-11	0.0168677
2.77737e-11	0.0169725
2.78269e-11	0.0170772
2.78801e-11	0.0171818
2.79333e-11	0.0172863
2.79865e-11	0.0173907
2.80397e-11	0.0174951
2.80929e-11	0.0175993
2.81461e-11	0.0177034
2.81993e-11	0.0178074
2.82525e-11	0.0179112
2.83057e-11	0.0180148
2.83589e-11	0.0181183
2.84121e-11	0.0182216
2.84653e-11	0.0183246
2.85185e-11	0.0184275
2.85717e-11	0.0185302
2.8625e-11	0.0186326
2.86782e-11	0.0187347
2.87314e-11	0.0188366
2.87846e-11	0.0189383
2.88378e-11	0.0190396
2.8891e-11	0.0191406
2.89442e-11	0.0192413
2.89974e-11	0.0193417
2.90506e-11	0.0194418
2.91038e-11	0.0195414
2.9157e-11	0.0196408
2.92102e-11	0.0197397
2.92634e-11	0.0198382
2.93166e-11	0.0199363
2.93698e-11	0.020034
2.9423e-11	0.0201312
2.94763e-11	0.020228
2.95295e-11	0.0203243
2.95827e-11	0.0204201
2.96359e-11	0.0205154
2.96891e-11	0.0206101
2.97423e-11	0.0207044
2.97955e-11	0.020798
2.98487e-11	0.0208911
2.99019e-11	0.0209836
2.99551e-11	0.0210756
3.00083e-11	0.0211668
3.00615e-11	0.0212575
3.01147e-11	0.0213475
3.01679e-11	0.0214368
3.02211e-11	0.0215254
3.02743e-11	0.0216134
3.03276e-11	0.0217006
3.03808e-11	0.021787
3.0434e-11	0.0218727
3.04872e-11	0.0219577
3.05404e-11	0.0220418
3.05936e-11	0.0221251
3.06468e-11	0.0222076
3.07e-11	0.0222892
3.07532e-11	0.02237
3.08064e-11	0.0224499
3.08596e-11	0.0225288
3.09128e-11	0.0226069
3.0966e-11	0.022684
3.10192e-11	0.0227601
3.10724e-11	0.0228352
3.11256e-11	0.0229094
3.11789e-11	0.0229825
3.12321e-11	0.0230545
3.12853e-11	0.0231255
3.13385e-11	0.0231954
3.13917e-11	0.0232642
3.14449e-11	0.0233319
3.14981e-11	0.0233984
3.15513e-11	0.0234638
3.16045e-11	0.0235279
3.16577e-11	0.0235909
3.17109e-11	0.0236526
3.17641e-11	0.0237131
3.18173e-11	0.0237722
3.18705e-11	0.0238301
3.19237e-11	0.0238867
3.19769e-11	0.0239419
3.20302e-11	0.0239957
3.20834e-11	0.0240482
3.21366e-11	0.0240992
3.21898e-11	0.0241488
3.2243e-11	0.024197
3.22962e-11	0.0242437
3.23494e-11	0.0242888
3.24026e-11	0.0243325
3.24558e-11	0.0243746
3.2509e-11	0.0244151
3.25622e-11	0.024454
3.26154e-11	0.0244913
3.26686e-11	0.0245269
3.27218e-11	0.0245609
3.2775e-11	0.0245931
3.28282e-11	0.0246237
3.28815e-11	0.0246525
3.29347e-11	0.0246795
3.29879e-11	0.0247048
3.30411e-11	0.0247282
3.30943e-11	0.0247498
3.31475e-11	0.0247695
3.32007e-11	0.0247873
3.32539e-11	0.0248032
3.33071e-11	0.0248171
3.33603e-11	0.0248291
3.34135e-11	0.024839
3.34667e-11	0.024847
3.35199e-11	0.0248529
3.35731e-11	0.0248567
3.36263e-11	0.0248584
3.36795e-11	0.0248579
3.37328e-11	0.0248553
3.3786e-11	0.0248506
3.38392e-11	0.0248436
3.38924e-11	0.0248343
3.39456e-11	0.0248228
3.39988e-11	0.0248091
3.4052e-11	0.0247929
3.41052e-11	0.0247745
3.41584e-11	0.0247536
3.42116e-11	0.0247304
3.42648e-11	0.0247047
3.4318e-11	0.0246766
3.43712e-11	0.0246459
3.44244e-11	0.0246128
3.44776e-11	0.0245771
3.45308e-11	0.0245388
3.45841e-11	0.0244979
3.46373e-11	0.0244544
3.46905e-11	0.0244082
3.47437e-11	0.0243594
3.47969e-11	0.0243078
3.48501e-11	0.0242534
3.49033e-11	0.0241963
3.49565e-11	0.0241364
3.50097e-11	0.0240737
3.50629e-11	0.024008
3.51161e-11	0.0239395
3.51693e-11	0.0238681
3.52225e-11	0.0237937
3.52757e-11	0.0237163
3.53289e-11	0.0236359
3.53821e-11	0.0235525
3.54354e-11	0.023466
3.54886e-11	0.0233764
3.55418e-11	0.0232836
3.5595e-11	0.0231877
3.56482e-11	0.0230886
3.57014e-11	0.0229863
3.57546e-11	0.0228807
3.58078e-11	0.0227718
3.5861e-11	0.0226596
3.59142e-11	0.0225441
3.59674e-11	0.0224252
3.60206e-11	0.0223029
3.60738e-11	0.0221771
3.6127e-11	0.0220479
3.61802e-11	0.0219151
3.62334e-11	0.0217789
3.62867e-11	0.021639
3.63399e-11	0.0214956
3.63931e-11	0.0213486
3.64463e-11	0.0211979
3.64995e-11	0.0210435
3.65527e-11	0.0208854
3.66059e-11	0.0207235
3.66591e-11	0.0205579
3.67123e-11	0.0203885
3.67655e-11	0.0202152
3.68187e-11	0.020038
3.68719e-11	0.019857
3.69251e-11	0.019672
3.69783e-11	0.019483
3.70315e-11	0.01929
3.70847e-11	0.0190931
3.7138e-11	0.018892
3.71912e-11	0.0186869
3.72444e-11	0.0184776
3.72976e-11	0.0182642
3.73508e-11	0.0180466
3.7404e-11	0.0178248
3.74572e-11	0.0175987
3.75104e-11	0.0173684
3.75636e-11	0.0171337
3.76168e-11	0.0168948
3.767e-11	0.0166514
3.77232e-11	0.0164036
3.77764e-11	0.0161514
3.78296e-11	0.0158948
3.78828e-11	0.0156336
3.7936e-11	0.015368
3.79893e-11	0.0150977
3.80425e-11	0.0148229
3.80957e-11	0.0145435
3.81489e-11	0.0142594
3.82021e-11	0.0139707
3.82553e-11	0.0136772
3.83085e-11	0.013379
3.83617e-11	0.013076
3.84149e-11	0.0127683
3.84681e-11	0.0124557
3.85213e-11	0.0121382
3.85745e-11	0.0118159
3.86277e-11	0.0114886
3.86809e-11	0.0111564
3.87341e-11	0.0108192
3.87873e-11	0.010477
3.88406e-11	0.0101298
3.88938e-11	0.00977746
3.8947e-11	0.00942006
3.90002e-11	0.00905755
3.90534e-11	0.00868987
3.91066e-11	0.00831702
3.91598e-11	0.00793895
3.9213e-11	0.00755565
3.92662e-11	0.00716708
3.93194e-11	0.00677321
3.93726e-11	0.00637402
3.94258e-11	0.00596947
3.9479e-11	0.00555955
3.95322e-11	0.00514422
3.95854e-11	0.00472345
3.96386e-11	0.00429723
3.96919e-11	0.00386551
3.97451e-11	0.00342828
3.97983e-11	0.0029855
3.98515e-11	0.00253715
3.99047e-11	0.00208321
3.99579e-11	0.00162365
4.00111e-11	0.00115843
4.00643e-11	0.000687545
4.01175e-11	0.000210957
4.01707e-11	-0.000271357
4.02239e-11	-0.000759421
4.02771e-11	-0.00125326
4.03303e-11	-0.0017529
4.03835e-11	-0.00225837
4.04367e-11	-0.00276969
4.04899e-11	-0.00328688
4.05432e-11	-0.00380996
4.05964e-11	-0.00433897
4.06496e-11	-0.00487393
4.07028e-11	-0.00541485
4.0756e-11	-0.00596176
4.08092e-11	-0.00651469
4.08624e-11	-0.00707365
4.09156e-11	-0.00763867
4.09688e-11	-0.00820977
4.1022e-11	-0.00878697
4.10752e-11	-0.0093703
4.11284e-11	-0.00995977
4.11816e-11	-0.0105554
4.12348e-11	-0.0111572
4.1288e-11	-0.0117652
4.13412e-11	-0.0123795
4.13945e-11	-0.013
4.14477e-11	-0.0136267
4.15009e-11	-0.0142598
4.15541e-11	-0.0148991
4.16073e-11	-0.0155448
4.16605e-11	-0.0161968
4.17137e-11	-0.0168552
4.17669e-11	-0.0175199
4.18201e-11	-0.018191
4.18733e-11	-0.0188685
4.19265e-11	-0.0195525
4.19797e-11	-0.0202429
4.20329e-11	-0.0209397
4.20861e-11	-0.021643
4.21393e-11	-0.0223528
4.21925e-11	-0.0230691
4.22458e-11	-0.0237919
4.2299e-11	-0.0245213
4.23522e-11	-0.0252571
4.24054e-11	-0.0259996
4.24586e-11	-0.0267485
4.25118e-11	-0.0275041
4.2565e-11	-0.0282663
4.26182e-11	-0.029035
4.26714e-11	-0.0298104
4.27246e-11	-0.0305924
4.27778e-11	-0.031381
4.2831e-11	-0.0321763
4.28842e-11	-0.0329782
4.29374e-11	-0.0337868
4.29906e-11	-0.034602
4.30438e-11	-0.0354239
4.30971e-11	-0.0362525
4.31503e-11	-0.0370878
4.32035e-11	-0.0379298
4.32567e-11	-0.0387785
4.33099e-11	-0.0396339
4.33631e-11	-0.040496
4.34163e-11	-0.0413648
4.34695e-11	-0.0422404
4.35227e-11	-0.0431227
4.35759e-11	-0.0440117
4.36291e-11	-0.0449074
4.36823e-11	-0.0458099
4.37355e-11	-0.0467191
4.37887e-11	-0.047635
4.38419e-11	-0.0485577
4.38951e-11	-0.0494872
4.39484e-11	-0.0504233
4.40016e-11	-0.0513662
4.40548e-11	-0.0523158
4.4108e-11	-0.0532722
4.41612e-11	-0.0542353
4.42144e-11	-0.0552051
4.42676e-11	-0.0561817
4.43208e-11	-0.0571649
4.4374e-11	-0.0581549
4.44272e-11	-0.0591516
4.44804e-11	-0.060155
4.45336e-11	-0.0611651
4.45868e-11	-0.0621818
4.464e-11	-0.0632053
4.46932e-11	-0.0642354
4.47464e-11	-0.0652722
4.47997e-11	-0.0663157
4.48529e-11	-0.0673658
4.49061e-11	-0.0684226
4.49593e-11	-0.0694859
4.50125e-11	-0.0705559
4.50657e-11	-0.0716325
4.51189e-11	-0.0727157
4.51721e-11	-0.0738054
4.52253e-11	-0.0749017
4.52785e-11	-0.0760046
4.53317e-11	-0.077114
4.53849e-11	-0.0782299
4.54381e-11	-0.0793523
4.54913e-11	-0.0804812
4.55445e-11	-0.0816165
4.55977e-11	-0.0827583
4.5651e-11	-0.0839065
4.57042e-11	-0.0850611
4.57574e-11	-0.0862221
4.58106e-11	-0.0873895
4.58638e-11	-0.0885632
4.5917e-11	-0.0897432
4.59702e-11	-0.0909296
4.60234e-11	-0.0921222
4.60766e-11	-0.093321
4.61298e-11	-0.0945261
4.6183e-11	-0.0957373
4.62362e-11	-0.0969548
4.62894e-11	-0.0981783
4.63426e-11	-0.099408
4.63958e-11	-0.100644
4.6449e-11	-0.101886
4.65023e-11	-0.103133
4.65555e-11	-0.104387
4.66087e-11	-0.105647
4.66619e-11	-0.106913
4.67151e-11	-0.108185
4.67683e-11	-0.109462
4.68215e-11	-0.110745
4.68747e-11	-0.112035
4.69279e-11	-0.113329
4.69811e-11	-0.11463
4.70343e-11	-0.115936
4.70875e-11	-0.117248
4.71407e-11	-0.118566
4.71939e-11	-0.119889
4.72471e-11	-0.121218
4.73003e-11	-0.122552
4.73536e-11	-0.123891
4.74068e-11	-0.125236
4.746e-11	-0.126587
4.75132e-11	-0.127942
4.75664e-11	-0.129303
4.76196e-11	-0.130669
4.76728e-11	-0.132041
4.7726e-11	-0.133417
4.77792e-11	-0.134799
4.78324e-11	-0.136185
4.78856e-11	-0.137577
4.79388e-11	-0.138974
4.7992e-11	-0.140375
4.80452e-11	-0.141781
4.80984e-11	-0.143192
4.81516e-11	-0.144608
4.82049e-11	-0.146028
4.82581e-11	-0.147453
4.83113e-11	-0.148883
4.83645e-11	-0.150317
4.84177e-11	-0.151756
4.84709e-11	-0.153199
4.85241e-11	-0.154646
4.85773e-11	-0.156098
4.86305e-11	-0.157553
4.86837e-11	-0.159013
4.87369e-11	-0.160477
4.87901e-11	-0.161946
4.88433e-11	-0.163418
4.88965e-11	-0.164894
4.89497e-11	-0.166373
4.90029e-11	-0.167857
4.90562e-11	-0.169344
4.91094e-11	-0.170835
4.91626e-11	-0.17233
4.92158e-11	-0.173828
4.9269e-11	-0.175329
4.93222e-11	-0.176834
4.93754e-11	-0.178342
4.94286e-11	-0.179853
4.94818e-11	-0.181367
4.9535e-11	-0.182885
4.95882e-11	-0.184405
4.96414e-11	-0.185929
4.96946e-11	-0.187455
4.97478e-11	-0.188984
4.9801e-11	-0.190516
4.98542e-11	-0.19205
4.99075e-11	-0.193587
4.99607e-11	-0.195126
5.00139e-11	-0.196668
5.00671e-11	-0.198212
5.01203e-11	-0.199758
5.01735e-11	-0.201307
5.02267e-11	-0.202857
5.02799e-11	-0.204409
5.03331e-11	-0.205964
5.03863e-11	-0.20752
5.04395e-11	-0.209077
5.04927e-11	-0.210637
5.05459e-11	-0.212198
5.05991e-11	-0.21376
5.06523e-11	-0.215324
5.07055e-11	-0.216889
5.07588e-11	-0.218455
5.0812e-11	-0.220022
5.08652e-11	-0.22159
5.09184e-11	-0.223159
5.09716e-11	-0.224729
5.10248e-11	-0.226299
5.1078e-11	-0.22787
5.11312e-11	-0.229442
5.11844e-11	-0.231014
5.12376e-11	-0.232586
5.12908e-11	-0.234159
5.1344e-11	-0.235732
5.13972e-11	-0.237304
5.14504e-11	-0.238877
5.15036e-11	-0.240449
5.15568e-11	-0.242021
5.161e-11	-0.243593
5.16633e-11	-0.245164
5.17165e-11	-0.246735
5.17697e-11	-0.248305
5.18229e-11	-0.249874
5.18761e-11	-0.251442
5.19293e-11	-0.253009
5.19825e-11	-0.254575
5.20357e-11	-0.25614
5.20889e-11	-0.257703
5.21421e-11	-0.259265
5.21953e-11	-0.260826
5.22485e-11	-0.262384
5.23017e-11	-0.263941
5.23549e-11	-0.265496
5.24081e-11	-0.267049
5.24613e-11	-0.2686
5.25146e-11	-0.270149
5.25678e-11	-0.271695
5.2621e-11	-0.273238
5.26742e-11	-0.27478
5.27274e-11	-0.276318
5.27806e-11	-0.277854
5.28338e-11	-0.279386
5.2887e-11	-0.280916
5.29402e-11	-0.282442
5.29934e-11	-0.283965
5.30466e-11	-0.285485
5.30998e-11	-0.287001
5.3153e-11	-0.288513
5.32062e-11	-0.290022
5.32594e-11	-0.291527
5.33126e-11	-0.293027
5.33659e-11	-0.294524
5.34191e-11	-0.296016
5.34723e-11	-0.297504
5.35255e-11	-0.298987
5.35787e-11	-0.300466
5.36319e-11	-0.30194
5.36851e-11	-0.303409
5.37383e-11	-0.304872
5.37915e-11	-0.306331
5.38447e-11	-0.307784
5.38979e-11	-0.309232
5.39511e-11	-0.310675
5.40043e-11	-0.312112
5.40575e-11	-0.313543
5.41107e-11	-0.314967
5.41639e-11	-0.316386
5.42172e-11	-0.317799
5.42704e-11	-0.319205
5.43236e-11	-0.320605
5.43768e-11	-0.321999
5.443e-11	-0.323385
5.44832e-11	-0.324765
5.45364e-11	-0.326137
5.45896e-11	-0.327503
5.46428e-11	-0.328861
5.4696e-11	-0.330212
5.47492e-11	-0.331555
5.48024e-11	-0.332891
5.48556e-11	-0.334219
5.49088e-11	-0.335538
5.4962e-11	-0.33685
5.50152e-11	-0.338154
5.50685e-11	-0.339449
5.51217e-11	-0.340736
5.51749e-11	-0.342014
5.52281e-11	-0.343283
5.52813e-11	-0.344543
5.53345e-11	-0.345795
5.53877e-11	-0.347037
5.54409e-11	-0.34827
5.54941e-11	-0.349493
5.55473e-11	-0.350707
5.56005e-11	-0.351911
5.56537e-11	-0.353105
5.57069e-11	-0.354289
5.57601e-11	-0.355463
5.58133e-11	-0.356626
5.58665e-11	-0.35778
5.59198e-11	-0.358922
5.5973e-11	-0.360054
5.60262e-11	-0.361175
5.60794e-11	-0.362285
5.61326e-11	-0.363384
5.61858e-11	-0.364472
5.6239e-11	-0.365548
5.62922e-11	-0.366613
5.63454e-11	-0.367666
5.63986e-11	-0.368707
5.64518e-11	-0.369736
5.6505e-11	-0.370753
5.65582e-11	-0.371758
5.66114e-11	-0.37275
5.66646e-11	-0.37373
5.67178e-11	-0.374697
5.67711e-11	-0.375651
5.68243e-11	-0.376592
5.68775e-11	-0.377521
5.69307e-11	-0.378436
5.69839e-11	-0.379337
5.70371e-11	-0.380225
5.70903e-11	-0.3811
5.71435e-11	-0.38196
5.71967e-11	-0.382807
5.72499e-11	-0.383639
5.73031e-11	-0.384458
5.73563e-11	-0.385262
5.74095e-11	-0.386051
5.74627e-11	-0.386826
5.75159e-11	-0.387586
5.75691e-11	-0.388331
5.76224e-11	-0.389061
5.76756e-11	-0.389776
5.77288e-11	-0.390476
5.7782e-11	-0.39116
5.78352e-11	-0.391828
5.78884e-11	-0.392481
5.79416e-11	-0.393118
5.79948e-11	-0.393739
5.8048e-11	-0.394344
5.81012e-11	-0.394932
5.81544e-11	-0.395504
5.82076e-11	-0.39606
5.82608e-11	-0.396599
5.8314e-11	-0.397121
5.83672e-11	-0.397626
5.84204e-11	-0.398114
5.84737e-11	-0.398585
5.85269e-11	-0.399038
5.85801e-11	-0.399474
5.86333e-11	-0.399892
5.86865e-11	-0.400293
5.87397e-11	-0.400676
5.87929e-11	-0.401041
5.88461e-11	-0.401387
5.88993e-11	-0.401716
5.89525e-11	-0.402026
5.90057e-11	-0.402317
5.90589e-11	-0.40259
5.91121e-11	-0.402844
5.91653e-11	-0.40308
5.92185e-11	-0.403296
5.92717e-11	-0.403493
5.9325e-11	-0.403671
5.93782e-11	-0.403829
5.94314e-11	-0.403968
5.94846e-11	-0.404088
5.95378e-11	-0.404188
5.9591e-11	-0.404267
5.96442e-11	-0.404327
5.96974e-11	-0.404367
5.97506e-11	-0.404387
5.98038e-11	-0.404386
5.9857e-11	-0.404365
5.99102e-11	-0.404323
5.99634e-11	-0.404261
6.00166e-11	-0.404177
6.00698e-11	-0.404073
6.0123e-11	-0.403948
6.01763e-11	-0.403802
6.02295e-11	-0.403635
6.02827e-11	-0.403446
6.03359e-11	-0.403236
6.03891e-11	-0.403004
6.04423e-11	-0.402751
6.04955e-11	-0.402476
6.05487e-11	-0.402179
6.06019e-11	-0.40186
6.06551e-11	-0.401519
6.07083e-11	-0.401156
6.07615e-11	-0.40077
6.08147e-11	-0.400363
6.08679e-11	-0.399932
6.09211e-11	-0.39948
6.09743e-11	-0.399004
6.10276e-11	-0.398506
6.10808e-11	-0.397985
6.1134e-11	-0.397441
6.11872e-11	-0.396874
6.12404e-11	-0.396284
6.12936e-11	-0.395671
6.13468e-11	-0.395034
6.14e-11	-0.394374
6.14532e-11	-0.393691
6.15064e-11	-0.392984
6.15596e-11	-0.392253
6.16128e-11	-0.391499
6.1666e-11	-0.390721
6.17192e-11	-0.389919
6.17724e-11	-0.389093
6.18256e-11	-0.388243
6.18789e-11	-0.387369
6.19321e-11	-0.386471
6.19853e-11	-0.385549
6.20385e-11	-0.384602
6.20917e-11	-0.383631
6.21449e-11	-0.382635
6.21981e-11	-0.381615
6.22513e-11	-0.38057
6.23045e-11	-0.379501
6.23577e-11	-0.378407
6.24109e-11	-0.377288
6.24641e-11	-0.376144
6.25173e-11	-0.374976
6.25705e-11	-0.373782
6.26237e-11	-0.372564
6.26769e-11	-0.37132
6.27302e-11	-0.370051
6.27834e-11	-0.368757
6.28366e-11	-0.367438
6.28898e-11	-0.366094
6.2943e-11	-0.364724
6.29962e-11	-0.363329
6.30494e-11	-0.361908
6.31026e-11	-0.360463
6.31558e-11	-0.358991
6.3209e-11	-0.357494
6.32622e-11	-0.355972
6.33154e-11	-0.354423
6.33686e-11	-0.35285
6.34218e-11	-0.35125
6.3475e-11	-0.349625
6.35282e-11	-0.347974
6.35815e-11	-0.346298
6.36347e-11	-0.344595
6.36879e-11	-0.342867
6.37411e-11	-0.341113
6.37943e-11	-0.339333
6.38475e-11	-0.337527
6.39007e-11	-0.335695
6.39539e-11	-0.333838
6.40071e-11	-0.331954
6.40603e-11	-0.330044
6.41135e-11	-0.328109
6.41667e-11	-0.326147
6.42199e-11	-0.32416
6.42731e-11	-0.322147
6.43263e-11	-0.320107
6.43795e-11	-0.318042
6.44328e-11	-0.315951
6.4486e-11	-0.313833
6.45392e-11	-0.31169
6.45924e-11	-0.309521
6.46456e-11	-0.307325
6.46988e-11	-0.305104
6.4752e-11	-0.302857
6.48052e-11	-0.300584
6.48584e-11	-0.298285
6.49116e-11	-0.295959
6.49648e-11	-0.293609
6.5018e-11	-0.291232
6.50712e-11	-0.288829
6.51244e-11	-0.286401
6.51776e-11	-0.283946
6.52308e-11	-0.281466
6.52841e-11	-0.27896
6.53373e-11	-0.276429
6.53905e-11	-0.273871
6.54437e-11	-0.271288
6.54969e-11	-0.26868
6.55501e-11	-0.266045
6.56033e-11	-0.263386
6.56565e-11	-0.2607
6.57097e-11	-0.25799
6.57629e-11	-0.255253
6.58161e-11	-0.252492
6.58693e-11	-0.249705
6.59225e-11	-0.246893
6.59757e-11	-0.244055
6.60289e-11	-0.241193
6.60821e-11	-0.238305
6.61354e-11	-0.235392
6.61886e-11	-0.232454
6.62418e-11	-0.229492
6.6295e-11	-0.226504
6.63482e-11	-0.223492
6.64014e-11	-0.220454
6.64546e-11	-0.217393
6.65078e-11	-0.214306
6.6561e-11	-0.211195
6.66142e-11	-0.20806
6.66674e-11	-0.2049
6.67206e-11	-0.201716
6.67738e-11	-0.198508
6.6827e-11	-0.195275
6.68802e-11	-0.192019
6.69334e-11	-0.188738
6.69867e-11	-0.185434
6.70399e-11	-0.182106
6.70931e-11	-0.178754
6.71463e-11	-0.175379
6.71995e-11	-0.17198
6.72527e-11	-0.168557
6.73059e-11	-0.165112
6.73591e-11	-0.161643
6.74123e-11	-0.158151
6.74655e-11	-0.154636
6.75187e-11	-0.151099
6.75719e-11	-0.147538
6.76251e-11	-0.143955
6.76783e-11	-0.14035
6.77315e-11	-0.136721
6.77847e-11	-0.133071
6.7838e-11	-0.129398
6.78912e-11	-0.125704
6.79444e-11	-0.121987
6.79976e-11	-0.118249
6.80508e-11	-0.114489
6.8104e-11	-0.110707
6.81572e-11	-0.106904
6.82104e-11	-0.10308
6.82636e-11	-0.0992343
6.83168e-11	-0.0953678
6.837e-11	-0.0914804
6.84232e-11	-0.0875723
6.84764e-11	-0.0836435
6.85296e-11	-0.0796944
6.85828e-11	-0.0757249
6.8636e-11	-0.0717352
6.86893e-11	-0.0677256
6.87425e-11	-0.063696
6.87957e-11	-0.0596468
6.88489e-11	-0.0555781
6.89021e-11	-0.0514899
6.89553e-11	-0.0473825
6.90085e-11	-0.043256
6.90617e-11	-0.0391107
6.91149e-11	-0.0349466
6.91681e-11	-0.0307639
6.92213e-11	-0.0265628
6.92745e-11	-0.0223435
6.93277e-11	-0.0181061
6.93809e-11	-0.0138508
6.94341e-11	-0.00957775
6.94873e-11	-0.0052872
6.95406e-11	-0.000979278
6.95938e-11	0.00334582
6.9647e-11	0.00768792
6.97002e-11	0.0120468
6.97534e-11	0.0164224
6.98066e-11	0.0208144
6.98598e-11	0.0252226
6.9913e-11	0.0296469
6.99662e-11	0.0340871
7.00194e-11	0.038543
7.00726e-11	0.0430144
7.01258e-11	0.047501
7.0179e-11	0.0520027
7.02322e-11	0.0565193
7.02854e-11	0.0610506
7.03386e-11	0.0655964
7.03919e-11	0.0701565
7.04451e-11	0.0747306
7.04983e-11	0.0793186
7.05515e-11	0.0839203
7.06047e-11	0.0885353
7.06579e-11	0.0931637
7.07111e-11	0.097805
7.07643e-11	0.102459
7.08175e-11	0.107126
7.08707e-11	0.111805
7.09239e-11	0.116496
7.09771e-11	0.121199
7.10303e-11	0.125914
7.10835e-11	0.130641
7.11367e-11	0.135378
7.11899e-11	0.140127
7.12432e-11	0.144886
7.12964e-11	0.149656
7.13496e-11	0.154436
7.14028e-11	0.159227
7.1456e-11	0.164027
7.15092e-11	0.168837
7.15624e-11	0.173656
7.16156e-11	0.178485
7.16688e-11	0.183322
7.1722e-11	0.188168
7.17752e-11	0.193023
7.18284e-11	0.197885
7.18816e-11	0.202756
7.19348e-11	0.207634
7.1988e-11	0.21252
7.20412e-11	0.217413
7.20945e-11	0.222313
7.21477e-11	0.22722
7.22009e-11	0.232133
7.22541e-11	0.237052
7.23073e-11	0.241978
7.23605e-11	0.246909
7.24137e-11	0.251845
7.24669e-11	0.256787
7.25201e-11	0.261734
7.25733e-11	0.266685
7.26265e-11	0.271641
7.26797e-11	0.276601
7.27329e-11	0.281565
7.27861e-11	0.286532
7.28393e-11	0.291503
7.28925e-11	0.296477
7.29458e-11	0.301454
7.2999e-11	0.306433
7.30522e-11	0.311415
7.31054e-11	0.316399
7.31586e-11	0.321385
7.32118e-11	0.326372
7.3265e-11	0.33136
7.33182e-11	0.33635
7.33714e-11	0.34134
7.34246e-11	0.34633
7.34778e-11	0.351321
7.3531e-11	0.356312
7.35842e-11	0.361302
7.36374e-11	0.366291
7.36906e-11	0.37128
7.37438e-11	0.376268
7.37971e-11	0.381254
7.38503e-11	0.386238
7.39035e-11	0.39122
7.39567e-11	0.3962
7.40099e-11	0.401178
7.40631e-11	0.406152
7.41163e-11	0.411124
7.41695e-11	0.416092
7.42227e-11	0.421056
7.42759e-11	0.426017
7.43291e-11	0.430973
7.43823e-11	0.435925
7.44355e-11	0.440872
7.44887e-11	0.445814
7.45419e-11	0.45075
7.45951e-11	0.455681
7.46484e-11	0.460606
7.47016e-11	0.465525
7.47548e-11	0.470437
7.4808e-11	0.475342
7.48612e-11	0.480241
7.49144e-11	0.485132
7.49676e-11	0.490015
7.50208e-11	0.494891
7.5074e-11	0.499759
7.51272e-11	0.504618
7.51804e-11	0.509468
7.52336e-11	0.514309
7.52868e-11	0.519141
7.534e-11	0.523964
7.53932e-11	0.528776
7.54464e-11	0.533579
7.54997e-11	0.538371
7.55529e-11	0.543152
7.56061e-11	0.547923
7.56593e-11	0.552682
7.57125e-11	0.557429
7.57657e-11	0.562165
7.58189e-11	0.566889
7.58721e-11	0.5716
7.59253e-11	0.576299
7.59785e-11	0.580985
7.60317e-11	0.585657
7.60849e-11	0.590316
7.61381e-11	0.594962
7.61913e-11	0.599593
7.62445e-11	0.60421
7.62977e-11	0.608812
7.63509e-11	0.6134
7.64042e-11	0.617972
7.64574e-11	0.622529
7.65106e-11	0.62707
7.65638e-11	0.631596
7.6617e-11	0.636105
7.66702e-11	0.640597
7.67234e-11	0.645073
7.67766e-11	0.649532
7.68298e-11	0.653973
7.6883e-11	0.658397
7.69362e-11	0.662803
7.69894e-11	0.667191
7.70426e-11	0.67156
7.70958e-11	0.675911
7.7149e-11	0.680243
7.72022e-11	0.684555
7.72555e-11	0.688848
7.73087e-11	0.693122
7.73619e-11	0.697375
7.74151e-11	0.701609
7.74683e-11	0.705822
7.75215e-11	0.710014
7.75747e-11	0.714185
7.76279e-11	0.718334
7.76811e-11	0.722463
7.77343e-11	0.726569
7.77875e-11	0.730653
7.78407e-11	0.734715
7.78939e-11	0.738755
7.79471e-11	0.742772
7.80003e-11	0.746766
7.80535e-11	0.750736
7.81068e-11	0.754683
7.816e-11	0.758606
7.82132e-11	0.762505
7.82664e-11	0.76638
7.83196e-11	0.77023
7.83728e-11	0.774056
7.8426e-11	0.777856
7.84792e-11	0.781632
7.85324e-11	0.785382
7.85856e-11	0.789106
7.86388e-11	0.792804
7.8692e-11	0.796476
7.87452e-11	0.800122
7.87984e-11	0.803741
7.88516e-11	0.807333
7.89048e-11	0.810898
7.89581e-11	0.814436
7.90113e-11	0.817947
7.90645e-11	0.821429
7.91177e-11	0.824884
7.91709e-11	0.82831
7.92241e-11	0.831708
7.92773e-11	0.835078
7.93305e-11	0.838418
7.93837e-11	0.84173
7.94369e-11	0.845012
7.94901e-11	0.848265
7.95433e-11	0.851488
7.95965e-11	0.854681
7.96497e-11	0.857844
7.97029e-11	0.860977
7.97561e-11	0.86408
7.98094e-11	0.867151
7.98626e-11	0.870192
7.99158e-11	0.873202
7.9969e-11	0.87618
8.00222e-11	0.879128
8.00754e-11	0.882043
8.01286e-11	0.884926
8.01818e-11	0.887778
8.0235e-11	0.890597
8.02882e-11	0.893384
8.03414e-11	0.896139
8.03946e-11	0.898861
8.04478e-11	0.901549
8.0501e-11	0.904205
8.05542e-11	0.906828
8.06074e-11	0.909417
8.06607e-11	0.911972
8.07139e-11	0.914494
8.07671e-11	0.916982
8.08203e-11	0.919436
8.08735e-11	0.921855
8.09267e-11	0.92424
8.09799e-11	0.926591
8.10331e-11	0.928907
8.10863e-11	0.931188
8.11395e-11	0.933434
8.11927e-11	0.935645
8.12459e-11	0.93782
8.12991e-11	0.93996
8.13523e-11	0.942065
8.14055e-11	0.944134
8.14587e-11	0.946167
8.1512e-11	0.948164
8.15652e-11	0.950125
8.16184e-11	0.95205
8.16716e-11	0.953939
8.17248e-11	0.955791
8.1778e-11	0.957606
8.18312e-11	0.959385
8.18844e-11	0.961127
8.19376e-11	0.962832
8.19908e-11	0.964499
8.2044e-11	0.96613
8.20972e-11	0.967724
8.21504e-11	0.96928
8.22036e-11	0.970799
8.22568e-11	0.97228
8.231e-11	0.973723
8.23633e-11	0.975129
8.24165e-11	0.976497
8.24697e-11	0.977826
8.25229e-11	0.979118
8.25761e-11	0.980372
8.26293e-11	0.981588
8.26825e-11	0.982765
8.27357e-11	0.983904
8.27889e-11	0.985004
8.28421e-11	0.986066
8.28953e-11	0.98709
8.29485e-11	0.988075
8.30017e-11	0.989021
8.30549e-11	0.989928
8.31081e-11	0.990797
8.31613e-11	0.991627
8.32146e-11	0.992417
8.32678e-11	0.993169
8.3321e-11	0.993882
8.33742e-11	0.994556
8.34274e-11	0.99519
8.34806e-11	0.995786
8.35338e-11	0.996342
8.3587e-11	0.996859
8.36402e-11	0.997337
8.36934e-11	0.997775
8.37466e-11	0.998174
8.37998e-11	0.998534
8.3853e-11	0.998854
8.39062e-11	0.999135
8.39594e-11	0.999377
8.40126e-11	0.999579
8.40659e-11	0.999741
8.41191e-11	0.999864
8.41723e-11	0.999948
8.42255e-11	0.999992
8.42787e-11	0.999997
8.43319e-11	0.999962
8.43851e-11	0.999888
8.44383e-11	0.999775
8.44915e-11	0.999622
8.45447e-11	0.999429
8.45979e-11	0.999197
8.46511e-11	0.998926
8.47043e-11	0.998615
8.47575e-11	0.998264
8.48107e-11	0.997875
8.48639e-11	0.997446
8.49172e-11	0.996978
8.49704e-11	0.99647
8.50236e-11	0.995924
8.50768e-11	0.995338
8.513e-11	0.994712
8.51832e-11	0.994048
8.52364e-11	0.993345
8.52896e-11	0.992602
8.53428e-11	0.991821
8.5396e-11	0.991001
8.54492e-11	0.990142
8.55024e-11	0.989244
8.55556e-11	0.988307
8.56088e-11	0.987331
8.5662e-11	0.986317
8.57152e-11	0.985264
8.57685e-11	0.984173
8.58217e-11	0.983043
8.58749e-11	0.981875
8.59281e-11	0.980669
8.59813e-11	0.979425
8.60345e-11	0.978142
8.60877e-11	0.976821
8.61409e-11	0.975462
8.61941e-11	0.974066
8.62473e-11	0.972632
8.63005e-11	0.97116
8.63537e-11	0.96965
8.64069e-11	0.968103
8.64601e-11	0.966518
8.65133e-11	0.964897
8.65665e-11	0.963238
8.66198e-11	0.961542
8.6673e-11	0.959809
8.67262e-11	0.958039
8.67794e-11	0.956232
8.68326e-11	0.954389
8.68858e-11	0.952509
8.6939e-11	0.950593
8.69922e-11	0.948641
8.70454e-11	0.946653
8.70986e-11	0.944628
8.71518e-11	0.942568
8.7205e-11	0.940472
8.72582e-11	0.93834
8.73114e-11	0.936173
8.73646e-11	0.933971
8.74178e-11	0.931733
8.74711e-11	0.929461
8.75243e-11	0.927153
8.75775e-11	0.924811
8.76307e-11	0.922434
8.76839e-11	0.920023
8.77371e-11	0.917577
8.77903e-11	0.915098
8.78435e-11	0.912584
8.78967e-11	0.910037
8.79499e-11	0.907456
8.80031e-11	0.904841
8.80563e-11	0.902194
8.81095e-11	0.899513
8.81627e-11	0.896799
8.82159e-11	0.894053
8.82691e-11	0.891273
8.83224e-11	0.888462
8.83756e-11	0.885618
8.84288e-11	0.882742
8.8482e-11	0.879834
8.85352e-11	0.876895
8.85884e-11	0.873924
8.86416e-11	0.870922
8.86948e-11	0.867888
8.8748e-11	0.864824
8.88012e-11	0.861729
8.88544e-11	0.858603
8.89076e-11	0.855448
8.89608e-11	0.852262
8.9014e-11	0.849046
8.90672e-11	0.8458
8.91204e-11	0.842525
8.91737e-11	0.83922
8.92269e-11	0.835887
8.92801e-11	0.832524
8.93333e-11	0.829133
8.93865e-11	0.825714
8.94397e-11	0.822266
8.94929e-11	0.81879
8.95461e-11	0.815286
8.95993e-11	0.811755
8.96525e-11	0.808197
8.97057e-11	0.804611
8.97589e-11	0.800998
8.98121e-11	0.797359
8.98653e-11	0.793693
8.99185e-11	0.790001
8.99717e-11	0.786283
9.0025e-11	0.78254
9.00782e-11	0.77877
9.01314e-11	0.774976
9.01846e-11	0.771156
9.02378e-11	0.767312
9.0291e-11	0.763443
9.03442e-11	0.75955
9.03974e-11	0.755632
9.04506e-11	0.751691
9.05038e-11	0.747726
9.0557e-11	0.743738
9.06102e-11	0.739727
9.06634e-11	0.735693
9.07166e-11	0.731636
9.07698e-11	0.727557
9.0823e-11	0.723456
9.08763e-11	0.719333
9.09295e-11	0.715188
9.09827e-11	0.711023
9.10359e-11	0.706836
9.10891e-11	0.702628
9.11423e-11	0.698399
9.11955e-11	0.694151
9.12487e-11	0.689882
9.13019e-11	0.685594
9.13551e-11	0.681286
9.14083e-11	0.676958
9.14615e-11	0.672612
9.15147e-11	0.668247
9.15679e-11	0.663864
9.16211e-11	0.659462
9.16743e-11	0.655043
9.17276e-11	0.650606
9.17808e-11	0.646151
9.1834e-11	0.641679
9.18872e-11	0.637191
9.19404e-11	0.632686
9.19936e-11	0.628164
9.20468e-11	0.623627
9.21e-11	0.619074
9.21532e-11	0.614505
9.22064e-11	0.609921
9.22596e-11	0.605322
9.23128e-11	0.600709
9.2366e-11	0.596081
9.24192e-11	0.591439
9.24724e-11	0.586783
9.25256e-11	0.582114
9.25789e-11	0.577431
9.26321e-11	0.572736
9.26853e-11	0.568028
9.27385e-11	0.563307
9.27917e-11	0.558574
9.28449e-11	0.553829
9.28981e-11	0.549073
9.29513e-11	0.544305
9.30045e-11	0.539526
9.30577e-11	0.534737
9.31109e-11	0.529937
9.31641e-11	0.525127
9.32173e-11	0.520307
9.32705e-11	0.515477
9.33237e-11	0.510638
9.33769e-11	0.50579
9.34302e-11	0.500933
9.34834e-11	0.496067
9.35366e-11	0.491193
9.35898e-11	0.486312
9.3643e-11	0.481422
9.36962e-11	0.476526
9.37494e-11	0.471622
9.38026e-11	0.466711
9.38558e-11	0.461794
9.3909e-11	0.456871
9.39622e-11	0.451941
9.40154e-11	0.447006
9.40686e-11	0.442065
9.41218e-11	0.43712
9.4175e-11	0.432169
9.42282e-11	0.427214
9.42815e-11	0.422255
9.43347e-11	0.417291
9.43879e-11	0.412324
9.44411e-11	0.407353
9.44943e-11	0.402379
9.45475e-11	0.397402
9.46007e-11	0.392423
9.46539e-11	0.387441
9.47071e-11	0.382457
9.47603e-11	0.377472
9.48135e-11	0.372485
9.48667e-11	0.367496
9.49199e-11	0.362507
9.49731e-11	0.357516
9.50263e-11	0.352526
9.50795e-11	0.347535
9.51328e-11	0.342545
9.5186e-11	0.337554
9.52392e-11	0.332565
9.52924e-11	0.327576
9.53456e-11	0.322589
9.53988e-11	0.317603
9.5452e-11	0.312618
9.55052e-11	0.307636
9.55584e-11	0.302656
9.56116e-11	0.297678
9.56648e-11	0.292704
9.5718e-11	0.287732
9.57712e-11	0.282764
9.58244e-11	0.277799
9.58776e-11	0.272838
9.59308e-11	0.267881
9.59841e-11	0.262929
9.60373e-11	0.257981
9.60905e-11	0.253038
9.61437e-11	0.2481
9.61969e-11	0.243168
9.62501e-11	0.238241
9.63033e-11	0.23332
9.63565e-11	0.228405
9.64097e-11	0.223497
9.64629e-11	0.218596
9.65161e-11	0.213701
9.65693e-11	0.208813
9.66225e-11	0.203933
9.66757e-11	0.199061
9.67289e-11	0.194196
9.67821e-11	0.189339
9.68354e-11	0.184491
9.68886e-11	0.179652
9.69418e-11	0.174821
9.6995e-11	0.17
9.70482e-11	0.165187
9.71014e-11	0.160385
9.71546e-11	0.155592
9.72078e-11	0.150809
9.7261e-11	0.146037
9.73142e-11	0.141275
9.73674e-11	0.136524
9.74206e-11	0.131783
9.74738e-11	0.127054
9.7527e-11	0.122337
9.75802e-11	0.117631
9.76334e-11	0.112937
9.76867e-11	0.108254
9.77399e-11	0.103585
9.77931e-11	0.0989276
9.78463e-11	0.0942831
9.78995e-11	0.0896516
9.79527e-11	0.0850333
9.80059e-11	0.0804284
9.80591e-11	0.0758371
9.81123e-11	0.0712596
9.81655e-11	0.0666961
9.82187e-11	0.0621469
9.82719e-11	0.057612
9.83251e-11	0.0530919
9.83783e-11	0.0485865
9.84315e-11	0.0440962
9.84847e-11	0.0396212
9.8538e-11	0.0351615
9.85912e-11	0.0307175
9.86444e-11	0.0262894
9.86976e-11	0.0218772
9.87508e-11	0.0174813
9.8804e-11	0.0131018
9.88572e-11	0.00873882
9.89104e-11	0.00439264
9.89636e-11	6.34165e-05
9.90168e-11	-0.00424867
9.907e-11	-0.00854343
9.91232e-11	-0.0128207
9.91764e-11	-0.0170803
9.92296e-11	-0.021322
9.92828e-11	-0.0255457
9.9336e-11	-0.0297512
9.93893e-11	-0.0339384
9.94425e-11	-0.038107
9.94957e-11	-0.0422569
9.95489e-11	-0.0463879
9.96021e-11	-0.0505
9.96553e-11	-0.0545928
9.97085e-11	-0.0586662
9.97617e-11	-0.0627202
9.98149e-11	-0.0667545
9.98681e-11	-0.0707689
9.99213e-11	-0.0747634
9.99745e-11	-0.0787378
1.00028e-10	-0.0826919
1.00081e-10	-0.0866256
1.00134e-10	-0.0905387
1.00187e-10	-0.0944311
1.00241e-10	-0.0983027
1.00294e-10	-0.102153
1.00347e-10	-0.105983
1.004e-10	-0.109791
1.00453e-10	-0.113578
1.00507e-10	-0.117343
1.0056e-10	-0.121087
1.00613e-10	-0.124809
1.00666e-10	-0.128508
1.00719e-10	-0.132186
1.00773e-10	-0.135842
1.00826e-10	-0.139476
1.00879e-10	-0.143087
1.00932e-10	-0.146675
1.00985e-10	-0.150241
1.01039e-10	-0.153784
1.01092e-10	-0.157305
1.01145e-10	-0.160802
1.01198e-10	-0.164277
1.01251e-10	-0.167728
1.01305e-10	-0.171156
1.01358e-10	-0.17456
1.01411e-10	-0.177941
1.01464e-10	-0.181299
1.01518e-10	-0.184633
1.01571e-10	-0.187943
1.01624e-10	-0.191229
1.01677e-10	-0.194491
1.0173e-10	-0.197729
1.01784e-10	-0.200943
1.01837e-10	-0.204133
1.0189e-10	-0.207299
1.01943e-10	-0.21044
1.01996e-10	-0.213557
1.0205e-10	-0.21665
1.02103e-10	-0.219717
1.02156e-10	-0.222761
1.02209e-10	-0.225779
1.02262e-10	-0.228773
1.02316e-10	-0.231741
1.02369e-10	-0.234685
1.02422e-10	-0.237604
1.02475e-10	-0.240498
1.02528e-10	-0.243366
1.02582e-10	-0.24621
1.02635e-10	-0.249028
1.02688e-10	-0.251821
1.02741e-10	-0.254589
1.02794e-10	-0.257331
1.02848e-10	-0.260048
1.02901e-10	-0.26274
1.02954e-10	-0.265406
1.03007e-10	-0.268046
1.0306e-10	-0.270661
1.03114e-10	-0.27325
1.03167e-10	-0.275814
1.0322e-10	-0.278351
1.03273e-10	-0.280863
1.03327e-10	-0.28335
1.0338e-10	-0.28581
1.03433e-10	-0.288245
1.03486e-10	-0.290654
1.03539e-10	-0.293037
1.03593e-10	-0.295394
1.03646e-10	-0.297726
1.03699e-10	-0.300031
1.03752e-10	-0.30231
1.03805e-10	-0.304564
1.03859e-10	-0.306791
1.03912e-10	-0.308993
1.03965e-10	-0.311168
1.04018e-10	-0.313318
1.04071e-10	-0.315442
1.04125e-10	-0.317539
1.04178e-10	-0.319611
1.04231e-10	-0.321657
1.04284e-10	-0.323676
1.04337e-10	-0.32567
1.04391e-10	-0.327638
1.04444e-10	-0.32958
1.04497e-10	-0.331495
1.0455e-10	-0.333385
1.04603e-10	-0.335249
1.04657e-10	-0.337087
1.0471e-10	-0.338899
1.04763e-10	-0.340685
1.04816e-10	-0.342446
1.04869e-10	-0.34418
1.04923e-10	-0.345889
1.04976e-10	-0.347572
1.05029e-10	-0.349229
1.05082e-10	-0.35086
1.05136e-10	-0.352466
1.05189e-10	-0.354046
1.05242e-10	-0.3556
1.05295e-10	-0.357129
1.05348e-10	-0.358632
1.05402e-10	-0.36011
1.05455e-10	-0.361562
1.05508e-10	-0.362988
1.05561e-10	-0.36439
1.05614e-10	-0.365765
1.05668e-10	-0.367116
1.05721e-10	-0.368441
1.05774e-10	-0.369741
1.05827e-10	-0.371016
1.0588e-10	-0.372266
1.05934e-10	-0.37349
1.05987e-10	-0.37469
1.0604e-10	-0.375864
1.06093e-10	-0.377014
1.06146e-10	-0.378139
1.062e-10	-0.379239
1.06253e-10	-0.380314
1.06306e-10	-0.381365
1.06359e-10	-0.382391
1.06412e-10	-0.383392
1.06466e-10	-0.38437
1.06519e-10	-0.385322
1.06572e-10	-0.38625
1.06625e-10	-0.387154
1.06679e-10	-0.388034
1.06732e-10	-0.38889
1.06785e-10	-0.389722
1.06838e-10	-0.390529
1.06891e-10	-0.391313
1.06945e-10	-0.392073
1.06998e-10	-0.39281
1.07051e-10	-0.393522
1.07104e-10	-0.394211
1.07157e-10	-0.394877
1.07211e-10	-0.395519
1.07264e-10	-0.396138
1.07317e-10	-0.396734
1.0737e-10	-0.397306
1.07423e-10	-0.397856
1.07477e-10	-0.398382
1.0753e-10	-0.398886
1.07583e-10	-0.399367
1.07636e-10	-0.399825
1.07689e-10	-0.400261
1.07743e-10	-0.400674
1.07796e-10	-0.401065
1.07849e-10	-0.401433
1.07902e-10	-0.40178
1.07955e-10	-0.402104
1.08009e-10	-0.402406
1.08062e-10	-0.402686
1.08115e-10	-0.402945
1.08168e-10	-0.403182
1.08221e-10	-0.403397
1.08275e-10	-0.403591
1.08328e-10	-0.403764
1.08381e-10	-0.403915
1.08434e-10	-0.404045
1.08488e-10	-0.404154
1.08541e-10	-0.404242
1.08594e-10	-0.40431
1.08647e-10	-0.404357
1.087e-10	-0.404383
1.08754e-10	-0.404388
1.08807e-10	-0.404374
1.0886e-10	-0.404339
1.08913e-10	-0.404284
1.08966e-10	-0.404209
1.0902e-10	-0.404114
1.09073e-10	-0.403999
1.09126e-10	-0.403865
1.09179e-10	-0.403711
1.09232e-10	-0.403538
1.09286e-10	-0.403345
1.09339e-10	-0.403134
1.09392e-10	-0.402903
1.09445e-10	-0.402653
1.09498e-10	-0.402385
1.09552e-10	-0.402098
1.09605e-10	-0.401792
1.09658e-10	-0.401468
1.09711e-10	-0.401126
1.09764e-10	-0.400765
1.09818e-10	-0.400387
1.09871e-10	-0.399991
1.09924e-10	-0.399577
1.09977e-10	-0.399145
1.1003e-10	-0.398696
1.10084e-10	-0.398229
1.10137e-10	-0.397745
1.1019e-10	-0.397244
1.10243e-10	-0.396726
1.10297e-10	-0.396191
1.1035e-10	-0.39564
1.10403e-10	-0.395072
1.10456e-10	-0.394487
1.10509e-10	-0.393886
1.10563e-10	-0.393269
1.10616e-10	-0.392636
1.10669e-10	-0.391987
1.10722e-10	-0.391323
1.10775e-10	-0.390642
1.10829e-10	-0.389947
1.10882e-10	-0.389235
1.10935e-10	-0.388509
1.10988e-10	-0.387767
1.11041e-10	-0.387011
1.11095e-10	-0.38624
1.11148e-10	-0.385454
1.11201e-10	-0.384653
1.11254e-10	-0.383838
1.11307e-10	-0.383009
1.11361e-10	-0.382166
1.11414e-10	-0.381309
1.11467e-10	-0.380438
1.1152e-10	-0.379553
1.11573e-10	-0.378654
1.11627e-10	-0.377743
1.1168e-10	-0.376818
1.11733e-10	-0.37588
1.11786e-10	-0.374928
1.1184e-10	-0.373964
1.11893e-10	-0.372988
1.11946e-10	-0.371998
1.11999e-10	-0.370997
1.12052e-10	-0.369983
1.12106e-10	-0.368956
1.12159e-10	-0.367918
1.12212e-10	-0.366868
1.12265e-10	-0.365806
1.12318e-10	-0.364733
1.12372e-10	-0.363648
1.12425e-10	-0.362552
1.12478e-10	-0.361444
1.12531e-10	-0.360326
1.12584e-10	-0.359197
1.12638e-10	-0.358057
1.12691e-10	-0.356906
1.12744e-10	-0.355745
1.12797e-10	-0.354573
1.1285e-10	-0.353392
1.12904e-10	-0.3522
1.12957e-10	-0.350998
1.1301e-10	-0.349787
1.13063e-10	-0.348566
1.13116e-10	-0.347335
1.1317e-10	-0.346095
1.13223e-10	-0.344846
1.13276e-10	-0.343588
1.13329e-10	-0.342321
1.13382e-10	-0.341045
1.13436e-10	-0.33976
1.13489e-10	-0.338467
1.13542e-10	-0.337166
1.13595e-10	-0.335856
1.13649e-10	-0.334538
1.13702e-10	-0.333212
1.13755e-10	-0.331878
1.13808e-10	-0.330537
1.13861e-10	-0.329188
1.13915e-10	-0.327831
1.13968e-10	-0.326468
1.14021e-10	-0.325097
1.14074e-10	-0.323719
1.14127e-10	-0.322334
1.14181e-10	-0.320942
1.14234e-10	-0.319544
1.14287e-10	-0.318139
1.1434e-10	-0.316728
1.14393e-10	-0.315311
1.14447e-10	-0.313887
1.145e-10	-0.312458
1.14553e-10	-0.311022
1.14606e-10	-0.309581
1.14659e-10	-0.308135
1.14713e-10	-0.306682
1.14766e-10	-0.305225
1.14819e-10	-0.303762
1.14872e-10	-0.302295
1.14925e-10	-0.300822
1.14979e-10	-0.299345
1.15032e-10	-0.297862
1.15085e-10	-0.296376
1.15138e-10	-0.294885
1.15192e-10	-0.293389
1.15245e-10	-0.291889
1.15298e-10	-0.290386
1.15351e-10	-0.288878
1.15404e-10	-0.287366
1.15458e-10	-0.285851
1.15511e-10	-0.284332
1.15564e-10	-0.28281
1.15617e-10	-0.281285
1.1567e-10	-0.279756
1.15724e-10	-0.278224
1.15777e-10	-0.276689
1.1583e-10	-0.275151
1.15883e-10	-0.273611
1.15936e-10	-0.272068
1.1599e-10	-0.270522
1.16043e-10	-0.268974
1.16096e-10	-0.267424
1.16149e-10	-0.265871
1.16202e-10	-0.264317
1.16256e-10	-0.26276
1.16309e-10	-0.261202
1.16362e-10	-0.259642
1.16415e-10	-0.258081
1.16468e-10	-0.256518
1.16522e-10	-0.254953
1.16575e-10	-0.253387
1.16628e-10	-0.251821
1.16681e-10	-0.250253
1.16734e-10	-0.248684
1.16788e-10	-0.247114
1.16841e-10	-0.245544
1.16894e-10	-0.243972
1.16947e-10	-0.242401
1.17001e-10	-0.240829
1.17054e-10	-0.239256
1.17107e-10	-0.237684
1.1716e-10	-0.236111
1.17213e-10	-0.234539
1.17267e-10	-0.232966
1.1732e-10	-0.231394
1.17373e-10	-0.229821
1.17426e-10	-0.22825
1.17479e-10	-0.226679
1.17533e-10	-0.225108
1.17586e-10	-0.223538
1.17639e-10	-0.221969
1.17692e-10	-0.2204
1.17745e-10	-0.218833
1.17799e-10	-0.217267
1.17852e-10	-0.215701
1.17905e-10	-0.214137
1.17958e-10	-0.212575
1.18011e-10	-0.211014
1.18065e-10	-0.209454
1.18118e-10	-0.207896
1.18171e-10	-0.206339
1.18224e-10	-0.204785
1.18277e-10	-0.203232
1.18331e-10	-0.201681
1.18384e-10	-0.200132
1.18437e-10	-0.198585
1.1849e-10	-0.197041
1.18543e-10	-0.195498
1.18597e-10	-0.193959
1.1865e-10	-0.192421
1.18703e-10	-0.190886
1.18756e-10	-0.189354
1.1881e-10	-0.187824
1.18863e-10	-0.186297
1.18916e-10	-0.184773
1.18969e-10	-0.183252
1.19022e-10	-0.181734
1.19076e-10	-0.180218
1.19129e-10	-0.178706
1.19182e-10	-0.177198
1.19235e-10	-0.175692
1.19288e-10	-0.17419
1.19342e-10	-0.172691
1.19395e-10	-0.171196
1.19448e-10	-0.169704
1.19501e-10	-0.168216
1.19554e-10	-0.166731
1.19608e-10	-0.16525
1.19661e-10	-0.163774
1.19714e-10	-0.162301
1.19767e-10	-0.160832
1.1982e-10	-0.159367
1.19874e-10	-0.157906
1.19927e-10	-0.156449
1.1998e-10	-0.154996
1.20033e-10	-0.153548
1.20086e-10	-0.152104
1.2014e-10	-0.150664
1.20193e-10	-0.149229
1.20246e-10	-0.147798
1.20299e-10	-0.146372
1.20353e-10	-0.144951
1.20406e-10	-0.143534
1.20459e-10	-0.142121
1.20512e-10	-0.140714
1.20565e-10	-0.139311
1.20619e-10	-0.137914
1.20672e-10	-0.136521
1.20725e-10	-0.135133
1.20778e-10	-0.13375
1.20831e-10	-0.132373
1.20885e-10	-0.131
1.20938e-10	-0.129633
1.20991e-10	-0.12827
1.21044e-10	-0.126914
1.21097e-10	-0.125562
1.21151e-10	-0.124216
1.21204e-10	-0.122875
1.21257e-10	-0.121539
1.2131e-10	-0.120209
1.21363e-10	-0.118885
1.21417e-10	-0.117566
1.2147e-10	-0.116253
1.21523e-10	-0.114945
1.21576e-10	-0.113643
1.21629e-10	-0.112347
1.21683e-10	-0.111056
1.21736e-10	-0.109771
1.21789e-10	-0.108492
1.21842e-10	-0.107219
1.21895e-10	-0.105952
1.21949e-10	-0.104691
1.22002e-10	-0.103436
1.22055e-10	-0.102186
1.22108e-10	-0.100943
1.22162e-10	-0.0997058
1.22215e-10	-0.0984747
1.22268e-10	-0.0972496
1.22321e-10	-0.0960307
1.22374e-10	-0.094818
1.22428e-10	-0.0936114
1.22481e-10	-0.092411
1.22534e-10	-0.0912169
1.22587e-10	-0.0900291
1.2264e-10	-0.0888475
1.22694e-10	-0.0876723
1.22747e-10	-0.0865034
1.228e-10	-0.0853409
1.22853e-10	-0.0841847
1.22906e-10	-0.0830349
1.2296e-10	-0.0818916
1.23013e-10	-0.0807547
1.23066e-10	-0.0796243
1.23119e-10	-0.0785003
1.23172e-10	-0.0773828
1.23226e-10	-0.0762719
1.23279e-10	-0.0751674
1.23332e-10	-0.0740695
1.23385e-10	-0.0729782
1.23438e-10	-0.0718934
1.23492e-10	-0.0708153
1.23545e-10	-0.0697437
1.23598e-10	-0.0686787
1.23651e-10	-0.0676204
1.23705e-10	-0.0665686
1.23758e-10	-0.0655236
1.23811e-10	-0.0644852
1.23864e-10	-0.0634534
1.23917e-10	-0.0624283
1.23971e-10	-0.0614099
1.24024e-10	-0.0603982
1.24077e-10	-0.0593932
1.2413e-10	-0.0583949
1.24183e-10	-0.0574033
1.24237e-10	-0.0564184
1.2429e-10	-0.0554403
1.24343e-10	-0.0544688
1.24396e-10	-0.0535041
1.24449e-10	-0.0525461
1.24503e-10	-0.0515949
1.24556e-10	-0.0506503
1.24609e-10	-0.0497126
1.24662e-10	-0.0487815
1.24715e-10	-0.0478572
1.24769e-10	-0.0469396
1.24822e-10	-0.0460288
1.24875e-10	-0.0451247
1.24928e-10	-0.0442273
1.24981e-10	-0.0433367
1.25035e-10	-0.0424528
1.25088e-10	-0.0415756
1.25141e-10	-0.0407052
1.25194e-10	-0.0398414
1.25247e-10	-0.0389844
1.25301e-10	-0.0381341
1.25354e-10	-0.0372905
1.25407e-10	-0.0364536
1.2546e-10	-0.0356234
1.25514e-10	-0.0347998
1.25567e-10	-0.033983
1.2562e-10	-0.0331728
1.25673e-10	-0.0323693
1.25726e-10	-0.0315724
1.2578e-10	-0.0307822
1.25833e-10	-0.0299986
1.25886e-10	-0.0292216
1.25939e-10	-0.0284513
1.25992e-10	-0.0276875
1.26046e-10	-0.0269304
1.26099e-10	-0.0261798
1.26152e-10	-0.0254358
1.26205e-10	-0.0246983
1.26258e-10	-0.0239674
1.26312e-10	-0.023243
1.26365e-10	-0.0225252
1.26418e-10	-0.0218138
1.26471e-10	-0.0211089
1.26524e-10	-0.0204105
1.26578e-10	-0.0197186
1.26631e-10	-0.0190331
1.26684e-10	-0.018354
1.26737e-10	-0.0176813
1.2679e-10	-0.0170151
1.26844e-10	-0.0163552
1.26897e-10	-0.0157016
1.2695e-10	-0.0150544
1.27003e-10	-0.0144136
1.27056e-10	-0.013779
1.2711e-10	-0.0131507
1.27163e-10	-0.0125287
1.27216e-10	-0.011913
1.27269e-10	-0.0113035
1.27323e-10	-0.0107001
1.27376e-10	-0.010103
1.27429e-10	-0.00951206
1.27482e-10	-0.00892725
1.27535e-10	-0.00834857
1.27589e-10	-0.007776
1.27642e-10	-0.00720951
1.27695e-10	-0.00664909
1.27748e-10	-0.00609471
1.27801e-10	-0.00554635
1.27855e-10	-0.00500398
1.27908e-10	-0.00446759
1.27961e-10	-0.00393714
1.28014e-10	-0.00341263
1.28067e-10	-0.00289402
1.28121e-10	-0.00238129
1.28174e-10	-0.00187441
1.28227e-10	-0.00137336
1.2828e-10	-0.000878125
1.28333e-10	-0.000388668
1.28387e-10	9.50316e-05
1.2844e-10	0.000573
1.28493e-10	0.00104526
1.28546e-10	0.00151184
1.28599e-10	0.00197277
1.28653e-10	0.00242807
1.28706e-10	0.00287776
1.28759e-10	0.00332188
1.28812e-10	0.00376045
1.28866e-10	0.0041935
1.28919e-10	0.00462105
1.28972e-10	0.00504313
1.29025e-10	0.00545977
1.29078e-10	0.005871
1.29132e-10	0.00627683
1.29185e-10	0.00667732
1.29238e-10	0.00707247
1.29291e-10	0.00746231
1.29344e-10	0.00784689
1.29398e-10	0.00822621
1.29451e-10	0.00860033
1.29504e-10	0.00896925
1.29557e-10	0.00933301
1.2961e-10	0.00969164
1.29664e-10	0.0100452
1.29717e-10	0.0103936
1.2977e-10	0.010737
1.29823e-10	0.0110754
1.29876e-10	0.0114088
1.2993e-10	0.0117373
1.29983e-10	0.0120608
1.30036e-10	0.0123795
1.30089e-10	0.0126932
1.30142e-10	0.0130022
1.30196e-10	0.0133063
1.30249e-10	0.0136056
1.30302e-10	0.0139002
1.30355e-10	0.0141901
1.30408e-10	0.0144753
1.30462e-10	0.0147559
1.30515e-10	0.0150318
1.30568e-10	0.0153031
1.30621e-10	0.0155699
1.30675e-10	0.0158322
1.30728e-10	0.0160899
1.30781e-10	0.0163432
1.30834e-10	0.016592
1.30887e-10	0.0168364
1.30941e-10	0.0170764
1.30994e-10	0.0173121
1.31047e-10	0.0175435
1.311e-10	0.0177706
1.31153e-10	0.0179934
1.31207e-10	0.018212
1.3126e-10	0.0184265
1.31313e-10	0.0186367
1.31366e-10	0.0188429
1.31419e-10	0.0190449
1.31473e-10	0.0192429
1.31526e-10	0.0194368
1.31579e-10	0.0196267
1.31632e-10	0.0198127
1.31685e-10	0.0199947
1.31739e-10	0.0201728
1.31792e-10	0.020347
1.31845e-10	0.0205173
1.31898e-10	0.0206839
1.31951e-10	0.0208467
1.32005e-10	0.0210057
1.32058e-10	0.0211609
1.32111e-10	0.0213125
1.32164e-10	0.0214605
1.32217e-10	0.0216047
1.32271e-10	0.0217454
1.32324e-10	0.0218826
1.32377e-10	0.0220161
1.3243e-10	0.0221462
1.32484e-10	0.0222728
1.32537e-10	0.022396
1.3259e-10	0.0225157
1.32643e-10	0.022632
1.32696e-10	0.022745
1.3275e-10	0.0228547
1.32803e-10	0.0229611
1.32856e-10	0.0230642
1.32909e-10	0.0231641
1.32962e-10	0.0232608
1.33016e-10	0.0233543
1.33069e-10	0.0234446
1.33122e-10	0.0235319
1.33175e-10	0.0236161
1.33228e-10	0.0236972
1.33282e-10	0.0237753
1.33335e-10	0.0238504
1.33388e-10	0.0239226
1.33441e-10	0.0239918
1.33494e-10	0.0240581
1.33548e-10	0.0241215
1.33601e-10	0.0241821
1.33654e-10	0.0242399
1.33707e-10	0.0242949
1.3376e-10	0.0243472
1.33814e-10	0.0243967
1.33867e-10	0.0244435
1.3392e-10	0.0244876
1.33973e-10	0.0245292
1.34027e-10	0.0245681
1.3408e-10	0.0246044
1.34133e-10	0.0246381
1.34186e-10	0.0246694
1.34239e-10	0.0246981
1.34293e-10	0.0247244
1.34346e-10	0.0247482
1.34399e-10	0.0247697
1.34452e-10	0.0247887
1.34505e-10	0.0248054
1.34559e-10	0.0248197
1.34612e-10	0.0248318
1.34665e-10	0.0248416
1.34718e-10	0.0248491
1.34771e-10	0.0248544
1.34825e-10	0.0248575
1.34878e-10	0.0248585
1.34931e-10	0.0248573
1.34984e-10	0.024854
1.35037e-10	0.0248486
1.35091e-10	0.0248411
1.35144e-10	0.0248317
1.35197e-10	0.0248202
1.3525e-10	0.0248067
1.35303e-10	0.0247913
1.35357e-10	0.024774
1.3541e-10	0.0247547
1.35463e-10	0.0247336
1.35516e-10	0.0247106
1.35569e-10	0.0246858
1.35623e-10	0.0246592
1.35676e-10	0.0246308
1.35729e-10	0.0246007
1.35782e-10	0.0245688
1.35836e-10	0.0245353
1.35889e-10	0.0245
1.35942e-10	0.0244631
1.35995e-10	0.0244246
1.36048e-10	0.0243845
1.36102e-10	0.0243428
1.36155e-10	0.0242995
1.36208e-10	0.0242547
1.36261e-10	0.0242084
1.36314e-10	0.0241606
1.36368e-10	0.0241113
1.36421e-10	0.0240606
1.36474e-10	0.0240085
1.36527e-10	0.023955
1.3658e-10	0.0239001
1.36634e-10	0.0238439
1.36687e-10	0.0237863
1.3674e-10	0.0237275
1.36793e-10	0.0236673
1.36846e-10	0.0236059
1.369e-10	0.0235432
1.36953e-10	0.0234794
1.37006e-10	0.0234143
1.37059e-10	0.0233481
1.37112e-10	0.0232807
1.37166e-10	0.0232121
1.37219e-10	0.0231425
1.37272e-10	0.0230718
1.37325e-10	0.023
1.37379e-10	0.0229271
1.37432e-10	0.0228532
1.37485e-10	0.0227783
1.37538e-10	0.0227024
1.37591e-10	0.0226256
1.37645e-10	0.0225478
1.37698e-10	0.022469
1.37751e-10	0.0223894
1.37804e-10	0.0223088
1.37857e-10	0.0222274
1.37911e-10	0.0221451
1.37964e-10	0.022062
1.38017e-10	0.0219781
1.3807e-10	0.0218933
1.38123e-10	0.0218078
1.38177e-10	0.0217215
1.3823e-10	0.0216345
1.38283e-10	0.0215467
1.38336e-10	0.0214583
1.38389e-10	0.0213691
1.38443e-10	0.0212793
1.38496e-10	0.0211888
1.38549e-10	0.0210977
1.38602e-10	0.0210059
1.38655e-10	0.0209135
1.38709e-10	0.0208206
1.38762e-10	0.020727
1.38815e-10	0.0206329
1.38868e-10	0.0205383
1.38921e-10	0.0204431
1.38975e-10	0.0203474
1.39028e-10	0.0202513
1.39081e-10	0.0201546
1.39134e-10	0.0200575
1.39188e-10	0.0199599
1.39241e-10	0.0198619
1.39294e-10	0.0197635
1.39347e-10	0.0196647
1.394e-10	0.0195655
1.39454e-10	0.0194659
1.39507e-10	0.0193659
1.3956e-10	0.0192656
1.39613e-10	0.019165
1.39666e-10	0.019064
1.3972e-10	0.0189628
1.39773e-10	0.0188612
1.39826e-10	0.0187594
1.39879e-10	0.0186573
1.39932e-10	0.0185549
1.39986e-10	0.0184523
1.40039e-10	0.0183495
1.40092e-10	0.0182465
1.40145e-10	0.0181432
1.40198e-10	0.0180398
1.40252e-10	0.0179362
1.40305e-10	0.0178324
1.40358e-10	0.0177285
1.40411e-10	0.0176244
1.40464e-10	0.0175203
1.40518e-10	0.0174159
1.40571e-10	0.0173115
1.40624e-10	0.017207
1.40677e-10	0.0171024
1.4073e-10	0.0169978
1.40784e-10	0.016893
1.40837e-10	0.0167882
1.4089e-10	0.0166834
1.40943e-10	0.0165786
1.40997e-10	0.0164737
1.4105e-10	0.0163688
1.41103e-10	0.0162639
1.41156e-10	0.0161591
1.41209e-10	0.0160542
1.41263e-10	0.0159494
1.41316e-10	0.0158446
1.41369e-10	0.0157399
1.41422e-10	0.0156352
1.41475e-10	0.0155306
1.41529e-10	0.015426
1.41582e-10	0.0153216
1.41635e-10	0.0152172
1.41688e-10	0.015113
1.41741e-10	0.0150088
1.41795e-10	0.0149048
1.41848e-10	0.0148009
1.41901e-10	0.0146971
1.41954e-10	0.0145935
1.42007e-10	0.0144901
1.42061e-10	0.0143868
1.42114e-10	0.0142836
1.42167e-10	0.0141806
1.4222e-10	0.0140779
1.42273e-10	0.0139753
1.42327e-10	0.0138729
1.4238e-10	0.0137707
1.42433e-10	0.0136687
1.42486e-10	0.0135669
1.4254e-10	0.0134654
1.42593e-10	0.0133641
1.42646e-10	0.013263
1.42699e-10	0.0131622
1.42752e-10	0.0130616
1.42806e-10	0.0129613
1.42859e-10	0.0128612
1.42912e-10	0.0127614
1.42965e-10	0.0126619
1.43018e-10	0.0125627
1.43072e-10	0.0124637
1.43125e-10	0.0123651
1.43178e-10	0.0122667
1.43231e-10	0.0121687
1.43284e-10	0.0120709
1.43338e-10	0.0119735
1.43391e-10	0.0118763
1.43444e-10	0.0117795
1.43497e-10	0.0116831
1.4355e-10	0.0115869
1.43604e-10	0.0114911
1.43657e-10	0.0113957
1.4371e-10	0.0113005
1.43763e-10	0.0112058
1.43816e-10	0.0111114
1.4387e-10	0.0110173
1.43923e-10	0.0109236
1.43976e-10	0.0108303
1.44029e-10	0.0107373
1.44082e-10	0.0106447
1.44136e-10	0.0105525
1.44189e-10	0.0104607
1.44242e-10	0.0103693
1.44295e-10	0.0102782
1.44349e-10	0.0101876
1.44402e-10	0.0100973
1.44455e-10	0.0100074
1.44508e-10	0.00991797
1.44561e-10	0.00982891
1.44615e-10	0.00974025
1.44668e-10	0.00965201
1.44721e-10	0.00956418
1.44774e-10	0.00947677
1.44827e-10	0.00938977
1.44881e-10	0.0093032
1.44934e-10	0.00921704
1.44987e-10	0.00913132
1.4504e-10	0.00904602
1.45093e-10	0.00896115
1.45147e-10	0.00887671
1.452e-10	0.00879271
1.45253e-10	0.00870914
1.45306e-10	0.00862602
1.45359e-10	0.00854333
1.45413e-10	0.00846108
1.45466e-10	0.00837928
1.45519e-10	0.00829792
1.45572e-10	0.00821701
1.45625e-10	0.00813655
1.45679e-10	0.00805654
1.45732e-10	0.00797697
1.45785e-10	0.00789786
1.45838e-10	0.00781921
1.45892e-10	0.00774101
1.45945e-10	0.00766326
1.45998e-10	0.00758597
1.46051e-10	0.00750914
1.46104e-10	0.00743277
1.46158e-10	0.00735686
1.46211e-10	0.00728141
1.46264e-10	0.00720642
1.46317e-10	0.00713189
1.4637e-10	0.00705782
1.46424e-10	0.00698422
1.46477e-10	0.00691108
1.4653e-10	0.00683841
1.46583e-10	0.0067662
1.46636e-10	0.00669445
1.4669e-10	0.00662317
1.46743e-10	0.00655236
1.46796e-10	0.00648201
1.46849e-10	0.00641213
1.46902e-10	0.00634271
1.46956e-10	0.00627376
1.47009e-10	0.00620527
1.47062e-10	0.00613725
1.47115e-10	0.0060697
1.47168e-10	0.00600261
1.47222e-10	0.00593599
1.47275e-10	0.00586983
1.47328e-10	0.00580414
1.47381e-10	0.00573891
1.47434e-10	0.00567415
1.47488e-10	0.00560985
1.47541e-10	0.00554601
1.47594e-10	0.00548264
1.47647e-10	0.00541973
1.47701e-10	0.00535728
1.47754e-10	0.00529529
1.47807e-10	0.00523376
1.4786e-10	0.0051727
1.47913e-10	0.00511209
1.47967e-10	0.00505194
1.4802e-10	0.00499224
1.48073e-10	0.00493301
1.48126e-10	0.00487422
1.48179e-10	0.0048159
1.48233e-10	0.00475802
1.48286e-10	0.0047006
1.48339e-10	0.00464364
1.48392e-10	0.00458712
1.48445e-10	0.00453105
1.48499e-10	0.00447543
1.48552e-10	0.00442026
1.48605e-10	0.00436553
1.48658e-10	0.00431125
1.48711e-10	0.00425741
1.48765e-10	0.00420402
1.48818e-10	0.00415107
1.48871e-10	0.00409855
1.48924e-10	0.00404648
1.48977e-10	0.00399484
1.49031e-10	0.00394363
1.49084e-10	0.00389287
1.49137e-10	0.00384253
1.4919e-10	0.00379263
1.49243e-10	0.00374315
1.49297e-10	0.0036941
1.4935e-10	0.00364548
1.49403e-10	0.00359729
1.49456e-10	0.00354952
1.4951e-10	0.00350217
1.49563e-10	0.00345524
1.49616e-10	0.00340873
1.49669e-10	0.00336264
1.49722e-10	0.00331696
1.49776e-10	0.00327169
1.49829e-10	0.00322684
1.49882e-10	0.0031824
1.49935e-10	0.00313836
1.49988e-10	0.00309473
1.50042e-10	0.00305151
1.50095e-10	0.00300869
1.50148e-10	0.00296627
1.50201e-10	0.00292425
1.50254e-10	0.00288262
1.50308e-10	0.0028414
1.50361e-10	0.00280056
1.50414e-10	0.00276012
1.50467e-10	0.00272006
1.5052e-10	0.0026804
1.50574e-10	0.00264112
1.50627e-10	0.00260222
1.5068e-10	0.0025637
1.50733e-10	0.00252557
1.50786e-10	0.00248781
1.5084e-10	0.00245043
1.50893e-10	0.00241342
1.50946e-10	0.00237679
1.50999e-10	0.00234052
1.51053e-10	0.00230462
1.51106e-10	0.00226909
1.51159e-10	0.00223392
1.51212e-10	0.00219911
1.51265e-10	0.00216466
1.51319e-10	0.00213057
1.51372e-10	0.00209683
1.51425e-10	0.00206345
1.51478e-10	0.00203041
1.51531e-10	0.00199773
1.51585e-10	0.00196539
1.51638e-10	0.0019334
1.51691e-10	0.00190175
1.51744e-10	0.00187044
1.51797e-10	0.00183947
1.51851e-10	0.00180883
1.51904e-10	0.00177853
1.51957e-10	0.00174856
1.5201e-10	0.00171892
1.52063e-10	0.0016896
1.52117e-10	0.00166061
1.5217e-10	0.00163195
1.52223e-10	0.0016036
1.52276e-10	0.00157558
1.52329e-10	0.00154787
1.52383e-10	0.00152047
1.52436e-10	0.00149339
1.52489e-10	0.00146662
1.52542e-10	0.00144015
1.52595e-10	0.00141399
1.52649e-10	0.00138814
1.52702e-10	0.00136258
1.52755e-10	0.00133733
1.52808e-10	0.00131237
1.52862e-10	0.00128771
1.52915e-10	0.00126334
1.52968e-10	0.00123926
1.53021e-10	0.00121546
1.53074e-10	0.00119196
1.53128e-10	0.00116874
1.53181e-10	0.0011458
1.53234e-10	0.00112314
1.53287e-10	0.00110075
1.5334e-10	0.00107865
1.53394e-10	0.00105681
1.53447e-10	0.00103525
1.535e-10	0.00101396
1.53553e-10	0.00099293
1.53606e-10	0.000972167
1.5366e-10	0.000951667
1.53713e-10	0.000931428
1.53766e-10	0.000911446
1.53819e-10	0.000891721
1.53872e-10	0.00087225
1.53926e-10	0.000853031
1.53979e-10	0.000834062
1.54032e-10	0.000815341
1.54085e-10	0.000796865
1.54138e-10	0.000778633
1.54192e-10	0.000760643
1.54245e-10	0.000742891
1.54298e-10	0.000725378
1.54351e-10	0.000708099
1.54404e-10	0.000691054
1.54458e-10	0.00067424
1.54511e-10	0.000657656
1.54564e-10	0.000641298
1.54617e-10	0.000625166
1.54671e-10	0.000609257
1.54724e-10	0.000593568
1.54777e-10	0.000578099
1.5483e-10	0.000562847
1.54883e-10	0.000547811
1.54937e-10	0.000532987
1.5499e-10	0.000518374
1.55043e-10	0.000503971
1.55096e-10	0.000489775
1.55149e-10	0.000475784
1.55203e-10	0.000461996
1.55256e-10	0.00044841
1.55309e-10	0.000435024
1.55362e-10	0.000421835
1.55415e-10	0.000408841
1.55469e-10	0.000396042
1.55522e-10	0.000383434
1.55575e-10	0.000371016
1.55628e-10	0.000358787
1.55681e-10	0.000346744
1.55735e-10	0.000334885
1.55788e-10	0.000323208
1.55841e-10	0.000311713
1.55894e-10	0.000300396
1.55947e-10	0.000289257
1.56001e-10	0.000278292
1.56054e-10	0.000267501
1.56107e-10	0.000256882
1.5616e-10	0.000246433
1.56214e-10	0.000236152
1.56267e-10	0.000226038
1.5632e-10	0.000216088
1.56373e-10	0.0002063
1.56426e-10	0.000196675
1.5648e-10	0.000187208
1.56533e-10	0.000177899
1.56586e-10	0.000168747
1.56639e-10	0.000159749
1.56692e-10	0.000150903
1.56746e-10	0.000142208
1.56799e-10	0.000133663
1.56852e-10	0.000125266
1.56905e-10	0.000117014
1.56958e-10	0.000108907
1.57012e-10	0.000100943
1.57065e-10	9.31203e-05
1.57118e-10	8.54371e-05
1.57171e-10	7.78919e-05
1.57224e-10	7.04831e-05
1.57278e-10	6.32093e-05
1.57331e-10	5.60688e-05
1.57384e-10	4.90601e-05
1.57437e-10	4.21817e-05
1.5749e-10	3.5432e-05
1.57544e-10	2.88096e-05
1.57597e-10	2.23129e-05
1.5765e-10	1.59405e-05
1.57703e-10	9.69082e-06
1.57756e-10	3.56246e-06
1.5781e-10	-2.44606e-06
1.57863e-10	-8.33619e-06
1.57916e-10	-1.41094e-05
1.57969e-10	-1.9767e-05
1.58023e-10	-2.53106e-05
1.58076e-10	-3.07414e-05
1.58129e-10	-3.60609e-05
1.58182e-10	-4.12705e-05
1.58235e-10	-4.63716e-05
1.58289e-10	-5.13655e-05
1.58342e-10	-5.62535e-05
1.58395e-10	-6.1037e-05
1.58448e-10	-6.57174e-05
1.58501e-10	-7.0296e-05
1.58555e-10	-7.4774e-05
1.58608e-10	-7.91528e-05
1.58661e-10	-8.34337e-05
1.58714e-10	-8.76179e-05
1.58767e-10	-9.17067e-05
1.58821e-10	-9.57014e-05
1.58874e-10	-9.96032e-05
1.58927e-10	-0.000103413
1.5898e-10	-0.000107133
1.59033e-10	-0.000110764
1.59087e-10	-0.000114306
1.5914e-10	-0.000117762
1.59193e-10	-0.000121132
1.59246e-10	-0.000124418
1.59299e-10	-0.00012762
1.59353e-10	-0.00013074
1.59406e-10	-0.00013378
1.59459e-10	-0.000136739
1.59512e-10	-0.00013962
1.59566e-10	-0.000142423
1.59619e-10	-0.00014515
1.59672e-10	-0.000147801
1.59725e-10	-0.000150378
1.59778e-10	-0.000152882
1.59832e-10	-0.000155313
1.59885e-10	-0.000157674
1.59938e-10	-0.000159964
1.59991e-10	-0.000162186
1.60044e-10	-0.000164339
1.60098e-10	-0.000166425
1.60151e-10	-0.000168445
1.60204e-10	-0.000170401
1.60257e-10	-0.000172292
1.6031e-10	-0.00017412
1.60364e-10	-0.000175886
1.60417e-10	-0.000177591
1.6047e-10	-0.000179236
1.60523e-10	-0.000180822
1.60576e-10	-0.000182349
1.6063e-10	-0.000183819
1.60683e-10	-0.000185233
1.60736e-10	-0.000186591
1.60789e-10	-0.000187894
1.60842e-10	-0.000189143
1.60896e-10	-0.00019034
1.60949e-10	-0.000191484
1.61002e-10	-0.000192578
1.61055e-10	-0.00019362
1.61108e-10	-0.000194614
1.61162e-10	-0.000195559
1.61215e-10	-0.000196455
1.61268e-10	-0.000197305
1.61321e-10	-0.000198109
1.61375e-10	-0.000198867
1.61428e-10	-0.00019958
1.61481e-10	-0.00020025
1.61534e-10	-0.000200876
1.61587e-10	-0.00020146
1.61641e-10	-0.000202002
1.61694e-10	-0.000202504
1.61747e-10	-0.000202965
1.618e-10	-0.000203387
1.61853e-10	-0.00020377
1.61907e-10	-0.000204115
1.6196e-10	-0.000204423
1.62013e-10	-0.000204695
1.62066e-10	-0.00020493
1.62119e-10	-0.00020513
1.62173e-10	-0.000205296
1.62226e-10	-0.000205427
1.62279e-10	-0.000205526
1.62332e-10	-0.000205592
1.62385e-10	-0.000205626
1.62439e-10	-0.000205628
1.62492e-10	-0.0002056
1.62545e-10	-0.000205542
1.62598e-10	-0.000205454
1.62651e-10	-0.000205337
1.62705e-10	-0.000205192
1.62758e-10	-0.00020502
1.62811e-10	-0.00020482
1.62864e-10	-0.000204593
1.62917e-10	-0.000204341
1.62971e-10	-0.000204063
1.63024e-10	-0.00020376
1.63077e-10	-0.000203433
1.6313e-10	-0.000203082
1.63184e-10	-0.000202708
1.63237e-10	-0.000202311
1.6329e-10	-0.000201892
1.63343e-10	-0.000201451
1.63396e-10	-0.000200989
1.6345e-10	-0.000200506
1.63503e-10	-0.000200002
1.63556e-10	-0.000199479
1.63609e-10	-0.000198937
1.63662e-10	-0.000198376
1.63716e-10	-0.000197797
1.63769e-10	-0.000197199
1.63822e-10	-0.000196584
1.63875e-10	-0.000195952
1.63928e-10	-0.000195304
1.63982e-10	-0.000194639
1.64035e-10	-0.000193959
1.64088e-10	-0.000193263
1.64141e-10	-0.000192552
1.64194e-10	-0.000191827
1.64248e-10	-0.000191088
1.64301e-10	-0.000190335
1.64354e-10	-0.000189569
1.64407e-10	-0.00018879
1.6446e-10	-0.000187998
1.64514e-10	-0.000187195
1.64567e-10	-0.000186379
1.6462e-10	-0.000185552
1.64673e-10	-0.000184714
1.64727e-10	-0.000183865
1.6478e-10	-0.000183006
1.64833e-10	-0.000182137
1.64886e-10	-0.000181258
1.64939e-10	-0.000180369
1.64993e-10	-0.000179472
1.65046e-10	-0.000178566
1.65099e-10	-0.000177651
1.65152e-10	-0.000176729
1.65205e-10	-0.000175798
1.65259e-10	-0.00017486
1.65312e-10	-0.000173915
1.65365e-10	-0.000172963
1.65418e-10	-0.000172004
1.65471e-10	-0.000171039
1.65525e-10	-0.000170068
1.65578e-10	-0.000169091
1.65631e-10	-0.000168109
1.65684e-10	-0.000167121
1.65737e-10	-0.000166129
1.65791e-10	-0.000165131
1.65844e-10	-0.000164129
1.65897e-10	-0.000163123
1.6595e-10	-0.000162113
1.66003e-10	-0.000161099
1.66057e-10	-0.000160081
1.6611e-10	-0.00015906
1.66163e-10	-0.000158036
1.66216e-10	-0.00015701
1.66269e-10	-0.00015598
1.66323e-10	-0.000154948
1.66376e-10	-0.000153914
1.66429e-10	-0.000152878
1.66482e-10	-0.00015184
1.66536e-10	-0.0001508
1.66589e-10	-0.000149759
1.66642e-10	-0.000148717
1.66695e-10	-0.000147673
1.66748e-10	-0.000146629
1.66802e-10	-0.000145584
1.66855e-10	-0.000144539
1.66908e-10	-0.000143493
1.66961e-10	-0.000142447
1.67014e-10	-0.000141401
1.67068e-10	-0.000140355
1.67121e-10	-0.000139309
1.67174e-10	-0.000138264
1.67227e-10	-0.00013722
1.6728e-10	-0.000136176
1.67334e-10	-0.000135133
1.67387e-10	-0.000134092
1.6744e-10	-0.000133051
1.67493e-10	-0.000132012
1.67546e-10	-0.000130974
1.676e-10	-0.000129938
1.67653e-10	-0.000128903
1.67706e-10	-0.000127871
1.67759e-10	-0.00012684
1.67812e-10	-0.000125812
1.67866e-10	-0.000124785
1.67919e-10	-0.000123761
1.67972e-10	-0.00012274
1.68025e-10	-0.000121721
1.68079e-10	-0.000120705
1.68132e-10	-0.000119691
1.68185e-10	-0.00011868
1.68238e-10	-0.000117673
1.68291e-10	-0.000116668
1.68345e-10	-0.000115666
1.68398e-10	-0.000114668
1.68451e-10	-0.000113673
1.68504e-10	-0.000112681
