% time-domain voltage integration by openEMS v0.0.36-93-g7b9cd51 @Thu Sep 24 15:59:58 2026
% start-coordinates: (0.0583,0,0.000138439) m -> [75,3,5]
% stop-coordinates: (0.0583,0,0.0021) m -> [75,3,7]
% t/s	voltage
0	-0
3.67123034792e-12	-0
7.34246069585e-12	-0
1.10136910438e-11	-0
1.46849213917e-11	-0
1.83561517396e-11	-0
2.20273820875e-11	-3.05534161632e-34
2.56986124355e-11	-1.42669973879e-30
2.93698427834e-11	-1.09005577718e-27
3.30410731313e-11	-2.37656781502e-25
3.67123034792e-11	-2.06070978827e-23
4.03835338272e-11	-8.74668410838e-22
4.40547641751e-11	-2.11229972133e-20
4.7725994523e-11	-3.24109371429e-19
5.13972248709e-11	-3.43496892665e-18
5.50684552188e-11	-2.681454145e-17
5.87396855668e-11	-1.62078642726e-16
6.24109159147e-11	-7.88689714894e-16
6.60821462626e-11	-3.18475859605e-15
6.97533766105e-11	-1.09203246269e-14
7.34246069585e-11	-3.23031900538e-14
7.70958373064e-11	-8.30031183352e-14
8.07670676543e-11	-1.83975007266e-13
8.44382980022e-11	-3.39403811588e-13
8.81095283501e-11	-4.57359614048e-13
9.17807586981e-11	-1.36429639321e-13
9.5451989046e-11	1.81879031692e-12
9.91232193939e-11	8.36824142966e-12
1.02794449742e-10	2.59837741601e-11
1.0646568009e-10	6.74931612335e-11
1.10136910438e-10	1.56244496508e-10
1.13808140786e-10	3.31486976757e-10
1.17479371134e-10	6.54183984761e-10
1.21150601481e-10	1.21134725861e-09
1.24821831829e-10	2.11538656036e-09
1.28493062177e-10	3.49298373559e-09
1.32164292525e-10	5.45590128631e-09
1.35835522873e-10	8.04422639611e-09
1.39506753221e-10	1.11314069073e-08
1.43177983569e-10	1.42805203218e-08
1.46849213917e-10	1.65431268684e-08
1.50520444265e-10	1.61965136858e-08
1.54191674613e-10	1.04227390052e-08
1.57862904961e-10	-5.05586228439e-09
1.61534135309e-10	-3.6354445232e-08
1.65205365657e-10	-9.17677951406e-08
1.68876596004e-10	-1.82007759975e-07
1.72547826352e-10	-3.20249242236e-07
1.762190567e-10	-5.21887507432e-07
1.79890287048e-10	-8.03912641345e-07
1.83561517396e-10	-1.18382263281e-06
1.87232747744e-10	-1.67803170825e-06
1.90903978092e-10	-2.29977132449e-06
1.9457520844e-10	-3.05652594079e-06
1.98246438788e-10	-3.94711150875e-06
2.01917669136e-10	-4.95850554216e-06
2.05588899484e-10	-6.06264893577e-06
2.09260129832e-10	-7.21340325072e-06
2.1293136018e-10	-8.34403510908e-06
2.16602590527e-10	-9.36553260544e-06
2.20273820875e-10	-1.01662187717e-05
2.23945051223e-10	-1.06131170696e-05
2.27616281571e-10	-1.05553867797e-05
2.31287511919e-10	-9.83009056199e-06
2.34958742267e-10	-8.27019027838e-06
2.38629972615e-10	-5.71448663322e-06
2.42301202963e-10	-2.0189349641e-06
2.45972433311e-10	2.93139549967e-06
2.49643663659e-10	9.21041032598e-06
2.53314894007e-10	1.68397994003e-05
2.56986124355e-10	2.57789947682e-05
2.60657354703e-10	3.59169730473e-05
2.6432858505e-10	4.70663235319e-05
2.67999815398e-10	5.89605178902e-05
2.71671045746e-10	7.12555738573e-05
2.75342276094e-10	8.35368491607e-05
2.79013506442e-10	9.5332168712e-05
2.8268473679e-10	0.000106130786662
2.86355967138e-10	0.000115408141937
2.90027197486e-10	0.000122653558719
2.93698427834e-10	0.000127398918266
2.97369658182e-10	0.000129245952849
3.0104088853e-10	0.000127890398289
3.04712118878e-10	0.000123140816868
3.08383349226e-10	0.000114934640806
3.12054579573e-10	0.0001033491626
3.15725809921e-10	8.86089974301e-05
3.19397040269e-10	7.10897484169e-05
3.23068270617e-10	5.1314209486e-05
3.26739500965e-10	2.99398839161e-05
3.30410731313e-10	7.73463216319e-06
3.34081961661e-10	-1.44588370858e-05
3.37753192009e-10	-3.57689136763e-05
3.41424422357e-10	-5.53451045562e-05
3.45095652705e-10	-7.24064584574e-05
3.48766883053e-10	-8.62827100718e-05
3.52438113401e-10	-9.64435548667e-05
3.56109343749e-10	-0.000102516838524
3.59780574096e-10	-0.000104298207589
3.63451804444e-10	-0.000101756160802
3.67123034792e-10	-9.50373778323e-05
3.7079426514e-10	-8.44712612889e-05
3.74465495488e-10	-7.05718921381e-05
3.78136725836e-10	-5.40285172974e-05
3.81807956184e-10	-3.56800692316e-05
3.85479186532e-10	-1.64682519426e-05
3.8915041688e-10	2.62633869852e-06
3.92821647228e-10	2.06574638923e-05
3.96492877576e-10	3.67812258446e-05
4.00164107924e-10	5.03065521116e-05
4.03835338272e-10	6.07204747212e-05
4.07506568619e-10	6.76880326864e-05
4.11177798967e-10	7.10370986781e-05
4.14849029315e-10	7.0740659794e-05
4.18520259663e-10	6.69091359669e-05
4.22191490011e-10	5.97977814323e-05
4.25862720359e-10	4.98233594044e-05
4.29533950707e-10	3.75770882783e-05
4.33205181055e-10	2.38152031216e-05
4.36876411403e-10	9.41643997976e-06
4.40547641751e-10	-4.69516646717e-06
4.44218872099e-10	-1.76489152182e-05
4.47890102447e-10	-2.87218549602e-05
4.51561332795e-10	-3.74046294382e-05
4.55232563142e-10	-4.34189796579e-05
4.5890379349e-10	-4.66877904728e-05
4.62575023838e-10	-4.72727506349e-05
4.66246254186e-10	-4.5310274345e-05
4.69917484534e-10	-4.09727153965e-05
4.73588714882e-10	-3.4472669995e-05
4.7725994523e-10	-2.61053169197e-05
4.80931175578e-10	-1.63045856425e-05
4.84602405926e-10	-5.67836030996e-06
4.88273636274e-10	5.00772307532e-06
4.91944866622e-10	1.49100483213e-05
4.9561609697e-10	2.32351501381e-05
4.99287327317e-10	2.93788466479e-05
5.02958557665e-10	3.30275502165e-05
5.06629788013e-10	3.41850764016e-05
5.10301018361e-10	3.31123978867e-05
5.13972248709e-10	3.02038602058e-05
5.17643479057e-10	2.58488439613e-05
5.21314709405e-10	2.03342865461e-05
5.24985939753e-10	1.38286395668e-05
5.28657170101e-10	6.45091722618e-06
5.32328400449e-10	-1.6074274356e-06
5.35999630797e-10	-9.96966900857e-06
5.39670861145e-10	-1.8028844579e-05
5.43342091493e-10	-2.50081056947e-05
5.4701332184e-10	-3.0117991173e-05
5.50684552188e-10	-3.27598881995e-05
5.54355782536e-10	-3.26988447341e-05
5.58027012884e-10	-3.01345403386e-05
5.61698243232e-10	-2.56339963016e-05
5.6536947358e-10	-1.99459002488e-05
5.69040703928e-10	-1.37642077789e-05
5.72711934276e-10	-7.53536096454e-06
5.76383164624e-10	-1.38657948412e-06
5.80054394972e-10	4.79386568486e-06
5.8372562532e-10	1.11602768129e-05
5.87396855668e-10	1.76836651917e-05
5.91068086016e-10	2.4001138172e-05
5.94739316363e-10	2.94176152238e-05
5.98410546711e-10	3.30748566739e-05
6.02081777059e-10	3.4232213693e-05
6.05753007407e-10	3.25482524204e-05
6.09424237755e-10	2.82474402411e-05
6.13095468103e-10	2.20911103952e-05
6.16766698451e-10	1.51523993281e-05
6.20437928799e-10	8.47313617669e-06
6.24109159147e-10	2.7371058593e-06
6.27780389495e-10	-1.90778439446e-06
6.31451619843e-10	-5.80139544581e-06
6.35122850191e-10	-9.51465324306e-06
6.38794080539e-10	-1.34904823881e-05
6.42465310886e-10	-1.77391436864e-05
6.46136541234e-10	-2.17243448333e-05
6.49807771582e-10	-2.45033888859e-05
6.5347900193e-10	-2.50746006714e-05
6.57150232278e-10	-2.27968057516e-05
6.60821462626e-10	-1.77056024313e-05
6.64492692974e-10	-1.0586847452e-05
6.68163923322e-10	-2.76090040074e-06
6.7183515367e-10	4.35124820797e-06
6.75506384018e-10	9.71240217496e-06
6.79177614366e-10	1.30095590976e-05
6.82848844714e-10	1.47039436342e-05
6.86520075062e-10	1.57631172897e-05
6.90191305409e-10	1.71791598405e-05
6.93862535757e-10	1.94746694433e-05
6.97533766105e-10	2.24091045311e-05
7.01204996453e-10	2.50211182902e-05
7.04876226801e-10	2.60013061961e-05
7.08547457149e-10	2.42496917053e-05
7.12218687497e-10	1.93869911982e-05
7.15889917845e-10	1.20016163692e-05
7.19561148193e-10	3.51512341012e-06
7.23232378541e-10	-4.29457406881e-06
7.26903608889e-10	-9.93230253243e-06
7.30574839237e-10	-1.27295697894e-05
7.34246069585e-10	-1.30681723931e-05
7.37917299932e-10	-1.21795558243e-05
7.4158853028e-10	-1.15918170422e-05
7.45259760628e-10	-1.24472956031e-05
7.48930990976e-10	-1.49765128299e-05
7.52602221324e-10	-1.83589634162e-05
7.56273451672e-10	-2.10418772895e-05
7.5994468202e-10	-2.13949824683e-05
7.63615912368e-10	-1.84316279501e-05
7.67287142716e-10	-1.22923606796e-05
7.70958373064e-10	-4.27925385793e-06
7.74629603412e-10	3.58739265494e-06
7.7830083376e-10	9.32119337449e-06
7.81972064108e-10	1.17300819511e-05
7.85643294455e-10	1.0873597148e-05
7.89314524803e-10	8.0208089912e-06
7.92985755151e-10	5.11368097023e-06
7.96656985499e-10	3.94436381157e-06
8.00328215847e-10	5.38418095175e-06
8.03999446195e-10	8.98962446172e-06
8.07670676543e-10	1.31638730636e-05
8.11341906891e-10	1.58196769462e-05
8.15013137239e-10	1.52746315507e-05
8.18684367587e-10	1.10033719238e-05
8.22355597935e-10	3.92524833615e-06
8.26026828283e-10	-3.90335901557e-06
8.29698058631e-10	-1.00753611605e-05
8.33369288978e-10	-1.27801865801e-05
8.37040519326e-10	-1.15256169693e-05
8.40711749674e-10	-7.33486740501e-06
8.44382980022e-10	-2.32920962162e-06
8.4805421037e-10	1.14329250778e-06
8.51725440718e-10	1.48405973732e-06
8.55396671066e-10	-1.47757523905e-06
8.59067901414e-10	-6.39394897917e-06
8.62739131762e-10	-1.09489697024e-05
8.6641036211e-10	-1.28321066768e-05
8.70081592458e-10	-1.07325965928e-05
8.73752822806e-10	-4.93379644695e-06
8.77424053154e-10	2.75143099771e-06
8.81095283501e-10	9.68531594481e-06
8.84766513849e-10	1.34624733619e-05
8.88437744197e-10	1.2883047475e-05
8.92108974545e-10	8.44104181397e-06
8.95780204893e-10	2.12567820768e-06
8.99451435241e-10	-3.38689721957e-06
9.03122665589e-10	-5.8266753058e-06
9.06793895937e-10	-4.2646553311e-06
9.10465126285e-10	4.95524830058e-07
9.14136356633e-10	6.24058282028e-06
9.17807586981e-10	1.02642694628e-05
9.21478817329e-10	1.05073960412e-05
9.25150047677e-10	6.44518536319e-06
9.28821278024e-10	-6.56140976218e-07
9.32492508372e-10	-8.23137725092e-06
9.3616373872e-10	-1.34562392304e-05
9.39834969068e-10	-1.44016751165e-05
9.43506199416e-10	-1.08214577494e-05
9.47177429764e-10	-4.24846746228e-06
9.50848660112e-10	2.6346961306e-06
9.5451989046e-10	7.09026380719e-06
9.58191120808e-10	7.43780003631e-06
9.61862351156e-10	3.7352574509e-06
9.65533581504e-10	-2.24829969397e-06
9.69204811852e-10	-7.76221179422e-06
9.728760422e-10	-1.02151633428e-05
9.76547272547e-10	-8.26300527024e-06
9.80218502895e-10	-2.39034258698e-06
9.83889733243e-10	5.26580953419e-06
9.87560963591e-10	1.17848989021e-05
9.91232193939e-10	1.46639388277e-05
9.94903424287e-10	1.28452052195e-05
9.98574654635e-10	7.14128941581e-06
1.00224588498e-09	-1.1399109745e-07
1.00591711533e-09	-6.03192768267e-06
1.00958834568e-09	-8.34660841065e-06
1.01325957603e-09	-6.32223884622e-06
1.01693080637e-09	-1.02973500304e-06
1.02060203672e-09	5.10926486186e-06
1.02427326707e-09	9.32326179282e-06
1.02794449742e-09	9.63298487022e-06
1.03161572777e-09	5.67333029267e-06
1.03528695811e-09	-1.14403587759e-06
1.03895818846e-09	-8.20221748654e-06
1.04262941881e-09	-1.27542157315e-05
1.04630064916e-09	-1.30540620376e-05
1.04997187951e-09	-9.06736613615e-06
1.05364310985e-09	-2.46449243946e-06
1.0573143402e-09	4.09083469322e-06
1.06098557055e-09	8.04556077583e-06
1.0646568009e-09	7.98739802121e-06
1.06832803125e-09	4.18406557401e-06
1.07199926159e-09	-1.5694240858e-06
1.07567049194e-09	-6.71104714911e-06
1.07934172229e-09	-8.96279595963e-06
1.08301295264e-09	-7.25237202914e-06
1.08668418299e-09	-2.14213451954e-06
1.09035541333e-09	4.40355518094e-06
1.09402664368e-09	9.82172969088e-06
1.09769787403e-09	1.19996689136e-05
1.10136910438e-09	1.01359956943e-05
1.10504033472e-09	5.05234254433e-06
1.10871156507e-09	-1.17322889537e-06
1.11238279542e-09	-6.08646837463e-06
1.11605402577e-09	-7.86699160926e-06
1.11972525612e-09	-6.04116496561e-06
1.12339648646e-09	-1.61761437312e-06
1.12706771681e-09	3.3805351336e-06
1.13073894716e-09	6.76601473515e-06
1.13441017751e-09	7.06669891315e-06
1.13808140786e-09	4.09217653896e-06
1.1417526382e-09	-1.01803416896e-06
1.14542386855e-09	-6.26975281648e-06
1.1490950989e-09	-9.62152068951e-06
1.15276632925e-09	-9.8042493164e-06
1.1564375596e-09	-6.8217224225e-06
1.16010878994e-09	-1.92495437545e-06
1.16378002029e-09	2.92866394602e-06
1.16745125064e-09	5.89581014765e-06
1.17112248099e-09	5.9912879351e-06
1.17479371134e-09	3.44200816471e-06
1.17846494168e-09	-4.75761311236e-07
1.18213617203e-09	-4.01301861075e-06
1.18580740238e-09	-5.67152062558e-06
1.18947863273e-09	-4.77622091921e-06
1.19314986307e-09	-1.69245913639e-06
1.19682109342e-09	2.36429465872e-06
1.20049232377e-09	5.8280184021e-06
1.20416355412e-09	7.39500592317e-06
1.20783478447e-09	6.52075038943e-06
1.21150601481e-09	3.61316921271e-06
1.21517724516e-09	-1.55325990292e-07
1.21884847551e-09	-3.3414970062e-06
1.22251970586e-09	-4.82264999846e-06
1.22619093621e-09	-4.22963233859e-06
1.22986216655e-09	-2.04097653977e-06
1.2335333969e-09	6.80685282362e-07
1.23720462725e-09	2.76462034776e-06
1.2408758576e-09	3.39797202287e-06
1.24454708795e-09	2.3957737767e-06
1.24821831829e-09	2.04027077899e-07
1.25188954864e-09	-2.32138839351e-06
1.25556077899e-09	-4.25012541427e-06
1.25923200934e-09	-4.90652331564e-06
1.26290323969e-09	-4.09328538353e-06
1.26657447003e-09	-2.14229041262e-06
1.27024570038e-09	2.25789131392e-07
1.27391693073e-09	2.18686233211e-06
1.27758816108e-09	3.13182368927e-06
1.28125939143e-09	2.88246189939e-06
1.28493062177e-09	1.71355009115e-06
1.28860185212e-09	1.88709428528e-07
1.29227308247e-09	-1.09199625342e-06
1.29594431282e-09	-1.70659109244e-06
1.29961554316e-09	-1.51087073164e-06
1.30328677351e-09	-6.24945975858e-07
1.30695800386e-09	6.41491247677e-07
1.31062923421e-09	1.88094085729e-06
1.31430046456e-09	2.684971804e-06
1.3179716949e-09	2.75315662179e-06
1.32164292525e-09	1.99801706913e-06
1.3253141556e-09	6.00371087955e-07
1.32898538595e-09	-1.03123576878e-06
1.3326566163e-09	-2.39772077748e-06
1.33632784664e-09	-3.08674702865e-06
1.33999907699e-09	-2.91027299681e-06
1.34367030734e-09	-1.95249748458e-06
1.34734153769e-09	-5.30532922483e-07
1.35101276804e-09	8.98227511925e-07
1.35468399838e-09	1.85445486522e-06
1.35835522873e-09	1.97272063929e-06
1.36202645908e-09	1.14121505135e-06
1.36569768943e-09	-4.03030462337e-07
1.36936891978e-09	-2.09521289207e-06
1.37304015012e-09	-3.22214879134e-06
1.37671138047e-09	-3.21524566971e-06
1.38038261082e-09	-1.92563985024e-06
1.38405384117e-09	2.66033691076e-07
1.38772507151e-09	2.57717036334e-06
1.39139630186e-09	4.13468228544e-06
1.39506753221e-09	4.3269938601e-06
1.39873876256e-09	3.04539400986e-06
1.40240999291e-09	7.29856971304e-07
1.40608122325e-09	-1.7821568008e-06
1.4097524536e-09	-3.5456418459e-06
1.41342368395e-09	-3.85050395835e-06
1.4170949143e-09	-2.51226535397e-06
1.42076614465e-09	9.28433552261e-10
1.42443737499e-09	2.69078725523e-06
1.42810860534e-09	4.39925867113e-06
1.43177983569e-09	4.30076568136e-06
1.43545106604e-09	2.29576571087e-06
1.43912229639e-09	-8.97489897511e-07
1.44279352673e-09	-4.021123857e-06
1.44646475708e-09	-5.80648668347e-06
1.45013598743e-09	-5.51007195781e-06
1.45380721778e-09	-3.21888728649e-06
1.45747844813e-09	1.90785677034e-07
1.46114967847e-09	3.40183419212e-06
1.46482090882e-09	5.16243528637e-06
1.46849213917e-09	4.76474002653e-06
1.47216336952e-09	2.33322938925e-06
1.47583459986e-09	-1.18586235942e-06
1.47950583021e-09	-4.3568086312e-06
1.48317706056e-09	-5.8162202663e-06
1.48684829091e-09	-4.85616311607e-06
1.49051952126e-09	-1.76941568952e-06
1.4941907516e-09	2.22845355324e-06
1.49786198195e-09	5.49656567728e-06
1.5015332123e-09	6.6722009251e-06
1.50520444265e-09	5.25599261891e-06
1.508875673e-09	1.81513271968e-06
1.51254690334e-09	-2.26993668662e-06
1.51621813369e-09	-5.38086578672e-06
1.51988936404e-09	-6.30497856946e-06
1.52356059439e-09	-4.69818394322e-06
1.52723182474e-09	-1.21142339538e-06
1.53090305508e-09	2.75318279819e-06
1.53457428543e-09	5.57453415695e-06
1.53824551578e-09	6.05345007898e-06
1.54191674613e-09	3.92242446878e-06
1.54558797648e-09	-9.86895010158e-10
1.54925920682e-09	-4.11925373101e-06
1.55293043717e-09	-6.71913733186e-06
1.55660166752e-09	-6.7101740342e-06
1.56027289787e-09	-4.0967487962e-06
1.56394412822e-09	3.51162086076e-08
1.56761535856e-09	3.99864194378e-06
1.57128658891e-09	6.22033996933e-06
1.57495781926e-09	5.86857356666e-06
1.57862904961e-09	3.15090977665e-06
1.58230027995e-09	-8.03003743499e-07
1.5859715103e-09	-4.39715449829e-06
1.58964274065e-09	-6.18551985099e-06
1.593313971e-09	-5.43315400137e-06
1.59698520135e-09	-2.41975459403e-06
1.60065643169e-09	1.64558639426e-06
1.60432766204e-09	5.09724782205e-06
1.60799889239e-09	6.50368440347e-06
1.61167012274e-09	5.28333123384e-06
1.61534135309e-09	1.95862611463e-06
1.61901258343e-09	-2.0784493131e-06
1.62268381378e-09	-5.17910120834e-06
1.62635504413e-09	-6.13745180544e-06
1.63002627448e-09	-4.66232847884e-06
1.63369750483e-09	-1.44076972219e-06
1.63736873517e-09	2.18901041649e-06
1.64103996552e-09	4.78514476754e-06
1.64471119587e-09	5.34991534096e-06
1.64838242622e-09	3.69137404732e-06
1.65205365657e-09	4.87353673861e-07
1.65572488691e-09	-2.97237403402e-06
1.65939611726e-09	-5.28863779437e-06
1.66306734761e-09	-5.52172110702e-06
1.66673857796e-09	-3.5912460703e-06
1.6704098083e-09	-3.16280441837e-07
1.67408103865e-09	2.94124987477e-06
1.677752269e-09	4.87100084001e-06
1.68142349935e-09	4.76646010839e-06
1.6850947297e-09	2.78333166648e-06
1.68876596004e-09	-1.8703131488e-07
1.69243719039e-09	-2.93061344792e-06
1.69610842074e-09	-4.4030882691e-06
1.69977965109e-09	-4.1029680915e-06
1.70345088144e-09	-2.21556985025e-06
1.70712211178e-09	4.87880754463e-07
1.71079334213e-09	2.94510900289e-06
1.71446457248e-09	4.19965437004e-06
1.71813580283e-09	3.77055192757e-06
1.72180703318e-09	1.85185677992e-06
1.72547826352e-09	-7.60317391268e-07
1.72914949387e-09	-3.00410312093e-06
1.73282072422e-09	-4.00809045686e-06
1.73649195457e-09	-3.45212185948e-06
1.74016318492e-09	-1.664089325e-06
1.74383441526e-09	5.723341161e-07
1.74750564561e-09	2.3773440887e-06
1.75117687596e-09	3.11949872867e-06
1.75484810631e-09	2.6106506823e-06
1.75851933666e-09	1.11600026287e-06
1.762190567e-09	-7.77550923203e-07
1.76586179735e-09	-2.3712083248e-06
1.7695330277e-09	-3.08662396264e-06
1.77320425805e-09	-2.66765198376e-06
1.77687548839e-09	-1.28404066402e-06
1.78054671874e-09	5.21612022908e-07
1.78421794909e-09	2.04823950867e-06
1.78788917944e-09	2.72782858701e-06
1.79156040979e-09	2.3560832858e-06
1.79523164013e-09	1.14935133411e-06
1.79890287048e-09	-3.85953782711e-07
1.80257410083e-09	-1.68361094666e-06
1.80624533118e-09	-2.32524598687e-06
1.80991656153e-09	-2.14838240709e-06
1.81358779187e-09	-1.25390968719e-06
1.81725902222e-09	4.71954111347e-08
1.82093025257e-09	1.3185844665e-06
1.82460148292e-09	2.11481869883e-06
1.82827271327e-09	2.12628759755e-06
1.83194394361e-09	1.31244382828e-06
1.83561517396e-09	-4.98908940827e-08
1.83928640431e-09	-1.45448603917e-06
1.84295763466e-09	-2.36836632439e-06
1.84662886501e-09	-2.45258436848e-06
1.85030009535e-09	-1.69184457377e-06
1.8539713257e-09	-3.79513735993e-07
1.85764255605e-09	1.01218039106e-06
1.8613137864e-09	2.00232580028e-06
1.86498501674e-09	2.24819464734e-06
1.86865624709e-09	1.64396018931e-06
1.87232747744e-09	3.65652837786e-07
1.87599870779e-09	-1.15350309216e-06
1.87966993814e-09	-2.34172054547e-06
1.88334116848e-09	-2.69550716325e-06
1.88701239883e-09	-2.00536794637e-06
1.89068362918e-09	-4.86339139627e-07
1.89435485953e-09	1.2775028182e-06
1.89802608988e-09	2.56996563053e-06
1.90169732022e-09	2.85247901388e-06
1.90536855057e-09	1.99530660439e-06
1.90903978092e-09	3.25771139842e-07
1.91271101127e-09	-1.51253158265e-06
1.91638224162e-09	-2.81237831246e-06
1.92005347196e-09	-3.06415540763e-06
1.92372470231e-09	-2.14177464386e-06
1.92739593266e-09	-3.62664792419e-07
1.93106716301e-09	1.6022329703e-06
1.93473839336e-09	2.96064428085e-06
1.9384096237e-09	3.11253779728e-06
1.94208085405e-09	1.92585713421e-06
1.9457520844e-09	-1.63009167053e-07
1.94942331475e-09	-2.301410575e-06
1.95309454509e-09	-3.57987960342e-06
1.95676577544e-09	-3.43631330679e-06
1.96043700579e-09	-1.90990226656e-06
1.96410823614e-09	3.75480532e-07
1.96777946649e-09	2.48205950015e-06
1.97145069683e-09	3.55046006462e-06
1.97512192718e-09	3.14404883284e-06
1.97879315753e-09	1.41603069892e-06
1.98246438788e-09	-9.50006636913e-07
1.98613561823e-09	-2.99881332921e-06
1.98980684857e-09	-3.87370289445e-06
1.99347807892e-09	-3.1702128922e-06
1.99714930927e-09	-1.1312742032e-06
2.00082053962e-09	1.41777090334e-06
2.00449176997e-09	3.39742740607e-06
2.00816300031e-09	3.94055990682e-06
2.01183423066e-09	2.7870349868e-06
2.01550546101e-09	4.133909286e-07
2.01917669136e-09	-2.17145293391e-06
2.02284792171e-09	-3.86957594856e-06
2.02651915205e-09	-3.96858206386e-06
2.0301903824e-09	-2.43639559017e-06
2.03386161275e-09	7.88131861995e-08
2.0375328431e-09	2.52639529208e-06
2.04120407345e-09	3.88426582276e-06
2.04487530379e-09	3.57413745178e-06
2.04854653414e-09	1.7036612121e-06
2.05221776449e-09	-9.6108577452e-07
2.05588899484e-09	-3.29669626353e-06
2.05956022518e-09	-4.29086611575e-06
2.06323145553e-09	-3.48839159869e-06
2.06690268588e-09	-1.21095884253e-06
2.07057391623e-09	1.56544024321e-06
2.07424514658e-09	3.63499339073e-06
2.07791637692e-09	4.09797985412e-06
2.08158760727e-09	2.7591376579e-06
2.08525883762e-09	2.07207005332e-07
2.08893006797e-09	-2.45197577442e-06
2.09260129832e-09	-4.0781232542e-06
2.09627252866e-09	-3.98021950332e-06
2.09994375901e-09	-2.20094781866e-06
2.10361498936e-09	5.05011357177e-07
2.10728621971e-09	2.98511028518e-06
2.11095745006e-09	4.16949688997e-06
2.1146286804e-09	3.52819768068e-06
2.11829991075e-09	1.31287711724e-06
2.1219711411e-09	-1.53124315716e-06
2.12564237145e-09	-3.76435133376e-06
2.1293136018e-09	-4.39701830146e-06
2.13298483214e-09	-3.13804025609e-06
2.13665606249e-09	-5.33631023814e-07
2.14032729284e-09	2.27183738843e-06
2.14399852319e-09	4.04495034445e-06
2.14766975353e-09	4.00828133706e-06
2.15134098388e-09	2.17703981775e-06
2.15501221423e-09	-6.54086278473e-07
2.15868344458e-09	-3.25834258774e-06
2.16235467493e-09	-4.50321959988e-06
2.16602590527e-09	-3.83500707812e-06
2.16969713562e-09	-1.52073440063e-06
2.17336836597e-09	1.45395209472e-06
2.17703959632e-09	3.79770301606e-06
2.18071082667e-09	4.47041901452e-06
2.18438205701e-09	3.14822352721e-06
2.18805328736e-09	3.84417624844e-07
2.19172451771e-09	-2.61777771016e-06
2.19539574806e-09	-4.53135055523e-06
2.19906697841e-09	-4.49632523214e-06
2.20273820875e-09	-2.50755206821e-06
2.2064094391e-09	5.77839685434e-07
2.21008066945e-09	3.41499389833e-06
2.2137518998e-09	4.75870001537e-06
2.21742313015e-09	4.00533525635e-06
2.22109436049e-09	1.45701115173e-06
2.22476559084e-09	-1.80170613362e-06
2.22843682119e-09	-4.36272847537e-06
2.23210805154e-09	-5.09766448431e-06
2.23577928188e-09	-3.65279157677e-06
2.23945051223e-09	-6.19877035035e-07
2.24312174258e-09	2.70090805543e-06
2.24679297293e-09	4.85662923211e-06
2.25046420328e-09	4.87913303004e-06
2.25413543362e-09	2.7224381256e-06
2.25780666397e-09	-7.01688691152e-07
2.26147789432e-09	-3.91228337548e-06
2.26514912467e-09	-5.50345060901e-06
2.26882035502e-09	-4.75971182823e-06
2.27249158536e-09	-1.97280570546e-06
2.27616281571e-09	1.67668582662e-06
2.27983404606e-09	4.62113479216e-06
2.28350527641e-09	5.57678436053e-06
2.28717650676e-09	4.09989166883e-06
2.2908477371e-09	7.90570936715e-07
2.29451896745e-09	-2.9480989383e-06
2.2981901978e-09	-5.50257362875e-06
2.30186142815e-09	-5.74506805151e-06
2.3055326585e-09	-3.53357364702e-06
2.30920388884e-09	2.09309710897e-07
2.31287511919e-09	3.88221121739e-06
2.31654634954e-09	5.89379391158e-06
2.32021757989e-09	5.35449294148e-06
2.32388881024e-09	2.46809281634e-06
2.32756004058e-09	-1.54851562684e-06
2.33123127093e-09	-4.98217400491e-06
2.33490250128e-09	-6.3545356852e-06
2.33857373163e-09	-5.05602798739e-06
2.34224496197e-09	-1.61370243745e-06
2.34591619232e-09	2.52191168215e-06
2.34958742267e-09	5.58610832968e-06
2.35325865302e-09	6.25198936177e-06
2.35692988337e-09	4.20663127443e-06
2.36060111371e-09	2.994545234e-07
2.36427234406e-09	-3.80975512826e-06
2.36794357441e-09	-6.35888784473e-06
2.37161480476e-09	-6.24316749054e-06
2.37528603511e-09	-3.49524100329e-06
2.37895726545e-09	7.24599843238e-07
2.3826284958e-09	4.62350294583e-06
2.38629972615e-09	6.54079644846e-06
2.3899709565e-09	5.65445913026e-06
2.39364218685e-09	2.33020000451e-06
2.39731341719e-09	-2.03121587106e-06
2.40098464754e-09	-5.58334926382e-06
2.40465587789e-09	-6.81355572851e-06
2.40832710824e-09	-5.18719906495e-06
2.41199833859e-09	-1.38239670378e-06
2.41566956893e-09	2.989666541e-06
2.41934079928e-09	6.06763705946e-06
2.42301202963e-09	6.53653785321e-06
2.42668325998e-09	4.194093151e-06
2.43035449032e-09	3.83444036522e-08
2.43402572067e-09	-4.1620111233e-06
2.43769695102e-09	-6.62620038838e-06
2.44136818137e-09	-6.31888065072e-06
2.44503941172e-09	-3.38262043442e-06
2.44871064206e-09	9.31957515604e-07
2.45238187241e-09	4.80098174194e-06
2.45605310276e-09	6.59647889734e-06
2.45972433311e-09	5.5688158227e-06
2.46339556346e-09	2.15941315673e-06
2.4670667938e-09	-2.18550371756e-06
2.47073802415e-09	-5.62556101613e-06
2.4744092545e-09	-6.70652912049e-06
2.47808048485e-09	-4.98014691175e-06
2.4817517152e-09	-1.19432981194e-06
2.48542294554e-09	3.03079389141e-06
2.48909417589e-09	5.90180621884e-06
2.49276540624e-09	6.21937931555e-06
2.49643663659e-09	3.88110231597e-06
2.50010786694e-09	-9.25789027661e-08
2.50377909728e-09	-4.00867628514e-06
2.50745032763e-09	-6.2250657038e-06
2.51112155798e-09	-5.83658567166e-06
2.51479278833e-09	-3.04046011479e-06
2.51846401868e-09	9.61401624977e-07
2.52213524902e-09	4.47566242201e-06
2.52580647937e-09	6.03060300364e-06
2.52947770972e-09	4.99319742175e-06
2.53314894007e-09	1.83124262776e-06
2.53682017041e-09	-2.09212259961e-06
2.54049140076e-09	-5.10657321229e-06
2.54416263111e-09	-5.95149987248e-06
2.54783386146e-09	-4.30946130336e-06
2.55150509181e-09	-9.24667077129e-07
2.55517632215e-09	2.73745939694e-06
2.5588475525e-09	5.13059853802e-06
2.56251878285e-09	5.28244123643e-06
2.5661900132e-09	3.1858313605e-06
2.56986124355e-09	-2.26973185136e-07
2.57353247389e-09	-3.49890370899e-06
2.57720370424e-09	-5.26657009914e-06
2.58087493459e-09	-4.82434239757e-06
2.58454616494e-09	-2.4050646914e-06
2.58821739529e-09	9.33201391717e-07
2.59188862563e-09	3.76490618237e-06
2.59555985598e-09	4.90602121772e-06
2.59923108633e-09	3.91466375049e-06
2.60290231668e-09	1.26661979039e-06
2.60657354703e-09	-1.8689493686e-06
2.61024477737e-09	-4.14980775076e-06
2.61391600772e-09	-4.64140083523e-06
2.61758723807e-09	-3.20114367014e-06
2.62125846842e-09	-5.07346072709e-07
2.62492969876e-09	2.26215934163e-06
2.62860092911e-09	3.94578398755e-06
2.63227215946e-09	3.88180285427e-06
2.63594338981e-09	2.16229318539e-06
2.63961462016e-09	-4.33894193463e-07
2.6432858505e-09	-2.78831771539e-06
2.64695708085e-09	-3.91992125515e-06
2.6506283112e-09	-3.39353675827e-06
2.65429954155e-09	-1.49030398688e-06
2.6579707719e-09	9.30477852989e-07
2.66164200224e-09	2.817013808e-06
2.66531323259e-09	3.38630815122e-06
2.66898446294e-09	2.45475990823e-06
2.67265569329e-09	4.93226373521e-07
2.67632692364e-09	-1.6085271568e-06
2.67999815398e-09	-2.94877253282e-06
2.68366938433e-09	-3.00205175563e-06
2.68734061468e-09	-1.8202160561e-06
2.69101184503e-09	2.56662051612e-08
2.69468307538e-09	1.7181950227e-06
2.69835430572e-09	2.55099763535e-06
2.70202553607e-09	2.21887304974e-06
2.70569676642e-09	9.25966403997e-07
2.70936799677e-09	-7.23426502702e-07
2.71303922711e-09	-1.99996566153e-06
2.71671045746e-09	-2.36989714608e-06
2.72038168781e-09	-1.72215166572e-06
2.72405291816e-09	-4.01058883881e-07
2.72772414851e-09	9.67579708799e-07
2.73139537885e-09	1.77292636749e-06
2.7350666092e-09	1.69558333596e-06
2.73873783955e-09	8.34907240232e-07
2.7424090699e-09	-3.64582668055e-07
2.74608030025e-09	-1.33979017392e-06
2.74975153059e-09	-1.67181920574e-06
2.75342276094e-09	-1.26255939392e-06
2.75709399129e-09	-3.53612122694e-07
2.76076522164e-09	6.0597044893e-07
2.76443645199e-09	1.1738267176e-06
2.76810768233e-09	1.11214475851e-06
2.77177891268e-09	4.85947232676e-07
2.77545014303e-09	-3.78142246404e-07
2.77912137338e-09	-1.05180313881e-06
2.78279260373e-09	-1.21143108345e-06
2.78646383407e-09	-7.9375415396e-07
2.79013506442e-09	-2.45398168452e-08
2.79380629477e-09	6.96761659924e-07
2.79747752512e-09	1.00003077819e-06
2.80114875547e-09	7.32082085619e-07
2.80481998581e-09	3.27280282875e-08
2.80849121616e-09	-7.38622944141e-07
2.81216244651e-09	-1.18575566432e-06
2.81583367686e-09	-1.07393374549e-06
2.8195049072e-09	-4.45567408747e-07
2.82317613755e-09	3.99608872215e-07
2.8268473679e-09	1.04727070038e-06
2.83051859825e-09	1.16546046058e-06
2.8341898286e-09	6.66113862735e-07
2.83786105894e-09	-2.43306111258e-07
2.84153228929e-09	-1.1442922272e-06
2.84520351964e-09	-1.59613168194e-06
2.84887474999e-09	-1.34658819206e-06
2.85254598034e-09	-4.66337382932e-07
2.85621721068e-09	6.64045714416e-07
2.85988844103e-09	1.51834785811e-06
2.86355967138e-09	1.67009602592e-06
2.86723090173e-09	1.00319105911e-06
2.87090213208e-09	-2.16737944925e-07
2.87457336242e-09	-1.45036349863e-06
2.87824459277e-09	-2.12586689941e-06
2.88191582312e-09	-1.90297507174e-06
2.88558705347e-09	-8.38061382069e-07
2.88925828382e-09	6.26729843134e-07
2.89292951416e-09	1.84837580264e-06
2.89660074451e-09	2.26408059234e-06
2.90027197486e-09	1.64694719729e-06
2.90394320521e-09	2.22791360471e-07
2.90761443555e-09	-1.40984687391e-06
2.9112856659e-09	-2.53032570185e-06
2.91495689625e-09	-2.61392392531e-06
2.9186281266e-09	-1.57675515311e-06
2.92229935695e-09	1.67060992595e-07
2.92597058729e-09	1.87103250937e-06
2.92964181764e-09	2.77815070149e-06
2.93331304799e-09	2.45841835067e-06
2.93698427834e-09	1.0102779413e-06
2.94065550869e-09	-9.67582224121e-07
2.94432673903e-09	-2.62593471234e-06
2.94799796938e-09	-3.23055519402e-06
2.95166919973e-09	-2.48591962304e-06
2.95534043008e-09	-6.75714758813e-07
2.95901166043e-09	1.44468589269e-06
2.96268289077e-09	2.96344316553e-06
2.96635412112e-09	3.2045713283e-06
2.97002535147e-09	2.02879235189e-06
2.97369658182e-09	-9.12355115901e-08
2.97736781217e-09	-2.26103756518e-06
2.98103904251e-09	-3.54362077815e-06
2.98471027286e-09	-3.36597634032e-06
2.98838150321e-09	-1.77468538709e-06
2.99205273356e-09	5.73249351987e-07
2.9957239639e-09	2.68394703085e-06
2.99939519425e-09	3.64888444437e-06
3.0030664246e-09	3.03569601101e-06
3.00673765495e-09	1.08013793465e-06
3.0104088853e-09	-1.40465623133e-06
3.01408011564e-09	-3.36664118095e-06
3.01775134599e-09	-3.96067548536e-06
3.02142257634e-09	-2.91334549729e-06
3.02509380669e-09	-6.48937316328e-07
3.02876503704e-09	1.8824795518e-06
3.03243626738e-09	3.60571925739e-06
3.03610749773e-09	3.77991227651e-06
3.03977872808e-09	2.31842656717e-06
3.04344995843e-09	-1.70416072365e-07
3.04712118878e-09	-2.63969653247e-06
3.05079241912e-09	-4.04697243539e-06
3.05446364947e-09	-3.79485157964e-06
3.05813487982e-09	-1.98281301778e-06
3.06180611017e-09	6.33781489512e-07
3.06547734052e-09	2.95925775617e-06
3.06914857086e-09	4.01611487177e-06
3.07281980121e-09	3.35591522571e-06
3.07649103156e-09	1.2506072693e-06
3.08016226191e-09	-1.41830099665e-06
3.08383349226e-09	-3.52963240857e-06
3.0875047226e-09	-4.19647415129e-06
3.09117595295e-09	-3.14210581109e-06
3.0948471833e-09	-8.15607378968e-07
3.09851841365e-09	1.8022767847e-06
3.10218964399e-09	3.61723311926e-06
3.10586087434e-09	3.88154944631e-06
3.10953210469e-09	2.50118634426e-06
3.11320333504e-09	6.45237774322e-08
3.11687456539e-09	-2.41129879441e-06
3.12054579573e-09	-3.90530601635e-06
3.12421702608e-09	-3.81198566402e-06
3.12788825643e-09	-2.18540543528e-06
3.13155948678e-09	2.88913657442e-07
3.13523071713e-09	2.58146368992e-06
3.13890194747e-09	3.74764277922e-06
3.14257317782e-09	3.32000189474e-06
3.14624440817e-09	1.49862080434e-06
3.14991563852e-09	-9.41130195997e-07
3.15358686887e-09	-2.98260255249e-06
3.15725809921e-09	-3.79696916752e-06
3.16092932956e-09	-3.08203425448e-06
3.16460055991e-09	-1.17012982059e-06
3.16827179026e-09	1.13000702129e-06
3.17194302061e-09	2.87919658604e-06
3.17561425095e-09	3.39046090403e-06
3.1792854813e-09	2.49462223678e-06
3.18295671165e-09	5.89902775516e-07
3.186627942e-09	-1.53390169544e-06
3.19029917234e-09	-3.0207729651e-06
3.19397040269e-09	-3.29258483589e-06
3.19764163304e-09	-2.27538532727e-06
3.20131286339e-09	-4.17051538193e-07
3.20498409374e-09	1.50905265173e-06
3.20865532408e-09	2.73011860941e-06
3.21232655443e-09	2.78915223362e-06
3.21599778478e-09	1.71593427467e-06
3.21966901513e-09	-1.15059943795e-08
3.22334024548e-09	-1.68530019096e-06
3.22701147582e-09	-2.66175322849e-06
3.23068270617e-09	-2.60579312794e-06
3.23435393652e-09	-1.59572519465e-06
3.23802516687e-09	-6.41080291075e-08
3.24169639722e-09	1.38690469953e-06
3.24536762756e-09	2.21806467948e-06
3.24903885791e-09	2.14870436821e-06
3.25271008826e-09	1.24819180769e-06
3.25638131861e-09	-1.06270183764e-07
3.26005254896e-09	-1.38668559657e-06
3.2637237793e-09	-2.12263717003e-06
3.26739500965e-09	-2.07646010608e-06
3.27106624e-09	-1.31565967365e-06
3.27473747035e-09	-1.61078119731e-07
3.2784087007e-09	9.54870756686e-07
3.28207993104e-09	1.65206893143e-06
3.28575116139e-09	1.72366347329e-06
3.28942239174e-09	1.18161690921e-06
3.29309362209e-09	2.30111979249e-07
3.29676485243e-09	-8.09580328109e-07
3.30043608278e-09	-1.5972447045e-06
3.30410731313e-09	-1.87362005022e-06
3.30777854348e-09	-1.54130196961e-06
3.31144977383e-09	-7.01951712756e-07
3.31512100417e-09	3.68433457965e-07
3.31879223452e-09	1.30646493801e-06
3.32246346487e-09	1.78359172764e-06
3.32613469522e-09	1.61974318758e-06
3.32980592557e-09	8.47669454629e-07
3.33347715591e-09	-2.91946381736e-07
3.33714838626e-09	-1.42087573352e-06
3.34081961661e-09	-2.13875910049e-06
3.34449084696e-09	-2.15487693822e-06
3.34816207731e-09	-1.4017166734e-06
3.35183330765e-09	-8.96183127708e-08
3.355504538e-09	1.33269092828e-06
3.35917576835e-09	2.32063149497e-06
3.3628469987e-09	2.44207424771e-06
3.36651822905e-09	1.57086856234e-06
3.37018945939e-09	-2.58792911545e-08
3.37386068974e-09	-1.76088624926e-06
3.37753192009e-09	-2.94434852322e-06
3.38120315044e-09	-3.06119460447e-06
3.38487438078e-09	-1.99321928562e-06
3.38854561113e-09	-9.17910485398e-08
3.39221684148e-09	1.93355097622e-06
3.39588807183e-09	3.27523702026e-06
3.39955930218e-09	3.34393683943e-06
3.40323053252e-09	2.02295268537e-06
3.40690176287e-09	-2.4533455445e-07
3.41057299322e-09	-2.59401701896e-06
3.41424422357e-09	-4.05679440973e-06
3.41791545392e-09	-3.96710385075e-06
3.42158668426e-09	-2.26491360422e-06
3.42525791461e-09	4.33771703001e-07
3.42892914496e-09	3.05626565478e-06
3.43260037531e-09	4.50429962484e-06
3.43627160566e-09	4.11871019423e-06
3.439942836e-09	1.97676496327e-06
3.44361406635e-09	-1.11027458161e-06
3.4472852967e-09	-3.90615298329e-06
3.45095652705e-09	-5.24413286485e-06
3.4546277574e-09	-4.51002426871e-06
3.45829898774e-09	-1.91808828731e-06
3.46197021809e-09	1.53965493155e-06
3.46564144844e-09	4.46650199137e-06
3.46931267879e-09	5.62181111263e-06
3.47298390913e-09	4.44846824621e-06
3.47665513948e-09	1.34152939779e-06
3.48032636983e-09	-2.47367262318e-06
3.48399760018e-09	-5.42488402289e-06
3.48766883053e-09	-6.2467834141e-06
3.49134006087e-09	-4.52840595244e-06
3.49501129122e-09	-9.12951719556e-07
3.49868252157e-09	3.14479575536e-06
3.50235375192e-09	5.9687341718e-06
3.50602498227e-09	6.35541562133e-06
3.50969621261e-09	4.08382487649e-06
3.51336744296e-09	2.8656720108e-08
3.51703867331e-09	-4.17517401274e-06
3.52070990366e-09	-6.78888545735e-06
3.52438113401e-09	-6.68699863127e-06
3.52805236435e-09	-3.84267593745e-06
3.5317235947e-09	6.28303105543e-07
3.53539482505e-09	4.90106344841e-06
3.5390660554e-09	7.18800231425e-06
3.54273728575e-09	6.49247874662e-06
3.54640851609e-09	3.04738233581e-06
3.55007974644e-09	-1.75810723135e-06
3.55375097679e-09	-5.94315952185e-06
3.55742220714e-09	-7.75781165885e-06
3.56109343749e-09	-6.41740359697e-06
3.56476466783e-09	-2.43919410536e-06
3.56843589818e-09	2.56016764411e-06
3.57210712853e-09	6.52364280995e-06
3.57577835888e-09	7.79960294039e-06
3.57944958922e-09	5.82871462029e-06
3.58312081957e-09	1.38873366495e-06
3.58679204992e-09	-3.70936470517e-06
3.59046328027e-09	-7.35847811484e-06
3.59413451062e-09	-8.02827571533e-06
3.59780574096e-09	-5.41165542245e-06
3.60147697131e-09	-5.68451426375e-07
3.60514820166e-09	4.50392406037e-06
3.60881943201e-09	7.69905807374e-06
3.61249066236e-09	7.68237941884e-06
3.6161618927e-09	4.45134691063e-06
3.61983312305e-09	-6.61402744129e-07
3.6235043534e-09	-5.54235890604e-06
3.62717558375e-09	-8.17425006971e-06
3.6308468141e-09	-7.47057072203e-06
3.63451804444e-09	-3.72279549765e-06
3.63818927479e-09	1.52127969955e-06
3.64186050514e-09	6.09674771113e-06
3.64553173549e-09	8.11512495602e-06
3.64920296584e-09	6.7455282533e-06
3.65287419618e-09	2.5596442299e-06
3.65654542653e-09	-2.70443217687e-06
3.66021665688e-09	-6.86490670887e-06
3.66388788723e-09	-8.20478976493e-06
3.66755911757e-09	-6.18551905518e-06
3.67123034792e-09	-1.66544310787e-06
3.67490157827e-09	3.46671470197e-06
3.67857280862e-09	7.08559286977e-06
3.68224403897e-09	7.71338523009e-06
3.68591526931e-09	5.12437105726e-06
3.68958649966e-09	4.22867103111e-07
3.69325773001e-09	-4.42976613613e-06
3.69692896036e-09	-7.43479427001e-06
3.70060019071e-09	-7.38020639801e-06
3.70427142105e-09	-4.32980505138e-06
3.7079426514e-09	4.19225600012e-07
3.71161388175e-09	4.88723208036e-06
3.7152851121e-09	7.23835603367e-06
3.71895634245e-09	6.53787355986e-06
3.72262757279e-09	3.12616623432e-06
3.72629880314e-09	-1.54170015776e-06
3.72997003349e-09	-5.51779999114e-06
3.73364126384e-09	-7.17784041626e-06
3.73731249419e-09	-5.88818687675e-06
3.74098372453e-09	-2.24713352281e-06
3.74465495488e-09	2.19080038732e-06
3.74832618523e-09	5.58080432711e-06
3.75199741558e-09	6.55715973608e-06
3.75566864593e-09	4.78407599758e-06
3.75933987627e-09	1.06606019301e-06
3.76301110662e-09	-3.01530633351e-06
3.76668233697e-09	-5.77459070428e-06
3.77035356732e-09	-6.11952418694e-06
3.77402479766e-09	-3.98342160679e-06
3.77769602801e-09	-3.22324090973e-07
3.78136725836e-09	3.31015093025e-06
3.78503848871e-09	5.42246186797e-06
3.78870971906e-09	5.19965612966e-06
3.7923809494e-09	2.8183940799e-06
3.79605217975e-09	-6.59879177078e-07
3.7997234101e-09	-3.76050616069e-06
3.80339464045e-09	-5.22288826232e-06
3.8070658708e-09	-4.51556167036e-06
3.81073710114e-09	-2.02672265459e-06
3.81440833149e-09	1.13680566471e-06
3.81807956184e-09	3.64161905964e-06
3.82175079219e-09	4.49131158575e-06
3.82542202254e-09	3.42250547192e-06
3.82909325288e-09	9.76442450451e-07
3.83276448323e-09	-1.76680737241e-06
3.83643571358e-09	-3.66337746982e-06
3.84010694393e-09	-3.98187904693e-06
3.84377817428e-09	-2.68381467095e-06
3.84744940462e-09	-4.01967191976e-07
3.85112063497e-09	1.85952620768e-06
3.85479186532e-09	3.16481771279e-06
3.85846309567e-09	3.03493555975e-06
3.86213432601e-09	1.623089247e-06
3.86580555636e-09	-3.88294772335e-07
3.86947678671e-09	-2.11131904848e-06
3.87314801706e-09	-2.84544418605e-06
3.87681924741e-09	-2.36429394818e-06
3.88049047775e-09	-9.77108925326e-07
3.8841617081e-09	6.47024315015e-07
3.88783293845e-09	1.79734294647e-06
3.8915041688e-09	2.0313645166e-06
3.89517539915e-09	1.34185214051e-06
3.89884662949e-09	1.20488119038e-07
3.90251785984e-09	-1.04805967283e-06
3.90618909019e-09	-1.65833864685e-06
3.90986032054e-09	-1.49977579156e-06
3.91353155089e-09	-7.26131979434e-07
3.91720278123e-09	2.42219073243e-07
3.92087401158e-09	9.31080990085e-07
3.92454524193e-09	1.03867166956e-06
3.92821647228e-09	5.69515940185e-07
3.93188770263e-09	-1.85471275671e-07
3.93555893297e-09	-8.09417699088e-07
3.93923016332e-09	-9.77886855935e-07
3.94290139367e-09	-6.22971164432e-07
3.94657262402e-09	3.98694322001e-08
3.95024385436e-09	6.32921647536e-07
3.95391508471e-09	8.18968572958e-07
3.95758631506e-09	4.78973845475e-07
3.96125754541e-09	-2.25136524534e-07
3.96492877576e-09	-9.30893236273e-07
3.9686000061e-09	-1.25635227732e-06
3.97227123645e-09	-9.92552827483e-07
3.9759424668e-09	-2.16386144558e-07
3.97961369715e-09	7.29884391149e-07
3.9832849275e-09	1.38739140709e-06
3.98695615784e-09	1.39545524291e-06
3.99062738819e-09	6.76575439229e-07
3.99429861854e-09	-4.98571921526e-07
3.99796984889e-09	-1.60944100003e-06
4.00164107924e-09	-2.11579566667e-06
4.00531230958e-09	-1.71862984644e-06
4.00898353993e-09	-5.25223136094e-07
4.01265477028e-09	9.71629731339e-07
4.01632600063e-09	2.10214591334e-06
4.01999723098e-09	2.32390874544e-06
4.02366846132e-09	1.47935563177e-06
4.02733969167e-09	-1.15235977205e-07
4.03101092202e-09	-1.79340068485e-06
4.03468215237e-09	-2.82047170685e-06
4.03835338272e-09	-2.7129215141e-06
4.04202461306e-09	-1.458298442e-06
4.04569584341e-09	4.58360538858e-07
4.04936707376e-09	2.23987041181e-06
4.05303830411e-09	3.10535574499e-06
4.05670953445e-09	2.631545442e-06
4.0603807648e-09	9.58434569043e-07
4.06405199515e-09	-1.24105365273e-06
4.0677232255e-09	-3.0316041375e-06
4.07139445585e-09	-3.61860981002e-06
4.07506568619e-09	-2.70630664545e-06
4.07873691654e-09	-6.44344922307e-07
4.08240814689e-09	1.70990597326e-06
4.08607937724e-09	3.35591528255e-06
4.08975060759e-09	3.57963074293e-06
4.09342183793e-09	2.26064187814e-06
4.09709306828e-09	-7.2279630281e-08
4.10076429863e-09	-2.4572985069e-06
4.10443552898e-09	-3.89509227716e-06
4.10810675933e-09	-3.76400822688e-06
4.11177798967e-09	-2.0866490047e-06
4.11544922002e-09	4.63363001302e-07
4.11912045037e-09	2.82775357618e-06
4.12279168072e-09	4.00214344154e-06
4.12646291107e-09	3.46816244701e-06
4.13013414141e-09	1.42819280313e-06
4.13380537176e-09	-1.26824296842e-06
4.13747660211e-09	-3.48375584736e-06
4.14114783246e-09	-4.28141748898e-06
4.1448190628e-09	-3.3261377439e-06
4.14849029315e-09	-1.02252414536e-06
4.1521615235e-09	1.66375673416e-06
4.15583275385e-09	3.61648289982e-06
4.1595039842e-09	4.03187152642e-06
4.16317521454e-09	2.74452079907e-06
4.16684644489e-09	2.89867362113e-07
4.17051767524e-09	-2.31669395134e-06
4.17418890559e-09	-3.99542636842e-06
4.17786013594e-09	-4.04812760735e-06
4.18153136628e-09	-2.45293759349e-06
4.18520259663e-09	1.19761416784e-07
4.18887382698e-09	2.58687444443e-06
4.19254505733e-09	3.91353057694e-06
4.19621628768e-09	3.55623797077e-06
4.19988751802e-09	1.69047766008e-06
4.20355874837e-09	-8.7671000415e-07
4.20722997872e-09	-3.06382378312e-06
4.21090120907e-09	-3.97656884843e-06
4.21457243942e-09	-3.27251257204e-06
4.21824366976e-09	-1.28159119583e-06
4.22191490011e-09	1.15114208654e-06
4.22558613046e-09	3.02285343423e-06
4.22925736081e-09	3.58110179377e-06
4.23292859115e-09	2.62307960952e-06
4.2365998215e-09	5.71034306063e-07
4.24027105185e-09	-1.70661556353e-06
4.2439422822e-09	-3.25970415815e-06
4.24761351255e-09	-3.45708627947e-06
4.25128474289e-09	-2.25149861421e-06
4.25495597324e-09	-1.89817338736e-07
4.25862720359e-09	1.83677849463e-06
4.26229843394e-09	2.98611513472e-06
4.26596966429e-09	2.82131412632e-06
4.26964089463e-09	1.47387683569e-06
4.27331212498e-09	-4.44558445167e-07
4.27698335533e-09	-2.1235962322e-06
4.28065458568e-09	-2.89502995088e-06
4.28432581603e-09	-2.49209713843e-06
4.28799704637e-09	-1.13345254249e-06
4.29166827672e-09	5.86680663162e-07
4.29533950707e-09	1.95087807242e-06
4.29901073742e-09	2.41359353481e-06
4.30268196777e-09	1.82213778999e-06
4.30635319811e-09	4.7160609995e-07
4.31002442846e-09	-1.03296144971e-06
4.31369565881e-09	-2.04901894563e-06
4.31736688916e-09	-2.17907884803e-06
4.32103811951e-09	-1.43158447941e-06
4.32470934985e-09	-1.89745016144e-07
4.3283805802e-09	9.85705071344e-07
4.33205181055e-09	1.61408942745e-06
4.3357230409e-09	1.48974409342e-06
4.33939427124e-09	7.37207116686e-07
4.34306550159e-09	-2.76396235677e-07
4.34673673194e-09	-1.11478702536e-06
4.35040796229e-09	-1.45257264705e-06
4.35407919264e-09	-1.19531382836e-06
4.35775042298e-09	-5.01597575919e-07
4.36142165333e-09	2.96726469173e-07
4.36509288368e-09	8.44500746666e-07
4.36876411403e-09	9.22169817841e-07
4.37243534438e-09	5.41262394904e-07
4.37610657472e-09	-7.2713102206e-08
4.37977780507e-09	-6.0329284679e-07
4.38344903542e-09	-8.07457467999e-07
4.38712026577e-09	-6.31820263663e-07
4.39079149612e-09	-2.19930939238e-07
4.39446272646e-09	1.8443742178e-07
4.39813395681e-09	3.74788761803e-07
4.40180518716e-09	2.82040900856e-07
4.40547641751e-09	-9.19314735448e-09
4.40914764786e-09	-3.2177179321e-07
4.4128188782e-09	-4.81930918284e-07
4.41649010855e-09	-4.01910376979e-07
4.4201613389e-09	-1.18120635051e-07
4.42383256925e-09	2.25143310217e-07
4.42750379959e-09	4.39729696211e-07
4.43117502994e-09	3.84419756472e-07
4.43484626029e-09	4.57356046368e-08
4.43851749064e-09	-4.34867075683e-07
4.44218872099e-09	-8.14495336954e-07
4.44585995133e-09	-8.69372684065e-07
4.44953118168e-09	-5.22693909488e-07
4.45320241203e-09	9.50406260358e-08
4.45687364238e-09	6.96497252761e-07
4.46054487273e-09	9.78275707553e-07
4.46421610307e-09	7.76789320867e-07
4.46788733342e-09	1.54809669084e-07
4.47155856377e-09	-6.24023670071e-07
4.47522979412e-09	-1.2152586919e-06
4.47890102447e-09	-1.34631531523e-06
4.48257225481e-09	-9.34460985036e-07
4.48624348516e-09	-1.25790842631e-07
4.48991471551e-09	7.55893850624e-07
4.49358594586e-09	1.33315421635e-06
4.49725717621e-09	1.33079885245e-06
4.50092840655e-09	7.05770553111e-07
4.5045996369e-09	-3.10103210666e-07
4.50827086725e-09	-1.28935671739e-06
4.5119420976e-09	-1.79051562554e-06
4.51561332795e-09	-1.56434762744e-06
4.51928455829e-09	-6.81965353522e-07
4.52295578864e-09	4.8589834023e-07
4.52662701899e-09	1.43316742651e-06
4.53029824934e-09	1.74624557303e-06
4.53396947968e-09	1.28588871462e-06
4.53764071003e-09	2.42256398053e-07
4.54131194038e-09	-9.51675446004e-07
4.54498317073e-09	-1.80191213417e-06
4.54865440108e-09	-1.95311935158e-06
4.55232563142e-09	-1.33125500668e-06
4.55599686177e-09	-1.78489280245e-07
4.55966809212e-09	1.03527611373e-06
4.56333932247e-09	1.79877574169e-06
4.56701055282e-09	1.77594938577e-06
4.57068178316e-09	9.60844232623e-07
4.57435301351e-09	-3.06479858381e-07
4.57802424386e-09	-1.4825483845e-06
4.58169547421e-09	-2.0616449774e-06
4.58536670456e-09	-1.80192935773e-06
4.5890379349e-09	-8.28252780138e-07
4.59270916525e-09	4.33458389182e-07
4.5963803956e-09	1.45077918035e-06
4.60005162595e-09	1.81245928843e-06
4.6037228563e-09	1.39014666445e-06
4.60739408664e-09	3.76148406644e-07
4.61106531699e-09	-8.05446319418e-07
4.61473654734e-09	-1.67182432165e-06
4.61840777769e-09	-1.8735964602e-06
4.62207900803e-09	-1.3357136055e-06
4.62575023838e-09	-2.91096835525e-07
4.62942146873e-09	8.13860438598e-07
4.63309269908e-09	1.51017394501e-06
4.63676392943e-09	1.51280008254e-06
4.64043515977e-09	8.4548774737e-07
4.64410639012e-09	-1.77677483393e-07
4.64777762047e-09	-1.10457403935e-06
4.65144885082e-09	-1.5529276709e-06
4.65512008117e-09	-1.37129174504e-06
4.65879131151e-09	-6.8323467417e-07
4.66246254186e-09	1.91118481041e-07
4.66613377221e-09	8.85236090653e-07
4.66980500256e-09	1.13645874933e-06
4.67347623291e-09	8.78848553043e-07
4.67714746325e-09	2.53598965827e-07
4.6808186936e-09	-4.59364763117e-07
4.68448992395e-09	-9.60240896575e-07
4.6881611543e-09	-1.05500248537e-06
4.69183238465e-09	-7.36083094921e-07
4.69550361499e-09	-1.79694609415e-07
4.69917484534e-09	3.43975969486e-07
4.70284607569e-09	6.04843236829e-07
4.70651730604e-09	5.21924015118e-07
4.71018853638e-09	1.88761585918e-07
4.71385976673e-09	-1.94058813463e-07
4.71753099708e-09	-4.35319314818e-07
4.72120222743e-09	-4.49381460044e-07
4.72487345778e-09	-2.82634058379e-07
4.72854468812e-09	-6.67283295286e-08
4.73221591847e-09	6.44433892916e-08
4.73588714882e-09	4.52073765089e-08
4.73955837917e-09	-9.533057721e-08
4.74322960952e-09	-2.55984627273e-07
4.74690083986e-09	-3.18806382182e-07
4.75057207021e-09	-2.13186982734e-07
4.75424330056e-09	3.84880198823e-08
4.75791453091e-09	3.16747225781e-07
4.76158576126e-09	4.54109617465e-07
4.7652569916e-09	3.23035234118e-07
4.76892822195e-09	-7.80727313909e-08
4.7725994523e-09	-5.94507909568e-07
4.77627068265e-09	-9.71151195017e-07
4.779941913e-09	-9.7820283429e-07
4.78361314334e-09	-5.42905738143e-07
4.78728437369e-09	1.88128474576e-07
4.79095560404e-09	8.9841580575e-07
4.79462683439e-09	1.24387456424e-06
4.79829806474e-09	1.01891777149e-06
4.80196929508e-09	2.64821721885e-07
4.80564052543e-09	-7.3141322332e-07
4.80931175578e-09	-1.54813162112e-06
4.81298298613e-09	-1.80487867851e-06
4.81665421647e-09	-1.33191240081e-06
4.82032544682e-09	-2.6401982467e-07
4.82399667717e-09	9.87488832038e-07
4.82766790752e-09	1.88684461477e-06
4.83133913787e-09	2.0002025849e-06
4.83501036821e-09	1.20316386187e-06
4.83868159856e-09	-2.30053167627e-07
4.84235282891e-09	-1.71399628357e-06
4.84602405926e-09	-2.59338816022e-06
4.84969528961e-09	-2.43695654945e-06
4.85336651995e-09	-1.24734214069e-06
4.8570377503e-09	5.15882547347e-07
4.86070898065e-09	2.11803018146e-06
4.864380211e-09	2.85910181219e-06
4.86805144135e-09	2.37780812995e-06
4.87172267169e-09	8.19526391638e-07
4.87539390204e-09	-1.20481387e-06
4.87906513239e-09	-2.8564314789e-06
4.88273636274e-09	-3.41256651382e-06
4.88640759309e-09	-2.57947101545e-06
4.89007882343e-09	-6.42022726538e-07
4.89375005378e-09	1.62522005098e-06
4.89742128413e-09	3.26474412304e-06
4.90109251448e-09	3.54247612222e-06
4.90476374482e-09	2.27958307164e-06
4.90843497517e-09	-4.35979421454e-08
4.91210620552e-09	-2.46995685416e-06
4.91577743587e-09	-3.96489173227e-06
4.91944866622e-09	-3.86141425679e-06
4.92311989656e-09	-2.15635117229e-06
4.92679112691e-09	4.72742364366e-07
4.93046235726e-09	2.94010197877e-06
4.93413358761e-09	4.20087741304e-06
4.93780481796e-09	3.69109204712e-06
4.9414760483e-09	1.57636682729e-06
4.94514727865e-09	-1.2974972492e-06
4.948818509e-09	-3.73997778524e-06
4.95248973935e-09	-4.70735710678e-06
4.9561609697e-09	-3.74986802854e-06
4.95983220004e-09	-1.22210367692e-06
4.96350343039e-09	1.84374965784e-06
4.96717466074e-09	4.16049209662e-06
4.97084589109e-09	4.73053853511e-06
4.97451712144e-09	3.27921560483e-06
4.97818835178e-09	3.85054171659e-07
4.98185958213e-09	-2.75352959989e-06
4.98553081248e-09	-4.81865629354e-06
4.98920204283e-09	-4.92819879128e-06
4.99287327317e-09	-3.01098810951e-06
4.99654450352e-09	1.55352182674e-07
5.00021573387e-09	3.26087138092e-06
5.00388696422e-09	5.00453711538e-06
5.00755819457e-09	4.63827859676e-06
5.01122942491e-09	2.28802539937e-06
5.01490065526e-09	-1.08558178624e-06
5.01857188561e-09	-4.07841565675e-06
5.02224311596e-09	-5.42806634485e-06
5.02591434631e-09	-4.54965874042e-06
5.02958557665e-09	-1.79208248596e-06
5.033256807e-09	1.69963968233e-06
5.03692803735e-09	4.46268438736e-06
5.0405992677e-09	5.33302153372e-06
5.04427049805e-09	3.93831811607e-06
5.04794172839e-09	8.56188762555e-07
5.05161295874e-09	-2.62750342017e-06
5.05528418909e-09	-5.05753178004e-06
5.05895541944e-09	-5.4177870652e-06
5.06262664979e-09	-3.55538486474e-06
5.06629788013e-09	-2.44816842354e-07
5.06996911048e-09	3.13387778306e-06
5.07364034083e-09	5.16997471323e-06
5.07731157118e-09	5.01162492128e-06
5.08098280153e-09	2.72388740541e-06
5.08465403187e-09	-7.35885329561e-07
5.08832526222e-09	-3.91847873971e-06
5.09199649257e-09	-5.49173557829e-06
5.09566772292e-09	-4.80136316128e-06
5.09933895326e-09	-2.14516677488e-06
5.10301018361e-09	1.35551616154e-06
5.10668141396e-09	4.23182126497e-06
5.11035264431e-09	5.28626168261e-06
5.11402387466e-09	4.09279471114e-06
5.117695105e-09	1.16795283134e-06
5.12136633535e-09	-2.25400637532e-06
5.1250375657e-09	-4.74309695164e-06
5.12870879605e-09	-5.27144658236e-06
5.1323800264e-09	-3.63758340427e-06
5.13605125674e-09	-5.42576870544e-07
5.13972248709e-09	2.70989053774e-06
5.14339371744e-09	4.76238380998e-06
5.14706494779e-09	4.77119851894e-06
5.15073617814e-09	2.75481178846e-06
5.15440740848e-09	-4.21361328051e-07
5.15807863883e-09	-3.41608887311e-06
5.16174986918e-09	-4.98054936315e-06
5.16542109953e-09	-4.48164661293e-06
5.16909232988e-09	-2.15951052951e-06
5.17276356022e-09	9.86501305533e-07
5.17643479057e-09	3.62972446055e-06
5.18010602092e-09	4.67758786726e-06
5.18377725127e-09	3.72387398784e-06
5.18744848161e-09	1.20441973195e-06
5.19111971196e-09	-1.80196067845e-06
5.19479094231e-09	-4.03559999995e-06
5.19846217266e-09	-4.58345908783e-06
5.20213340301e-09	-3.25179792071e-06
5.20580463335e-09	-6.32704200143e-07
5.2094758637e-09	2.1571643174e-06
5.21314709405e-09	3.9518033077e-06
5.2168183244e-09	4.02406186595e-06
5.22048955475e-09	2.3817534327e-06
5.22416078509e-09	-2.49823639109e-07
5.22783201544e-09	-2.74730058436e-06
5.23150324579e-09	-4.07065903119e-06
5.23517447614e-09	-3.69857383475e-06
5.23884570649e-09	-1.83391634323e-06
5.24251693683e-09	7.02023285726e-07
5.24618816718e-09	2.83248215283e-06
5.24985939753e-09	3.68369626358e-06
5.25353062788e-09	2.94238569154e-06
5.25720185823e-09	9.67579495637e-07
5.26087308857e-09	-1.38116828907e-06
5.26454431892e-09	-3.1166489407e-06
5.26821554927e-09	-3.53762908389e-06
5.27188677962e-09	-2.51123285011e-06
5.27555800997e-09	-5.11562987526e-07
5.27922924031e-09	1.59578814873e-06
5.28290047066e-09	2.92716941885e-06
5.28657170101e-09	2.95276473139e-06
5.29024293136e-09	1.7091076927e-06
5.2939141617e-09	-2.34898177354e-07
5.29758539205e-09	-2.03725426218e-06
5.3012566224e-09	-2.94963018632e-06
5.30492785275e-09	-2.62968876541e-06
5.3085990831e-09	-1.26719132254e-06
5.31227031344e-09	5.21089589256e-07
5.31594154379e-09	1.9706864407e-06
5.31961277414e-09	2.49594819479e-06
