% time-domain current integration by openEMS v0.0.36-93-g7b9cd51 @Thu Sep 24 15:59:58 2026
% start-coordinates: (0.05825,-0.0023,0.000459124) m -> [74,1,6]
% stop-coordinates: (0.0583,0.0006,0.000459124) m -> [75,4,6]
% t/s	current
2.66031184632e-14	0
3.69783346639e-12	0
7.36906381431e-12	0
1.10402941622e-11	0
1.47115245102e-11	0
1.83827548581e-11	0
2.2053985206e-11	7.74082688552e-36
2.57252155539e-11	3.35361015126e-32
2.93964459018e-11	2.44941124497e-29
3.30676762498e-11	5.14655820498e-27
3.67389065977e-11	4.32866862053e-25
4.04101369456e-11	1.79256807798e-23
4.40813672935e-11	4.24735636068e-22
4.77525976415e-11	6.42953555698e-21
5.14238279894e-11	6.75792278666e-20
5.50950583373e-11	5.25680775602e-19
5.87662886852e-11	3.17884227274e-18
6.24375190332e-11	1.55227721135e-17
6.61087493811e-11	6.30352787273e-17
6.9779979729e-11	2.17657133077e-16
7.34512100769e-11	6.48882294738e-16
7.71224404248e-11	1.68134790656e-15
8.07936707728e-11	3.76153398184e-15
8.44649011207e-11	7.02310676656e-15
8.81361314686e-11	9.68729643621e-15
9.18073618165e-11	3.72170861024e-15
9.54785921645e-11	-3.50694611697e-14
9.91498225124e-11	-1.66968923496e-13
1.0282105286e-10	-5.24316375906e-13
1.06492283208e-10	-1.37017914376e-12
1.10163513556e-10	-3.18442060915e-12
1.13834743904e-10	-6.7750900376e-12
1.17505974252e-10	-1.33989954548e-11
1.211772046e-10	-2.48519642365e-11
1.24848434948e-10	-4.3456148402e-11
1.28519665296e-10	-7.18305553926e-11
1.32190895644e-10	-1.12287373844e-10
1.35862125992e-10	-1.65656946494e-10
1.3953335634e-10	-2.29321575618e-10
1.43204586687e-10	-2.94240798393e-10
1.46875817035e-10	-3.40793393505e-10
1.50547047383e-10	-3.33356453552e-10
1.54218277731e-10	-2.13704345886e-10
1.57889508079e-10	1.06454976778e-10
1.61560738427e-10	7.53164142164e-10
1.65231968775e-10	1.89710114284e-09
1.68903199123e-10	3.75823372423e-09
1.72574429471e-10	6.60647181405e-09
1.76245659819e-10	1.07563193907e-08
1.79916890167e-10	1.65536739871e-08
1.83588120515e-10	2.4353109751e-08
1.87259350863e-10	3.44849091505e-08
1.9093058121e-10	4.72117314132e-08
1.94601811558e-10	6.26759444344e-08
1.98273041906e-10	8.08397260244e-08
2.01944272254e-10	1.01420546628e-07
2.05615502602e-10	1.23826282561e-07
2.0928673295e-10	1.4709428342e-07
2.12957963298e-10	1.69841854358e-07
2.16629193646e-10	1.90234104025e-07
2.20300423994e-10	2.05979347356e-07
2.23971654342e-10	2.14359943129e-07
2.2764288469e-10	2.12306076719e-07
2.31314115038e-10	1.96515401285e-07
2.34985345386e-10	1.63618850024e-07
2.38656575733e-10	1.10383858498e-07
2.42327806081e-10	3.39452626008e-08
2.45999036429e-10	-6.79517242475e-08
2.49670266777e-10	-1.96710686851e-07
2.53341497125e-10	-3.52658389602e-07
2.57012727473e-10	-5.34844616595e-07
2.60683957821e-10	-7.40881660022e-07
2.64355188169e-10	-9.66830725702e-07
2.68026418517e-10	-1.20715890262e-06
2.71697648865e-10	-1.45478043123e-06
2.75368879213e-10	-1.70121188603e-06
2.79040109561e-10	-1.93684354599e-06
2.82711339909e-10	-2.15133695747e-06
2.86382570256e-10	-2.33412583839e-06
2.90053800604e-10	-2.47497769124e-06
2.93725030952e-10	-2.56457565229e-06
2.973962613e-10	-2.59506373368e-06
3.01067491648e-10	-2.56052999248e-06
3.04738721996e-10	-2.45738669946e-06
3.08409952344e-10	-2.28467752095e-06
3.12081182692e-10	-2.04429943551e-06
3.1575241304e-10	-1.74113324647e-06
3.19423643388e-10	-1.3830970147e-06
3.23094873736e-10	-9.81044763648e-07
3.26766104084e-10	-5.48484990759e-07
3.30437334432e-10	-1.01071897518e-07
3.34108564779e-10	3.44130739904e-07
3.37779795127e-10	7.69574739934e-07
3.41451025475e-10	1.15823320357e-06
3.45122255823e-10	1.49456514009e-06
3.48793486171e-10	1.76533035301e-06
3.52464716519e-10	1.96016935661e-06
3.56135946867e-10	2.07196126212e-06
3.59807177215e-10	2.09701374843e-06
3.63478407563e-10	2.03516174224e-06
3.67149637911e-10	1.88985279692e-06
3.70820868259e-10	1.66821894254e-06
3.74492098607e-10	1.38106520353e-06
3.78163328955e-10	1.04264563561e-06
3.81834559302e-10	6.70099666422e-07
3.8550578965e-10	2.82495165038e-07
3.89177019998e-10	-1.00467211439e-07
3.92848250346e-10	-4.59901286831e-07
3.96519480694e-10	-7.79070205681e-07
4.00190711042e-10	-1.04436935544e-06
4.0386194139e-10	-1.24580708416e-06
4.07533171738e-10	-1.37700135383e-06
4.11204402086e-10	-1.43488068716e-06
4.14875632434e-10	-1.41934197018e-06
4.18546862782e-10	-1.33310129513e-06
4.2221809313e-10	-1.18181378639e-06
4.25889323478e-10	-9.74369299911e-07
4.29560553825e-10	-7.23075686437e-07
4.33231784173e-10	-4.43412318418e-07
4.36903014521e-10	-1.53127160729e-07
4.40574244869e-10	1.29319829512e-07
4.44245475217e-10	3.86691851872e-07
4.47916705565e-10	6.0481016817e-07
4.51587935913e-10	7.73789281538e-07
4.55259166261e-10	8.8835116685e-07
4.58930396609e-10	9.47200078372e-07
4.62601626957e-10	9.51815422923e-07
4.66272857305e-10	9.05211436475e-07
4.69944087653e-10	8.11207826246e-07
4.73615318001e-10	6.74522993904e-07
4.77286548348e-10	5.01578199419e-07
4.80957778696e-10	3.01532253388e-07
4.84629009044e-10	8.68813003763e-08
4.88300239392e-10	-1.26953551671e-07
4.9197146974e-10	-3.23249139456e-07
4.95642700088e-10	-4.86506678499e-07
4.99313930436e-10	-6.05121613262e-07
5.02985160784e-10	-6.73283295782e-07
5.06656391132e-10	-6.91400146025e-07
5.1032762148e-10	-6.64859896915e-07
5.13998851828e-10	-6.01596354954e-07
5.17670082176e-10	-5.09427934503e-07
5.21341312523e-10	-3.94229658696e-07
5.25012542871e-10	-2.5967460715e-07
5.28683773219e-10	-1.08608084304e-07
5.32355003567e-10	5.46305969351e-08
5.36026233915e-10	2.22104404202e-07
5.39697464263e-10	3.81539507543e-07
5.43368694611e-10	5.1761207942e-07
5.47039924959e-10	6.15068415755e-07
5.50711155307e-10	6.62649256356e-07
5.54382385655e-10	6.56339636862e-07
5.58053616003e-10	6.00587839017e-07
5.61724846351e-10	5.06860658334e-07
5.65396076699e-10	3.89959666336e-07
5.69067307046e-10	2.63463618921e-07
5.72738537394e-10	1.36086725888e-07
5.76409767742e-10	1.04299857639e-08
5.8008099809e-10	-1.15366304954e-07
5.83752228438e-10	-2.43796847599e-07
5.87423458786e-10	-3.73701539047e-07
5.91094689134e-10	-4.97510598052e-07
5.94765919482e-10	-6.0145612224e-07
5.9843714983e-10	-6.68984796448e-07
6.02108380178e-10	-6.86210455569e-07
6.05779610526e-10	-6.47270780973e-07
6.09450840874e-10	-5.573365911e-07
6.13122071222e-10	-4.31826322256e-07
6.16793301569e-10	-2.91870435376e-07
6.20464531917e-10	-1.57646184107e-07
6.24135762265e-10	-4.21716350729e-08
6.27806992613e-10	5.19167500102e-08
6.31478222961e-10	1.3122003395e-07
6.35149453309e-10	2.06490938126e-07
6.38820683657e-10	2.85735751504e-07
6.42491914005e-10	3.68498433545e-07
6.46163144353e-10	4.43924790261e-07
6.49834374701e-10	4.93692709824e-07
6.53505605049e-10	4.98846816299e-07
6.57176835397e-10	4.47836271178e-07
6.60848065745e-10	3.42400255704e-07
6.64519296092e-10	1.98669624751e-07
6.6819052644e-10	4.27045563356e-08
6.71861756788e-10	-9.80203793688e-08
6.75532987136e-10	-2.03904420459e-07
6.79204217484e-10	-2.69516533535e-07
6.82875447832e-10	-3.04224982983e-07
6.8654667818e-10	-3.2674941508e-07
6.90217908528e-10	-3.5579444102e-07
6.93889138876e-10	-4.00674423418e-07
6.97560369224e-10	-4.55974799252e-07
7.01231599572e-10	-5.02723139562e-07
7.0490282992e-10	-5.15825490766e-07
7.08574060268e-10	-4.74843119491e-07
7.12245290615e-10	-3.73655495878e-07
7.15916520963e-10	-2.24840349006e-07
7.19587751311e-10	-5.66750983921e-08
7.23258981659e-10	9.63516981756e-08
7.26930212007e-10	2.05895005934e-07
7.30601442355e-10	2.59999268337e-07
7.34272672703e-10	2.66962103979e-07
7.37943903051e-10	2.51025312537e-07
7.41615133399e-10	2.41458081973e-07
7.45286363747e-10	2.5946710025e-07
7.48957594095e-10	3.08413859784e-07
7.52628824443e-10	3.71616351913e-07
7.56300054791e-10	4.18912293298e-07
7.59971285138e-10	4.19444631916e-07
7.63642515486e-10	3.55413078523e-07
7.67313745834e-10	2.30993890682e-07
7.70984976182e-10	7.24848021605e-08
7.7465620653e-10	-8.06726276892e-08
7.78327436878e-10	-1.90567817526e-07
7.81998667226e-10	-2.35321465425e-07
7.85669897574e-10	-2.17430880411e-07
7.89341127922e-10	-1.6237329703e-07
7.9301235827e-10	-1.07799628779e-07
7.96683588618e-10	-8.75618013652e-08
8.00354818966e-10	-1.17143038381e-07
8.04026049314e-10	-1.86655782386e-07
8.07697279661e-10	-2.64559020025e-07
8.11368510009e-10	-3.10810690962e-07
8.15039740357e-10	-2.94094178344e-07
8.18710970705e-10	-2.05914503226e-07
8.22382201053e-10	-6.55406466876e-08
8.26053431401e-10	8.65063611855e-08
8.29724661749e-10	2.03939492849e-07
8.33395892097e-10	2.52924991173e-07
8.37067122445e-10	2.25583562496e-07
8.40738352793e-10	1.4313653196e-07
8.44409583141e-10	4.72248729011e-08
8.48080813489e-10	-1.72335603565e-08
8.51752043837e-10	-2.07397192753e-08
8.55423274184e-10	3.82739422378e-08
8.59094504532e-10	1.32471470238e-07
8.6276573488e-10	2.16837975131e-07
8.66436965228e-10	2.47644749152e-07
8.70108195576e-10	2.01306249892e-07
8.73779425924e-10	8.51578860761e-08
8.77450656272e-10	-6.45154898393e-08
8.8112188662e-10	-1.96574490019e-07
8.84793116968e-10	-2.65505946118e-07
8.88464347316e-10	-2.49850018008e-07
8.92135577664e-10	-1.60971609375e-07
8.95806808012e-10	-3.84985590074e-08
8.9947803836e-10	6.58037393464e-08
9.03149268707e-10	1.09213274868e-07
9.06820499055e-10	7.56685665237e-08
9.10491729403e-10	-1.74752763371e-08
9.14162959751e-10	-1.26508183484e-07
9.17834190099e-10	-1.9953250785e-07
9.21505420447e-10	-1.98347777314e-07
9.25176650795e-10	-1.14933477846e-07
9.28847881143e-10	2.44836151353e-08
9.32519111491e-10	1.69636436453e-07
9.36190341839e-10	2.66558458861e-07
9.39861572187e-10	2.79616841681e-07
9.43532802535e-10	2.06074474818e-07
9.47204032883e-10	7.71792727505e-08
9.5087526323e-10	-5.46309024685e-08
9.54546493578e-10	-1.37134094302e-07
9.58217723926e-10	-1.39586106229e-07
9.61888954274e-10	-6.51957137165e-08
9.65560184622e-10	5.02918098277e-08
9.6923141497e-10	1.53410042003e-07
9.72902645318e-10	1.95208770037e-07
9.76573875666e-10	1.5181868207e-07
9.80245106014e-10	3.47826443203e-08
9.83916336362e-10	-1.13282538905e-07
9.8758756671e-10	-2.36006314935e-07
9.91258797058e-10	-2.86387177084e-07
9.94930027406e-10	-2.46054867148e-07
9.98601257753e-10	-1.32647542728e-07
1.0022724881e-09	7.65598962005e-09
1.00594371845e-09	1.19196819526e-07
1.0096149488e-09	1.59527900223e-07
1.01328617915e-09	1.16445889375e-07
1.01695740949e-09	1.2547967998e-08
1.02062863984e-09	-1.04385669886e-07
1.02429987019e-09	-1.81211674999e-07
1.02797110054e-09	-1.8138860014e-07
1.03164233088e-09	-1.00152206528e-07
1.03531356123e-09	3.33422214283e-08
1.03898479158e-09	1.67886526015e-07
1.04265602193e-09	2.51241829119e-07
1.04632725228e-09	2.51571776744e-07
1.04999848262e-09	1.7033451627e-07
1.05366971297e-09	4.12955500906e-08
1.05734094332e-09	-8.37430960132e-08
1.06101217367e-09	-1.5632410566e-07
1.06468340402e-09	-1.50874271299e-07
1.06835463436e-09	-7.44777892692e-08
1.07202586471e-09	3.67965462544e-08
1.07569709506e-09	1.33162430416e-07
1.07936832541e-09	1.71614885858e-07
1.08303955576e-09	1.33393626811e-07
1.0867107861e-09	3.14634114318e-08
1.09038201645e-09	-9.49149523422e-08
1.0940532468e-09	-1.96302281097e-07
1.09772447715e-09	-2.33296646002e-07
1.1013957075e-09	-1.92494127305e-07
1.10506693784e-09	-9.15826134928e-08
1.10873816819e-09	2.84637682313e-08
1.11240939854e-09	1.20623099065e-07
1.11608062889e-09	1.51061996689e-07
1.11975185923e-09	1.12345510672e-07
1.12342308958e-09	2.54273793132e-08
1.12709431993e-09	-6.98957478562e-08
1.13076555028e-09	-1.31691649585e-07
1.13443678063e-09	-1.32821483589e-07
1.13810801097e-09	-7.14375474331e-08
1.14177924132e-09	2.88298505069e-08
1.14545047167e-09	1.28789338305e-07
1.14912170202e-09	1.89631208514e-07
1.15279293237e-09	1.88489494235e-07
1.15646416271e-09	1.27333663613e-07
1.16013539306e-09	3.1607939377e-08
1.16380662341e-09	-6.07153154419e-08
1.16747785376e-09	-1.14923942363e-07
1.17114908411e-09	-1.13433202387e-07
1.17482031445e-09	-6.20103719484e-08
1.1784915448e-09	1.38356810453e-08
1.18216277515e-09	8.021815745e-08
1.1858340055e-09	1.08851921254e-07
1.18950523585e-09	8.79255637187e-08
1.19317646619e-09	2.59018300142e-08
1.19684769654e-09	-5.27027239627e-08
1.20051892689e-09	-1.17468530902e-07
1.20419015724e-09	-1.44065495533e-07
1.20786138759e-09	-1.23503923533e-07
1.21153261793e-09	-6.51401279583e-08
1.21520384828e-09	7.65250618429e-09
1.21887507863e-09	6.72982096717e-08
1.22254630898e-09	9.31745915977e-08
1.22621753932e-09	7.93934233911e-08
1.22988876967e-09	3.60832927981e-08
1.23356000002e-09	-1.59359032637e-08
1.23723123037e-09	-5.43114850871e-08
1.24090246072e-09	-6.39951309722e-08
1.24457369106e-09	-4.22856487603e-08
1.24824492141e-09	1.32671829078e-09
1.25191615176e-09	4.97339058825e-08
1.25558738211e-09	8.49984900242e-08
1.25925861246e-09	9.48098772824e-08
1.2629298428e-09	7.65250689483e-08
1.26660107315e-09	3.75853552725e-08
1.2702723035e-09	-7.72748798283e-09
1.27394353385e-09	-4.39395506646e-08
1.2776147642e-09	-6.02152994134e-08
1.28128599454e-09	-5.39883266981e-08
1.28495722489e-09	-3.10052676866e-08
1.28862845524e-09	-2.11726991495e-09
1.29229968559e-09	2.1394686911e-08
1.29597091594e-09	3.17725046273e-08
1.29964214628e-09	2.66501825053e-08
1.30331337663e-09	8.80159767291e-09
1.30698460698e-09	-1.54127732799e-08
1.31065583733e-09	-3.80479221462e-08
1.31432706767e-09	-5.16217149027e-08
1.31799829802e-09	-5.1106674448e-08
1.32166952837e-09	-3.55632892024e-08
1.32534075872e-09	-8.77637695851e-09
1.32901198907e-09	2.16620748006e-08
1.33268321941e-09	4.67533887161e-08
1.33635444976e-09	5.90921409582e-08
1.34002568011e-09	5.52623156125e-08
1.34369691046e-09	3.68209782664e-08
1.34736814081e-09	9.76851310952e-09
1.35103937115e-09	-1.71164824536e-08
1.3547106015e-09	-3.46574431376e-08
1.35838183185e-09	-3.60747307582e-08
1.3620530622e-09	-1.96679188491e-08
1.36572429255e-09	9.61796509102e-09
1.36939552289e-09	4.09239824251e-08
1.37306675324e-09	6.10133383816e-08
1.37673798359e-09	5.96357807581e-08
1.38040921394e-09	3.43980062212e-08
1.38408044429e-09	-7.36577465688e-09
1.38775167463e-09	-5.09376363311e-08
1.39142290498e-09	-7.99051775857e-08
1.39509413533e-09	-8.27236448231e-08
1.39876536568e-09	-5.74074618953e-08
1.40243659602e-09	-1.25730679201e-08
1.40610782637e-09	3.54438824957e-08
1.40977905672e-09	6.83779859401e-08
1.41345028707e-09	7.28707618691e-08
1.41712151742e-09	4.60546729641e-08
1.42079274776e-09	-2.37308217521e-09
1.42446397811e-09	-5.29835268992e-08
1.42813520846e-09	-8.39510789774e-08
1.43180643881e-09	-8.02654795962e-08
1.43547766916e-09	-4.07817708492e-08
1.4391488995e-09	2.04169161577e-08
1.44282012985e-09	7.9384193441e-08
1.4464913602e-09	1.12206826941e-07
1.45016259055e-09	1.05036903619e-07
1.4538338209e-09	5.98969691623e-08
1.45750505124e-09	-6.04658634273e-09
1.46117628159e-09	-6.72150406444e-08
1.46484751194e-09	-9.95602107423e-08
1.46851874229e-09	-8.99819667666e-08
1.47218997264e-09	-4.17873309289e-08
1.47586120298e-09	2.59746304465e-08
1.47953243333e-09	8.54658779303e-08
1.48320366368e-09	1.11089690336e-07
1.48687489403e-09	9.03840415845e-08
1.49054612438e-09	2.99974587392e-08
1.49421735472e-09	-4.63427305419e-08
1.49788858507e-09	-1.0746504131e-07
1.50155981542e-09	-1.27935692262e-07
1.50523104577e-09	-9.88906521115e-08
1.50890227611e-09	-3.17320179022e-08
1.51257350646e-09	4.67338878707e-08
1.51624473681e-09	1.05348505031e-07
1.51991596716e-09	1.21081782822e-07
1.52358719751e-09	8.80335591091e-08
1.52725842785e-09	1.97093132925e-08
1.5309296582e-09	-5.61543487265e-08
1.53460088855e-09	-1.0835654507e-07
1.5382721189e-09	-1.14715305699e-07
1.54194334925e-09	-7.14456689366e-08
1.54561457959e-09	4.65222615986e-09
1.54928580994e-09	8.26430621714e-08
1.55295704029e-09	1.30253638986e-07
1.55662827064e-09	1.27596393895e-07
1.56029950099e-09	7.56675433422e-08
1.56397073133e-09	-4.20965751147e-09
1.56764196168e-09	-7.95996584202e-08
1.57131319203e-09	-1.20538629744e-07
1.57498442238e-09	-1.11566556882e-07
1.57865565273e-09	-5.74392871044e-08
1.58232688307e-09	1.92843785385e-08
1.58599811342e-09	8.74057235478e-08
1.58966934377e-09	1.19358944062e-07
1.59334057412e-09	1.02054322326e-07
1.59701180446e-09	4.22376800202e-08
1.60068303481e-09	-3.59189158416e-08
1.60435426516e-09	-1.0044004739e-07
1.60802549551e-09	-1.24752929764e-07
1.61169672586e-09	-9.89274653307e-08
1.6153679562e-09	-3.38913110909e-08
1.61903918655e-09	4.3388066473e-08
1.6227104169e-09	1.01551293596e-07
1.62638164725e-09	1.17989294779e-07
1.6300528776e-09	8.77186181469e-08
1.63372410794e-09	2.45563462897e-08
1.63739533829e-09	-4.52422312947e-08
1.64106656864e-09	-9.37590556305e-08
1.64473779899e-09	-1.02221882514e-07
1.64840902934e-09	-6.79541258819e-08
1.65208025968e-09	-5.15467846185e-09
1.65575149003e-09	6.0731792928e-08
1.65942272038e-09	1.03104738969e-07
1.66309395073e-09	1.04978411741e-07
1.66676518108e-09	6.60213146375e-08
1.67043641142e-09	2.66102695434e-09
1.67410764177e-09	-5.90107269716e-08
1.67777887212e-09	-9.44126057334e-08
1.68145010247e-09	-9.06525201572e-08
1.68512133282e-09	-5.12312610113e-08
1.68879256316e-09	6.39408970216e-09
1.69246379351e-09	5.86910857692e-08
1.69613502386e-09	8.55968238511e-08
1.69980625421e-09	7.78741053864e-08
1.70347748455e-09	3.98849522298e-08
1.7071487149e-09	-1.26798518352e-08
1.71081994525e-09	-5.9004207742e-08
1.7144911756e-09	-8.10993654454e-08
1.71816240595e-09	-7.07263225763e-08
1.72183363629e-09	-3.26263958073e-08
1.72550486664e-09	1.74633107974e-08
1.72917609699e-09	5.94263021014e-08
1.73284732734e-09	7.72075026134e-08
1.73651855769e-09	6.52694112091e-08
1.74018978803e-09	3.02079143921e-08
1.74386101838e-09	-1.28664794374e-08
1.74753224873e-09	-4.70544989639e-08
1.75120347908e-09	-6.02684266937e-08
1.75487470943e-09	-4.91304099626e-08
1.75854593977e-09	-1.92575164704e-08
1.76221717012e-09	1.74633498773e-08
1.76588840047e-09	4.7310539486e-08
1.76955963082e-09	5.94846341073e-08
1.77323086117e-09	4.98524315162e-08
1.77690209151e-09	2.24553122763e-08
1.78057332186e-09	-1.19977752178e-08
1.78424455221e-09	-4.03506348334e-08
1.78791578256e-09	-5.22876959508e-08
1.7915870129e-09	-4.43318128873e-08
1.79525824325e-09	-2.07534398555e-08
1.7989294736e-09	8.79688144551e-09
1.80260070395e-09	3.34756045106e-08
1.8062719343e-09	4.51889263786e-08
1.80994316464e-09	4.08581790623e-08
1.81361439499e-09	2.2738197103e-08
1.81728562534e-09	-2.69133937358e-09
1.82095685569e-09	-2.6702455358e-08
1.82462808604e-09	-4.08652951478e-08
1.82829931638e-09	-3.9808739416e-08
1.83197054673e-09	-2.34010890665e-08
1.83564177708e-09	2.74057487815e-09
1.83931300743e-09	2.90759984978e-08
1.84298423778e-09	4.57972113566e-08
1.84665546812e-09	4.67229881451e-08
1.85032669847e-09	3.16419956903e-08
1.85399792882e-09	6.16110407137e-09
1.85766915917e-09	-2.05862420444e-08
1.86134038952e-09	-3.91964256607e-08
1.86501161986e-09	-4.30409521357e-08
1.86868285021e-09	-3.03729805751e-08
1.87235408056e-09	-5.12636555428e-09
1.87602531091e-09	2.39111521694e-08
1.87969654125e-09	4.57447804081e-08
1.8833677716e-09	5.1197339701e-08
1.88703900195e-09	3.69262878053e-08
1.8907102323e-09	7.49757322893e-09
1.89438146265e-09	-2.58898005256e-08
1.89805269299e-09	-4.98205388055e-08
1.90172392334e-09	-5.43151443821e-08
1.90539515369e-09	-3.71019304168e-08
1.90906638404e-09	-4.5906620727e-09
1.91273761439e-09	3.07105878505e-08
1.91640884473e-09	5.50729701843e-08
1.92008007508e-09	5.87610387015e-08
1.92375130543e-09	3.97604331681e-08
1.92742253578e-09	4.8146011622e-09
1.93109376613e-09	-3.26858327071e-08
1.93476499647e-09	-5.75413352522e-08
1.93843622682e-09	-5.88166102489e-08
1.94210745717e-09	-3.47924498101e-08
1.94577868752e-09	5.58903590075e-09
1.94944991787e-09	4.59295925737e-08
1.95312114821e-09	6.91864840974e-08
1.95679237856e-09	6.51200622315e-08
1.96046360891e-09	3.49063427052e-08
1.96413483926e-09	-9.24899001831e-09
1.96780606961e-09	-4.92584284473e-08
1.97147729995e-09	-6.86821906015e-08
1.9751485303e-09	-5.94266822418e-08
1.97881976065e-09	-2.49878411296e-08
1.982490991e-09	2.08763868415e-08
1.98616222134e-09	5.94757310068e-08
1.98983345169e-09	7.45976507233e-08
1.99350468204e-09	5.92533950794e-08
1.99717591239e-09	1.90151414614e-08
2.00084714274e-09	-2.9751010544e-08
2.00451837308e-09	-6.64574244524e-08
2.00818960343e-09	-7.51167021917e-08
2.01186083378e-09	-5.15129379153e-08
2.01553206413e-09	-5.3234279207e-09
2.01920329448e-09	4.39436966815e-08
2.02287452482e-09	7.53969473521e-08
2.02654575517e-09	7.57534195373e-08
2.03021698552e-09	4.49207604447e-08
2.03388821587e-09	-4.1001007034e-09
2.03755944622e-09	-5.07384143589e-08
2.04123067656e-09	-7.53847402279e-08
2.04490190691e-09	-6.74821549751e-08
2.04857313726e-09	-2.99967730655e-08
2.05224436761e-09	2.15699564876e-08
2.05591559796e-09	6.54169554082e-08
2.0595868283e-09	8.25876185218e-08
2.06325805865e-09	6.52627676345e-08
2.066929289e-09	2.047953096e-08
2.07060051935e-09	-3.26343752022e-08
2.07427174969e-09	-7.11112733143e-08
2.07794298004e-09	-7.82522917575e-08
2.08161421039e-09	-5.09929449777e-08
2.08528544074e-09	-1.20152876537e-09
2.08895667109e-09	4.9582148165e-08
2.09262790143e-09	7.95131072096e-08
2.09629913178e-09	7.57710623134e-08
2.09997036213e-09	3.99361113068e-08
2.10364159248e-09	-1.27194521582e-08
2.10731282283e-09	-5.96570544076e-08
2.11098405317e-09	-8.05799729164e-08
2.11465528352e-09	-6.61422348003e-08
2.11832651387e-09	-2.21843841075e-08
2.12199774422e-09	3.24899929183e-08
2.12566897457e-09	7.40911900721e-08
2.12934020491e-09	8.42548715241e-08
2.13301143526e-09	5.82809214222e-08
2.13668266561e-09	7.39181071907e-09
2.14035389596e-09	-4.61309284105e-08
2.14402512631e-09	-7.87762104437e-08
2.14769635665e-09	-7.61679501693e-08
2.151367587e-09	-3.93459522741e-08
2.15503881735e-09	1.57337609608e-08
2.1587100477e-09	6.51427924936e-08
2.16238127804e-09	8.73062759865e-08
2.16605250839e-09	7.2308985466e-08
2.16972373874e-09	2.62653934158e-08
2.17339496909e-09	-3.11224255256e-08
2.17706619944e-09	-7.49003703504e-08
2.18073742978e-09	-8.56625064216e-08
2.18440866013e-09	-5.81882204642e-08
2.18807989048e-09	-4.03975386476e-09
2.19175112083e-09	5.32378550133e-08
2.19542235118e-09	8.83694752929e-08
2.19909358152e-09	8.55527133581e-08
2.20276481187e-09	4.55782860342e-08
2.20643604222e-09	-1.43670710884e-08
2.21010727257e-09	-6.81539518155e-08
2.21377850292e-09	-9.21124865272e-08
2.21744973326e-09	-7.53826583377e-08
2.22112096361e-09	-2.47332501147e-08
2.22479219396e-09	3.82136882138e-08
2.22846342431e-09	8.61841442656e-08
2.23213465466e-09	9.80026868547e-08
2.235805885e-09	6.79010199178e-08
2.23947711535e-09	8.32106294979e-09
2.2431483457e-09	-5.5161194723e-08
2.24681957605e-09	-9.47820666397e-08
2.2504908064e-09	-9.27479533175e-08
2.25416203674e-09	-4.92468714697e-08
2.25783326709e-09	1.73343508436e-08
2.26150449744e-09	7.82186759807e-08
2.26517572779e-09	1.06719724613e-07
2.26884695813e-09	8.99322785131e-08
2.27251818848e-09	3.44987114431e-08
2.27618941883e-09	-3.60715972647e-08
2.27986064918e-09	-9.140349988e-08
2.28353187953e-09	-1.07307741359e-07
2.28720310987e-09	-7.63055467701e-08
2.29087434022e-09	-1.11001376979e-08
2.29454557057e-09	6.05990564395e-08
2.29821680092e-09	1.07825528062e-07
2.30188803127e-09	1.09725284858e-07
2.30555926161e-09	6.47801527975e-08
2.30923049196e-09	-8.2236892851e-09
2.31290172231e-09	-7.80660229793e-08
2.31657295266e-09	-1.14487491487e-07
2.32024418301e-09	-1.0132589523e-07
2.32391541335e-09	-4.36561364836e-08
2.3275866437e-09	3.42092789651e-08
2.33125787405e-09	9.90260247136e-08
2.3349291044e-09	1.22825895232e-07
2.33860033475e-09	9.49582528165e-08
2.34227156509e-09	2.68132307468e-08
2.34594279544e-09	-5.28307708692e-08
2.34961402579e-09	-1.09945062832e-07
2.35328525614e-09	-1.19786434993e-07
2.35695648648e-09	-7.76333948238e-08
2.36062771683e-09	-1.05047570642e-09
2.36429894718e-09	7.74304353968e-08
2.36797017753e-09	1.24174846405e-07
2.37164140788e-09	1.18912531377e-07
2.37531263822e-09	6.35391614878e-08
2.37898386857e-09	-1.85900468352e-08
2.38265509892e-09	-9.25851963984e-08
2.38632632927e-09	-1.26892160779e-07
2.38999755962e-09	-1.06742795936e-07
2.39366878996e-09	-4.04729654235e-08
2.39734002031e-09	4.39530154495e-08
2.40101125066e-09	1.10739804882e-07
2.40468248101e-09	1.31421359129e-07
2.40835371136e-09	9.70020721525e-08
2.4120249417e-09	2.19010285463e-08
2.41569617205e-09	-6.20598470391e-08
2.4193674024e-09	-1.19156695177e-07
2.42303863275e-09	-1.25027483477e-07
2.4267098631e-09	-7.71255344034e-08
2.43038109344e-09	4.1785086502e-09
2.43405232379e-09	8.43264231776e-08
2.43772355414e-09	1.29348038058e-07
2.44139478449e-09	1.20299830542e-07
2.44506601484e-09	6.12058101979e-08
2.44873724518e-09	-2.27843717227e-08
2.45240847553e-09	-9.613172125e-08
2.45607970588e-09	-1.2793398696e-07
2.45975093623e-09	-1.04918726151e-07
2.46342216657e-09	-3.69873909278e-08
2.46709339692e-09	4.7005435988e-08
2.47076462727e-09	1.11479423026e-07
2.47443585762e-09	1.29223892031e-07
2.47810708797e-09	9.29534920147e-08
2.48177831831e-09	1.83556210231e-08
2.48544954866e-09	-6.27051690572e-08
2.48912077901e-09	-1.15880425255e-07
2.49279200936e-09	-1.18984445407e-07
2.49646323971e-09	-7.12776255796e-08
2.50013447005e-09	6.51468834434e-09
2.5038057004e-09	8.12766245417e-08
2.50747693075e-09	1.21634727179e-07
2.5111481611e-09	1.11099232925e-07
2.51481939145e-09	5.47503802295e-08
2.51849062179e-09	-2.31787158356e-08
2.52216185214e-09	-8.9681634563e-08
2.52583308249e-09	-1.16923587257e-07
2.52950431284e-09	-9.39079498607e-08
2.53317554319e-09	-3.09736627457e-08
2.53684677353e-09	4.477611526e-08
2.54051800388e-09	1.01161191424e-07
2.54418923423e-09	1.14682435992e-07
2.54786046458e-09	8.04031614621e-08
2.55153169492e-09	1.3723723491e-08
2.55520292527e-09	-5.65804683106e-08
2.55887415562e-09	-1.00860312102e-07
2.56254538597e-09	-1.01131448105e-07
2.56621661632e-09	-5.83281831723e-08
2.56988784666e-09	8.59403659348e-09
2.57355907701e-09	7.10523337943e-08
2.57723030736e-09	1.03002513185e-07
2.58090153771e-09	9.1750891329e-08
2.58457276806e-09	4.29820623538e-08
2.5882439984e-09	-2.19755502684e-08
2.59191522875e-09	-7.54123092861e-08
2.5955864591e-09	-9.50683016754e-08
2.59925768945e-09	-7.34848342177e-08
2.6029289198e-09	-2.0879928897e-08
2.60660015014e-09	3.96245880552e-08
2.61027138049e-09	8.22226766672e-08
2.61394261084e-09	8.95194744999e-08
2.61761384119e-09	5.96551643639e-08
2.62128507154e-09	6.52532516909e-09
2.62495630188e-09	-4.67011673777e-08
2.62862753223e-09	-7.76975781491e-08
2.63229876258e-09	-7.43013615079e-08
2.63596999293e-09	-3.91993211224e-08
2.63964122327e-09	1.17456426807e-08
2.64331245362e-09	5.65798892183e-08
2.64698368397e-09	7.66590844137e-08
2.65065491432e-09	6.4398733457e-08
2.65432614467e-09	2.61652459699e-08
2.65799737501e-09	-2.08423855952e-08
2.66166860536e-09	-5.62919773017e-08
2.66533983571e-09	-6.5573473762e-08
2.66901106606e-09	-4.58965061512e-08
2.67268229641e-09	-7.01528390934e-09
2.67635352675e-09	3.35528298478e-08
2.6800247571e-09	5.84616088872e-08
2.68369598745e-09	5.79726204819e-08
2.6873672178e-09	3.36922028055e-08
2.69103844815e-09	-2.76347922323e-09
2.69470967849e-09	-3.52678881654e-08
2.69838090884e-09	-5.02552417458e-08
2.70205213919e-09	-4.23192751953e-08
2.70572336954e-09	-1.60941233673e-08
2.70939459989e-09	1.61944377908e-08
2.71306583023e-09	4.03125568482e-08
2.71673706058e-09	4.62666136514e-08
2.72040829093e-09	3.24949631647e-08
2.72407952128e-09	6.19151308001e-09
2.72775075163e-09	-2.02934984372e-08
2.73142198197e-09	-3.52382940605e-08
2.73509321232e-09	-3.27895683938e-08
2.73876444267e-09	-1.52575232448e-08
2.74243567302e-09	8.44400904754e-09
2.74610690336e-09	2.72612226127e-08
2.74977813371e-09	3.31274279119e-08
2.75344936406e-09	2.437570501e-08
2.75712059441e-09	6.03738348204e-09
2.76079182476e-09	-1.28663142362e-08
2.7644630551e-09	-2.3633202062e-08
2.76813428545e-09	-2.17969358118e-08
2.7718055158e-09	-8.95644980403e-09
2.77547674615e-09	8.21160739406e-09
2.7791479765e-09	2.1246719939e-08
2.78281920684e-09	2.39665780555e-08
2.78649043719e-09	1.53937733671e-08
2.79016166754e-09	1.43760559013e-10
2.79383289789e-09	-1.39317783976e-08
2.79750412824e-09	-1.96933882535e-08
2.80117535858e-09	-1.42806815262e-08
2.80484658893e-09	-5.10939734966e-10
2.80851781928e-09	1.45759768699e-08
2.81218904963e-09	2.32638459607e-08
2.81586027998e-09	2.1004240125e-08
2.81953151032e-09	8.67221139345e-09
2.82320274067e-09	-7.82696041313e-09
2.82687397102e-09	-2.037189617e-08
2.83054520137e-09	-2.25169802803e-08
2.83421643171e-09	-1.26512489373e-08
2.83788766206e-09	5.04993336037e-09
2.84155889241e-09	2.23780052266e-08
2.84523012276e-09	3.08354444201e-08
2.84890135311e-09	2.57108894175e-08
2.85257258345e-09	8.57041637659e-09
2.8562438138e-09	-1.31252075874e-08
2.85991504415e-09	-2.92644521949e-08
2.8635862745e-09	-3.1789184618e-08
2.86725750485e-09	-1.86602573393e-08
2.87092873519e-09	4.86628071172e-09
2.87459996554e-09	2.83732131123e-08
2.87827119589e-09	4.09315141781e-08
2.88194242624e-09	3.6159356398e-08
2.88561365659e-09	1.53492862864e-08
2.88928488693e-09	-1.28163710755e-08
2.89295611728e-09	-3.59133878192e-08
2.89662734763e-09	-4.3244082093e-08
2.90029857798e-09	-3.07314920178e-08
2.90396980833e-09	-3.03993830109e-09
2.90764103867e-09	2.81304064487e-08
2.91131226902e-09	4.89831464279e-08
2.91498349937e-09	4.97262604426e-08
2.91865472972e-09	2.91415496179e-08
2.92232596006e-09	-4.50584280998e-09
2.92599719041e-09	-3.67918460142e-08
2.92966842076e-09	-5.33497086508e-08
2.93333965111e-09	-4.6274372778e-08
2.93701088146e-09	-1.784989756e-08
2.9406821118e-09	2.01474374961e-08
2.94435334215e-09	5.13637381516e-08
2.9480245725e-09	6.19245810185e-08
2.95169580285e-09	4.65845104713e-08
2.9553670332e-09	1.12550626596e-08
2.95903826354e-09	-2.92708968175e-08
2.96270949389e-09	-5.75239873513e-08
2.96638072424e-09	-6.08969514815e-08
2.97005195459e-09	-3.72643640389e-08
2.97372318494e-09	3.82562292955e-09
2.97739441528e-09	4.50150423603e-08
2.98106564563e-09	6.85005332457e-08
2.98473687598e-09	6.37541006654e-08
2.98840810633e-09	3.22281756837e-08
2.99207933668e-09	-1.30464563597e-08
2.99575056702e-09	-5.28810168987e-08
2.99942179737e-09	-7.0089875237e-08
3.00309302772e-09	-5.6904241319e-08
3.00676425807e-09	-1.84525053015e-08
3.01043548842e-09	2.92373680821e-08
3.01410671876e-09	6.59369803202e-08
3.01777794911e-09	7.58120819455e-08
3.02144917946e-09	5.42690656857e-08
3.02512040981e-09	1.00822781235e-08
3.02879164015e-09	-3.81934874838e-08
3.0324628705e-09	-7.00508380191e-08
3.03613410085e-09	-7.17840791253e-08
3.0398053312e-09	-4.2402760414e-08
3.04347656155e-09	5.86886450549e-09
3.04714779189e-09	5.2725713573e-08
3.05081902224e-09	7.83649198866e-08
3.05449025259e-09	7.18676673728e-08
3.05816148294e-09	3.58252094657e-08
3.06183271329e-09	-1.47198875311e-08
3.06550394363e-09	-5.85676076525e-08
3.06917517398e-09	-7.72623565126e-08
3.07284640433e-09	-6.28677128134e-08
3.07651763468e-09	-2.13509956382e-08
3.08018886503e-09	2.98838429558e-08
3.08386009537e-09	6.9318076612e-08
3.08753132572e-09	8.04065223292e-08
3.09120255607e-09	5.85661332764e-08
3.09487378642e-09	1.30754180816e-08
3.09854501677e-09	-3.6919466595e-08
3.10221624711e-09	-7.05347105168e-08
3.10588747746e-09	-7.39136538641e-08
3.10955870781e-09	-4.59265123709e-08
3.11322993816e-09	1.52959733768e-09
3.1169011685e-09	4.86350799633e-08
3.12057239885e-09	7.59370948344e-08
3.1242436292e-09	7.23697155536e-08
3.12791485955e-09	3.97235275784e-08
3.1315860899e-09	-8.2230595666e-09
3.13525732024e-09	-5.15108453669e-08
3.13892855059e-09	-7.2330202272e-08
3.14259978094e-09	-6.23969214075e-08
3.14627101129e-09	-2.62817039243e-08
3.14994224164e-09	2.06818686621e-08
3.15361347198e-09	5.89742263912e-08
3.15728470233e-09	7.30874631927e-08
3.16095593268e-09	5.7833027256e-08
3.16462716303e-09	2.01774916775e-08
3.16829839338e-09	-2.39966251314e-08
3.17196962372e-09	-5.66514408717e-08
3.17564085407e-09	-6.49535536468e-08
3.17931208442e-09	-4.62577567362e-08
3.18298331477e-09	-8.83468764812e-09
3.18665454512e-09	3.17810879835e-08
3.19032577546e-09	5.92201487848e-08
3.19399700581e-09	6.28712371054e-08
3.19766823616e-09	4.20002379542e-08
3.20133946651e-09	5.76160674726e-09
3.20501069686e-09	-3.08147818373e-08
3.2086819272e-09	-5.3125937427e-08
3.21235315755e-09	-5.28986916493e-08
3.2160243879e-09	-3.12330250551e-08
3.21969561825e-09	2.33036123731e-09
3.22336684859e-09	3.40950272459e-08
3.22703807894e-09	5.18596010579e-08
3.23070930929e-09	4.95529093314e-08
3.23438053964e-09	2.91401551777e-08
3.23805176999e-09	-6.67683242028e-10
3.24172300033e-09	-2.81337158015e-08
3.24539423068e-09	-4.30622897341e-08
3.24906546103e-09	-4.05065563314e-08
3.25273669138e-09	-2.23242206943e-08
3.25640792173e-09	3.88960641473e-09
3.26007915207e-09	2.79719500895e-08
3.26375038242e-09	4.11654568211e-08
3.26742161277e-09	3.93118284592e-08
3.27109284312e-09	2.40477344704e-08
3.27476407347e-09	1.70491487594e-09
3.27843530381e-09	-1.94109510687e-08
3.28210653416e-09	-3.21222017874e-08
3.28577776451e-09	-3.26647331406e-08
3.28944899486e-09	-2.1534241057e-08
3.29312022521e-09	-2.91759127968e-09
3.29679145555e-09	1.68591007821e-08
3.3004626859e-09	3.13133980967e-08
3.30413391625e-09	3.57339260404e-08
3.3078051466e-09	2.86145898087e-08
3.31147637694e-09	1.21911885032e-08
3.31514760729e-09	-8.16259770886e-09
3.31881883764e-09	-2.55996273069e-08
3.32249006799e-09	-3.4043544872e-08
3.32616129834e-09	-3.02554745701e-08
3.32983252868e-09	-1.50222607687e-08
3.33350375903e-09	6.92681112469e-09
3.33717498938e-09	2.82712235844e-08
3.34084621973e-09	4.13606073835e-08
3.34451745008e-09	4.08016376241e-08
3.34818868042e-09	2.5621277544e-08
3.35185991077e-09	1.89167403963e-10
3.35553114112e-09	-2.67223008166e-08
3.35920237147e-09	-4.47821228988e-08
3.36287360182e-09	-4.60560833915e-08
3.36654483216e-09	-2.85478094497e-08
3.37021606251e-09	2.31736496659e-09
3.37388729286e-09	3.51984930091e-08
3.37755852321e-09	5.70053906301e-08
3.38122975356e-09	5.81478438733e-08
3.3849009839e-09	3.6716940599e-08
3.38857221425e-09	-1.96823113363e-10
3.3922434446e-09	-3.87487055775e-08
3.39591467495e-09	-6.34554879753e-08
3.39958590529e-09	-6.33360812685e-08
3.40325713564e-09	-3.67225680975e-08
3.40692836599e-09	7.31508764673e-09
3.41059959634e-09	5.18452836218e-08
3.41427082669e-09	7.84927038922e-08
3.41794205703e-09	7.50449231646e-08
3.42161328738e-09	4.10759177782e-08
3.42528451773e-09	-1.10483879823e-08
3.42895574808e-09	-6.06001435699e-08
3.43262697843e-09	-8.67955023409e-08
3.43629820877e-09	-7.75804807063e-08
3.43996943912e-09	-3.51222411155e-08
3.44364066947e-09	2.44654376758e-08
3.44731189982e-09	7.72494388457e-08
3.45098313017e-09	1.01087572091e-07
3.45465436051e-09	8.4867288308e-08
3.45832559086e-09	3.35812231356e-08
3.46199682121e-09	-3.30159721784e-08
3.46566805156e-09	-8.7923041292e-08
3.46933928191e-09	-1.07798271642e-07
3.47301051225e-09	-8.29062472008e-08
3.4766817426e-09	-2.18500666449e-08
3.48035297295e-09	5.12311970624e-08
3.4840242033e-09	1.06206037742e-07
3.48769543365e-09	1.19462313819e-07
3.49136666399e-09	8.41204723656e-08
3.49503789434e-09	1.34676696462e-08
3.49870912469e-09	-6.40505533056e-08
3.50238035504e-09	-1.16354584634e-07
3.50605158538e-09	-1.21041807688e-07
3.50972281573e-09	-7.49423350044e-08
3.51339404608e-09	4.10493905534e-09
3.51706527643e-09	8.41355500825e-08
3.52073650678e-09	1.3195791837e-07
3.52440773712e-09	1.26900573605e-07
3.52807896747e-09	6.97567941188e-08
3.53175019782e-09	-1.69462168742e-08
3.53542142817e-09	-9.77729897045e-08
3.53909265852e-09	-1.38893085477e-07
3.54276388886e-09	-1.22328586372e-07
3.54643511921e-09	-5.3875091055e-08
3.55010634956e-09	3.88533649698e-08
3.55377757991e-09	1.17629724627e-07
3.55744881026e-09	1.49469286725e-07
3.5611200406e-09	1.20491421285e-07
3.56479127095e-09	4.1934775652e-08
3.5684625013e-09	-5.42413189919e-08
3.57213373165e-09	-1.28397729782e-07
3.575804962e-09	-1.49561572016e-07
3.57947619234e-09	-1.08353802375e-07
3.58314742269e-09	-2.11335997591e-08
3.58681865304e-09	7.64584058288e-08
3.59048988339e-09	1.44054013163e-07
3.59416111373e-09	1.53295445671e-07
3.59783234408e-09	9.98052698264e-08
3.60150357443e-09	5.28723020921e-09
3.60517480478e-09	-9.12830060429e-08
3.60884603513e-09	-1.49810773564e-07
3.61251726547e-09	-1.45827570464e-07
3.61618849582e-09	-8.07711018069e-08
3.61985972617e-09	1.85456450197e-08
3.62353095652e-09	1.11059449637e-07
3.62720218687e-09	1.58500682801e-07
3.63087341721e-09	1.41249898888e-07
3.63454464756e-09	6.64428014829e-08
3.63821587791e-09	-3.50012285821e-08
3.64188710826e-09	-1.21169946965e-07
3.64555833861e-09	-1.56487459435e-07
3.64922956895e-09	-1.26435651282e-07
3.6529007993e-09	-4.35685478806e-08
3.65657202965e-09	5.77034811045e-08
3.66024326e-09	1.35422908443e-07
3.66391449035e-09	1.57542331181e-07
3.66758572069e-09	1.15221467922e-07
3.67125695104e-09	2.6392847019e-08
3.67492818139e-09	-7.18621038232e-08
3.67859941174e-09	-1.38870049682e-07
3.68227064209e-09	-1.47277120277e-07
3.68594187243e-09	-9.42414999372e-08
3.68961310278e-09	-2.32803509803e-09
3.69328433313e-09	9.01273580212e-08
3.69695556348e-09	1.45045504496e-07
3.70062679382e-09	1.40309424523e-07
3.70429802417e-09	7.86809195574e-08
3.70796925452e-09	-1.3663260745e-08
3.71164048487e-09	-9.82459766874e-08
3.71531171522e-09	-1.40347140132e-07
3.71898294556e-09	-1.23306719502e-07
3.72265417591e-09	-5.51553398509e-08
3.72632540626e-09	3.50970061902e-08
3.72999663661e-09	1.09830665451e-07
3.73366786696e-09	1.38561944141e-07
3.7373390973e-09	1.10440481649e-07
3.74101032765e-09	3.83309526342e-08
3.744681558e-09	-4.70423486831e-08
3.74835278835e-09	-1.102270204e-07
3.7520240187e-09	-1.25816868035e-07
3.75569524904e-09	-8.86801885258e-08
3.75936647939e-09	-1.55321746576e-08
3.76303770974e-09	6.25590814707e-08
3.76670894009e-09	1.13383819667e-07
3.77038017044e-09	1.16895790825e-07
3.77405140078e-09	7.31184499614e-08
3.77772263113e-09	1.54192925095e-09
3.78139386148e-09	-6.75102000969e-08
3.78506509183e-09	-1.05738408251e-07
3.78873632217e-09	-9.85023618227e-08
3.79240755252e-09	-5.04347958952e-08
3.79607878287e-09	1.71369283208e-08
3.79975001322e-09	7.56284919134e-08
3.80342124357e-09	1.01329774793e-07
3.80709247391e-09	8.50610177849e-08
3.81076370426e-09	3.53863782721e-08
3.81443493461e-09	-2.57056385067e-08
3.81810616496e-09	-7.2530184525e-08
3.82177739531e-09	-8.65348326329e-08
3.82544862565e-09	-6.36408898913e-08
3.829119856e-09	-1.52084940197e-08
3.83279108635e-09	3.74560755745e-08
3.8364623167e-09	7.24432567267e-08
3.84013354705e-09	7.63487975064e-08
3.84380477739e-09	4.93783431921e-08
3.84747600774e-09	4.52967441333e-09
3.85114723809e-09	-3.85262168834e-08
3.85481846844e-09	-6.20415647745e-08
3.85848969879e-09	-5.75310110662e-08
3.86216092913e-09	-2.88080705957e-08
3.86583215948e-09	1.03793276196e-08
3.86950338983e-09	4.28236219818e-08
3.87317462018e-09	5.54247492346e-08
3.87684585052e-09	4.45077361633e-08
3.88051708087e-09	1.67005573815e-08
3.88418831122e-09	-1.47168730535e-08
3.88785954157e-09	-3.60658169996e-08
3.89153077192e-09	-3.92062418086e-08
3.89520200226e-09	-2.45847004976e-08
3.89887323261e-09	-2.95016455709e-10
3.90254446296e-09	2.21091767116e-08
3.90621569331e-09	3.29800400323e-08
3.90988692366e-09	2.868980431e-08
3.913558154e-09	1.27671766492e-08
3.91722938435e-09	-6.25320817349e-09
3.9209006147e-09	-1.91312992115e-08
3.92457184505e-09	-2.03108054819e-08
3.9282430754e-09	-1.03372208571e-08
3.93191430574e-09	4.76653649883e-09
3.93558553609e-09	1.67817724162e-08
3.93925676644e-09	1.95492013688e-08
3.94292799679e-09	1.20363070621e-08
3.94659922714e-09	-1.29749477829e-09
3.95027045748e-09	-1.29584467601e-08
3.95394168783e-09	-1.63902758032e-08
3.95761291818e-09	-9.39811606315e-09
3.96128414853e-09	4.68383998253e-09
3.96495537888e-09	1.8621665987e-08
3.96862660922e-09	2.48831462102e-08
3.97229783957e-09	1.94444425006e-08
3.97596906992e-09	3.98405664015e-09
3.97964030027e-09	-1.46043337423e-08
3.98331153061e-09	-2.72548703606e-08
3.98698276096e-09	-2.70153925896e-08
3.99065399131e-09	-1.26232233555e-08
3.99432522166e-09	1.0379663351e-08
3.99799645201e-09	3.17433332953e-08
4.00166768235e-09	4.10749763091e-08
4.0053389127e-09	3.28424931695e-08
4.00901014305e-09	9.4122105665e-09
4.0126813734e-09	-1.95096845346e-08
4.01635260375e-09	-4.09820017921e-08
4.02002383409e-09	-4.46790480169e-08
4.02369506444e-09	-2.77917742153e-08
4.02736629479e-09	3.33432392807e-09
4.03103752514e-09	3.56562424031e-08
4.03470875549e-09	5.49556027352e-08
4.03837998583e-09	5.2057323785e-08
4.04205121618e-09	2.70660827084e-08
4.04572244653e-09	-1.02623740617e-08
4.04939367688e-09	-4.43039205322e-08
4.05306490723e-09	-6.00777312343e-08
4.05673613757e-09	-4.98274133065e-08
4.06040736792e-09	-1.67918585703e-08
4.06407859827e-09	2.56688483802e-08
4.06774982862e-09	5.94883040606e-08
4.07142105896e-09	6.96700368508e-08
4.07509228931e-09	5.10099127382e-08
4.07876351966e-09	1.0688604668e-08
4.08243475001e-09	-3.45480017927e-08
4.08610598036e-09	-6.54684200185e-08
4.0897772107e-09	-6.85988652549e-08
4.09344844105e-09	-4.20580228422e-08
4.0971196714e-09	3.50303963614e-09
4.10079090175e-09	4.92379328421e-08
4.1044621321e-09	7.59015534868e-08
4.10813336244e-09	7.19078201428e-08
4.11180459279e-09	3.83412555038e-08
4.11547582314e-09	-1.12216778092e-08
4.11914705349e-09	-5.61565585144e-08
4.12281828384e-09	-7.73838451096e-08
4.12648951418e-09	-6.55539835748e-08
4.13016074453e-09	-2.52495837572e-08
4.13383197488e-09	2.676061861e-08
4.13750320523e-09	6.85841214931e-08
4.14117443558e-09	8.25534129945e-08
4.14484566592e-09	6.2764357267e-08
4.14851689627e-09	1.75319740947e-08
4.15218812662e-09	-3.42114532259e-08
4.15585935697e-09	-7.0927015372e-08
4.15953058731e-09	-7.74385497948e-08
4.16320181766e-09	-5.11437221462e-08
4.16687304801e-09	-3.01194535979e-09
4.17054427836e-09	4.69738736797e-08
4.17421550871e-09	7.80692630542e-08
4.17788673905e-09	7.73699753154e-08
4.1815579694e-09	4.52376625049e-08
4.18522919975e-09	-4.78968598117e-09
4.1889004301e-09	-5.16830525044e-08
4.19257166045e-09	-7.58436868864e-08
4.19624289079e-09	-6.74276989798e-08
4.19991412114e-09	-3.04283034325e-08
4.20358535149e-09	1.92422628942e-08
4.20725658184e-09	6.07117272011e-08
4.21092781219e-09	7.70121317828e-08
4.21459904253e-09	6.20170936827e-08
4.21827027288e-09	2.26325234109e-08
4.22194150323e-09	-2.44187141618e-08
4.22561273358e-09	-5.96839697664e-08
4.22928396393e-09	-6.89673314014e-08
4.23295519427e-09	-4.9005095093e-08
4.23662642462e-09	-8.62352855791e-09
4.24029765497e-09	3.50629427714e-08
4.24396888532e-09	6.38758237415e-08
4.24764011567e-09	6.62059704837e-08
4.25131134601e-09	4.18077519271e-08
4.25498257636e-09	1.67057900846e-09
4.25865380671e-09	-3.69582409121e-08
4.26232503706e-09	-5.81019534707e-08
4.2659962674e-09	-5.37530837619e-08
4.26966749775e-09	-2.68628941313e-08
4.2733387281e-09	1.04650972332e-08
4.27700995845e-09	4.24709654112e-08
4.2806811888e-09	5.63779067875e-08
4.28435241914e-09	4.74096992775e-08
4.28802364949e-09	2.02998471366e-08
4.29169487984e-09	-1.30630715134e-08
4.29536611019e-09	-3.87432663729e-08
4.29903734054e-09	-4.65327332222e-08
4.30270857088e-09	-3.40478152339e-08
4.30637980123e-09	-7.47380468624e-09
4.31005103158e-09	2.13486064382e-08
4.31372226193e-09	4.02201507654e-08
4.31739349228e-09	4.18620089704e-08
4.32106472262e-09	2.67888964345e-08
4.32473595297e-09	2.57547894122e-09
4.32840718332e-09	-1.99437391046e-08
4.33207841367e-09	-3.15821253594e-08
4.33574964402e-09	-2.85256582799e-08
4.33942087436e-09	-1.33985604833e-08
4.34309210471e-09	6.46495479373e-09
4.34676333506e-09	2.24813891947e-08
4.35043456541e-09	2.8418810416e-08
4.35410579575e-09	2.27378382789e-08
4.3577770261e-09	8.87372042513e-09
4.36144825645e-09	-6.53627818537e-09
4.3651194868e-09	-1.66914517763e-08
4.36879071715e-09	-1.76416481423e-08
4.37246194749e-09	-9.92019977275e-09
4.37613317784e-09	1.985954734e-09
4.37980440819e-09	1.20507035462e-08
4.38347563854e-09	1.57589887806e-08
4.38714686889e-09	1.22003527281e-08
4.39081809923e-09	4.15581435931e-09
4.39448932958e-09	-3.70320685228e-09
4.39816055993e-09	-7.38818517476e-09
4.40183179028e-09	-5.52680212706e-09
4.40550302063e-09	2.49679277253e-10
4.40917425097e-09	6.43601261174e-09
4.41284548132e-09	9.55363166355e-09
4.41651671167e-09	7.86741338743e-09
4.42018794202e-09	2.18788454021e-09
4.42385917237e-09	-4.51359749576e-09
4.42753040271e-09	-8.50216341775e-09
4.43120163306e-09	-7.14349868147e-09
4.43487286341e-09	-4.07163580629e-10
4.43854409376e-09	8.79166517365e-09
4.44221532411e-09	1.57819748381e-08
4.44588655445e-09	1.6457692098e-08
4.4495577848e-09	9.58418500119e-09
4.45322901515e-09	-2.21743001738e-09
4.4569002455e-09	-1.3492897466e-08
4.46057147584e-09	-1.85752142556e-08
4.46424270619e-09	-1.44536791424e-08
4.46791393654e-09	-2.38615260884e-09
4.47158516689e-09	1.25499415304e-08
4.47525639724e-09	2.37148114479e-08
4.47892762758e-09	2.58668411135e-08
4.48259885793e-09	1.75040284489e-08
4.48627008828e-09	1.64345159703e-09
4.48994131863e-09	-1.52612269488e-08
4.49361254898e-09	-2.58817980381e-08
4.49728377932e-09	-2.51182061817e-08
4.50095500967e-09	-1.25174013377e-08
4.50462624002e-09	7.13210734915e-09
4.50829747037e-09	2.55399488225e-08
4.51196870072e-09	3.44442092626e-08
4.51563993106e-09	2.942063837e-08
4.51931116141e-09	1.21270975484e-08
4.52298239176e-09	-1.0222930058e-08
4.52665362211e-09	-2.79936003267e-08
4.53032485246e-09	-3.34067387087e-08
4.5339960828e-09	-2.39695143733e-08
4.53766731315e-09	-3.52091067413e-09
4.5413385435e-09	1.94453146918e-08
4.54500977385e-09	3.53477602744e-08
4.54868100419e-09	3.74635931166e-08
4.55235223454e-09	2.46953071326e-08
4.55602346489e-09	2.10786610388e-09
4.55969469524e-09	-2.10085318031e-08
4.56336592559e-09	-3.49032944769e-08
4.56703715593e-09	-3.35031060672e-08
4.57070838628e-09	-1.71651368674e-08
4.57437961663e-09	7.28374605075e-09
4.57805084698e-09	2.94186790484e-08
4.58172207733e-09	3.97838775257e-08
4.58539330767e-09	3.40585479819e-08
4.58906453802e-09	1.48883270157e-08
4.59273576837e-09	-9.41939326538e-09
4.59640699872e-09	-2.86199330901e-08
4.60007822907e-09	-3.48990134569e-08
4.60374945941e-09	-2.6003739606e-08
4.60742068976e-09	-5.94375881846e-09
4.61109192011e-09	1.68388289978e-08
4.61476315046e-09	3.29728813142e-08
4.61843438081e-09	3.59547200901e-08
4.62210561115e-09	2.47765150618e-08
4.6257768415e-09	4.32997104838e-09
4.62944807185e-09	-1.66485030206e-08
4.6331193022e-09	-2.93218782588e-08
4.63679053254e-09	-2.8587226808e-08
4.64046176289e-09	-1.5244790319e-08
4.64413299324e-09	4.51482407016e-09
4.64780422359e-09	2.20465707912e-08
4.65147545394e-09	3.01551494886e-08
4.65514668428e-09	2.61019845738e-08
4.65881791463e-09	1.24291794634e-08
4.66248914498e-09	-4.55189841375e-09
4.66616037533e-09	-1.76951875375e-08
4.66983160568e-09	-2.19891909126e-08
4.67350283602e-09	-1.63858207003e-08
4.67717406637e-09	-3.91649068732e-09
4.68084529672e-09	9.80128422867e-09
4.68451652707e-09	1.90092563912e-08
4.68818775742e-09	2.02246095427e-08
4.69185898776e-09	1.36328459632e-08
4.69553021811e-09	2.82523937578e-09
4.69920144846e-09	-7.02759628268e-09
4.70287267881e-09	-1.16893037472e-08
4.70654390916e-09	-9.79642855725e-09
4.7102151395e-09	-3.23786664147e-09
4.71388636985e-09	4.14393852566e-09
4.7175576002e-09	8.71456062868e-09
4.72122883055e-09	8.84903439413e-09
4.7249000609e-09	5.45963008136e-09
4.72857129124e-09	1.13634479604e-09
4.73224252159e-09	-1.45206546787e-09
4.73591375194e-09	-9.88929604873e-10
4.73958498229e-09	1.91227633728e-09
4.74325621263e-09	5.15911668941e-09
4.74692744298e-09	6.35715391439e-09
4.75059867333e-09	4.15261469655e-09
4.75426990368e-09	-8.73540684232e-10
4.75794113403e-09	-6.24763973889e-09
4.76161236437e-09	-8.69308891538e-09
4.76528359472e-09	-5.87924464668e-09
4.76895482507e-09	2.01288852253e-09
4.77262605542e-09	1.18645848701e-08
4.77629728577e-09	1.87985875755e-08
4.77996851611e-09	1.85637301087e-08
4.78363974646e-09	9.95281901339e-09
4.78731097681e-09	-4.11001677136e-09
4.79098220716e-09	-1.75480501241e-08
4.79465343751e-09	-2.38254962426e-08
4.79832466785e-09	-1.9099875459e-08
4.8019958982e-09	-4.29411750602e-09
4.80566712855e-09	1.4932613368e-08
4.8093383589e-09	3.03693532544e-08
4.81300958925e-09	3.47242199439e-08
4.81668081959e-09	2.49434997102e-08
4.82035204994e-09	3.95248633822e-09
4.82402328029e-09	-2.00533882833e-08
4.82769451064e-09	-3.6723591279e-08
4.83136574098e-09	-3.7970622202e-08
4.83503697133e-09	-2.18409699215e-08
4.83870820168e-09	6.00197980205e-09
4.84237943203e-09	3.41578285656e-08
4.84605066238e-09	5.01906214367e-08
4.84972189272e-09	4.61764955162e-08
4.85339312307e-09	2.25712355473e-08
4.85706435342e-09	-1.14975602372e-08
4.86073558377e-09	-4.18169925354e-08
4.86440681412e-09	-5.50720358206e-08
4.86807804446e-09	-4.46668906307e-08
4.87174927481e-09	-1.38603439837e-08
4.87542050516e-09	2.51969467513e-08
4.87909173551e-09	5.62333504206e-08
4.88276296586e-09	6.55877911981e-08
4.8864341962e-09	4.81739341751e-08
4.89010542655e-09	1.01086961024e-08
4.8937766569e-09	-3.33109611006e-08
4.89744788725e-09	-6.37163424244e-08
4.9011191176e-09	-6.74696210012e-08
4.90479034794e-09	-4.18156389514e-08
4.90846157829e-09	3.42872952253e-09
4.91213280864e-09	4.96202510192e-08
4.91580403899e-09	7.70467423195e-08
4.91947526933e-09	7.33997396196e-08
4.92314649968e-09	3.9272670449e-08
4.92681773003e-09	-1.17498846208e-08
4.93048896038e-09	-5.85500288253e-08
4.93416019073e-09	-8.12372462633e-08
4.93783142107e-09	-6.9569850325e-08
4.94150265142e-09	-2.75217004742e-08
4.94517388177e-09	2.80088592319e-08
4.94884511212e-09	7.39568832842e-08
4.95251634247e-09	9.0651752771e-08
4.95618757281e-09	7.02575917444e-08
4.95985880316e-09	2.04548484817e-08
4.96353003351e-09	-3.83883644872e-08
4.96720126386e-09	-8.15617795524e-08
4.97087249421e-09	-9.04579735561e-08
4.97454372455e-09	-6.06480341503e-08
4.9782149549e-09	-4.03532451898e-09
4.98188618525e-09	5.59347377305e-08
4.9855574156e-09	9.40522824067e-08
4.98922864595e-09	9.39779312148e-08
4.99289987629e-09	5.52262875431e-08
4.99657110664e-09	-6.45164011104e-09
5.00024233699e-09	-6.54915908171e-08
5.00391356734e-09	-9.71145368567e-08
5.00758479769e-09	-8.77148309542e-08
5.01125602803e-09	-4.07176834472e-08
5.01492725838e-09	2.46170834828e-08
5.01859848873e-09	8.10739351209e-08
5.02226971908e-09	1.04834747106e-07
5.02594094942e-09	8.55786979059e-08
5.02961217977e-09	3.1010610968e-08
5.03328341012e-09	-3.62133292242e-08
5.03695464047e-09	-8.79343815541e-08
5.04062587082e-09	-1.02351847886e-07
5.04429710116e-09	-7.32556699745e-08
5.04796833151e-09	-1.26889085905e-08
5.05163956186e-09	5.40776881053e-08
5.05531079221e-09	9.91314408338e-08
5.05898202256e-09	1.03608357449e-07
5.0626532529e-09	6.55822134377e-08
5.06632448325e-09	8.82273587521e-10
5.0699957136e-09	-6.34968415625e-08
5.07366694395e-09	-1.00662148839e-07
5.0773381743e-09	-9.50665040023e-08
5.08100940464e-09	-4.9040743022e-08
5.08468063499e-09	1.81457888715e-08
5.08835186534e-09	7.83542759564e-08
5.09202309569e-09	1.06395638966e-07
5.09569432604e-09	9.06192951788e-08
5.09936555638e-09	3.779438984e-08
5.10303678673e-09	-2.98004199095e-08
5.10670801708e-09	-8.38151166249e-08
5.11037924743e-09	-1.01764939586e-07
5.11405047777e-09	-7.64197380931e-08
5.11772170812e-09	-1.87026323317e-08
5.12139293847e-09	4.7042039597e-08
5.12506416882e-09	9.33365953415e-08
5.12873539917e-09	1.01067570313e-07
5.13240662951e-09	6.73766180626e-08
5.13607785986e-09	6.69862654235e-09
5.13974909021e-09	-5.540837833e-08
5.14342032056e-09	-9.30308061697e-08
5.14709155091e-09	-9.07321506816e-08
5.15076278125e-09	-4.99108594454e-08
5.1544340116e-09	1.19367022933e-08
5.15810524195e-09	6.8713589485e-08
5.1617764723e-09	9.6770492064e-08
5.16544770265e-09	8.47957579708e-08
5.16911893299e-09	3.83990546027e-08
5.17279016334e-09	-2.24936584914e-08
5.17646139369e-09	-7.22312734069e-08
5.18013262404e-09	-9.02742129938e-08
5.18380385439e-09	-6.96904365327e-08
5.18747508473e-09	-1.97879703734e-08
5.19114631508e-09	3.8094356114e-08
5.19481754543e-09	7.97137857944e-08
5.19848877578e-09	8.80768737943e-08
5.20216000613e-09	6.03745320404e-08
5.20583123647e-09	8.87153994711e-09
5.20950246682e-09	-4.44894645568e-08
5.21317369717e-09	-7.74268613668e-08
5.21684492752e-09	-7.6644823821e-08
5.22051615786e-09	-4.32204352308e-08
5.22418738821e-09	8.13519029919e-09
5.22785861856e-09	5.55370363031e-08
5.23152984891e-09	7.9287261201e-08
5.23520107926e-09	7.00948206145e-08
5.2388723096e-09	3.27048788051e-08
5.24254353995e-09	-1.64770739275e-08
5.2462147703e-09	-5.66055184947e-08
5.24988600065e-09	-7.12475980436e-08
5.253557231e-09	-5.51009264882e-08
5.25722846134e-09	-1.58499169345e-08
5.26089969169e-09	2.94543980317e-08
5.26457092204e-09	6.1784312777e-08
5.26824215239e-09	6.81067930941e-08
5.27191338274e-09	4.66292426893e-08
5.27558461308e-09	7.20651538444e-09
5.27925584343e-09	-3.31245431084e-08
5.28292707378e-09	-5.74893164185e-08
5.28659830413e-09	-5.62612108013e-08
5.29026953448e-09	-3.08840384378e-08
5.29394076482e-09	7.1097572274e-09
5.29761199517e-09	4.13198293359e-08
5.30128322552e-09	5.75898297939e-08
5.30495445587e-09	4.98897740897e-08
5.30862568621e-09	2.24990444053e-08
5.31229691656e-09	-1.22561178983e-08
5.31596814691e-09	-3.95497394834e-08
5.31963937726e-09	-4.837698242e-08
