% time-domain voltage integration by openEMS v0.0.36-93-g7b9cd51 @Thu Sep 24 15:59:58 2026
% start-coordinates: (0.007,0,0.000138439) m -> [10,3,5]
% stop-coordinates: (0.007,0,0.0021) m -> [10,3,7]
% t/s	voltage
0	-0
3.67123034792e-12	-3.12477567377e-07
7.34246069585e-12	-2.69459007995e-07
1.10136910438e-11	1.06844156633e-07
1.46849213917e-11	1.43261641483e-06
1.83561517396e-11	4.51713140137e-06
2.20273820875e-11	1.02171255776e-05
2.56986124355e-11	1.86452455182e-05
2.93698427834e-11	2.7866891287e-05
3.30410731313e-11	3.23994850078e-05
3.67123034792e-11	2.23359509164e-05
4.03835338272e-11	-1.53005373704e-05
4.40547641751e-11	-9.17461738936e-05
4.7725994523e-11	-0.000208356428629
5.13972248709e-11	-0.000347622753907
5.50684552188e-11	-0.000468523590825
5.87396855668e-11	-0.000512006692588
6.24109159147e-11	-0.000419343246904
6.60821462626e-11	-0.000159490871738
6.97533766105e-11	0.000245733601332
7.34246069585e-11	0.000713027155143
7.70958373064e-11	0.00111527257832
8.07670676543e-11	0.00132344801386
8.44382980022e-11	0.00125712604495
8.81095283501e-11	0.000920709237107
9.17807586981e-11	0.000407184939831
9.5451989046e-11	-0.000134175556013
9.91232193939e-11	-0.000552521654754
1.02794449742e-10	-0.000748568185372
1.0646568009e-10	-0.000704386038706
1.10136910438e-10	-0.000480152986711
1.13808140786e-10	-0.000183099145943
1.17479371134e-10	7.56538938731e-05
1.21150601481e-10	0.000218861136091
1.24821831829e-10	0.000223276412726
1.28493062177e-10	0.000118204017781
1.32164292525e-10	-3.35907411682e-05
1.35835522873e-10	-0.000163440690812
1.39506753221e-10	-0.000222180584387
1.43177983569e-10	-0.000194753811229
1.46849213917e-10	-9.99965814117e-05
1.50520444265e-10	2.23751314934e-05
1.54191674613e-10	0.000130483311295
1.57862904961e-10	0.000196033368411
1.61534135309e-10	0.000210792604776
1.65205365657e-10	0.000182927968126
1.68876596004e-10	0.000127645804241
1.72547826352e-10	5.84238005104e-05
1.762190567e-10	-1.61538791872e-05
1.79890287048e-10	-9.04913731574e-05
1.83561517396e-10	-0.000157353673785
1.87232747744e-10	-0.000205702093808
1.90903978092e-10	-0.000223108323553
1.9457520844e-10	-0.000201666236535
1.98246438788e-10	-0.000143318397022
2.01917669136e-10	-6.08700102021e-05
2.05588899484e-10	2.63330284724e-05
2.09260129832e-10	0.000100002083855
2.1293136018e-10	0.000149575620526
2.16602590527e-10	0.000174395396243
2.20273820875e-10	0.00018077975983
2.23945051223e-10	0.000176123965502
2.27616281571e-10	0.000163742039149
2.31287511919e-10	0.000141483815241
2.34958742267e-10	0.000104505072159
2.38629972615e-10	5.01681934111e-05
2.42301202963e-10	-1.79588532774e-05
2.45972433311e-10	-8.95506700545e-05
2.49643663659e-10	-0.000150793552166
2.53314894007e-10	-0.000189650734683
2.56986124355e-10	-0.000200426726224
2.60657354703e-10	-0.000185341750694
2.6432858505e-10	-0.000152548946062
2.67999815398e-10	-0.000111982806629
2.71671045746e-10	-7.1299497904e-05
2.75342276094e-10	-3.38891804859e-05
2.79013506442e-10	4.26802827747e-07
2.8268473679e-10	3.30539005517e-05
2.86355967138e-10	6.42855775368e-05
2.90027197486e-10	9.23184443309e-05
2.93698427834e-10	0.000113898520794
2.97369658182e-10	0.000125851911434
3.0104088853e-10	0.000126453058328
3.04712118878e-10	0.000115918126539
3.08383349226e-10	9.60509023571e-05
3.12054579573e-10	6.95554417689e-05
3.15725809921e-10	3.94605049223e-05
3.19397040269e-10	8.87634496394e-06
3.23068270617e-10	-1.9125191784e-05
3.26739500965e-10	-4.18106001234e-05
3.30410731313e-10	-5.73190936848e-05
3.34081961661e-10	-6.52152602925e-05
3.37753192009e-10	-6.66146861477e-05
3.41424422357e-10	-6.36497343294e-05
3.45095652705e-10	-5.84548697589e-05
3.48766883053e-10	-5.21294714417e-05
3.52438113401e-10	-4.43350591013e-05
3.56109343749e-10	-3.38105728588e-05
3.59780574096e-10	-1.94728966108e-05
3.63451804444e-10	-1.55387772338e-06
3.67123034792e-10	1.7902829768e-05
3.7079426514e-10	3.55493134521e-05
3.74465495488e-10	4.79629288748e-05
3.78136725836e-10	5.30157958565e-05
3.81807956184e-10	5.07143558934e-05
3.85479186532e-10	4.30476193287e-05
3.8915041688e-10	3.2968026062e-05
3.92821647228e-10	2.30194423239e-05
3.96492877576e-10	1.42669987326e-05
4.00164107924e-10	6.12291620428e-06
4.03835338272e-10	-2.88617053457e-06
4.07506568619e-10	-1.39177304845e-05
4.11177798967e-10	-2.68001217592e-05
4.14849029315e-10	-3.97850085392e-05
4.18520259663e-10	-5.02046650581e-05
4.22191490011e-10	-5.5587094721e-05
4.25862720359e-10	-5.47054387425e-05
4.29533950707e-10	-4.805601111e-05
4.33205181055e-10	-3.75570439246e-05
4.36876411403e-10	-2.57344486272e-05
4.40547641751e-10	-1.47450950863e-05
4.44218872099e-10	-5.65737957459e-06
4.47890102447e-10	1.6714967046e-06
4.51561332795e-10	8.17677687337e-06
4.55232563142e-10	1.48146873471e-05
4.5890379349e-10	2.17885549318e-05
4.62575023838e-10	2.82085266008e-05
4.66246254186e-10	3.23267504427e-05
4.69917484534e-10	3.22545070048e-05
4.73588714882e-10	2.68313729066e-05
4.7725994523e-10	1.62102558079e-05
4.80931175578e-10	1.92298028878e-06
4.84602405926e-10	-1.36120659135e-05
4.88273636274e-10	-2.79037635664e-05
4.91944866622e-10	-3.91417283936e-05
4.9561609697e-10	-4.66525789307e-05
4.99287327317e-10	-5.09072351633e-05
5.02958557665e-10	-5.30979968971e-05
5.06629788013e-10	-5.4465633184e-05
5.10301018361e-10	-5.56172744837e-05
5.13972248709e-10	-5.61020506211e-05
5.17643479057e-10	-5.44762033314e-05
5.21314709405e-10	-4.89042986374e-05
5.24985939753e-10	-3.81053296223e-05
5.28657170101e-10	-2.22088790451e-05
5.32328400449e-10	-3.05856900695e-06
5.35999630797e-10	1.62664380241e-05
5.39670861145e-10	3.2542446661e-05
5.43342091493e-10	4.36064656242e-05
5.4701332184e-10	4.9081761972e-05
5.50684552188e-10	5.03107503391e-05
5.54355782536e-10	4.95535114169e-05
5.58027012884e-10	4.88444911753e-05
5.61698243232e-10	4.90480979352e-05
5.6536947358e-10	4.94874793731e-05
5.69040703928e-10	4.82805116917e-05
5.72711934276e-10	4.32714064118e-05
5.76383164624e-10	3.3128022551e-05
5.80054394972e-10	1.81490254363e-05
5.8372562532e-10	4.36414683946e-07
5.87396855668e-10	-1.67518426224e-05
5.91068086016e-10	-3.01839991153e-05
5.94739316363e-10	-3.78497097699e-05
5.98410546711e-10	-3.96660734623e-05
6.02081777059e-10	-3.73487487195e-05
6.05753007407e-10	-3.35467825607e-05
6.09424237755e-10	-3.06524420921e-05
6.13095468103e-10	-2.97688270621e-05
6.16766698451e-10	-3.03118217744e-05
6.20437928799e-10	-3.03544557028e-05
6.24109159147e-10	-2.75591623904e-05
6.27780389495e-10	-2.03466599942e-05
6.31451619843e-10	-8.77052764281e-06
6.35122850191e-10	5.29676913175e-06
6.38794080539e-10	1.87597242984e-05
6.42465310886e-10	2.84899601866e-05
6.46136541234e-10	3.25674036503e-05
6.49807771582e-10	3.10092691507e-05
6.5347900193e-10	2.56755456576e-05
6.57150232278e-10	1.93878531718e-05
6.60821462626e-10	1.46873783251e-05
6.64492692974e-10	1.28043300265e-05
6.68163923322e-10	1.32478508021e-05
6.7183515367e-10	1.41579919273e-05
6.75506384018e-10	1.32349696287e-05
6.79177614366e-10	8.82243068645e-06
6.82848844714e-10	7.20182441682e-07
6.86520075062e-10	-9.60220847901e-06
6.90191305409e-10	-1.9499466589e-05
6.93862535757e-10	-2.61677237177e-05
6.97533766105e-10	-2.7783547921e-05
7.01204996453e-10	-2.42760415858e-05
7.04876226801e-10	-1.73523385456e-05
7.08547457149e-10	-9.76524881935e-06
7.12218687497e-10	-4.11825516267e-06
7.15889917845e-10	-1.75796418489e-06
7.19561148193e-10	-2.2878178072e-06
7.23232378541e-10	-3.88076381341e-06
7.26903608889e-10	-4.22152390911e-06
7.30574839237e-10	-1.63703589351e-06
7.34246069585e-10	4.11671817346e-06
7.37917299932e-10	1.17103579669e-05
7.4158853028e-10	1.87882039882e-05
7.45259760628e-10	2.29571787713e-05
7.48930990976e-10	2.27758598612e-05
7.52602221324e-10	1.83570330137e-05
7.56273451672e-10	1.1311981666e-05
7.5994468202e-10	4.05171408602e-06
7.63615912368e-10	-1.22067592656e-06
7.67287142716e-10	-3.40994887438e-06
7.70958373064e-10	-2.91404882091e-06
7.74629603412e-10	-1.32721561386e-06
7.7830083376e-10	-6.45572612257e-07
7.81972064108e-10	-2.32000485312e-06
7.85643294455e-10	-6.57769942336e-06
7.89314524803e-10	-1.23082697883e-05
7.92985755151e-10	-1.7523359702e-05
7.96656985499e-10	-2.02092705877e-05
8.00328215847e-10	-1.92138707007e-05
8.03999446195e-10	-1.47622881741e-05
8.07670676543e-10	-8.37964182665e-06
8.11341906891e-10	-2.23835971269e-06
8.15013137239e-10	1.79510988119e-06
8.18684367587e-10	2.95711873832e-06
8.22355597935e-10	1.85497796679e-06
8.26026828283e-10	9.44378371059e-08
8.29698058631e-10	-5.47177791077e-07
8.33369288978e-10	1.02167550153e-06
8.37040519326e-10	4.71096410593e-06
8.40711749674e-10	9.30550118028e-06
8.44382980022e-10	1.3033045434e-05
8.4805421037e-10	1.43509309964e-05
8.51725440718e-10	1.26015738715e-05
8.55396671066e-10	8.29912494282e-06
8.59067901414e-10	2.91396224839e-06
8.62739131762e-10	-1.74419452037e-06
8.6641036211e-10	-4.28073599323e-06
8.70081592458e-10	-4.31076335872e-06
8.73752822806e-10	-2.60622513792e-06
8.77424053154e-10	-7.12191138064e-07
8.81095283501e-10	-2.07812657749e-07
8.84766513849e-10	-1.92716294123e-06
8.88437744197e-10	-5.5368758467e-06
8.92108974545e-10	-9.67596406554e-06
8.95780204893e-10	-1.25797205328e-05
8.99451435241e-10	-1.29079708131e-05
9.03122665589e-10	-1.03665792039e-05
9.06793895937e-10	-5.83853528724e-06
9.10465126285e-10	-9.90778175947e-07
9.14136356633e-10	2.46981187502e-06
9.17807586981e-10	3.53740432502e-06
9.21478817329e-10	2.32249465171e-06
9.25150047677e-10	-2.31046755061e-08
9.28821278024e-10	-1.85564005051e-06
9.32492508372e-10	-1.80861763965e-06
9.3616373872e-10	5.67128374485e-07
9.39834969068e-10	4.57095046613e-06
9.43506199416e-10	8.64985031512e-06
9.47177429764e-10	1.10959917947e-05
9.50848660112e-10	1.08174568823e-05
9.5451989046e-10	7.83921996117e-06
9.58191120808e-10	3.3038477909e-06
9.61862351156e-10	-1.02401861568e-06
9.65533581504e-10	-3.52148435923e-06
9.69204811852e-10	-3.41473378285e-06
9.728760422e-10	-1.11689899995e-06
9.76547272547e-10	1.95977483486e-06
9.80218502895e-10	4.03216853329e-06
9.83889733243e-10	3.7604201566e-06
9.87560963591e-10	8.89652170599e-07
9.91232193939e-10	-3.59716324283e-06
9.94903424287e-10	-7.88935324181e-06
9.98574654635e-10	-1.0156345752e-05
1.00224588498e-09	-9.39394419674e-06
1.00591711533e-09	-5.89224873693e-06
1.00958834568e-09	-1.11743852926e-06
1.01325957603e-09	2.94221104014e-06
1.01693080637e-09	4.67208104737e-06
1.02060203672e-09	3.53657389951e-06
1.02427326707e-09	2.96106151154e-07
1.02794449742e-09	-3.34757532983e-06
1.03161572777e-09	-5.52302884671e-06
1.03528695811e-09	-5.01597440916e-06
1.03895818846e-09	-1.80886900125e-06
1.04262941881e-09	2.89348923843e-06
1.04630064916e-09	7.17366197023e-06
1.04997187951e-09	9.22091169286e-06
1.05364310985e-09	8.12631662939e-06
1.0573143402e-09	4.30981202726e-06
1.06098557055e-09	-6.38088749838e-07
1.0646568009e-09	-4.63307321752e-06
1.06832803125e-09	-6.01457600169e-06
1.07199926159e-09	-4.30155455433e-06
1.07567049194e-09	-4.18250394318e-07
1.07934172229e-09	3.71696870616e-06
1.08301295264e-09	6.05984007507e-06
1.08668418299e-09	5.37624288199e-06
1.09035541333e-09	1.80788646276e-06
1.09402664368e-09	-3.18560256574e-06
1.09769787403e-09	-7.47523938571e-06
1.10136910438e-09	-9.20956642858e-06
1.10504033472e-09	-7.62936895171e-06
1.10871156507e-09	-3.3974517919e-06
1.11238279542e-09	1.69137351236e-06
1.11605402577e-09	5.49521729454e-06
1.11972525612e-09	6.45737475224e-06
1.12339648646e-09	4.28007410846e-06
1.12706771681e-09	5.73782799052e-08
1.13073894716e-09	-4.2055251015e-06
1.13441017751e-09	-6.47792194286e-06
1.13808140786e-09	-5.6045427641e-06
1.1417526382e-09	-1.83664545261e-06
1.14542386855e-09	3.26000446194e-06
1.1490950989e-09	7.48649438265e-06
1.15276632925e-09	8.9757038495e-06
1.1564375596e-09	7.02875365732e-06
1.16010878994e-09	2.43930816168e-06
1.16378002029e-09	-2.84783314441e-06
1.16745125064e-09	-6.58590056446e-06
1.17112248099e-09	-7.22097149719e-06
1.17479371134e-09	-4.58467047793e-06
1.17846494168e-09	2.92394837231e-08
1.18213617203e-09	4.43516984205e-06
1.18580740238e-09	6.53692427477e-06
1.18947863273e-09	5.2733386724e-06
1.19314986307e-09	1.10042188339e-06
1.19682109342e-09	-4.19822356434e-06
1.20049232377e-09	-8.30418423448e-06
1.20416355412e-09	-9.3980481779e-06
1.20783478447e-09	-6.96235042597e-06
1.21150601481e-09	-2.01175703296e-06
1.21517724516e-09	3.35521650641e-06
1.21884847551e-09	6.87602130256e-06
1.22251970586e-09	7.10550239091e-06
1.22619093621e-09	4.04278188171e-06
1.22986216655e-09	-8.65968459607e-07
1.2335333969e-09	-5.35279440328e-06
1.23720462725e-09	-7.31434306545e-06
1.2408758576e-09	-5.74700186462e-06
1.24454708795e-09	-1.21882894177e-06
1.24821831829e-09	4.34865393117e-06
1.25188954864e-09	8.50867786539e-06
1.25556077899e-09	9.37910579069e-06
1.25923200934e-09	6.50364859212e-06
1.26290323969e-09	1.07819676032e-06
1.26657447003e-09	-4.56814677818e-06
1.27024570038e-09	-8.00905695542e-06
1.27391693073e-09	-7.80624304753e-06
1.27758816108e-09	-4.14136826521e-06
1.28125939143e-09	1.27301751718e-06
1.28493062177e-09	5.95578757157e-06
1.28860185212e-09	7.75402293129e-06
1.29227308247e-09	5.7855033333e-06
1.29594431282e-09	8.27040594231e-07
1.29961554316e-09	-5.0080860774e-06
1.30328677351e-09	-9.18046487186e-06
1.30695800386e-09	-9.82654205472e-06
1.31062923421e-09	-6.58531791942e-06
1.31430046456e-09	-7.84947161492e-07
1.3179716949e-09	5.11626052457e-06
1.32164292525e-09	8.59453086832e-06
1.3253141556e-09	8.17234615624e-06
1.32898538595e-09	4.08401029972e-06
1.3326566163e-09	-1.81805989996e-06
1.33632784664e-09	-6.87053875481e-06
1.33999907699e-09	-8.76847570908e-06
1.34367030734e-09	-6.58841076984e-06
1.34734153769e-09	-1.205089319e-06
1.35101276804e-09	5.07416109485e-06
1.35468399838e-09	9.50488447415e-06
1.35835522873e-09	1.01072718053e-05
1.36202645908e-09	6.54603707062e-06
1.36569768943e-09	2.98599196924e-07
1.36936891978e-09	-5.97122959789e-06
1.37304015012e-09	-9.57660552103e-06
1.37671138047e-09	-8.98893915746e-06
1.38038261082e-09	-4.51359454701e-06
1.38405384117e-09	1.84209599752e-06
1.38772507151e-09	7.25119298295e-06
1.39139630186e-09	9.30375836106e-06
1.39506753221e-09	7.05350771568e-06
1.39873876256e-09	1.42743624565e-06
1.40240999291e-09	-5.17292068025e-06
1.40608122325e-09	-9.89818408925e-06
1.4097524536e-09	-1.06697572164e-05
1.41342368395e-09	-7.08426796336e-06
1.4170949143e-09	-6.11056293565e-07
1.42076614465e-09	6.01451176863e-06
1.42443737499e-09	9.95603352294e-06
1.42810860534e-09	9.51562060436e-06
1.43177983569e-09	4.89844461526e-06
1.43545106604e-09	-1.85684183407e-06
1.43912229639e-09	-7.76071010478e-06
1.44279352673e-09	-1.01916840549e-05
1.44646475708e-09	-8.05529816716e-06
1.45013598743e-09	-2.26163777484e-06
1.45380721778e-09	4.67909194413e-06
1.45747844813e-09	9.75780358203e-06
1.46114967847e-09	1.07698464262e-05
1.46482090882e-09	7.25381346456e-06
1.46849213917e-09	6.83848035976e-07
1.47216336952e-09	-6.16224599526e-06
1.47583459986e-09	-1.03859292722e-05
1.47950583021e-09	-1.02006924863e-05
1.48317706056e-09	-5.705061767e-06
1.48684829091e-09	1.14584952371e-06
1.49051952126e-09	7.37269726869e-06
1.4941907516e-09	1.02550902739e-05
1.49786198195e-09	8.51897891607e-06
1.5015332123e-09	2.89963014666e-06
1.50520444265e-09	-4.17556447019e-06
1.508875673e-09	-9.64055573149e-06
1.51254690334e-09	-1.11214960725e-05
1.51621813369e-09	-7.9613039361e-06
1.51988936404e-09	-1.49596698407e-06
1.52356059439e-09	5.52441855461e-06
1.52723182474e-09	1.01168445781e-05
1.53090305508e-09	1.0342821156e-05
1.53457428543e-09	6.13680856532e-06
1.53824551578e-09	-6.64174194753e-07
1.54191674613e-09	-7.10980168606e-06
1.54558797648e-09	-1.04111928749e-05
1.54925920682e-09	-9.1467824177e-06
1.55293043717e-09	-3.87693989978e-06
1.55660166752e-09	3.10479691734e-06
1.56027289787e-09	8.7772492634e-06
1.56394412822e-09	1.07009096837e-05
1.56761535856e-09	8.06030345757e-06
1.57128658891e-09	1.99482306584e-06
1.57495781926e-09	-4.91193117114e-06
1.57862904961e-09	-9.74341628535e-06
1.58230027995e-09	-1.04839475625e-05
1.5859715103e-09	-6.86241673975e-06
1.58964274065e-09	-4.5524321024e-07
1.593313971e-09	5.98469102897e-06
1.59698520135e-09	9.69660084138e-06
1.60065643169e-09	9.09459288323e-06
1.60432766204e-09	4.45188356935e-06
1.60799889239e-09	-2.21185314331e-06
1.61167012274e-09	-8.00456098204e-06
1.61534135309e-09	-1.04244984414e-05
1.61901258343e-09	-8.44561486701e-06
1.62268381378e-09	-2.94786030963e-06
1.62635504413e-09	3.68883598867e-06
1.63002627448e-09	8.63862294409e-06
1.63369750483e-09	9.84534801773e-06
1.63736873517e-09	6.87711826686e-06
1.64103996552e-09	1.07125785576e-06
1.64471119587e-09	-5.06802814471e-06
1.64838242622e-09	-8.9423378995e-06
1.65205365657e-09	-8.94625452474e-06
1.65572488691e-09	-5.12838369104e-06
1.65939611726e-09	8.46330266313e-07
1.66306734761e-09	6.41142378299e-06
1.66673857796e-09	9.19326316762e-06
1.6704098083e-09	8.0238252167e-06
1.67408103865e-09	3.43309130812e-06
1.677752269e-09	-2.59245157963e-06
1.68142349935e-09	-7.47931937894e-06
1.6850947297e-09	-9.18218449897e-06
1.68876596004e-09	-7.05126933553e-06
1.69243719039e-09	-2.07896590609e-06
1.69610842074e-09	3.56060331796e-06
1.69977965109e-09	7.46586090372e-06
1.70345088144e-09	8.02937654498e-06
1.70712211178e-09	5.09444163299e-06
1.71079334213e-09	-1.51634651502e-08
1.71446457248e-09	-5.08720796688e-06
1.71813580283e-09	-7.9744663708e-06
1.72180703318e-09	-7.49708385683e-06
1.72547826352e-09	-3.92314649389e-06
1.72914949387e-09	1.17595857319e-06
1.73282072422e-09	5.62203479149e-06
1.73649195457e-09	7.56889483e-06
1.74016318492e-09	6.27831889233e-06
1.74383441526e-09	2.39957026338e-06
1.74750564561e-09	-2.35210887922e-06
1.75117687596e-09	-5.9547093656e-06
1.75484810631e-09	-6.94116681643e-06
1.75851933666e-09	-4.99272306342e-06
1.762190567e-09	-1.02748177255e-06
1.76586179735e-09	3.22356322613e-06
1.7695330277e-09	5.96569879008e-06
1.77320425805e-09	6.09191897638e-06
1.77687548839e-09	3.62573518942e-06
1.78054671874e-09	-3.18934347376e-07
1.78421794909e-09	-4.03770752655e-06
1.78788917944e-09	-5.97976668359e-06
1.79156040979e-09	-5.40414191619e-06
1.79523164013e-09	-2.66952886818e-06
1.79890287048e-09	9.65699655353e-07
1.80257410083e-09	3.92612378164e-06
1.80624533118e-09	5.00983742313e-06
1.80991656153e-09	3.87779226685e-06
1.81358779187e-09	1.14189600708e-06
1.81725902222e-09	-1.95774731537e-06
1.82093025257e-09	-4.11211476603e-06
1.82460148292e-09	-4.48841547041e-06
1.82827271327e-09	-3.03911241417e-06
1.83194394361e-09	-4.68305799473e-07
1.83561517396e-09	2.10257675803e-06
1.83928640431e-09	3.61856706377e-06
1.84295763466e-09	3.52430083694e-06
1.84662886501e-09	1.96860307256e-06
1.85030009535e-09	-2.95249449778e-07
1.8539713257e-09	-2.26318667274e-06
1.85764255605e-09	-3.13029897825e-06
1.8613137864e-09	-2.62785832206e-06
1.86498501674e-09	-1.10222089234e-06
1.86865624709e-09	6.8870500769e-07
1.87232747744e-09	1.94957627286e-06
1.87599870779e-09	2.20283564545e-06
1.87966993814e-09	1.46341815821e-06
1.88334116848e-09	1.7383705142e-07
1.88701239883e-09	-1.04579839899e-06
1.89068362918e-09	-1.69216403378e-06
1.89435485953e-09	-1.58335024025e-06
1.89802608988e-09	-8.95831277603e-07
1.90169732022e-09	-3.5329369652e-08
1.90536855057e-09	5.78799564721e-07
1.90903978092e-09	7.10682961369e-07
1.91271101127e-09	4.0081038577e-07
1.91638224162e-09	-8.84876012464e-08
1.92005347196e-09	-4.35544762922e-07
1.92372470231e-09	-4.41803258866e-07
1.92739593266e-09	-1.38781775405e-07
1.93106716301e-09	2.41160051928e-07
1.93473839336e-09	4.10355504243e-07
1.9384096237e-09	2.03573165436e-07
1.94208085405e-09	-3.11221178606e-07
1.9457520844e-09	-8.5480786538e-07
1.94942331475e-09	-1.08258504383e-06
1.95309454509e-09	-7.76237200739e-07
1.95676577544e-09	1.55560719861e-08
1.96043700579e-09	9.66166368244e-07
1.96410823614e-09	1.60448749398e-06
1.96777946649e-09	1.53840537109e-06
1.97145069683e-09	6.67969565882e-07
1.97512192718e-09	-7.18426100832e-07
1.97879315753e-09	-2.0317266376e-06
1.98246438788e-09	-2.63076680085e-06
1.98613561823e-09	-2.13370773849e-06
1.98980684857e-09	-6.39861546858e-07
1.99347807892e-09	1.26222158769e-06
1.99714930927e-09	2.72794787293e-06
2.00082053962e-09	3.03651557942e-06
2.00449176997e-09	1.94376914919e-06
2.00816300031e-09	-1.69103618219e-07
2.01183423066e-09	-2.42972026854e-06
2.01550546101e-09	-3.84048564683e-06
2.01917669136e-09	-3.71825677803e-06
2.02284792171e-09	-2.01201248728e-06
2.02651915205e-09	6.39808668268e-07
2.0301903824e-09	3.14749257768e-06
2.03386161275e-09	4.41585495992e-06
2.0375328431e-09	3.81820910889e-06
2.04120407345e-09	1.49977984165e-06
2.04487530379e-09	-1.63309678669e-06
2.04854653414e-09	-4.26294093359e-06
2.05221776449e-09	-5.2150030001e-06
2.05588899484e-09	-3.98631300413e-06
2.05956022518e-09	-1.0057152906e-06
2.06323145553e-09	2.50990655104e-06
2.06690268588e-09	5.05783822291e-06
2.07057391623e-09	5.49684784801e-06
2.07424514658e-09	3.55886800207e-06
2.07791637692e-09	-8.39272829012e-09
2.08158760727e-09	-3.73400251874e-06
2.08525883762e-09	-6.03463809057e-06
2.08893006797e-09	-5.88911274235e-06
2.09260129832e-09	-3.28922300241e-06
2.09627252866e-09	7.28373429126e-07
2.09994375901e-09	4.4944996489e-06
2.10361498936e-09	6.40248231321e-06
2.10728621971e-09	5.59644911391e-06
2.11095745006e-09	2.35563913975e-06
2.1146286804e-09	-1.99737809226e-06
2.11829991075e-09	-5.64035747175e-06
2.1219711411e-09	-7.01818566995e-06
2.12564237145e-09	-5.50811773792e-06
2.1293136018e-09	-1.69692492591e-06
2.13298483214e-09	2.84977193132e-06
2.13665606249e-09	6.23481366802e-06
2.14032729284e-09	7.02095314864e-06
2.14399852319e-09	4.84179781779e-06
2.14766975353e-09	5.71735391475e-07
2.15134098388e-09	-4.02199384553e-06
2.15501221423e-09	-7.01053022567e-06
2.15868344458e-09	-7.11798293196e-06
2.16235467493e-09	-4.27301694117e-06
2.16602590527e-09	3.4642619795e-07
2.16969713562e-09	4.80354873389e-06
2.17336836597e-09	7.22389620478e-06
2.17703959632e-09	6.59119166357e-06
2.18071082667e-09	3.17377379133e-06
2.18438205701e-09	-1.59618107887e-06
2.18805328736e-09	-5.7327064269e-06
2.19172451771e-09	-7.5267066677e-06
2.19539574806e-09	-6.24915401204e-06
2.19906697841e-09	-2.44250219339e-06
2.20273820875e-09	2.31119770433e-06
2.2064094391e-09	6.04561205364e-06
2.21008066945e-09	7.22002403108e-06
2.2137518998e-09	5.35813882152e-06
2.21742313015e-09	1.24706213001e-06
2.22109436049e-09	-3.39046408726e-06
2.22476559084e-09	-6.61998296891e-06
2.22843682119e-09	-7.11061784386e-06
2.23210805154e-09	-4.6915908456e-06
2.23577928188e-09	-4.09559810066e-07
2.23945051223e-09	3.93077891658e-06
2.24312174258e-09	6.53734014122e-06
2.24679297293e-09	6.37536868453e-06
2.25046420328e-09	3.57464568879e-06
2.25413543362e-09	-6.56343381422e-07
2.25780666397e-09	-4.55479442962e-06
2.26147789432e-09	-6.53819586205e-06
2.26514912467e-09	-5.84430398476e-06
2.26882035502e-09	-2.82314798028e-06
2.27249158536e-09	1.23089034787e-06
2.27616281571e-09	4.63188098365e-06
2.27983404606e-09	6.00612008839e-06
2.28350527641e-09	4.85265201178e-06
2.28717650676e-09	1.72630277007e-06
2.2908477371e-09	-2.0267644345e-06
2.29451896745e-09	-4.85561668029e-06
2.2981901978e-09	-5.65185695223e-06
2.30186142815e-09	-4.18315613615e-06
2.3055326585e-09	-1.14387293593e-06
2.30920388884e-09	2.17283661641e-06
2.31287511919e-09	4.42612639517e-06
2.31654634954e-09	4.76646550851e-06
2.32021757989e-09	3.15127982731e-06
2.32388881024e-09	3.24572155819e-07
2.32756004058e-09	-2.51745018431e-06
2.33123127093e-09	-4.23238276426e-06
2.33490250128e-09	-4.19489373371e-06
2.33857373163e-09	-2.5289733685e-06
2.34224496197e-09	-1.36982869492e-08
2.34591619232e-09	2.28263385793e-06
2.34958742267e-09	3.46631998127e-06
2.35325865302e-09	3.17020021612e-06
2.35692988337e-09	1.65128602703e-06
2.36060111371e-09	-3.8144601433e-07
2.36427234406e-09	-2.10022830061e-06
2.36794357441e-09	-2.89373201667e-06
2.37161480476e-09	-2.57108223423e-06
2.37528603511e-09	-1.37828280344e-06
2.37895726545e-09	1.46912991994e-07
2.3826284958e-09	1.40806488957e-06
2.38629972615e-09	1.97791879941e-06
2.3899709565e-09	1.73959361405e-06
2.39364218685e-09	8.94528682238e-07
2.39731341719e-09	-1.57576145909e-07
2.40098464754e-09	-1.00978101614e-06
2.40465587789e-09	-1.41438596302e-06
2.40832710824e-09	-1.34961464937e-06
2.41199833859e-09	-9.65175274814e-07
2.41566956893e-09	-4.59277103459e-07
2.41934079928e-09	2.83795209555e-08
2.42301202963e-09	4.4398986887e-07
2.42668325998e-09	7.72168959884e-07
2.43035449032e-09	9.69468828771e-07
2.43402572067e-09	9.45062538449e-07
2.43769695102e-09	6.10587896688e-07
2.44136818137e-09	-3.51789495312e-08
2.44503941172e-09	-8.48381517926e-07
2.44871064206e-09	-1.55646949906e-06
2.45238187241e-09	-1.85131875696e-06
2.45605310276e-09	-1.52188130187e-06
2.45972433311e-09	-5.70945829281e-07
2.46339556346e-09	7.36772051368e-07
2.4670667938e-09	1.92976904145e-06
2.47073802415e-09	2.48778957257e-06
2.4744092545e-09	2.06295209182e-06
2.47808048485e-09	6.73621336489e-07
2.4817517152e-09	-1.23007495745e-06
2.48542294554e-09	-2.8952258333e-06
2.48909417589e-09	-3.56579641902e-06
2.49276540624e-09	-2.83247820221e-06
2.49643663659e-09	-8.62403112478e-07
2.50010786694e-09	1.6150373483e-06
2.50377909728e-09	3.58316128768e-06
2.50745032763e-09	4.16179858576e-06
2.51112155798e-09	2.99704413464e-06
2.51479278833e-09	4.48213505422e-07
2.51846401868e-09	-2.515423148e-06
2.52213524902e-09	-4.67832660433e-06
2.52580647937e-09	-5.06960810753e-06
2.52947770972e-09	-3.39243553071e-06
2.53314894007e-09	-2.07037547995e-07
2.53682017041e-09	3.23729869933e-06
2.54049140076e-09	5.48612416651e-06
2.54416263111e-09	5.49995843357e-06
2.54783386146e-09	3.14132080348e-06
2.55150509181e-09	-7.07031908576e-07
2.55517632215e-09	-4.47365033551e-06
2.5588475525e-09	-6.55212818401e-06
2.56251878285e-09	-5.99551367486e-06
2.5661900132e-09	-2.9418462475e-06
2.56986124355e-09	1.41544052212e-06
2.57353247389e-09	5.30110452246e-06
2.57720370424e-09	7.08015465989e-06
2.58087493459e-09	5.93653493297e-06
2.58454616494e-09	2.23722940973e-06
2.58821739529e-09	-2.57256641589e-06
2.59188862563e-09	-6.52254664146e-06
2.59555985598e-09	-7.91809429757e-06
2.59923108633e-09	-6.07202559877e-06
2.60290231668e-09	-1.6476419944e-06
2.60657354703e-09	3.56571143811e-06
2.61024477737e-09	7.38025164537e-06
2.61391600772e-09	8.14238921976e-06
2.61758723807e-09	5.46097049892e-06
2.62125846842e-09	3.99615004198e-07
2.62492969876e-09	-4.95668950862e-06
2.62860092911e-09	-8.37283982946e-06
2.63227215946e-09	-8.39882545733e-06
2.63594338981e-09	-4.9759275953e-06
2.63961462016e-09	5.28435471381e-07
2.6432858505e-09	5.86717743545e-06
2.64695708085e-09	8.82366634869e-06
2.6506283112e-09	8.12527491689e-06
2.65429954155e-09	3.99305667997e-06
2.6579707719e-09	-1.91111590198e-06
2.66164200224e-09	-7.14507746125e-06
2.66531323259e-09	-9.49988373122e-06
2.66898446294e-09	-7.944874028e-06
2.67265569329e-09	-3.08926604475e-06
2.67632692364e-09	3.0563328437e-06
2.67999815398e-09	7.9247697613e-06
2.68366938433e-09	9.47688135966e-06
2.68734061468e-09	7.05899367404e-06
2.69101184503e-09	1.66988289152e-06
2.69468307538e-09	-4.46195554105e-06
2.69835430572e-09	-8.80206050624e-06
2.70202553607e-09	-9.55189898377e-06
2.70569676642e-09	-6.3881642518e-06
2.70936799677e-09	-6.03365407414e-07
2.71303922711e-09	5.41361811202e-06
2.71671045746e-09	9.15840303151e-06
2.72038168781e-09	9.05815772967e-06
2.72405291816e-09	5.14433781973e-06
2.72772414851e-09	-9.46563119442e-07
2.73139537885e-09	-6.66026483032e-06
2.7350666092e-09	-9.60916088388e-06
2.73873783955e-09	-8.58215298649e-06
2.7424090699e-09	-4.04281547617e-06
2.74608030025e-09	2.08899865584e-06
2.74975153059e-09	7.2605614605e-06
2.75342276094e-09	9.35029231641e-06
2.75709399129e-09	7.53061283376e-06
2.76076522164e-09	2.5866953024e-06
2.76443645199e-09	-3.42095756878e-06
2.76810768233e-09	-8.00624627573e-06
2.77177891268e-09	-9.27940925521e-06
2.77545014303e-09	-6.72973999372e-06
2.77912137338e-09	-1.44248727452e-06
2.78279260373e-09	4.35259931919e-06
2.78646383407e-09	8.22436766157e-06
2.79013506442e-09	8.57461225223e-06
2.79380629477e-09	5.31089739297e-06
2.79747752512e-09	-1.3626640083e-07
2.80114875547e-09	-5.45103875993e-06
2.80481998581e-09	-8.43037298637e-06
2.80849121616e-09	-7.90007891283e-06
2.81216244651e-09	-4.16712015294e-06
2.81583367686e-09	1.15533546818e-06
2.8195049072e-09	5.84670470971e-06
2.82317613755e-09	7.99638860371e-06
2.8268473679e-09	6.7719964818e-06
2.83051859825e-09	2.73978804444e-06
2.8341898286e-09	-2.38402111563e-06
2.83786105894e-09	-6.45230409191e-06
2.84153228929e-09	-7.78634785092e-06
2.84520351964e-09	-5.88064540352e-06
2.84887474999e-09	-1.60577818065e-06
2.85254598034e-09	3.18364942586e-06
2.85621721068e-09	6.46259013592e-06
2.85988844103e-09	6.90562239924e-06
2.86355967138e-09	4.42663696276e-06
2.86723090173e-09	1.65644678418e-07
2.87090213208e-09	-4.04269383125e-06
2.87457336242e-09	-6.46243267965e-06
2.87824459277e-09	-6.16522652308e-06
2.88191582312e-09	-3.37383983151e-06
2.88558705347e-09	6.74367932163e-07
2.88925828382e-09	4.26640502837e-06
2.89292951416e-09	5.92786960851e-06
2.89660074451e-09	5.0258322517e-06
2.90027197486e-09	2.01643595688e-06
2.90394320521e-09	-1.767338631e-06
2.90761443555e-09	-4.7011713491e-06
2.9112856659e-09	-5.57389347478e-06
2.91495689625e-09	-4.09897785403e-06
2.9186281266e-09	-1.00520009028e-06
2.92229935695e-09	2.32147615975e-06
2.92597058729e-09	4.46625494988e-06
2.92964181764e-09	4.59038329836e-06
2.93331304799e-09	2.75085130852e-06
2.93698427834e-09	-1.78639261605e-07
2.94065550869e-09	-2.91901383775e-06
2.94432673903e-09	-4.33604390082e-06
2.94799796938e-09	-3.89889163444e-06
2.95166919973e-09	-1.87370667959e-06
2.95534043008e-09	8.14738257304e-07
2.95901166043e-09	2.99124940284e-06
2.96268289077e-09	3.7394063952e-06
2.96635412112e-09	2.79416218518e-06
2.97002535147e-09	6.43525218891e-07
2.97369658182e-09	-1.7104832466e-06
2.97736781217e-09	-3.22063397107e-06
2.98103904251e-09	-3.26865244915e-06
2.98471027286e-09	-1.92158529444e-06
2.98838150321e-09	1.40284196704e-07
2.99205273356e-09	1.9675780436e-06
2.9957239639e-09	2.77851881947e-06
2.99939519425e-09	2.28506530675e-06
3.0030664246e-09	7.79916575766e-07
3.00673765495e-09	-1.02702978211e-06
3.0104088853e-09	-2.33179304132e-06
3.01408011564e-09	-2.58043996837e-06
3.01775134599e-09	-1.69762299151e-06
3.02142257634e-09	-1.11452353124e-07
3.02509380669e-09	1.43913305806e-06
3.02876503704e-09	2.23868175908e-06
3.03243626738e-09	1.92717624259e-06
3.03610749773e-09	6.71018277387e-07
3.03977872808e-09	-9.1654425205e-07
3.04344995843e-09	-2.07423377674e-06
3.04712118878e-09	-2.26236977596e-06
3.05079241912e-09	-1.4166957385e-06
3.05446364947e-09	3.67485526453e-08
3.05813487982e-09	1.40261536785e-06
3.06180611017e-09	2.05073402526e-06
3.06547734052e-09	1.69953835893e-06
3.06914857086e-09	5.2579758858e-07
3.07281980121e-09	-9.30974124458e-07
3.07649103156e-09	-2.01261480015e-06
3.08016226191e-09	-2.22775585712e-06
3.08383349226e-09	-1.465178741e-06
3.0875047226e-09	-4.98107368685e-08
3.09117595295e-09	1.38775686764e-06
3.0948471833e-09	2.18496518301e-06
3.09851841365e-09	1.95207243792e-06
3.10218964399e-09	7.66899773907e-07
3.10586087434e-09	-8.44568290859e-07
3.10953210469e-09	-2.1444274978e-06
3.11320333504e-09	-2.52836619552e-06
3.11687456539e-09	-1.81083765938e-06
3.12054579573e-09	-3.09861235337e-07
3.12421702608e-09	1.30437180701e-06
3.12788825643e-09	2.31658722782e-06
3.13155948678e-09	2.28217203357e-06
3.13523071713e-09	1.2131853282e-06
3.13890194747e-09	-4.34447002817e-07
3.14257317782e-09	-1.95667624325e-06
3.14624440817e-09	-2.6958222179e-06
3.14991563852e-09	-2.31852379784e-06
3.15358686887e-09	-9.65249810747e-07
3.15725809921e-09	7.95235308715e-07
3.16092932956e-09	2.20062665335e-06
3.16460055991e-09	2.62723068545e-06
3.16827179026e-09	1.87408420516e-06
3.17194302061e-09	2.62234635784e-07
3.17561425095e-09	-1.50491922568e-06
3.1792854813e-09	-2.65786050591e-06
3.18295671165e-09	-2.70402830438e-06
3.186627942e-09	-1.63798290487e-06
3.19029917234e-09	7.09032796919e-08
3.19397040269e-09	1.69380987813e-06
3.19764163304e-09	2.55511753267e-06
3.20131286339e-09	2.30753585129e-06
3.20498409374e-09	1.06448183601e-06
3.20865532408e-09	-6.52595183226e-07
3.21232655443e-09	-2.12787409737e-06
3.21599778478e-09	-2.74383515375e-06
3.21966901513e-09	-2.24060988785e-06
3.22334024548e-09	-8.32451490851e-07
3.22701147582e-09	8.76643639458e-07
3.23068270617e-09	2.15357084699e-06
3.23435393652e-09	2.4589024008e-06
3.23802516687e-09	1.68397028233e-06
3.24169639722e-09	1.89135960227e-07
3.24536762756e-09	-1.3703709385e-06
3.24903885791e-09	-2.34134427046e-06
3.25271008826e-09	-2.34936695165e-06
3.25638131861e-09	-1.43645101502e-06
3.26005254896e-09	-1.55268580215e-08
3.2637237793e-09	1.31907063405e-06
3.26739500965e-09	2.03595942594e-06
3.27106624e-09	1.87062985901e-06
3.27473747035e-09	9.18675510775e-07
3.2784087007e-09	-4.10244091142e-07
3.28207993104e-09	-1.56170648324e-06
3.28575116139e-09	-2.06579147743e-06
3.28942239174e-09	-1.73495897116e-06
3.29309362209e-09	-7.40765123908e-07
3.29676485243e-09	4.68253489316e-07
3.30043608278e-09	1.37364907005e-06
3.30410731313e-09	1.61819255595e-06
3.30777854348e-09	1.15165551051e-06
3.31144977383e-09	2.26214758925e-07
3.31512100417e-09	-7.41224425838e-07
3.31879223452e-09	-1.36138396556e-06
3.32246346487e-09	-1.42679354553e-06
3.32613469522e-09	-9.70051701188e-07
3.32980592557e-09	-2.20420677266e-07
3.33347715591e-09	5.05990549016e-07
3.33714838626e-09	9.33075767762e-07
3.34081961661e-09	9.24873830854e-07
3.34449084696e-09	5.26965969527e-07
3.34816207731e-09	-6.33202823508e-08
3.35183330765e-09	-5.88030239612e-07
3.355504538e-09	-8.43496110292e-07
3.35917576835e-09	-7.6616493061e-07
3.3628469987e-09	-4.45710142571e-07
3.36651822905e-09	-6.22779907644e-08
3.37018945939e-09	2.14976260793e-07
3.37386068974e-09	3.06957410601e-07
3.37753192009e-09	2.41353426134e-07
3.38120315044e-09	1.07623638002e-07
3.38487438078e-09	-1.09784394908e-08
3.38854561113e-09	-8.25134396365e-08
3.39221684148e-09	-1.26478868268e-07
3.39588807183e-09	-1.8048899264e-07
3.39955930218e-09	-2.62512827476e-07
3.40323053252e-09	-3.52038274087e-07
3.40690176287e-09	-3.98029719406e-07
3.41057299322e-09	-3.45022904469e-07
3.41424422357e-09	-1.65959134435e-07
3.41791545392e-09	1.10964062827e-07
3.42158668426e-09	3.94222539057e-07
3.42525791461e-09	5.52085516858e-07
3.42892914496e-09	4.68481310634e-07
3.43260037531e-09	1.13087601505e-07
3.43627160566e-09	-4.1354555691e-07
3.439942836e-09	-8.97227465657e-07
3.44361406635e-09	-1.09813223048e-06
3.4472852967e-09	-8.72788348261e-07
3.45095652705e-09	-2.64304709674e-07
3.4546277574e-09	4.94571274601e-07
3.45829898774e-09	1.07587382558e-06
3.46197021809e-09	1.20458085462e-06
3.46564144844e-09	7.88115414707e-07
3.46931267879e-09	-3.4235288382e-08
3.47298390913e-09	-9.41337219729e-07
3.47665513948e-09	-1.55699473225e-06
3.48032636983e-09	-1.60173217978e-06
3.48399760018e-09	-1.01348842918e-06
3.48766883053e-09	9.63963842082e-09
3.49134006087e-09	1.06841636693e-06
3.49501129122e-09	1.71214173861e-06
3.49868252157e-09	1.63004327192e-06
3.50235375192e-09	8.03665244575e-07
3.50602498227e-09	-4.57197003811e-07
3.50969621261e-09	-1.62813148563e-06
3.51336744296e-09	-2.19337280782e-06
3.51703867331e-09	-1.8803285684e-06
3.52070990366e-09	-7.91546682422e-07
3.52438113401e-09	6.30285079239e-07
3.52805236435e-09	1.78975784593e-06
3.5317235947e-09	2.19235434429e-06
3.53539482505e-09	1.65369928595e-06
3.5390660554e-09	3.77201452295e-07
3.54273728575e-09	-1.12546513265e-06
3.54640851609e-09	-2.23794151566e-06
3.55007974644e-09	-2.48742870212e-06
3.55375097679e-09	-1.74325373337e-06
3.55742220714e-09	-2.85172355063e-07
3.56109343749e-09	1.29568883267e-06
3.56476466783e-09	2.33393984672e-06
3.56843589818e-09	2.37378088741e-06
3.57210712853e-09	1.37496635944e-06
3.57577835888e-09	-2.56267881582e-07
3.57944958922e-09	-1.83530593745e-06
3.58312081957e-09	-2.69302157108e-06
3.58679204992e-09	-2.46513010893e-06
3.59046328027e-09	-1.24621553255e-06
3.59413451062e-09	4.54412450779e-07
3.59780574096e-09	1.93077622157e-06
3.60147697131e-09	2.57374821899e-06
3.60514820166e-09	2.11922935023e-06
3.60881943201e-09	7.53550949639e-07
3.61249066236e-09	-9.62107534974e-07
3.6161618927e-09	-2.31916078519e-06
3.61983312305e-09	-2.75225173141e-06
3.6235043534e-09	-2.07696666621e-06
3.62717558375e-09	-5.73658482494e-07
3.6308468141e-09	1.12618081971e-06
3.63451804444e-09	2.30701579085e-06
3.63818927479e-09	2.47684769761e-06
3.64186050514e-09	1.57684038982e-06
3.64553173549e-09	9.654463895e-10
3.64920296584e-09	-1.58153608254e-06
3.65287419618e-09	-2.5148701468e-06
3.65654542653e-09	-2.43003674427e-06
3.66021665688e-09	-1.38692581686e-06
3.66388788723e-09	1.6427660654e-07
3.66755911757e-09	1.57765632025e-06
3.67123034792e-09	2.27785730544e-06
3.67490157827e-09	1.99208525942e-06
3.67857280862e-09	8.56791189108e-07
3.68224403897e-09	-6.4218869511e-07
3.68591526931e-09	-1.87436216947e-06
3.68958649966e-09	-2.33165198438e-06
3.69325773001e-09	-1.84313330465e-06
3.69692896036e-09	-6.42903600578e-07
3.70060019071e-09	7.40463342197e-07
3.70427142105e-09	1.72086501493e-06
3.7079426514e-09	1.90881846152e-06
3.71161388175e-09	1.26697776182e-06
3.7152851121e-09	1.05650045157e-07
3.71895634245e-09	-1.06951605972e-06
3.72262757279e-09	-1.77864075113e-06
3.72629880314e-09	-1.76119087314e-06
3.72997003349e-09	-1.06652007048e-06
3.73364126384e-09	-1.5223125871e-08
3.73731249419e-09	9.44486174603e-07
3.74098372453e-09	1.4244552915e-06
3.74465495488e-09	1.25340568502e-06
3.74832618523e-09	5.40307020458e-07
3.75199741558e-09	-3.82481161409e-07
3.75566864593e-09	-1.11133601877e-06
3.75933987627e-09	-1.35146999014e-06
3.76301110662e-09	-1.04111660448e-06
3.76668233697e-09	-3.63600591413e-07
3.77035356732e-09	3.54286903814e-07
3.77402479766e-09	8.01545638751e-07
3.77769602801e-09	8.20165780624e-07
3.78136725836e-09	4.57635934481e-07
3.78503848871e-09	-7.9135087816e-08
3.78870971906e-09	-5.35706078608e-07
3.7923809494e-09	-7.27590979466e-07
3.79605217975e-09	-6.11652573923e-07
3.7997234101e-09	-2.87414600564e-07
3.80339464045e-09	6.4298077973e-08
3.8070658708e-09	2.72398260392e-07
3.81073710114e-09	2.55577873531e-07
3.81440833149e-09	5.55498793631e-08
3.81807956184e-09	-1.91177896625e-07
3.82175079219e-09	-3.30560403938e-07
3.82542202254e-09	-2.77433166218e-07
3.82909325288e-09	-6.57021939077e-08
3.83276448323e-09	1.68512741539e-07
3.83643571358e-09	2.6430704736e-07
3.84010694393e-09	1.31923904689e-07
3.84377817428e-09	-1.8701411264e-07
3.84744940462e-09	-5.31723770791e-07
3.85112063497e-09	-7.03253832057e-07
3.85479186532e-09	-5.71953520989e-07
3.85846309567e-09	-1.54996747881e-07
3.86213432601e-09	3.76821184034e-07
3.86580555636e-09	7.7085840644e-07
3.86947678671e-09	8.10111657756e-07
3.87314801706e-09	4.23740637245e-07
3.87681924741e-09	-2.62153868391e-07
3.88049047775e-09	-9.61692734336e-07
3.8841617081e-09	-1.34697782528e-06
3.88783293845e-09	-1.19849406133e-06
3.8915041688e-09	-5.22081705867e-07
3.89517539915e-09	4.2859521443e-07
3.89884662949e-09	1.24489389464e-06
3.90251785984e-09	1.53940698056e-06
3.90618909019e-09	1.12911035899e-06
3.90986032054e-09	1.37963390046e-07
3.91353155089e-09	-1.03552292785e-06
3.91720278123e-09	-1.88042770333e-06
3.92087401158e-09	-1.99679027446e-06
3.92454524193e-09	-1.28245287101e-06
3.92821647228e-09	3.73302455614e-09
3.93188770263e-09	1.33464291707e-06
3.93555893297e-09	2.13132557292e-06
3.93923016332e-09	2.01322419002e-06
3.94290139367e-09	9.76483789827e-07
3.94657262402e-09	-5.82485739642e-07
3.95024385436e-09	-2.01615958417e-06
3.95391508471e-09	-2.69437151701e-06
3.95758631506e-09	-2.28096621413e-06
3.96125754541e-09	-8.97911490938e-07
3.96492877576e-09	9.03576136579e-07
3.9686000061e-09	2.36273396581e-06
3.97227123645e-09	2.83186017214e-06
3.9759424668e-09	2.06475061759e-06
3.97961369715e-09	3.407561735e-07
3.9832849275e-09	-1.63557146493e-06
3.98695615784e-09	-3.02422148479e-06
3.99062738819e-09	-3.20743725979e-06
3.99429861854e-09	-2.06401352898e-06
3.99796984889e-09	-3.72487143352e-08
4.00164107924e-09	2.03641096164e-06
4.00531230958e-09	3.27338494799e-06
4.00898353993e-09	3.11909025186e-06
4.01265477028e-09	1.5955358208e-06
4.01632600063e-09	-6.90539160075e-07
4.01999723098e-09	-2.78851649682e-06
4.02366846132e-09	-3.79961335284e-06
4.02733969167e-09	-3.26187137034e-06
4.03101092202e-09	-1.36035615128e-06
4.03468215237e-09	1.13304537308e-06
4.03835338272e-09	3.17287049256e-06
4.04202461306e-09	3.8793197632e-06
4.04569584341e-09	2.91870503588e-06
4.04936707376e-09	6.59882665843e-07
4.05303830411e-09	-1.96607123826e-06
4.05670953445e-09	-3.85134501357e-06
4.0603807648e-09	-4.18017987158e-06
4.06405199515e-09	-2.78285955346e-06
4.0677232255e-09	-2.19568875082e-07
4.07139445585e-09	2.44515246095e-06
4.07506568619e-09	4.08644041272e-06
4.07873691654e-09	3.9942678427e-06
4.08240814689e-09	2.17965933302e-06
4.08607937724e-09	-6.19559664017e-07
4.08975060759e-09	-3.23904379229e-06
4.09342183793e-09	-4.57196074422e-06
4.09709306828e-09	-4.0362608047e-06
4.10076429863e-09	-1.82853335673e-06
4.10443552898e-09	1.14575215093e-06
4.10810675933e-09	3.64288217725e-06
4.11177798967e-09	4.60154564053e-06
4.11544922002e-09	3.59582077181e-06
4.11912045037e-09	1.0253574203e-06
4.12279168072e-09	-2.04296776474e-06
4.12646291107e-09	-4.31993032635e-06
4.13013414141e-09	-4.83814483232e-06
4.13380537176e-09	-3.36421084057e-06
4.13747660211e-09	-5.01992445834e-07
4.14114783246e-09	2.5569809452e-06
4.1448190628e-09	4.53112147625e-06
4.14849029315e-09	4.58549448012e-06
4.1521615235e-09	2.68337689135e-06
4.15583275385e-09	-3.93461711212e-07
4.1595039842e-09	-3.36563175551e-06
4.16317521454e-09	-4.98691923667e-06
4.16684644489e-09	-4.56706635532e-06
4.17051767524e-09	-2.26669516223e-06
4.17418890559e-09	9.61913400488e-07
4.17786013594e-09	3.76905592248e-06
4.18153136628e-09	4.97393222076e-06
4.18520259663e-09	4.064000791e-06
4.18887382698e-09	1.4138669826e-06
4.19254505733e-09	-1.87066530088e-06
4.19621628768e-09	-4.41713240207e-06
4.19988751802e-09	-5.16174247878e-06
4.20355874837e-09	-3.79282448648e-06
4.20722997872e-09	-8.79072970861e-07
4.21090120907e-09	2.3685553856e-06
4.21457243942e-09	4.59971477085e-06
4.21824366976e-09	4.88458590553e-06
4.22191490011e-09	3.10042491947e-06
4.22558613046e-09	-1.43308902523e-08
4.22925736081e-09	-3.16427008329e-06
4.23292859115e-09	-5.0352231824e-06
4.2365998215e-09	-4.84482353613e-06
4.24027105185e-09	-2.67235984097e-06
4.2439422822e-09	5.73243788438e-07
4.24761351255e-09	3.53618850113e-06
4.25128474289e-09	4.98388106962e-06
4.25495597324e-09	4.32186396893e-06
4.25862720359e-09	1.83649575547e-06
4.26229843394e-09	-1.43268118791e-06
4.26596966429e-09	-4.13037201952e-06
4.26964089463e-09	-5.14712127142e-06
4.27331212498e-09	-4.07234136901e-06
4.27698335533e-09	-1.35800527801e-06
4.28065458568e-09	1.87116620509e-06
4.28432581603e-09	4.28119886919e-06
4.28799704637e-09	4.87877395017e-06
4.29166827672e-09	3.4215710798e-06
4.29533950707e-09	5.19794845388e-07
4.29901073742e-09	-2.61805527657e-06
4.30268196777e-09	-4.69022836569e-06
4.30635319811e-09	-4.84624490582e-06
4.31002442846e-09	-3.03831302517e-06
4.31369565881e-09	-3.28106608549e-08
4.31736688916e-09	2.91904302685e-06
4.32103811951e-09	4.60581492234e-06
4.32470934985e-09	4.35278241184e-06
4.3283805802e-09	2.2879335404e-06
4.33205181055e-09	-7.24556272758e-07
4.3357230409e-09	-3.44636907812e-06
4.33939427124e-09	-4.77180918779e-06
4.34306550159e-09	-4.17366055672e-06
4.34673673194e-09	-1.91259320559e-06
4.35040796229e-09	1.07377266545e-06
4.35407919264e-09	3.55729372359e-06
4.35775042298e-09	4.52547425311e-06
4.36142165333e-09	3.59716665344e-06
4.36509288368e-09	1.17526661825e-06
4.36876411403e-09	-1.72873990323e-06
4.37243534438e-09	-3.92103663671e-06
4.37610657472e-09	-4.52033839338e-06
4.37977780507e-09	-3.31205933435e-06
4.38344903542e-09	-8.19851749156e-07
4.38712026577e-09	1.92542134414e-06
4.39079149612e-09	3.8132200757e-06
4.39446272646e-09	4.09988501815e-06
4.39813395681e-09	2.69749438075e-06
4.40180518716e-09	1.96198776337e-07
4.40547641751e-09	-2.38200965441e-06
4.40914764786e-09	-3.99830349807e-06
4.4128188782e-09	-4.01500494718e-06
4.41649010855e-09	-2.44910401648e-06
4.4201613389e-09	4.21761470193e-08
4.42383256925e-09	2.43703485125e-06
4.42750379959e-09	3.77171534183e-06
4.43117502994e-09	3.53152182697e-06
4.43484626029e-09	1.84872027376e-06
4.43851749064e-09	-5.69177849741e-07
4.44218872099e-09	-2.74071550166e-06
4.44585995133e-09	-3.81026950436e-06
4.44953118168e-09	-3.3817439089e-06
4.45320241203e-09	-1.65980148381e-06
4.45687364238e-09	6.47912379748e-07
4.46054487273e-09	2.61959300474e-06
4.46421610307e-09	3.48414920381e-06
4.46788733342e-09	2.92074571462e-06
4.47155856377e-09	1.17842884606e-06
4.47522979412e-09	-1.03071306512e-06
4.47890102447e-09	-2.82185425249e-06
4.48257225481e-09	-3.49416416157e-06
4.48624348516e-09	-2.80760622218e-06
4.48991471551e-09	-1.06747691575e-06
4.49358594586e-09	1.01334475744e-06
4.49725717621e-09	2.61037519067e-06
4.50092840655e-09	3.11528674501e-06
4.5045996369e-09	2.36385619701e-06
4.50827086725e-09	6.81733276053e-07
4.5119420976e-09	-1.25837189557e-06
4.51561332795e-09	-2.70395224788e-06
4.51928455829e-09	-3.10974513695e-06
4.52295578864e-09	-2.33998912336e-06
4.52662701899e-09	-7.12798140512e-07
4.53029824934e-09	1.127978976e-06
4.53396947968e-09	2.46535842052e-06
4.53764071003e-09	2.78908675e-06
4.54131194038e-09	1.99276547619e-06
4.54498317073e-09	4.08270899754e-07
4.54865440108e-09	-1.33380129341e-06
4.55232563142e-09	-2.55840313912e-06
4.55599686177e-09	-2.80887417148e-06
4.55966809212e-09	-2.01435179292e-06
4.56333932247e-09	-5.0233555271e-07
4.56701055282e-09	1.13852036066e-06
4.57068178316e-09	2.28623889598e-06
4.57435301351e-09	2.51638826398e-06
4.57802424386e-09	1.75483398834e-06
4.58169547421e-09	3.00642916784e-07
4.58536670456e-09	-1.28826690116e-06
4.5890379349e-09	-2.40563187504e-06
4.59270916525e-09	-2.62720018895e-06
4.5963803956e-09	-1.87381147043e-06
4.60005162595e-09	-4.41789666183e-07
4.6037228563e-09	1.1135844602e-06
4.60739408664e-09	2.19495760234e-06
4.61106531699e-09	2.39408501557e-06
4.61473654734e-09	1.64511735079e-06
4.61840777769e-09	2.43176323522e-07
4.62207900803e-09	-1.27405678541e-06
4.62575023838e-09	-2.33175637732e-06
4.62942146873e-09	-2.53256939686e-06
4.63309269908e-09	-1.80257836746e-06
4.63676392943e-09	-4.18379762834e-07
4.64043515977e-09	1.09502596501e-06
4.64410639012e-09	2.15975188667e-06
4.64777762047e-09	2.36453954017e-06
4.65144885082e-09	1.62533493153e-06
4.65512008117e-09	2.22616286294e-07
4.65879131151e-09	-1.30370315787e-06
4.66246254186e-09	-2.36294266642e-06
4.66613377221e-09	-2.54426493029e-06
4.66980500256e-09	-1.77700457016e-06
4.67347623291e-09	-3.57174421595e-07
4.67714746325e-09	1.16827186503e-06
4.6808186936e-09	2.21253955601e-06
4.68448992395e-09	2.37308367446e-06
4.6881611543e-09	1.58510607662e-06
4.69183238465e-09	1.47311133958e-07
4.69550361499e-09	-1.38948033168e-06
4.69917484534e-09	-2.43107376718e-06
4.70284607569e-09	-2.56840451129e-06
4.70651730604e-09	-1.73996878061e-06
4.71018853638e-09	-2.61452754557e-07
4.71385976673e-09	1.29284615014e-06
4.71753099708e-09	2.31397197581e-06
4.72120222743e-09	2.39916414557e-06
4.72487345778e-09	1.51277873783e-06
4.72854468812e-09	7.23481718978e-10
4.73221591847e-09	-1.5460169891e-06
4.73588714882e-09	-2.52413977364e-06
4.73955837917e-09	-2.55342956734e-06
4.74322960952e-09	-1.62324295161e-06
4.74690083986e-09	-9.50974552438e-08
4.75057207021e-09	1.43763969618e-06
4.75424330056e-09	2.37868204067e-06
4.75791453091e-09	2.35961485373e-06
4.76158576126e-09	1.38467447641e-06
4.7652569916e-09	-1.67555342045e-07
4.76892822195e-09	-1.68981782167e-06
4.7725994523e-09	-2.58385856e-06
4.77627068265e-09	-2.49778344141e-06
4.779941913e-09	-1.46692462977e-06
4.78361314334e-09	9.99741338603e-08
4.78728437369e-09	1.58493128311e-06
4.79095560404e-09	2.40689413999e-06
4.79462683439e-09	2.25072426474e-06
4.79829806474e-09	1.18669726135e-06
4.80196929508e-09	-3.6277020854e-07
4.80564052543e-09	-1.79255775379e-06
4.80931175578e-09	-2.55060319887e-06
4.81298298613e-09	-2.34955271594e-06
4.81665421647e-09	-1.27408731032e-06
4.82032544682e-09	2.54062811678e-07
4.82399667717e-09	1.64006627301e-06
4.82766790752e-09	2.34646097397e-06
4.83133913787e-09	2.10248975918e-06
4.83501036821e-09	1.0099214478e-06
4.83868159856e-09	-4.98091047518e-07
4.84235282891e-09	-1.8296950941e-06
4.84602405926e-09	-2.46936426151e-06
4.84969528961e-09	-2.1795315206e-06
4.85336651995e-09	-1.08831568468e-06
4.8570377503e-09	3.69315799276e-07
4.86070898065e-09	1.62768270684e-06
4.864380211e-09	2.2108095834e-06
4.86805144135e-09	1.90975526948e-06
4.87172267169e-09	8.54218058066e-07
4.87539390204e-09	-5.44337034114e-07
4.87906513239e-09	-1.75159883042e-06
4.88273636274e-09	-2.31235583215e-06
4.88640759309e-09	-2.02055335308e-06
4.89007882343e-09	-9.96150276933e-07
4.89375005378e-09	3.62471539006e-07
4.89742128413e-09	1.53287305693e-06
4.90109251448e-09	2.07117309969e-06
4.90476374482e-09	1.78239622528e-06
4.90843497517e-09	7.91051490978e-07
4.91210620552e-09	-5.14499959081e-07
4.91577743587e-09	-1.63726946312e-06
4.91944866622e-09	-2.16176553636e-06
4.92311989656e-09	-1.90519440935e-06
4.92679112691e-09	-9.76323235591e-07
4.93046235726e-09	2.7228001187e-07
4.93413358761e-09	1.37688920177e-06
4.93780481796e-09	1.93077397626e-06
4.9414760483e-09	1.73098675305e-06
4.94514727865e-09	8.52657962014e-07
4.948818509e-09	-3.76290152815e-07
4.95248973935e-09	-1.49562359297e-06
4.9561609697e-09	-2.08503627164e-06
4.95983220004e-09	-1.92406039901e-06
4.96350343039e-09	-1.07568004637e-06
4.96717466074e-09	1.39443439906e-07
4.97084589109e-09	1.26702934722e-06
4.97451712144e-09	1.89000394357e-06
4.97818835178e-09	1.78047054078e-06
4.98185958213e-09	9.78808600394e-07
4.98553081248e-09	-2.23606697602e-07
4.98920204283e-09	-1.38824506735e-06
4.99287327317e-09	-2.08417807812e-06
4.99654450352e-09	-2.04351084676e-06
5.00021573387e-09	-1.26490795083e-06
5.00388696422e-09	-2.4533996168e-08
5.00755819457e-09	1.21712071177e-06
5.01122942491e-09	1.98530997864e-06
5.01490065526e-09	1.9752497451e-06
5.01857188561e-09	1.17610375128e-06
5.02224311596e-09	-1.18908742408e-07
5.02591434631e-09	-1.42217777466e-06
5.02958557665e-09	-2.23744942218e-06
5.033256807e-09	-2.24793024017e-06
5.03692803735e-09	-1.43590960988e-06
5.0405992677e-09	-9.2395630702e-08
5.04427049805e-09	1.28536817101e-06
5.04794172839e-09	2.17290653381e-06
5.05161295874e-09	2.21393639777e-06
5.05528418909e-09	1.36354481128e-06
5.05895541944e-09	-7.84047937685e-08
5.06262664979e-09	-1.56677398877e-06
5.06629788013e-09	-2.51580200938e-06
5.06996911048e-09	-2.53298233588e-06
5.07364034083e-09	-1.58600735745e-06
5.07731157118e-09	-2.71199276369e-08
5.08098280153e-09	1.53990384888e-06
5.08465403187e-09	2.4973921029e-06
5.08832526222e-09	2.45842582558e-06
5.09199649257e-09	1.42084945765e-06
5.09566772292e-09	-2.28437645688e-07
5.09933895326e-09	-1.85763136074e-06
5.10301018361e-09	-2.82869046941e-06
5.10668141396e-09	-2.74307461723e-06
5.11035264431e-09	-1.60468511012e-06
5.11402387466e-09	1.65817276354e-07
5.117695105e-09	1.88045544292e-06
5.12136633535e-09	2.84977505771e-06
5.1250375657e-09	2.66354288669e-06
5.12870879605e-09	1.36931558359e-06
5.1323800264e-09	-5.33094350885e-07
5.13605125674e-09	-2.28698678484e-06
5.13972248709e-09	-3.18460780591e-06
5.14339371744e-09	-2.85584383164e-06
5.14706494779e-09	-1.4190461286e-06
5.15073617814e-09	5.6474075194e-07
5.15440740848e-09	2.31330014344e-06
5.15807863883e-09	3.1294957239e-06
5.16174986918e-09	2.67588066549e-06
5.16542109953e-09	1.11253723389e-06
5.16909232988e-09	-9.55366161293e-07
5.17276356022e-09	-2.70753074005e-06
5.17643479057e-09	-3.43181335438e-06
5.18010602092e-09	-2.81704242866e-06
5.18377725127e-09	-1.09145764782e-06
5.18744848161e-09	1.05819961504e-06
5.19111971196e-09	2.76241314623e-06
5.19479094231e-09	3.32608715325e-06
5.19846217266e-09	2.51603640322e-06
5.20213340301e-09	6.56499572926e-07
5.20580463335e-09	-1.5051377602e-06
5.2094758637e-09	-3.10209958343e-06
5.21314709405e-09	-3.49556967194e-06
5.2168183244e-09	-2.52650150401e-06
5.22048955475e-09	-5.77842016014e-07
5.22416078509e-09	1.57563803782e-06
5.22783201544e-09	3.07120279786e-06
5.23150324579e-09	3.30197536869e-06
5.23517447614e-09	2.16523807239e-06
5.23884570649e-09	1.13312626837e-07
5.24251693683e-09	-2.02344983791e-06
5.24618816718e-09	-3.3745585597e-06
5.24985939753e-09	-3.38980851211e-06
5.25353062788e-09	-2.06776931577e-06
5.25720185823e-09	4.58369306955e-08
5.26087308857e-09	2.08817786529e-06
5.26454431892e-09	3.23632053778e-06
5.26821554927e-09	3.0391337873e-06
5.27188677962e-09	1.59100795827e-06
5.27555800997e-09	-5.15868407547e-07
5.27922924031e-09	-2.43340281258e-06
5.28290047066e-09	-3.39593628951e-06
5.28657170101e-09	-3.02280460573e-06
5.29024293136e-09	-1.4702877138e-06
5.2939141617e-09	6.2973075643e-07
5.29758539205e-09	2.4230827762e-06
5.3012566224e-09	3.18209868055e-06
5.30492785275e-09	2.60595729173e-06
5.3085990831e-09	9.44949391624e-07
5.31227031344e-09	-1.10778501039e-06
5.31594154379e-09	-2.70974237537e-06
5.31961277414e-09	-3.22025846344e-06
