0	-4.33829e-05
3.33787e-13	-4.60022e-05
6.67575e-13	-4.871e-05
1.00136e-12	-5.15081e-05
1.33515e-12	-5.43986e-05
1.66894e-12	-5.73836e-05
2.00272e-12	-6.04651e-05
2.33651e-12	-6.36453e-05
2.6703e-12	-6.69262e-05
3.00409e-12	-7.03099e-05
3.33787e-12	-7.37986e-05
3.67166e-12	-7.73945e-05
4.00545e-12	-8.10997e-05
4.33924e-12	-8.49165e-05
4.67302e-12	-8.8847e-05
5.00681e-12	-9.28934e-05
5.3406e-12	-9.70581e-05
5.67438e-12	-0.000101343
6.00817e-12	-0.000105751
6.34196e-12	-0.000110284
6.67575e-12	-0.000114944
7.00953e-12	-0.000119734
7.34332e-12	-0.000124655
7.67711e-12	-0.000129711
8.0109e-12	-0.000134903
8.34468e-12	-0.000140234
8.67847e-12	-0.000145706
9.01226e-12	-0.000151321
9.34604e-12	-0.000157082
9.67983e-12	-0.000162991
1.00136e-11	-0.000169051
1.03474e-11	-0.000175263
1.06812e-11	-0.00018163
1.1015e-11	-0.000188154
1.13488e-11	-0.000194837
1.16826e-11	-0.000201682
1.20163e-11	-0.000208691
1.23501e-11	-0.000215866
1.26839e-11	-0.00022321
1.30177e-11	-0.000230723
1.33515e-11	-0.00023841
1.36853e-11	-0.000246271
1.40191e-11	-0.000254309
1.43529e-11	-0.000262526
1.46866e-11	-0.000270923
1.50204e-11	-0.000279504
1.53542e-11	-0.000288269
1.5688e-11	-0.000297221
1.60218e-11	-0.000306361
1.63556e-11	-0.000315692
1.66894e-11	-0.000325214
1.70232e-11	-0.000334931
1.73569e-11	-0.000344843
1.76907e-11	-0.000354951
1.80245e-11	-0.000365258
1.83583e-11	-0.000375765
1.86921e-11	-0.000386473
1.90259e-11	-0.000397384
1.93597e-11	-0.000408498
1.96935e-11	-0.000419817
2.00272e-11	-0.000431342
2.0361e-11	-0.000443073
2.06948e-11	-0.000455012
2.10286e-11	-0.00046716
2.13624e-11	-0.000479516
2.16962e-11	-0.000492081
2.203e-11	-0.000504857
2.23638e-11	-0.000517842
2.26975e-11	-0.000531038
2.30313e-11	-0.000544444
2.33651e-11	-0.000558061
2.36989e-11	-0.000571887
2.40327e-11	-0.000585923
2.43665e-11	-0.000600168
2.47003e-11	-0.000614621
2.5034e-11	-0.000629282
2.53678e-11	-0.00064415
2.57016e-11	-0.000659223
2.60354e-11	-0.000674499
2.63692e-11	-0.000689979
2.6703e-11	-0.000705659
2.70368e-11	-0.000721538
2.73706e-11	-0.000737614
2.77043e-11	-0.000753885
2.80381e-11	-0.000770348
2.83719e-11	-0.000786999
2.87057e-11	-0.000803838
2.90395e-11	-0.000820859
2.93733e-11	-0.00083806
2.97071e-11	-0.000855438
3.00409e-11	-0.000872987
3.03746e-11	-0.000890705
3.07084e-11	-0.000908586
3.10422e-11	-0.000926627
3.1376e-11	-0.000944821
3.17098e-11	-0.000963165
3.20436e-11	-0.000981651
3.23774e-11	-0.00100028
3.27112e-11	-0.00101903
3.30449e-11	-0.00103791
3.33787e-11	-0.00105691
3.37125e-11	-0.00107602
3.40463e-11	-0.00109524
3.43801e-11	-0.00111455
3.47139e-11	-0.00113395
3.50477e-11	-0.00115343
3.53815e-11	-0.00117298
3.57152e-11	-0.00119259
3.6049e-11	-0.00121225
3.63828e-11	-0.00123196
3.67166e-11	-0.0012517
3.70504e-11	-0.00127146
3.73842e-11	-0.00129123
3.7718e-11	-0.001311
3.80518e-11	-0.00133076
3.83855e-11	-0.00135049
3.87193e-11	-0.00137018
3.90531e-11	-0.00138983
3.93869e-11	-0.0014094
3.97207e-11	-0.0014289
4.00545e-11	-0.00144831
4.03883e-11	-0.00146761
4.07221e-11	-0.00148679
4.10558e-11	-0.00150582
4.13896e-11	-0.0015247
4.17234e-11	-0.00154341
4.20572e-11	-0.00156192
4.2391e-11	-0.00158023
4.27248e-11	-0.00159831
4.30586e-11	-0.00161614
4.33924e-11	-0.00163371
4.37261e-11	-0.00165099
4.40599e-11	-0.00166797
4.43937e-11	-0.00168462
4.47275e-11	-0.00170092
4.50613e-11	-0.00171684
4.53951e-11	-0.00173238
4.57289e-11	-0.00174749
4.60627e-11	-0.00176217
4.63964e-11	-0.00177637
4.67302e-11	-0.00179009
4.7064e-11	-0.00180329
4.73978e-11	-0.00181594
4.77316e-11	-0.00182803
4.80654e-11	-0.00183951
4.83992e-11	-0.00185037
4.87329e-11	-0.00186057
4.90667e-11	-0.00187009
4.94005e-11	-0.00187889
4.97343e-11	-0.00188695
5.00681e-11	-0.00189423
5.04019e-11	-0.0019007
5.07357e-11	-0.00190632
5.10695e-11	-0.00191107
5.14032e-11	-0.00191492
5.1737e-11	-0.00191782
5.20708e-11	-0.00191973
5.24046e-11	-0.00192064
5.27384e-11	-0.00192049
5.30722e-11	-0.00191925
5.3406e-11	-0.00191689
5.37398e-11	-0.00191336
5.40735e-11	-0.00190862
5.44073e-11	-0.00190265
5.47411e-11	-0.00189538
5.50749e-11	-0.00188679
5.54087e-11	-0.00187683
5.57425e-11	-0.00186547
5.60763e-11	-0.00185264
5.64101e-11	-0.00183832
5.67438e-11	-0.00182246
5.70776e-11	-0.00180502
5.74114e-11	-0.00178594
5.77452e-11	-0.00176518
5.8079e-11	-0.00174269
5.84128e-11	-0.00171844
5.87466e-11	-0.00169236
5.90804e-11	-0.00166441
5.94141e-11	-0.00163454
5.97479e-11	-0.00160271
6.00817e-11	-0.00156885
6.04155e-11	-0.00153293
6.07493e-11	-0.00149488
6.10831e-11	-0.00145466
6.14169e-11	-0.00141222
6.17507e-11	-0.00136749
6.20844e-11	-0.00132043
6.24182e-11	-0.00127098
6.2752e-11	-0.00121909
6.30858e-11	-0.00116471
6.34196e-11	-0.00110777
6.37534e-11	-0.00104822
6.40872e-11	-0.000986007
6.4421e-11	-0.000921072
6.47547e-11	-0.000853358
6.50885e-11	-0.000782808
6.54223e-11	-0.000709364
6.57561e-11	-0.000632966
6.60899e-11	-0.000553558
6.64237e-11	-0.00047108
6.67575e-11	-0.000385473
6.70913e-11	-0.000296677
6.7425e-11	-0.000204634
6.77588e-11	-0.000109284
6.80926e-11	-1.05656e-05
6.84264e-11	9.15797e-05
6.87602e-11	0.000197212
6.9094e-11	0.000306393
6.94278e-11	0.000419181
6.97615e-11	0.000535637
7.00953e-11	0.000655822
7.04291e-11	0.000779795
7.07629e-11	0.000907617
7.10967e-11	0.00103935
7.14305e-11	0.00117505
7.17643e-11	0.00131478
7.20981e-11	0.00145859
7.24318e-11	0.00160655
7.27656e-11	0.00175872
7.30994e-11	0.00191516
7.34332e-11	0.00207592
7.3767e-11	0.00224106
7.41008e-11	0.00241063
7.44346e-11	0.00258471
7.47684e-11	0.00276334
7.51021e-11	0.00294657
7.54359e-11	0.00313447
7.57697e-11	0.00332709
7.61035e-11	0.00352448
7.64373e-11	0.00372669
7.67711e-11	0.00393378
7.71049e-11	0.00414581
7.74387e-11	0.00436281
7.77724e-11	0.00458484
7.81062e-11	0.00481196
7.844e-11	0.0050442
7.87738e-11	0.00528161
7.91076e-11	0.00552424
7.94414e-11	0.00577214
7.97752e-11	0.00602534
8.0109e-11	0.00628389
8.04427e-11	0.00654783
8.07765e-11	0.0068172
8.11103e-11	0.00709203
8.14441e-11	0.00737237
8.17779e-11	0.00765824
8.21117e-11	0.00794968
8.24455e-11	0.00824671
8.27793e-11	0.00854938
8.3113e-11	0.0088577
8.34468e-11	0.00917171
8.37806e-11	0.00949142
8.41144e-11	0.00981685
8.44482e-11	0.010148
8.4782e-11	0.010485
8.51158e-11	0.0108277
8.54496e-11	0.0111762
8.57833e-11	0.0115305
8.61171e-11	0.0118907
8.64509e-11	0.0122566
8.67847e-11	0.0126283
8.71185e-11	0.0130059
8.74523e-11	0.0133893
8.77861e-11	0.0137785
8.81199e-11	0.0141735
8.84536e-11	0.0145743
8.87874e-11	0.0149809
8.91212e-11	0.0153932
8.9455e-11	0.0158113
8.97888e-11	0.0162351
9.01226e-11	0.0166646
9.04564e-11	0.0170997
9.07902e-11	0.0175405
9.11239e-11	0.0179868
9.14577e-11	0.0184388
9.17915e-11	0.0188962
9.21253e-11	0.0193591
9.24591e-11	0.0198274
9.27929e-11	0.020301
9.31267e-11	0.02078
9.34604e-11	0.0212642
9.37942e-11	0.0217535
9.4128e-11	0.0222479
9.44618e-11	0.0227474
9.47956e-11	0.0232518
9.51294e-11	0.0237611
9.54632e-11	0.0242751
9.5797e-11	0.0247938
9.61307e-11	0.0253171
9.64645e-11	0.0258449
9.67983e-11	0.0263771
9.71321e-11	0.0269135
9.74659e-11	0.0274541
9.77997e-11	0.0279987
9.81335e-11	0.0285472
9.84673e-11	0.0290995
9.8801e-11	0.0296554
9.91348e-11	0.0302149
9.94686e-11	0.0307777
9.98024e-11	0.0313437
1.00136e-10	0.0319127
1.0047e-10	0.0324847
1.00804e-10	0.0330593
1.01138e-10	0.0336366
1.01471e-10	0.0342162
1.01805e-10	0.034798
1.02139e-10	0.0353818
1.02473e-10	0.0359675
1.02806e-10	0.0365547
1.0314e-10	0.0371434
1.03474e-10	0.0377333
1.03808e-10	0.0383242
1.04142e-10	0.0389159
1.04475e-10	0.0395081
1.04809e-10	0.0401007
1.05143e-10	0.0406933
1.05477e-10	0.0412857
1.05811e-10	0.0418778
1.06144e-10	0.0424692
1.06478e-10	0.0430596
1.06812e-10	0.0436489
1.07146e-10	0.0442367
1.0748e-10	0.0448227
1.07813e-10	0.0454067
1.08147e-10	0.0459884
1.08481e-10	0.0465675
1.08815e-10	0.0471437
1.09148e-10	0.0477166
1.09482e-10	0.048286
1.09816e-10	0.0488515
1.1015e-10	0.0494129
1.10484e-10	0.0499698
1.10817e-10	0.0505218
1.11151e-10	0.0510686
1.11485e-10	0.0516098
1.11819e-10	0.0521452
1.12153e-10	0.0526743
1.12486e-10	0.0531968
1.1282e-10	0.0537123
1.13154e-10	0.0542204
1.13488e-10	0.0547208
1.13821e-10	0.0552131
1.14155e-10	0.0556968
1.14489e-10	0.0561716
1.14823e-10	0.056637
1.15157e-10	0.0570928
1.1549e-10	0.0575383
1.15824e-10	0.0579733
1.16158e-10	0.0583973
1.16492e-10	0.0588099
1.16826e-10	0.0592106
1.17159e-10	0.059599
1.17493e-10	0.0599747
1.17827e-10	0.0603372
1.18161e-10	0.0606861
1.18494e-10	0.0610209
1.18828e-10	0.0613411
1.19162e-10	0.0616463
1.19496e-10	0.061936
1.1983e-10	0.0622097
1.20163e-10	0.0624671
1.20497e-10	0.0627075
1.20831e-10	0.0629305
1.21165e-10	0.0631356
1.21499e-10	0.0633224
1.21832e-10	0.0634902
1.22166e-10	0.0636388
1.225e-10	0.0637674
1.22834e-10	0.0638758
1.23168e-10	0.0639632
1.23501e-10	0.0640293
1.23835e-10	0.0640735
1.24169e-10	0.0640953
1.24503e-10	0.0640943
1.24836e-10	0.0640698
1.2517e-10	0.0640214
1.25504e-10	0.0639486
1.25838e-10	0.0638508
1.26172e-10	0.0637276
1.26505e-10	0.0635784
1.26839e-10	0.0634027
1.27173e-10	0.0632
1.27507e-10	0.0629698
1.27841e-10	0.0627115
1.28174e-10	0.0624246
1.28508e-10	0.0621087
1.28842e-10	0.0617632
1.29176e-10	0.0613876
1.29509e-10	0.0609814
1.29843e-10	0.060544
1.30177e-10	0.0600751
1.30511e-10	0.059574
1.30845e-10	0.0590402
1.31178e-10	0.0584734
1.31512e-10	0.0578729
1.31846e-10	0.0572383
1.3218e-10	0.0565691
1.32514e-10	0.0558648
1.32847e-10	0.055125
1.33181e-10	0.0543491
1.33515e-10	0.0535366
1.33849e-10	0.0526873
1.34183e-10	0.0518004
1.34516e-10	0.0508757
1.3485e-10	0.0499126
1.35184e-10	0.0489108
1.35518e-10	0.0478697
1.35851e-10	0.0467889
1.36185e-10	0.0456682
1.36519e-10	0.0445069
1.36853e-10	0.0433047
1.37187e-10	0.0420612
1.3752e-10	0.0407761
1.37854e-10	0.0394489
1.38188e-10	0.0380793
1.38522e-10	0.0366669
1.38856e-10	0.0352113
1.39189e-10	0.0337122
1.39523e-10	0.0321694
1.39857e-10	0.0305824
1.40191e-10	0.0289509
1.40524e-10	0.0272747
1.40858e-10	0.0255535
1.41192e-10	0.0237869
1.41526e-10	0.0219748
1.4186e-10	0.0201168
1.42193e-10	0.0182128
1.42527e-10	0.0162625
1.42861e-10	0.0142656
1.43195e-10	0.0122221
1.43529e-10	0.0101317
1.43862e-10	0.00799427
1.44196e-10	0.00580962
1.4453e-10	0.00357762
1.44864e-10	0.00129817
1.45197e-10	-0.00102887
1.45531e-10	-0.00340356
1.45865e-10	-0.005826
1.46199e-10	-0.00829623
1.46533e-10	-0.0108143
1.46866e-10	-0.0133802
1.472e-10	-0.0159941
1.47534e-10	-0.0186557
1.47868e-10	-0.0213652
1.48202e-10	-0.0241225
1.48535e-10	-0.0269275
1.48869e-10	-0.0297801
1.49203e-10	-0.0326803
1.49537e-10	-0.0356279
1.49871e-10	-0.0386227
1.50204e-10	-0.0416646
1.50538e-10	-0.0447535
1.50872e-10	-0.047889
1.51206e-10	-0.0510711
1.51539e-10	-0.0542994
1.51873e-10	-0.0575736
1.52207e-10	-0.0608936
1.52541e-10	-0.0642589
1.52875e-10	-0.0676693
1.53208e-10	-0.0711243
1.53542e-10	-0.0746237
1.53876e-10	-0.078167
1.5421e-10	-0.0817538
1.54544e-10	-0.0853837
1.54877e-10	-0.0890561
1.55211e-10	-0.0927707
1.55545e-10	-0.0965268
1.55879e-10	-0.100324
1.56212e-10	-0.104162
1.56546e-10	-0.108039
1.5688e-10	-0.111956
1.57214e-10	-0.115912
1.57548e-10	-0.119905
1.57881e-10	-0.123936
1.58215e-10	-0.128004
1.58549e-10	-0.132108
1.58883e-10	-0.136246
1.59217e-10	-0.140419
1.5955e-10	-0.144626
1.59884e-10	-0.148866
1.60218e-10	-0.153137
1.60552e-10	-0.157439
1.60885e-10	-0.161772
1.61219e-10	-0.166134
1.61553e-10	-0.170524
1.61887e-10	-0.174942
1.62221e-10	-0.179386
1.62554e-10	-0.183855
1.62888e-10	-0.188348
1.63222e-10	-0.192865
1.63556e-10	-0.197404
1.6389e-10	-0.201964
1.64223e-10	-0.206543
1.64557e-10	-0.211142
1.64891e-10	-0.215758
1.65225e-10	-0.22039
1.65559e-10	-0.225038
1.65892e-10	-0.229699
1.66226e-10	-0.234373
1.6656e-10	-0.239058
1.66894e-10	-0.243754
1.67227e-10	-0.248458
1.67561e-10	-0.253169
1.67895e-10	-0.257886
1.68229e-10	-0.262607
1.68563e-10	-0.267332
1.68896e-10	-0.272058
1.6923e-10	-0.276785
1.69564e-10	-0.28151
1.69898e-10	-0.286232
1.70232e-10	-0.29095
1.70565e-10	-0.295662
1.70899e-10	-0.300366
1.71233e-10	-0.305062
1.71567e-10	-0.309747
1.719e-10	-0.31442
1.72234e-10	-0.319078
1.72568e-10	-0.323722
1.72902e-10	-0.328348
1.73236e-10	-0.332955
1.73569e-10	-0.337541
1.73903e-10	-0.342106
1.74237e-10	-0.346646
1.74571e-10	-0.351161
1.74905e-10	-0.355648
1.75238e-10	-0.360106
1.75572e-10	-0.364532
1.75906e-10	-0.368926
1.7624e-10	-0.373286
1.76573e-10	-0.377609
1.76907e-10	-0.381894
1.77241e-10	-0.386138
1.77575e-10	-0.390341
1.77909e-10	-0.3945
1.78242e-10	-0.398614
1.78576e-10	-0.40268
1.7891e-10	-0.406697
1.79244e-10	-0.410663
1.79578e-10	-0.414575
1.79911e-10	-0.418433
1.80245e-10	-0.422234
1.80579e-10	-0.425976
1.80913e-10	-0.429658
1.81247e-10	-0.433277
1.8158e-10	-0.436832
1.81914e-10	-0.440321
1.82248e-10	-0.443741
1.82582e-10	-0.447092
1.82915e-10	-0.450371
1.83249e-10	-0.453576
1.83583e-10	-0.456705
1.83917e-10	-0.459758
1.84251e-10	-0.46273
1.84584e-10	-0.465622
1.84918e-10	-0.46843
1.85252e-10	-0.471154
1.85586e-10	-0.473791
1.8592e-10	-0.47634
1.86253e-10	-0.478798
1.86587e-10	-0.481164
1.86921e-10	-0.483437
1.87255e-10	-0.485613
1.87588e-10	-0.487692
1.87922e-10	-0.489672
1.88256e-10	-0.491552
1.8859e-10	-0.493328
1.88924e-10	-0.495
1.89257e-10	-0.496567
1.89591e-10	-0.498025
1.89925e-10	-0.499375
1.90259e-10	-0.500613
1.90593e-10	-0.501739
1.90926e-10	-0.502751
1.9126e-10	-0.503648
1.91594e-10	-0.504427
1.91928e-10	-0.505088
1.92261e-10	-0.505628
1.92595e-10	-0.506047
1.92929e-10	-0.506343
1.93263e-10	-0.506515
1.93597e-10	-0.506561
1.9393e-10	-0.50648
1.94264e-10	-0.50627
1.94598e-10	-0.505931
1.94932e-10	-0.505461
1.95266e-10	-0.504859
1.95599e-10	-0.504123
1.95933e-10	-0.503254
1.96267e-10	-0.502248
1.96601e-10	-0.501106
1.96935e-10	-0.499826
1.97268e-10	-0.498408
1.97602e-10	-0.49685
1.97936e-10	-0.495151
1.9827e-10	-0.493311
1.98603e-10	-0.491329
1.98937e-10	-0.489204
1.99271e-10	-0.486935
1.99605e-10	-0.484521
1.99939e-10	-0.481962
2.00272e-10	-0.479258
2.00606e-10	-0.476407
2.0094e-10	-0.473408
2.01274e-10	-0.470263
2.01608e-10	-0.466969
2.01941e-10	-0.463527
2.02275e-10	-0.459936
2.02609e-10	-0.456197
2.02943e-10	-0.452308
2.03276e-10	-0.448269
2.0361e-10	-0.444081
2.03944e-10	-0.439743
2.04278e-10	-0.435255
2.04612e-10	-0.430617
2.04945e-10	-0.425829
2.05279e-10	-0.420891
2.05613e-10	-0.415804
2.05947e-10	-0.410567
2.06281e-10	-0.405181
2.06614e-10	-0.399646
2.06948e-10	-0.393962
2.07282e-10	-0.38813
2.07616e-10	-0.382151
2.0795e-10	-0.376024
2.08283e-10	-0.36975
2.08617e-10	-0.36333
2.08951e-10	-0.356764
2.09285e-10	-0.350054
2.09618e-10	-0.343199
2.09952e-10	-0.336202
2.10286e-10	-0.329062
2.1062e-10	-0.32178
2.10954e-10	-0.314358
2.11287e-10	-0.306797
2.11621e-10	-0.299097
2.11955e-10	-0.29126
2.12289e-10	-0.283287
2.12623e-10	-0.27518
2.12956e-10	-0.266939
2.1329e-10	-0.258565
2.13624e-10	-0.250062
2.13958e-10	-0.241428
2.14291e-10	-0.232668
2.14625e-10	-0.223781
2.14959e-10	-0.214769
2.15293e-10	-0.205635
2.15627e-10	-0.19638
2.1596e-10	-0.187005
2.16294e-10	-0.177513
2.16628e-10	-0.167905
2.16962e-10	-0.158183
2.17296e-10	-0.14835
2.17629e-10	-0.138407
2.17963e-10	-0.128356
2.18297e-10	-0.1182
2.18631e-10	-0.107941
2.18964e-10	-0.0975802
2.19298e-10	-0.0871209
2.19632e-10	-0.076565
2.19966e-10	-0.0659151
2.203e-10	-0.0551734
2.20633e-10	-0.0443424
2.20967e-10	-0.0334247
2.21301e-10	-0.0224227
2.21635e-10	-0.011339
2.21969e-10	-0.000176358
2.22302e-10	0.0110627
2.22636e-10	0.0223754
2.2297e-10	0.0337591
2.23304e-10	0.0452109
2.23638e-10	0.056728
2.23971e-10	0.0683076
2.24305e-10	0.0799467
2.24639e-10	0.0916425
2.24973e-10	0.103392
2.25306e-10	0.115192
2.2564e-10	0.12704
2.25974e-10	0.138932
2.26308e-10	0.150866
2.26642e-10	0.162839
2.26975e-10	0.174846
2.27309e-10	0.186886
2.27643e-10	0.198954
2.27977e-10	0.211049
2.28311e-10	0.223165
2.28644e-10	0.235301
2.28978e-10	0.247453
2.29312e-10	0.259617
2.29646e-10	0.27179
2.29979e-10	0.283969
2.30313e-10	0.296151
2.30647e-10	0.308332
2.30981e-10	0.320508
2.31315e-10	0.332677
2.31648e-10	0.344835
2.31982e-10	0.356978
2.32316e-10	0.369103
2.3265e-10	0.381206
2.32984e-10	0.393285
2.33317e-10	0.405336
2.33651e-10	0.417354
2.33985e-10	0.429338
2.34319e-10	0.441282
2.34652e-10	0.453184
2.34986e-10	0.465041
2.3532e-10	0.476848
2.35654e-10	0.488603
2.35988e-10	0.500302
2.36321e-10	0.511941
2.36655e-10	0.523517
2.36989e-10	0.535026
2.37323e-10	0.546466
2.37657e-10	0.557832
2.3799e-10	0.569122
2.38324e-10	0.580332
2.38658e-10	0.591458
2.38992e-10	0.602497
2.39326e-10	0.613446
2.39659e-10	0.624301
2.39993e-10	0.63506
2.40327e-10	0.645719
2.40661e-10	0.656274
2.40994e-10	0.666723
2.41328e-10	0.677062
2.41662e-10	0.687288
2.41996e-10	0.697398
2.4233e-10	0.707388
2.42663e-10	0.717256
2.42997e-10	0.726999
2.43331e-10	0.736614
2.43665e-10	0.746097
2.43999e-10	0.755445
2.44332e-10	0.764657
2.44666e-10	0.773728
2.45e-10	0.782656
2.45334e-10	0.791439
2.45667e-10	0.800072
2.46001e-10	0.808555
2.46335e-10	0.816883
2.46669e-10	0.825055
2.47003e-10	0.833067
2.47336e-10	0.840918
2.4767e-10	0.848605
2.48004e-10	0.856125
2.48338e-10	0.863476
2.48672e-10	0.870655
2.49005e-10	0.877661
2.49339e-10	0.884491
2.49673e-10	0.891143
2.50007e-10	0.897614
2.5034e-10	0.903903
2.50674e-10	0.910008
2.51008e-10	0.915927
2.51342e-10	0.921657
2.51676e-10	0.927197
2.52009e-10	0.932546
2.52343e-10	0.937701
2.52677e-10	0.94266
2.53011e-10	0.947423
2.53345e-10	0.951988
2.53678e-10	0.956352
2.54012e-10	0.960516
2.54346e-10	0.964477
2.5468e-10	0.968234
2.55014e-10	0.971786
2.55347e-10	0.975132
2.55681e-10	0.97827
2.56015e-10	0.9812
2.56349e-10	0.983921
2.56682e-10	0.986432
2.57016e-10	0.988731
2.5735e-10	0.990819
2.57684e-10	0.992695
2.58018e-10	0.994357
2.58351e-10	0.995806
2.58685e-10	0.997041
2.59019e-10	0.998062
2.59353e-10	0.998867
2.59687e-10	0.999458
2.6002e-10	0.999833
2.60354e-10	0.999994
2.60688e-10	0.999938
2.61022e-10	0.999668
2.61355e-10	0.999182
2.61689e-10	0.998481
2.62023e-10	0.997565
2.62357e-10	0.996434
2.62691e-10	0.995089
2.63024e-10	0.993531
2.63358e-10	0.991759
2.63692e-10	0.989774
2.64026e-10	0.987578
2.6436e-10	0.98517
2.64693e-10	0.982551
2.65027e-10	0.979723
2.65361e-10	0.976686
2.65695e-10	0.973441
2.66028e-10	0.969989
2.66362e-10	0.966332
2.66696e-10	0.96247
2.6703e-10	0.958405
2.67364e-10	0.954138
2.67697e-10	0.94967
2.68031e-10	0.945004
2.68365e-10	0.94014
2.68699e-10	0.93508
2.69033e-10	0.929825
2.69366e-10	0.924378
2.697e-10	0.91874
2.70034e-10	0.912913
2.70368e-10	0.906898
2.70702e-10	0.900699
2.71035e-10	0.894316
2.71369e-10	0.887752
2.71703e-10	0.881008
2.72037e-10	0.874088
2.7237e-10	0.866993
2.72704e-10	0.859725
2.73038e-10	0.852287
2.73372e-10	0.844681
2.73706e-10	0.83691
2.74039e-10	0.828976
2.74373e-10	0.820881
2.74707e-10	0.812629
2.75041e-10	0.804221
2.75375e-10	0.79566
2.75708e-10	0.78695
2.76042e-10	0.778093
2.76376e-10	0.769091
2.7671e-10	0.759947
2.77043e-10	0.750665
2.77377e-10	0.741247
2.77711e-10	0.731696
2.78045e-10	0.722016
2.78379e-10	0.712208
2.78712e-10	0.702277
2.79046e-10	0.692224
2.7938e-10	0.682055
2.79714e-10	0.67177
2.80048e-10	0.661375
2.80381e-10	0.650871
2.80715e-10	0.640262
2.81049e-10	0.629552
2.81383e-10	0.618743
2.81716e-10	0.607839
2.8205e-10	0.596843
2.82384e-10	0.585759
2.82718e-10	0.574589
2.83052e-10	0.563338
2.83385e-10	0.552009
2.83719e-10	0.540605
2.84053e-10	0.529129
2.84387e-10	0.517584
2.84721e-10	0.505976
2.85054e-10	0.494306
2.85388e-10	0.482578
2.85722e-10	0.470796
2.86056e-10	0.458963
2.8639e-10	0.447082
2.86723e-10	0.435158
2.87057e-10	0.423193
2.87391e-10	0.411191
2.87725e-10	0.399156
2.88058e-10	0.38709
2.88392e-10	0.374998
2.88726e-10	0.362883
2.8906e-10	0.350748
2.89394e-10	0.338597
2.89727e-10	0.326434
2.90061e-10	0.31426
2.90395e-10	0.302081
2.90729e-10	0.2899
2.91063e-10	0.277719
2.91396e-10	0.265542
2.9173e-10	0.253373
2.92064e-10	0.241215
2.92398e-10	0.229071
2.92731e-10	0.216945
2.93065e-10	0.204839
2.93399e-10	0.192758
2.93733e-10	0.180704
2.94067e-10	0.16868
2.944e-10	0.15669
2.94734e-10	0.144737
2.95068e-10	0.132824
2.95402e-10	0.120954
2.95736e-10	0.109131
2.96069e-10	0.0973562
2.96403e-10	0.0856339
2.96737e-10	0.0739668
2.97071e-10	0.0623578
2.97405e-10	0.05081
2.97738e-10	0.039326
2.98072e-10	0.0279088
2.98406e-10	0.0165612
2.9874e-10	0.00528597
2.99073e-10	-0.00591424
2.99407e-10	-0.0170367
2.99741e-10	-0.0280788
3.00075e-10	-0.0390378
3.00409e-10	-0.0499114
3.00742e-10	-0.0606968
3.01076e-10	-0.0713918
3.0141e-10	-0.0819937
3.01744e-10	-0.0925003
3.02078e-10	-0.102909
3.02411e-10	-0.113218
3.02745e-10	-0.123425
3.03079e-10	-0.133527
3.03413e-10	-0.143523
3.03746e-10	-0.15341
3.0408e-10	-0.163186
3.04414e-10	-0.172849
3.04748e-10	-0.182398
3.05082e-10	-0.19183
3.05415e-10	-0.201144
3.05749e-10	-0.210338
3.06083e-10	-0.219409
3.06417e-10	-0.228357
3.06751e-10	-0.237179
3.07084e-10	-0.245875
3.07418e-10	-0.254442
3.07752e-10	-0.262879
3.08086e-10	-0.271184
3.08419e-10	-0.279357
3.08753e-10	-0.287396
3.09087e-10	-0.295299
3.09421e-10	-0.303065
3.09755e-10	-0.310694
3.10088e-10	-0.318184
3.10422e-10	-0.325534
3.10756e-10	-0.332743
3.1109e-10	-0.33981
3.11424e-10	-0.346735
3.11757e-10	-0.353515
3.12091e-10	-0.360151
3.12425e-10	-0.366642
3.12759e-10	-0.372987
3.13093e-10	-0.379186
3.13426e-10	-0.385238
3.1376e-10	-0.391142
3.14094e-10	-0.396898
3.14428e-10	-0.402505
3.14761e-10	-0.407964
3.15095e-10	-0.413273
3.15429e-10	-0.418433
3.15763e-10	-0.423444
3.16097e-10	-0.428305
3.1643e-10	-0.433015
3.16764e-10	-0.437576
3.17098e-10	-0.441988
3.17432e-10	-0.446249
3.17766e-10	-0.45036
3.18099e-10	-0.454322
3.18433e-10	-0.458134
3.18767e-10	-0.461798
3.19101e-10	-0.465312
3.19434e-10	-0.468678
3.19768e-10	-0.471895
3.20102e-10	-0.474965
3.20436e-10	-0.477888
3.2077e-10	-0.480664
3.21103e-10	-0.483294
3.21437e-10	-0.485778
3.21771e-10	-0.488117
3.22105e-10	-0.490313
3.22439e-10	-0.492364
3.22772e-10	-0.494273
3.23106e-10	-0.496041
3.2344e-10	-0.497667
3.23774e-10	-0.499153
3.24107e-10	-0.5005
3.24441e-10	-0.501709
3.24775e-10	-0.502781
3.25109e-10	-0.503717
3.25443e-10	-0.504518
3.25776e-10	-0.505185
3.2611e-10	-0.505719
3.26444e-10	-0.506122
3.26778e-10	-0.506394
3.27112e-10	-0.506537
3.27445e-10	-0.506553
3.27779e-10	-0.506443
3.28113e-10	-0.506207
3.28447e-10	-0.505848
3.28781e-10	-0.505366
3.29114e-10	-0.504764
3.29448e-10	-0.504042
3.29782e-10	-0.503202
3.30116e-10	-0.502246
3.30449e-10	-0.501176
3.30783e-10	-0.499992
3.31117e-10	-0.498696
3.31451e-10	-0.49729
3.31785e-10	-0.495776
3.32118e-10	-0.494155
3.32452e-10	-0.492429
3.32786e-10	-0.4906
3.3312e-10	-0.488669
3.33454e-10	-0.486638
3.33787e-10	-0.484508
3.34121e-10	-0.482282
3.34455e-10	-0.479962
3.34789e-10	-0.477548
3.35122e-10	-0.475043
3.35456e-10	-0.472449
3.3579e-10	-0.469767
3.36124e-10	-0.467
3.36458e-10	-0.464148
3.36791e-10	-0.461215
3.37125e-10	-0.458201
3.37459e-10	-0.455109
3.37793e-10	-0.451941
3.38127e-10	-0.448697
3.3846e-10	-0.445381
3.38794e-10	-0.441995
3.39128e-10	-0.438539
3.39462e-10	-0.435016
3.39795e-10	-0.431428
3.40129e-10	-0.427776
3.40463e-10	-0.424063
3.40797e-10	-0.42029
3.41131e-10	-0.41646
3.41464e-10	-0.412574
3.41798e-10	-0.408634
3.42132e-10	-0.404642
3.42466e-10	-0.4006
3.428e-10	-0.396509
3.43133e-10	-0.392372
3.43467e-10	-0.38819
3.43801e-10	-0.383965
3.44135e-10	-0.3797
3.44469e-10	-0.375395
3.44802e-10	-0.371053
3.45136e-10	-0.366676
3.4547e-10	-0.362265
3.45804e-10	-0.357822
3.46137e-10	-0.353349
3.46471e-10	-0.348847
3.46805e-10	-0.344319
3.47139e-10	-0.339766
3.47473e-10	-0.33519
3.47806e-10	-0.330593
3.4814e-10	-0.325976
3.48474e-10	-0.321341
3.48808e-10	-0.316689
3.49142e-10	-0.312023
3.49475e-10	-0.307344
3.49809e-10	-0.302654
3.50143e-10	-0.297953
3.50477e-10	-0.293245
3.5081e-10	-0.28853
3.51144e-10	-0.283809
3.51478e-10	-0.279085
3.51812e-10	-0.274359
3.52146e-10	-0.269633
3.52479e-10	-0.264907
3.52813e-10	-0.260184
3.53147e-10	-0.255464
3.53481e-10	-0.25075
3.53815e-10	-0.246043
3.54148e-10	-0.241343
3.54482e-10	-0.236653
3.54816e-10	-0.231973
3.5515e-10	-0.227306
3.55483e-10	-0.222651
3.55817e-10	-0.218011
3.56151e-10	-0.213387
3.56485e-10	-0.20878
3.56819e-10	-0.204191
3.57152e-10	-0.199621
3.57486e-10	-0.195072
3.5782e-10	-0.190544
3.58154e-10	-0.186039
3.58488e-10	-0.181558
3.58821e-10	-0.177102
3.59155e-10	-0.172671
3.59489e-10	-0.168268
3.59823e-10	-0.163892
3.60157e-10	-0.159545
3.6049e-10	-0.155228
3.60824e-10	-0.150941
3.61158e-10	-0.146686
3.61492e-10	-0.142463
3.61825e-10	-0.138274
3.62159e-10	-0.134118
3.62493e-10	-0.129997
3.62827e-10	-0.125912
3.63161e-10	-0.121863
3.63494e-10	-0.117851
3.63828e-10	-0.113877
3.64162e-10	-0.109941
3.64496e-10	-0.106045
3.6483e-10	-0.102187
3.65163e-10	-0.0983704
3.65497e-10	-0.0945942
3.65831e-10	-0.0908593
3.66165e-10	-0.0871663
3.66498e-10	-0.0835156
3.66832e-10	-0.0799078
3.67166e-10	-0.0763433
3.675e-10	-0.0728225
3.67834e-10	-0.0693458
3.68167e-10	-0.0659136
3.68501e-10	-0.0625263
3.68835e-10	-0.0591842
3.69169e-10	-0.0558877
3.69503e-10	-0.052637
3.69836e-10	-0.0494324
3.7017e-10	-0.0462742
3.70504e-10	-0.0431626
3.70838e-10	-0.0400978
3.71172e-10	-0.03708
3.71505e-10	-0.0341094
3.71839e-10	-0.0311862
3.72173e-10	-0.0283104
3.72507e-10	-0.0254822
3.7284e-10	-0.0227016
3.73174e-10	-0.0199689
3.73508e-10	-0.0172839
3.73842e-10	-0.0146468
3.74176e-10	-0.0120575
3.74509e-10	-0.00951617
3.74843e-10	-0.00702265
3.75177e-10	-0.00457695
3.75511e-10	-0.00217902
3.75845e-10	0.000171206
3.76178e-10	0.00247381
3.76512e-10	0.0047289
3.76846e-10	0.00693659
3.7718e-10	0.009097
3.77513e-10	0.0112103
3.77847e-10	0.0132766
3.78181e-10	0.0152961
3.78515e-10	0.0172691
3.78849e-10	0.0191956
3.79182e-10	0.021076
3.79516e-10	0.0229104
3.7985e-10	0.0246991
3.80184e-10	0.0264424
3.80518e-10	0.0281405
3.80851e-10	0.0297937
3.81185e-10	0.0314023
3.81519e-10	0.0329666
3.81853e-10	0.0344869
3.82186e-10	0.0359636
3.8252e-10	0.037397
3.82854e-10	0.0387874
3.83188e-10	0.0401352
3.83522e-10	0.0414408
3.83855e-10	0.0427045
3.84189e-10	0.0439267
3.84523e-10	0.0451079
3.84857e-10	0.0462483
3.85191e-10	0.0473485
3.85524e-10	0.0484088
3.85858e-10	0.0494297
3.86192e-10	0.0504116
3.86526e-10	0.051355
3.8686e-10	0.0522602
3.87193e-10	0.0531278
3.87527e-10	0.0539581
3.87861e-10	0.0547518
3.88195e-10	0.0555091
3.88528e-10	0.0562306
3.88862e-10	0.0569169
3.89196e-10	0.0575682
3.8953e-10	0.0581853
3.89864e-10	0.0587684
3.90197e-10	0.0593182
3.90531e-10	0.0598351
3.90865e-10	0.0603197
3.91199e-10	0.0607724
3.91533e-10	0.0611937
3.91866e-10	0.0615841
3.922e-10	0.0619442
3.92534e-10	0.0622745
3.92868e-10	0.0625754
3.93201e-10	0.0628475
3.93535e-10	0.0630914
3.93869e-10	0.0633074
3.94203e-10	0.0634962
3.94537e-10	0.0636583
3.9487e-10	0.0637941
3.95204e-10	0.0639042
3.95538e-10	0.0639891
3.95872e-10	0.0640493
3.96206e-10	0.0640853
3.96539e-10	0.0640977
3.96873e-10	0.064087
3.97207e-10	0.0640536
3.97541e-10	0.0639981
3.97874e-10	0.063921
3.98208e-10	0.0638227
3.98542e-10	0.0637039
3.98876e-10	0.063565
3.9921e-10	0.0634065
3.99543e-10	0.0632288
3.99877e-10	0.0630326
4.00211e-10	0.0628182
4.00545e-10	0.0625862
4.00879e-10	0.0623371
4.01212e-10	0.0620713
4.01546e-10	0.0617893
4.0188e-10	0.0614916
4.02214e-10	0.0611786
4.02548e-10	0.0608509
4.02881e-10	0.0605088
4.03215e-10	0.0601529
4.03549e-10	0.0597836
4.03883e-10	0.0594013
4.04216e-10	0.0590065
4.0455e-10	0.0585996
4.04884e-10	0.0581811
4.05218e-10	0.0577515
4.05552e-10	0.057311
4.05885e-10	0.0568601
4.06219e-10	0.0563994
4.06553e-10	0.0559291
4.06887e-10	0.0554496
4.07221e-10	0.0549615
4.07554e-10	0.054465
4.07888e-10	0.0539606
4.08222e-10	0.0534487
4.08556e-10	0.0529295
4.08889e-10	0.0524036
4.09223e-10	0.0518712
4.09557e-10	0.0513328
4.09891e-10	0.0507886
4.10225e-10	0.0502391
4.10558e-10	0.0496846
4.10892e-10	0.0491254
4.11226e-10	0.0485618
4.1156e-10	0.0479943
4.11894e-10	0.047423
4.12227e-10	0.0468484
4.12561e-10	0.0462707
4.12895e-10	0.0456902
4.13229e-10	0.0451073
4.13562e-10	0.0445222
4.13896e-10	0.0439352
4.1423e-10	0.0433467
4.14564e-10	0.0427568
4.14898e-10	0.0421658
4.15231e-10	0.041574
4.15565e-10	0.0409818
4.15899e-10	0.0403892
4.16233e-10	0.0397966
4.16567e-10	0.0392042
4.169e-10	0.0386122
4.17234e-10	0.0380209
4.17568e-10	0.0374305
4.17902e-10	0.0368412
4.18236e-10	0.0362532
4.18569e-10	0.0356667
4.18903e-10	0.035082
4.19237e-10	0.0344992
4.19571e-10	0.0339185
4.19904e-10	0.03334
4.20238e-10	0.0327641
4.20572e-10	0.0321908
4.20906e-10	0.0316203
4.2124e-10	0.0310528
4.21573e-10	0.0304884
4.21907e-10	0.0299274
4.22241e-10	0.0293697
4.22575e-10	0.0288156
4.22909e-10	0.0282653
4.23242e-10	0.0277187
4.23576e-10	0.0271762
4.2391e-10	0.0266377
4.24244e-10	0.0261035
4.24577e-10	0.0255735
4.24911e-10	0.025048
4.25245e-10	0.0245271
4.25579e-10	0.0240108
4.25913e-10	0.0234992
4.26246e-10	0.0229924
4.2658e-10	0.0224905
4.26914e-10	0.0219936
4.27248e-10	0.0215017
4.27582e-10	0.021015
4.27915e-10	0.0205335
4.28249e-10	0.0200573
4.28583e-10	0.0195864
4.28917e-10	0.0191209
4.2925e-10	0.0186608
4.29584e-10	0.0182062
4.29918e-10	0.0177571
4.30252e-10	0.0173136
4.30586e-10	0.0168757
4.30919e-10	0.0164435
4.31253e-10	0.0160169
4.31587e-10	0.015596
4.31921e-10	0.0151809
4.32255e-10	0.0147715
4.32588e-10	0.0143679
4.32922e-10	0.0139701
4.33256e-10	0.0135781
4.3359e-10	0.0131918
4.33924e-10	0.0128114
4.34257e-10	0.0124369
4.34591e-10	0.0120681
4.34925e-10	0.0117051
4.35259e-10	0.011348
4.35592e-10	0.0109966
4.35926e-10	0.0106511
4.3626e-10	0.0103114
4.36594e-10	0.00997737
4.36928e-10	0.00964914
4.37261e-10	0.00932664
4.37595e-10	0.00900986
4.37929e-10	0.00869878
4.38263e-10	0.00839336
4.38597e-10	0.00809359
4.3893e-10	0.00779943
4.39264e-10	0.00751085
4.39598e-10	0.00722782
4.39932e-10	0.00695032
4.40265e-10	0.00667829
4.40599e-10	0.00641172
4.40933e-10	0.00615055
4.41267e-10	0.00589474
4.41601e-10	0.00564427
4.41934e-10	0.00539908
4.42268e-10	0.00515913
4.42602e-10	0.00492438
4.42936e-10	0.00469478
4.4327e-10	0.00447028
4.43603e-10	0.00425083
4.43937e-10	0.00403639
4.44271e-10	0.0038269
4.44605e-10	0.00362232
4.44938e-10	0.00342258
4.45272e-10	0.00322765
4.45606e-10	0.00303746
4.4594e-10	0.00285196
4.46274e-10	0.0026711
4.46607e-10	0.00249482
4.46941e-10	0.00232306
4.47275e-10	0.00215576
4.47609e-10	0.00199288
4.47943e-10	0.00183435
4.48276e-10	0.00168011
4.4861e-10	0.00153011
4.48944e-10	0.00138428
4.49278e-10	0.00124257
4.49612e-10	0.00110491
4.49945e-10	0.000971258
4.50279e-10	0.00084154
4.50613e-10	0.000715701
4.50947e-10	0.000593679
4.5128e-10	0.000475415
4.51614e-10	0.000360849
4.51948e-10	0.00024992
4.52282e-10	0.000142567
4.52616e-10	3.87316e-05
4.52949e-10	-6.16474e-05
4.53283e-10	-0.00015863
4.53617e-10	-0.000252276
4.53951e-10	-0.000342645
4.54285e-10	-0.000429797
4.54618e-10	-0.000513791
4.54952e-10	-0.000594687
4.55286e-10	-0.000672542
4.5562e-10	-0.000747417
4.55953e-10	-0.000819369
4.56287e-10	-0.000888456
4.56621e-10	-0.000954737
4.56955e-10	-0.00101827
4.57289e-10	-0.00107911
4.57622e-10	-0.00113731
4.57956e-10	-0.00119293
4.5829e-10	-0.00124603
4.58624e-10	-0.00129666
4.58958e-10	-0.00134487
4.59291e-10	-0.00139073
4.59625e-10	-0.00143428
4.59959e-10	-0.00147558
4.60293e-10	-0.00151468
4.60627e-10	-0.00155163
4.6096e-10	-0.00158648
4.61294e-10	-0.00161929
4.61628e-10	-0.00165011
4.61962e-10	-0.00167899
4.62295e-10	-0.00170597
4.62629e-10	-0.00173111
4.62963e-10	-0.00175445
4.63297e-10	-0.00177604
4.63631e-10	-0.00179593
4.63964e-10	-0.00181417
4.64298e-10	-0.0018308
4.64632e-10	-0.00184586
4.64966e-10	-0.00185941
4.653e-10	-0.00187148
4.65633e-10	-0.00188212
4.65967e-10	-0.00189137
4.66301e-10	-0.00189927
4.66635e-10	-0.00190587
4.66968e-10	-0.00191121
4.67302e-10	-0.00191532
4.67636e-10	-0.00191824
4.6797e-10	-0.00192003
4.68304e-10	-0.0019207
4.68637e-10	-0.0019203
4.68971e-10	-0.00191887
4.69305e-10	-0.00191645
4.69639e-10	-0.00191306
4.69973e-10	-0.00190875
4.70306e-10	-0.00190354
4.7064e-10	-0.00189748
4.70974e-10	-0.00189059
4.71308e-10	-0.00188291
4.71641e-10	-0.00187447
4.71975e-10	-0.00186529
4.72309e-10	-0.00185542
4.72643e-10	-0.00184488
4.72977e-10	-0.00183369
4.7331e-10	-0.0018219
4.73644e-10	-0.00180952
4.73978e-10	-0.00179658
4.74312e-10	-0.00178311
4.74646e-10	-0.00176914
4.74979e-10	-0.00175469
4.75313e-10	-0.00173979
4.75647e-10	-0.00172446
4.75981e-10	-0.00170872
4.76315e-10	-0.0016926
4.76648e-10	-0.00167611
4.76982e-10	-0.0016593
4.77316e-10	-0.00164216
4.7765e-10	-0.00162473
4.77983e-10	-0.00160702
4.78317e-10	-0.00158906
4.78651e-10	-0.00157086
4.78985e-10	-0.00155244
4.79319e-10	-0.00153383
4.79652e-10	-0.00151503
4.79986e-10	-0.00149607
4.8032e-10	-0.00147696
4.80654e-10	-0.00145772
4.80988e-10	-0.00143837
4.81321e-10	-0.00141891
4.81655e-10	-0.00139937
4.81989e-10	-0.00137975
4.82323e-10	-0.00136008
4.82656e-10	-0.00134037
4.8299e-10	-0.00132062
4.83324e-10	-0.00130085
4.83658e-10	-0.00128108
4.83992e-10	-0.00126132
4.84325e-10	-0.00124156
4.84659e-10	-0.00122184
4.84993e-10	-0.00120215
4.85327e-10	-0.00118252
4.85661e-10	-0.00116294
4.85994e-10	-0.00114342
4.86328e-10	-0.00112398
4.86662e-10	-0.00110463
4.86996e-10	-0.00108536
4.87329e-10	-0.0010662
4.87663e-10	-0.00104715
4.87997e-10	-0.00102821
4.88331e-10	-0.00100939
4.88665e-10	-0.000990702
4.88998e-10	-0.000972147
4.89332e-10	-0.000953733
4.89666e-10	-0.000935466
4.9e-10	-0.00091735
4.90334e-10	-0.00089939
4.90667e-10	-0.000881592
4.91001e-10	-0.00086396
4.91335e-10	-0.000846499
4.91669e-10	-0.000829211
4.92003e-10	-0.000812102
4.92336e-10	-0.000795174
4.9267e-10	-0.000778431
4.93004e-10	-0.000761876
4.93338e-10	-0.000745512
4.93671e-10	-0.000729341
4.94005e-10	-0.000713365
4.94339e-10	-0.000697588
4.94673e-10	-0.00068201
4.95007e-10	-0.000666635
4.9534e-10	-0.000651462
4.95674e-10	-0.000636495
4.96008e-10	-0.000621733
4.96342e-10	-0.000607178
4.96676e-10	-0.000592832
4.97009e-10	-0.000578694
4.97343e-10	-0.000564766
4.97677e-10	-0.000551047
4.98011e-10	-0.000537539
4.98344e-10	-0.00052424
4.98678e-10	-0.000511153
4.99012e-10	-0.000498275
4.99346e-10	-0.000485607
4.9968e-10	-0.000473149
5.00013e-10	-0.0004609
5.00347e-10	-0.00044886
5.00681e-10	-0.000437027
5.01015e-10	-0.000425402
5.01349e-10	-0.000413983
5.01682e-10	-0.000402769
5.02016e-10	-0.00039176
5.0235e-10	-0.000380953
5.02684e-10	-0.000370349
5.03017e-10	-0.000359944
5.03351e-10	-0.000349739
5.03685e-10	-0.000339732
5.04019e-10	-0.000329921
5.04353e-10	-0.000320304
5.04686e-10	-0.00031088
5.0502e-10	-0.000301647
5.05354e-10	-0.000292604
5.05688e-10	-0.000283748
5.06022e-10	-0.000275078
5.06355e-10	-0.000266591
5.06689e-10	-0.000258287
5.07023e-10	-0.000250162
5.07357e-10	-0.000242215
5.07691e-10	-0.000234444
5.08024e-10	-0.000226846
5.08358e-10	-0.00021942
5.08692e-10	-0.000212163
5.09026e-10	-0.000205074
5.09359e-10	-0.000198149
5.09693e-10	-0.000191387
5.10027e-10	-0.000184786
5.10361e-10	-0.000178343
5.10695e-10	-0.000172056
5.11028e-10	-0.000165922
5.11362e-10	-0.00015994
5.11696e-10	-0.000154108
5.1203e-10	-0.000148422
5.12364e-10	-0.00014288
5.12697e-10	-0.000137481
5.13031e-10	-0.000132221
5.13365e-10	-0.0001271
5.13699e-10	-0.000122113
5.14032e-10	-0.000117259
5.14366e-10	-0.000112537
5.147e-10	-0.000107942
5.15034e-10	-0.000103474
5.15368e-10	-9.91291e-05
5.15701e-10	-9.4906e-05
5.16035e-10	-9.08023e-05
5.16369e-10	-8.68157e-05
5.16703e-10	-8.29438e-05
5.17037e-10	-7.91846e-05
5.1737e-10	-7.55357e-05
5.17704e-10	-7.19951e-05
5.18038e-10	-6.85605e-05
5.18372e-10	-6.52299e-05
5.18705e-10	-6.20009e-05
5.19039e-10	-5.88717e-05
5.19373e-10	-5.58399e-05
5.19707e-10	-5.29037e-05
5.20041e-10	-5.00608e-05
5.20374e-10	-4.73093e-05
5.20708e-10	-4.46472e-05
