1.66894e-13	-4.46816e-05
5.00681e-13	-4.73449e-05
8.34468e-13	-5.00976e-05
1.16826e-12	-5.29417e-05
1.50204e-12	-5.58792e-05
1.83583e-12	-5.89122e-05
2.16962e-12	-6.20428e-05
2.5034e-12	-6.5273e-05
2.83719e-12	-6.8605e-05
3.17098e-12	-7.2041e-05
3.50477e-12	-7.5583e-05
3.83855e-12	-7.92333e-05
4.17234e-12	-8.2994e-05
4.50613e-12	-8.68673e-05
4.83992e-12	-9.08555e-05
5.1737e-12	-9.49608e-05
5.50749e-12	-9.91854e-05
5.84128e-12	-0.000103532
6.17507e-12	-0.000108002
6.50885e-12	-0.000112598
6.84264e-12	-0.000117322
7.17643e-12	-0.000122178
7.51021e-12	-0.000127166
7.844e-12	-0.00013229
8.17779e-12	-0.000137551
8.51158e-12	-0.000142952
8.84536e-12	-0.000148495
9.17915e-12	-0.000154183
9.51294e-12	-0.000160018
9.84673e-12	-0.000166002
1.01805e-11	-0.000172138
1.05143e-11	-0.000178427
1.08481e-11	-0.000184872
1.11819e-11	-0.000191475
1.15157e-11	-0.000198239
1.18494e-11	-0.000205166
1.21832e-11	-0.000212258
1.2517e-11	-0.000219517
1.28508e-11	-0.000226945
1.31846e-11	-0.000234545
1.35184e-11	-0.000242318
1.38522e-11	-0.000250268
1.4186e-11	-0.000258395
1.45197e-11	-0.000266702
1.48535e-11	-0.00027519
1.51873e-11	-0.000283863
1.55211e-11	-0.000292721
1.58549e-11	-0.000301767
1.61887e-11	-0.000311003
1.65225e-11	-0.000320429
1.68563e-11	-0.000330048
1.719e-11	-0.000339862
1.75238e-11	-0.000349872
1.78576e-11	-0.00036008
1.81914e-11	-0.000370487
1.85252e-11	-0.000381094
1.8859e-11	-0.000391903
1.91928e-11	-0.000402916
1.95266e-11	-0.000414132
1.98603e-11	-0.000425554
2.01941e-11	-0.000437182
2.05279e-11	-0.000449017
2.08617e-11	-0.00046106
2.11955e-11	-0.000473312
2.15293e-11	-0.000485772
2.18631e-11	-0.000498443
2.21969e-11	-0.000511323
2.25306e-11	-0.000524414
2.28644e-11	-0.000537715
2.31982e-11	-0.000551226
2.3532e-11	-0.000564948
2.38658e-11	-0.000578879
2.41996e-11	-0.000593019
2.45334e-11	-0.000607369
2.48672e-11	-0.000621926
2.52009e-11	-0.00063669
2.55347e-11	-0.000651661
2.58685e-11	-0.000666836
2.62023e-11	-0.000682214
2.65361e-11	-0.000697794
2.68699e-11	-0.000713574
2.72037e-11	-0.000729552
2.75375e-11	-0.000745726
2.78712e-11	-0.000762092
2.8205e-11	-0.00077865
2.85388e-11	-0.000795395
2.88726e-11	-0.000812326
2.92064e-11	-0.000829437
2.95402e-11	-0.000846727
2.9874e-11	-0.000864191
3.02078e-11	-0.000881825
3.05415e-11	-0.000899625
3.08753e-11	-0.000917587
3.12091e-11	-0.000935705
3.15429e-11	-0.000953975
3.18767e-11	-0.000972391
3.22105e-11	-0.000990947
3.25443e-11	-0.00100964
3.28781e-11	-0.00102846
3.32118e-11	-0.0010474
3.35456e-11	-0.00106645
3.38794e-11	-0.00108562
3.42132e-11	-0.00110488
3.4547e-11	-0.00112424
3.48808e-11	-0.00114368
3.52146e-11	-0.00116319
3.55483e-11	-0.00118277
3.58821e-11	-0.00120241
3.62159e-11	-0.0012221
3.65497e-11	-0.00124182
3.68835e-11	-0.00126157
3.72173e-11	-0.00128134
3.75511e-11	-0.00130111
3.78849e-11	-0.00132088
3.82186e-11	-0.00134063
3.85524e-11	-0.00136034
3.88862e-11	-0.00138001
3.922e-11	-0.00139962
3.95538e-11	-0.00141917
3.98876e-11	-0.00143862
4.02214e-11	-0.00145798
4.05552e-11	-0.00147721
4.08889e-11	-0.00149632
4.12227e-11	-0.00151528
4.15565e-11	-0.00153407
4.18903e-11	-0.00155269
4.22241e-11	-0.0015711
4.25579e-11	-0.0015893
4.28917e-11	-0.00160726
4.32255e-11	-0.00162496
4.35592e-11	-0.00164239
4.3893e-11	-0.00165952
4.42268e-11	-0.00167633
4.45606e-11	-0.00169281
4.48944e-11	-0.00170893
4.52282e-11	-0.00172466
4.5562e-11	-0.00173999
4.58958e-11	-0.00175489
4.62295e-11	-0.00176933
4.65633e-11	-0.00178329
4.68971e-11	-0.00179676
4.72309e-11	-0.00180968
4.75647e-11	-0.00182206
4.78985e-11	-0.00183385
4.82323e-11	-0.00184502
4.85661e-11	-0.00185555
4.88998e-11	-0.00186542
4.92336e-11	-0.00187458
4.95674e-11	-0.00188301
4.99012e-11	-0.00189069
5.0235e-11	-0.00189756
5.05688e-11	-0.00190362
5.09026e-11	-0.00190881
5.12364e-11	-0.00191311
5.15701e-11	-0.00191649
5.19039e-11	-0.0019189
5.22377e-11	-0.00192032
5.25715e-11	-0.0019207
5.29053e-11	-0.00192001
5.32391e-11	-0.00191821
5.35729e-11	-0.00191527
5.39067e-11	-0.00191114
5.42404e-11	-0.00190579
5.45742e-11	-0.00189918
5.4908e-11	-0.00189126
5.52418e-11	-0.00188199
5.55756e-11	-0.00187133
5.59094e-11	-0.00185924
5.62432e-11	-0.00184567
5.6577e-11	-0.00183059
5.69107e-11	-0.00181394
5.72445e-11	-0.00179568
5.75783e-11	-0.00177577
5.79121e-11	-0.00175415
5.82459e-11	-0.00173079
5.85797e-11	-0.00170563
5.89135e-11	-0.00167862
5.92472e-11	-0.00164972
5.9581e-11	-0.00161888
5.99148e-11	-0.00158604
6.02486e-11	-0.00155115
6.05824e-11	-0.00151417
6.09162e-11	-0.00147505
6.125e-11	-0.00143372
6.15838e-11	-0.00139014
6.19175e-11	-0.00134425
6.22513e-11	-0.00129601
6.25851e-11	-0.00124535
6.29189e-11	-0.00119222
6.32527e-11	-0.00113656
6.35865e-11	-0.00107832
6.39203e-11	-0.00101745
6.42541e-11	-0.000953883
6.45878e-11	-0.000887566
6.49216e-11	-0.000818441
6.52554e-11	-0.000746451
6.55892e-11	-0.000671538
6.5923e-11	-0.000593642
6.62568e-11	-0.000512707
6.65906e-11	-0.000428671
6.69244e-11	-0.000341477
6.72581e-11	-0.000251066
6.75919e-11	-0.000157376
6.79257e-11	-6.03493e-05
6.82595e-11	4.00749e-05
6.85933e-11	0.000143956
6.89271e-11	0.000251355
6.92609e-11	0.000362332
6.95947e-11	0.000476947
6.99284e-11	0.00059526
7.02622e-11	0.000717331
7.0596e-11	0.000843221
7.09298e-11	0.00097299
7.12636e-11	0.0011067
7.15974e-11	0.0012444
7.19312e-11	0.00138617
7.2265e-11	0.00153205
7.25987e-11	0.00168211
7.29325e-11	0.00183641
7.32663e-11	0.00199499
7.36001e-11	0.00215794
7.39339e-11	0.00232529
7.42677e-11	0.00249711
7.46015e-11	0.00267345
7.49353e-11	0.00285437
7.5269e-11	0.00303993
7.56028e-11	0.00323018
7.59366e-11	0.00342518
7.62704e-11	0.00362498
7.66042e-11	0.00382962
7.6938e-11	0.00403918
7.72718e-11	0.00425368
7.76056e-11	0.00447319
7.79393e-11	0.00469776
7.82731e-11	0.00492743
7.86069e-11	0.00516225
7.89407e-11	0.00540227
7.92745e-11	0.00564753
7.96083e-11	0.00589807
7.99421e-11	0.00615395
8.02759e-11	0.00641519
8.06096e-11	0.00668184
8.09434e-11	0.00695393
8.12772e-11	0.00723151
8.1611e-11	0.00751461
8.19448e-11	0.00780326
8.22786e-11	0.00809749
8.26124e-11	0.00839734
8.29461e-11	0.00870283
8.32799e-11	0.00901399
8.36137e-11	0.00933085
8.39475e-11	0.00965342
8.42813e-11	0.00998172
8.46151e-11	0.0103158
8.49489e-11	0.0106556
8.52827e-11	0.0110012
8.56164e-11	0.0113526
8.59502e-11	0.0117099
8.6284e-11	0.0120729
8.66178e-11	0.0124417
8.69516e-11	0.0128164
8.72854e-11	0.0131969
8.76192e-11	0.0135832
8.7953e-11	0.0139753
8.82867e-11	0.0143732
8.86205e-11	0.0147769
8.89543e-11	0.0151863
8.92881e-11	0.0156015
8.96219e-11	0.0160225
8.99557e-11	0.0164491
9.02895e-11	0.0168814
9.06233e-11	0.0173194
9.0957e-11	0.017763
9.12908e-11	0.0182121
9.16246e-11	0.0186668
9.19584e-11	0.019127
9.22922e-11	0.0195925
9.2626e-11	0.0200635
9.29598e-11	0.0205398
9.32936e-11	0.0210214
9.36273e-11	0.0215082
9.39611e-11	0.0220001
9.42949e-11	0.0224971
9.46287e-11	0.022999
9.49625e-11	0.0235059
9.52963e-11	0.0240175
9.56301e-11	0.0245339
9.59639e-11	0.0250549
9.62976e-11	0.0255805
9.66314e-11	0.0261105
9.69652e-11	0.0266448
9.7299e-11	0.0271833
9.76328e-11	0.0277259
9.79666e-11	0.0282725
9.83004e-11	0.0288229
9.86342e-11	0.029377
9.89679e-11	0.0299347
9.93017e-11	0.0304958
9.96355e-11	0.0310603
9.99693e-11	0.0316278
1.00303e-10	0.0321983
1.00637e-10	0.0327717
1.00971e-10	0.0333476
1.01304e-10	0.0339261
1.01638e-10	0.0345068
1.01972e-10	0.0350897
1.02306e-10	0.0356744
1.0264e-10	0.0362609
1.02973e-10	0.0368489
1.03307e-10	0.0374382
1.03641e-10	0.0380287
1.03975e-10	0.03862
1.04309e-10	0.039212
1.04642e-10	0.0398044
1.04976e-10	0.040397
1.0531e-10	0.0409896
1.05644e-10	0.0415818
1.05977e-10	0.0421736
1.06311e-10	0.0427645
1.06645e-10	0.0433544
1.06979e-10	0.043943
1.07313e-10	0.0445299
1.07646e-10	0.045115
1.0798e-10	0.0456979
1.08314e-10	0.0462783
1.08648e-10	0.046856
1.08982e-10	0.0474306
1.09315e-10	0.0480018
1.09649e-10	0.0485693
1.09983e-10	0.0491328
1.10317e-10	0.0496919
1.1065e-10	0.0502464
1.10984e-10	0.0507958
1.11318e-10	0.0513399
1.11652e-10	0.0518783
1.11986e-10	0.0524105
1.12319e-10	0.0529364
1.12653e-10	0.0534554
1.12987e-10	0.0539673
1.13321e-10	0.0544716
1.13655e-10	0.054968
1.13988e-10	0.055456
1.14322e-10	0.0559353
1.14656e-10	0.0564055
1.1499e-10	0.0568661
1.15324e-10	0.0573168
1.15657e-10	0.0577572
1.15991e-10	0.0581867
1.16325e-10	0.0586051
1.16659e-10	0.0590118
1.16992e-10	0.0594064
1.17326e-10	0.0597885
1.1766e-10	0.0601577
1.17994e-10	0.0605134
1.18328e-10	0.0608553
1.18661e-10	0.0611828
1.18995e-10	0.0614956
1.19329e-10	0.0617931
1.19663e-10	0.0620749
1.19997e-10	0.0623405
1.2033e-10	0.0625894
1.20664e-10	0.0628212
1.20998e-10	0.0630353
1.21332e-10	0.0632313
1.21665e-10	0.0634087
1.21999e-10	0.063567
1.22333e-10	0.0637056
1.22667e-10	0.0638242
1.23001e-10	0.0639221
1.23334e-10	0.063999
1.23668e-10	0.0640542
1.24002e-10	0.0640872
1.24336e-10	0.0640977
1.2467e-10	0.064085
1.25003e-10	0.0640486
1.25337e-10	0.0639881
1.25671e-10	0.0639029
1.26005e-10	0.0637925
1.26339e-10	0.0636563
1.26672e-10	0.0634939
1.27006e-10	0.0633048
1.2734e-10	0.0630884
1.27674e-10	0.0628442
1.28007e-10	0.0625717
1.28341e-10	0.0622703
1.28675e-10	0.0619397
1.29009e-10	0.0615792
1.29343e-10	0.0611883
1.29676e-10	0.0607666
1.3001e-10	0.0603135
1.30344e-10	0.0598286
1.30678e-10	0.0593112
1.31012e-10	0.058761
1.31345e-10	0.0581774
1.31679e-10	0.0575599
1.32013e-10	0.0569081
1.32347e-10	0.0562214
1.3268e-10	0.0554994
1.33014e-10	0.0547416
1.33348e-10	0.0539474
1.33682e-10	0.0531166
1.34016e-10	0.0522485
1.34349e-10	0.0513428
1.34683e-10	0.050399
1.35017e-10	0.0494166
1.35351e-10	0.0483951
1.35685e-10	0.0473343
1.36018e-10	0.0462336
1.36352e-10	0.0450926
1.36686e-10	0.0439109
1.3702e-10	0.0426881
1.37353e-10	0.0414239
1.37687e-10	0.0401178
1.38021e-10	0.0387694
1.38355e-10	0.0373784
1.38689e-10	0.0359445
1.39022e-10	0.0344672
1.39356e-10	0.0329463
1.3969e-10	0.0313814
1.40024e-10	0.0297722
1.40358e-10	0.0281184
1.40691e-10	0.0264197
1.41025e-10	0.0246759
1.41359e-10	0.0228865
1.41693e-10	0.0210515
1.42027e-10	0.0191706
1.4236e-10	0.0172434
1.42694e-10	0.0152699
1.43028e-10	0.0132497
1.43362e-10	0.0111828
1.43695e-10	0.00906889
1.44029e-10	0.00690785
1.44363e-10	0.00469955
1.44697e-10	0.00244384
1.45031e-10	0.000140602
1.45364e-10	-0.00221025
1.45698e-10	-0.00460881
1.46032e-10	-0.00705514
1.46366e-10	-0.00954929
1.467e-10	-0.0120913
1.47033e-10	-0.0146812
1.47367e-10	-0.0173189
1.47701e-10	-0.0200045
1.48035e-10	-0.0227379
1.48368e-10	-0.0255191
1.48702e-10	-0.0283479
1.49036e-10	-0.0312243
1.4937e-10	-0.0341482
1.49704e-10	-0.0371194
1.50037e-10	-0.0401378
1.50371e-10	-0.0432032
1.50705e-10	-0.0463154
1.51039e-10	-0.0494743
1.51373e-10	-0.0526795
1.51706e-10	-0.0559308
1.5204e-10	-0.0592279
1.52374e-10	-0.0625706
1.52708e-10	-0.0659585
1.53041e-10	-0.0693912
1.53375e-10	-0.0728685
1.53709e-10	-0.0763899
1.54043e-10	-0.079955
1.54377e-10	-0.0835634
1.5471e-10	-0.0872146
1.55044e-10	-0.0909082
1.55378e-10	-0.0946436
1.55712e-10	-0.0984203
1.56046e-10	-0.102238
1.56379e-10	-0.106096
1.56713e-10	-0.109993
1.57047e-10	-0.113929
1.57381e-10	-0.117904
1.57715e-10	-0.121916
1.58048e-10	-0.125966
1.58382e-10	-0.130051
1.58716e-10	-0.134173
1.5905e-10	-0.138329
1.59383e-10	-0.142519
1.59717e-10	-0.146742
1.60051e-10	-0.150997
1.60385e-10	-0.155284
1.60719e-10	-0.159602
1.61052e-10	-0.163949
1.61386e-10	-0.168326
1.6172e-10	-0.17273
1.62054e-10	-0.17716
1.62388e-10	-0.181617
1.62721e-10	-0.186099
1.63055e-10	-0.190604
1.63389e-10	-0.195132
1.63723e-10	-0.199681
1.64056e-10	-0.204251
1.6439e-10	-0.20884
1.64724e-10	-0.213448
1.65058e-10	-0.218072
1.65392e-10	-0.222712
1.65725e-10	-0.227367
1.66059e-10	-0.232035
1.66393e-10	-0.236714
1.66727e-10	-0.241405
1.67061e-10	-0.246105
1.67394e-10	-0.250812
1.67728e-10	-0.255527
1.68062e-10	-0.260246
1.68396e-10	-0.264969
1.68729e-10	-0.269695
1.69063e-10	-0.274421
1.69397e-10	-0.279147
1.69731e-10	-0.283871
1.70065e-10	-0.288592
1.70398e-10	-0.293307
1.70732e-10	-0.298015
1.71066e-10	-0.302715
1.714e-10	-0.307406
1.71734e-10	-0.312085
1.72067e-10	-0.316751
1.72401e-10	-0.321402
1.72735e-10	-0.326037
1.73069e-10	-0.330654
1.73403e-10	-0.335251
1.73736e-10	-0.339826
1.7407e-10	-0.344379
1.74404e-10	-0.348907
1.74738e-10	-0.353408
1.75071e-10	-0.35788
1.75405e-10	-0.362323
1.75739e-10	-0.366734
1.76073e-10	-0.371111
1.76407e-10	-0.375452
1.7674e-10	-0.379756
1.77074e-10	-0.384021
1.77408e-10	-0.388245
1.77742e-10	-0.392426
1.78076e-10	-0.396563
1.78409e-10	-0.400653
1.78743e-10	-0.404695
1.79077e-10	-0.408686
1.79411e-10	-0.412626
1.79744e-10	-0.416511
1.80078e-10	-0.42034
1.80412e-10	-0.424112
1.80746e-10	-0.427824
1.8108e-10	-0.431475
1.81413e-10	-0.435063
1.81747e-10	-0.438585
1.82081e-10	-0.44204
1.82415e-10	-0.445425
1.82749e-10	-0.44874
1.83082e-10	-0.451983
1.83416e-10	-0.45515
1.8375e-10	-0.458241
1.84084e-10	-0.461254
1.84417e-10	-0.464186
1.84751e-10	-0.467037
1.85085e-10	-0.469803
1.85419e-10	-0.472484
1.85753e-10	-0.475077
1.86086e-10	-0.47758
1.8642e-10	-0.479993
1.86754e-10	-0.482312
1.87088e-10	-0.484537
1.87422e-10	-0.486665
1.87755e-10	-0.488695
1.88089e-10	-0.490625
1.88423e-10	-0.492453
1.88757e-10	-0.494177
1.89091e-10	-0.495797
1.89424e-10	-0.49731
1.89758e-10	-0.498714
1.90092e-10	-0.500008
1.90426e-10	-0.501191
1.90759e-10	-0.50226
1.91093e-10	-0.503214
1.91427e-10	-0.504052
1.91761e-10	-0.504772
1.92095e-10	-0.505373
1.92428e-10	-0.505853
1.92762e-10	-0.506211
1.93096e-10	-0.506445
1.9343e-10	-0.506554
1.93764e-10	-0.506536
1.94097e-10	-0.506391
1.94431e-10	-0.506117
1.94765e-10	-0.505713
1.95099e-10	-0.505177
1.95432e-10	-0.504508
1.95766e-10	-0.503705
1.961e-10	-0.502768
1.96434e-10	-0.501694
1.96768e-10	-0.500483
1.97101e-10	-0.499135
1.97435e-10	-0.497646
1.97769e-10	-0.496018
1.98103e-10	-0.494249
1.98437e-10	-0.492338
1.9877e-10	-0.490285
1.99104e-10	-0.488088
1.99438e-10	-0.485746
1.99772e-10	-0.48326
2.00105e-10	-0.480628
2.00439e-10	-0.47785
2.00773e-10	-0.474926
2.01107e-10	-0.471854
2.01441e-10	-0.468634
2.01774e-10	-0.465267
2.02108e-10	-0.46175
2.02442e-10	-0.458085
2.02776e-10	-0.454271
2.0311e-10	-0.450307
2.03443e-10	-0.446194
2.03777e-10	-0.441931
2.04111e-10	-0.437517
2.04445e-10	-0.432954
2.04779e-10	-0.428242
2.05112e-10	-0.423379
2.05446e-10	-0.418366
2.0578e-10	-0.413204
2.06114e-10	-0.407893
2.06447e-10	-0.402432
2.06781e-10	-0.396823
2.07115e-10	-0.391065
2.07449e-10	-0.385159
2.07783e-10	-0.379106
2.08116e-10	-0.372905
2.0845e-10	-0.366558
2.08784e-10	-0.360065
2.09118e-10	-0.353427
2.09452e-10	-0.346644
2.09785e-10	-0.339718
2.10119e-10	-0.332649
2.10453e-10	-0.325438
2.10787e-10	-0.318087
2.1112e-10	-0.310595
2.11454e-10	-0.302964
2.11788e-10	-0.295196
2.12122e-10	-0.287291
2.12456e-10	-0.27925
2.12789e-10	-0.271076
2.13123e-10	-0.262768
2.13457e-10	-0.25433
2.13791e-10	-0.245761
2.14125e-10	-0.237064
2.14458e-10	-0.22824
2.14792e-10	-0.21929
2.15126e-10	-0.210217
2.1546e-10	-0.201022
2.15794e-10	-0.191707
2.16127e-10	-0.182273
2.16461e-10	-0.172723
2.16795e-10	-0.163058
2.17129e-10	-0.15328
2.17462e-10	-0.143392
2.17796e-10	-0.133395
2.1813e-10	-0.123291
2.18464e-10	-0.113083
2.18798e-10	-0.102773
2.19131e-10	-0.0923627
2.19465e-10	-0.0818549
2.19799e-10	-0.0712517
2.20133e-10	-0.0605556
2.20467e-10	-0.0497689
2.208e-10	-0.0388942
2.21134e-10	-0.0279341
2.21468e-10	-0.0168909
2.21802e-10	-0.00576742
2.22135e-10	0.00543379
2.22469e-10	0.01671
2.22803e-10	0.0280586
2.23137e-10	0.0394766
2.23471e-10	0.0509614
2.23804e-10	0.0625101
2.24138e-10	0.0741199
2.24472e-10	0.0857877
2.24806e-10	0.0975107
2.2514e-10	0.109286
2.25473e-10	0.12111
2.25807e-10	0.132981
2.26141e-10	0.144894
2.26475e-10	0.156848
2.26808e-10	0.168838
2.27142e-10	0.180862
2.27476e-10	0.192917
2.2781e-10	0.204999
2.28144e-10	0.217104
2.28477e-10	0.229231
2.28811e-10	0.241375
2.29145e-10	0.253533
2.29479e-10	0.265702
2.29813e-10	0.277879
2.30146e-10	0.29006
2.3048e-10	0.302242
2.30814e-10	0.314421
2.31148e-10	0.326594
2.31482e-10	0.338757
2.31815e-10	0.350908
2.32149e-10	0.363043
2.32483e-10	0.375157
2.32817e-10	0.387249
2.3315e-10	0.399314
2.33484e-10	0.411349
2.33818e-10	0.42335
2.34152e-10	0.435315
2.34486e-10	0.447239
2.34819e-10	0.459119
2.35153e-10	0.470951
2.35487e-10	0.482732
2.35821e-10	0.494459
2.36155e-10	0.506129
2.36488e-10	0.517737
2.36822e-10	0.52928
2.37156e-10	0.540755
2.3749e-10	0.552158
2.37823e-10	0.563487
2.38157e-10	0.574737
2.38491e-10	0.585905
2.38825e-10	0.596988
2.39159e-10	0.607983
2.39492e-10	0.618886
2.39826e-10	0.629693
2.4016e-10	0.640402
2.40494e-10	0.65101
2.40828e-10	0.661512
2.41161e-10	0.671906
2.41495e-10	0.682189
2.41829e-10	0.692357
2.42163e-10	0.702408
2.42496e-10	0.712338
2.4283e-10	0.722144
2.43164e-10	0.731823
2.43498e-10	0.741372
2.43832e-10	0.750788
2.44165e-10	0.760069
2.44499e-10	0.76921
2.44833e-10	0.77821
2.45167e-10	0.787066
2.45501e-10	0.795774
2.45834e-10	0.804332
2.46168e-10	0.812738
2.46502e-10	0.820989
2.46836e-10	0.829081
2.4717e-10	0.837013
2.47503e-10	0.844782
2.47837e-10	0.852386
2.48171e-10	0.859822
2.48505e-10	0.867087
2.48838e-10	0.87418
2.49172e-10	0.881098
2.49506e-10	0.887839
2.4984e-10	0.894401
2.50174e-10	0.900782
2.50507e-10	0.906979
2.50841e-10	0.912991
2.51175e-10	0.918815
2.51509e-10	0.924451
2.51843e-10	0.929896
2.52176e-10	0.935147
2.5251e-10	0.940205
2.52844e-10	0.945066
2.53178e-10	0.94973
2.53511e-10	0.954195
2.53845e-10	0.958459
2.54179e-10	0.962522
2.54513e-10	0.966381
2.54847e-10	0.970036
2.5518e-10	0.973485
2.55514e-10	0.976727
2.55848e-10	0.979761
2.56182e-10	0.982587
2.56516e-10	0.985203
2.56849e-10	0.987608
2.57183e-10	0.989802
2.57517e-10	0.991784
2.57851e-10	0.993553
2.58184e-10	0.995108
2.58518e-10	0.99645
2.58852e-10	0.997578
2.59186e-10	0.998491
2.5952e-10	0.99919
2.59853e-10	0.999673
2.60187e-10	0.99994
2.60521e-10	0.999993
2.60855e-10	0.99983
2.61189e-10	0.999452
2.61522e-10	0.998858
2.61856e-10	0.99805
2.6219e-10	0.997026
2.62524e-10	0.995789
2.62858e-10	0.994337
2.63191e-10	0.992671
2.63525e-10	0.990793
2.63859e-10	0.988702
2.64193e-10	0.9864
2.64526e-10	0.983887
2.6486e-10	0.981163
2.65194e-10	0.97823
2.65528e-10	0.975089
2.65862e-10	0.971741
2.66195e-10	0.968186
2.66529e-10	0.964426
2.66863e-10	0.960463
2.67197e-10	0.956296
2.67531e-10	0.951929
2.67864e-10	0.947362
2.68198e-10	0.942596
2.68532e-10	0.937634
2.68866e-10	0.932477
2.69199e-10	0.927126
2.69533e-10	0.921583
2.69867e-10	0.91585
2.70201e-10	0.909929
2.70535e-10	0.903822
2.70868e-10	0.89753
2.71202e-10	0.891056
2.71536e-10	0.884402
2.7187e-10	0.87757
2.72204e-10	0.870562
2.72537e-10	0.86338
2.72871e-10	0.856027
2.73205e-10	0.848505
2.73539e-10	0.840816
2.73872e-10	0.832963
2.74206e-10	0.824948
2.7454e-10	0.816775
2.74874e-10	0.808444
2.75208e-10	0.79996
2.75541e-10	0.791324
2.75875e-10	0.78254
2.76209e-10	0.77361
2.76543e-10	0.764537
2.76877e-10	0.755323
2.7721e-10	0.745973
2.77544e-10	0.736488
2.77878e-10	0.726872
2.78212e-10	0.717128
2.78546e-10	0.707258
2.78879e-10	0.697265
2.79213e-10	0.687154
2.79547e-10	0.676927
2.79881e-10	0.666586
2.80214e-10	0.656136
2.80548e-10	0.645579
2.80882e-10	0.634919
2.81216e-10	0.624159
2.8155e-10	0.613302
2.81883e-10	0.602352
2.82217e-10	0.591312
2.82551e-10	0.580185
2.82885e-10	0.568974
2.83219e-10	0.557683
2.83552e-10	0.546316
2.83886e-10	0.534875
2.8422e-10	0.523365
2.84554e-10	0.511788
2.84887e-10	0.500148
2.85221e-10	0.488449
2.85555e-10	0.476693
2.85889e-10	0.464885
2.86223e-10	0.453028
2.86556e-10	0.441125
2.8689e-10	0.42918
2.87224e-10	0.417196
2.87558e-10	0.405177
2.87892e-10	0.393127
2.88225e-10	0.381047
2.88559e-10	0.368943
2.88893e-10	0.356818
2.89227e-10	0.344675
2.89561e-10	0.332517
2.89894e-10	0.320348
2.90228e-10	0.308171
2.90562e-10	0.295991
2.90896e-10	0.283809
2.91229e-10	0.27163
2.91563e-10	0.259457
2.91897e-10	0.247293
2.92231e-10	0.235141
2.92565e-10	0.223006
2.92898e-10	0.210889
2.93232e-10	0.198795
2.93566e-10	0.186727
2.939e-10	0.174688
2.94234e-10	0.162681
2.94567e-10	0.150709
2.94901e-10	0.138776
2.95235e-10	0.126884
2.95569e-10	0.115037
2.95902e-10	0.103237
2.96236e-10	0.0914883
2.9657e-10	0.0797932
2.96904e-10	0.0681549
2.97238e-10	0.0565761
2.97571e-10	0.0450598
2.97905e-10	0.0336089
2.98239e-10	0.0222262
2.98573e-10	0.0109144
2.98907e-10	-0.000323686
2.9924e-10	-0.0114854
2.99574e-10	-0.0225679
2.99908e-10	-0.0335688
3.00242e-10	-0.0444855
3.00575e-10	-0.0553153
3.00909e-10	-0.0660558
3.01243e-10	-0.0767045
3.01577e-10	-0.0872591
3.01911e-10	-0.0977171
3.02244e-10	-0.108076
3.02578e-10	-0.118334
3.02912e-10	-0.128489
3.03246e-10	-0.138538
3.0358e-10	-0.14848
3.03913e-10	-0.158312
3.04247e-10	-0.168032
3.04581e-10	-0.177638
3.04915e-10	-0.187129
3.05249e-10	-0.196502
3.05582e-10	-0.205756
3.05916e-10	-0.214889
3.0625e-10	-0.223898
3.06584e-10	-0.232784
3.06917e-10	-0.241543
3.07251e-10	-0.250174
3.07585e-10	-0.258676
3.07919e-10	-0.267048
3.08253e-10	-0.275287
3.08586e-10	-0.283393
3.0892e-10	-0.291364
3.09254e-10	-0.299199
3.09588e-10	-0.306897
3.09922e-10	-0.314457
3.10255e-10	-0.321877
3.10589e-10	-0.329156
3.10923e-10	-0.336295
3.11257e-10	-0.34329
3.1159e-10	-0.350143
3.11924e-10	-0.356851
3.12258e-10	-0.363415
3.12592e-10	-0.369833
3.12926e-10	-0.376105
3.13259e-10	-0.38223
3.13593e-10	-0.388208
3.13927e-10	-0.394038
3.14261e-10	-0.39972
3.14595e-10	-0.405253
3.14928e-10	-0.410637
3.15262e-10	-0.415872
3.15596e-10	-0.420957
3.1593e-10	-0.425893
3.16263e-10	-0.430679
3.16597e-10	-0.435315
3.16931e-10	-0.439801
3.17265e-10	-0.444137
3.17599e-10	-0.448323
3.17932e-10	-0.45236
3.18266e-10	-0.456247
3.186e-10	-0.459985
3.18934e-10	-0.463573
3.19268e-10	-0.467013
3.19601e-10	-0.470305
3.19935e-10	-0.473449
3.20269e-10	-0.476445
3.20603e-10	-0.479294
3.20937e-10	-0.481997
3.2127e-10	-0.484554
3.21604e-10	-0.486966
3.21938e-10	-0.489233
3.22272e-10	-0.491356
3.22605e-10	-0.493337
3.22939e-10	-0.495175
3.23273e-10	-0.496871
3.23607e-10	-0.498427
3.23941e-10	-0.499844
3.24274e-10	-0.501122
3.24608e-10	-0.502262
3.24942e-10	-0.503266
3.25276e-10	-0.504134
3.2561e-10	-0.504868
3.25943e-10	-0.505468
3.26277e-10	-0.505937
3.26611e-10	-0.506274
3.26945e-10	-0.506482
3.27278e-10	-0.506561
3.27612e-10	-0.506514
3.27946e-10	-0.50634
3.2828e-10	-0.506043
3.28614e-10	-0.505622
3.28947e-10	-0.50508
3.29281e-10	-0.504418
3.29615e-10	-0.503637
3.29949e-10	-0.502739
3.30283e-10	-0.501725
3.30616e-10	-0.500598
3.3095e-10	-0.499358
3.31284e-10	-0.498007
3.31618e-10	-0.496547
3.31951e-10	-0.494979
3.32285e-10	-0.493305
3.32619e-10	-0.491528
3.32953e-10	-0.489647
3.33287e-10	-0.487666
3.3362e-10	-0.485585
3.33954e-10	-0.483407
3.34288e-10	-0.481134
3.34622e-10	-0.478766
3.34956e-10	-0.476307
3.35289e-10	-0.473757
3.35623e-10	-0.471119
3.35957e-10	-0.468394
3.36291e-10	-0.465584
3.36625e-10	-0.462692
3.36958e-10	-0.459718
3.37292e-10	-0.456665
3.37626e-10	-0.453534
3.3796e-10	-0.450328
3.38293e-10	-0.447048
3.38627e-10	-0.443697
3.38961e-10	-0.440275
3.39295e-10	-0.436786
3.39629e-10	-0.43323
3.39962e-10	-0.42961
3.40296e-10	-0.425927
3.4063e-10	-0.422184
3.40964e-10	-0.418382
3.41298e-10	-0.414524
3.41631e-10	-0.410611
3.41965e-10	-0.406644
3.42299e-10	-0.402627
3.42633e-10	-0.39856
3.42966e-10	-0.394446
3.433e-10	-0.390286
3.43634e-10	-0.386083
3.43968e-10	-0.381838
3.44302e-10	-0.377552
3.44635e-10	-0.373229
3.44969e-10	-0.368869
3.45303e-10	-0.364474
3.45637e-10	-0.360047
3.45971e-10	-0.355589
3.46304e-10	-0.351101
3.46638e-10	-0.346586
3.46972e-10	-0.342046
3.47306e-10	-0.337481
3.47639e-10	-0.332894
3.47973e-10	-0.328287
3.48307e-10	-0.323661
3.48641e-10	-0.319017
3.48975e-10	-0.314358
3.49308e-10	-0.309685
3.49642e-10	-0.305
3.49976e-10	-0.300305
3.5031e-10	-0.2956
3.50644e-10	-0.290888
3.50977e-10	-0.28617
3.51311e-10	-0.281448
3.51645e-10	-0.276722
3.51979e-10	-0.271996
3.52313e-10	-0.26727
3.52646e-10	-0.262545
3.5298e-10	-0.257824
3.53314e-10	-0.253107
3.53648e-10	-0.248396
3.53981e-10	-0.243692
3.54315e-10	-0.238997
3.54649e-10	-0.234312
3.54983e-10	-0.229638
3.55317e-10	-0.224977
3.5565e-10	-0.220329
3.55984e-10	-0.215697
3.56318e-10	-0.211081
3.56652e-10	-0.206483
3.56986e-10	-0.201904
3.57319e-10	-0.197344
3.57653e-10	-0.192805
3.57987e-10	-0.188289
3.58321e-10	-0.183796
3.58654e-10	-0.179327
3.58988e-10	-0.174883
3.59322e-10	-0.170466
3.59656e-10	-0.166076
3.5999e-10	-0.161715
3.60323e-10	-0.157383
3.60657e-10	-0.153081
3.60991e-10	-0.14881
3.61325e-10	-0.144571
3.61659e-10	-0.140364
3.61992e-10	-0.136192
3.62326e-10	-0.132053
3.6266e-10	-0.12795
3.62994e-10	-0.123883
3.63327e-10	-0.119853
3.63661e-10	-0.11586
3.63995e-10	-0.111904
3.64329e-10	-0.107988
3.64663e-10	-0.104111
3.64996e-10	-0.100274
3.6533e-10	-0.0964771
3.65664e-10	-0.0927215
3.65998e-10	-0.0890075
3.66332e-10	-0.0853356
3.66665e-10	-0.0817063
3.66999e-10	-0.0781201
3.67333e-10	-0.0745774
3.67667e-10	-0.0710786
3.68001e-10	-0.0676241
3.68334e-10	-0.0642143
3.68668e-10	-0.0608496
3.69002e-10	-0.0575303
3.69336e-10	-0.0542566
3.69669e-10	-0.0510289
3.70003e-10	-0.0478475
3.70337e-10	-0.0447125
3.70671e-10	-0.0416243
3.71005e-10	-0.038583
3.71338e-10	-0.0355888
3.71672e-10	-0.0326419
3.72006e-10	-0.0297423
3.7234e-10	-0.0268903
3.72674e-10	-0.0240859
3.73007e-10	-0.0213293
3.73341e-10	-0.0186204
3.73675e-10	-0.0159594
3.74009e-10	-0.0133462
3.74342e-10	-0.0107809
3.74676e-10	-0.00826343
3.7501e-10	-0.00579383
3.75344e-10	-0.00337202
3.75678e-10	-0.00099795
3.76011e-10	0.00132846
3.76345e-10	0.00360729
3.76679e-10	0.00583866
3.77013e-10	0.00802269
3.77347e-10	0.0101595
3.7768e-10	0.0122493
3.78014e-10	0.0142922
3.78348e-10	0.0162884
3.78682e-10	0.0182381
3.79016e-10	0.0201415
3.79349e-10	0.0219989
3.79683e-10	0.0238104
3.80017e-10	0.0255764
3.80351e-10	0.027297
3.80684e-10	0.0289727
3.81018e-10	0.0306035
3.81352e-10	0.03219
3.81686e-10	0.0337323
3.8202e-10	0.0352307
3.82353e-10	0.0366857
3.82687e-10	0.0380976
3.83021e-10	0.0394666
3.83355e-10	0.0407933
3.83689e-10	0.0420779
3.84022e-10	0.0433208
3.84356e-10	0.0445224
3.8469e-10	0.0456832
3.85024e-10	0.0468034
3.85357e-10	0.0478836
3.85691e-10	0.0489242
3.86025e-10	0.0499255
3.86359e-10	0.0508881
3.86693e-10	0.0518123
3.87026e-10	0.0526987
3.8736e-10	0.0535476
3.87694e-10	0.0543595
3.88028e-10	0.0551349
3.88362e-10	0.0558743
3.88695e-10	0.0565781
3.89029e-10	0.0572469
3.89363e-10	0.057881
3.89697e-10	0.0584811
3.9003e-10	0.0590475
3.90364e-10	0.0595808
3.90698e-10	0.0600814
3.91032e-10	0.06055
3.91366e-10	0.0609869
3.91699e-10	0.0613927
3.92033e-10	0.0617679
3.92367e-10	0.0621131
3.92701e-10	0.0624286
3.93035e-10	0.0627151
3.93368e-10	0.062973
3.93702e-10	0.0632029
3.94036e-10	0.0634052
3.9437e-10	0.0635806
3.94704e-10	0.0637294
3.95037e-10	0.0638523
3.95371e-10	0.0639497
3.95705e-10	0.0640222
3.96039e-10	0.0640703
3.96372e-10	0.0640944
3.96706e-10	0.0640952
3.9704e-10	0.0640731
3.97374e-10	0.0640286
3.97708e-10	0.0639622
3.98041e-10	0.0638745
3.98375e-10	0.0637659
3.98709e-10	0.0636369
3.99043e-10	0.0634882
3.99377e-10	0.06332
3.9971e-10	0.063133
4.00044e-10	0.0629277
4.00378e-10	0.0627044
4.00712e-10	0.0624638
4.01045e-10	0.0622062
4.01379e-10	0.0619323
4.01713e-10	0.0616424
4.02047e-10	0.061337
4.02381e-10	0.0610166
4.02714e-10	0.0606816
4.03048e-10	0.0603326
4.03382e-10	0.0599699
4.03716e-10	0.059594
4.0405e-10	0.0592054
4.04383e-10	0.0588046
4.04717e-10	0.0583918
4.05051e-10	0.0579677
4.05385e-10	0.0575325
4.05718e-10	0.0570868
4.06052e-10	0.056631
4.06386e-10	0.0561654
4.0672e-10	0.0556905
4.07054e-10	0.0552066
4.07387e-10	0.0547143
4.07721e-10	0.0542138
4.08055e-10	0.0537056
4.08389e-10	0.05319
4.08723e-10	0.0526674
4.09056e-10	0.0521382
4.0939e-10	0.0516027
4.09724e-10	0.0510614
4.10058e-10	0.0505145
4.10392e-10	0.0499625
4.10725e-10	0.0494056
4.11059e-10	0.0488441
4.11393e-10	0.0482785
4.11727e-10	0.0477091
4.1206e-10	0.0471361
4.12394e-10	0.0465599
4.12728e-10	0.0459808
4.13062e-10	0.0453991
4.13396e-10	0.044815
4.13729e-10	0.0442289
4.14063e-10	0.0436411
4.14397e-10	0.0430519
4.14731e-10	0.0424614
4.15065e-10	0.04187
4.15398e-10	0.041278
4.15732e-10	0.0406855
4.16066e-10	0.0400929
4.164e-10	0.0395003
4.16733e-10	0.0389081
4.17067e-10	0.0383165
4.17401e-10	0.0377256
4.17735e-10	0.0371357
4.18069e-10	0.036547
4.18402e-10	0.0359598
4.18736e-10	0.0353741
4.1907e-10	0.0347903
4.19404e-10	0.0342085
4.19738e-10	0.033629
4.20071e-10	0.0330518
4.20405e-10	0.0324771
4.20739e-10	0.0319052
4.21073e-10	0.0313362
4.21406e-10	0.0307702
4.2174e-10	0.0302075
4.22074e-10	0.0296481
4.22408e-10	0.0290922
4.22742e-10	0.02854
4.23075e-10	0.0279915
4.23409e-10	0.0274469
4.23743e-10	0.0269064
4.24077e-10	0.0263701
4.24411e-10	0.025838
4.24744e-10	0.0253102
4.25078e-10	0.024787
4.25412e-10	0.0242683
4.25746e-10	0.0237544
4.2608e-10	0.0232452
4.26413e-10	0.0227408
4.26747e-10	0.0222414
4.27081e-10	0.021747
4.27415e-10	0.0212577
4.27748e-10	0.0207736
4.28082e-10	0.0202948
4.28416e-10	0.0198212
4.2875e-10	0.019353
4.29084e-10	0.0188901
4.29417e-10	0.0184328
4.29751e-10	0.0179809
4.30085e-10	0.0175346
4.30419e-10	0.0170939
4.30753e-10	0.0166589
4.31086e-10	0.0162295
4.3142e-10	0.0158058
4.31754e-10	0.0153878
4.32088e-10	0.0149755
4.32421e-10	0.014569
4.32755e-10	0.0141683
4.33089e-10	0.0137734
4.33423e-10	0.0133842
4.33757e-10	0.0130009
4.3409e-10	0.0126234
4.34424e-10	0.0122517
4.34758e-10	0.0118859
4.35092e-10	0.0115258
4.35426e-10	0.0111716
4.35759e-10	0.0108232
4.36093e-10	0.0104805
4.36427e-10	0.0101436
4.36761e-10	0.00981253
4.37094e-10	0.00948717
4.37428e-10	0.00916754
4.37762e-10	0.00885361
4.38096e-10	0.00854536
4.3843e-10	0.00824277
4.38763e-10	0.00794581
4.39097e-10	0.00765444
4.39431e-10	0.00736865
4.39765e-10	0.00708838
4.40099e-10	0.00681362
4.40432e-10	0.00654433
4.40766e-10	0.00628046
4.411e-10	0.00602198
4.41434e-10	0.00576884
4.41768e-10	0.00552102
4.42101e-10	0.00527845
4.42435e-10	0.00504111
4.42769e-10	0.00480894
4.43103e-10	0.00458189
4.43436e-10	0.00435992
4.4377e-10	0.00414299
4.44104e-10	0.00393103
4.44438e-10	0.003724
4.44772e-10	0.00352185
4.45105e-10	0.00332452
4.45439e-10	0.00313197
4.45773e-10	0.00294413
4.46107e-10	0.00276096
4.46441e-10	0.00258239
4.46774e-10	0.00240838
4.47108e-10	0.00223886
4.47442e-10	0.00207377
4.47776e-10	0.00191307
4.48109e-10	0.0017567
4.48443e-10	0.00160458
4.48777e-10	0.00145667
4.49111e-10	0.00131291
4.49445e-10	0.00117324
4.49778e-10	0.00103759
4.50112e-10	0.000905911
4.50446e-10	0.00077814
4.5078e-10	0.000654217
4.51114e-10	0.000534081
4.51447e-10	0.000417674
4.51781e-10	0.000304933
4.52115e-10	0.0001958
4.52449e-10	9.02136e-05
4.52782e-10	-1.18862e-05
4.53116e-10	-0.00011056
4.5345e-10	-0.000205866
4.53784e-10	-0.000297866
4.54118e-10	-0.000386619
4.54451e-10	-0.000472185
4.54785e-10	-0.000554623
4.55119e-10	-0.000633991
4.55453e-10	-0.000710349
4.55787e-10	-0.000783755
4.5612e-10	-0.000854267
4.56454e-10	-0.000921944
4.56788e-10	-0.000986842
4.57122e-10	-0.00104902
4.57456e-10	-0.00110853
4.57789e-10	-0.00116544
4.58123e-10	-0.00121979
4.58457e-10	-0.00127165
4.58791e-10	-0.00132106
4.59124e-10	-0.00136809
4.59458e-10	-0.00141279
4.59792e-10	-0.00145521
4.60126e-10	-0.0014954
4.6046e-10	-0.00153342
4.60793e-10	-0.00156931
4.61127e-10	-0.00160314
4.61461e-10	-0.00163495
4.61795e-10	-0.00166479
4.62129e-10	-0.00169271
4.62462e-10	-0.00171877
4.62796e-10	-0.001743
4.6313e-10	-0.00176546
4.63464e-10	-0.0017862
4.63797e-10	-0.00180526
4.64131e-10	-0.00182268
4.64465e-10	-0.00183852
4.64799e-10	-0.00185282
4.65133e-10	-0.00186562
4.65466e-10	-0.00187697
4.658e-10	-0.00188691
4.66134e-10	-0.00189549
4.66468e-10	-0.00190273
4.66802e-10	-0.00190869
4.67135e-10	-0.00191341
4.67469e-10	-0.00191693
4.67803e-10	-0.00191928
4.68137e-10	-0.0019205
4.68471e-10	-0.00192063
4.68804e-10	-0.00191972
4.69138e-10	-0.00191778
4.69472e-10	-0.00191487
4.69806e-10	-0.00191102
4.70139e-10	-0.00190625
4.70473e-10	-0.00190062
4.70807e-10	-0.00189414
4.71141e-10	-0.00188685
4.71475e-10	-0.00187878
4.71808e-10	-0.00186997
4.72142e-10	-0.00186044
4.72476e-10	-0.00185023
4.7281e-10	-0.00183936
4.73144e-10	-0.00182787
4.73477e-10	-0.00181578
4.73811e-10	-0.00180312
4.74145e-10	-0.00178991
4.74479e-10	-0.00177619
4.74812e-10	-0.00176198
4.75146e-10	-0.0017473
4.7548e-10	-0.00173218
4.75814e-10	-0.00171664
4.76148e-10	-0.0017007
4.76481e-10	-0.0016844
4.76815e-10	-0.00166775
4.77149e-10	-0.00165077
4.77483e-10	-0.00163348
4.77817e-10	-0.00161591
4.7815e-10	-0.00159807
4.78484e-10	-0.00157999
4.78818e-10	-0.00156168
4.79152e-10	-0.00154316
4.79485e-10	-0.00152445
4.79819e-10	-0.00150557
4.80153e-10	-0.00148653
4.80487e-10	-0.00146736
4.80821e-10	-0.00144806
4.81154e-10	-0.00142865
4.81488e-10	-0.00140915
4.81822e-10	-0.00138957
4.82156e-10	-0.00136992
4.8249e-10	-0.00135023
4.82823e-10	-0.0013305
4.83157e-10	-0.00131074
4.83491e-10	-0.00129097
4.83825e-10	-0.0012712
4.84159e-10	-0.00125144
4.84492e-10	-0.0012317
4.84826e-10	-0.00121199
4.8516e-10	-0.00119233
4.85494e-10	-0.00117272
4.85827e-10	-0.00115317
4.86161e-10	-0.00113369
4.86495e-10	-0.00111429
4.86829e-10	-0.00109498
4.87163e-10	-0.00107577
4.87496e-10	-0.00105666
4.8783e-10	-0.00103766
4.88164e-10	-0.00101878
4.88498e-10	-0.00100003
4.88832e-10	-0.000981407
4.89165e-10	-0.000962922
4.89499e-10	-0.000944581
4.89833e-10	-0.000926388
4.90167e-10	-0.00090835
4.905e-10	-0.000890471
4.90834e-10	-0.000872755
4.91168e-10	-0.000855208
4.91502e-10	-0.000837833
4.91836e-10	-0.000820634
4.92169e-10	-0.000803615
4.92503e-10	-0.000786779
4.92837e-10	-0.00077013
4.93171e-10	-0.00075367
4.93505e-10	-0.000737402
4.93838e-10	-0.000721328
4.94172e-10	-0.000705452
4.94506e-10	-0.000689774
4.9484e-10	-0.000674297
4.95173e-10	-0.000659023
4.95507e-10	-0.000643953
4.95841e-10	-0.000629088
4.96175e-10	-0.00061443
4.96509e-10	-0.000599979
4.96842e-10	-0.000585737
4.97176e-10	-0.000571704
4.9751e-10	-0.00055788
4.97844e-10	-0.000544267
4.98178e-10	-0.000530863
4.98511e-10	-0.00051767
4.98845e-10	-0.000504687
4.99179e-10	-0.000491915
4.99513e-10	-0.000479352
4.99847e-10	-0.000466998
5.0018e-10	-0.000454854
5.00514e-10	-0.000442918
5.00848e-10	-0.000431189
5.01182e-10	-0.000419667
5.01515e-10	-0.000408351
5.01849e-10	-0.000397239
5.02183e-10	-0.000386331
5.02517e-10	-0.000375626
5.02851e-10	-0.000365122
5.03184e-10	-0.000354817
5.03518e-10	-0.000344711
5.03852e-10	-0.000334802
5.04186e-10	-0.000325088
5.0452e-10	-0.000315568
5.04853e-10	-0.00030624
5.05187e-10	-0.000297102
5.05521e-10	-0.000288152
5.05855e-10	-0.00027939
5.06188e-10	-0.000270812
5.06522e-10	-0.000262416
5.06856e-10	-0.000254202
5.0719e-10	-0.000246166
5.07524e-10	-0.000238308
5.07857e-10	-0.000230623
5.08191e-10	-0.000223112
5.08525e-10	-0.000215771
5.08859e-10	-0.000208598
5.09193e-10	-0.000201591
5.09526e-10	-0.000194748
5.0986e-10	-0.000188067
5.10194e-10	-0.000181545
5.10528e-10	-0.00017518
5.10861e-10	-0.00016897
5.11195e-10	-0.000162913
5.11529e-10	-0.000157006
5.11863e-10	-0.000151246
5.12197e-10	-0.000145633
5.1253e-10	-0.000140163
5.12864e-10	-0.000134834
5.13198e-10	-0.000129643
5.13532e-10	-0.000124589
5.13866e-10	-0.00011967
5.14199e-10	-0.000114882
5.14533e-10	-0.000110223
5.14867e-10	-0.000105692
5.15201e-10	-0.000101286
5.15535e-10	-9.70025e-05
5.15868e-10	-9.28394e-05
5.16202e-10	-8.87945e-05
5.16536e-10	-8.48655e-05
5.1687e-10	-8.10503e-05
5.17203e-10	-7.73465e-05
5.17537e-10	-7.3752e-05
5.17871e-10	-7.02647e-05
5.18205e-10	-6.68823e-05
5.18539e-10	-6.36028e-05
5.18872e-10	-6.0424e-05
5.19206e-10	-5.73437e-05
5.1954e-10	-5.436e-05
5.19874e-10	-5.14707e-05
5.20208e-10	-4.86738e-05
5.20541e-10	-4.59672e-05
5.20875e-10	-4.3349e-05
