% time-domain voltage integration by openEMS v0.0.36-93-g7b9cd51 @Tue Sep  8 09:10:23 2026
% start-coordinates: (0.025,0,0.001524) m -> [260,61,33]
% stop-coordinates: (0.025,0,0) m -> [260,61,21]
% t/s	voltage
0	0
1.03474069284e-11	0
2.06948138567e-11	0
3.10422207851e-11	0
4.13896277134e-11	0
5.17370346418e-11	0
6.20844415701e-11	0
7.24318484985e-11	0
8.27792554268e-11	0
9.31266623552e-11	0
1.03474069284e-10	0
1.13821476212e-10	0
1.2416888314e-10	0
1.34516290069e-10	0
1.44863696997e-10	0
1.55211103925e-10	1.78156355278e-28
1.65558510854e-10	2.78003115319e-21
1.75905917782e-10	7.60881971479e-16
1.8625332471e-10	2.93593540321e-12
1.96600731639e-10	1.54652552917e-10
2.06948138567e-10	1.02575203192e-09
2.17295545495e-10	3.1366323705e-09
2.27642952424e-10	6.6072755045e-09
2.37990359352e-10	1.26672138334e-08
2.4833776628e-10	2.23217568873e-08
2.58685173209e-10	3.30772853552e-08
2.69032580137e-10	4.27657149693e-08
2.79379987066e-10	5.19138678712e-08
2.89727393994e-10	6.29497360904e-08
3.00074800922e-10	1.03569309573e-07
3.10422207851e-10	2.45831984103e-07
3.20769614779e-10	5.9210874781e-07
3.31117021707e-10	9.67402264962e-07
3.41464428636e-10	1.03735600021e-06
3.51811835564e-10	-9.45811668984e-08
3.62159242492e-10	-3.99468314072e-06
3.72506649421e-10	-1.30352048018e-05
3.82854056349e-10	-2.93446823889e-05
3.93201463277e-10	-5.32715284862e-05
4.03548870206e-10	-8.06075399851e-05
4.13896277134e-10	-9.95496120595e-05
4.24243684062e-10	-8.98651364878e-05
4.34591090991e-10	-2.57644703652e-05
4.44938497919e-10	0.000115268416266
4.55285904847e-10	0.000337938792654
4.65633311776e-10	0.000614353350102
4.75980718704e-10	0.000875873571204
4.86328125633e-10	0.00102142946707
4.96675532561e-10	0.000945644889725
5.07022939489e-10	0.000581785789109
5.17370346418e-10	-5.64015008422e-05
5.27717753346e-10	-0.000855334095831
5.38065160274e-10	-0.00162054711836
5.48412567203e-10	-0.00213431993325
5.58759974131e-10	-0.00223298299534
5.69107381059e-10	-0.00187144233496
5.79454787988e-10	-0.00114513562585
5.89802194916e-10	-0.000257540023085
6.00149601844e-10	0.000553445173864
6.10497008773e-10	0.00109812424489
6.20844415701e-10	0.00129200238734
6.31191822629e-10	0.00116656155296
6.41539229558e-10	0.000836428778712
6.51886636486e-10	0.000443643457402
6.62234043415e-10	0.000105527171399
6.72581450343e-10	-0.000114625291644
6.82928857271e-10	-0.00020930883511
6.932762642e-10	-0.000208922458114
7.03623671128e-10	-0.000157542745001
7.13971078056e-10	-9.36142305363e-05
7.24318484985e-10	-4.06706049034e-05
7.34665891913e-10	-7.19203779909e-06
7.45013298841e-10	8.46658662113e-06
7.5536070577e-10	1.22507158267e-05
7.65708112698e-10	1.02014400341e-05
7.76055519626e-10	6.51365212434e-06
7.86402926555e-10	3.30959926487e-06
7.96750333483e-10	1.23432820942e-06
8.07097740411e-10	1.74515941254e-07
8.1744514734e-10	-2.17913527223e-07
8.27792554268e-10	-2.5175966023e-07
8.38139961197e-10	-1.29345552935e-07
8.48487368125e-10	6.25505042207e-09
8.58834775053e-10	-1.07246356795e-08
8.69182181982e-10	3.09007188726e-08
8.7952958891e-10	5.42619282839e-08
8.89876995838e-10	7.50227791002e-08
9.00224402767e-10	6.44563407093e-08
9.10571809695e-10	6.44856839038e-08
9.20919216623e-10	6.23268316957e-08
9.31266623552e-10	5.94588578373e-08
9.4161403048e-10	5.28495633922e-08
9.51961437408e-10	6.50350786557e-08
9.62308844337e-10	9.07064130473e-08
9.72656251265e-10	1.46031030823e-07
9.83003658193e-10	2.25256579611e-07
9.93351065122e-10	3.04867581846e-07
1.00369847205e-09	3.53511110163e-07
1.01404587898e-09	3.3742645833e-07
1.02439328591e-09	2.17076381759e-07
1.03474069284e-09	-1.68487094276e-08
1.04508809976e-09	-3.11030875721e-07
1.05543550669e-09	-5.9700601085e-07
1.06578291362e-09	-7.49204716044e-07
1.07613032055e-09	-6.77956165873e-07
1.08647772748e-09	-3.48677772877e-07
1.09682513441e-09	1.65447222145e-07
1.10717254133e-09	7.00503445472e-07
1.11751994826e-09	1.05138293804e-06
1.12786735519e-09	1.06013225576e-06
1.13821476212e-09	6.77628015922e-07
1.14856216905e-09	2.13932944693e-08
1.15890957598e-09	-6.77509579106e-07
1.1692569829e-09	-1.152348716e-06
1.17960438983e-09	-1.20454733832e-06
1.18995179676e-09	-8.03027482732e-07
1.20029920369e-09	-8.43320164812e-08
1.21064661062e-09	7.00178006241e-07
1.22099401755e-09	1.28409697453e-06
1.23134142447e-09	1.49106776348e-06
1.2416888314e-09	1.29122163628e-06
1.25203623833e-09	7.960659687e-07
1.26238364526e-09	1.98911944693e-07
1.27273105219e-09	-3.07151243106e-07
1.28307845912e-09	-5.92041793368e-07
1.29342586604e-09	-6.23531665411e-07
1.30377327297e-09	-4.57223137573e-07
1.3141206799e-09	-1.96648086259e-07
1.32446808683e-09	6.0298694482e-08
1.33481549376e-09	2.4497008333e-07
1.34516290069e-09	3.28847983511e-07
1.35551030761e-09	3.27613930651e-07
1.36585771454e-09	2.71597356161e-07
1.37620512147e-09	1.94125988173e-07
1.3865525284e-09	1.29373553648e-07
1.39689993533e-09	8.27892345789e-08
1.40724734226e-09	5.79288870206e-08
1.41759474918e-09	5.4013276074e-08
1.42794215611e-09	5.60522432913e-08
1.43828956304e-09	6.6213289962e-08
1.44863696997e-09	7.34693332838e-08
1.4589843769e-09	8.09848561545e-08
1.46933178383e-09	8.18487735366e-08
1.47967919075e-09	8.38611615706e-08
1.49002659768e-09	7.90241370119e-08
1.50037400461e-09	7.85296085937e-08
1.51072141154e-09	7.55245945783e-08
1.52106881847e-09	7.62854823755e-08
1.5314162254e-09	7.88369329818e-08
1.54176363232e-09	8.01488524438e-08
1.55211103925e-09	8.28699571187e-08
1.56245844618e-09	8.3246536331e-08
1.57280585311e-09	8.18453749218e-08
1.58315326004e-09	8.35906490693e-08
1.59350066697e-09	8.19639778271e-08
1.60384807389e-09	8.55448507586e-08
1.61419548082e-09	9.06442627624e-08
1.62454288775e-09	9.00677092908e-08
1.63489029468e-09	9.54004066855e-08
1.64523770161e-09	9.16888764912e-08
1.65558510854e-09	8.74698700137e-08
1.66593251546e-09	8.62964149029e-08
1.67627992239e-09	8.52987840361e-08
1.68662732932e-09	8.73151915215e-08
1.69697473625e-09	9.13910649381e-08
1.70732214318e-09	9.6020094098e-08
1.71766955011e-09	9.60234842751e-08
1.72801695703e-09	9.38090707336e-08
1.73836436396e-09	9.25940319974e-08
1.74871177089e-09	8.78739365717e-08
1.75905917782e-09	8.44342755713e-08
1.76940658475e-09	8.74448820021e-08
1.77975399168e-09	9.12984541301e-08
1.7901013986e-09	9.3199696849e-08
1.80044880553e-09	9.43832114686e-08
1.81079621246e-09	9.27334786738e-08
1.82114361939e-09	8.89234814672e-08
1.83149102632e-09	8.73037402371e-08
1.84183843325e-09	8.86240947295e-08
1.85218584018e-09	9.09593902421e-08
1.8625332471e-09	9.477344598e-08
1.87288065403e-09	9.88281714243e-08
1.88322806096e-09	9.9296343592e-08
1.89357546789e-09	9.63688435718e-08
1.90392287482e-09	9.13936109015e-08
1.91427028175e-09	8.79726540504e-08
1.92461768867e-09	9.05826293973e-08
1.9349650956e-09	9.43096827299e-08
1.94531250253e-09	9.74002354326e-08
1.95565990946e-09	9.77184999584e-08
1.96600731639e-09	9.66028954608e-08
1.97635472332e-09	9.5792463739e-08
1.98670213024e-09	9.56533980911e-08
1.99704953717e-09	9.48981977444e-08
2.0073969441e-09	9.43723845737e-08
2.01774435103e-09	9.42112858837e-08
2.02809175796e-09	9.50801313238e-08
2.03843916489e-09	9.66769659883e-08
2.04878657181e-09	9.71560627505e-08
2.05913397874e-09	9.66654365442e-08
2.06948138567e-09	9.47765181891e-08
2.0798287926e-09	9.42675368876e-08
2.09017619953e-09	9.37699757841e-08
2.10052360646e-09	9.46866665075e-08
2.11087101338e-09	9.53322620845e-08
2.12121842031e-09	9.5242147502e-08
2.13156582724e-09	9.5754749907e-08
2.14191323417e-09	9.50886223094e-08
2.1522606411e-09	9.50050234039e-08
2.16260804803e-09	9.4956050134e-08
2.17295545495e-09	9.43511331286e-08
2.18330286188e-09	9.40362117063e-08
2.19365026881e-09	9.41667757104e-08
2.20399767574e-09	9.40308151343e-08
2.21434508267e-09	9.40263022997e-08
2.2246924896e-09	9.36412769548e-08
2.23503989652e-09	9.33293380356e-08
2.24538730345e-09	9.31508274959e-08
2.25573471038e-09	9.3964322545e-08
2.26608211731e-09	9.53753112043e-08
2.27642952424e-09	9.53309378104e-08
2.28677693117e-09	9.44514439993e-08
2.29712433809e-09	9.36873627566e-08
2.30747174502e-09	9.24844973937e-08
