% time-domain current integration by openEMS v0.0.36-93-g7b9cd51 @Tue Sep  8 09:10:23 2026
% start-coordinates: (-0.025,-0.00202831,0.001397) m -> [60,52,32]
% stop-coordinates: (-0.025,0.00177885,0.001524) m -> [60,69,33]
% t/s	current
1.66893660135e-13	0
1.05143005885e-11	1.01724869847e-11
2.08617075168e-11	4.64487470708e-09
3.12091144452e-11	1.29558941353e-08
4.15565213735e-11	2.9559007686e-08
5.19039283019e-11	5.36219495473e-08
6.22513352302e-11	7.86710998568e-08
7.25987421586e-11	7.96997596808e-08
8.2946149087e-11	1.01584838319e-08
9.32935560153e-11	-1.99408006551e-07
1.03640962944e-10	-6.19691661541e-07
1.13988369872e-10	-1.27447015075e-06
1.243357768e-10	-2.06633990274e-06
1.34683183729e-10	-2.70252962764e-06
1.45030590657e-10	-2.67182099378e-06
1.55377997585e-10	-1.33398020807e-06
1.65725404514e-10	1.84212183285e-06
1.76072811442e-10	6.92650246492e-06
1.8642021837e-10	1.31928791234e-05
1.96767625299e-10	1.90003593161e-05
2.07115032227e-10	2.2071544663e-05
2.17462439156e-10	2.020285865e-05
2.27809846084e-10	1.22150286188e-05
2.38157253012e-10	-1.24955010961e-06
2.48504659941e-10	-1.75151635631e-05
2.58852066869e-10	-3.24859647662e-05
2.69199473797e-10	-4.19539355789e-05
2.79546880726e-10	-4.31073785876e-05
2.89894287654e-10	-3.55930133082e-05
3.00241694582e-10	-2.16527205339e-05
3.10589101511e-10	-5.27173779119e-06
3.20936508439e-10	9.27460405364e-06
3.31283915367e-10	1.88416779565e-05
3.41631322296e-10	2.2241674742e-05
3.51978729224e-10	2.02393639483e-05
3.62326136152e-10	1.48702092702e-05
3.72673543081e-10	8.48534909892e-06
3.83020950009e-10	2.94728624795e-06
3.93368356938e-10	-7.69256985222e-07
4.03715763866e-10	-2.55121312875e-06
4.14063170794e-10	-2.84843918053e-06
4.24410577723e-10	-2.30803698287e-06
4.34757984651e-10	-1.49673292071e-06
4.45105391579e-10	-7.7147490174e-07
4.55452798508e-10	-2.77463158227e-07
4.65800205436e-10	-1.46877443541e-08
4.76147612364e-10	8.33551254686e-08
4.86495019293e-10	9.19023008805e-08
4.96842426221e-10	6.65994548399e-08
5.07189833149e-10	3.79828080099e-08
5.17537240078e-10	1.74766086047e-08
5.27884647006e-10	6.04896577272e-09
5.38232053934e-10	1.24535382007e-09
5.48579460863e-10	1.27573362985e-09
5.58926867791e-10	9.18483233914e-10
5.6927427472e-10	5.27577093123e-10
5.79621681648e-10	4.13216655337e-10
5.89969088576e-10	9.02327268459e-10
6.00316495505e-10	2.02532524085e-09
6.10663902433e-10	3.79631348579e-09
6.21011309361e-10	5.53060930386e-09
6.3135871629e-10	5.88862381079e-09
6.41706123218e-10	3.39870287469e-09
6.52053530146e-10	-2.79810863368e-09
6.62400937075e-10	-1.20567342776e-08
6.72748344003e-10	-2.14906723528e-08
6.83095750931e-10	-2.65180801762e-08
6.9344315786e-10	-2.24064127252e-08
7.03790564788e-10	-6.42897513004e-09
7.14137971716e-10	1.79984951387e-08
7.24485378645e-10	4.11171363623e-08
7.34832785573e-10	4.67246863423e-08
7.45180192501e-10	1.87066984125e-08
7.5552759943e-10	-5.25315968503e-08
7.65875006358e-10	-1.60016057293e-07
7.76222413287e-10	-2.76495853768e-07
7.86569820215e-10	-3.56298642146e-07
7.96917227143e-10	-3.48328285327e-07
8.07264634072e-10	-2.14928732589e-07
8.17612041e-10	4.74249510773e-08
8.27959447928e-10	3.96408353254e-07
8.38306854857e-10	7.4725403465e-07
8.48654261785e-10	9.94701053969e-07
8.59001668713e-10	1.04790763089e-06
8.69349075642e-10	8.65798881478e-07
8.7969648257e-10	4.77658034015e-07
8.90043889498e-10	-2.08000106028e-08
9.00391296427e-10	-4.97037774494e-07
9.10738703355e-10	-8.27078451948e-07
9.21086110283e-10	-9.3655597766e-07
9.31433517212e-10	-8.23098673663e-07
9.4178092414e-10	-5.50207062133e-07
9.52128331069e-10	-2.17603400188e-07
9.62475737997e-10	7.61943965699e-08
9.72823144925e-10	2.66040302677e-07
9.83170551854e-10	3.32927669433e-07
9.93517958782e-10	2.98504374996e-07
1.00386536571e-09	2.06891044741e-07
1.01421277264e-09	1.03525074735e-07
1.02456017957e-09	2.089340434e-08
1.0349075865e-09	-2.73012492613e-08
1.04525499342e-09	-4.3186545895e-08
1.05560240035e-09	-3.73834758705e-08
1.06594980728e-09	-2.25870255832e-08
1.07629721421e-09	-7.94404009241e-09
1.08664462114e-09	1.95679938919e-09
1.09699202807e-09	6.23003071354e-09
1.10733943499e-09	6.61063648266e-09
1.11768684192e-09	5.10929343278e-09
1.12803424885e-09	3.17670068029e-09
1.13838165578e-09	1.73326064612e-09
1.14872906271e-09	9.0058754898e-10
1.15907646964e-09	5.89170434662e-10
1.16942387656e-09	5.83805170873e-10
1.17977128349e-09	6.66440513886e-10
1.19011869042e-09	8.30131852148e-10
1.20046609735e-09	9.68356839159e-10
1.21081350428e-09	9.29451071663e-10
1.22116091121e-09	9.25283294428e-10
1.23150831813e-09	1.08731545989e-09
1.24185572506e-09	1.01039832057e-09
1.25220313199e-09	1.20947740712e-09
1.26255053892e-09	1.33848687689e-09
1.27289794585e-09	1.38553313267e-09
1.28324535278e-09	1.29478705535e-09
1.2935927597e-09	1.21892140825e-09
1.30394016663e-09	1.13668852109e-09
1.31428757356e-09	1.18466791932e-09
1.32463498049e-09	1.27889021595e-09
1.33498238742e-09	1.4484247135e-09
1.34532979435e-09	1.68928127042e-09
1.35567720127e-09	1.96065497171e-09
1.3660246082e-09	2.19371809607e-09
1.37637201513e-09	2.27396967922e-09
1.38671942206e-09	2.08909489707e-09
1.39706682899e-09	1.63880375936e-09
1.40741423592e-09	1.09660291958e-09
1.41776164284e-09	6.69281463583e-10
1.42810904977e-09	5.43812439524e-10
1.4384564567e-09	8.17351852866e-10
1.44880386363e-09	1.39432787538e-09
1.45915127056e-09	2.16139950382e-09
1.46949867749e-09	2.86399903793e-09
1.47984608441e-09	3.30165939033e-09
1.49019349134e-09	3.34343108754e-09
1.50054089827e-09	2.97020386064e-09
1.5108883052e-09	2.34631936102e-09
1.52123571213e-09	1.69934577521e-09
1.53158311906e-09	1.24373622512e-09
1.54193052598e-09	1.12599185531e-09
1.55227793291e-09	1.34586752853e-09
1.56262533984e-09	1.75066594554e-09
1.57297274677e-09	2.17364193311e-09
1.5833201537e-09	2.47145370835e-09
1.59366756063e-09	2.54934562349e-09
1.60401496755e-09	2.47607245818e-09
1.61436237448e-09	2.28162644333e-09
1.62470978141e-09	2.03250971609e-09
1.63505718834e-09	1.83456660974e-09
1.64540459527e-09	1.71331038246e-09
1.6557520022e-09	1.68814140444e-09
1.66609940912e-09	1.74763714611e-09
1.67644681605e-09	1.84241122358e-09
1.68679422298e-09	1.9323149747e-09
1.69714162991e-09	1.97285476844e-09
1.70748903684e-09	1.97251392997e-09
1.71783644377e-09	1.96139460229e-09
1.72818385069e-09	1.94574645285e-09
1.73853125762e-09	1.93480942379e-09
1.74887866455e-09	1.92540383637e-09
1.75922607148e-09	1.89956139707e-09
1.76957347841e-09	1.87236248728e-09
1.77992088534e-09	1.87553794717e-09
1.79026829227e-09	1.8935595314e-09
1.80061569919e-09	1.89899562741e-09
1.81096310612e-09	1.89719506771e-09
1.82131051305e-09	1.87877446933e-09
1.83165791998e-09	1.8597736684e-09
1.84200532691e-09	1.86845450223e-09
1.85235273384e-09	1.87416149267e-09
1.86270014076e-09	1.88539717172e-09
1.87304754769e-09	1.88470994367e-09
1.88339495462e-09	1.85424220422e-09
1.89374236155e-09	1.85386817009e-09
1.90408976848e-09	1.84611759213e-09
1.91443717541e-09	1.86271909008e-09
1.92478458233e-09	1.86954807191e-09
1.93513198926e-09	1.86145809877e-09
1.94547939619e-09	1.85319226631e-09
1.95582680312e-09	1.8371579813e-09
1.96617421005e-09	1.83621173822e-09
1.97652161698e-09	1.84534765246e-09
1.9868690239e-09	1.84220017019e-09
1.99721643083e-09	1.83996595737e-09
2.00756383776e-09	1.81013559697e-09
2.01791124469e-09	1.80393833205e-09
2.02825865162e-09	1.79542847256e-09
2.03860605855e-09	1.80809056616e-09
2.04895346547e-09	1.8072524588e-09
2.0593008724e-09	1.80371406699e-09
2.06964827933e-09	1.79059322925e-09
2.07999568626e-09	1.7817619602e-09
2.09034309319e-09	1.7934463914e-09
2.10069050012e-09	1.80088122193e-09
2.11103790704e-09	1.81793569087e-09
2.12138531397e-09	1.82230663892e-09
2.1317327209e-09	1.81101522667e-09
2.14208012783e-09	1.82218073963e-09
2.15242753476e-09	1.8257164669e-09
2.16277494169e-09	1.84346782284e-09
2.17312234861e-09	1.86312054673e-09
2.18346975554e-09	1.84478321508e-09
2.19381716247e-09	1.84324921992e-09
2.2041645694e-09	1.84148318816e-09
2.21451197633e-09	1.83209403204e-09
2.22485938326e-09	1.8479164865e-09
2.23520679018e-09	1.84614146193e-09
2.24555419711e-09	1.83035431256e-09
2.25590160404e-09	1.82948545202e-09
2.26624901097e-09	1.82436965535e-09
2.2765964179e-09	1.82736792365e-09
2.28694382483e-09	1.83978465795e-09
2.29729123175e-09	1.84396387048e-09
2.30763863868e-09	1.83239878826e-09
