% time-domain voltage integration by openEMS v0.0.36-93-g7b9cd51 @Tue Sep  8 09:10:23 2026
% start-coordinates: (-0.025,0,0.001524) m -> [60,61,33]
% stop-coordinates: (-0.025,0,0) m -> [60,61,21]
% t/s	voltage
0	0
1.03474069284e-11	1.74069800241e-10
2.06948138567e-11	3.19709480223e-07
3.10422207851e-11	7.66693041498e-07
4.13896277134e-11	1.67593528033e-06
5.17370346418e-11	2.9037403948e-06
6.20844415701e-11	4.05511275403e-06
7.24318484985e-11	3.65632882904e-06
8.27792554268e-11	-7.51627986517e-07
9.31266623552e-11	-1.27515078248e-05
1.03474069284e-10	-3.56184759767e-05
1.13821476212e-10	-6.97195764587e-05
1.2416888314e-10	-0.00010870108963
1.34516290069e-10	-0.000136079940603
1.44863696997e-10	-0.00012491704274
1.55211103925e-10	-4.35785686932e-05
1.65558510854e-10	0.000131203203637
1.75905917782e-10	0.000396483737859
1.8625332471e-10	0.000707828228769
1.96600731639e-10	0.00097667274531
2.06948138567e-10	0.00108829407691
2.17295545495e-10	0.000940182399063
2.27642952424e-10	0.000489129386551
2.37990359352e-10	-0.000213506469663
2.4833776628e-10	-0.0010187549633
2.58685173209e-10	-0.00171795005735
2.69032580137e-10	-0.00211141095497
2.79379987066e-10	-0.00208101948374
2.89727393994e-10	-0.00163518029149
3.00074800922e-10	-0.000905748238438
3.10422207851e-10	-9.82955771178e-05
3.20769614779e-10	0.000581822085223
3.31117021707e-10	0.000995809736196
3.41464428636e-10	0.00110475171095
3.51811835564e-10	0.000961989055213
3.62159242492e-10	0.000675157200021
3.72506649421e-10	0.000358882687578
3.82854056349e-10	9.81085722742e-05
3.93201463277e-10	-6.75131268508e-05
4.03548870206e-10	-0.000139105020935
4.13896277134e-10	-0.000142375811265
4.24243684062e-10	-0.000109812434857
4.34591090991e-10	-6.81243650433e-05
4.44938497919e-10	-3.31002745497e-05
4.55285904847e-10	-1.03473010427e-05
4.65633311776e-10	1.08490976913e-06
4.75980718704e-10	4.86021647816e-06
4.86328125633e-10	4.70347606552e-06
4.96675532561e-10	3.215319623e-06
5.07022939489e-10	1.74396353714e-06
5.17370346418e-10	7.40580155423e-07
5.27717753346e-10	2.03657089415e-07
5.38065160274e-10	1.46616536689e-08
5.48412567203e-10	5.58117463356e-08
5.58759974131e-10	7.33396996466e-08
5.69107381059e-10	9.16850093624e-08
5.79454787988e-10	1.05060856015e-07
5.89802194916e-10	8.60608388997e-08
6.00149601844e-10	6.00156058184e-08
6.10497008773e-10	2.87333798976e-08
6.20844415701e-10	-4.712193441e-09
6.31191822629e-10	-2.67548405652e-08
6.41539229558e-10	-1.00439196404e-08
6.51886636486e-10	7.76971220695e-08
6.62234043415e-10	2.5472874654e-07
6.72581450343e-10	5.05205409951e-07
6.82928857271e-10	7.57280943731e-07
6.932762642e-10	9.10529330156e-07
7.03623671128e-10	8.65124881955e-07
7.13971078056e-10	6.44849087905e-07
7.24318484985e-10	4.42665978539e-07
7.34665891913e-10	6.56756743211e-07
7.45013298841e-10	1.74387120921e-06
7.5536070577e-10	4.08994446843e-06
7.65708112698e-10	7.6186281035e-06
7.76055519626e-10	1.15574575261e-05
7.86402926555e-10	1.43665357655e-05
7.96750333483e-10	1.40058158422e-05
8.07097740411e-10	8.67978866381e-06
8.1744514734e-10	-2.28570027616e-06
8.27792554268e-10	-1.76508165168e-05
8.38139961197e-10	-3.40705710187e-05
8.48487368125e-10	-4.67754871352e-05
8.58834775053e-10	-5.10826803293e-05
8.69182181982e-10	-4.42374298473e-05
8.7952958891e-10	-2.67502143743e-05
8.89876995838e-10	-2.60506801908e-06
9.00224402767e-10	2.18623816863e-05
9.10571809695e-10	4.01637985306e-05
9.20919216623e-10	4.78802630823e-05
9.31266623552e-10	4.40586711647e-05
9.4161403048e-10	3.13213799927e-05
9.51961437408e-10	1.44767443544e-05
9.62308844337e-10	-1.3021409444e-06
9.72656251265e-10	-1.22845143551e-05
9.83003658193e-10	-1.7000544176e-05
9.93351065122e-10	-1.62013855061e-05
1.00369847205e-09	-1.19417076121e-05
1.01404587898e-09	-6.59131120528e-06
1.02439328591e-09	-1.96822723808e-06
1.03474069284e-09	1.02941412905e-06
1.04508809976e-09	2.31576275667e-06
1.05543550669e-09	2.34537061772e-06
1.06578291362e-09	1.73509188528e-06
1.07613032055e-09	9.71394022997e-07
1.08647772748e-09	3.72811726379e-07
1.09682513441e-09	3.4722637432e-08
1.10717254133e-09	-8.76819128415e-08
1.11751994826e-09	-7.09637473228e-08
1.12786735519e-09	1.16111659176e-09
1.13821476212e-09	7.46665023144e-08
1.14856216905e-09	1.19635904738e-07
1.15890957598e-09	1.46739209228e-07
1.1692569829e-09	1.65244048667e-07
1.17960438983e-09	1.64346635856e-07
1.18995179676e-09	1.57689643565e-07
1.20029920369e-09	1.52977523982e-07
1.21064661062e-09	1.46392924449e-07
1.22099401755e-09	1.44045087858e-07
1.23134142447e-09	1.35529653278e-07
1.2416888314e-09	1.38867581434e-07
1.25203623833e-09	1.23821608966e-07
1.26238364526e-09	1.17957025481e-07
1.27273105219e-09	1.16857950871e-07
1.28307845912e-09	1.22021010185e-07
1.29342586604e-09	1.24601673868e-07
1.30377327297e-09	1.23966835908e-07
1.3141206799e-09	1.22804378222e-07
1.32446808683e-09	1.19848832192e-07
1.33481549376e-09	1.11137096859e-07
1.34516290069e-09	9.90333717255e-08
1.35551030761e-09	8.41650558137e-08
1.36585771454e-09	7.27856721561e-08
1.37620512147e-09	6.78119129738e-08
1.3865525284e-09	7.21732167364e-08
1.39689993533e-09	8.97422491875e-08
1.40724734226e-09	1.15072657181e-07
1.41759474918e-09	1.39710748748e-07
1.42794215611e-09	1.55054155293e-07
1.43828956304e-09	1.4814165894e-07
1.44863696997e-09	1.22675105629e-07
1.4589843769e-09	8.42545881952e-08
1.46933178383e-09	4.45050298836e-08
1.47967919075e-09	1.80054967602e-08
1.49002659768e-09	1.17125989463e-08
1.50037400461e-09	2.62025434683e-08
1.51072141154e-09	5.55118129242e-08
1.52106881847e-09	8.95386440547e-08
1.5314162254e-09	1.1726791449e-07
1.54176363232e-09	1.29468189947e-07
1.55211103925e-09	1.21835977751e-07
1.56245844618e-09	1.02822564685e-07
1.57280585311e-09	7.75267103847e-08
1.58315326004e-09	6.10268493517e-08
1.59350066697e-09	5.49207102019e-08
1.60384807389e-09	5.86837107797e-08
1.61419548082e-09	7.06768603642e-08
1.62454288775e-09	8.31088597941e-08
1.63489029468e-09	9.27714296495e-08
1.64523770161e-09	9.94528068787e-08
1.65558510854e-09	1.03029365484e-07
1.66593251546e-09	1.02904722077e-07
1.67627992239e-09	9.89915767136e-08
1.68662732932e-09	9.48020923985e-08
1.69697473625e-09	9.11493724942e-08
1.70732214318e-09	8.90705225132e-08
1.71766955011e-09	9.04293524506e-08
1.72801695703e-09	9.30613062167e-08
1.73836436396e-09	9.40893221113e-08
1.74871177089e-09	9.37744291107e-08
1.75905917782e-09	9.32046013702e-08
1.76940658475e-09	9.34525568042e-08
1.77975399168e-09	9.42058875353e-08
1.7901013986e-09	9.50194687377e-08
1.80044880553e-09	9.55666878966e-08
1.81079621246e-09	9.41181896863e-08
1.82114361939e-09	9.23701657385e-08
1.83149102632e-09	9.28501524555e-08
1.84183843325e-09	9.30021064605e-08
1.85218584018e-09	9.40460083143e-08
1.8625332471e-09	9.51341352362e-08
1.87288065403e-09	9.29556218665e-08
1.88322806096e-09	9.27296603948e-08
1.89357546789e-09	9.24922272105e-08
1.90392287482e-09	9.34135400144e-08
1.91427028175e-09	9.43008213738e-08
1.92461768867e-09	9.33345383203e-08
1.9349650956e-09	9.20859921649e-08
1.94531250253e-09	9.06246038213e-08
1.95565990946e-09	9.16046296595e-08
1.96600731639e-09	9.20632619028e-08
1.97635472332e-09	9.3531821399e-08
1.98670213024e-09	9.19297535873e-08
1.99704953717e-09	9.07870933986e-08
2.0073969441e-09	8.95308818194e-08
2.01774435103e-09	9.02616204002e-08
2.02809175796e-09	9.15688636027e-08
2.03843916489e-09	9.25606942204e-08
2.04878657181e-09	9.26281362723e-08
2.05913397874e-09	9.18634066593e-08
2.06948138567e-09	9.23032601463e-08
2.0798287926e-09	9.38012512108e-08
2.09017619953e-09	9.5166864611e-08
2.10052360646e-09	9.66113002931e-08
2.11087101338e-09	9.52509813246e-08
2.12121842031e-09	9.55586800799e-08
2.13156582724e-09	9.52293968126e-08
2.14191323417e-09	9.55324672702e-08
2.1522606411e-09	9.76561809196e-08
2.16260804803e-09	9.62808393012e-08
2.17295545495e-09	9.5732737293e-08
2.18330286188e-09	9.46489810971e-08
2.19365026881e-09	9.32021002598e-08
2.20399767574e-09	9.45780698203e-08
2.21434508267e-09	9.50833438651e-08
2.2246924896e-09	9.46188771778e-08
2.23503989652e-09	9.43877589421e-08
2.24538730345e-09	9.36768413951e-08
2.25573471038e-09	9.31835586471e-08
2.26608211731e-09	9.38532256356e-08
2.27642952424e-09	9.53216536814e-08
2.28677693117e-09	9.44491489463e-08
2.29712433809e-09	9.27370811254e-08
2.30747174502e-09	9.2757374226e-08
