% time-domain current integration by openEMS v0.0.36-93-g7b9cd51 @Tue Sep  8 09:10:23 2026
% start-coordinates: (0.025,-0.00202831,0.001397) m -> [260,52,32]
% stop-coordinates: (0.025,0.00177885,0.001524) m -> [260,69,33]
% t/s	current
1.66893660135e-13	-0
1.05143005885e-11	-0
2.08617075168e-11	-0
3.12091144452e-11	-0
4.15565213735e-11	-0
5.19039283019e-11	-0
6.22513352302e-11	-0
7.25987421586e-11	-0
8.2946149087e-11	-0
9.32935560153e-11	-0
1.03640962944e-10	-0
1.13988369872e-10	-0
1.243357768e-10	-0
1.34683183729e-10	-0
1.45030590657e-10	-2.79606735021e-30
1.55377997585e-10	-1.10223974946e-22
1.65725404514e-10	-5.33941842855e-17
1.76072811442e-10	-2.36442484515e-13
1.8642021837e-10	-8.27471251241e-12
1.96767625299e-10	-4.24307498859e-11
2.07115032227e-10	-1.17378801123e-10
2.17462439156e-10	-2.32563052149e-10
2.27809846084e-10	-3.95296184674e-10
2.38157253012e-10	-5.48724676808e-10
2.48504659941e-10	-5.2806442552e-10
2.58852066869e-10	-1.10436888801e-10
2.69199473797e-10	9.70828861746e-10
2.79546880726e-10	2.85529178079e-09
2.89894287654e-10	5.06221287111e-09
3.00241694582e-10	6.1435367904e-09
3.10589101511e-10	3.31994320923e-09
3.20936508439e-10	-6.91594781443e-09
3.31283915367e-10	-2.26951630822e-08
3.41631322296e-10	-3.60015199874e-08
3.51978729224e-10	-2.67933959464e-08
3.62326136152e-10	4.14165519658e-08
3.72673543081e-10	2.18688725795e-07
3.83020950009e-10	5.46718240457e-07
3.93368356938e-10	1.02542503555e-06
4.03715763866e-10	1.55672466917e-06
4.14063170794e-10	1.89853744814e-06
4.24410577723e-10	1.65033873145e-06
4.34757984651e-10	3.25919813804e-07
4.45105391579e-10	-2.47332445724e-06
4.55452798508e-10	-6.7874530032e-06
4.65800205436e-10	-1.20313306979e-05
4.76147612364e-10	-1.68686547113e-05
4.86495019293e-10	-1.93891482922e-05
4.96842426221e-10	-1.76483245014e-05
5.07189833149e-10	-1.04661794467e-05
5.17537240078e-10	1.81077678008e-06
5.27884647006e-10	1.69777849806e-05
5.38232053934e-10	3.134754661e-05
5.48579460863e-10	4.08427149523e-05
5.58926867791e-10	4.24370409746e-05
5.6927427472e-10	3.53506366082e-05
5.79621681648e-10	2.14441533899e-05
5.89969088576e-10	4.59533657704e-06
6.00316495505e-10	-1.06942161437e-05
6.10663902433e-10	-2.08597866731e-05
6.21011309361e-10	-2.43446866079e-05
6.3135871629e-10	-2.17989199882e-05
6.41706123218e-10	-1.54454028234e-05
6.52053530146e-10	-8.00748875918e-06
6.62400937075e-10	-1.70950170286e-06
6.72748344003e-10	2.28142130254e-06
6.83095750931e-10	3.87821864933e-06
6.9344315786e-10	3.7141080611e-06
7.03790564788e-10	2.6624243219e-06
7.14137971716e-10	1.45923741002e-06
7.24485378645e-10	5.29604676558e-07
7.34832785573e-10	-2.16965423405e-09
7.45180192501e-10	-2.02884478995e-07
7.5552759943e-10	-2.07977976174e-07
7.65875006358e-10	-1.38125500371e-07
7.76222413287e-10	-6.61280878944e-08
7.86569820215e-10	-1.96737381941e-08
7.96917227143e-10	9.55252321688e-10
8.07264634072e-10	5.5293316592e-09
8.17612041e-10	3.4752809519e-09
8.27959447928e-10	3.23931742541e-10
8.38306854857e-10	-2.06347072762e-09
8.48654261785e-10	-3.1056344163e-09
8.59001668713e-10	-1.43904466121e-09
8.69349075642e-10	-8.03147548467e-10
8.7969648257e-10	-4.80891493293e-10
8.90043889498e-10	-6.67830069023e-10
9.00391296427e-10	-7.21792015046e-10
9.10738703355e-10	-9.33955801585e-10
9.21086110283e-10	-8.63539240115e-10
9.31433517212e-10	-8.95416740754e-10
9.4178092414e-10	-7.99688149034e-10
9.52128331069e-10	-8.6955531664e-10
9.62475737997e-10	-1.44847445149e-09
9.72823144925e-10	-2.51377385574e-09
9.83170551854e-10	-4.14480627597e-09
9.93517958782e-10	-5.78581715871e-09
1.00386536571e-09	-6.73750699676e-09
1.01421277264e-09	-6.14301232105e-09
1.02456017957e-09	-3.39077965705e-09
1.0349075865e-09	1.39955180778e-09
1.04525499342e-09	7.20735204851e-09
1.05560240035e-09	1.22266952118e-08
1.06594980728e-09	1.42544553938e-08
1.07629721421e-09	1.16721308174e-08
1.08664462114e-09	4.30535340712e-09
1.09699202807e-09	-6.02162275598e-09
1.10733943499e-09	-1.59264033073e-08
1.11768684192e-09	-2.14408046872e-08
1.12803424885e-09	-1.98696401554e-08
1.13838165578e-09	-1.08792654885e-08
1.14872906271e-09	2.83203327456e-09
1.15907646964e-09	1.64711835282e-08
1.16942387656e-09	2.4786073638e-08
1.17977128349e-09	2.44434534835e-08
1.19011869042e-09	1.52208770032e-08
1.20046609735e-09	2.29937693885e-10
1.21081350428e-09	-1.53793795477e-08
1.22116091121e-09	-2.64758153179e-08
1.23150831813e-09	-2.9854991368e-08
1.24185572506e-09	-2.52506602294e-08
1.25220313199e-09	-1.50865275828e-08
1.26255053892e-09	-3.25699711645e-09
1.27289794585e-09	6.45402220556e-09
1.28324535278e-09	1.16541798434e-08
1.2935927597e-09	1.18702851992e-08
1.30394016663e-09	8.31641244758e-09
1.31428757356e-09	3.07796099719e-09
1.32463498049e-09	-1.87296889109e-09
1.33498238742e-09	-5.24820897851e-09
1.34532979435e-09	-6.60418519871e-09
1.35567720127e-09	-6.30658636425e-09
1.3660246082e-09	-5.08681186062e-09
1.37637201513e-09	-3.58861051986e-09
1.38671942206e-09	-2.38112018991e-09
1.39706682899e-09	-1.6348016274e-09
1.40741423592e-09	-1.30151456279e-09
1.41776164284e-09	-1.2993790488e-09
1.42810904977e-09	-1.38253408721e-09
1.4384564567e-09	-1.53731605224e-09
1.44880386363e-09	-1.59864643745e-09
1.45915127056e-09	-1.66783409306e-09
1.46949867749e-09	-1.65400304564e-09
1.47984608441e-09	-1.64625379995e-09
1.49019349134e-09	-1.61208768557e-09
1.50054089827e-09	-1.58433066666e-09
1.5108883052e-09	-1.56290003162e-09
1.52123571213e-09	-1.54555235277e-09
1.53158311906e-09	-1.57777912957e-09
1.54193052598e-09	-1.59227719898e-09
1.55227793291e-09	-1.65647162653e-09
1.56262533984e-09	-1.66798896917e-09
1.57297274677e-09	-1.68817315682e-09
1.5833201537e-09	-1.68940494927e-09
1.59366756063e-09	-1.66822633485e-09
1.60401496755e-09	-1.67939384621e-09
1.61436237448e-09	-1.7245918027e-09
1.62470978141e-09	-1.74965297806e-09
1.63505718834e-09	-1.84636939071e-09
1.64540459527e-09	-1.8529920931e-09
1.6557520022e-09	-1.845783415e-09
1.66609940912e-09	-1.82269144222e-09
1.67644681605e-09	-1.76828174325e-09
1.68679422298e-09	-1.71695069273e-09
1.69714162991e-09	-1.75528158675e-09
1.70748903684e-09	-1.79800352385e-09
1.71783644377e-09	-1.84112114443e-09
1.72818385069e-09	-1.92050109149e-09
1.73853125762e-09	-1.92687665823e-09
1.74887866455e-09	-1.86192194995e-09
1.75922607148e-09	-1.80257408999e-09
1.76957347841e-09	-1.74108039097e-09
1.77992088534e-09	-1.70143954481e-09
1.79026829227e-09	-1.72418801458e-09
1.80061569919e-09	-1.77990311379e-09
1.81096310612e-09	-1.83449266888e-09
1.82131051305e-09	-1.8694947812e-09
1.83165791998e-09	-1.87049953304e-09
1.84200532691e-09	-1.83346759997e-09
1.85235273384e-09	-1.80246428894e-09
1.86270014076e-09	-1.81191306403e-09
1.87304754769e-09	-1.84907933409e-09
1.88339495462e-09	-1.86654314227e-09
1.89374236155e-09	-1.87139304053e-09
1.90408976848e-09	-1.86998549978e-09
1.91443717541e-09	-1.86200999064e-09
1.92478458233e-09	-1.8631463039e-09
1.93513198926e-09	-1.85451831669e-09
1.94547939619e-09	-1.85212489789e-09
1.95582680312e-09	-1.86585613626e-09
1.96617421005e-09	-1.89742710432e-09
1.97652161698e-09	-1.9258779016e-09
1.9868690239e-09	-1.92362148432e-09
1.99721643083e-09	-1.90468951722e-09
2.00756383776e-09	-1.87476079105e-09
2.01791124469e-09	-1.86369852884e-09
2.02825865162e-09	-1.86681492487e-09
2.03860605855e-09	-1.88175830473e-09
2.04895346547e-09	-1.90370763598e-09
2.0593008724e-09	-1.91572202546e-09
2.06964827933e-09	-1.92030213952e-09
2.07999568626e-09	-1.90579818593e-09
2.09034309319e-09	-1.87601645329e-09
2.10069050012e-09	-1.85790238749e-09
2.11103790704e-09	-1.85117454699e-09
2.12138531397e-09	-1.8721599826e-09
2.1317327209e-09	-1.9023482789e-09
2.14208012783e-09	-1.91747862033e-09
2.15242753476e-09	-1.91864324428e-09
2.16277494169e-09	-1.89817472851e-09
2.17312234861e-09	-1.86736071051e-09
2.18346975554e-09	-1.84623671906e-09
2.19381716247e-09	-1.84593829111e-09
2.2041645694e-09	-1.85909021511e-09
2.21451197633e-09	-1.88466953155e-09
2.22485938326e-09	-1.90425408775e-09
2.23520679018e-09	-1.8961585635e-09
2.24555419711e-09	-1.87968396403e-09
2.25590160404e-09	-1.86322135498e-09
2.26624901097e-09	-1.85398463248e-09
2.2765964179e-09	-1.86252124834e-09
2.28694382483e-09	-1.87411841601e-09
2.29729123175e-09	-1.87885174086e-09
2.30763863868e-09	-1.87388327078e-09
