% time-domain voltage integration by openEMS v0.0.36-93-g7b9cd51 @Tue Sep  8 09:10:23 2026
% start-coordinates: (-0.02525,0,0.001524) m -> [59,61,33]
% stop-coordinates: (-0.02525,0,0) m -> [59,61,21]
% t/s	voltage
0	0
1.03474069284e-11	1.42691493343e-09
2.06948138567e-11	2.99775363644e-07
3.10422207851e-11	8.62897728382e-07
4.13896277134e-11	1.83838591283e-06
5.17370346418e-11	3.10589081209e-06
6.20844415701e-11	4.11985675441e-06
7.24318484985e-11	3.29119521325e-06
8.27792554268e-11	-2.07513508599e-06
9.31266623552e-11	-1.56114109586e-05
1.03474069284e-10	-4.03710444061e-05
1.13821476212e-10	-7.59181148169e-05
1.2416888314e-10	-0.000114439814752
1.34516290069e-10	-0.000137655118124
1.44863696997e-10	-0.000117307164146
1.55211103925e-10	-2.20796781605e-05
1.65558510854e-10	0.000168275503711
1.75905917782e-10	0.000444926787168
1.8625332471e-10	0.000756062421715
1.96600731639e-10	0.00100720589398
2.06948138567e-10	0.0010827637816
2.17295545495e-10	0.000886838352017
2.27642952424e-10	0.000389839115087
2.37990359352e-10	-0.000340347010933
2.4833776628e-10	-0.00114182699326
2.58685173209e-10	-0.00180274016748
2.69032580137e-10	-0.00213252767571
2.79379987066e-10	-0.0020318509778
2.89727393994e-10	-0.00153050322842
3.00074800922e-10	-0.000776059794589
3.10422207851e-10	2.15190195831e-05
3.20769614779e-10	0.000664452240017
3.31117021707e-10	0.00102921649523
3.41464428636e-10	0.00109314459405
3.51811835564e-10	0.000920892365684
3.62159242492e-10	0.00062370507294
3.72506649421e-10	0.000312927615596
3.82854056349e-10	6.64781750856e-05
3.93201463277e-10	-8.32034038467e-05
4.03548870206e-10	-0.000142192279782
4.13896277134e-10	-0.000138139210321
4.24243684062e-10	-0.000103060418951
4.34591090991e-10	-6.19774482402e-05
4.44938497919e-10	-2.88727012503e-05
4.55285904847e-10	-8.0780645817e-06
4.65633311776e-10	1.94950899868e-06
4.75980718704e-10	4.95448173865e-06
4.86328125633e-10	4.49335308872e-06
4.96675532561e-10	2.95745437029e-06
5.07022939489e-10	1.54405763908e-06
5.17370346418e-10	6.25161412415e-07
5.27717753346e-10	1.61970349133e-07
5.38065160274e-10	5.22348129195e-08
5.48412567203e-10	6.12519674981e-08
5.58759974131e-10	6.87080423667e-08
5.69107381059e-10	6.8345802795e-08
5.79454787988e-10	8.63711426824e-08
5.89802194916e-10	9.05090646874e-08
6.00149601844e-10	7.73168111756e-08
6.10497008773e-10	4.48037846823e-08
6.20844415701e-10	-2.92220297959e-09
6.31191822629e-10	-4.12965388552e-08
6.41539229558e-10	-3.09572982804e-08
6.51886636486e-10	5.94598077441e-08
6.62234043415e-10	2.39336513275e-07
6.72581450343e-10	4.89663172232e-07
6.82928857271e-10	7.445391077e-07
6.932762642e-10	9.1273872016e-07
7.03623671128e-10	8.99859252002e-07
7.13971078056e-10	6.92691248361e-07
7.24318484985e-10	4.653635024e-07
7.34665891913e-10	5.60902208235e-07
7.45013298841e-10	1.45655698702e-06
7.5536070577e-10	3.59206495659e-06
7.65708112698e-10	6.98807912158e-06
7.76055519626e-10	1.09833634951e-05
7.86402926555e-10	1.4121744357e-05
7.96750333483e-10	1.43764767699e-05
8.07097740411e-10	9.84580458407e-06
8.1744514734e-10	-3.58797844768e-07
8.27792554268e-10	-1.52911557052e-05
8.38139961197e-10	-3.18724964927e-05
8.48487368125e-10	-4.54500125215e-05
8.58834775053e-10	-5.11976850248e-05
8.69182181982e-10	-4.59611005681e-05
8.7952958891e-10	-2.97509475331e-05
8.89876995838e-10	-6.12181747783e-06
9.00224402767e-10	1.87896062016e-05
9.10571809695e-10	3.83144374609e-05
9.20919216623e-10	4.76307500321e-05
9.31266623552e-10	4.52743220194e-05
9.4161403048e-10	3.34430935709e-05
9.51961437408e-10	1.67938178492e-05
9.62308844337e-10	5.61735536309e-07
9.72656251265e-10	-1.12191399353e-05
9.83003658193e-10	-1.67867818845e-05
9.93351065122e-10	-1.66125214491e-05
1.00369847205e-09	-1.2648281654e-05
1.01404587898e-09	-7.2980400887e-06
1.02439328591e-09	-2.47188960145e-06
1.03474069284e-09	7.68954031116e-07
1.04508809976e-09	2.2586120707e-06
1.05543550669e-09	2.41142384994e-06
1.06578291362e-09	1.83153460398e-06
1.07613032055e-09	1.0589311259e-06
1.08647772748e-09	4.34850640829e-07
1.09682513441e-09	5.78953138763e-08
1.10717254133e-09	-9.12000199804e-08
1.11751994826e-09	-8.12368807779e-08
1.12786735519e-09	-1.46588128302e-08
1.13821476212e-09	5.84829162875e-08
1.14856216905e-09	1.21518906049e-07
1.15890957598e-09	1.52416888888e-07
1.1692569829e-09	1.63334836323e-07
1.17960438983e-09	1.62860708919e-07
1.18995179676e-09	1.5426776212e-07
1.20029920369e-09	1.5165568179e-07
1.21064661062e-09	1.5335617487e-07
1.22099401755e-09	1.50854390313e-07
1.23134142447e-09	1.33566354421e-07
1.2416888314e-09	1.32626761129e-07
1.25203623833e-09	1.23723427059e-07
1.26238364526e-09	1.25276913288e-07
1.27273105219e-09	1.22267437952e-07
1.28307845912e-09	1.22246174072e-07
1.29342586604e-09	1.18058149035e-07
1.30377327297e-09	1.19164303314e-07
1.3141206799e-09	1.226334847e-07
1.32446808683e-09	1.26094121811e-07
1.33481549376e-09	1.19579596891e-07
1.34516290069e-09	1.04950977686e-07
1.35551030761e-09	8.34581728171e-08
1.36585771454e-09	6.63403993961e-08
1.37620512147e-09	6.17230426769e-08
1.3865525284e-09	7.09716538871e-08
1.39689993533e-09	9.3038772242e-08
1.40724734226e-09	1.21082332605e-07
1.41759474918e-09	1.41909565876e-07
1.42794215611e-09	1.51397817838e-07
1.43828956304e-09	1.4528310377e-07
1.44863696997e-09	1.21292242028e-07
1.4589843769e-09	8.84835880122e-08
1.46933178383e-09	4.8707782252e-08
1.47967919075e-09	2.085000117e-08
1.49002659768e-09	1.0205237766e-08
1.50037400461e-09	2.36634312145e-08
1.51072141154e-09	5.32268238373e-08
1.52106881847e-09	8.7567126883e-08
1.5314162254e-09	1.15412937873e-07
1.54176363232e-09	1.25792459116e-07
1.55211103925e-09	1.22139153902e-07
1.56245844618e-09	1.05633967351e-07
1.57280585311e-09	8.59291597877e-08
1.58315326004e-09	7.02782014805e-08
1.59350066697e-09	5.96071032533e-08
1.60384807389e-09	5.96403775255e-08
1.61419548082e-09	6.8880035009e-08
1.62454288775e-09	8.11123026523e-08
1.63489029468e-09	9.35337736152e-08
1.64523770161e-09	1.01929645169e-07
1.65558510854e-09	1.01675083464e-07
1.66593251546e-09	9.81658168087e-08
1.67627992239e-09	9.43945117626e-08
1.68662732932e-09	9.09183923703e-08
1.69697473625e-09	8.93105931432e-08
1.70732214318e-09	8.72540621977e-08
1.71766955011e-09	8.45941383609e-08
1.72801695703e-09	8.44541525602e-08
1.73836436396e-09	8.62839466542e-08
1.74871177089e-09	8.79668204945e-08
1.75905917782e-09	8.9164865269e-08
1.76940658475e-09	9.01778696161e-08
1.77975399168e-09	9.00447747476e-08
1.7901013986e-09	8.87112934223e-08
1.80044880553e-09	8.86748892093e-08
1.81079621246e-09	9.03111767592e-08
1.82114361939e-09	9.10894732975e-08
1.83149102632e-09	9.14949831454e-08
1.84183843325e-09	9.13925441992e-08
1.85218584018e-09	9.04475867536e-08
1.8625332471e-09	9.21011480415e-08
1.87288065403e-09	9.32747212801e-08
1.88322806096e-09	9.4031057607e-08
1.89357546789e-09	9.45790912255e-08
1.90392287482e-09	9.28791275001e-08
1.91427028175e-09	9.43289490962e-08
1.92461768867e-09	9.48742657769e-08
1.9349650956e-09	9.75645413348e-08
1.94531250253e-09	9.86314354634e-08
1.95565990946e-09	9.81858585547e-08
1.96600731639e-09	9.73514415747e-08
1.97635472332e-09	9.64170663309e-08
1.98670213024e-09	9.75164189398e-08
1.99704953717e-09	9.89176394128e-08
2.0073969441e-09	9.92113253773e-08
2.01774435103e-09	9.87319443979e-08
2.02809175796e-09	9.68910525145e-08
2.03843916489e-09	9.65201891745e-08
2.04878657181e-09	9.58308357113e-08
2.05913397874e-09	9.65261044428e-08
2.06948138567e-09	9.66586517492e-08
2.0798287926e-09	9.51324707898e-08
2.09017619953e-09	9.42911650981e-08
2.10052360646e-09	9.28321943761e-08
2.11087101338e-09	9.32708612567e-08
2.12121842031e-09	9.44203968345e-08
2.13156582724e-09	9.40861353271e-08
2.14191323417e-09	9.40888416068e-08
2.1522606411e-09	9.29507590897e-08
2.16260804803e-09	9.24587952866e-08
2.17295545495e-09	9.41207236593e-08
2.18330286188e-09	9.44217175558e-08
2.19365026881e-09	9.41088655892e-08
2.20399767574e-09	9.39536013433e-08
2.21434508267e-09	9.16952105356e-08
2.2246924896e-09	9.16404703233e-08
2.23503989652e-09	9.35394295354e-08
2.24538730345e-09	9.30981718383e-08
2.25573471038e-09	9.37692874459e-08
2.26608211731e-09	9.4178601806e-08
2.27642952424e-09	9.25369558757e-08
2.28677693117e-09	9.35099446764e-08
2.29712433809e-09	9.53424139638e-08
2.30747174502e-09	9.54671683928e-08
