% time-domain current integration by openEMS v0.0.36-93-g7b9cd51 @Tue Sep  8 09:10:23 2026
% start-coordinates: (-0.02525,-0.00202831,0.001397) m -> [59,52,32]
% stop-coordinates: (-0.02525,0.00177885,0.001524) m -> [59,69,33]
% t/s	current
1.66893660135e-13	0
1.05143005885e-11	3.28554440598e-11
2.08617075168e-11	4.88130602605e-09
3.12091144452e-11	1.48720422644e-08
4.15565213735e-11	3.26960254426e-08
5.19039283019e-11	5.7409128118e-08
6.22513352302e-11	8.09263838164e-08
7.25987421586e-11	7.52432853801e-08
8.2946149087e-11	-9.06958508295e-09
9.32935560153e-11	-2.43256522481e-07
1.03640962944e-10	-6.95324160915e-07
1.13988369872e-10	-1.37729330163e-06
1.243357768e-10	-2.16904209083e-06
1.34683183729e-10	-2.74774470199e-06
1.45030590657e-10	-2.57672445514e-06
1.55377997585e-10	-1.01428770449e-06
1.65725404514e-10	2.42888609137e-06
1.76072811442e-10	7.73093506723e-06
1.8642021837e-10	1.40415486385e-05
1.96767625299e-10	1.96095279534e-05
2.07115032227e-10	2.21215286729e-05
2.17462439156e-10	1.94601961994e-05
2.27809846084e-10	1.06578090708e-05
2.38157253012e-10	-3.364024451e-06
2.48504659941e-10	-1.9688053726e-05
2.58852066869e-10	-3.41238992405e-05
2.69199473797e-10	-4.25754114985e-05
2.79546880726e-10	-4.25227626693e-05
2.89894287654e-10	-3.39779471688e-05
3.00241694582e-10	-1.9480859919e-05
3.10589101511e-10	-3.13764780913e-06
3.20936508439e-10	1.08631429612e-05
3.31283915367e-10	1.96152577701e-05
3.41631322296e-10	2.22120888793e-05
3.51978729224e-10	1.96354358195e-05
3.62326136152e-10	1.40130778163e-05
3.72673543081e-10	7.66437187849e-06
3.83020950009e-10	2.34272306443e-06
3.93368356938e-10	-1.10255348318e-06
4.03715763866e-10	-2.65306516667e-06
4.14063170794e-10	-2.80337440017e-06
4.24410577723e-10	-2.20113975047e-06
4.34757984651e-10	-1.38833343044e-06
4.45105391579e-10	-6.91245645612e-07
4.55452798508e-10	-2.31047835086e-07
4.65800205436e-10	5.2514939064e-09
4.76147612364e-10	8.76491341728e-08
4.86495019293e-10	8.94048284295e-08
4.96842426221e-10	6.25604457127e-08
5.07189833149e-10	3.46263107076e-08
5.17537240078e-10	1.53197596831e-08
5.27884647006e-10	4.9500896715e-09
5.38232053934e-10	1.29841393193e-09
5.48579460863e-10	1.43838541078e-09
5.58926867791e-10	1.1451198878e-09
5.6927427472e-10	5.27643539971e-10
5.79621681648e-10	2.81630246901e-10
5.89969088576e-10	6.95686397378e-10
6.00316495505e-10	1.84282189508e-09
6.10663902433e-10	3.74276432069e-09
6.21011309361e-10	5.55697443616e-09
6.3135871629e-10	5.96969362832e-09
6.41706123218e-10	3.64304963973e-09
6.52053530146e-10	-2.24474949739e-09
6.62400937075e-10	-1.11722338048e-08
6.72748344003e-10	-2.0527066269e-08
6.83095750931e-10	-2.59555790194e-08
6.9344315786e-10	-2.27580585488e-08
7.03790564788e-10	-7.90145993079e-09
7.14137971716e-10	1.60779194402e-08
7.24485378645e-10	3.9817884101e-08
7.34832785573e-10	4.7821593796e-08
7.45180192501e-10	2.35859314301e-08
7.5552759943e-10	-4.34446896236e-08
7.65875006358e-10	-1.48090606444e-07
7.76222413287e-10	-2.65301849822e-07
7.86569820215e-10	-3.5114717889e-07
7.96917227143e-10	-3.5494133499e-07
8.07264634072e-10	-2.37015143512e-07
8.17612041e-10	1.0640780701e-08
8.27959447928e-10	3.51487159378e-07
8.38306854857e-10	7.058151823e-07
8.48654261785e-10	9.70193127614e-07
8.59001668713e-10	1.05072604129e-06
8.69349075642e-10	8.98903977031e-07
8.7969648257e-10	5.3480346196e-07
8.90043889498e-10	4.6126455544e-08
9.00391296427e-10	-4.38015149484e-07
9.10738703355e-10	-7.90817409779e-07
9.21086110283e-10	-9.30715657432e-07
9.31433517212e-10	-8.45429326546e-07
9.4178092414e-10	-5.90653371546e-07
9.52128331069e-10	-2.62503363047e-07
9.62475737997e-10	3.91521766119e-08
9.72823144925e-10	2.4416448241e-07
9.83170551854e-10	3.27273738776e-07
9.93517958782e-10	3.053448836e-07
1.00386536571e-09	2.20063895995e-07
1.01421277264e-09	1.17292827895e-07
1.02456017957e-09	3.15563042363e-08
1.0349075865e-09	-2.12698818558e-08
1.04525499342e-09	-4.11260430155e-08
1.05560240035e-09	-3.81510503189e-08
1.06594980728e-09	-2.45260309839e-08
1.07629721421e-09	-9.85493020522e-09
1.08664462114e-09	5.24376098099e-10
1.09699202807e-09	5.55572254868e-09
1.10733943499e-09	6.51939924268e-09
1.11768684192e-09	5.25019672182e-09
1.12803424885e-09	3.32880967235e-09
1.13838165578e-09	1.86963489135e-09
1.14872906271e-09	1.03614772318e-09
1.15907646964e-09	6.30212326769e-10
1.16942387656e-09	6.17775608447e-10
1.17977128349e-09	7.11746495075e-10
1.19011869042e-09	7.86466503033e-10
1.20046609735e-09	9.0629909133e-10
1.21081350428e-09	9.16284437213e-10
1.22116091121e-09	8.88559170686e-10
1.23150831813e-09	1.08696496248e-09
1.24185572506e-09	1.05906727832e-09
1.25220313199e-09	1.228443125e-09
1.26255053892e-09	1.24008636693e-09
1.27289794585e-09	1.29644095459e-09
1.28324535278e-09	1.2926109072e-09
1.2935927597e-09	1.30662214382e-09
1.30394016663e-09	1.22787924273e-09
1.31428757356e-09	1.16654386151e-09
1.32463498049e-09	1.18422383011e-09
1.33498238742e-09	1.34274058539e-09
1.34532979435e-09	1.64652547152e-09
1.35567720127e-09	1.97459759654e-09
1.3660246082e-09	2.21360374475e-09
1.37637201513e-09	2.27431451449e-09
1.38671942206e-09	2.11623252255e-09
1.39706682899e-09	1.72226544137e-09
1.40741423592e-09	1.19706167201e-09
1.41776164284e-09	7.36537719703e-10
1.42810904977e-09	4.9499537802e-10
1.4384564567e-09	6.72879363339e-10
1.44880386363e-09	1.2600456234e-09
1.45915127056e-09	2.07178652012e-09
1.46949867749e-09	2.861271442e-09
1.47984608441e-09	3.33477778725e-09
1.49019349134e-09	3.39007866224e-09
1.50054089827e-09	3.00316571611e-09
1.5108883052e-09	2.40336150981e-09
1.52123571213e-09	1.75942538316e-09
1.53158311906e-09	1.30178168245e-09
1.54193052598e-09	1.15662224243e-09
1.55227793291e-09	1.31505073497e-09
1.56262533984e-09	1.68348768259e-09
1.57297274677e-09	2.11711070897e-09
1.5833201537e-09	2.43578046621e-09
1.59366756063e-09	2.56347321148e-09
1.60401496755e-09	2.48439313566e-09
1.61436237448e-09	2.25012275479e-09
1.62470978141e-09	1.99365235432e-09
1.63505718834e-09	1.80354053914e-09
1.64540459527e-09	1.69436198405e-09
1.6557520022e-09	1.67127678363e-09
1.66609940912e-09	1.72425296263e-09
1.67644681605e-09	1.78567605147e-09
1.68679422298e-09	1.84818071958e-09
1.69714162991e-09	1.91723970033e-09
1.70748903684e-09	1.96051730406e-09
1.71783644377e-09	1.97077310027e-09
1.72818385069e-09	1.94849825164e-09
1.73853125762e-09	1.90624471763e-09
1.74887866455e-09	1.88463866735e-09
1.75922607148e-09	1.89600579681e-09
1.76957347841e-09	1.91186622089e-09
1.77992088534e-09	1.91625404433e-09
1.79026829227e-09	1.90731697103e-09
1.80061569919e-09	1.8871697538e-09
1.81096310612e-09	1.88084658959e-09
1.82131051305e-09	1.89906601555e-09
1.83165791998e-09	1.9027250886e-09
1.84200532691e-09	1.8960411019e-09
1.85235273384e-09	1.88145543589e-09
1.86270014076e-09	1.84843229611e-09
1.87304754769e-09	1.84644610712e-09
1.88339495462e-09	1.84737758424e-09
1.89374236155e-09	1.85377035944e-09
1.90408976848e-09	1.85156112664e-09
1.91443717541e-09	1.83359083472e-09
1.92478458233e-09	1.82962345274e-09
1.93513198926e-09	1.81042691949e-09
1.94547939619e-09	1.82809356541e-09
1.95582680312e-09	1.81876691485e-09
1.96617421005e-09	1.83056880765e-09
1.97652161698e-09	1.82123105485e-09
1.9868690239e-09	1.8181981476e-09
1.99721643083e-09	1.83201986914e-09
2.00756383776e-09	1.84113002621e-09
2.01791124469e-09	1.86006399172e-09
2.02825865162e-09	1.85197945868e-09
2.03860605855e-09	1.84626713917e-09
2.04895346547e-09	1.83862858272e-09
2.0593008724e-09	1.85578175049e-09
2.06964827933e-09	1.85872672809e-09
2.07999568626e-09	1.8697461357e-09
2.09034309319e-09	1.85816140252e-09
2.10069050012e-09	1.84517678914e-09
2.11103790704e-09	1.84044701701e-09
2.12138531397e-09	1.82978754371e-09
2.1317327209e-09	1.84132065151e-09
2.14208012783e-09	1.83614989879e-09
2.15242753476e-09	1.82347748012e-09
2.16277494169e-09	1.81559778323e-09
2.17312234861e-09	1.80247372583e-09
2.18346975554e-09	1.81146675438e-09
2.19381716247e-09	1.82906456647e-09
2.2041645694e-09	1.82764103851e-09
2.21451197633e-09	1.8214403319e-09
2.22485938326e-09	1.81817594314e-09
2.23520679018e-09	1.80468384681e-09
2.24555419711e-09	1.80783832349e-09
2.25590160404e-09	1.82932180515e-09
2.26624901097e-09	1.8227829246e-09
2.2765964179e-09	1.81372628028e-09
2.28694382483e-09	1.81884940442e-09
2.29729123175e-09	1.81328130289e-09
2.30763863868e-09	1.81910198016e-09
